11731 18498 13688 5 5 5 
21 9193 18533 31 5896 23104 
1926 20 20 21 
28 17438 28 28 8 29 4778 4766 31 28 28 6 
21 8956 17535 6394 4 6103 9142 4 19822 4 1894 18498 15562 21596 2136 10273 7509 21 21 388 21 21 4 6103 22463 5767 18498 21355 15424 21596 349 6103 9707 4 18498 871 16971 21596 14069 6103 4854 20402 14336 16852 5 12780 19900 4 20149 31 10192 7509 18470 23135 4854 8956 11454 20402 5127 14539 5 8956 20402 15678 21743 6103 4672 18498 15658 5652 21623 2727 5 5 5 21 
21 31 6340 20402 22463 19136 6103 5107 4 15658 6103 424 5 17477 4 15658 20402 22463 15955 417 16066 15658 1393 19522 5 23135 9743 16440 6981 20634 17382 7850 18470 7847 28 20402 17753 5 15678 12728 21371 20402 22823 6 23135 22773 4 9193 15658 17304 6256 6103 10982 16404 1612 18498 15658 22318 7855 5 28 28 6103 28 21 
8443 16440 22575 13359 20 20 16468 20 
21 13055 18498 11462 20402 1247 7509 28 5 5 5 8 29 
19822 7509 28 28 6 
8956 12979 8995 6641 5 5 5 27 
21 10273 23431 4 9193 8995 7850 3488 6103 7850 15220 15658 20402 4 8443 8995 22657 20 27 21 
21 26 22 20539 0 28 4 28 4 28 5 21 
15855 15678 18498 9193 288 1614 5 5 5 27 8 29 
21 28 4 20402 23135 0 27 21 
21 11560 6 23273 5 28 5 4766 26 0 22615 30 26 31 26 30 26 
15678 21 
8 29 
21 15637 3058 4 288 18498 14514 22463 28 17438 1612 23222 6103 28 5 15138 3058 20 21596 13909 26 15803 18498 23222 9193 22657 31 19699 5 5 5 27 21 
1614 7850 3962 7509 14604 1114 20 
21 733 4 18498 13512 5 21793 10447 7509 4380 7914 26 26 20 18498 6324 20 27 21 
1614 7850 3962 7509 7544 20 
21 9193 1027 15138 31 28 4 2702 6 21 
29 31 1393 19426 20 27 
18498 10151 8956 26 6103 28 7509 28 20 
21 9193 19900 18498 15678 15190 10855 4 18498 31 4672 23016 7730 21371 17304 23151 5 5 5 21 
21 871 16971 288 18498 17304 8406 7730 19969 6103 9193 22942 18476 2727 8386 5 22463 7127 7847 20149 21187 1393 8147 31 17478 9769 5 
28 28 21 
14604 28 23151 1393 15558 20 24 30 
21 10855 15678 15190 4 19630 5 5 5 
28 8678 4179 17438 13539 4179 
21894 20402 18525 15658 19900 12620 5 5 5 21 
22318 1027 15138 5 
21 21 21 16192 20402 8564 4 7730 15678 8564 20402 20463 5 5 5 21 21 21 

