6103 23151 31 20402 28 6256 16404 22126 16971 15138 18892 7914 28 16971 7730 28 5 18498 16689 18498 201 20 
27 
20402 18498 31 28 12780 598 0 20402 4524 15658 20402 20 
9743 20357 5 5 5 
3058 6329 20 
21793 21596 15678 7277 6103 8637 5 28 20 20 20 20 
21 26 26 26 4 2384 20 21 
21596 15138 15995 18498 15576 16587 21596 22463 22516 4766 21340 19290 5 
21 20402 18498 12861 9431 15678 17458 6103 21389 17877 15926 7850 14600 6103 20402 28 5 20402 14309 10828 0 16615 0 
31 3450 15604 23515 31 11685 7509 23135 20402 20149 15061 13909 13512 7509 18498 15643 20 7102 9193 15995 6103 22463 15704 22385 13886 6103 9193 4417 5 
21 31 12408 16404 12333 7850 28 7509 28 4 16404 15678 20207 20262 6103 29 4 8995 155 6103 29 6103 153 6103 29 31 29 6103 13903 6103 29 21 
21 11462 4886 22310 1249 6103 12477 9774 6103 7804 4 4509 7730 21480 6103 20402 28 4 23192 28 5 
10959 6103 662 1393 14604 4697 6103 21932 28 28 4 28 28 4 28 28 28 4 28 3606 4 28 28 4 28 28 4 28 28 4 28 1421 7509 28 4 28 28 4 28 28 28 4 28 28 4 28 28 4 28 4 28 28 4 28 28 7509 28 4 28 13270 4 28 28 28 28 4 26 28 5 
10959 6103 662 7914 8810 1393 14604 4697 6103 21932 28 28 17438 5108 7914 14604 21932 7730 155 17517 16404 5004 14604 17962 6103 16967 1393 21932 18779 15459 12476 5 
662 740 31 21793 15678 14604 4697 4491 1614 7730 1393 16083 15658 4491 16673 4840 6075 22310 1249 4 18498 20663 31 9193 23067 4 20402 7914 20931 13907 17508 5 
15708 5 21 
28 28 5 
21 26 26 26 20 
10648 20 20 20 20 20 20 
27 
20402 2727 17438 2371 5 5 5 
15678 22765 17287 5 5 5 
7850 9971 5 5 5 21793 18533 15678 17304 20 
20402 2727 17438 2371 5 5 5 
8995 16784 5 18339 18498 16404 5 
27 
1394 4289 20 
23104 15678 28 20 
21 7914 28 4 28 4 29 5 21 
8995 9847 20 20 20149 5590 15678 2818 16647 7730 20149 9901 5 5 5 
21 18498 15286 3058 20 
4796 9901 9808 4766 8956 15588 20 
21 20420 22385 3058 20149 12861 349 4 9193 5 5 5 15658 349 7730 18070 15658 12780 349 5 5 5 21 
472 8956 1235 20 
14604 21083 11341 5 
27 
21 12780 6070 0 
3058 20 
18339 18498 16404 20 14604 7251 21282 12780 16404 5614 20 
21 4796 15678 1753 6990 3718 20402 14149 5 31 13031 6103 17021 7730 22265 20402 15138 3058 5 
18498 9678 18498 15671 9743 15658 14604 1097 28 28 28 28 7 28 28 7 28 28 7 28 7509 28 7 28 28 28 22699 7 20126 6981 23523 5 
21 28 4 20060 10547 30 29 5 21 
21 22463 23570 26 16404 26 26 5 
26 26 26 20 
21 26 22 20539 6070 20 
26 22 20539 26 20 
21 8956 6097 9743 21551 15658 28 28 4 28 28 7730 28 28 21 
21 15678 14425 17950 6103 21793 15678 21551 20 
21 14604 20825 6103 5298 20 20 20 
28 29 4 5464 7730 5 5 22840 20 20 20 21 
21 16404 15678 18729 6103 5037 20 
5037 28 20 
21 4796 12780 20463 16404 0 
10548 20 20 20 20 20 20 20 20 20 20 20 
21 201 6103 6592 18498 31 28 8995 14335 8254 6670 15678 4785 6103 29 5 9010 8057 8995 14335 4623 21793 15678 28 22463 16137 6103 28 18498 9193 15643 22602 5 
6592 31 20794 15459 26 5 
21 8956 15108 20402 6329 20 20 20 
11685 7509 23135 20402 
21 4796 26 20 4796 20 
9193 20 20 20 20 
29 5 5 5 
21 11560 6 28 5 28 5 4766 5 3148 17476 15588 5037 7789 5037 28 20879 630 29 29 5 11559 
16404 18525 740 15658 19900 5 5 5 21 
21 11561 6 23273 5 28 5 4766 26 0 22615 29 30 30 7730 
15678 18498 18784 20402 20463 0 21 
22463 7509 14426 4672 7509 15190 5 5 5 16066 18494 5 5 
8995 9901 3058 7850 10279 20 26 26 20 
21 5590 20 20 20 20 21282 2136 7127 29 29 20 20 20 20 20 28 3633 20402 28 20 
8995 155 31 12408 16404 31 8814 7914 10828 7914 21480 7509 12301 7509 28 5942 11046 7730 6103 18471 20 20 
28 
28 
28 
28 
21 4796 21596 3790 6103 16553 15458 22942 5 5 5 
7102 21596 5474 15678 17297 16404 20931 9867 6103 29 1249 18498 21282 21596 31 7894 7509 17287 5 18498 21340 0 
21 1393 12578 20 22463 23570 15941 20 
8995 18533 22463 6981 5 
8995 18533 10548 20 20 20 
15215 7730 9145 4139 5 
288 18498 15671 21596 9620 22463 17556 6103 16537 16404 8100 15678 17877 12216 31 9193 18191 5896 5 560 21793 5896 21596 4672 3058 7730 19854 5 23104 15678 28 20 20 20 
21 20402 12094 4796 8956 15108 5219 794 11051 22385 16816 5 
288 7850 9193 4672 5 13325 6981 28 28 0 
15678 17877 7509 15576 16587 20402 13909 20699 7509 18498 17382 5 31 17380 20149 412 31 20709 5 22463 16689 15658 28 28 28 6103 14418 0 
22942 6103 3439 20 
21 26 26 26 5 26 22 20539 10907 28 28 0 
3058 7157 28 28 
15678 22765 16494 5 5 5 2136 18476 5 5 5 
16323 1393 19972 20402 28 5 2725 20 
20144 
21 17438 7509 20749 7914 28 4 20879 5 21 
21 26 22 20539 6070 20 
13325 6981 28 28 28 0 
21 15678 19169 7509 6070 7730 7509 15286 20 
21 24 20 20 20 20472 20 20 20 20 
21 16323 31 13054 28 28 6103 28 28 4 7509 29 22695 7509 9738 18449 6103 20402 28 5 9901 9808 18498 740 9387 13004 18498 18784 19456 31 13301 7730 15671 4419 5 
9901 6103 15855 20 
21 238 31 16971 4796 7847 20402 20 21412 7188 15658 5 5 5 
21 18962 20402 23104 20 20 15036 6103 14378 6981 15609 20 20 
21 12255 15036 28 4 9193 15678 4276 20402 9172 4 17836 16404 18525 5741 1936 21793 15678 28 20 20 21 
29 5 5 
21 9010 16172 14335 4229 31 2031 4 22822 20 20 20 
17438 22463 13131 4 472 31 5763 7730 31 10211 6103 9462 22602 16673 970 7509 28 18498 8995 9450 9010 3929 7850 3633 6103 20402 28 5 
8423 4 6103 16083 13131 4 9901 22223 4 17324 14539 1603 22463 20441 18449 7509 13909 951 8597 4 15678 17753 7509 19404 4 21596 20402 8044 7730 1959 20463 3858 4 740 1920 4 9387 18548 18498 9193 19262 31 21340 19094 5 21 
21 7730 18476 22463 17478 20149 9769 4 18281 31 12899 20 20 20 15963 3031 5 5 5 27 
21 26 7509 26 26 20402 26 23247 0 
21 22463 15286 16404 827 31 20931 15533 20 
368 7850 5758 20 20 20 
21 22463 15286 16404 827 31 20931 15533 20 
21 15924 26 26 20 20 20 
21 14604 16323 31 21793 15671 4 10474 18449 4 18498 9193 6184 4 9743 18069 4 8840 1271 16673 10575 4 19522 7730 1614 8995 4788 15678 15576 7127 29 6103 16086 5 7127 7509 10474 18449 5 6564 5 5 5 136 
28 26 4 28 28 28 4 28 28 4 28 10088 28 4 28 28 18374 4 28 28 4 28 28 4 28 28 4 28 28 28 4 28 28 28 4 28 28 28 6103 14418 4 28 13800 5 2372 5 6103 28 4 28 28 28 28 4 28 28 4 28 28 4 28 28 4 28 28 4 28 28 28 22699 4 28 28 4 28 3606 4 28 1421 7509 28 4 7589 20306 4 28 28 4 28 28 4 28 19415 4 28 28 4 28 28 28 4 28 28 7509 28 4 28 28 4 28 28 28 4 28 5963 4 28 28 4 28 28 28 4 28 26 7509 28 4 28 28 28 21 
21 15658 5018 4766 15678 17635 5371 31 19143 7509 28 18498 21596 20402 9790 7850 19415 20699 5 
16404 6103 5891 15678 16083 20 20 20 5891 31 20500 14539 4 18498 21340 5 5 5 21 
8995 18533 10548 20 20 20 20 20 18525 15658 18533 5 5 5 
21 871 7509 9193 14736 18498 4696 6670 15678 14604 29 1249 5 31 13907 6281 20402 8593 29 6 29 4 20007 871 9336 5 3962 873 21596 12578 7914 22240 16066 4854 12301 20670 9224 6103 26 16066 14864 5 21 
17229 20463 20634 20 20 20 16404 18498 6408 15658 349 866 20256 5 5 5 5 
21 1393 13688 6103 22318 5 5 5 
5037 28 20 20 20 20 23206 22640 6103 22318 
20402 18263 15459 20205 4 29 6103 16086 4 15678 7789 7509 15604 5037 7509 28 4 31 8057 6103 21480 7730 12301 7509 17800 20699 4 18498 22126 29 5 29 22640 16404 31 10220 6103 3454 19418 5 
31 12408 21596 12760 1393 29 6103 11462 7730 20202 2136 15678 7127 29 6103 15612 5 15988 16673 12477 28 4 31 20237 7349 15678 10232 6103 16431 7850 26 23273 5 28 5 15983 5 3148 5 31 21440 20402 6103 18610 29 16404 17509 6103 15669 15260 7730 6103 18610 29 16404 31 18498 19410 8361 21121 5 16630 6103 12842 20402 18876 2136 29 6103 15612 5 21 
13055 18498 15678 7127 7509 5758 8995 4289 5 5 5 6256 9193 13325 15678 21551 18498 9193 740 10648 17737 7850 7127 7509 5758 5 5 5 27 
16404 3058 8385 5 5 5 14336 16192 2631 5 5 5 27 
21 28 28 26 29 5 5 5 
21 7730 16404 22463 9971 6103 15533 5 5 5 15299 14425 18498 28 26 
21 16404 15678 12578 6 5037 16404 23206 3858 4 12027 6103 22318 5 
31 10483 3962 4145 6103 2022 20715 1393 468 4 7914 20402 28 4 155 15459 20205 29 31 12408 7509 5037 18449 16404 29 5 29 22640 7730 10220 6103 3454 6103 19418 7914 3858 6103 15669 10476 4 15260 7730 21121 5 15678 20015 12780 6103 18610 29 31 18610 29 5 29 4 29 5 
7850 26 7509 4211 4 20402 17521 22805 15678 7789 21 
21 16689 18498 31 23180 7509 28 21596 15128 21389 9193 23575 1249 5 
21 1920 9901 7188 15127 5 5 5 5 16673 14466 31 5947 17605 5 5 5 
21 1393 12578 6 
12408 6 6103 29 31 29 6103 16086 
31 17377 9774 7480 7789 6103 5037 18449 16404 29 22640 6103 630 6103 17377 9774 5 15678 20015 20402 6103 18610 29 5 29 4 29 5 
7850 26 7509 28 22478 4 20402 17521 22805 15678 7789 5 
12408 6 6103 29 31 29 6103 16086 21 
21 288 18498 8995 9901 22765 5 5 5 16393 18498 20402 15908 8956 86 5 4289 7914 3962 7509 8632 16404 1937 5 5 15658 16784 15425 3784 5 
20402 2727 1920 5 5 5 5 
21 15658 9901 8382 20 20 20 6070 5 5 5 
16404 15678 12578 5 
21 16404 15678 12578 6 
15678 22181 6103 13048 7509 8995 6103 20402 28 155 15459 18486 29 31 12408 7509 5037 16404 29 22640 6103 8677 22386 13000 5 15678 20015 20402 6103 18610 29 5 29 4 29 5 
13905 12301 6 11560 6 23273 5 28 5 4766 5 3148 28 29 21 
21 15286 3058 20402 8956 5 5 5 
21 15603 5 5 5 
21 26 26 5 5 5 26 5 5 5 
9193 4766 28 28 28 7730 28 26 7509 28 
15658 5219 11051 31 13375 6103 12939 15425 19703 5 5 5 
21 22463 15286 16404 19224 5 5 5 
21 7730 22463 15286 16404 19224 6 
21 11561 6 23273 5 28 5 4766 26 0 22615 30 29 30 
1614 8995 15678 14604 9956 7509 28 5 8147 15678 20463 7914 11561 6 28 5 4766 26 28 11617 29 
21 22463 11020 15609 5 15138 3058 20 

