27 
14425 18352 26 26 
565 18498 8956 21662 20402 29 17629 6 
22612 
14425 19525 5 
7127 6103 19589 15678 16399 11578 7730 3688 5 
13055 21776 2136 20931 10405 
28 19668 20149 19822 14604 4122 12780 349 9312 12861 27 
18476 15678 20313 15658 20402 22385 20313 1920 5 
16673 14466 9193 15658 12780 17629 5320 9193 6193 26 
5947 31 3232 7509 12899 5 
28 19668 
9601 6408 6981 5 
21 11561 6 23273 5 28 5 4766 26 0 22615 30 15658 29 29 13800 
28 26 4 14604 5528 15658 26 21389 26 1920 5 5 5 21 
5762 4766 28 5 4766 26 
28 21793 10175 7850 20743 5 5 5 
21 6361 17872 17525 4 9193 8995 2371 5 3633 26 29 7730 15678 14823 28 11680 31 18471 7509 10273 7730 15678 7558 16209 7850 10484 5 21 
21 15138 1097 13055 21623 16066 28 31 21623 22463 10999 4 7730 9193 1614 18931 22327 7509 23394 5 20402 18498 654 12780 0 29 29 29 21 
20670 15678 9975 6103 28 
8995 16429 7509 20856 7509 13184 6 
21 8995 2118 6 23166 1652 5 
21 23 
21 21 21 20244 7594 4 15658 9387 10901 21 21 
21 28 28 28 13076 13978 28 28 28 28 28 30 28 26 
21 11561 6 23273 5 28 5 4766 26 0 22615 14309 29 29 29 29 
28 28 28 28 21 
13076 13978 28 28 27 
21 4289 20 20 20 20 20 20 20 20 20 20 20 20 20 20 
21 
21 27 
30 13092 20 14514 20 
21 13076 13978 28 28 28 28 26 28 28 28 28 28 28 
7491 18498 7847 12780 21596 12557 12758 4766 15678 28 16633 7509 26 27 
27 12780 20402 21743 1920 2136 29 6103 16086 30 
26 
21 20244 4795 5 5 5 
27 21 
28 28 26 28 28 28 13076 13978 28 28 28 28 28 28 28 
21 23570 16454 7850 3643 6981 3790 6103 
21 28 28 28 13076 13978 28 
27 21 
21 13076 13978 28 28 28 28 4 28 28 26 28 28 
3733 6103 28 17872 10765 27 21 
21 15128 14604 26 7850 27 17872 26 28 3148 7914 29 4 29 4 29 5 5 5 
22657 1114 24 21 
21 13076 13978 28 28 28 28 28 26 28 28 28 
27 
21 29 6 29 23 23 23 
27 
21 26 
21 28 28 
21 28 13076 28 28 28 28 
26 26 26 28 26 20 
21 6103 3058 1614 4 12960 22463 28 5 5 5 21 
21 20402 18784 15138 13278 18476 15658 21252 4384 31 8208 3510 4 15678 14865 1400 7730 6361 13909 6103 29 17872 23151 30 21 
21 4766 7277 31 26 26 20 28 28 4 13076 28 4 28 28 21 
21 18525 18533 12960 26 15803 26 17438 9721 22564 8956 13543 17872 5762 31 5320 7730 14335 753 31 6256 6103 17297 27 
27 10473 20 841 12787 20 27 
27 20402 9312 1920 
27 8995 2727 1920 14539 
27 
27 
21 13654 
21 27 
21 28 4 1271 2371 0 27 21 
26 20 
25 5 5 5 
13055 20402 6103 20149 8840 27 
21 27 28 28 4 28 28 28 21 
8956 28 8995 3289 16066 20402 11891 9193 0 15678 15678 
9547 14260 20 
13909 22463 15604 3664 7279 7509 22951 27 
21 26 15658 
13949 28 13923 17511 22805 20463 15106 4 654 12780 21596 18498 16721 15637 3733 5 5 5 21 
27 
21 16971 18498 17525 4795 7730 1400 815 7914 20202 9743 23135 20149 20357 22463 19535 9594 21282 7850 26 4 17438 18498 23135 9743 12861 0 0 0 0 0 21 
21 27 23104 8956 20644 2126 4 13949 30 12277 13923 17511 22805 20931 11518 6103 26 5 21 
26 6103 26 26 20 27 15658 20402 15658 28 28 0 
21 23151 31 22564 15678 28 
18594 6103 22897 7509 28 4 26 8995 22463 3119 7730 15678 3790 7509 26 22240 6103 26 21793 20247 4 1920 15658 7509 15658 20402 5 9901 21282 7850 28 6103 22897 7914 18476 7730 9130 4 4185 4482 2371 12780 9193 20 21 
25 
9707 
21 21842 20402 22463 4672 4 9636 13055 20402 7544 4 21596 10765 1614 13405 10523 22385 31 21267 18498 18339 18498 16404 4 12780 20149 22092 7730 1540 18498 20463 21726 20402 21282 13909 22463 7850 15190 18498 15658 12780 22318 9743 19671 15424 13909 12534 17438 10648 871 4672 5 
1575 15678 14924 5474 28 28 4 28 16971 4 28 28 3993 7730 18525 13909 18533 17872 12960 22463 26 15604 6103 28 4 22463 26 18722 2727 2389 15894 12960 15678 28 3643 28 7509 28 4 21371 18930 
27 
27 
13076 13978 27 
27 
3472 31 11729 6981 14174 0 
31 29 20402 23522 27 
654 8995 9431 27 
21 753 22463 1097 4 1937 2371 10765 30 21 
21 21 21 2373 7670 30 21 21 21 
21 3807 4 8956 11729 20402 7205 6103 22463 26 6103 22385 10131 5 5 21 
28 28 15678 
15643 20402 20 
4796 21793 20244 17635 27 
27 
21394 7850 3790 7509 20709 27 
16784 21551 16066 1614 16066 7850 14724 28 5 5 
26 26 20 
21 16098 15678 15604 23489 7509 26 20 
23166 19691 6103 1652 
21 15424 12780 14156 4179 16971 1614 4 17458 20149 7847 22805 12780 19900 18498 20402 17872 7847 27 21 
21 21810 4 18525 19900 2136 13761 13055 15658 4913 15678 28 16066 19822 15678 7509 13076 13978 27 21 
9193 20402 31 9954 13909 22782 7509 28 22765 20 24 
7850 14924 9193 19814 20149 19525 15458 11729 30 
20126 7509 28 30 
7730 4766 21389 11876 7180 12780 21596 27 
6141 30 28 
3807 18625 654 27 
21 27 28 28 4 23104 8956 9692 0 21 
21 9193 18533 6 
30 
30 
23274 22463 4945 18498 19745 28 29 21 
28 
21 26 15803 28 10131 6329 4 288 18498 12780 12960 6103 15604 17872 22805 20149 16647 31 1691 6103 29 6103 17413 21 
21 28 4 12861 7102 349 15138 4766 23135 15658 20402 0 27 21 
21 9707 27 4945 22765 20402 10131 4 21355 6073 22463 29 1249 9193 5219 19745 26 21 
14256 7850 22767 7509 13759 30 
20402 9312 1920 18476 14335 6396 4766 15678 29 4756 30 
21 28 16971 4 28 28 3170 4 15658 19900 20149 13055 8995 19900 4 9193 13325 6103 23135 18476 13359 30 
27 
27 18498 7645 16784 12861 
28 
16169 12330 27 
654 20539 30 
27 4796 9743 
23 27 18625 1614 
27 
21282 15658 20402 17106 18498 5795 9653 27 
27 4346 1614 
28 28 27 20463 11443 
27 
4796 15678 28 30 18625 27 
9312 1920 27 
27 20149 16784 22463 10131 
27 
28 28 28 30 
13909 10131 18498 12861 21282 31 4711 6103 26 30 
27 30 
28 18610 5 13800 5 16179 27 

27 12780 26 
8840 18498 8956 3790 9901 9171 7850 17326 8443 
27 5 5 5 
26 20 
27 9193 19698 1937 8956 14307 
4369 28 6 
3807 20149 7850 22861 15558 9193 13055 21776 22938 11731 20149 13185 8956 0 24 
27 31 16836 13909 21570 6103 22463 8429 6103 8051 30 
21 27 18625 1614 
27 17106 18498 20402 1920 14539 
6184 1393 28 18610 5 13800 5 16179 
27 15855 9193 2371 7850 18069 6103 28 30 
4676 
21 17438 12861 18498 20402 10546 6318 5 19671 7509 28 4 20202 15678 9365 5 
27 18625 30 
27 
27 31 21810 7102 21596 20402 12454 18494 7850 21674 17872 8995 10473 6981 12939 
21 18525 22318 4730 15458 0 28 18610 5 13800 5 16179 
29 15894 8995 20463 4122 0 11139 15637 10713 7509 18487 4 7730 7180 19969 6103 7850 4 4122 17872 9193 20402 21916 7341 
29 7730 15678 31 15311 31 0 7850 21631 7509 15643 4 7509 13131 6103 15894 15678 28 16784 31 3124 5 5 5 
29 5518 7509 3388 0 3986 8713 4 20149 2727 18498 14802 7847 8995 15128 17872 22463 21806 13909 4524 4 8995 18494 5518 4331 27 21776 16784 14417 
29 15678 18498 13909 10959 6103 9743 0 12960 22951 
29 15678 18498 23135 20825 7850 15533 16468 0 288 18498 15658 20825 15533 16468 4 15658 5219 7599 7277 4 9193 7850 15533 19562 20825 18498 21438 4730 26 7850 3790 7730 6408 4809 31 20825 21371 18498 21438 10447 6103 22463 23469 15226 7509 18740 4 7730 20402 15138 21570 
29 15894 23135 8995 0 7850 9193 3962 
29 15894 23135 10959 6103 8995 654 0 1614 13055 8995 3058 5 5 
29 15678 18498 23135 15658 20402 0 20348 
29 31 23575 4672 18498 23135 9743 0 14265 22463 16888 1614 7850 19972 4 24 26 
29 15678 18498 23135 8995 22564 0 17055 
29 20463 2818 6103 9042 0 22463 3716 2720 18498 8995 9743 11518 9500 7850 21631 
29 18476 4346 16673 23575 22897 0 15424 13325 27 
29 18498 11518 20402 654 0 29 6 29 
29 8637 29 1097 16404 9743 15678 14539 6 18525 18533 21 
21 5518 6 17790 
21726 6 20402 28 
15344 6 29 29 29 
4796 6 4372 
23221 6 22951 7730 15286 
1450 6 26 4 288 18498 21282 28 
23539 20539 6 15855 7850 14604 16822 11518 17667 26 26 
4443 16066 9867 6 14667 22898 4443 
10433 6 14041 
4501 31 6 15658 
2685 6 21026 15355 16066 15658 6103 14041 4 14136 4 13195 4 18390 9170 
22463 15677 6 29 
29 16971 18498 20357 20126 6 15502 27 4 14487 4 28 28 3993 4 28 10192 17076 4 28 28 4 28 16971 7730 16083 26 7509 28 6103 28 4 20126 6103 22257 15678 10554 7730 15678 22886 27 
22463 6086 18498 14156 6 15425 5 5 
15790 6 16971 20244 16925 6103 22942 7730 18498 15658 16721 7850 10530 4 7730 10526 
1114 16066 1103 6 1103 
4629 16066 28 6 4629 4 16066 28 13195 
134 16066 20853 6 20853 4 17658 14096 7419 5 5 
29 16971 16404 9743 12861 6 733 9743 18525 18533 21776 4766 17667 21 
21 18525 14335 18443 15458 6 28 18610 5 13800 5 16179 30 
29 4672 20670 9193 6 
29 22463 2510 6 28 30 
29 22463 14307 6 28 
29 22463 20352 6 21981 
29 22463 1229 6 4623 
29 22463 6717 6 4077 7509 7629 
29 22463 9009 6 16077 
29 22463 15286 6 28 
29 22463 9956 6 26 28 
29 22463 3711 6 15499 28 
29 22463 3711 6 28 27 21394 4 26 28 
29 22463 1248 6 26 26 5 5 5 0 
29 22463 15677 6 29 
29 22463 4796 6 4372 
29 22310 28 6 31 2372 7730 23135 23 
29 22463 7623 6 4331 14336 1040 
29 22463 1114 6 22951 30 
29 22463 13591 6 15678 16753 18165 14156 9193 12319 
29 22463 14156 6 28 
29 22463 2076 6 26 28 
29 22463 2107 6 22463 28 
29 22463 11538 6 26 5 5 5 29 6 29 27 
29 22463 6086 18498 23135 9010 8840 6 29 29 28 23469 20 
29 22463 10343 6 21 21 15678 20634 20402 10131 21 21 
29 1097 16404 19474 8956 29 18553 6 28 28 28 4 28 28 4 13076 13978 4 28 10192 17076 4 28 28 3993 4 28 28 7730 28 28 28 5 19474 21 
21 13055 18498 9193 15658 7573 31 10268 4 9901 4766 31 17326 14539 30 21 
21 14335 6075 6 28 
5174 871 31 6 20539 4 7558 17872 9594 31 22821 
13055 2700 871 6 15658 
15311 871 6 15658 
10959 6103 871 6 20539 4 10959 7509 7558 
20738 17438 871 6 15658 
18525 5947 10648 22463 15540 21 
13055 3411 21389 2154 17438 4060 7509 9760 6103 26 27 
21 18498 28 18498 15299 4 9193 12780 20402 17872 13131 15416 7509 10268 4 28 28 7850 22753 30 21 
29 17973 5 10910 28 23469 24 
21 30 19722 26 22861 28 30 
21 30 19722 26 20 
21 27 
21 11560 6 15882 5 28 5 4766 5 3148 28 10628 26 10628 26 29 12145 22772 
26 29 15658 10648 4796 10628 13909 703 0 0 0 4796 1920 0 21 
5762 16822 11462 5 21776 16784 1614 23274 5 23274 

