21 30 30 30 28 20402 1229 20 20 20 26 4 15678 3790 20402 9840 20 21 
16378 20244 13494 20 20 
3031 21189 17872 15658 16784 15678 5652 27 5 5 1247 16440 29 9975 20 27 5 22657 10606 20 20 
21 14604 1247 16440 29 5 5 6592 18525 15658 19900 12960 26 4 15658 20402 28 5 28 0 0 27 21 
27 28 28 28 28 28 28 28 28 28 28 28 28 28 28 28 28 28 28 
21 16323 28 5 5 16323 17872 9193 16440 11617 7730 12780 7850 10547 28 4 3058 20855 7914 22327 7730 21021 5 5 8995 13026 20 20 20 20 21594 17872 4788 22327 27 21 
21 7730 10211 20 20 16323 10606 4 3058 20855 31 21793 20 20 20 8995 13026 20 21 
16440 10211 21446 1570 20 20 
26 20 20 
21 28 28 28 4 28 19668 5915 4 28 28 28 4 28 28 21 
21 18476 31 28 28 4785 31 9594 21282 8720 12861 5 
28 28 28 4 28 28 4 28 28 28 4 28 19668 5915 21 
28 28 28 28 
21 20366 15678 28 28 22290 15678 7558 7914 5 5 5 28 28 28 4 28 28 4 28 28 4 28 28 28 21 
28 19668 5915 28 28 28 
27 
21 28 13512 5 5 21582 15658 288 18498 21776 3224 18476 9193 9594 21 21 12780 7957 4 15658 724 13909 23135 21 21 21 
21 16323 15253 5 
18498 23135 23104 15138 1249 6103 22942 23104 23104 21 
28 20402 10131 27 
15138 3058 20 27 
21 21 21 7914 22463 5037 6103 6011 21355 15678 7509 17180 22773 4843 1393 7509 10976 21 21 20 21 
8956 3790 20402 10131 20 27 
21 28 28 28 28 4 28 28 21 
29 20402 15678 20497 20 20 12780 28 
14425 18498 12861 21282 31 7509 26 
19943 18498 17080 20 
21 2136 30 7850 28 14444 4 28 28 4 28 28 28 4 28 28 4 28 28 28 4 28 28 4 28 28 28 28 21 
21 27 21 21 16404 4766 8956 22908 21 21 21 
28 28 28 27 
21 28 28 4 28 28 28 4 28 28 4 28 28 4 28 28 12984 5 5 5 16721 7914 22463 3790 18498 20149 288 15138 7730 12960 17556 21 
9971 6103 21409 7850 28 15423 
10412 28 26 
26 21829 6103 13909 
21 28 28 28 4 28 28 4 28 19668 5915 4 28 28 28 4 28 30 4 28 28 4 28 28 4 28 28 21 
21 28 28 28 19668 5915 28 28 28 28 28 28 4 26 15678 4795 21 
26 20 
28 10211 
28 10211 
13909 22463 21409 7850 28 15423 
27 26 
21 15603 15658 19900 15678 18498 20402 17106 4 15678 22280 18498 2647 16219 16066 8956 7378 9594 5 21 
21 21 21 13729 565 740 18498 31 17753 28 28 4 15678 16997 7730 15678 14683 7509 18250 15658 21596 15083 16404 20149 8455 7509 8725 6103 5614 7850 13905 9000 7509 16587 5 21 21 
3148 4 17438 18498 20402 22385 3148 0 15658 19900 18525 20402 13909 19535 4 22463 9290 18498 7491 18498 15658 7102 20149 8455 16673 5614 16066 31 10606 18498 6202 8956 5614 5 21 
21 28 4 8995 13026 20 20 27 21 
20474 20 
27 4276 26 
28 7914 18498 740 18281 22463 10842 27 
21793 15190 2727 
18104 26 30 
28 28 12984 5 
21 18339 18498 16404 4 15138 10131 20 21 
21 2371 28 28 4 9743 22463 10495 21371 12787 20 20 27 21 
2371 28 28 28 17872 23135 18498 18533 1540 31 4378 5 5 27 28 19668 5915 
21 1164 22327 4 15678 28 10648 15678 6110 20 21 
27 
22548 7509 28 28 28 
16164 
21 15604 13616 10606 4 15658 12780 20402 6981 22897 18498 31 4380 12780 9066 27 21 
21189 30 27 12780 21596 3031 
21 19349 9901 18784 15138 3058 4 22657 31 16689 1937 7730 8386 16673 18498 31 28 28 16468 7850 14924 5 12861 22657 17836 31 1612 18498 21582 17335 7730 12716 14487 20670 31 14058 7491 18498 21 21 970 21282 18533 20402 16784 2154 7730 15658 21596 15083 16404 18910 21 21 5 15658 20402 6103 15425 5942 1547 15458 14307 4 9193 20402 7509 28 7730 1920 4796 21793 13749 16673 14425 18471 6103 8361 7914 18475 5942 18498 20402 4 6981 14881 288 18498 21793 15678 3629 7102 21810 31 14539 5216 6103 18498 15678 26 6103 28 20520 22516 20 7730 18498 13055 15658 20402 13909 9574 20369 5 
21793 16673 28 21 
21 17753 28 4 26 6329 21 
19768 6103 26 7914 28 
16027 17753 28 26 
21 5590 14284 4 6075 17872 3697 28 28 21 
16404 18525 740 15658 22805 5 
8995 13026 12787 20 27 
28 9808 7127 7509 16169 
21 18281 28 20 27 4581 4 4581 5 5 5 21 
26 
21 27 18498 10131 
2727 12861 14539 
29 20402 15678 20497 20 20 20 28 28 28 
21 28 4 21743 28 4 21743 16395 5 18339 18498 16404 20 21 
28 23274 10650 
28 23274 10650 
28 23274 10650 
28 23274 10650 28 
21282 16248 27 
21 27 18498 14512 4 28 28 21 
27 
30 28 20 20 30 28 20 20 30 28 20 20 20 20 10628 30 29 29 
20 20 30 28 20 20 
28 28 28 
21 1150 28 4 22729 14907 17309 20 20463 16630 20402 16098 28 28 21 
21793 15190 2727 
2678 19307 28 
26 28 26 
15138 21570 20 
21 9032 30 5726 4 28 28 28 28 4 28 28 4 28 28 4 28 28 21 
27 
16375 4372 20500 
4372 30 22356 20500 26 
21 15138 4 15138 26 20 21 
28 28 28 
21 28 28 28 4 28 4 28 21 
13055 23029 8956 28 28 28 7730 28 18610 5 28 0 15138 14245 5 
13055 20402 6103 20149 8840 5 
10217 5915 1729 7730 22534 20 
21 15138 26 20 27 5 5 28 28 28 4 28 18610 5 28 4 28 28 28 21 
27 26 
21 16323 31 21793 4 31 26 12984 662 5 21 
18418 10217 28 16393 14457 
7730 2371 28 28 
27 
18610 5 11617 5 16404 26 20 27 
21 21 21 20149 31 3693 15658 23029 4 26 26 15874 4 9193 4289 13761 21 21 21 
17951 16057 
21 17324 20402 4 10131 5 21 
12861 20402 28 
21 28 28 28 28 4 28 26 28 21 
21 9971 6103 21409 21596 2136 28 7850 26 4 15658 20402 28 28 28 0 21 
13055 1937 8956 8503 28 28 28 0 
21 31 5758 4346 4 31 5758 4346 5 5 5 30 30 30 28 21 
2265 22222 
21 28 28 4 28 28 28 4 28 28 21 
27 
27 14450 28 
5146 6103 9971 6103 1249 7509 2621 
2621 6103 9971 6103 1249 
27 18625 
10101 13055 8406 4766 18987 7730 16882 7509 28 28 20402 19512 20 
15138 10131 20 27 
21 10217 20500 16323 12787 4 3058 20855 4766 22327 6073 17872 10366 4 12780 7850 10547 20 21 21 20402 9193 26 20 21 21 5 21 
12780 490 26 10606 20 
21 7730 31 21525 4 9901 15894 0 27 21 
20244 13909 
12577 
28 
28 
7850 15270 12577 
31 17872 14512 14539 20 
21 30 29 29 29 4 21596 18498 20402 5 21 
10211 4788 
27 4369 28 
21 21282 13730 18498 17304 27 4 23 28 4 3450 22897 13909 8696 5 21 
21 8995 5412 4 18584 9789 12780 17872 28 5 21 
27 
21 8995 2371 4 22463 4127 15643 22886 20 28 28 17950 20 20 20 21 
23135 16765 18498 15678 15422 8995 9786 18476 23135 21582 6075 26 26 9542 7850 28 5 5 5 
21 20019 27 
18476 23135 5320 22463 17022 20402 12861 18498 349 5 5 5 
27 
21 1488 16647 18264 817 20931 7850 28 7730 10211 22463 4672 21916 15299 31 22805 4 14245 6103 13909 20 
4346 6103 20126 7509 28 28 
7914 19709 6103 11841 
21 7957 13761 4 9620 17556 20 21 
15678 8927 20402 11840 8329 1820 15678 7141 27 
15444 
21 20402 20149 430 4 201 20149 13210 20 27 21 
29 12552 28 
27 
20402 12861 26 28 20 

