21 15460 28 4 27 
15855 2371 21 
21 22463 9948 6103 13424 4 18652 7509 14049 
22318 16668 4 22318 13759 4 22318 12986 5 5 5 21 
21 13055 17511 3962 20 27 
5695 4766 31 1095 
15460 28 21 
21 349 6329 4 27 21 
21 15253 4 15253 5 15253 4 15253 4 23 15253 4 15253 21 
21 15658 20402 15460 28 0 0 0 0 0 0 0 0 0 0 0 0 0 
21 21 12787 4 21776 12780 30 4 238 18498 7545 14466 21 21 5 27 21 
8 29 
15658 20402 5 5 5 21298 21298 
21 13006 6310 7730 4461 
28 
18498 31 10268 8995 4766 23135 21 
21 28 28 4 28 28 28 15658 20402 13909 4 9193 9743 17556 21551 4 27 4346 13030 21 
28 28 8 29 
23 30 5 5 5 18498 19699 13909 10962 
21 23135 22 30 26 13098 22 1114 8 29 
20402 3086 15678 1114 21 
21 17304 20402 15678 20749 7509 21409 
7730 8956 4672 18498 7847 22126 
6075 20931 12546 
16066 31 3558 7509 14604 15190 21 
21 14425 8147 4 14425 2700 4 14425 18953 6103 910 5 5 5 18328 1114 8 29 8 29 21 
21 15460 28 4 12780 9743 17872 4788 31 3962 15604 4 15416 21 
21 14604 14181 12780 21596 18498 6070 4815 1920 7850 15576 3960 5 5 5 
7730 9193 12780 21596 18498 16784 22463 29 18565 4 27 21 
21 14604 54 4 16673 1114 6103 28 18498 8956 14464 740 14335 14265 4766 21389 21346 
3962 4815 
28 21 
21 22800 7509 13359 23016 14335 7491 18498 871 13873 12780 349 5 15658 19900 1393 4179 15678 18498 23016 2371 4 9193 9193 21282 19900 18498 873 13055 8995 17438 23016 21 
21 16393 18498 21596 4229 17872 1097 1920 4 27 5 5 5 288 18498 14604 3388 15658 20402 21282 22463 3388 4 20402 21371 22463 3228 4 27 21 
21 9193 19900 13761 4 20149 9193 23016 23135 13909 21409 4 9193 12780 2136 15678 7127 4517 
20149 23135 13033 4 9193 17511 2136 22318 362 15637 22942 13909 1393 21778 21 
21 9193 18533 31 19857 20181 
9193 18533 31 19857 8095 
9193 18533 31 19857 11771 
9193 18533 31 19857 4 7730 13909 15299 21 
21 7730 21371 17872 14335 15988 13639 17872 12780 7730 23151 17872 14604 13728 4 27 21 
21 31 4509 8995 7491 18498 15658 20402 13688 5 5 5 
22318 472 4509 21 
8 29 
23 30 5 5 5 18525 18498 15658 10959 6103 3870 30 28 8 29 
21 8956 20402 6329 4 27 21 
21 9193 19900 18498 13761 7850 10484 4 11284 21389 2717 7850 15190 5 5 5 21 
1150 
21 11731 4 9193 15424 4346 15458 9956 21 
21 21 21 2136 18498 23135 5929 31 9835 7509 20463 16468 23135 12780 20041 4 23135 17304 8219 15678 20040 4766 4796 4 4766 23491 4 4766 7645 4 4766 21932 4 4766 4431 4 4766 20471 4 9193 4 7850 9975 4 12861 12780 22729 7730 14012 31 20931 22942 5 23135 7102 8147 10268 16404 155 31 9835 4 14577 20931 15256 6389 6281 7730 18344 16404 20402 15678 4145 7509 7594 18498 8995 7850 20215 7914 20463 16468 4 31 14453 4 7730 6408 9743 31 16580 4766 7847 21 21 21 
21 18476 9193 15855 16404 23135 
9193 22805 15678 16802 
9193 22805 31 22821 
23135 14335 1027 17438 18525 9193 20402 
4796 31 9094 20215 31 28 
2727 879 4 15894 7847 9743 16440 4 7730 9193 19900 
9193 15658 8995 21282 21 
14425 18498 15678 4561 16015 20 20 
20402 22223 
6103 1815 5 5 5 
20402 21282 23135 18533 18498 22327 17304 349 7850 1114 6103 16083 16971 8 29 
21 28 28 4 28 28 4 28 28 4 28 28 7730 28 28 8995 18494 18494 4 27 21 
21 9193 10959 7509 10959 7509 5521 
31 14425 22915 20402 20202 31 22202 18498 9193 155 
9193 14335 288 7850 4687 7509 14604 16312 
31 14425 16440 6103 9193 9193 201 6103 6592 
7730 20149 16836 17438 9193 4 7491 18498 8995 23570 21 
21 12780 5876 7509 20463 3962 4 17304 6256 20304 4 20 21 
21 15425 15965 9790 4766 10547 20402 7914 12780 
12954 20149 7521 4 28 9016 31 20931 15256 
15425 15965 9790 4766 10547 20402 7914 12780 
12954 20149 7521 4 28 9016 31 20931 15256 
3450 22463 7509 22318 13764 
20402 4713 7730 17239 7850 5528 6103 28 
7850 5528 6103 28 
3450 22463 7509 22318 13764 
20402 4713 7730 17239 7850 5528 6103 28 
7730 3256 4 7730 3256 7730 3256 
7730 22463 13512 12916 4 9193 19900 18498 10089 
10095 7730 10437 4766 189 4713 
7730 22463 13512 12916 4 9193 19900 18498 10089 
10095 7730 10437 4713 
23135 17304 4510 
7847 17304 22318 16098 
23135 17304 4510 
13640 23016 31 19484 
15425 15965 9790 4766 10547 20402 7914 12780 
12954 20149 7521 4 28 9016 31 20931 15256 21 
21 15658 4 15658 17304 20402 22821 
28 28 4 23135 21596 15138 14799 20149 8956 22287 4289 1614 7914 3962 21298 21298 21 
21 9193 3790 17872 23135 28 28 4 28 28 21 
21684 15138 3086 7730 22823 20 
21 7191 4 7191 22463 20191 
7730 12780 4854 871 7509 14604 
14604 28 13405 1393 20931 17478 
20931 17478 13640 20149 21858 9193 
9010 3962 20402 15894 14604 5528 8995 
14604 5528 8995 15894 15671 23104 
20357 15138 17438 21596 20402 22385 2977 
31 22898 12861 9901 7850 3610 
9193 9193 8995 1393 20463 13131 
15658 11862 15678 18498 349 
21582 14335 16404 15658 4289 16936 
12780 6834 16404 3391 9193 20463 20826 
7730 9193 12780 20825 2136 18498 9193 20402 4730 16404 7599 
9010 19468 740 20402 22463 31 14466 
9193 5360 7491 6 20539 4 15299 14466 
18475 21551 18498 19509 4 14539 18498 16753 
9193 18533 4856 
23135 9743 22657 31 16689 
9193 18533 4856 
23135 9743 22657 31 16689 
9193 18533 4854 4766 23135 21 
9801 6219 8 29 8 29 8 29 
21 26 4 26 21 
26 6 29 
21 8147 6103 3426 13909 13512 7509 15190 4 991 6103 15138 12545 7730 7994 7 
30 
6103 15908 21 
21 15658 20149 218 4 9193 20402 22463 23570 4842 7730 17629 22137 14604 10323 5 5 5 17304 14335 4229 4 9594 21267 8 29 21 
21 15658 724 8956 17563 4 27 21 
7730 31 10765 9743 15678 18498 18476 15424 17438 6177 5219 16367 6103 4346 0 22318 1027 12787 
21 3894 4697 6103 28 4 21282 13325 18498 1022 20402 14604 1247 7730 13055 8995 238 15138 17738 21 
21 21 21 8918 28 7730 28 5 9193 18533 22463 1114 4796 6103 6103 28 7730 28 21 21 5 5 5 
8956 3959 7509 23167 6103 15012 8 29 21 
21 10672 4 20149 23135 8995 11116 7730 19900 18498 20463 2689 20402 22463 14464 4 5241 4243 6103 28 5 
6981 14031 4 18476 7847 4809 31 4346 7850 14336 7509 15533 4 22327 15678 18498 23135 17629 9743 20402 23029 7730 21218 17872 20463 14181 21 21 28 17629 6103 23135 21 21 5 15658 11862 20149 20402 31 17819 16066 31 4153 22897 18498 7847 16098 12861 4 7847 12780 13398 7730 5876 7509 4672 4 8329 23135 20149 23029 7850 3590 7730 7599 20463 14514 20828 5 21 
21 15658 17511 23104 20244 9193 22942 4 20 15658 17511 23104 20244 9193 910 20 5 5 5 
28 15036 7509 22800 22441 
22675 
28 21 
21 15299 6103 15299 5 5 5 5 13055 9594 12861 17872 20304 4 20244 23135 8995 4885 16784 5 5 5 5 15253 28 28 21 
21 4796 18498 9193 15643 5174 8956 15144 0 17438 21793 15678 7087 4 21793 7102 5 5 5 5 21 
21 15833 20 4796 20402 2725 31 9193 4245 
14667 5527 7509 20402 11570 
14810 9193 7178 
7850 8173 7509 6996 8 29 8 29 21 
21 14425 7614 26 4 12780 14335 8832 15458 3790 5 5 5 5 21 
21 21 21 15833 4 4796 9193 6679 22463 4380 20932 
22327 15678 18498 9193 18533 20402 20825 15603 
14604 5528 28 16784 7850 8715 
17438 8838 4 9193 6075 14604 22327 21 21 21 
21 15658 14335 6256 20402 15253 5 5 5 18476 9193 20402 13033 18498 21793 7127 12780 21596 22463 23222 15604 7509 2818 4 27 21 
21 16468 22463 21409 7914 28 
1393 20749 18498 1655 7914 28 
16098 15678 14133 6103 28 
9594 6103 1114 7914 28 21 
9193 12787 13512 
8995 22385 18527 18498 8995 16721 20419 7914 14335 1575 6103 14604 7239 21364 7730 12780 15005 7850 10728 5 5 5 
21 8147 14764 1276 7509 18069 6103 9146 5 5 5 
7277 
14757 18449 17016 21 
21 14335 8095 31 3450 7127 13909 4766 8956 7558 5 15138 78 8 29 
18533 22463 3960 1920 
4672 13512 6329 21 
20149 9193 20402 1920 0 0 0 15658 11731 5 5 5 15253 15643 9901 6103 3388 7914 18376 4766 14378 6103 9193 15036 4766 9193 9112 5 
28 28 28 28 28 28 28 28 28 28 
21 9594 21267 4 8956 3959 20402 22463 1114 4 18533 14604 3960 1920 4 27 21 
21 21 21 16971 18498 9605 7558 13788 17304 4 12062 4 15128 20931 16920 18476 22240 6103 11661 21 21 
21355 8956 20402 31 18657 7509 9193 9076 4 19703 21 
14378 
21 23570 21551 5 5 5 15138 5590 4 8351 9319 4 6168 21684 7850 23572 5 
20539 4 21468 8995 14335 9743 9620 6329 21298 21298 21 
873 14335 8060 22463 2689 17872 9193 9743 12861 6 29 
21 26 26 26 26 11617 26 
20402 26 26 31 26 10859 4 26 5 5 5 21 
21 8918 6103 4730 18498 6408 6103 871 13248 23135 17304 2136 6256 6103 20402 19857 21298 21298 
23 20892 4 17458 6553 21389 0 0 0 0 21 
23 5 5 5 19900 15658 5 5 5 288 18498 15643 16098 9594 7509 22381 7509 21631 1755 
21 7730 7914 3348 7509 21806 16816 4 17458 8995 7188 21298 21298 21 
21 6663 23114 4 9193 20539 4 8995 21582 3702 8956 15286 5 5 5 
26 
27 21 
21 15253 8 29 
13325 18476 9193 7491 12861 17872 20304 0 21 
21 18498 4672 13512 10765 5 5 5 
18498 20322 6 29 21 
21 7558 1191 
12780 17438 2371 16404 22805 15678 15190 
11284 21389 7509 15190 16404 20149 22805 
15671 17908 15678 14539 
9971 7509 1652 
8840 13640 6408 7509 5951 
14604 7623 7730 2306 1095 21 
21 16334 28 28 4 8956 20402 22463 22915 18498 17629 9387 8 29 21 
21 14604 5528 16367 6103 2647 8 29 8 29 
9193 22942 21596 20357 21 
21 16066 22463 1628 11532 15658 20402 28 28 5 5 5 22318 1027 4 14604 11341 8 29 14062 13909 13512 7509 15190 18498 21582 14335 20007 7850 13860 7509 22942 8 29 21 
28 30 5 5 5 21371 5174 4796 14604 10530 14181 6 29 
21 17438 22463 2700 6103 8945 9193 15005 2136 7850 28 
20149 18533 15128 17872 28 9193 1540 14019 
9193 13761 9193 16630 3485 4 14249 7850 18376 
7730 15138 4331 21282 17872 9193 4 27 21 
4561 14245 6329 6 29 
30 26 8 29 
21 22463 14807 6103 14378 7730 9408 16762 8956 8637 4 7850 15270 4 16072 20 21 
1612 18498 17649 9193 22942 7730 14604 5528 8 29 
18525 14335 5174 19900 18470 15678 20520 7384 17872 9193 22942 8 29 
15658 14335 11862 6103 12939 15425 20149 9193 20402 8765 8 29 
21 26 4 26 26 26 26 22 20539 28 11943 26 
28 
22654 
26 21 
21 31 3790 7509 9193 15253 18476 22805 31 9942 6281 19857 4 27 21 
21 28 8 29 7730 2371 4 28 28 4 28 28 4 15460 28 4 27 21 
15299 13909 9743 20357 20304 
21 26 5 5 5 1920 15658 6075 5 5 5 21776 6670 20207 9789 15036 13055 
4270 21 
21 7730 9193 15424 4346 18476 9193 22805 15678 12939 18498 7847 20149 15855 4 20149 452 7730 20149 1027 4 21282 9901 22150 8 29 21 
21 8443 20402 17438 4060 7384 0 0 
18533 20402 498 15658 21298 21298 21 
9193 13325 2702 2961 7730 17316 
21 4796 13055 15658 8995 6103 3058 21364 31 15771 19192 6103 1890 4 654 31 9193 2807 12780 20402 12574 5 5 5 17438 2136 22463 1249 5 15671 4 15678 5574 7292 4 7528 7730 6329 10474 4 21582 7151 3328 31 505 21389 7509 22520 28 4 9193 8995 18494 11875 5360 5 21 
21 8956 15599 21282 14335 9743 13325 7509 13591 21 21 21275 16784 21 21 8 29 21 
21 15678 9547 6996 6103 28 28 8 29 
8956 14924 20402 22463 8095 4 7847 7730 20463 30 21 
21 2371 5 5 5 2371 5 5 5 8956 15286 4 8956 23180 4 8956 15144 8 29 21 
21 18533 15138 20 
26 21 
21 11617 7585 22 21298 26 4573 26 26 
11617 7585 22 21298 26 26 26 
22 4060 11617 22 6103 14796 26 4 2377 
26 11617 7585 22 21298 26 14796 31 26 8 29 21 
21 28 28 20402 31 9172 26 8 29 10343 11633 18498 9193 9743 8386 14425 31 15364 6981 15144 5 5 5 2371 2371 4 17458 9743 12861 4766 7847 26 5 28 
15995 7730 17635 21 
21 27 4 28 28 
7957 7916 6981 12939 1095 4 18498 16393 18498 6075 13909 10530 21 
21 15658 5 5 5 18525 10959 15658 13822 5 5 5 18525 10959 15658 22092 13923 5 5 5 17872 15061 18498 20149 10959 20402 12716 4672 4796 3870 4 30 4 533 4 134 9170 5 21 
3510 22463 4482 1614 7850 15855 21298 21298 
2371 18498 20825 5 5 5 2371 18498 4127 5 5 5 2371 18498 1114 6981 7558 8 29 
23570 21551 
12780 3962 4766 8956 11474 5 5 5 16673 1114 6103 21793 15678 7087 8 29 8 29 
21 28 3962 7730 9193 21282 19900 654 8 29 4 18498 13512 
28 7730 28 
5855 16673 12301 6 28 20539 5 28 8 29 21 
21 15286 18498 14335 21787 31 17406 6103 14335 9743 4346 4 15658 21 
16404 28 5 5 5 8995 9901 7188 22318 6202 
21 26 26 26 20909 4 26 11617 26 26 26 1631 5 5 5 5 
18498 4672 13909 28 8 29 23167 6103 15012 21 
21793 21793 5 5 5 21793 31 7509 15190 
21 18498 20126 20 14604 28 13055 20149 16468 22463 1249 5 5 5 9193 20559 15658 368 5 5 5 5 
21468 
7850 21551 
18498 20402 
13899 21 
17458 3224 6103 28 0 0 17458 0 0 0 0 0 0 0 0 0 0 
30 20402 3058 8 29 
21 20402 2727 1920 14539 21298 21298 
9193 20402 10138 21 
21 3058 7127 6 29 
26 26 1631 26 26 26 16105 26 5 5 5 21 
21 9010 14464 22385 16752 18533 20402 2434 5 
15658 5174 15424 14335 15424 10546 
9193 12022 15678 5574 16404 5980 7730 16404 13761 
15658 5174 15424 13761 15424 20500 4 
9193 9769 15678 15860 7730 20852 5 21 
21 26 26 4 11288 26 14335 26 
26 26 4 11617 11456 26 26 
26 26 4 26 26 26 
26 26 4 26 2384 26 14335 26 21 
21 28 4 28 4 28 4 18498 23180 20402 8956 0 8 29 21 
8 29 
21 26 26 4672 2977 
26 26 
4672 2977 4 4796 1198 6103 7146 
3510 8406 16083 4672 
4796 23135 7730 9193 
5652 21596 22463 3477 
15671 22564 15138 
16404 20336 7730 5459 20670 
22327 
15671 20293 10648 4 9193 15643 12780 5219 
9193 22463 20824 740 20402 22463 20824 
2136 18498 23135 353 4 7730 20357 4766 7847 
7730 9436 18498 
15678 6014 20402 16404 4434 7730 31 21631 20402 16404 2442 
8406 16083 4672 4 4796 20402 11578 
7847 18784 20402 15678 18498 16393 
7847 14487 4 8256 7730 19822 4 16404 16468 1393 10366 6103 23135 
7730 9193 21596 14378 18498 20402 22821 
18476 15678 15190 6454 
15678 18498 7847 8995 9743 0 
7730 9193 15658 8995 22318 5891 4 17438 20402 12335 
9193 654 2631 9769 15678 15860 7730 4809 31 20825 
20825 4 20825 4 20825 
20670 13759 6103 22760 
8918 3213 9158 
7730 20402 8302 16404 9193 
15658 14335 13325 6103 22463 23577 4672 18498 15671 13749 
654 18498 9193 8995 21282 
9193 9193 288 18498 20402 15678 18498 349 
9193 9193 14335 13325 6103 3450 22897 18498 23135 2700 14604 16962 
15833 4 9193 1027 6329 1616 
15658 12780 21619 15299 7384 
654 18498 9193 20402 23135 20402 22463 19169 2692 
7730 13667 6103 23135 9193 
9193 4 18533 4 13330 17438 9721 
18498 31 16971 14487 4 8256 7730 19822 
16404 16468 1393 10366 6103 23135 4 7730 9193 21596 14378 18498 20402 22821 
18476 15678 15190 6454 
15678 18498 7847 8995 9743 0 
7730 9193 15658 8995 22318 5891 17438 20402 12335 
9193 654 2631 9769 15678 15860 7730 4809 31 20825 
20825 4 20825 4 20825 
18533 4 23016 16647 20931 3477 
17458 7847 15658 20402 22564 
6670 31 23575 22897 18498 23135 22564 
21 18498 4672 13909 10138 8 29 
28 28 21 
21 736 5 5 5 12861 4 18270 7730 28 20007 22942 6 29 21 
22463 21394 7850 9193 3790 20 20 
13512 8 29 
8956 7558 5 5 5 8 29 
21 26 11617 31 26 4 26 26 21776 26 
26 26 26 26 26 15803 26 26 
26 22 18740 26 
26 26 26 22 20539 26 15924 21 
27 9193 10765 
21 15833 4 15833 4 15833 4 11617 26 26 26 26 4 21776 26 26 26 11617 26 
26 20 11617 26 26 31 26 20 21 
21 7585 22 21298 26 26 26 14335 26 
26 22 18740 26 4 26 26 26 21 
21 27 4 21267 0 15658 5739 21 
21 9193 6103 9707 31 16179 20402 17872 20500 14539 
15658 20402 17872 13909 15502 
15678 18498 15658 18533 7491 4 17495 
18498 21282 9193 17511 20402 9808 
17324 8443 6168 8956 21684 
20663 15678 17789 6103 15658 16393 22463 2107 21 
21 8956 7558 740 12780 14335 9743 21596 22463 16367 3849 20 20 7730 8956 15286 4 6670 5758 20402 1409 8 29 8 29 21 
21 8995 4187 4 27 21 
21776 22805 18498 12780 20402 6981 12939 14539 21298 21298 
8329 12861 15678 14753 7509 9738 9130 2156 15678 11876 6103 19283 16404 19059 31 5320 18449 20 
18498 28 20402 8956 0 
21298 21298 3510 22463 4482 1614 7850 14604 15860 
7730 20402 0 27 
21 9193 21282 288 18498 14514 14539 4 5876 7730 3870 15643 20402 6329 8 29 6 29 21 
21 28 28 4 28 7730 15678 20457 14975 5 5 5 14604 4841 6103 12319 8 29 21 
21739 28 8 29 
21 6 29 
15678 16753 18165 21 
21 23016 20402 6116 23135 21371 4 23016 20 21 
11943 26 4766 8956 9115 8 29 
18476 7730 5741 18533 5219 20402 22385 10259 7730 22385 7070 18481 8956 14464 6103 1453 29 1249 5 
21 28 28 8 29 8995 2371 31 9433 16404 31 9193 15533 7914 4524 4 27 4 21282 19210 15678 23556 4 15658 20402 0 27 6 29 21 
21 31 20319 6103 14378 7730 6103 11879 20402 11532 4 21282 18525 20402 15144 17872 8386 20 7730 15678 17106 20402 18476 5320 17872 873 7730 31 16971 636 4796 20149 20402 866 23547 4 21282 18525 20402 15144 17872 8386 20 21 
23 20 26 12863 
21 21 21 15678 3610 13909 10544 4 15424 20293 20402 15678 14425 18498 15678 7509 7594 
6075 22463 4245 17872 22942 22318 15061 
22463 12939 14466 7562 6103 20149 6917 
15658 20402 1920 22385 7687 4766 31 16192 
13253 2727 31 20931 15256 1276 6103 20149 6146 
21752 8956 13152 7509 3124 4 1276 6103 14335 6075 31 5648 21 21 21 
21 8956 15144 15658 20402 11570 15658 4 21596 165 4181 21 
21 4796 7847 5219 20402 22385 10141 8 29 8 29 
23167 6103 15012 4 7730 6103 21596 7251 17872 12780 17872 28 23218 21298 21298 21 
21 15643 2084 22463 1845 4 27 21 
21 28 4 12861 7850 13325 873 4 11300 0 0 0 0 0 0 0 0 0 0 0 0 21 
8 29 
21 15424 14335 9605 4 6075 2136 3528 21282 6103 16721 20 21 
21 23359 26 14335 26 4 26 26 14335 26 4 26 26 14335 26 5 5 5 26 31 15355 26 8 29 6 29 21 
21 26 4 26 8 29 21 
16468 7279 8 29 
27 
21596 4181 14539 0 27 
16098 0 0 20 20 
21 26 26 4 26 8 29 21 
9193 5174 8956 7594 20 20 
15460 28 8 29 
20408 8 29 
16375 6 29 
21 753 31 10765 31 9743 14832 4 26 21298 21298 21 
21 15658 20402 4 28 28 20 20 20 21 
21 1840 14149 20670 15678 15604 30 5 8678 16673 7616 28 15528 4 13405 15678 15540 7509 28 16404 15678 28 12526 20 21 
21 26 9193 10765 4 22318 8386 4885 11190 5 5 5 27 21 
17022 8 29 12780 19761 26 0 27 
21 15678 18498 349 7850 2464 9901 7850 2464 
22915 7509 1095 
9971 6103 20247 16816 
10250 28 28 
7681 7255 21 
21 20892 5 28 28 28 5 5 5 1471 6103 9193 8995 15036 6103 7722 7509 5758 18498 15643 13909 12780 21596 20049 14480 7850 22942 21298 21298 4 15678 20799 8995 1570 5 5 5 27 5 14799 6103 14335 5469 31 7322 6981 2510 7818 4766 21021 6 21 
15460 28 0 0 0 23135 8995 9193 9942 0 20293 19900 21298 21298 
21 9193 15658 19900 9743 21298 21298 5 5 5 9193 22463 16472 14335 5320 18498 31 7589 28 17090 9743 22463 2727 21145 8 29 8 29 8 29 19900 18498 20293 20402 14604 20825 0 0 
26 
27 21 
21 27 4 22821 6329 21 
8720 2727 1614 5916 
21 28 4 9193 28 8 29 21 
21 6256 5 5 5 31 22898 21596 16580 4 6256 5 5 5 19466 7090 4 6256 5 5 5 21355 20402 14425 5 5 5 21 
21 21684 14149 5 5 5 17438 9721 13359 4 9605 22463 22821 7850 3790 7509 10765 4 9193 7850 9975 12780 20402 15138 18075 21 
21 26 12863 22 20539 26 26 26 26 
26 26 26 11617 26 26 26 
20402 31 14763 26 11617 26 22 21298 26 26 21776 26 16073 21 
3388 5518 6103 1658 5 5 5 5 
15216 13512 6329 8 29 
21 28 28 4 12861 22318 20402 9626 0 7850 13325 873 0 27 5 5 5 5 9193 15658 19900 18498 20402 22385 9074 1920 21 
21 17511 1937 18577 22898 4346 7509 14539 12939 4 18498 9956 4 18498 11454 21 
15253 20402 15253 6670 20293 2136 15678 12277 8 29 15658 20402 28 28 8 29 
21 11617 997 26 4 1631 26 26 26 14335 0 0 6 29 6 29 
15286 16816 6329 
26 21 
21 11875 15658 20149 7995 4766 8956 9956 5 5 5 4766 8956 15286 5 8 29 
22463 1114 17872 18962 
21596 22463 4482 7850 14604 15855 
20402 2780 14539 21 
21 14336 18498 15658 5219 16367 6103 16098 7730 22805 8956 22861 6103 4561 28 4 14245 6329 5 21 
21 11617 22 30 26 26 11943 26 26 4 11617 26 26 21776 26 26 8 29 11617 22 13800 31 28 2384 21 
21 28 28 4 15658 12780 21596 12939 4 6663 2371 8 29 7730 740 12780 21596 18498 22782 31 28 28 17872 5320 2647 6 29 1027 23135 21 
8 29 26 15803 26 26 
349 6 29 
26 26 26 26 26 
21 21 21 28 26 21 21 4 21 21 11518 6103 15021 21 21 5 5 5 19703 395 26 27 21 
6 29 
22463 11474 457 20 20 20402 22463 17605 11758 16092 7730 5174 22463 17556 6103 20931 11644 20 20 
15253 13731 28 8 29 
14145 6 29 
20892 5 28 28 8 29 
21739 28 28 7730 22657 17872 17812 21371 15658 20402 28 28 8 29 
21267 0 18498 13512 22765 8 29 
18498 3708 13909 13512 6 29 
21 21739 28 28 4 15855 2371 17872 20304 18498 22564 4766 20463 970 8 29 21 
27 
26 21939 26 26 6 29 
21 11284 7558 1249 9193 13055 21596 2322 21793 15190 18498 31 11890 29 20402 15678 10530 4 15502 368 7914 9193 4 27 21 
21 22463 9956 15138 21786 4 6103 22463 20322 12046 20670 15678 18498 20402 21 21 4179 21 21 7730 21 21 8561 21 21 6389 7509 20709 4 7730 4796 12861 17304 19913 15678 20352 13909 2725 18498 17304 3256 8406 31 16971 5 4766 4181 8995 7850 14604 26 29 21 
22463 7509 14426 20319 26 20 20 
26 26 6 29 
22942 6103 22463 3426 8 29 
21 15286 15138 13512 14604 28 4 6103 22463 20322 12094 9 8 21 
21 9801 6219 
14604 20825 17304 20149 21858 18774 8 29 21 
14335 20357 5327 20 20 20 
21 16200 9522 7908 7730 15078 4766 15678 11719 11640 7509 21 21 21592 30 12470 7509 17889 21 21 17930 7614 5 28 13270 21 
654 20539 368 7914 11421 8 29 
21 28 28 4 28 28 21 
21 20402 15144 4 15658 21596 6027 11066 1393 7087 4 17438 18498 17438 7445 22898 22805 1095 9193 4346 6103 7594 4 9193 20738 6103 11020 6618 18138 4796 7594 7850 16882 7730 5648 4 8311 4 21827 18498 15658 16468 15424 4766 15678 13909 10259 7509 19277 5 15658 20402 25 4 15658 20402 10391 5 7730 15138 14466 21596 18498 9193 15708 31 9901 20293 2058 7730 5105 5 8956 11729 18498 22782 7509 18498 22463 15144 17629 20402 15658 16468 6103 13909 22463 16155 11837 4 22886 7914 16668 6103 16718 9820 5 5 5 21 
11617 997 26 28 
21 26 22 20539 10907 21776 26 26 4 21792 20 20 20 21 
21 26 11617 26 8325 20 26 26 26 26 28 4 26 26 26 26 28 26 26 26 26 26 26 26 26 8 29 8 29 21 
21 26 11617 26 26 26 20 20 20 23151 17872 9193 14604 1114 4 9193 11454 740 15658 201 21298 21298 21 
21 14149 4 20559 14149 8 29 21 
13055 5174 15138 10765 1920 6 29 
2371 20149 20402 6 
26 5 26 22 21298 30 8 29 
21 12780 20202 352 4099 
8918 6103 5741 
13048 9774 21 
21 12780 20402 7511 14604 28 20 15658 7545 4 7730 15671 17304 753 31 6075 5362 31 22463 13512 22942 20 21 
21 31 4964 8995 22507 4 15658 12780 20402 15299 10544 19547 15678 14995 6103 13761 5 7730 21596 7491 20 21 
16673 1114 7509 7087 20 22327 15678 18498 9193 20293 18533 5174 20149 14277 654 5 5 5 14604 5528 15658 708 6 
21 26 26 26 11617 31 26 26 
26 11617 26 22 21298 26 26 26 11288 26 26 26 
26 11288 26 14335 4 11288 26 14335 26 26 26 8 29 8 29 8 29 21 
23222 13909 13512 6103 21793 15678 21551 9 8 18498 1114 8956 16192 21298 21298 3510 22463 4482 1614 7850 14604 15855 

