7730 15678 17819 18164 7914 5168 31 10765 15643 8918 21371 20 6103 15658 10648 21282 15678 7851 6103 12892 
21 20670 15678 5168 6103 10775 6 15658 19900 15678 18498 288 7509 14604 21932 740 4 9193 20402 31 20207 13909 19871 17872 17109 7730 10648 22463 7851 6103 12892 20 4369 15190 20 20 21 
21 7730 12780 9743 22463 1249 18498 8995 4766 8956 15018 20566 17438 18525 14335 1409 20 17458 31 10765 17304 8995 3367 6329 17872 13325 7509 7055 7509 15576 17819 8147 4 9193 13325 7509 15576 17819 2700 7850 2435 7509 695 7509 13131 7509 14464 16468 13923 4 6103 23135 8561 31 17478 7509 2532 7730 352 31 28 7850 17819 22897 18498 20402 7850 7914 3962 4 7509 28 14335 6202 6103 23135 7850 9867 7509 30 4 6103 9193 7558 155 22463 18495 4 7509 15576 3442 6366 4 7730 15576 12571 6103 9634 5 5 5 8235 22463 11454 6103 1114 13909 3086 18498 5737 20 22318 1027 14604 7629 15018 7509 15860 3986 20 21 
21 21282 18533 7491 22463 4672 4 20402 9743 22463 30 11462 7730 18476 20402 22805 15678 19522 6075 6 28 7730 14156 20402 10131 7730 28 28 7730 28 3630 20402 17499 20 20 20 20 3472 31 3425 0 14336 10674 14156 20402 10131 21 
7730 18498 13690 5 5 5 15678 5 15678 
21 9193 10131 28 28 4 20725 28 4 28 28 4 28 7509 28 4 28 28 4 28 28 4 28 28 28 20 16891 5 5 5 26 23164 0 0 27 21 
17822 10131 1114 6103 21739 2336 
21 21684 16816 5 5 5 20149 873 21596 871 7728 20670 2038 4 22327 9431 13916 2371 20 14425 10343 6 21 21 12861 8530 31 7491 18498 20402 15299 13909 18498 22463 5193 6103 15476 0 15658 5 8530 31 7491 18498 15576 5193 6103 15476 20402 9685 4 12094 4 1408 5 22385 15242 4 18498 20402 3735 6103 5762 7087 5 21 21 21 
18498 20855 9193 21596 6103 21596 8956 6324 4815 15458 13512 20474 9789 29 20 1027 9193 15416 14466 11683 
21 18344 31 14425 15092 7509 9634 20 1276 20402 26 20402 26 4 654 20402 17872 22657 20 16440 28 6103 17819 21 
21 6663 871 9955 19854 4 9193 21282 17872 1575 8956 4554 15580 6103 11462 5 5 5 28 28 4 20725 28 4 28 28 4 28 7509 28 4 11193 6103 28 28 4 28 28 4 28 28 4 28 28 21596 16673 14466 22463 13727 18498 23135 8995 17737 4815 20 7 21 
15708 16673 1506 6103 21793 5 5 5 20402 7188 9193 8995 2371 20 20 4672 18498 31 15364 9193 18009 16440 
26 26 20 12780 16468 22327 
21 21776 13667 6103 21095 8443 20 27 22 28 28 4 28 7509 28 4 28 28 4 20725 28 4 28 28 4 28 26 30 4 28 28 28 4 28 28 20 7730 28 26 7730 28 28 15855 15678 10530 6103 23135 23 20 20 27 21 
9507 7507 7730 10142 6103 29 7914 29 9193 20 27 22 30 12347 4426 1027 14604 21932 
15576 23539 740 20402 15678 14539 5 5 5 28 28 7432 20 17737 17872 15253 
21 14604 10696 9743 3790 6103 10696 4 14335 13325 4796 20402 12256 31 7847 20 27 21 
21095 14378 5 5 5 2689 2869 
21 28 28 4 20725 28 4 7730 28 28 4 13325 6103 18498 12861 26 0 0 0 0 27 21 
21 21932 1547 4 7102 5913 4 654 16440 22355 20 24 21 
21 7730 18481 13909 9193 22805 8956 6110 4 13909 14096 9193 15936 6 
28 15481 6 18498 7645 13575 20402 8956 0 
28 6 13909 16066 14466 4 13909 16066 14466 5 5 5 
28 6 8995 1045 7730 19359 7914 15540 6103 28 20 20 
28 10763 6 15678 18498 7491 6981 3664 18498 9193 13923 5174 4 9193 13055 5241 16123 0 0 20 
16500 28 6 15678 15041 20402 13909 20932 20 
28 6 20149 20402 7861 17872 20906 26 4 14604 23174 13055 20402 6318 20 
28 28 6 3558 23 15108 20 20 15678 5 15678 21 
27 5 5 5 23 4796 9193 20402 10546 6981 3790 20 20 20 
15299 4796 16468 15678 1247 4766 18525 31 10765 1027 20 
15678 17819 19525 1570 7914 22463 5168 12604 31 10765 15643 8918 20 
19525 7509 15533 16468 5 5 5 5 27 22 
6103 22897 7914 18476 20402 3058 21596 22463 19483 5876 6103 9193 20 24 
8995 7557 20 20 23029 3962 7509 15253 28 13055 20 20 9193 11306 20 20 15678 5 15678 
7850 4084 7509 13842 2760 20 
21 20238 21 21 31 3962 13194 20 21 21 21 
1540 4766 15678 14550 5 5 5 
28 5204 20 27 
15299 4796 23151 31 5484 4766 22765 14426 1097 5 5 5 23135 21282 20420 22463 12787 13909 16816 20149 19900 18498 1628 15658 20402 12421 20 27 22 22318 1027 26 26 20 
16440 21787 21641 4766 31 1095 20 26 26 12008 
21 29 23274 29 18722 26 
21 2371 9193 16836 22463 17930 20670 31 17517 6103 11076 4 7730 14335 20357 31 28 16836 20670 31 3590 20158 5 5 5 15678 5 15678 21 
9193 10548 12526 19525 7914 22463 11729 5 5 5 
21 10343 13909 22871 7509 28 6 21282 9387 7558 15955 17872 14425 9956 7 16066 29 1249 6103 8667 10648 4 16066 20402 21793 18639 5 5 5 26 22 21 
21 15457 3365 4 9193 28 20402 12861 26 20 21 
2700 7850 15880 17872 13115 23 7509 12353 15658 20402 28 
21 9130 4 19900 4 636 4 22773 20 21 
23 18374 6103 878 20 27 
16971 14149 20 6103 
12222 5 5 5 
28 14335 2084 21282 22463 2988 15658 20402 5 5 5 30 22 
30 
28 5 5 5 
28 15678 18498 9193 9743 20 
21 21 21 13236 13909 951 18498 6073 9193 15658 22318 8720 4 
1614 7509 13108 18494 15658 7509 17872 22318 22805 5 5 5 21 21 17429 28 21 
18339 20 20 20 201 6103 14335 7138 4766 29 6981 29 20615 20 20 15678 
21021 20 7 
23 31 3147 5 5 5 27 
26 26 26 20 20 27 
21 15678 21551 16468 4 9193 31 16971 15128 0 21 
16440 28 
14792 5 5 5 7730 6592 21282 654 18498 29 8995 201 0 5 5 15678 5 15678 
21 31 10765 23104 13026 4 31 10765 20149 7509 2727 4 15658 6679 13923 31 18494 15502 20 7730 15678 28 28 20402 13512 20 20 20 20 21 
15678 14425 20402 20293 15678 18195 20 26 5 28 28 20 9244 3058 20402 9244 13667 14378 7509 18195 4189 
2371 23135 4289 31 5015 6103 18498 31 13301 18498 13909 10473 15458 16587 20402 31 13301 6103 26 5 5 5 
21 23 4 4289 13640 14548 17458 9193 17629 6103 16083 12571 20 20 20 21 
21 22657 4 22657 4 22657 4 654 4915 23135 16468 9193 15533 7914 28 13359 12963 23171 28 28 7730 20725 28 5 5 5 14425 21266 6103 9956 6670 26 26 20 20244 5320 18498 20444 13810 7850 9867 7509 3749 4 15577 1393 18458 5 5 5 21 

30 20149 654 8956 4425 11679 7509 3748 4915 20 15678 10901 20 20 20 
15658 19900 13909 23104 20244 5 5 5 16323 16971 13512 18498 15005 4815 20 20 20 
9032 26 5 5 5 27 22 
20558 1920 20 
21 27 5 5 5 25 19698 9171 1614 20 28 7730 28 4 23135 17629 22805 12861 20 20 20 
6 13800 5 28 5 4766 26 0 22615 29 21 
21 16971 7509 22520 4 8956 15426 8995 9743 22463 15266 11462 4 20402 14464 7730 17629 20402 482 20 28 26 7730 28 22803 6256 9193 9901 4766 7847 17438 9727 0 20 20 27 22 21 
21 14924 13909 7451 7509 7127 5 5 5 1937 3976 6103 9634 4766 31 28 7730 16098 31 10343 6 9193 368 15458 22144 17458 20402 17297 4 7730 17297 20402 5732 4 2592 5 5 5 20402 17297 20 27 5 5 5 21776 5354 28 17458 11029 9193 21596 21282 14335 9620 15678 10872 21 
16440 23236 22426 7730 5851 20244 19900 17872 18525 21842 5 5 5 
654 20539 12780 1755 4766 15678 12787 20 16440 20402 20480 7914 5792 20 20 
21 15678 5754 7509 23575 21552 6103 26 20402 15138 26 4 5219 1751 15678 17106 9975 17521 17872 21266 5 12158 9171 30 5 5 5 21 
3100 20 20 
4796 20 
28 20 20 9193 18533 13909 20 20 
7730 740 5219 15658 368 7850 21592 7509 9241 20 20402 21793 22463 8943 16659 15226 13804 19535 20 9971 20 20 20 
17951 13909 18498 16816 20 28 28 20931 13512 20 20 
21 1095 22765 6103 11154 4 18498 14335 703 4766 22463 28 20 16440 28 4 28 7730 28 20 20 15577 16219 20931 13512 18533 16421 21 
9867 7509 17055 14388 1233 7850 7914 3962 5 5 5 21282 18498 15658 
18475 20257 4766 16971 23104 16066 15036 20402 23 20402 4668 5 5 5 7474 
13512 20 21282 18498 15658 20 27 
20931 10138 20 20 
21 10702 18498 15005 4815 4 7730 18498 5947 13909 18498 28 20 30 21 
4788 15678 14604 1247 7850 4443 6670 18494 20293 20 27 22 
9193 10829 17658 20 
14425 16150 7509 22520 20 
27 22 15678 19563 7509 3962 13194 28 26 7730 28 22803 20 20 20 
21 368 4 21596 22463 20064 15537 15458 10273 20 8956 12780 2136 17872 28 23135 5 28 20 27 21 
8956 2371 21438 14425 18498 31 12865 11306 5 5 5 7 
21 31 23577 4672 14425 18498 18686 6103 1215 4 20402 18686 6103 1215 6103 10164 31 13344 20 21021 20 21 
23 20 
14425 19407 7509 22520 20 20 15678 5 15678 
1027 20 20 20 20 21282 7850 8840 5 5 5 
21 30 20402 13278 4 9193 5 5 5 21282 10648 15678 28 1393 12755 6103 21 21 15678 14788 21 21 7730 6103 21 21 26 15803 17016 21 21 4 17458 9306 8956 11341 1089 20 22318 368 18498 654 18498 20402 22805 8956 9956 28 0 20 20 2087 9193 12158 1614 20 20 20 21 
20402 2124 31 18352 15678 28 9743 13909 29 10916 5 5 5 26 28 28 20 20 20 27 22 
17324 20402 1097 5850 20 20 20 20 27 22 
8956 2371 20402 9193 20 20 22657 10627 20 20 20 30 3625 7509 13444 22463 22897 2136 15036 
17438 9721 20 20 20 20 
21 13690 4 31 10765 22805 17438 1614 20 22991 654 6103 21793 31 22898 18498 23135 14335 3306 17458 9193 15658 15005 16936 7509 17583 6 4369 31 21544 1086 6103 14703 10795 20463 28 20 27 22 16404 21 
20539 20 20 20 20 24 
9193 368 
26 26 26 21726 5 5 5 26 20 
21 28 20463 13512 20 20 
23151 17872 28 7730 13055 21776 18494 21596 22463 8220 1614 10765 20 20 20 1614 20402 10602 17461 20 20 20 20 21 
21 16219 6103 28 4 23135 20402 15138 11861 17872 9193 4 22318 1027 4796 15643 16721 18498 1027 4 9193 5 5 5 5 17872 9193 15253 13055 21508 
7730 13055 14335 3697 6103 21389 20738 
15459 13860 8995 6103 16440 
17872 21631 18533 4 18498 14335 22805 15344 
13055 16098 20825 15678 10602 3702 
15678 12336 17022 7850 8714 
31 28 17594 4517 31 9078 
31 19246 14915 6670 15678 1252 
9193 17629 12780 17872 22805 22327 879 
20402 7850 18498 15344 4 13761 18533 15036 20 21 
23 20 
5459 4766 15678 1097 20 27 22 
21 7681 10647 4 9193 752 20 27 21 
8208 20402 11686 31 14245 22898 22767 7509 13759 1393 18458 20 15658 8918 18831 20 20 20 27 22 
26 23 23 22417 22438 20 
24 
16721 7850 28 28 20 27 22 
21 16440 4 15215 7509 4331 7730 10542 7509 28 20 22 14425 13727 7509 15190 20 21 
30 30 7850 10953 20 20 20 
16440 20619 20 
23 18498 7722 22765 20 20 20 20 27 22 
21942 20402 21942 15658 20402 5 5 5 
7730 20402 7509 10602 20 20 20 
20402 18498 15326 288 9786 15678 18498 15658 20402 8832 5 5 5 
8639 20 27 22 
7850 1429 7509 28 20 
4672 13621 6103 28 20 
21 22765 4 11875 6650 9193 835 17438 20559 21810 3488 2371 20 20 20 28 20931 13512 20 20 20 21 
20463 10300 20 20 20 27 22 
22232 20 
15299 13909 16402 18498 4796 26 1393 18376 7509 21886 28 20 
6564 5 5 5 
28 28 16605 20931 3011 8060 20 7 
11284 15309 16673 15190 11306 20 
21 288 18498 31 21 21 9907 21 21 9980 4809 31 3510 1614 1393 18876 31 15588 6103 18498 14604 17819 12787 6103 12571 8995 7940 15458 14924 20 9193 4 20319 11875 6103 20149 6650 4 21282 19900 18498 10959 6103 13909 6103 8995 6075 22463 134 6103 22553 7850 28 28 7730 7850 14550 28 28 15458 12459 20 22327 6103 14425 4841 4 3058 22918 4 7730 4796 15138 4796 3170 20 7730 28 28 14335 703 7914 28 4766 15678 26 20 24 21 
18831 28 
21 27 22 7730 21596 7491 4 20149 15678 28 20402 17753 15658 21596 15424 15390 6103 18055 20 22 26 26 26 29 28 16404 17753 26 28 21 
21 23 4 17304 21582 20 20 20 18525 19900 8956 14487 17636 7730 18639 740 21596 8838 20 27 22 21 
21 18476 16721 18498 15678 22144 8995 14426 1421 9010 20 20 7544 14539 20402 31 14487 19580 7730 17636 4 22463 5929 17872 12861 9193 1506 20 21 
21 20149 20402 17872 20402 31 9721 7509 22942 4 31 15144 20402 22463 22942 7730 14514 18059 20 21 
21 15036 6103 19698 30 20 27 22 18784 4 15678 7127 7914 18498 31 15267 15658 5219 14065 15678 17563 20 6103 21 
21 20463 11139 9193 15658 20402 22632 4 9193 15658 20402 6315 20 21 
20931 13512 20 
31 10765 20149 538 29 15266 7730 15678 28 23029 22463 23423 0 20 20 20 14309 28 26 0 20 20 15678 5 15678 
2727 12861 20 20 20 15678 
2136 7850 28 20 20 27 22 
1394 18533 18498 9193 12780 5 5 5 
8847 7850 6734 20 
21 23267 4 18498 13512 20 21 
11066 20 20 20 
21 4156 6103 10628 15803 26 4 7730 6103 16083 29 9956 20 20 20 27 22 21 
18494 2765 5 5 5 

