15349 5846 28 5846 28 5846 
1150 
21 20215 1614 4 14660 28 28 21 
26 26 26 26 26 5 
28 5846 28 5846 15349 5846 
26 26 26 
28 5846 
28 5846 
14660 28 5846 28 5846 
28 15349 
7914 7720 
28 28 15349 5846 
13359 28 28 15349 
21075 26 26 26 26 22 20539 26 26 5 5 5 
15349 28 28 
21 4796 20402 22463 7509 14426 4672 7509 22942 4 23135 15658 288 0 7730 1920 7102 5360 20402 4 12125 7509 20463 15699 5 22463 7166 15658 20688 31 19939 17438 15138 21551 5 20149 23135 21596 871 19520 892 4 4989 15325 18498 17304 4796 7730 16404 6103 13166 17438 1616 18498 7102 9233 5 4809 31 10959 6103 5876 6103 23135 4 1540 31 9743 22463 18884 19871 7730 19910 4 6592 15955 20127 9193 19511 6103 18498 13909 10959 4 9417 15616 4 22129 14577 4 6728 22463 9845 16404 22702 15678 3848 7730 7466 4766 15678 19522 20 
28 28 31 7166 7509 5584 
28 15349 21 
26 26 15803 26 5 8 29 
15083 17438 18498 15658 9743 204 5 5 5 
15349 5846 
28 28 15349 
28 5846 
21 18470 20402 15678 20191 4 10765 0 27 21 
21 15253 4 15349 4 18533 20 15708 5 6103 15299 5 21 
28 
28 
26 26 20 26 0 
28 5846 
28 

15349 28 28 
26 20 
21 12578 7914 19900 20463 18772 15669 6103 12327 20207 15678 26 26 26 15803 26 20402 26 9605 4815 17438 26 5 10237 4 991 7509 2154 4 15678 21662 6103 15517 7509 28 4 15906 7730 11045 5 21 
12578 7914 2154 6103 12327 7914 3962 16066 17438 28 8406 7914 5322 4815 17438 26 5 
1393 18498 17629 6103 16007 15458 20357 5 5 5 9901 31 7157 5 28 28 
21 11561 6 23273 5 28 5 4766 26 0 22615 30 21298 29 
28 28 15349 21 
12787 20 28 28 15349 
26 26 15349 28 28 
28 28 
21 12863 22 20539 26 26 21776 9971 6103 20247 26 26 26 26 5 5 5 26 26 4 26 5 21 
28 
21 28 28 15349 
4796 7558 26 6103 22463 22897 4 29 2637 5693 7730 15658 19900 17458 8285 27 21 
9808 28 20 26 26 26 20 
3058 9867 31 21793 5 15708 5 6103 15299 5 
15349 
21 8386 21 21 26 26 20402 26 0 21 21 7850 18103 4766 28 28 21 
15349 28 28 
28 28 
21 21 21 15678 6592 22463 5758 18498 15658 3913 22463 1623 6103 28 7730 20244 6361 9193 6075 15138 2727 5 297 4 12027 4 15138 10765 4 22385 20411 18498 4289 31 20402 11570 7914 6334 5 23479 31 18525 20402 19604 15678 14811 7464 19900 18498 15678 14464 28 21371 15658 20402 4050 4 18054 4 15424 14872 4 7847 20402 22463 9925 6535 5 6670 18476 4289 4 1540 15138 22463 4766 15678 16083 5 9901 7946 18476 7847 14335 7491 4796 5241 7914 17556 9040 31 20060 22212 7 6408 6981 12301 9901 2136 22463 17556 18888 6103 4730 31 12345 7509 22311 7914 13914 4 9193 15678 9743 17438 21942 5 
20244 17787 4 7491 18498 21371 8361 4672 31 28 5 14464 5935 4 4796 20402 21793 15678 14464 4 14335 16836 1102 20670 15678 13598 6103 28 18498 22463 7127 14455 4796 15955 31 28 4 31 18470 7847 15138 4134 4 7489 20402 4273 7730 18850 4 7730 18498 8956 15422 6103 6001 20402 13909 14487 7509 18498 31 12228 7509 7132 5 13640 7850 7491 18498 19173 7850 21281 7102 20402 4672 2727 14425 7509 18498 16098 15678 28 8222 3702 7914 22525 7850 19173 7509 6014 4 740 4 18498 5459 4766 22463 17446 9593 20420 22385 3058 18481 9594 4766 28 4 7730 14425 2136 7509 18498 3224 4766 15678 1233 7583 1614 7850 21631 5 7102 14455 12862 6 28 23104 5590 7509 3439 4 15036 6103 14378 6318 5 22463 10119 5 15678 17460 9193 15658 19900 5 7850 28 15658 8995 8678 7730 9193 15424 4289 31 16836 5 21 21 
28 5846 4 28 7914 16971 
15855 28 21 
28 
21 21 21 26 26 26 26 26 21776 26 15678 26 4 26 26 26 21776 26 15678 26 26 26 5 21 21 
26 4 26 7614 5 26 4 7614 5 26 4 26 5 26 4 26 26 5 10716 21 
21 15855 4 15253 6 15349 21 
28 5846 
15678 
21 21684 6103 9193 2250 17681 7850 29 5037 13577 6103 17753 18101 6 
5942 6103 702 
19942 7464 6103 9012 6103 15653 9743 
6582 20670 31 21631 702 3558 7730 14798 5 
6412 20670 15678 22954 6103 9193 12899 10964 
6961 18498 13640 7914 20202 19779 20931 
21579 2977 16404 8152 5 
2371 4 1612 10964 31 9193 22385 6983 20 
8329 31 15726 4 21340 9939 6103 13759 19822 7509 20749 4 
20244 19900 1393 4179 7914 18498 14924 7086 21340 9707 4 
15585 18498 31 23485 20402 12269 3962 409 5 
740 1920 4 15658 20149 5335 31 20994 14918 
7730 16765 20463 2097 18476 2042 15860 6103 702 
7914 9193 15344 5 
21865 5998 19691 4 18498 5590 4796 5758 
11139 11454 1341 4 2654 28 7730 
15240 12123 5 
17495 4 1393 14370 18498 780 22732 4 20931 14173 19493 
538 21631 4 16971 7730 1115 12823 4 8329 20663 8833 
6103 702 8646 13309 17945 7914 18498 20149 6246 
910 6103 702 8713 5 
16813 20202 381 16780 7730 328 12602 
6103 575 6103 16179 4053 4 7594 5788 4 
20039 6103 14378 7730 23560 28 5 
5360 20620 7730 305 15678 5942 6103 702 2136 18498 
7914 4179 955 10100 13789 19986 7 702 12838 8661 
16673 19800 8448 7730 6487 7023 7914 91 6103 11662 6 
14133 4 
15036 20 
15349 5846 28 5846 28 5846 21 
23135 18498 10959 6990 2976 6 15349 28 28 5846 
21 6246 7850 12327 6 
28 28 28 10192 22803 28 28 21 
26 22 20539 28 26 5 5 5 
26 26 26 31 26 15803 26 5 
21 28 28 15349 
26 17039 26 27 
21 11288 26 28 26 5 26 11943 31 26 15803 26 4 26 26 26 26 12863 16073 11678 26 28 5 5 5 21 
26 26 26 26 5 5 5 
24 20 15678 15678 15678 
31 26 15803 26 26 26 26 5 
26 28 
21 28 4 11617 26 12863 20 6103 
23 
21 11560 6 23273 5 26 5 4766 3840 29 26 26 26 26 26 11943 26 4574 26 26 26 26 31 26 2914 26 
28 10192 22803 21 
21 27 
6103 
21 21 21 13695 20402 31 17316 18498 14335 571 21389 5 21 21 21 
26 26 
28 
21 22834 875 20 19900 18498 20402 22463 21932 7188 4 9193 18525 20149 18006 31 7847 21596 6103 8995 17714 5 21 
21 15349 4 15678 18498 23135 5174 15658 20402 1920 4 15658 20402 20 21 
26 26 26 26 
21 21 21 22564 6 7587 7850 26 8576 22507 9148 5 21 21 
28 16423 21 
21 3213 7850 2692 
8147 14604 14181 1393 22310 11518 7509 21409 
4766 22463 13691 16114 5 
21810 11124 7730 19698 4 15678 6546 5 
1994 17438 22305 4766 15256 7730 16192 
18498 15643 21211 5174 5 
23123 22310 6383 7730 11091 4 8776 7730 11091 4 
11091 14604 22550 4 31 21888 6103 11902 5 
766 10765 4 8714 15678 20749 4 
31 17311 408 4796 5627 5 
7847 14335 16647 9193 3192 4 7850 16882 4 7850 4456 4 
20244 14335 19539 4 16659 17122 4 2818 17106 4 10551 15806 4 
22442 5 
11091 4 11091 4 11091 4 2136 31 5711 9316 5 
18476 15658 17304 13909 9901 19883 4 
31 15256 7850 10667 6318 4 15671 7558 16996 4 
9193 20244 21787 15678 4387 5 18476 155 15678 15860 4 
31 15144 155 776 4 14335 21787 4 14335 16630 11066 5 
6670 8443 9743 14668 5 
28 17577 
28 28 15349 21 
21 16323 4 15253 20 16323 17438 21596 9359 22385 2727 22463 17960 12378 7730 3086 5 31 16016 7509 11644 881 1393 4896 1059 21282 15061 4796 23135 20402 14875 4 991 6103 21596 22463 16775 9152 14149 4 6075 31 9364 22385 8520 21389 7509 17960 7509 3449 4796 7509 20649 4 15678 18470 5883 7850 14122 26 18498 23135 9743 5 
9901 9808 17438 21596 9790 16440 6990 12970 6670 15678 4785 4 18476 23135 209 31 20558 11644 6103 23151 31 9130 4 2136 15459 23575 28 4 18476 9051 2057 8464 7914 20463 17960 5 1937 23135 22773 9010 6472 4766 15995 15658 21282 6103 9942 4 9193 6103 873 18498 452 18525 13749 17438 20463 15699 6103 14031 22385 16911 5 
17819 15344 31 11644 7509 21526 7730 14335 13325 4 18476 740 7914 20402 28 4 23135 13480 16404 5320 4 14018 23222 20670 15678 1961 16673 28 7730 22327 5 6408 15344 31 17705 7730 31 5590 27 5 9193 4 13055 9193 14924 6437 4 19969 15678 5621 8929 5 7730 19969 14539 4766 15678 16540 1421 6103 23575 11518 4 18476 13055 21596 5590 31 4417 6103 3402 31 18620 5 15678 26 9901 13512 4 7730 11066 31 20931 12431 7914 18533 4751 7730 4730 10484 7914 22327 27 5 31 21592 4 15658 14466 11861 4 19900 6 14911 31 21793 9128 20 20931 13860 7914 4524 8995 20402 7730 740 20402 16162 4766 15678 21021 22987 5 
31 14122 13055 18876 21793 15678 6214 7904 17521 4 9193 18533 19822 22463 17556 6981 3219 7730 7491 18498 8456 22463 7509 2506 7730 4730 31 15132 6103 688 9193 22720 8329 23135 21810 2530 16404 12780 1393 1549 20 3222 1393 16440 4 15253 4 3450 11635 1393 14160 4 3450 14810 6103 21738 4 31 6363 12272 4 31 13600 1614 7730 332 4 9170 4 20402 22463 16633 7850 20931 5564 7850 6014 5 21596 18498 20402 20 17458 4 23554 14122 21936 4 11300 20 
20402 1920 4 7914 14336 31 20670 6103 17347 9529 4 1670 9402 4 20795 4 11011 8770 7730 5713 22318 9802 20 31 13905 13048 4 9193 15253 4 20149 6075 2092 7509 4876 4 15678 16083 3611 20402 5949 7730 20463 19522 21371 5 1027 23135 20 
662 1393 20463 17930 17438 9193 4 19900 18498 7847 20402 20463 751 16813 5 
15349 28 28 21 
26 20 
21 26 26 11943 26 4 7585 22 21298 26 26 28 0 
21 9193 4 18498 13048 7847 9743 1393 17313 6103 28 20 18498 3085 20 21 
21 21 21 31 28 5255 4 5139 4 20402 18374 8871 5 21 21 
28 17577 21 
28 28 
21 13325 4 28 0 21 
21 13055 9387 16312 6103 22310 4 20207 31 28 5 21 
26 20 
15349 28 28 
26 22 18740 26 26 26 26 6 
21 22805 4 12979 20 27 21 
21 5009 4 14604 3894 5 5 5 15658 20402 10544 20 21 
21282 16098 15286 26 5 
21 15855 18498 11665 4 15349 4 28 4 28 5 27 21 
26 26 26 26 26 5 5 5 
21 26 15803 26 26 
11617 26 31 26 11943 28 4 
26 19827 12863 26 4 26 31 28 5 
12863 26 26 26 26 
26 26 28 5 
26 26 19795 26 21776 12863 4 
26 26 26 4 7850 26 26 5 
26 26 26 19827 26 26 26 
26 26 26 15803 31 26 11943 26 5 
12863 26 26 26 5 
26 26 26 26 26 26 5 
12863 26 26 26 15803 26 26 3351 4 
26 26 26 11943 28 5 
28 28 21 
1983 26 26 
15349 
6103 
21 20149 9193 5 5 5 14036 22463 1631 4 1435 22463 18828 4 5892 22463 11534 4 19259 22463 22886 4 15502 14335 6075 2031 4 17556 14335 15726 4 18705 16971 14335 4134 7730 9193 17304 9570 659 31 21793 5 9193 4 17438 20402 9193 6313 7509 3629 7509 15364 4 17438 8995 17703 4766 15678 892 7509 910 4 12578 16673 5896 7509 8908 7730 6184 1393 2060 7509 12529 4 7839 18498 15678 23044 14335 1077 4 15678 15726 14335 1889 4 15678 2046 14335 15012 4 15678 6852 14335 7114 5 
28 28 21 
28 
26 20 
17316 6103 28 28 6103 
28 26 
21 7730 4356 5 5 5 22463 10965 4 20402 4 
4796 873 18498 3702 6103 15243 4 
3702 14991 7730 20833 
31 2464 7509 17080 6103 22 702 5 
4356 18476 20402 7957 5 
19668 28 21 
21 28 
3143 
26 26 26 26 26 
26 22 30 4796 31 26 26 
26 22 30 26 26 26 26 
26 26 26 22 18740 11943 26 26 26 
26 11617 26 26 
26 3590 
26 22 20539 26 
26 26 26 26 
26 26 26 26 26 
26 26 26 26 
28 26 26 26 26 
7850 4 26 26 22 21298 9971 6103 20247 26 26 
11617 22 30 26 26 26 26 26 
26 26 7850 26 22 20539 26 26 26 
26 26 22 30 20916 26 26 
7850 26 26 26 26 28 26 26 
7509 26 18779 
26 26 26 26 26 
26 26 26 26 
26 26 26 26 26 
26 26 26 26 
26 26 26 26 26 
26 26 26 26 
26 26 15803 26 
26 26 11617 16105 
26 7585 22 21298 26 12863 7850 15005 
26 26 22 21298 26 26 
26 26 26 26 
26 26 22 20539 26 26 
26 26 26 26 26 26 
26 26 11617 31 26 
26 22 20539 26 26 26 
26 26 26 
26 26 26 
11617 22 30 26 26 26 26 26 
26 26 7850 26 22 20539 26 26 26 
26 26 22 30 20916 26 26 
7850 26 26 26 26 28 26 26 
26 26 26 
26 26 26 6070 
26 26 4 31 9581 26 
26 12863 26 26 26 
12863 26 26 26 
12863 26 26 26 
26 26 26 
26 26 26 
26 26 26 26 21 
23132 15658 9380 21021 20 
21 15678 15880 21154 15678 15190 
4289 22463 21551 7914 18498 15658 20149 7491 13909 6 14604 28 5 
21551 6103 165 6427 5 
21551 7914 18498 15658 20149 7491 13909 6 14604 1114 5 
17458 15678 1114 19522 12764 5 
7730 15678 15860 15658 4346 5 
7730 31 15256 21471 1453 15678 19848 21932 5 
7730 15678 5528 8995 20155 5 
7914 12780 15144 2647 1393 17478 4 15658 155 5 
9901 21282 4 31 13759 1402 4 
9193 7850 20809 21680 15860 19471 8322 5 
20402 21793 4181 4 13055 15658 19900 20738 5 
7730 15299 8840 6103 21680 1097 5 
17556 11862 23016 31 22764 4 18498 20402 31 22764 0 
21680 15880 21154 15678 15190 
7730 7847 15658 16958 13909 18498 31 15256 6103 22463 5758 5 
31 11154 4 31 10183 4 31 7318 6389 7509 7788 
18069 1453 18498 31 22942 18031 
7730 15424 21793 20149 13446 740 5 
871 4 288 3364 15678 8855 4 
17658 15678 6305 15036 5 
4289 22463 21551 7914 18498 15658 430 15036 5 
4289 22463 21551 7914 18498 31 22942 20402 22463 15970 5 
31 22942 1453 4 20244 14806 5 
21 28 
26 7730 13591 11898 16673 14539 17807 0 15678 5 15678 
4672 13512 6103 28 20 
21 5935 18498 7850 10765 28 18498 21570 22507 3590 8576 9312 7850 14539 18498 21570 22507 3590 4 18498 6075 7850 12787 8576 26 7850 14539 18498 6075 7850 12787 4 18498 155 22507 13236 6103 26 8576 155 769 12277 7850 26 13236 6103 26 5 21 21 
28 28 6 7850 1694 20158 21 
28 5846 
12863 30 22 21298 26 14335 26 26 27 
28 10192 22803 
21 21 21 15678 11474 15643 9743 15678 13923 22385 4886 7730 8441 4796 18476 15678 9743 17438 5472 19239 5 21 21 
9507 7509 13591 15678 4126 6103 28 6103 28 7750 5 21 
21 15833 26 20 6103 
15678 
21 21 21 14604 3058 28 18498 22327 17304 4 
11583 22318 16630 22463 11066 5 
20085 4 20304 4 7730 15658 6990 13355 4 
7509 1114 18498 9193 21596 7730 18498 15502 14335 21596 5 
20304 4 14604 1027 4 6047 7251 4 
15138 7251 16404 9193 4913 
1616 18498 20402 3894 9193 20402 10962 
7730 7850 9193 21631 15502 15658 17520 5 21 21 
22133 7509 17313 19776 6103 28 28 6103 28 7914 871 17316 5 21 
22327 18498 9193 17629 6103 22463 6404 7730 31 11712 4179 5 2702 6103 13759 20 
23 20 6103 

