15678 11455 29 23274 29 20402 22463 22246 31 20402 4788 1453 20670 15678 29 5 
21 31 11454 7509 10523 3170 20402 5320 31 16440 7509 7558 10839 6103 14703 10795 18498 13909 5147 7850 4156 15291 16404 15678 8293 6981 8893 28 17438 15138 4 22463 6318 15678 13909 23086 7730 5203 7509 21726 6103 14703 10795 7730 15678 16083 4 15678 11020 16196 6990 11020 5204 5 16323 4 28 16673 20463 1247 6103 4452 1249 20 16323 5851 16673 22318 11020 5204 7730 16673 22318 8882 3962 20 21 
21 31 9867 20402 7509 4452 1249 7509 10839 7509 28 4 9193 15459 16196 18525 13909 3219 8406 15678 21726 3172 20402 15678 13905 6103 14703 4 15678 10839 5851 4 15678 21726 18498 15658 17629 20825 7914 20402 11020 17324 7847 31 20931 11454 6103 5204 15678 21858 21561 7730 19456 21389 7850 28 18481 7850 9477 5 15678 10839 7509 28 20402 9193 3962 7730 20402 16440 6103 9193 11454 5 21 
21 15678 28 2830 20402 22463 7509 10475 7509 18250 4 20402 22463 11474 5212 7509 7102 5913 2136 31 28 7509 16440 4 13055 654 8995 5212 6103 21793 31 2509 18498 8995 21056 31 11729 7509 16440 7850 3716 15291 4 13055 20463 9943 4 9010 740 20402 14683 16784 7914 14336 1393 12763 6394 6103 5614 7730 9599 5 21 
21 13055 8995 1446 7730 21582 13045 15678 536 7509 17819 17509 5 6075 17872 19617 4 20402 21282 12960 3031 5 5 5 21 
21 17819 6446 7509 21726 6408 18498 13055 11284 16784 31 13472 7730 13055 8995 18533 13045 8927 6103 9723 31 507 7279 7850 3213 16673 22406 5 5 5 654 31 3031 7509 22897 20402 15678 28 4 6408 17304 20402 15678 11118 16066 15678 10101 18498 23016 13640 31 20202 5 5 5 21596 13909 4 21596 16083 4289 7730 2136 15678 30 17304 20402 4929 5 5 5 21 
21 16972 4 20402 2027 31 9010 10131 5 8956 21743 6103 4853 6423 7730 4060 13923 1393 1097 7509 16083 13131 7509 21494 5 15459 4475 6103 21596 20402 13405 31 8003 12134 17438 4060 6103 4853 6103 4127 11791 9193 13055 16784 871 1097 7509 19415 20699 4 17458 9193 8386 18498 20149 31 16971 4854 20402 17458 15658 20149 20357 2727 22805 31 11729 7730 13640 6194 18498 7847 18533 18498 9193 7730 21793 20463 1097 20149 20357 11686 4 2371 15658 6075 16083 4 15658 20402 9010 21743 6103 1095 18498 18533 17872 9193 4 6295 5 21 
21 15678 7558 14426 17419 7509 3623 3170 16468 17438 8003 504 15459 19745 4 22463 21596 20402 753 16673 1636 7730 15678 16083 21596 20402 17669 5 31 7558 1636 20402 21569 0 16404 15678 18498 21596 20402 17669 15678 4349 20402 13591 5 5 5 20149 20402 15678 5431 16404 15678 7558 21726 31 8003 21371 20420 7176 0 21 
15678 4349 20402 13591 17836 16404 15678 18498 21596 18498 5147 4766 31 6446 5 5 5 
21 13185 7509 10916 7509 31 17304 7509 4254 4 11284 21787 6103 15256 0 1276 4 7686 16066 6408 6318 21596 20402 8066 16673 23363 28 28 0 11284 21787 7850 15256 20539 4 17458 15678 1986 20402 6838 6103 30 21961 16673 8066 6075 16673 20463 14154 5 8067 15658 20402 9620 4 15678 13004 6075 13301 7509 22685 5 15678 21787 7509 3031 7850 15256 20402 5230 7509 8067 4 17477 15658 21596 22685 871 17872 13004 6075 31 13301 17872 1986 7730 21596 18498 21596 14156 31 9620 7509 23363 4 4796 15658 14156 4 21787 12752 7509 18470 15678 1986 15658 21752 22685 871 4 17477 10916 13278 21 
21 18498 3623 9652 4 15678 28 6075 1249 5 23575 19745 7509 17819 7730 15299 8995 6219 7914 19225 1393 30 4 23423 6103 4530 7509 13444 7730 23423 7509 30 7730 15678 10530 7063 7509 22406 20 21793 8995 7850 3213 6103 4530 16066 5204 7509 22406 5 5 5 8406 15678 7118 17819 4730 18475 21726 17304 17266 15678 22406 16066 31 23423 6103 4530 16404 31 13444 5 5 5 8406 15678 7118 23575 18475 22463 17304 3510 7850 23423 6103 30 16066 15128 6103 18352 5 1453 22463 15840 21726 15658 5590 15425 19701 6103 12729 6103 17509 7850 21302 15424 15678 18497 17819 17304 3510 7730 15424 15678 18497 23575 20149 4528 17872 13444 5 5 5 7850 13909 22327 740 17304 349 5 9193 23575 7558 3623 15678 3625 13055 11284 20149 6987 13640 7850 17819 19745 17872 15658 16784 13909 31 13472 7730 7509 16083 13131 21371 13055 9387 15678 871 21726 9579 1393 30 4 18498 349 2727 1285 16404 28 7914 29 7730 28 7914 29 5 9193 740 15658 16098 15678 4794 8895 6103 10211 22523 6987 15678 3625 7509 21552 16066 15678 17521 21726 7509 30 16066 14539 30 5 5 5 7730 15678 4794 26 22523 7914 15658 20402 11798 5 5 5 8995 20293 18344 31 20094 17872 21726 18498 3510 7850 10959 16432 5 5 5 21 
21 23029 21282 4 9193 17797 31 5487 7509 28 28 7914 29 6103 13014 4 22385 13640 201 31 5505 28 7730 9901 4935 18498 18525 5486 7850 4089 20402 15678 8062 6103 12959 14539 5 5 5 15678 22386 7509 20237 20402 14065 7730 21596 18498 9743 15678 18498 3938 7730 8062 6219 21 
21 13375 4 20799 7730 14437 9652 4 20402 17872 7995 2136 15678 19713 5 21 
21 20149 2136 15678 28 8995 23409 31 28 4 8443 15678 15422 8995 9786 14539 5 21 
31 14425 4796 7509 28 7730 7509 5881 14706 
21 3036 6103 14025 4 21 
21 3884 20402 22327 6103 3058 4 2727 17714 20402 14425 740 21 
21 20402 22463 18855 15678 18498 15658 238 31 5204 7509 13905 6103 14703 6103 29 4796 3625 3170 5 20149 15658 238 20402 17458 2136 8956 1249 7847 15658 21596 5204 15299 740 7730 7847 13055 21596 29 1249 6103 9388 5 21371 17304 238 18498 15678 19713 20402 13905 7730 13909 23086 7914 14466 21551 6103 3610 7730 7847 15643 16468 6103 22463 22406 12758 4 16066 20402 4 15643 20402 2794 6103 15299 5 5 5 5850 15658 17629 18069 15299 4 15658 17629 18069 18498 15678 21726 20402 15678 13905 6103 14703 4 18498 15678 21726 20402 21675 3625 3170 4 21675 3625 7509 5505 7509 28 4 18498 20402 2794 3625 7509 13444 4 18498 20402 2794 3625 7509 21102 4 18498 20402 3625 7509 5505 16067 5 5 5 31 11454 13055 18069 4 17872 5851 4 2631 5204 15678 22406 7730 8546 15678 3672 4 18498 31 11454 5320 6408 5 5 5 21 
20149 20402 3058 21596 18498 4854 5 
4854 17872 5947 6408 7850 9193 18352 
3036 10412 6310 
18884 22702 6103 2905 5 
21 18884 7445 16404 5947 4 9417 7730 20149 6306 5 21 
21 21810 4189 14866 9743 2727 16404 15984 4 19931 31 20402 7730 740 5421 7850 17796 6103 7544 6232 7509 6011 4 4796 6364 4 13923 6103 28 7730 28 4 21282 15658 17304 11284 9334 4 17324 15678 23491 7914 951 4988 20402 15138 17670 5 21 
21 9193 21596 18927 15138 31 16399 7730 1097 15678 22564 7509 4571 6103 13890 16404 5 31 16404 4774 31 7594 6103 1835 4 4757 7730 14539 6103 13370 15210 4 17438 9743 22564 5266 6981 4882 892 6408 6318 21596 14335 907 7509 12104 18498 9193 20357 4766 31 7594 4 7850 14604 3962 13370 6103 21572 7509 3192 7730 7594 7850 1835 5667 7730 12954 7730 7850 16962 5 16404 9193 20402 23570 4 22564 7151 6103 7558 31 22310 7603 4 18498 8995 308 7509 18927 5 15678 9334 15658 9743 13923 871 17324 21793 9334 6103 13890 20402 7890 16673 22545 5 15678 7809 4689 18498 17304 18090 20402 20786 15678 12645 4 18498 20402 16083 17451 18498 9193 17629 5426 5 12862 9193 5426 6103 352 4766 14604 11600 6103 9213 5 
20149 873 21596 871 7728 20670 31 7822 7730 31 15390 6103 21810 31 20794 7509 4571 6103 13890 20402 3058 340 15678 18498 9605 22463 2251 15258 18498 5174 13909 7509 1961 18498 9193 5 21 
21 18525 20149 15995 6103 7903 16066 18164 18876 13055 18876 31 20931 18937 5 17438 20402 11509 4 23550 7730 21931 9193 15658 8840 18164 16066 7901 7509 16971 18498 5484 4815 4 18533 1276 6103 22327 15678 19456 7730 31 453 31 18498 21596 7277 4 9193 4 31 18937 9193 31 8840 7509 20304 7509 10901 4 1612 18498 14335 21225 16673 9193 2053 7730 8637 18498 21596 9790 1393 13669 6103 21793 9193 22942 5 21 
21 15855 2371 28 4 18525 19900 15658 5219 6592 9010 5 5 5 13405 9312 22463 14763 4 9193 5219 4 873 20149 11215 31 21582 2647 15678 14604 21551 0 19900 18498 15138 17304 5219 7914 22463 21551 2727 14465 4 23135 13909 12979 7730 14466 22622 5 5 5 21 
21 15855 9010 19349 4 28 28 7730 1164 20149 11284 22903 5 23135 5174 31 21480 6103 17919 6103 11379 4 31 11670 13055 20402 13185 4 20402 21282 9193 14984 9193 15576 3919 17458 15678 10982 3170 12894 12780 16878 18498 20402 1570 7850 14979 17324 12780 18506 740 13909 31 28 5 5 5 7558 14667 18570 4766 22463 13581 6103 702 5 5 5 15658 12780 15424 10691 4766 702 4 20402 21282 16647 31 18498 20670 7509 1623 5050 7914 10472 5 5 5 31 9193 21480 17304 20402 740 13909 22686 18498 1380 15459 19349 5 5 5 21 
21 31 7071 20402 15678 17819 23541 18498 17304 20007 31 20931 22942 16066 14539 9750 794 15678 21021 6679 4 31 1612 13759 7850 9975 7509 22415 18498 22318 11710 15678 3610 7509 20009 5 20149 21596 7071 16404 8047 22463 9408 4 15678 22520 5263 16404 18498 15678 9975 20402 9808 5 21 
21 18784 4 9193 15658 17629 7509 7118 14016 16404 23104 22463 22942 11262 7730 9808 4766 28 4 14335 2631 1453 22463 4 7850 18470 8995 12418 21793 31 13301 7730 15678 17932 4 18498 20402 21 21 1027 1393 18195 4796 31 20500 14539 21 21 5 15459 8995 15678 5910 6103 21793 15678 16083 14016 4 12027 15678 17819 4 13055 18498 28 15138 22898 20149 9743 17737 2092 7509 18195 5 4766 4181 4 20402 2092 7509 18195 18498 7847 636 5661 7850 9193 22942 5 21 
21 16404 23135 14604 12787 9219 4 22463 22619 7850 20931 10547 17304 19010 20463 19553 1393 20221 7509 13857 11685 4050 4 31 13909 9918 1393 21663 7509 1604 7730 20200 7509 9215 5 21 
21 15678 21932 9193 15812 16083 4869 4 991 7509 20015 7730 1938 1393 20127 5 9387 15082 31 13909 16404 10959 7509 18498 9743 4 14539 18498 15576 15828 16393 7310 17438 871 16971 18498 6621 20644 504 1393 18498 21596 8241 7850 22942 5 16971 18498 7310 16083 16971 21282 17438 9010 9368 2060 13923 19275 16066 6103 3952 12256 7914 19225 1393 14426 8052 4 15658 14514 15678 14465 19456 4 909 15424 20402 7205 6103 5243 5 
7850 9193 2060 6103 3931 9193 21596 3058 15082 16404 10959 7509 18498 9743 4 8815 18476 3610 16673 19856 7730 8147 16971 4 4290 6103 6103 9408 15138 7174 7509 18498 15726 7509 15576 15190 8810 18498 3450 22463 21596 6389 6103 20500 6 16083 7127 8147 22463 20304 11669 18498 14335 6075 22463 22823 13606 6103 1114 4 15658 16083 7127 8147 16083 18498 1959 5876 6103 22463 5915 12960 7850 20098 16673 9634 7730 16673 1932 20699 6103 22463 8394 18498 21596 31 14799 6103 5876 7509 16971 7542 4 9010 11474 20402 6911 7850 3585 7509 3962 6990 20304 17438 8230 6103 22463 11543 6103 28 4 5879 9634 15133 6103 4417 17438 18498 15658 718 13909 5876 7509 11474 18498 11284 20738 6439 4 21596 4901 15138 15457 7730 23316 31 22327 7730 31 21793 4 12025 28 7850 20931 13566 6103 2938 5 15678 18191 12787 15658 238 18498 31 15144 20725 15678 11474 51 7914 20931 3585 7730 3213 4766 31 15144 5267 17438 7847 28 16673 5915 5 7847 21154 15138 684 7730 23317 7509 7558 12787 18498 740 20149 288 7850 7277 6103 15808 21282 17458 23379 7509 7558 5 5 5 
16083 20304 15658 19900 15424 1926 15678 15540 6103 21389 11580 16673 17556 8634 16066 9620 6103 15941 7850 22942 6103 1540 7730 18476 17629 16404 1926 15678 18900 7509 5593 19140 20149 288 7914 7181 2136 16404 18876 15678 3931 5 871 4289 31 20402 23503 7850 18988 6103 1926 15678 15540 4 16083 20402 7723 15678 21036 16404 6355 21389 11580 7914 22463 4475 6103 20149 20357 7235 7850 17743 6103 22463 20558 3931 5 15678 18498 17511 9743 0 15678 15828 7070 18498 31 5593 15658 17304 20402 8414 20149 31 16971 15658 1926 7730 16066 15061 19664 5 5 5 13793 18498 9193 15658 6256 6103 8414 31 5593 17438 22463 16971 22385 11581 7730 23195 21282 17458 7847 15658 19900 1926 5 17438 15894 16468 4 9193 23206 7418 7914 18498 7414 3928 4 21371 7414 20554 4 21389 4 18498 8361 16971 17267 1162 31 1926 20931 5593 4766 28 22309 7730 8262 4 9193 4766 20853 6103 20116 9193 13763 17458 20402 22092 4766 7206 5 21681 22898 7914 18498 17629 21944 4179 1927 4766 9193 13375 15658 14466 8261 4 17495 22463 17556 13909 13300 5 20402 15138 15079 20402 18876 4766 3870 16673 16971 20558 7730 11581 18498 15678 14604 15828 6103 3931 4730 7850 9193 10366 5 11462 9193 8995 15658 7418 7310 17438 21793 31 20709 17438 21596 20402 7850 16468 31 13905 9719 7509 19143 9193 15678 3870 18498 18876 7509 14995 20402 15138 13905 7730 13909 5138 18498 15678 6576 7730 31 7312 18498 9193 18876 18476 2019 31 19143 4141 7730 16083 2439 7509 7894 1088 5 
16083 7127 9193 4289 31 4346 6103 8003 18476 20402 8414 22463 5593 20558 15637 3956 15138 17297 5 31 20304 18498 14335 2018 20149 18988 16066 31 16647 4766 20931 15256 22309 22463 3928 18498 9193 17304 21596 2050 7914 18475 3702 7509 150 5 20463 15860 3219 18476 31 4229 16673 15540 18498 13359 7509 6997 5 4666 20402 31 6997 6072 3928 5879 8450 22126 28 22385 8262 18498 21282 17304 20402 6103 22463 16971 26 11581 7730 20265 5 7730 20402 22463 12787 7509 20304 18498 15658 19900 13359 7730 21596 21389 11580 18498 4346 18476 7850 9016 31 3928 7509 12787 18498 11284 13909 6103 22213 1249 15658 22805 5 31 835 18498 22057 1393 21596 20149 13325 7509 12787 15658 6075 16404 9457 7914 16192 7 8003 4 13764 4 20793 4 22151 4 20853 5 9901 5313 7730 7850 9971 21596 18498 155 15678 8450 7730 13359 7914 23180 951 15678 18498 8995 8678 7850 3928 5 8329 9193 13433 4 991 6103 4346 7730 20792 7847 19335 7995 18494 21793 31 10343 18498 9193 9594 5 5 5 20402 15138 8003 17872 9193 5 16784 22463 22213 14764 15637 8414 6103 22463 20558 3928 9193 16404 15678 14604 7826 9193 10648 15138 4 15138 13909 18498 15678 20015 18498 18876 7850 9975 7509 15266 5 5 5 
23135 18498 13359 9010 14469 2136 9010 14924 17438 4179 7102 21596 20149 7995 21371 4 17458 20402 22463 16971 15138 8810 7730 4290 6103 3876 5 16323 4 4766 4181 20402 22463 16971 7070 17438 21596 22773 15678 6576 1393 16765 18498 31 14469 20420 13669 4 20402 17521 18498 871 16971 15658 21596 16468 7509 17819 13539 5 15708 17438 16439 4815 7509 8003 18498 31 22942 14335 15812 5 21 
21 22463 20304 11669 18910 4815 8995 20738 15138 4 21874 23092 31 17556 21551 4 6408 6103 29 1249 6103 3962 5 16841 18470 15678 20191 6103 22463 22521 22385 7684 7847 14335 19474 6 1114 4 15138 1114 5 18498 3086 20 2371 7850 9594 6 4796 17304 22463 16971 6408 6103 21596 28 21389 8995 20738 0 15658 4 9193 20304 4 12862 15658 20402 20739 5 31 20126 20402 21389 18498 31 20304 8995 5150 15678 20352 5 20126 15658 20402 7594 4 20126 1202 21793 31 7594 28 16404 5139 31 910 18498 20738 31 2169 7509 4841 6103 21389 1249 5 16323 4 31 20304 8995 21810 17511 7509 20463 10603 4 31 20931 5564 6103 28 4 20402 22463 22772 5 15678 18498 20304 4229 6103 20739 20402 15678 20463 18164 17438 21596 30 21389 16673 8897 4 17438 21596 5876 21389 7509 20744 7730 17438 21596 28 21389 7850 22942 5 5 5 9193 14764 20201 7914 18498 31 340 4 31 22805 20852 7914 663 16673 9193 16192 7730 740 14335 78 18476 14335 7360 31 6275 5 10648 15678 14604 7127 4766 15678 20853 7730 31 3369 9975 5 21 
21 15678 17304 7509 15965 15658 8995 7850 15965 7914 20500 16066 7850 10211 4766 18498 20402 9359 4 15678 17304 7509 15965 8995 7850 10547 7509 16971 18498 368 18498 9387 22463 28 7914 20931 22942 18498 15930 14145 4 13640 20149 368 4 23104 7914 10502 6981 28 4766 21539 4 7117 4 11036 7730 11580 5 21 
21 15678 10523 3170 8995 15138 15518 15658 15669 15138 2442 4 13055 6670 15678 1249 1293 4 18476 22463 21726 4766 22463 15270 6103 5763 7730 10523 2727 12960 17304 9743 31 7178 4 4796 15678 5851 7730 2070 9743 9193 7558 1249 1293 4 5204 15678 22310 22406 13909 4616 16673 21726 3172 5 13055 15459 1249 4 18496 19745 17438 5013 7730 18475 21726 4 14539 15678 23575 4730 5360 4766 31 14539 4245 6103 794 15678 21830 7509 21302 20149 20149 1487 22463 17556 13909 7730 12960 22463 10523 22463 17556 14425 7509 18498 15678 18498 8995 22805 17438 2371 5 16404 15678 28 4 20402 21282 7847 12960 15678 14539 10523 7509 1249 1293 18498 7850 19283 15678 22406 6103 3625 7509 20210 18498 7847 19969 7509 23423 6103 6617 13640 13640 5 5 21 
21 31 16971 6103 22463 14881 10793 15658 368 7850 12565 6103 15965 6103 16083 16971 7914 20463 18074 4 17458 7847 18191 15658 368 7850 10268 18498 21596 31 18191 15965 4 9193 740 1920 20763 31 15965 6103 16083 16971 7914 20931 12551 5 18525 368 7850 17304 6103 12565 7509 15965 6103 16083 16971 7730 31 16630 4 20402 17458 15658 19900 18498 31 15965 9790 7850 18191 12551 21596 15138 13909 22665 4 12027 740 13909 18498 31 15965 6103 22463 15253 7850 12634 6103 22463 9942 5 20149 23135 21596 10547 15963 4 15963 17438 23135 17819 7730 18476 20149 20357 18779 4 16066 20402 4 19931 4 2371 8443 23135 17304 15963 16673 16083 4 20244 18498 9010 21596 16630 5 20149 16630 4 15658 15398 4 9193 20768 18498 7847 15963 17819 7730 368 7850 17304 7509 15965 16972 5 21 
21 15658 20402 17629 15138 16404 20402 9808 4 2631 1029 31 20500 14539 7730 5484 4796 20644 7914 18498 20149 23104 4766 31 20116 6103 21596 5204 866 15138 3058 14539 18498 15658 20149 8995 7850 21830 7509 18780 4 17458 31 4672 17304 20402 740 17107 4 4796 6103 9707 20402 20149 16878 18498 16719 15403 6103 10431 7730 16969 15678 7573 5 20402 11043 16673 5204 7500 4 16673 1623 18498 19466 4 16673 18374 18498 20444 6103 892 7730 17836 16673 16971 1393 20931 23151 18498 9743 16440 6103 20931 19415 6103 19205 5 20402 9808 20402 22463 15955 7730 20402 22463 7277 10657 18498 23135 14539 17304 5426 5 21 
21 15678 7533 21596 22665 11455 7730 9457 4766 15138 23042 15678 1875 22823 6103 28 7850 19210 9790 31 28 4 13055 31 16440 9975 4 31 21945 7279 7509 1626 16404 15678 28 7509 15965 7509 16169 15576 15658 5054 7914 15299 4766 15678 1875 6658 7509 11474 28 4 21596 15138 17316 7730 31 14439 17571 15658 5054 7914 15299 4766 15678 9215 17664 4 8815 15678 7509 14924 18498 16018 31 5174 15965 7509 16169 15576 5 16764 4516 22463 10087 9333 7509 5896 11069 5 21 
21 18525 20402 14539 8956 21340 6103 28 28 0 7847 20402 873 6103 11868 16066 20402 22463 28 7509 22942 0 733 4 7847 20402 9219 4796 15678 28 0 20402 7509 14539 13148 16066 20402 7558 28 5 5 5 20402 22327 7594 6103 5666 17458 15678 28 28 8995 12034 5 21 
20931 9801 21282 6400 6103 23135 7730 7102 20402 20931 31 15955 6103 20402 9808 18498 12780 5022 16404 18498 21340 349 7730 4766 4181 349 5 
15855 28 3063 7509 28 5 10889 5 4766 5 16323 16673 12346 7509 11640 7509 17960 5 
21 15678 22823 30 7509 21726 6103 21266 2372 7509 28 5 5 5 16673 21942 7914 21266 2372 6075 17872 20149 9743 22463 11670 20149 871 6981 18497 17792 15458 23423 6103 5139 2136 15678 9975 7509 3623 0 9193 1522 7850 26 4 20402 15678 21726 4766 13905 15677 6103 22406 7509 21266 31 5 15678 11118 21371 17304 20402 5 5 5 13055 15678 16083 15658 20149 21225 15424 2136 15678 9975 7509 17819 22358 5 21 
21 1612 18498 508 31 22463 1095 16066 31 22463 12787 17438 22463 8561 4807 15658 20402 6103 10211 871 22463 13008 6103 18553 16066 1612 18498 1515 15678 6193 16404 31 9835 7509 16083 4 9193 20402 1276 6103 22327 873 18498 1027 15678 16083 4 17324 20813 15678 3735 6103 1027 20402 18498 21596 5521 16404 21340 2053 4 13055 18498 17304 16784 31 1103 5 20402 13909 10544 19303 1393 1103 18498 5147 15678 18191 8561 20149 15658 18533 461 7730 17438 16083 13131 21355 20402 13909 15945 20149 15889 7148 7509 8561 7509 1095 31 5590 15678 19701 6103 16784 20931 1103 5 1920 349 9193 19205 7730 3450 22463 636 6103 352 4766 31 18191 5216 5 15678 5212 6103 20931 19478 11284 6103 5590 15678 19701 17872 15658 20402 15887 5 7850 14604 3962 9193 17658 5590 15678 19701 5 21 
21 18394 6103 3951 2058 10473 14539 17836 6103 9743 22463 4845 7509 1276 4 7509 4766 7730 7509 6408 5 20402 22805 17872 5739 5 21 
31 19898 6103 22463 11020 13786 21282 17304 14539 20402 12442 16673 8908 20060 5 
21 28 28 4 15855 9010 16468 31 16468 17872 14984 22463 1609 6103 702 6103 2442 5960 7730 6103 10544 14980 5 4766 31 5782 8214 18002 31 349 4766 31 9620 6103 702 7850 2399 11373 12780 2011 2727 1393 5803 19038 5298 6103 8208 5 21 
21 12780 6256 19140 1614 17872 18069 7850 10530 15678 18498 8995 565 4 31 19456 7509 15241 21 21 4089 21 21 5 4766 31 19969 7509 28 7509 28 30 4 13055 21596 12974 4793 18498 15678 28 28 12780 1959 31 19478 6103 20988 15678 23539 21389 7850 28 18481 7850 20237 3170 5 16673 7157 7509 12974 6075 17872 16765 18498 13055 9387 12599 6103 8062 4766 7280 7509 4089 4 15678 18498 16878 5013 18498 15678 28 28 20402 13325 7850 18195 5487 4 13055 18498 31 20237 3170 21282 20444 6103 23088 17872 9506 6103 15576 12959 5 9901 31 7157 6 20149 28 28 1421 7850 18195 5487 20402 31 4936 7509 10268 7509 8058 6103 10523 6389 7509 4089 5 21596 8062 6103 12959 17111 7850 4821 22386 7509 4089 4 15658 11284 4796 15398 5 21 
21 31 22942 20402 15678 7563 6103 28 19363 16673 20844 7464 18498 6075 910 1393 11474 17438 7847 5762 5 31 15041 15658 20402 7563 7730 15424 20402 6679 16673 5754 7730 21179 4796 5227 7509 16605 16015 5 20402 1920 15658 11284 17458 19479 28 16673 15041 18498 9193 571 18697 15576 8379 18533 5 31 15041 20402 22463 9699 16673 18470 21793 21596 18498 16468 12149 1393 18191 23167 9193 4796 22463 5230 7509 10211 7730 14409 482 17438 5059 6103 22942 4 18736 16673 18470 31 28 9193 16006 31 10447 7509 21584 5 31 21584 8995 20546 16673 22310 16605 3755 6 15678 21596 4 15678 17304 7730 15678 20402 5 18525 13010 26 21340 16605 20149 22425 6103 16083 740 13905 18498 20402 15678 15997 6103 15678 17520 5 4766 31 3928 28 1540 18498 8956 4672 7102 20402 11680 4796 20149 15299 21596 7730 15299 17304 17438 15671 14539 13055 18498 21793 20402 1453 15678 2605 16404 15678 18470 23151 5 21 
21 305 349 4 20402 22304 17438 20402 12221 5 20149 20402 8840 15678 7809 20420 14746 7730 15658 20420 22304 4 21355 15424 349 5 4796 15658 6075 17872 17797 20402 3058 20149 14096 2027 7730 636 4064 7914 18475 4475 5 21 
21 20149 9193 15658 17304 14096 22463 7499 4766 22463 12787 18498 22805 3790 31 3790 4 4796 5219 14096 22463 7499 4766 28 18498 15424 20149 18533 22805 16066 17760 20931 17743 0 20402 18498 15678 14539 28 15658 17304 8995 18533 5459 4815 7850 16971 7509 12787 18498 21596 1393 10366 0 21 
21 15091 6103 18018 31 702 19745 2136 18577 18570 4766 22463 13581 6103 702 5 5 5 20402 14665 4 4524 9193 9193 13055 1190 4766 22463 13581 6103 702 7850 9193 15084 17438 13909 6103 18577 18570 7730 15658 12584 7914 15299 7850 19284 5 5 5 21 
21 31 9193 19225 4766 28 20402 15138 8810 7730 9347 4 8406 9193 7730 7847 4 9193 15658 20463 17472 8406 31 15157 17458 15658 20402 9261 7914 1962 19239 4 9193 1393 13669 6103 9193 22942 23016 6256 22463 13284 11328 6103 14604 16169 4 15678 3952 19239 6103 22463 5795 2265 4 15678 14604 9365 6103 22942 5 31 9193 16192 7730 9462 17304 20402 17525 7914 7728 4 17495 15678 9365 12894 17304 20402 18549 5 21 
21 31 16192 21596 13909 17304 18498 31 15965 4 31 10268 7509 10547 15658 17304 20402 4935 5 15965 7730 10547 21282 9743 20357 16673 11022 6072 18498 20402 21 21 21793 17307 4 22463 28 10259 4 22463 28 11020 5 21 
9743 9193 31 9462 17525 18599 7847 538 15678 13932 7509 8398 
21 18691 15138 8147 15678 8561 7850 9462 4 21791 6472 15678 12534 7730 2727 13376 31 8147 22463 16083 8561 22385 9229 18481 4 17495 13909 6103 20402 16765 5 21 
21 15834 28 28 6103 28 4 1751 22463 6075 2371 17872 5947 15678 28 28 13761 21281 4 5474 31 28 28 7730 15678 28 28 6103 28 18498 12780 6075 20497 5 21 
21 1540 4766 31 22942 18498 15299 13045 22463 8561 4807 4 15424 31 12231 7509 9361 16066 18475 9604 22386 5 18525 15678 4807 21596 31 15713 6103 1956 4 19310 15678 18498 20402 17629 7730 20149 19381 16404 15678 8561 15658 23151 31 349 5 18525 15138 20149 13045 20149 16784 7914 9433 12317 7730 16784 31 15941 6103 5741 1540 4766 15678 18191 8561 5 21 
21 15678 7558 14016 7509 1341 21661 20402 19038 31 7558 17438 28 7850 15604 21661 6 1027 31 28 7730 1027 1393 18195 5 18525 1027 31 28 7730 1393 18195 15658 12083 7914 15425 16605 19078 1393 16083 14016 5 9193 16072 19037 31 22463 20813 6 1027 20244 14370 4 1027 31 28 4 1393 18195 7730 1393 20463 5 5 5 18525 15658 19900 1027 4 18498 19456 31 22327 7730 31 21793 1393 20463 19030 4 18498 7509 7850 14539 5 21 
21 15678 28 28 155 11462 22463 7318 7914 15669 15187 18476 2282 31 18553 6103 31 20374 6103 3962 20402 12226 18476 15770 23014 7583 5 15678 3960 4796 22463 28 12176 740 11284 6103 5360 4 14539 18498 15678 3962 20149 20369 10019 5 31 21793 5795 20402 6075 18876 22463 23577 22897 3450 22463 7509 20457 19936 7509 11685 4050 5 22463 20207 3960 15658 21596 15678 3952 6103 28 18476 15678 3959 16066 16440 6318 23016 6103 22463 3960 1293 5 21791 4 22463 20207 22521 15658 17304 20402 15081 6103 7312 8406 15678 5795 7730 15138 1393 5431 4 15678 15619 3962 7102 20402 328 7850 20221 7509 4964 19239 4 17304 12027 1959 871 2060 6389 6981 4964 18498 15678 12521 7850 14336 19239 16404 10657 15678 18877 7509 11066 18498 28 6996 1393 9634 5 20149 22463 15604 9634 17304 20402 5284 31 16440 7509 10310 6103 22463 16083 18498 20149 6523 4 20149 11284 19456 7730 1114 15678 3643 6103 11066 8995 155 7850 19225 6981 15604 9634 4766 28 5 21 
13512 11402 9197 6103 15286 4581 5 
21 15678 17304 7509 15253 21282 15678 5174 18525 5108 17438 13055 22397 9417 7914 20931 22942 5 7847 5876 6103 22327 4 9193 20402 17629 5108 5 21 
21 18525 7491 1027 15678 18195 9193 18988 7340 15678 5876 15392 7509 18470 7847 6400 7850 22821 15658 1027 15424 31 20500 14539 4 17324 18525 1027 31 20500 15658 21596 7728 871 6103 18498 20402 15678 18498 13909 10648 7509 20931 10747 16404 4766 15678 16083 6 7513 1393 16083 20402 15138 14425 18498 6400 7509 7514 7509 16083 16404 5219 5 21 
4023 6103 2614 7509 5851 5204 13909 22463 22246 17872 10607 7509 13905 6103 14703 5 22657 18689 5 
21 18476 871 20644 14335 17703 9193 17908 23064 31 20644 4766 22463 16083 23569 4796 20149 9193 20402 22463 21613 31 18525 9193 19456 4796 22463 11165 7730 2371 4 20402 4796 20149 9193 16765 22463 5220 7509 11165 15637 20644 12695 5 20402 4796 20149 9457 28 1393 20149 17960 16404 13667 7509 17877 7730 21596 22463 23067 16274 7509 21793 1393 12755 7509 23577 10122 5 7914 4179 20644 31 9422 21596 753 5 21 
21 7850 2572 7509 9193 22942 28 7599 20670 22463 22115 9193 14539 7599 7847 15658 8995 875 1393 21546 7730 3075 18498 20149 21017 4 20402 7847 15678 14604 11165 18498 14335 5255 7730 5139 7914 14336 1393 21546 7730 14539 18498 8995 7599 20402 15678 14604 8701 7730 18059 4 17438 12862 31 15299 21535 5 21 
21 1027 15678 18195 4796 31 20500 14539 20402 1393 18376 7509 13375 1029 7850 18195 4 5455 16404 7847 21793 31 2367 18498 10959 6103 18876 5 
20149 18533 20402 9808 4 3348 9743 9808 31 16971 18498 21596 1393 13131 7730 15658 19969 6137 8840 7914 12780 18498 18876 15678 14539 5876 4 17324 21596 9790 31 20931 16440 4 12862 20402 15678 18498 11862 5 21 
15138 2727 7845 31 3928 5 15678 18191 28 1393 13779 20357 18498 11284 18784 15036 7730 11284 20149 8918 6103 8392 5 
21 20149 15658 20402 3735 6103 16793 21282 17458 15678 16083 15658 16630 16802 4 21371 15658 20402 3735 6103 1027 15678 16083 15576 12787 17458 7847 21371 15658 16630 15678 15576 1114 5 
1027 7730 16793 20402 2053 5050 18498 21282 6400 7509 21061 7509 2367 5 21 
21 14706 18498 8386 7730 10523 19900 17872 18470 21726 21842 7730 15658 20402 13405 1393 6325 16673 13154 17599 16673 7285 7509 9778 14706 5 18525 8386 6103 10523 21842 16673 13905 6103 14703 7730 15658 16673 18498 16721 18498 15678 13905 7730 18498 15643 16468 6103 22463 22406 12758 7914 3450 4023 7363 5 20149 15678 20463 21726 5320 15678 21021 6103 5204 31 16440 7509 20207 22246 4 17304 5947 4 20149 15658 4 17304 12780 4346 7850 10618 5 21 
21 15678 22286 2352 8995 4289 4 13055 23029 31 17819 18352 7730 8406 6103 22897 7850 3623 5 5 5 20402 17521 7850 7708 19745 13055 8995 7850 3213 16673 17406 7509 21302 5 5 5 6408 20402 21282 22805 18525 20215 5 5 5 15708 17406 17790 4 26 4 2070 17438 20149 14096 7850 10366 7850 17819 19745 8329 8995 17703 4766 31 13444 5 5 5 21 
21 8956 4794 7509 26 21525 15459 12960 7509 5851 4766 15678 28 20402 11532 4 9605 13909 2781 18498 15678 28 13817 4 15658 8386 15299 6103 10523 6221 5 5 5 7847 15658 5219 15424 20402 11798 7850 20931 15936 4 8995 20293 7850 21154 7509 6152 7509 13004 14539 18476 9010 20149 8536 12732 13185 16066 5762 9620 5 5 5 21 
21 18498 13278 4 31 4672 8995 15128 6 15678 13004 18498 16468 31 15256 7850 5851 7850 20269 7509 14706 15324 13185 12695 18498 15678 23363 2067 7102 21596 20402 9467 16673 9620 23004 4807 7914 28 28 4 14539 21596 20402 2322 7509 8561 4807 15658 18533 23151 2116 7850 20931 6152 6103 15658 22662 31 9620 18498 19522 7850 9468 7509 23363 9193 654 4 7850 12960 7509 26 7847 23151 2116 6408 21596 9467 22463 12959 15658 17819 13185 6103 3943 1034 5 5 5 654 20402 28 4 15658 21596 17766 7509 9778 10619 14706 5 5 5 21 
11731 15678 18498 17304 18876 20149 26 7850 6075 3870 7730 1114 20 
21 15855 2371 28 14185 4 16468 9010 18884 16404 15678 28 7730 373 7847 19891 5179 18498 23135 21596 13909 9010 14145 5 21 
21 13055 20402 17804 21340 21996 4 9193 17304 21596 349 11284 20222 15266 7850 8119 7509 21552 16468 4 21596 20402 13909 11515 16404 15678 17753 7509 5851 20149 21596 7340 15678 22386 7914 23042 7509 16784 7509 22406 5505 7509 28 5 15678 28 15658 14514 31 10728 18876 7850 12760 7509 21552 5 4766 31 19969 7509 28 28 7847 16784 31 23180 2058 7850 4770 7730 7850 15604 5413 5 21 
21 15678 4349 20402 13591 4 28 4 23135 13055 9025 7509 16083 13131 7509 13143 7730 17438 12862 17304 20149 5951 1393 21122 7509 13905 6103 14703 5 5 5 9010 20402 20463 23575 1249 15458 21726 16551 9193 17304 20149 1519 9808 17458 2371 23135 5204 15678 14539 22406 16673 18470 15678 5850 7850 20402 11043 5 13055 17304 12780 9743 31 22280 18498 4766 8956 21726 11586 7914 17269 30 15658 6075 17872 10648 13909 15299 5 21 
21 22386 7509 5851 8361 21841 7730 12959 7509 21726 19713 31 5189 20463 15540 4796 22463 22816 7914 3629 5 5 5 20402 22463 22823 13754 7850 21726 7509 28 4 13055 18498 15678 14539 17930 18494 31 18826 22463 20207 22897 1393 21266 2372 7509 28 5 654 7847 20149 5951 6103 22897 11020 5203 7509 22313 5564 6103 29 5 21 
21 21282 17872 10326 15658 20149 8918 7509 9172 29 23274 29 4 15459 23575 4581 373 13909 22463 29 23274 29 17872 10211 15678 21340 29 23274 29 18498 15643 9387 17872 7847 4 9193 654 9387 29 23274 29 29 23274 29 5 21 
21 20402 10544 22773 4581 4766 753 6103 13004 7730 9778 5 5 5 18533 22805 22773 7850 18737 4 12960 10523 4 20244 23014 4 4796 20402 31 28 7509 5851 20670 15678 16551 6103 14703 7509 23575 21252 5 5 5 21 
8956 21340 21310 18498 7491 18498 20402 2647 7850 23575 12960 8406 15678 13905 6103 14703 7730 15678 21726 7509 28 4933 15658 9387 5 5 5 2631 4843 15678 18458 9450 5 5 5 2136 2371 15678 5851 2647 9786 7850 10326 6103 14703 5 5 5 
21 29 23274 29 4 20474 19745 7509 17819 22358 7730 15678 5851 6075 31 23151 17438 4434 6318 7850 10618 4 7491 4 7850 12128 4 15894 740 15658 21596 10648 15425 16440 6670 18498 9010 20402 19097 4 9193 349 31 17819 28 4766 15678 17218 12072 6103 29 23274 29 4 6990 22897 15658 6075 17872 9778 10619 9743 15299 4 15424 14539 4913 13004 4796 20293 9743 7850 19745 1293 4 1471 18498 15678 17819 10916 7509 16440 20402 14156 12807 4 13055 18498 15678 28 28 8995 7914 11808 1276 6103 16468 31 3031 16404 15678 14464 13982 18498 15658 21596 15299 4766 12862 7730 9743 15678 17819 10916 7509 16440 5 21 
21 15855 12862 4 28 14185 28 5 4 19083 7509 20931 15253 5 21 
21 20402 15138 8302 8956 4794 10883 7509 26 21525 6 7847 8995 4793 18498 15678 26 26 21282 9743 15678 20207 12960 17458 7847 20402 15678 20207 17106 4730 7850 9692 6103 11111 5 2136 16393 18498 15678 26 20402 18498 20402 15678 14017 7509 20207 12960 21371 4 20207 15678 10883 5 5 352 2371 3600 4 15678 5851 20402 15678 17819 4730 7509 20463 11111 7850 9692 6103 11111 5 21 
21 15855 2371 4 28 28 4 21355 20402 12577 23135 12406 871 17960 5 21 
20402 17872 9901 7850 11454 7509 13905 21726 6103 14703 10795 5 
21 28 28 4 22805 9010 17517 4 18525 19900 15658 20444 17872 23135 5 21 
21 9010 21739 22385 18533 12780 6256 15138 20126 5 18498 28 7850 6075 15678 14514 6564 9172 7850 10901 4115 5 16323 4 21739 28 4 15678 20304 20402 22463 22772 7730 14513 7509 5564 7509 28 5 21 
4372 10723 22861 13444 29 
17458 20402 18498 31 28 21075 7509 14604 28 0 
3510 15678 1881 31 10839 18498 31 9778 14706 8995 21582 13398 5 
7850 13444 15658 21596 15241 7509 1481 17872 2748 18525 20825 20402 11020 7730 15658 430 7491 18498 3510 22463 10839 7850 2708 19698 17458 31 22821 19997 1393 15860 7509 8386 6103 10523 6 10619 17304 2136 20402 10839 9193 20402 1453 7148 6103 507 6103 17556 9462 5 17304 20149 5255 20149 22507 1393 21371 6587 18498 7850 21121 5 
21 7491 18498 15678 20402 28 20402 21121 1393 5851 7850 28 4 14514 10922 4 9193 8918 18498 15678 10924 28 9359 13885 20463 21932 7730 17477 15658 14514 21810 31 21340 10922 4 15678 18498 18533 7491 18498 15678 20402 28 14514 14539 20402 15678 13900 17218 6103 29 23274 29 5 5 5 13055 7850 28 4 31 11454 20149 14878 5 5 5 15678 5851 5219 13909 6103 22998 1780 1393 10916 507 5371 1453 22463 6075 7730 15678 28 4 31 15199 4115 4 7847 20402 1453 15678 28 7730 10657 15678 5851 7850 16869 6990 13444 5 22657 4 28 20 21 
21 31 20644 16404 15678 13131 7509 5851 8995 15138 7188 7914 19225 1393 1249 1293 4 17324 4 15324 21551 15671 21596 7558 21726 15138 3058 15658 7865 13494 4 21596 22463 21726 19418 12712 16673 11020 13907 7509 22135 18498 20402 17596 1393 955 7509 21726 17835 5 5 5 11462 15658 21596 15425 7509 7558 6 15678 21726 17835 8995 22463 15404 4 15658 22053 15425 5107 4 13055 15678 21726 19418 4 1612 22564 16673 22135 17872 1467 15678 21726 21770 4 8956 15678 5851 15658 21596 17458 15678 7558 21726 20402 14536 7914 21793 15678 12963 7730 22136 4 17458 2136 11462 15678 22386 15658 20149 6146 15424 17438 22463 7730 15424 16673 16083 4796 21726 17835 5 5 5 16066 20402 4 21282 21596 17241 9193 15425 21726 5 5 5 21 
21 16323 31 21793 15678 4576 18498 5204 15678 19455 3623 8977 7730 7914 8810 31 20463 21841 18498 21596 31 15941 6103 17304 22923 16673 11020 5204 5 22463 134 6103 9803 31 21793 4 8815 1393 14604 1097 1302 7730 1299 5 31 18937 6103 21793 21841 8995 7850 5204 7509 22406 381 17438 20463 21726 17658 5 21 
2725 7681 6103 28 5 5 5 18525 19900 15678 5851 15658 8995 17629 6103 22463 16083 3749 4229 28 17872 5219 15678 22170 7509 13444 5 5 5 
26 22356 1233 9010 28 5 5 5 8995 20149 17714 17872 8241 15678 3544 5 5 5 
19407 20402 22327 6103 3058 
21 20149 23135 18533 18498 20463 21726 20402 3625 7509 13444 20402 16062 4 21842 4766 10680 4 22923 15138 4 12780 1393 9145 20149 17304 4 5313 31 16971 1393 13131 7730 22318 20357 22463 22823 3625 5 5 5 15678 22520 5263 31 20463 9721 17836 20149 23135 20402 22463 5850 6103 5528 5 21 
16404 18525 18533 10657 22463 20127 16816 15678 3610 20402 15127 6103 11600 892 5 5 5 17302 4809 4766 22463 7166 20134 16468 17819 16673 11533 5 5 5 31 5675 20402 31 9169 12342 5 
7850 20781 22385 12277 7509 14604 20826 22385 7342 20402 15678 1975 18498 11219 31 1976 7509 14604 22858 5 
6408 6103 13405 3678 7509 28 7850 7576 12959 2067 16647 28 7850 18487 9789 7730 4785 31 20149 17714 17872 18195 7576 18476 31 13324 7509 9172 29 5 
21 20444 7277 17872 28 18498 23409 31 6446 7509 13905 6103 14703 7850 7127 1293 5 5 
16323 28 5219 21810 28 7558 22898 15459 13444 5 21 
9193 15658 9743 15425 18553 6103 20155 507 9193 9901 15138 9808 18476 7847 22271 7850 18191 16689 5 5 5 18470 20402 14539 15678 19522 7509 21726 14608 1612 21340 6103 14119 18533 7491 5 5 5 28 5 5 5 18525 21810 28 6103 30 0 
873 17304 14335 12296 15678 19522 7509 12960 7509 28 0 8995 5935 16673 19522 
23570 26 16404 15678 2306 6103 7558 19745 5 
22327 6103 3058 9193 16464 17438 28 5 5947 15138 31 2666 6103 28 5 31 17583 6103 28 15678 5453 7509 16705 16535 11455 7509 4417 22971 22765 5 
15658 20149 7102 4788 15299 1276 7509 11518 5 5 5 7730 4796 5320 4766 15678 16102 7850 5 5 5 1276 6318 20402 3124 5 5 5 
991 6103 22327 12861 740 5219 21793 15678 26 17521 7914 7558 21552 20202 5 
9652 12960 6103 13759 16021 7509 18191 22886 7509 3711 5 5 5 20311 20 
21 15424 20293 20149 4713 15678 18498 17239 4 17477 15658 20402 17629 15128 31 20258 4 18525 18533 4713 15678 18498 17239 18498 12780 4713 4359 4 1920 21282 4713 4359 14539 5 31 18937 15658 8995 7850 4712 4 8995 7850 20253 5 5 5 18525 15697 4713 4672 3058 1393 13669 7509 22942 7102 19969 16673 15190 20255 15678 2727 4766 10747 5 31 18937 20402 9683 4 15138 13909 18498 31 4712 7850 21551 7509 4107 7730 17438 21551 12136 4 31 18475 14924 5 31 18937 7509 10747 6103 7512 20402 11751 1393 1995 4 17438 12862 31 835 6103 7511 20402 13905 18498 31 7509 18893 5 21 
21 11875 15658 9387 4 22327 20402 17521 23479 18498 368 7730 20149 18006 31 5204 15678 18498 6679 4 18533 7850 3629 10555 16066 8871 5 5 5 11875 20402 1616 18498 15658 20402 21582 16066 6679 5 7850 3629 8871 740 13909 4 22327 20402 17521 7730 20244 15678 14465 8744 10555 4 13055 7850 3629 10555 22327 20402 17521 17495 11284 6103 19410 13905 8744 7730 6189 5 5 5 8956 19083 3370 20402 22385 2497 18481 1612 16083 15138 4854 7850 14336 5795 6 21 21 28 20402 9918 20 21 21 12787 4 28 15658 17629 20402 9918 4 18525 17629 20402 9918 20402 23135 5 5 5 17836 23135 18498 8995 18443 7914 7728 9010 9193 16192 5 5 5 18525 15138 7480 9010 7558 18379 3370 8995 17629 19611 20463 4982 7730 21810 871 2053 18498 15658 20402 21810 15678 15540 20060 6103 28 7914 12780 5 21 
21 8281 6256 6103 20402 15955 7730 16468 31 20402 15713 4 15678 17106 20402 31 20398 11532 18498 19522 7509 20739 20784 6 15243 7730 19492 18498 20402 4796 22463 5997 5608 31 910 5 21 
10916 7509 5851 5 5 5 28 28 5 5 5 16014 7509 10916 6 15678 5708 7509 21726 28 5 5 5 
21 21596 16971 20149 288 1614 7850 28 4 15166 4853 6103 21535 7730 1962 18498 14539 21596 7730 22463 3058 15936 10211 12430 7914 18533 14065 31 15936 875 31 19456 6103 866 18498 17511 18784 20402 5371 4 9193 15658 20402 15678 18498 16393 5 5 5 18525 15138 17525 5371 31 15267 21524 16066 20402 17458 1937 16066 20402 17438 18533 11857 20931 17509 4983 16404 15678 16083 5 5 5 20149 9193 9743 18553 18784 6103 15658 1937 31 15609 2381 17438 4060 6103 4127 8604 18498 17797 18498 17511 349 4 13640 9193 15658 21596 15425 7277 6103 17525 18475 20297 18498 15770 15459 19415 20699 5 20402 15138 11429 9743 21340 4672 7730 15678 28 8995 4290 7397 2092 6103 16971 18498 6679 16468 22463 11729 6103 14999 4 18476 7850 22821 8995 16468 15678 21364 7509 20931 11429 5 5 5 12862 21371 349 2136 4766 17523 6103 11729 4766 10343 6103 7809 16066 19239 18498 15658 5054 7914 15299 4766 18525 31 17525 5 5 5 21282 17872 6256 31 7157 4 11429 20402 31 9462 7509 9707 7730 4982 18498 15658 5054 4766 15678 4901 7509 16971 18498 15678 9457 5 5 5 15678 18498 22657 4796 9365 20402 15678 4901 4 15658 31 9605 7509 16971 5 5 5 21 
21 9010 20402 31 3916 10896 7509 28 18498 22564 31 20517 26 5241 1453 31 10922 9459 7730 15678 22406 21371 6103 13905 9462 13055 18498 15678 19864 15658 20402 5241 7730 15678 7509 10731 15643 9387 14539 5 18784 20402 15678 13905 6103 14703 4 12862 20402 4 15678 18498 16468 21551 15138 13905 20244 5204 15299 18498 22657 31 16689 5 21 
21 15459 18546 31 28 8995 7850 21830 7509 13566 4 13786 165 5 5 5 21 
21 8956 20402 31 11670 18498 21596 7509 5168 15291 18498 15658 9368 15425 19364 7509 17563 3170 4 22463 7894 6103 8933 4967 18498 18533 10131 4766 15678 15576 16587 5 21 
21 15658 6075 17872 8918 6 23575 19745 15678 3623 7730 15678 13905 6103 14703 21596 18498 22773 20463 1728 16404 8611 7509 18825 5 5 5 17629 10922 31 10326 0 2626 22463 10569 7730 8995 22327 3058 5 5 5 1920 20402 3058 6329 4 17218 11455 18498 31 28 15643 12780 8918 5 5 5 9193 19900 18498 7847 19900 18525 20402 15678 13905 6103 14703 20 21 
21 12780 13761 16972 4 3510 15678 17807 7509 10688 4 23016 753 31 21752 15678 3906 6103 2442 20 5 5 5 21 
15678 14021 7509 10326 13055 16765 18498 15678 20463 17877 15658 20402 5219 15678 15677 6103 12334 6679 16404 15678 4581 4766 15678 1723 6 15678 20463 17877 20402 5219 19318 21793 31 3857 6103 12334 16404 15678 16551 21841 18498 15658 8995 5108 13909 7850 21726 5 5 5 201 14539 31 9692 7509 9193 368 5 5 5 
21 1393 14604 16551 1097 18498 10959 6103 28 4349 4 28 28 5 5 5 7730 18498 740 17438 4434 21842 16367 15678 20207 13905 21726 6103 14703 5 21 
21 28 20402 15678 15604 14017 7850 30 5 5 5 21 21 3510 7850 30 8995 15036 29 21 21 21 
21 22463 7509 11020 23539 7509 29 20402 19227 31 20207 17226 1603 20402 5241 2818 16673 17753 28 5 8995 28 31 2647 7850 17478 7509 13905 6103 14703 17872 5219 22463 15941 4 4796 349 4766 15678 28 28 4 15678 28 28 7730 15678 20133 28 30 18498 22385 13640 18983 20149 6107 17872 16083 13131 7509 13143 17872 13161 31 14659 18498 3510 7509 14534 7509 18498 15678 19227 18476 13909 17629 5 5 5 8956 2371 21596 31 3790 7509 12329 4 4796 15678 28 5 5 5 21 
4809 31 13444 7730 31 23414 7509 29 13055 16939 15678 21841 7509 20207 13905 6103 14703 5 7914 7558 16431 15678 29 16784 20222 17413 7730 31 18694 10648 22463 17406 5 
21 9193 368 20 5 5 5 9193 368 20 5 5 5 23 20 15658 17304 6256 6103 368 7850 10268 7509 10602 14706 5 5 5 7847 22463 7127 12780 20402 2794 5 5 5 2811 7509 10731 4 13055 18498 20402 15678 23577 18498 13055 21596 22463 3672 6075 5 5 5 3450 10731 7914 18498 9010 21726 20149 14577 20 5 5 5 21 
21 31 5857 8895 6103 14703 17629 5947 31 15936 7509 28 28 16404 1540 31 15658 9594 21389 2781 4796 1190 9594 17438 2371 18476 2377 21726 18498 15424 19972 6103 22246 21596 5 5 5 21 21 19972 6103 22246 17872 18498 0 20149 7914 13909 6103 4125 1249 6103 11454 21282 5219 22310 22406 6103 22665 5 5 5 5 21 21 21 
21 15874 4 1097 7509 28 4 20149 23135 10959 6103 15576 19910 17915 6103 28 4 8995 7850 11518 6103 4854 4766 20463 1097 5 13055 8995 18876 31 8141 16404 31 18195 28 5 8141 13055 15678 20463 7730 627 31 6086 7509 8414 16404 9233 15678 2113 6103 23575 11518 5 8995 7352 22463 3227 8810 16404 18525 20149 7360 31 22782 19677 6103 16108 6103 29 18565 5 15678 20463 16102 6103 19907 9726 17304 19969 17872 23135 7850 9586 5 21 
21 31 5204 16673 20207 22897 7509 28 16673 8525 7509 5851 21596 15678 10960 8810 7509 21097 4 6408 7509 6446 20738 9193 17819 12963 7509 9692 6103 11112 5 15678 5851 6075 31 23151 17438 4434 7730 21095 31 8525 507 4766 15138 7071 7730 10523 2727 12960 4 15678 18498 9743 6990 5204 22463 22823 14156 7850 11454 7509 5851 5 7850 11454 7509 4576 21596 7558 14924 7402 6 15678 1293 1393 5204 7509 28 6103 29 7730 15678 18394 5204 7509 28 6103 29 5 31 16440 6097 15344 22463 26 16404 5204 15678 28 5 15678 5851 201 20402 5564 4796 15678 14425 21726 3170 7509 21264 30 7730 8406 10259 7850 3213 7509 3623 3170 4 5204 15678 22406 6103 29 4 29 7730 29 5 31 7558 23575 5204 15678 7883 1393 5055 6103 20402 15678 21726 31 20402 2647 17438 1547 22463 10523 15138 1393 10366 6103 20463 507 5 15678 21726 14984 16404 31 7363 6103 29 15678 5718 31 5360 19173 165 9193 3630 6075 15576 28 5 21 
21 15678 13905 21726 6103 14703 20402 1612 18498 381 22406 7509 17835 3623 18498 7363 7730 18498 15643 20402 18826 16404 7473 12256 7730 15658 21681 18498 8840 21389 21551 16404 31 20931 5204 13909 11861 6103 20931 23086 21961 5 16323 5851 4 23135 20402 15678 13905 6103 14703 7730 2126 15678 14425 21726 7509 28 5 18498 29 20402 22385 17976 7730 2136 13909 18498 15678 23575 7558 1249 5 21 
21 20402 11679 7730 11443 21793 31 16971 18498 5108 7850 18264 20313 7509 15267 8895 3170 18498 20402 15138 21569 7914 6414 15678 4576 5879 21021 12034 15678 7841 28 28 16066 19713 7279 7509 17835 4875 18498 18498 20402 8464 5 5 5 10889 8893 5 4766 4 26 21525 4 8406 16083 5 5 5 15678 21021 7509 5851 8995 12034 15138 10765 4 12862 20402 22821 5 5 5 2136 31 4089 8995 4730 31 2561 6103 14915 17438 4060 7509 5413 7509 23364 18498 6472 15678 7285 7509 9778 8895 3170 7 31 15241 18498 5426 15678 15576 10523 5 5 5 5 21 
21282 15658 22657 21752 15678 4257 7509 11474 
21 31 28 4 8057 7509 18670 6103 894 4 19900 18525 20402 15678 13905 21726 6103 14703 4 17438 12862 7847 17658 20149 13045 16673 5527 7509 14090 19961 16404 15658 11586 15678 507 5 5 5 21 
1393 1097 7730 8815 1393 19713 9016 15678 23176 7509 5851 11993 5 
21 20402 13909 22463 14619 7509 28 4 17304 272 15678 26 7730 23135 15658 21596 31 9433 4 15678 3790 12780 23016 6103 11066 4 13055 18498 15678 20015 17438 13761 8995 20293 2087 5 17602 17304 19335 8503 21 21 28 5 21 
21 13055 18498 15678 20463 21726 15658 5219 22463 17922 11686 4 17304 5947 18498 1614 20402 5851 4 15678 13786 7509 18679 15291 5 740 21596 16083 6 22313 5564 4 13905 15677 6103 17413 7914 3623 3172 4 18962 6103 19283 4 18962 6103 19745 7850 13472 7730 16083 13909 5 5 5 21 
15965 6103 5107 7509 6947 5850 5 
21 15658 21596 4796 15658 16318 31 5204 12758 7509 19713 14539 21596 20402 20670 31 10765 4 12862 22667 740 13909 31 9193 18497 5204 1293 5 21 
21 18470 31 17517 7509 21675 3625 3170 16468 7914 17819 13727 6103 21793 15678 5021 7509 13444 7850 9692 6103 11112 0 20420 20931 23577 4245 6103 13405 21793 31 6152 16404 15678 28 4 15894 20149 18533 20402 11742 5 12780 13761 4 5851 4 12862 20402 13909 18498 17521 4 20402 15138 18097 5 21 
21 9010 20402 9193 4 1920 4796 20402 15678 15576 19874 6 14425 21726 3170 7509 21264 22998 4 23577 21726 3170 31 5219 22406 17438 18589 1249 20202 4 13905 17420 7914 5204 6103 22406 7509 28 4 18964 6103 18449 17737 7914 20463 14018 7509 3629 4 18962 6103 23091 20402 7730 7914 3962 4 991 6103 21389 16083 5 22657 5851 4 20931 5204 21282 9193 6075 31 835 7730 20931 6446 9193 6075 31 4181 7509 21097 7509 18470 20149 8546 3450 22897 13909 10259 5 21 
21 12780 13761 20463 9596 7509 28 6 23135 8995 15424 2371 17872 5851 4 9193 654 13055 20402 22463 9290 5 7491 17872 15671 6 4796 20402 20402 16782 7509 28 4 1612 23086 18498 17755 3217 15678 13905 6103 14703 0 21 
21 14604 18533 1097 7509 28 4 15299 18498 17525 16066 18498 17525 7850 9193 13539 7509 21551 3913 18475 21743 6103 19492 5371 871 6103 23135 4 15643 20402 16972 5371 15502 4 14539 7850 9193 9307 9202 17438 5204 16972 16066 4796 21841 7509 9193 15955 16972 5 9193 1027 31 28 4796 15955 17835 7730 17908 7115 31 21793 15678 13905 19456 12149 6103 20931 15955 8895 4 11658 16066 19239 5 31 9307 16673 5204 7509 
14604 21726 7509 5528 20402 22463 10211 6103 9518 14604 5334 4 15658 
21596 15425 12551 6103 13895 15502 18498 17511 16721 4 21842 16066 636 6103 10211 7174 5 31 9193 15082 16404 31 15955 8637 20402 15138 7176 7509 15082 7509 16083 16971 4 17477 9193 21596 15678 7277 6103 14335 14055 20244 8995 15389 15806 31 15502 4 13640 4 20149 873 20149 20357 15806 8995 31 23167 16404 14335 2958 16066 6256 6103 14335 20202 4796 21048 31 20456 7509 3702 21121 7509 17523 15459 19415 20699 4 20402 22463 15955 2727 14425 18498 31 6103 21582 9489 15678 20352 7509 15243 5 12255 9193 23016 16784 871 1097 15459 19415 20699 18498 21596 14810 871 20352 16972 4766 18093 12164 9312 17458 31 19415 16878 14058 15658 7265 16973 3328 31 22823 12551 5 21 
21 20402 31 15604 20237 14706 6103 10523 4 31 18498 10648 21793 31 15267 8895 7509 28 4730 14703 13761 7850 21830 7509 8893 13909 18533 8406 15678 3172 5 8406 15678 12145 16673 22135 6103 23206 4576 3172 8995 22310 12959 7509 2070 4 15678 16083 20402 21793 12959 7509 5851 4 15678 2811 7509 3170 5217 5 21 
21 16323 19713 16673 5204 6103 13909 22463 22406 12758 6 15459 18546 23135 20402 21675 4 11686 1393 13905 6103 14703 4 18497 22406 12758 28 6103 29 4 13444 6103 29 4 28 29 7730 5505 7509 28 29 5 21 
21 9193 19900 18498 20402 20825 15138 4 20402 2136 22608 9193 4 2371 20149 23016 1612 14539 17218 7509 12960 9975 7509 3623 3170 6103 29 5 5 5 20420 13909 18498 22463 20825 4 9193 21371 20402 17521 16404 31 11514 7730 10901 7509 15576 28 5 5 5 21 
21 12780 13761 10606 4 1937 9010 23222 7730 31 5107 7850 16728 5741 740 13909 5 5 5 21 
21 29 17304 20402 22463 7850 11455 17872 10606 5850 6 3625 14706 4766 31 8525 17835 4 3625 14706 21008 4 3625 14706 12240 7730 740 17438 4434 8995 16936 6103 20149 5210 3625 7509 5505 7509 28 7730 21675 3625 3170 5 5 5 21 
21 20420 23570 10657 15678 2810 1276 7509 5505 7509 28 4 10648 31 15604 17413 18498 10657 12862 4 9193 7509 12939 18498 15678 21726 23016 6355 3699 4 9010 9083 8530 155 15256 7509 5505 7509 28 31 9721 7509 19713 5 5 5 20149 9193 17304 6146 16673 22386 28 28 4 9193 4730 10268 15252 9193 7558 18195 12963 7730 17560 15576 5708 17835 7850 21613 16440 16404 12780 4766 10268 21911 7730 10680 17872 6152 7850 28 5 5 5 21 
21 2811 2933 29 29 4 8956 14464 8995 8678 31 11454 7509 21726 8339 3450 22897 13909 31 9193 10607 6103 22246 5 871 6318 8995 7850 21726 17835 16404 5204 7509 2795 7730 22170 20202 7509 28 5 21 
21 7850 19577 6103 9989 7850 28 15678 5851 13405 1138 22685 20670 15678 19713 4 20402 29 6152 7914 18498 15678 5851 5204 7118 22898 6 
9989 7279 8406 5851 7730 2070 7850 28 6 
29 5851 3625 
29 5851 3625 
29 19713 3625 
29 5851 3625 
29 19713 3625 
29 5851 3625 
29 5851 3625 
29 5851 3625 
29 19713 3625 
29 5851 3625 
29 19713 3625 
29 5851 3625 
29 5851 3625 
29 19713 3625 
29 5851 3625 21 
21 15678 5851 23151 31 19335 15678 17218 11455 29 23274 29 20670 15678 10602 4 6990 22897 7914 15677 6103 9989 7509 5505 7509 28 4 21438 2136 20244 11066 15678 29 23274 29 4 9193 9010 17218 740 12780 5360 4 20402 15678 16728 4289 5 21 
21 22805 15678 18498 20402 15678 10523 20 14703 8995 7850 2152 4 21095 22327 9193 23575 7558 1249 7914 14307 6103 10523 6 15678 5851 20402 3625 3170 7914 29 4 15678 16083 21726 21371 20402 3625 12569 4 15678 30 5851 23236 4 15678 5851 5204 15678 3623 14706 9010 1249 7730 8995 7850 13472 7509 3623 29 6670 31 20474 19745 7730 740 20149 4528 16404 31 9975 7509 5505 7509 28 7730 21596 22327 16404 5204 15603 31 22313 5564 5 5 5 20402 15138 491 20 733 4 15678 507 7509 9975 21371 20402 6103 14703 5 5 5 1614 20402 14703 4 10765 20 21 
21 15678 5851 8995 15637 5055 15138 5143 6389 7509 3623 7730 15678 4794 740 5360 12425 22463 17521 5782 5 4796 0 15678 5851 20402 15678 23577 21726 7509 3623 18498 15658 17629 20155 15502 4 14539 18476 15678 20463 19522 20402 15403 4 20463 17835 507 201 15658 1575 7509 15941 5 7847 20539 4 20402 15678 21726 13909 20202 16673 20154 6103 17244 6103 20463 507 7279 7730 7509 20463 17835 19713 5 21 
16468 31 15256 5 5 5 10916 13278 20 15678 12959 20059 19969 6103 3629 15138 9808 5 15678 14378 20402 21389 18498 155 15256 7509 19283 6103 28 17872 13405 15678 12960 17872 22971 28 5 5 5 654 8995 5105 5 5 5 
21 1393 18498 18533 368 18498 15678 7559 7509 6280 17681 20402 21371 13480 31 16083 16440 18498 15658 20402 17572 4 17287 7730 18250 7847 18191 2092 6103 20463 6211 13039 18533 8627 31 18553 6 
31 6202 6103 28 28 12296 18498 12780 1547 740 15459 18487 9789 4 29 4 1393 13048 9774 7914 28 17576 22463 16630 6103 11912 7509 6407 6103 28 28 21153 21662 6103 9847 7509 7559 7850 12202 9670 28 5 7914 6407 7850 20205 4 29 4 28 565 18498 15678 7559 14096 15422 4766 15678 18201 7730 4766 9290 15291 7509 16440 7730 9296 28 11154 18376 4 15036 7914 14230 5 15678 5770 28 28 2631 4 18498 6202 28 4 7491 18498 16630 740 22463 221 8406 15678 7558 15678 7559 7730 28 20402 19881 7914 22463 7509 17890 7509 15932 13253 12922 20670 21111 7850 15704 7509 19086 28 7730 28 4 7914 28 5 
21 21 14604 4552 565 16812 18498 15643 9594 4766 28 11154 4 15643 21681 15422 4766 7847 7730 15643 21932 16404 15678 18201 21 21 4 565 15678 5770 28 28 2631 5 21 21 8995 16630 22463 11912 7509 6407 7509 28 7730 22463 221 8406 7847 5 21 21 
28 20402 1515 4796 13195 6103 28 7850 13108 28 4 12202 6103 19277 18498 8995 9605 7730 18498 15678 7559 22564 16404 21582 5204 22463 5412 14681 4766 15678 14757 7509 20127 4 7850 10828 7509 8443 14753 28 28 4 16404 10238 6103 14360 5 20207 15678 14757 4 15678 5412 15658 4289 31 20402 1926 5 
15678 15422 21596 20402 12598 4 20207 31 17009 4 16673 6428 9774 28 28 20244 16437 4 18498 20402 10050 22564 22463 12922 16162 16673 7559 5 28 565 1393 13048 9774 4 7914 2149 7509 20207 9789 4 29 4 18498 28 21932 21371 4766 15678 18201 4 991 7509 16440 18250 4 17287 7730 17572 5 
7847 7491 21596 16098 15678 7559 4491 15678 15540 6103 11154 7914 22463 5459 21507 7730 740 4491 21 21 22463 16083 16412 21 21 22326 7509 14539 19143 7509 7559 5 21 
21 0 22821 4 28 28 5 5 5 15678 28 21681 20463 15262 10430 16673 2344 6103 15658 21596 20149 1575 7850 5147 4766 22463 21726 6446 18231 7730 8678 22463 18352 13512 7509 20931 11454 4796 31 6103 28 7730 28 5 5 5 7847 14514 22773 17458 23135 3124 22463 8525 7914 3629 16404 12960 4766 14378 4 379 4 6075 15138 22665 1393 10523 7509 507 5 5 5 17872 18498 12862 0 18498 6663 17304 1751 6990 22897 6 3699 4 14378 4 4826 4 12959 5435 16066 12960 4766 7594 4 3550 4 15241 7509 13004 4 6679 6103 16346 7509 5851 16673 4089 4 9922 5 5 5 0 5762 22834 7730 10447 6103 1751 6663 4 11837 16200 6103 15082 18498 22126 15678 3230 7509 12959 7730 15678 9743 12960 15678 10523 18498 19900 5 5 5 1612 21726 6103 29 19900 12960 17872 10366 4 15697 15678 10916 4 9743 15678 17218 4 15658 20402 336 4766 31 22685 5 5 5 23135 15658 21596 15678 14539 21726 7850 15256 0 21 
21 6256 6103 20402 16970 7730 14381 4 20892 5 28 28 4 20463 11156 17629 20402 6103 15082 17872 23151 31 1547 15678 2725 10523 18498 12960 5 5 5 51 9010 1679 6103 9901 20149 13045 6981 9692 19854 7730 17982 16200 15080 4 1547 23222 7509 11156 7509 1249 16468 4 9743 871 4672 17324 31 5891 20402 21793 20931 6990 9692 7188 4 23135 16784 15678 3219 18498 1547 1249 16468 4766 8956 9334 6103 9901 1751 6663 5 5 5 8956 23575 12960 5371 15678 28 20402 31 10964 6103 22 702 4 9743 871 4672 5 5 21 
21 22657 4 5851 4 23135 5219 9743 20931 17106 16440 7509 23575 7558 1249 7730 740 5219 22126 22463 17412 6103 28 4 16323 4 9193 21810 22834 7850 3790 4 20463 28 28 4 4730 9010 21726 7914 3629 17872 12960 3031 17872 10366 4 17872 3348 15678 10916 31 21793 14924 4796 9743 1294 5 5 5 10523 2727 12960 20402 1612 5879 15697 20402 15678 10916 4 9743 871 5942 6103 15082 7730 22126 3230 31 9010 8525 6103 11156 4 7847 19900 12960 3031 4 21793 20402 3058 4 21282 17629 6103 22463 3058 22386 18498 15678 16006 7730 9045 5 5 5 20402 19676 31 10765 16765 15678 5574 14905 7509 5708 7509 15576 21726 7730 15678 22386 15658 21596 15425 3928 7850 14041 17872 9751 12960 22463 17556 13909 5 5 5 22805 18498 16673 17819 22897 9193 1937 31 22463 12960 7914 18498 15678 14604 21726 5219 12960 15138 17106 18498 20463 507 4 14539 20402 9010 22463 21726 6103 2727 14465 9462 5 5 5 21 
21 9010 3623 3170 8995 21186 4290 6103 8003 6 26 22805 15678 14604 21726 8011 14514 10648 4 7573 15678 12960 9193 20244 9743 10916 7102 15678 8927 482 16673 507 4 6408 15678 507 155 15678 17218 4766 15678 12960 13055 7850 9692 9975 9193 8235 23016 15678 8011 28 18498 14096 31 13472 5 5 5 13055 15678 23118 13786 4 4766 4245 6103 7235 31 7178 9743 22463 12960 11532 4766 22463 21726 14352 7509 21302 7730 5219 8011 4 15678 18498 18784 14096 31 14539 7395 7509 13786 5 5 5 8995 3058 6329 30 5 5 5 1920 15502 12780 5219 7948 15678 15576 21675 3623 5 5 5 21 
21 4796 5850 8995 12155 4766 15678 13004 18498 1481 15678 12963 7509 5851 4 15658 5219 238 18498 7847 20402 18784 22385 19854 4796 20149 1547 4 14539 17458 17669 31 7558 8525 4 12862 17458 7850 15260 20402 15138 19854 14539 4 15658 21282 7847 4 9193 21793 9010 18498 20149 7491 13004 16155 9922 5 5 5 22805 15678 13004 18498 6075 22463 18385 19676 31 9721 7509 11118 5 5 5 18498 184 5 5 5 20402 17458 15678 13004 20402 19854 14539 4 15658 21596 13793 4 13055 18498 15678 21726 7509 11118 15658 1077 15502 4 15424 14539 31 22640 7509 13444 5 5 5 9010 4526 8995 6103 16323 4 8995 5219 9066 15678 10523 7850 28 4 7847 20402 9927 17835 7850 7666 8406 31 8525 18498 17982 15678 8855 4 1421 13909 18498 31 3031 4 8995 16784 7914 3629 5 5 5 21 
21 15678 4901 7509 8525 28 8995 7850 5377 7509 13793 6 
19456 1393 9524 8525 5241 11020 17982 22463 12960 22296 7730 20244 15698 18498 15658 20402 20215 15678 8011 7730 6977 182 31 8525 12256 20149 6783 7509 20634 6210 16440 17872 4434 7850 17787 6103 14247 7730 2371 20402 21187 304 12340 31 5379 5 5 5 20402 4796 22463 26 26 4 19822 304 7509 11020 16404 9722 1393 16753 5 5 5 21 
21 20402 15138 13278 9010 3623 3170 6 15678 13786 165 15658 10648 6103 20463 17835 507 28 4 20402 28 7730 2070 9193 23016 1575 31 15941 7148 6103 507 6103 14465 9462 8329 20463 17835 507 15658 6075 15678 7102 22665 1393 5148 4766 31 8525 6103 14465 9462 7730 201 16784 17413 17623 18498 9743 31 7178 16404 15678 13786 5851 5 5 5 21 
21 15678 20133 29 5360 9743 11454 14539 18476 15678 16782 5219 6075 31 23151 17438 4434 4 12862 20402 17438 4434 7509 11588 6103 21596 20738 20222 10916 18476 17304 21596 18826 15678 19713 5 5 5 4766 31 3790 13909 13253 740 8828 18498 15678 19522 7509 16440 20402 22782 5 5 5 12780 5762 22834 2067 4 6256 6103 20149 11586 21389 5 5 5 8956 23222 20402 21282 22463 13333 17872 15658 20149 8918 18498 16784 6103 20222 5 5 5 21 
21 7850 3610 6103 22463 22823 3625 31 6446 15643 20402 22463 6530 4 15424 14539 20149 20402 16673 19713 4 7847 15658 678 7730 15424 6485 18475 22665 7850 21302 7509 3623 4 13640 15658 11794 7914 15299 4 8815 18476 18476 15678 19522 20402 504 9193 15678 10523 17792 15678 14539 4 12960 17872 10366 4 3086 6103 20149 22805 4 4766 10680 7730 7071 4796 21282 14539 22463 21726 6103 3625 17304 12960 5 15424 20293 10648 15678 21726 18498 12960 14425 4 20149 1920 20402 15658 349 31 23375 7509 19522 7730 15678 3623 16784 15678 19907 7509 9408 7730 20420 15138 14991 4 4796 8995 31 9193 17509 7850 21302 6103 4530 4 11284 7123 19745 7850 3623 18498 15658 2288 22463 17509 7850 21302 5 5 5 12862 13055 349 16083 22898 4766 16083 21726 16066 8995 23104 22463 20825 5 5 5 14335 352 18498 6073 31 17555 19745 9193 13055 12780 13185 15678 14604 11091 6103 3625 6103 15604 5 5 5 19859 1393 21675 4 5851 5 5 5 21 
21 10959 7509 4795 21282 17458 9228 15678 8277 7509 5857 8895 20402 7509 7841 14703 5 5 5 8329 7847 21582 13398 15678 10523 16559 7730 3873 4 15678 5851 23123 13591 7730 21987 7850 16440 951 7509 21302 7509 28 4 19173 20666 5 21 
21 9743 14604 18191 7066 4 13055 18498 13055 9743 15678 19918 3972 4766 23561 22564 5 21 
21 20149 4730 22463 17556 6103 3884 14888 12780 9901 740 14425 4 17304 20402 3884 14888 16066 18060 6103 20748 5 21 
21 201 15678 12960 7509 13786 18498 20402 31 3450 28 740 13909 13786 7730 15678 4794 2374 12430 7914 7491 18498 15678 17819 21551 20402 15138 7188 16404 15678 5851 4 18498 15678 28 12960 15138 2727 7730 5219 379 15678 507 5 5 5 4796 0 15678 5851 14099 13905 21551 6103 17511 6103 3031 4 21681 13909 4245 7730 6223 16404 15678 10916 507 4 1487 7558 3031 7850 22110 7730 21681 13909 6103 18589 9979 7730 21681 22310 4245 4524 6103 10916 7914 18498 31 3031 17304 21596 8406 5 13055 15678 28 21681 15270 6103 17511 6103 3031 4 1783 7914 22767 6103 5375 4 15658 15812 15425 16849 1393 10916 7509 28 4 1393 9336 7509 5 9979 18498 8406 5 15678 19522 9728 18472 15678 28 4796 22463 9324 12960 0 288 18498 15658 4 21389 18498 7847 20149 16784 7914 3629 4766 31 8042 6103 19969 23086 7850 17819 9169 4 18090 1963 15678 18385 7730 740 21681 22463 12959 9467 18498 15424 16429 7509 12960 7509 18385 17438 18912 7730 6461 1393 2251 7509 13004 18498 17304 740 21596 6075 15678 20207 3943 1034 1393 12959 18498 4060 31 9620 6389 7509 23498 5 4766 22463 12959 31 14466 15678 28 155 15256 6103 21582 15128 15678 19522 7509 16440 2128 18982 4766 17517 6103 1575 14425 15678 5375 1393 17658 20570 9620 7730 4730 7914 4282 31 18471 7509 13004 18498 14539 20402 22463 9086 7850 3623 5219 6699 22463 3058 1636 1471 6103 21793 31 17766 18498 20738 8815 16673 12959 7509 28 5 5 5 1603 15678 12960 4 15678 22386 7509 28 740 18533 19479 15678 23496 16673 4049 18498 7847 15658 17304 9233 5 3558 4 28 28 4 31 20931 10502 20402 21 21 22386 6103 10523 6103 20207 7473 21 21 4 4766 4181 20402 13761 7850 20210 18498 23135 6699 22463 9324 21932 4796 22386 7509 28 4 31 9365 7509 18498 23135 9743 7850 28 4 13319 0 21 
21 22657 4 28 5 5 5 9743 16440 21582 12960 31 3031 7850 15256 7509 14154 4 20149 15658 20402 15678 18498 23135 9743 20402 17521 18498 15678 10916 21596 19969 6103 16083 10211 4 9193 13055 18498 20402 1920 4 6103 9620 4 15678 15262 20402 20463 21371 5 5 5 21 
8956 2034 20402 22463 8632 6103 17064 20 
21 23570 11644 6103 22463 12916 21212 4 10959 20 21 
21 20149 9387 22463 18928 7509 4089 15658 6256 15678 5851 7337 7850 3623 4 15678 13004 6103 11462 2136 18498 21582 7850 23575 13185 7509 12960 4 9193 4796 7491 31 15199 7509 5851 4 15678 10924 28 4 28 20402 13043 4 15658 17304 16878 22463 3990 1393 21726 18498 20149 17560 16404 15658 11586 15678 507 5 12780 18498 12780 5851 4 15678 17819 22406 7509 3623 13055 9901 10657 4 5851 20402 3625 7509 17819 22358 4 9790 18498 13055 4788 15576 21841 19713 18498 12894 10648 15678 3623 15459 14900 2118 5 21 
21 288 18498 15678 12960 7509 5851 20402 4796 9193 17797 6 15138 727 7730 7363 16673 7558 8525 3031 4 18498 4730 15138 10680 7850 12960 5 5 5 17304 21596 20402 14425 740 4 20149 15678 5851 21596 9790 15678 17819 10916 13909 4099 5 5 5 2371 15678 11118 21596 18498 20149 155 16404 3348 15678 8011 7730 9701 31 17479 8995 155 16404 22463 10922 5 5 5 20149 15678 13004 15658 21596 12716 31 9620 7850 10924 15658 14335 23016 7491 4796 9010 4794 3341 18498 20402 15708 31 238 18498 15678 28 9743 9620 7850 28 4 15678 13004 21282 22805 15678 10924 3510 17438 15658 21596 5219 16647 31 3031 4 909 6408 6103 21494 8066 16404 15678 10916 5 5 5 2136 9010 17406 31 18006 7509 4089 5360 6103 18376 4 15678 5851 15658 20149 7395 7509 6329 4 11066 1393 13004 7509 16440 5 5 5 15658 19900 4796 7847 15658 6075 9620 7509 28 2087 4 7850 13185 7509 10916 4 13055 18498 22463 12959 7509 11118 18498 21582 2608 7850 12760 7509 12960 9901 3510 5 5 5 871 6981 11743 18498 4793 15678 12963 740 12780 18910 18498 11284 9620 7509 5851 7850 13185 18498 1280 31 1744 16404 15678 10916 5 5 5 4369 4 3600 4 17324 15424 21793 15678 10916 7509 5851 15678 13005 12780 17304 1377 4 31 14466 18498 15678 13005 20402 22385 6569 4796 1612 18498 1481 5851 7730 28 5 5 5 21 
21 23 4 15678 10602 20402 6446 16673 22556 20 21 
21 15855 2371 28 28 4 15678 28 30 22318 14018 9010 18852 4 7847 16765 18525 20402 18498 20149 17703 4766 18525 5 5 5 21 
21 16404 15678 18498 8386 6103 10523 7730 7509 14811 18498 8464 15678 10523 3170 4 13055 8995 7850 11518 6103 15726 15678 18498 31 4089 8995 9743 4766 15678 15576 13905 16535 6 15678 14539 18498 349 4766 31 20237 3170 7850 5505 29 8995 28 31 349 4766 15678 3623 3170 6 1920 4796 31 9922 7730 4089 15101 20463 16553 16404 15678 28 15658 19969 3625 4 1471 18498 31 9193 20237 15658 21596 15678 14465 10523 2126 16404 10648 15299 4 31 4089 7730 9778 13055 8995 20215 15678 19522 16404 15678 14425 21726 15658 7337 7850 10366 4 13055 18498 15678 16083 15658 21596 10523 16404 342 5 15678 18498 349 11462 13761 7914 20060 28 6256 4524 18498 15678 5851 17304 2136 10648 4 9193 12780 21596 18498 12960 15138 13909 7509 18498 8995 12960 4 17324 20149 6400 7509 1636 12780 21596 18498 9743 7850 15270 22310 10916 16404 22657 22463 7730 14539 1920 740 12780 5590 15678 19701 6103 740 22805 15678 13005 12716 20644 6103 10916 16404 15678 507 5 15678 28 15658 12960 15299 4 1453 20149 6202 4 20402 2748 16673 1636 23206 22898 7730 740 21681 7558 10916 4524 7509 5851 12702 5 20402 15081 6103 15138 9867 4 7847 21596 14539 15678 18498 4788 4 5219 4766 31 753 7509 1636 10657 22463 17406 7914 3962 5 6073 31 17556 15678 3873 18498 21389 23051 31 23423 6103 18825 4809 31 4289 7730 20149 10657 7850 10366 4 18498 20402 15678 18498 31 4089 21389 6679 5 5 5 12780 21596 18498 12716 10523 17872 3873 7730 16559 5 5 5 21 
21 23 4 18498 16689 20 17819 15678 28 12780 7957 17872 28 4 6408 15678 28 12780 17872 11118 5 5 5 654 15678 28 10723 12780 16404 5 5 5 16367 6103 12960 7850 10602 5 5 5 15678 7251 7509 22782 7509 28 15658 20444 17872 15299 14539 4 13923 16162 16673 5204 7509 13444 5 5 5 16066 20402 18498 15678 28 28 15678 18498 20670 4 13055 18498 15658 5219 15424 16162 15678 20015 7509 2066 7914 7127 0 21 
21 1471 6103 13405 4436 10916 7509 5851 4 15678 28 15658 20402 7235 7914 15299 17438 9010 10922 4 7847 12960 15138 2727 4 6209 7730 7850 1835 7914 3348 6103 20463 10916 5 15678 17877 20402 18498 7847 21681 16673 10366 15678 14425 21726 7337 7509 3623 20207 15678 14426 4794 8895 7509 28 5 2136 15678 10888 28 7730 28 13817 8235 20149 19283 1393 10523 7509 5851 5 21 
21 8302 6 15908 9193 1937 31 22463 3058 12960 16673 21525 7730 15658 14335 8041 15138 4 1471 7509 4436 10916 18498 15678 14604 21726 1487 7914 20463 507 4 18498 1471 6103 21596 16784 6103 4436 4 12960 15138 2727 4 7192 6103 16464 5 5 5 15425 16083 21726 7509 28 21596 3445 16404 1487 31 14539 10922 7850 28 4 13055 18498 8995 21793 15518 17438 2442 5 11462 13480 31 21525 7850 10889 16404 22805 15678 12960 7509 1722 16559 7730 16098 7509 30 28 13817 7730 28 18498 15678 5851 8995 15138 1393 10366 6103 21793 15678 20463 5021 7850 3623 5 15678 28 740 6987 18498 15658 8995 9594 6103 17413 4 9193 6103 3031 14539 4 6103 10523 5 5 5 8956 7558 30 13055 18069 16404 21793 15678 21518 18498 15658 20402 21841 7509 5851 5 5 5 16323 4 5851 4 15678 4794 8895 3172 8995 20149 7521 1393 20463 2725 10523 5 5 5 21 
8995 7850 11518 6103 19426 31 9193 5 5 5 
21 2031 5850 4 10122 7850 28 18498 31 5505 13055 20402 4796 13055 20402 9010 20833 10922 7850 15576 19713 17658 5 21 
21 1944 28 7730 2070 21282 17304 6075 15511 14539 4 15658 11284 6103 10648 15424 7914 12963 6103 3928 5 5 5 21 
21 15855 2371 4 28 5 5 5 22805 20149 22667 5 5 5 21 
22821 7509 21264 16468 14873 16404 15678 28 2131 5 
21 6408 6103 28 4 28 20402 15678 12959 18498 13909 11514 9010 1036 6103 15677 29 5 28 20402 22463 2385 16102 18498 21282 9605 2781 1393 12755 6103 15338 15678 12963 18498 4624 4 20463 4795 20402 19676 7730 20463 339 8995 2727 1393 20931 955 4 14532 18328 21793 23135 5 5 5 21 
21 8329 31 20237 3170 21582 20149 565 7850 5505 7509 15190 17982 8855 15643 1276 11731 31 20237 5850 9743 20931 23049 1393 21631 7509 21739 28 7730 21095 21793 20463 507 6389 6103 3629 5 16393 18498 15138 12959 14513 6103 5487 18784 9743 9620 1393 20237 15291 4 17324 15678 18498 13761 8995 17556 17304 9743 5 5 5 21 
21 8956 20237 15658 6137 15643 4 15424 14539 18476 16784 22463 2635 4 12862 9743 16440 7509 10523 4 15678 6256 13909 8040 7730 6075 13909 20357 1393 23091 4 17836 1393 5204 7509 21870 5 5 5 19859 1393 21675 4 5851 20 21 
6408 7509 22895 7509 20237 18498 23016 15678 28 16404 827 15678 5528 7509 18498 1027 22822 15678 10523 5 5 5 
21596 15995 6103 20402 3170 7730 9457 9010 15995 2092 7509 2515 7509 14604 21726 6103 5528 5 5 5 
20402 5851 9171 20 23016 21675 20 
21 15678 23575 18483 1249 20402 5684 4 20149 20402 18483 7730 22463 5 5 5 15678 18498 22657 14539 20402 15678 23575 7118 1249 4 17324 2371 155 7730 8120 31 5311 5 5 5 21 
31 5527 7509 5851 8995 2136 7850 18852 23016 7509 6014 5 5 5 15658 20402 18498 6075 4179 14539 0 15678 5851 10648 13909 22463 7730 5360 13786 165 5 5 5 
21 8995 7850 21269 19745 7730 13055 6670 31 20474 19745 1959 31 13472 6103 15855 7850 21675 5 5 5 21596 873 2371 16404 9569 0 20202 15678 13786 4 17495 6103 13667 5 5 5 21 
21 9901 31 7157 6103 6170 16404 15678 20463 1429 4 28 14185 4 20931 10700 12780 472 5 21 
21 16404 15678 5851 15678 11861 20402 5913 31 21302 4 17438 12862 4730 15678 21726 19418 5371 22463 21726 6967 5 5 5 20402 2136 17521 10648 4 15678 18498 21282 15658 349 17458 31 1636 22938 15658 16878 5 654 4 3702 22685 17438 10648 6103 10211 7694 7509 21726 19418 19713 4 12861 21282 17304 20402 4672 6103 21726 16753 7730 14386 5 5 5 20402 20577 6103 18498 20149 21596 16784 31 11588 20420 14539 20244 13494 5 16323 4 10602 4 23135 13055 8995 4289 2727 16936 6103 5219 15678 2794 7509 20210 4 13055 5219 2136 10648 20931 17819 16440 7850 28 5 5 5 19703 5 21 
21 20402 15138 7687 21596 18498 713 22463 19969 22385 17631 7509 13444 7730 740 21596 18498 16098 15678 20497 6103 2782 7509 17753 7509 4576 20149 22682 7509 5204 1293 13055 18498 20402 14539 15678 19997 951 18498 6448 15678 21726 6990 22897 5 5 5 9620 18737 7730 11580 7509 16440 6103 21793 4 12959 7730 7285 5 21 
21 3510 7850 30 8995 15036 4 2136 15678 10602 18498 16721 18498 15678 3629 7509 4646 20402 6318 5 5 5 15678 12128 20402 3629 15480 4 12125 6103 18525 15678 22602 4796 14018 6103 3629 5 13055 18498 15678 28 21371 21596 20463 14027 17438 13761 5 21 
16404 15678 18498 14335 1027 9193 6256 15678 14604 18852 5 5 5 
21 12780 18498 6075 4 16972 5 5 5 22126 13909 9010 3672 17872 14703 10795 5 5 5 21 
21 12780 4854 21793 31 22898 18498 9193 8406 7850 28 16404 23135 15658 20149 8918 6103 9743 15678 20463 16630 4 15678 18498 349 20293 18476 20149 6256 16404 6408 5 17438 18498 15658 1575 7730 9743 654 14539 14335 8458 22463 14469 0 21 
21 9743 20463 16630 4 13055 20402 312 15678 11914 7509 17919 6103 16108 6103 28 5 5 5 31 17819 8141 20402 18899 6103 3227 5 5 5 21 
21 15874 16972 4 12780 18498 12780 8141 16108 6103 4331 16404 9010 28 4 31 6324 7509 10672 4 4985 7730 4842 5 31 3450 7118 8141 22657 3227 5 5 5 21 
21 22463 7157 1393 18498 18533 6 31 9801 7730 15678 1114 20402 10437 18498 21282 17304 20402 4713 17438 18525 15678 4854 1393 13669 7509 22942 7 20402 21282 20149 17438 31 3610 4060 835 7730 5334 1393 20463 20256 5 
21 21 1027 1393 18195 4796 31 20500 14539 4 13055 7491 28 5 9193 17495 22318 7491 6 1073 4 28 15678 18195 5 8995 15423 31 10192 7509 20931 835 5 21 
21 15127 1393 22898 20402 15392 16404 21097 6103 16328 4 7850 8377 15678 14425 20402 9239 10994 4 5484 4766 31 15604 20644 20244 155 15256 7509 18657 7730 7509 17838 18498 15574 31 9388 11570 5 21 
21 20149 22318 349 21282 4672 3058 7850 22942 20402 17458 23135 892 20463 5528 6103 4672 3058 4 22318 21596 10547 4 20149 22318 349 4672 19854 4 20402 17458 22318 892 31 4672 19854 7730 31 2082 16404 22318 5 21 
21 5018 17267 4766 15678 16148 28 6 31 28 7491 16404 15658 19266 15678 16605 16468 5 6981 28 15658 16630 5320 4 17324 15678 20463 9942 13055 16162 17438 7847 5 5 5 21596 18498 21810 5876 4766 15678 16605 7509 17737 4 7509 654 6 16719 4 15243 4 19492 4 17679 6103 22989 4 23560 7730 18675 5 5 5 5876 16404 18498 15658 21596 15299 7384 7850 3393 16066 7850 5528 7850 11518 7509 22318 15041 4 17324 20402 20670 9010 18498 17769 5320 31 28 5 5 5 22318 15041 4289 4796 22463 13135 4 18476 23135 14466 8840 4 22318 14096 22961 18481 1393 4672 18498 21596 7850 5528 5 5 5 21 
21 21282 4854 4 5947 16066 4793 20149 23135 21371 20402 22170 5 21596 10765 18498 21371 288 18498 20402 22170 4 13055 18498 13055 20402 22310 22898 23118 29 4 29 7730 29 4 22170 23118 4 22170 16431 7850 13444 5 5 5 21 
21 991 6990 10604 4 7914 29 15678 21726 22188 740 10922 15678 3625 7509 13444 6103 29 6103 29 7850 15551 19745 7509 3623 5 5936 6 15678 5851 1959 31 13472 7509 3623 16404 15658 16784 13909 4 16066 20402 4 15678 5851 5204 15678 22187 9312 7914 4434 7509 3625 7509 13444 4 20463 23577 19713 7914 18475 4875 18498 16429 13030 5 18525 20402 15678 14425 7509 28 7914 29 0 21596 2067 18498 740 7491 18498 15678 2070 3867 31 9586 7509 3625 5 5 5 8443 7847 8995 565 18498 15678 22406 6103 3625 23016 14539 7914 4434 7509 2070 5 21 
21 8956 23222 20402 1453 13909 22463 16404 6933 31 11884 7509 28 4 6103 14703 7730 7509 15190 18498 17438 20500 21282 13055 6866 18525 20402 15678 14425 21726 6990 3058 21631 5 5 5 11284 12974 18533 1421 7914 13398 7693 18481 1393 7558 13905 6103 14703 4 6103 18470 20402 15678 14425 21726 6103 29 5 5 5 20402 1453 22463 18553 6103 23569 6 20149 15678 18546 20402 10523 4 15678 5851 20402 14425 4 20149 15678 18546 20402 17413 4 2371 15678 2070 17304 13405 22685 4 17458 31 17420 7509 13444 20402 13905 5 5 5 20149 18533 9743 31 5320 7850 17420 6103 23091 4 8011 7730 6446 7509 16440 7363 16673 7558 21726 4 6103 15604 15678 5851 6075 13253 5 5 5 21 
21 9387 22463 11020 21726 7850 4417 18498 15005 6389 7509 14604 5528 9193 23104 4290 6103 22649 7850 18774 20402 22463 11020 3625 5 5 5 5851 4 5851 18533 22385 4774 7730 12894 22773 5 5 5 20402 22170 4 22188 3170 5 5 5 12780 18498 12780 4 5851 5 5 5 21 
21 15678 14604 21726 15643 3510 17872 20207 7473 5 20149 15678 20463 21371 15643 3510 4 8443 17304 5459 4 17458 8995 7850 14539 15669 5 15678 21726 18498 15643 3510 15658 20402 19713 8406 20500 4 20402 507 6103 14539 15669 4 7914 18475 21868 7914 18498 20149 8147 5 5 5 13055 15678 18498 22463 7127 7363 22463 20207 7473 4 9010 20402 21726 6103 20207 7473 4 14539 18498 20954 4 15678 20463 14425 10523 9901 13761 4 7850 20207 7473 5 5 5 21 
21 7914 20451 7730 20222 15678 17819 22406 3170 4 15678 20207 29 1249 6408 1603 7558 5204 6103 13444 4 7118 1249 6408 23016 15678 21613 5 5 5 15678 18498 9193 8840 15678 18195 4436 1249 20149 20202 7850 14539 21778 0 21 
21 14604 3894 1097 4 9233 17525 11729 16066 14469 6103 6781 875 16404 7481 7914 19415 20699 4 12861 15658 9743 2727 31 15502 4 15424 1393 18498 18876 31 14469 4 1393 18498 31 17525 16066 1393 23231 8464 5 5 5 4672 15400 10795 3450 22897 13909 4672 15400 7850 22942 7509 16971 18498 20402 8464 5 5 5 31 19415 20699 20402 15138 23579 16404 12796 6103 4672 3058 4 18498 7786 20244 7017 5 5 5 21 
21 28 4 15658 17629 13909 4913 15678 12333 17872 12960 7509 5851 6075 21252 4 13055 5219 4913 15678 7558 4 15678 14604 7730 15678 20463 5 5 5 17304 7509 15242 4 909 17304 7509 20191 6103 28 28 5 5 5 8995 7850 8927 5 5 5 21 
21 28 4 9743 5322 22540 4766 20463 16169 5 5 5 9193 5219 4913 15678 12333 4 17495 21282 6075 17872 4913 22463 5 20149 23135 18533 21582 4913 15678 20463 4 21582 4913 17872 20462 6103 21121 22840 5 5 5 21596 18498 634 17872 23135 5219 15678 20463 5 5 5 21 
21 23 5021 1393 22406 7509 28 5 5 5 20202 15678 13786 4 9193 20149 5341 4 20202 6103 13667 5 5 5 4 1453 22310 6103 23135 17304 4289 1393 13444 5 5 5 2371 31 7363 8995 13909 314 5 5 5 15678 5851 13055 20149 19961 3625 15187 7850 23236 5 5 5 871 8525 1614 7509 28 13055 5204 9010 9790 0 16323 4 18689 5 5 5 21 
21 2067 8995 20149 288 17438 21596 10648 7509 13786 7509 3623 3170 5 5 5 18784 7847 8995 6103 16323 16673 14514 28 4 9329 16673 2725 10916 7509 28 5 5 5 15678 28 13055 8995 2136 4229 15678 5851 6103 10357 7850 12128 4 9193 15678 18498 15678 2070 20402 7509 5851 7850 28 0 18481 16440 7847 13055 10648 7509 5851 7850 21787 29 7509 18694 0 22310 16440 7730 22310 6446 5 5 5 13055 15678 5851 7850 12128 7363 7558 16440 7730 20738 7558 6446 5 5 5 18525 20402 13909 10357 6103 18525 4 28 0 21 
21 11076 7509 5585 6 8235 4 31 13048 18443 21596 9989 7850 11076 7509 5585 5 15678 21931 8995 7360 31 23151 1393 20931 2060 4796 7070 15678 13004 4 7850 14049 6990 18195 18581 5 20402 4524 18498 871 23151 1276 4 15754 9010 15658 9743 16440 7509 22356 18498 12019 15678 4841 4 20402 15678 18498 20402 1756 16404 15678 15102 17438 15658 18533 9901 13923 4766 15678 4841 18498 4510 16186 11076 5 5 5 2136 18498 17304 21596 23151 1276 4 18476 21810 5216 18498 31 11076 15256 6075 7914 15299 4 9193 8235 4 20402 20780 1393 4841 2136 31 6152 7509 20917 5 5 5 7730 15658 20402 18498 31 11076 15658 6075 7914 15299 14539 20 654 21787 9010 4841 6103 16162 7914 11518 9500 16673 28 16367 7730 4290 6103 15995 20149 22425 6103 21596 10268 22463 20207 10548 5 5 5 3058 5255 16404 15658 23151 3400 16673 12696 7509 16346 5 5 5 21 
21 11076 7509 5585 6 11462 20402 11553 17438 871 4841 7509 22971 28 4 9193 1453 22463 6318 14335 23316 6103 16669 5 5 5 9193 15658 5241 16669 22463 16971 18498 20149 20775 4766 31 15390 6103 20931 22495 6103 21932 15637 20644 6103 10665 15926 4 17495 4 20402 7850 7127 31 7127 15926 18498 15678 22823 16669 7730 18342 1421 4 9368 2060 12039 4766 20931 10502 4 4796 9743 5661 9010 4841 18498 14335 4229 6103 16669 5 5 5 9193 20402 5412 4 4796 7847 4 16404 9368 31 10502 6103 3931 4 7850 8377 15678 14604 16822 17934 14335 5718 31 17266 16083 10502 7850 9193 22495 6103 21932 7730 740 1920 9193 17908 9359 1453 31 2060 18498 14335 4872 4796 3931 5 5 5 13055 15678 14604 4841 16393 18498 15678 20463 16822 17934 21282 15678 5718 31 20402 2063 20589 5 5 5 6075 31 20931 17537 7850 20644 6103 5129 5 5 5 21 
21 7850 18498 23135 8995 16721 6 11076 7509 5585 6 8995 16721 7850 20644 7509 11076 7509 5585 5 5 5 23 22942 4 15678 8464 7850 15102 11078 15658 17560 7903 1393 16971 18498 18635 21810 31 6152 6103 21932 4 12027 5421 7914 16083 22495 18498 15658 31 20931 4 15894 15678 20592 11502 352 4766 31 8057 6103 5585 5 5 5 21596 10480 18498 9010 21931 15658 17304 20402 5241 21 21 16670 21 21 4 13055 18498 8995 21932 1129 16673 20592 7509 4023 18498 15678 19363 5 5 5 20402 18498 31 681 6981 4841 18498 6202 15678 15102 11078 15658 8995 19363 15678 6739 17438 19900 18498 8995 13749 15637 4060 16784 0 18498 9010 11076 15658 12780 19522 7914 15299 31 9721 7509 21931 7509 5585 20402 9707 4 15678 18498 20670 14539 20402 31 5228 6 28 16784 4 393 6103 20446 7850 18394 11076 4 17766 6103 21793 15678 13131 16404 4730 31 3962 7914 15970 4 8406 16083 5 5 5 7730 15678 17106 6 20402 17521 18498 15678 20592 740 21582 15409 31 17529 16404 18498 15678 28 16367 20402 16162 21 21 16404 15678 21931 15658 20402 19937 4766 15678 20015 6103 20460 7730 16086 19038 21 21 31 22406 6103 4869 6103 11518 31 16162 7914 11538 9509 18394 12970 7730 19356 20249 5 5 5 31 14604 22805 20420 14425 18498 15678 28 20402 6631 9193 16160 6103 20460 7730 16086 7730 18498 15678 21931 18498 16367 7914 11076 17511 9743 21389 11518 9500 18481 20402 15392 16404 4730 31 3962 7914 7127 4 9193 18498 18876 17438 7847 4796 11518 9500 4 4766 15678 7102 434 4 18498 13793 4 20420 13909 13720 16404 7847 18498 31 4869 11518 17438 11518 4 4796 20402 9790 7914 11076 1293 5 5 5 20582 4 15658 19900 17458 15502 16721 15511 2136 654 5 5 5 
7850 23575 16346 6103 22310 28 7509 3931 7509 22971 28 4 15678 22310 28 20402 6631 7730 17556 11792 16404 15678 21931 7730 15678 20592 15678 16006 31 15658 9743 11518 9500 16404 907 31 6636 7509 15932 5 5 5 20582 9193 15658 8386 6 15658 21596 20402 14425 7847 21596 9743 7850 15941 15678 15252 6103 11518 9500 17521 16404 18983 31 19039 19977 15758 16673 22310 28 16345 0 
654 4 7914 17269 15102 11078 4 4766 15678 23516 7509 21931 943 4 23016 15678 20592 7730 7491 18498 15678 21931 19348 15678 22310 28 7730 18498 7847 20402 16162 5 5 5 
733 4 10959 6103 846 1393 16972 7509 20592 7730 1393 4841 7509 22971 19005 18498 15658 430 9901 4793 31 14307 18498 9193 17525 15459 19415 20699 17458 9193 15658 21596 278 1393 20463 4795 4 13055 18498 15658 15678 21596 434 7850 14604 28 5 9193 19900 18498 15678 4795 18498 17525 1294 22729 17458 9193 21596 22463 1095 7914 4951 7730 18498 20402 2092 6075 18498 4809 15678 3138 4 13640 288 14425 2958 4 17458 15658 20402 9193 12551 7730 15424 20402 15643 15806 18475 4841 6103 21932 21282 17458 21596 17500 6103 11670 7176 5 20402 3058 18498 16721 7174 16404 18498 21371 17511 21810 2053 7176 18498 17518 15576 5742 16972 5 21 
28 
21 11076 7509 5585 6 4841 4 18525 21932 7914 16953 6103 11076 4 21596 1959 9010 17537 6670 1276 7509 11076 20402 6224 4 9010 15658 20402 16669 7730 15424 10507 11076 4 20402 22463 21931 7070 17989 16404 753 15894 20931 753 20402 15392 5 8956 21931 15658 21810 9010 2053 20559 16673 18553 21 21 7251 21 21 4 20463 10826 20402 13909 16404 20402 23579 15894 20931 753 20402 15392 5 13055 31 17537 7509 410 6103 11076 20402 22463 18553 11658 4 15138 13047 21389 16673 424 20780 1393 14758 18498 6679 15678 15102 11078 18481 16673 16568 6103 19197 15392 5 5 5 20402 6406 17495 31 2053 6103 871 11078 18647 18498 22458 15678 13494 7509 28 7730 676 31 16971 18498 23157 18533 20402 23579 1393 22495 18498 20738 21340 16346 5 5 5 1393 18498 7491 18498 7850 28 22971 28 12862 15658 349 4 19900 18498 11462 7558 4841 3931 18876 871 4841 7509 4417 6103 19698 4524 2049 16108 7914 20577 6103 18055 17438 7847 21596 23016 9193 753 31 6478 31 8414 6103 15700 18472 5 5 5 15658 5739 18498 31 2053 6075 7558 4841 20444 6103 9365 16404 31 9193 4023 4 15138 14466 18498 20444 6103 9153 1393 410 7509 15102 6103 16346 7509 2060 6103 9193 22495 5 5 5 21 
21 3058 7576 31 21793 20 18498 15678 7576 20402 669 4 18498 21793 31 14534 8995 9683 4 18498 11284 3058 12963 6103 10523 4 18498 15678 8893 3219 5 5 5 9193 18498 15299 15827 15678 3219 13905 18498 23016 6103 28 16673 15965 7509 9918 5 5 5 21 
21 9010 20402 22463 13333 31 20402 16468 16404 15678 4050 3877 4 8815 1393 20199 7509 11654 22983 1393 19415 21524 3877 3718 15604 4 19415 22942 4 22 21264 29 7730 16083 17438 2371 18498 8361 31 17926 7509 14924 13583 15894 7102 19173 15678 19456 7730 15678 20537 15945 5 21 
8956 20402 13909 8847 18498 15138 16959 18498 1190 20149 22682 17438 2371 5 5 5 20402 9083 18328 17872 10657 15678 20463 16960 5 
21 14604 1097 4 20149 31 22942 8995 7188 16404 23135 18498 20402 16971 14149 7730 16816 4 20149 31 3610 8995 7188 4 11284 16633 9193 3611 18498 18090 18511 4 15658 20149 8414 1393 7052 4 1937 15678 23222 18498 23135 21596 22463 15604 9153 16404 1027 15138 31 22942 7730 16765 18498 15658 9387 15678 11875 18476 20149 18533 20688 5 5 5 21 
21 288 11408 13278 9010 23224 7509 4417 28 5 18525 15344 16066 5174 31 9193 18533 28 7102 5947 16066 4854 5 5947 9010 23222 20402 4796 19640 3450 21551 16468 7850 4417 4 18821 31 13324 5 15708 4 13858 17438 4854 9010 14924 5200 4 15678 5342 7509 3058 21631 5 21 
21 9801 
9801 
15658 9387 15425 18884 16404 20149 794 31 22823 9801 5 13055 7491 15678 17318 6 9801 15658 9387 7 15678 18498 9387 7850 22942 20402 14924 9808 5 
7850 8377 4 31 22823 9801 8995 7850 23511 6103 3450 22463 4 12862 20402 4 7847 8995 13761 4 8647 4 8840 15678 14924 6103 574 4 5133 15678 14924 6103 15771 31 18498 1376 15678 17318 5 21793 21596 6389 6103 20500 31 20259 6981 20352 4 8332 4 18002 31 6728 14353 15678 9224 18498 31 22942 1547 5 7914 871 4 10826 20558 31 6933 4 16404 16083 4 20402 17629 6103 8003 13909 10259 7730 13909 491 16404 9748 574 5 
18476 18549 4 15678 12186 6103 14881 10793 20149 19081 1393 10343 7509 17318 4 17495 18476 4785 31 19089 16468 31 16765 4187 22666 7509 22942 18498 2727 31 9366 5 7850 22821 4 31 9801 9387 20539 4 20149 9743 17737 7914 21793 31 16971 7730 20149 14055 6103 7445 10211 4 23162 16066 12751 4 31 14511 7509 8003 4 15082 16972 4 22649 4 23533 7730 21021 794 5 1920 4 22463 20149 20357 13909 7730 16083 14466 9808 4 9193 21793 9417 16066 9417 871 7127 21340 20352 5 
7914 20402 31 9801 22463 8995 6103 8908 4 3450 12186 21596 31 15955 6103 18543 7914 20931 22942 4 5022 16404 18498 15678 14924 9808 20149 19335 5661 5 18784 20402 17629 3349 7730 5022 16404 18498 349 5 9387 11600 19815 7730 5652 18498 5022 16404 18498 31 9801 20402 23100 17438 21793 15678 18498 31 6679 4 7509 14539 14881 9387 21371 2367 13987 18498 2131 6103 10211 15400 4 17669 15678 12186 4 21855 1041 7730 12254 5 
16404 20149 23104 18784 31 9801 4 15678 8995 7992 7509 16971 7102 20402 17714 16404 18498 7847 8962 15678 22666 11644 18498 12780 5421 16404 2046 31 14577 18006 18498 31 21858 22463 16971 13909 9808 5 
871 9224 20402 9228 4796 15678 14924 13909 9808 13055 23104 4 9312 17458 6933 8003 10259 6 3960 4 28 6103 9943 4 21021 17934 4 17983 4 10217 4 8406 16083 5 
7945 15459 9224 4 9901 10544 15953 17438 22463 22942 13909 9808 5 20402 21282 9046 31 18191 14577 7730 5022 16404 18498 20402 794 5 21793 31 14577 10795 4932 7730 9408 5 20402 17629 19478 7730 4930 21389 16404 795 4 14105 7730 21141 5 
5241 22463 7509 9224 308 4 15658 2631 20149 3962 16404 20402 9808 4 20402 17629 1294 1393 3960 16468 17438 22463 19205 6103 15138 19456 7730 4930 4 15894 31 19225 20402 5892 4766 3870 4 551 7730 5876 8810 5 20402 17629 5876 411 7509 19225 4 8815 5876 7509 16083 5 9193 19900 15678 18498 9193 18533 16404 9193 4 17438 12862 9193 17629 5876 15138 7509 16083 16404 18498 9193 20402 9808 7730 14335 20357 18779 15423 5 20149 18533 22463 16971 1121 7509 14604 13131 4 16404 15678 19509 6103 9193 22942 4 9193 21596 18498 22098 4766 15138 3870 7730 19456 20293 4 13055 18498 20402 9010 15678 20352 18498 8840 6281 5 20149 7847 20149 21858 31 4842 11637 18498 14335 9743 9808 4 9193 17629 7914 17819 13727 15697 9748 9808 4 16404 18498 9193 21371 17511 14335 20357 9808 17438 7847 5 1920 4 20402 31 19225 7509 3960 7730 17438 5227 4 7509 9634 5 20402 17438 12862 18498 15138 16169 20149 2176 18779 9193 18191 9943 5 
16404 23104 22463 22942 6103 9801 4 20402 17629 17599 22666 18498 2082 31 9801 7730 1393 14539 21551 4 9233 16083 22666 18498 15658 5022 1393 15697 6103 20402 9808 5 9387 22666 18498 9743 15138 2727 31 7070 16971 4 9193 18498 17556 5022 7850 11259 7509 19225 5 21791 4 15894 9387 19225 12616 4 15678 22666 12183 7102 20402 19456 4 14539 18498 15658 20402 11266 7850 19225 4 9232 1920 31 18103 15400 18498 17511 4060 12253 1393 16440 5 
308 6103 22327 4 20402 17629 18498 11284 4652 7509 20352 7730 7509 16192 7914 19225 1393 4901 18476 20149 6679 866 4 740 13909 18476 9010 866 17304 20402 871 4672 179 4 18498 15658 17511 20402 14370 4 4796 20402 15562 31 13907 7509 20352 5 15678 20352 4796 21340 20402 12687 4 20402 16774 17438 7919 7268 7730 8596 4 17495 15658 17521 6103 20402 14477 5 21 
21 14604 18533 1097 18498 20402 16169 22823 4 18498 23379 4766 3870 17438 20463 9943 4 18498 5876 4 18498 1027 7730 18498 20149 14265 20149 17629 17438 7805 7730 16009 16404 31 3610 7509 22942 4 16323 17438 9010 21412 10896 6103 20402 16169 4 16169 1095 4 16169 17737 4 16169 23377 4 16169 28 5 5 5 16169 5 5 5 21 
21 2371 28 19668 4 23135 13055 17797 12862 5 5 5 7730 15678 2067 21371 4 17836 31 28 18498 10447 6103 3629 7730 6256 31 3167 18527 17438 5320 7509 7310 19418 5 5 5 7847 21371 15658 4788 22385 10614 15678 22406 6103 13444 4 8443 20402 10602 7914 3629 4 31 9193 28 21596 15678 14539 19907 5 5 5 21 
21 15658 20402 14467 15658 4 20402 14378 14539 5 5 5 18498 31 9586 20402 3867 4 12862 20402 4 17324 15678 19418 6981 21726 6103 14512 21596 13909 3230 18498 15678 21770 18498 10447 16404 15658 1414 6103 13909 5 5 5 7847 19229 15678 29 7730 16721 18498 15678 17218 17304 20149 19335 5 21 
21 12780 13761 5851 5 5 5 15658 20149 3697 6103 10922 8956 26 3439 288 15036 6408 7509 20738 28 16338 5 5 5 12862 20402 4 6103 4067 16338 5 5 5 3510 7850 11534 8995 15036 5 5 5 654 15678 10602 8995 16784 9786 6103 18525 7847 7491 12353 15036 5 5 5 8956 20402 3058 5 5 5 21 
21 14926 15658 4 20402 13786 165 4 20244 15425 1077 5 5 5 21 
21 4854 9010 15936 7509 28 20402 4796 8789 22463 19240 17438 2371 5 5 5 15643 22805 22463 14706 9457 22385 2727 20931 15936 20670 22463 21726 6103 10523 4796 15678 5851 4 18784 15678 21726 18498 20293 17908 12960 20931 3031 5 5 5 7730 4796 12960 8956 21726 20 5 5 5 4796 14706 18498 20402 4 8956 21726 6056 6103 3058 12780 4796 16673 2708 4 16292 22406 4 22246 4 5505 4 3623 5 5 5 15678 3623 14706 22822 4809 31 16440 6103 29 5 5 5 6097 17872 5980 18525 20402 15678 13905 3625 6103 14703 0 1276 6075 1249 14703 15658 21596 3623 4 7363 21870 8977 7730 2371 4 17555 16431 15678 5851 21681 15458 21870 5 654 14335 23016 9010 16559 7730 9605 22327 12862 18498 9193 13055 288 7509 5851 6670 15678 1249 20451 18476 7847 1765 4766 15678 13905 7509 28 5 5 5 7730 15678 10602 0 21282 20149 16098 9594 6318 7914 29 5 5 5 20402 4796 22463 13759 18498 20149 254 4 6408 1400 5 5 5 16083 22898 17163 5 5 5 9193 201 7850 8715 7509 20210 5 5 5 21 
21 14708 15658 20402 4672 21282 6103 14706 4 15678 16559 21371 5947 28 31 19745 5 9010 4853 20402 17872 11476 14604 1097 16559 5 21 
21282 9620 17098 31 3562 7850 5527 7509 5851 5 7847 20402 6329 20 
18605 2725 20402 15678 18376 7509 14468 18498 22053 31 16192 7509 20304 5 5 5 1920 20402 15678 8360 7509 9193 20060 11685 4050 5 
21 8956 20402 3058 4 20402 7509 5851 9193 6987 13909 20402 15678 28 6103 14703 5 4369 4 10326 5 21 
21 15678 14604 1361 26 20 20402 2124 4 21282 835 20 9193 18930 26 20 21 

