9547 
15678 15540 7509 9193 14847 20402 28 
21 11678 26 26 26 26 26 10907 4 11617 26 22 21298 26 26 26 29 21 
21 15678 28 28 28 14335 6472 31 4730 31 13566 7509 29 12963 13909 11861 17872 9193 4 15658 5652 17525 9193 13055 18498 20402 6472 15658 20402 
26 15803 28 6 26 15803 21726 
21083 26 12787 
28 26 7850 22821 21793 
26 26 
26 26 
26 
26 15803 26 
26 
26 26 
21083 28 26 
8443 6472 15678 28 28 4 15678 9193 30 28 4 15678 28 28 26 7730 15678 28 28 5 
15741 5 6 20149 15658 9743 15678 6472 7730 12960 27 21596 18498 14018 29 26 5 22657 9594 21 
21 28 7914 17590 17458 9901 29 1249 20244 14335 22805 4 4676 5 5 5 21 

28 
4289 20 
5947 22463 20799 6 
21 1453 2377 7850 5941 
12901 6103 11462 
4203 7509 19677 7509 11118 6 
28 28 27 
21 23 5 5 288 18498 26 9620 29 16404 9193 22782 22327 28 28 28 28 7730 28 28 
18525 12780 10648 14539 0 27 21 
21 26 28 28 28 
15138 3058 20 21 


