21 11462 9743 5 29 18498 5 28 14335 6075 22463 17737 5 15138 8810 18498 20402 5 15678 5 28 6103 9193 15460 28 28 4 9942 5360 20402 8956 16971 5 14407 3872 4 4290 6103 22942 4 7730 18498 5 28 22318 5 11710 20293 20463 26 4 22318 6075 19898 16404 23135 20202 7914 10366 4 22318 1027 21389 28 2700 7730 134 6103 20931 5 23179 28 21 
3885 
19601 
21 9193 9634 4 14604 9943 4 15460 7730 9193 15553 7730 14604 10763 4 15678 1027 15138 5 21 
18487 14479 6103 14604 15460 28 5 14604 1115 5 5 5 
21 22915 28 4 13055 4766 20126 21 
22915 28 5 5 5 
14604 15460 15344 4766 15138 7730 15138 13512 11066 31 28 5 28 4289 
5146 7509 5 1519 5 7509 30 
21 9808 28 7509 16169 16404 21793 4 7730 16367 31 15253 18498 20402 16169 21371 18498 5762 7730 740 5360 9368 15678 7558 16296 7730 18498 20463 9943 20293 7850 1027 7730 26 22665 21 
20402 31 18328 22821 
21 6670 15908 8995 15138 22223 4 17324 11462 9743 29 1249 18498 28 13405 14604 16169 16404 31 22942 9172 4 7847 9193 9743 15138 9620 4 17324 16404 9193 7847 5360 23104 7850 9193 14450 4 6564 7914 16580 14604 16169 21 
21 6670 15908 8995 15138 22223 4 17324 11462 9743 29 1249 18498 28 15678 13405 16404 22942 9172 4 7847 9193 9743 15138 9620 17324 16404 9193 7847 5360 23104 7850 9193 14450 4 6564 7914 16580 14604 16169 21 
21 15855 9193 7850 21842 28 20494 
7850 21842 
21 11462 9743 29 28 18498 8995 4766 9193 15253 7850 11543 20402 28 19900 18498 7847 12780 19969 6981 20644 4 17324 21596 7914 28 7730 7847 15658 9193 51 17324 7847 20402 13905 18498 22327 7850 22942 21 
21 8995 7850 11543 20402 28 4766 9193 15253 11547 4 7576 7847 9193 6075 22463 13043 4766 22463 305 3847 13909 11066 31 28 9010 22327 2727 4766 7847 13055 20149 18983 7730 2727 20244 15425 26 15708 14604 28 21 
20304 5876 7509 9193 9634 
18498 11020 13606 6103 22942 
21 11066 31 28 9193 4477 15770 2727 4 15708 31 21793 16673 21842 5 4766 10547 13640 8995 22805 22327 2727 15603 5 9901 22463 21551 2164 8678 17438 9193 9942 7730 7426 17438 9193 21 
21 22463 9808 1249 15604 16404 14604 1097 7509 28 7730 31 16083 18498 15658 20402 7509 28 4 18498 15678 1249 6103 29 23016 4290 6103 16580 4 20127 4 9801 4 20244 23014 4 136 7730 2702 16404 21793 4 21 
21 13512 3960 15138 9801 16404 23135 28 28 4 13512 14469 2700 21 
21 9193 15253 18533 
21 14604 18533 7730 9172 16169 18498 28 15678 21596 
21 20311 8956 10672 
5219 20 654 21282 8840 14604 4317 28 2783 5 23 20 18525 13909 1614 20402 2783 17872 10765 19969 9594 0 14335 2322 5 8995 5935 17872 19900 18498 15422 20402 8956 0 
31 9193 9942 28 28 
9193 15460 28 15995 7509 23179 4766 31 14464 6103 16067 7509 17016 15995 15877 7509 28 28 28 7914 20931 8632 6103 26 4766 20463 17930 7730 22386 7509 28 

