21 15678 28 14335 4623 18610 29 14470 17438 22463 10797 6103 12780 18498 753 31 5426 14604 11876 7102 5 
6408 21 21 15658 19900 21 21 17438 18498 15502 13909 18533 21932 7914 2504 4 17438 18498 15790 2504 7730 17438 18498 15678 2504 4796 5174 11462 12780 201 5 
20402 22463 22834 7730 4 1393 14539 21551 4 22463 23167 3450 7127 13905 6103 8995 13761 6389 7730 753 31 15128 15138 4672 5 

21 21 17304 16393 5391 8956 6679 6103 21858 15678 15190 22463 13727 14425 4778 4766 31 4920 6103 18498 12861 21282 20402 17521 21932 6389 7509 12476 9386 5 17872 9193 12861 20402 22463 10211 6103 26 5 21 21 28 4 28 5 22998 7730 21389 5 29 29 29 21 
15604 9692 6 
21 20402 12861 18498 23135 5762 4 15106 7730 4419 21 21 6103 2727 4 5795 4 7509 9634 21939 4 16673 3058 5652 21 21 5 31 5227 20402 17872 21793 5 21 
22463 4785 
21 15834 28 20 15678 13512 7509 28 28 28 8995 5022 31 22463 5942 6103 10279 7730 23135 17304 6075 22463 11020 753 20149 5947 31 10273 7850 26 16015 20 15658 5947 1614 4 155 15678 13543 7730 5947 31 10273 13761 6 
2371 10473 1920 4 18476 7847 10648 7847 14335 8361 22327 4 9193 8361 22327 17872 23135 7730 23135 8361 16404 15678 18195 7730 7914 3206 21793 21752 10273 3086 5 21 
21 21 21 5 5 5 22805 11474 2700 15144 2700 1067 4 22805 2702 22218 8852 7730 21583 6103 2700 18603 20293 10430 17438 4060 7509 1217 7509 2991 4 20402 28 4 21596 22463 8495 4 20149 20402 18498 7847 9387 4 18498 16765 18498 7850 17819 10234 6103 20402 11578 21793 21282 16721 7914 2702 18603 7730 21810 22463 18083 6 21 21 20402 17629 2156 8956 2991 16404 18498 15678 20402 11578 9743 16083 4672 7509 22942 21 21 7730 28 3009 15678 2700 18603 4 7730 6097 15678 20402 11570 9743 21793 15678 19509 18498 23135 8995 22805 4 15678 3557 4 31 17525 19508 4 15678 974 4 15678 17478 974 4 7730 21355 20402 14425 14539 18498 31 10765 16784 15576 21551 4766 2702 18603 4 20304 28 4 7509 18498 4766 21389 4672 12764 21 21 21 
31 10765 21282 5174 29 7509 15576 14133 
21 1612 4941 6103 5121 17743 7914 21793 9224 4766 31 16192 21 21 2947 21 21 7730 21 21 3885 21 21 21 
21 15834 28 4 18476 6075 14336 15533 13055 12780 21793 15190 17872 26 17458 13761 31 10606 21793 20402 7451 4 20244 22834 15425 4 21596 10273 9786 4 21596 26 4 17304 9594 14512 18498 21075 13640 4 20931 22942 7687 21282 29 11518 7730 21793 22564 23561 6103 4629 5 
9193 7730 28 8995 22318 8840 21 
21 7850 6386 6 
15678 15091 8995 7850 9193 2988 5 28 4785 31 9594 7850 19870 5 6386 16630 17872 1932 6830 15678 19870 17458 21 21 15658 20402 15708 21 21 5 6386 16836 6 21 21 23135 20402 7850 14058 7576 0 21 21 
15678 15091 654 8995 13909 951 20244 15678 2609 7509 19870 
15678 18498 23135 19474 0 19703 21 
28 8969 2824 7850 28 15459 20205 
21 31 29 14335 13185 22463 20446 6103 22383 6103 951 16155 7730 4730 15678 15540 6103 29 5 
16323 4 28 4 23135 10648 6 21 
4289 15637 15604 20402 5 20369 31 5485 17438 6 14018 26 7 15658 14018 26 
21 6408 7509 10548 9193 5015 20670 15678 21932 20402 6 
18476 17958 13481 7914 23104 23180 7730 13439 31 28 0 21 
22202 20244 20402 23188 
3962 6103 29 28 
3962 7509 28 
5695 19972 18487 
21793 20149 4229 28 28 28 8 29 
21 12780 20149 10131 4 23135 15658 17629 6103 3906 21389 1920 21 
14860 17872 18610 28 
26 26 28 5 4766 26 
16404 18498 8995 9786 31 20234 6103 23135 
21 3388 4 3393 4 13788 7730 1114 11020 4046 31 9867 21 
23554 15671 
17792 15678 1114 
21 15658 19900 7850 28 6103 23135 4 9193 31 4526 15260 1614 8995 6075 22463 20497 6103 7804 5 1393 11092 6103 21 21 22632 21 21 7730 21 21 11802 21 21 4 31 5758 19335 20463 16169 7730 2136 10159 21681 5 
733 4 7730 6408 6103 29 14764 22327 201 5 21 
21 18376 7850 4387 4 3393 7850 15653 5 4796 20149 20402 22463 2485 23123 20244 20149 6917 5 9193 7850 4387 4 23135 23016 7509 15653 4796 22463 1248 3058 4 14335 9743 20852 5 21 
21 21 21 7850 14109 18498 22463 7127 8678 20670 15678 20739 28 4 8995 17797 4 7850 10211 6103 13301 12074 4 18498 15502 19969 6103 22463 11020 1114 12149 8329 15678 9244 4222 7914 6739 5 20402 22463 12368 6103 18010 6033 5 
368 18498 20402 17521 7730 740 13909 4 6688 18498 9193 9422 1121 20402 8120 4766 10826 15287 6103 3870 5 16066 14539 6103 1114 5 7914 22897 6103 21973 7850 19492 6103 18525 15658 20402 13909 6679 4 21355 17511 134 7730 16098 5 7914 22897 6103 23029 31 5648 31 18525 15658 9193 6933 13909 6679 4 134 7730 9594 5 20402 15678 5431 6103 22327 15678 18498 20402 8361 31 9743 4 9193 21355 10473 5 7102 20402 17521 6075 1393 19771 18498 201 22463 10211 18498 15658 20402 1453 15678 22730 6103 18525 51 16066 20402 51 5 22463 11020 1114 15658 21623 7914 17406 9975 5 7847 20149 9016 7850 21551 4 6389 6103 15671 5 11139 31 880 15637 10713 15658 15678 9493 5 
5 5 5 
15637 14049 6103 7576 4 20402 17521 3610 4766 3870 7730 14415 1393 13131 7509 15144 18498 9193 1027 17941 4 7730 17438 18525 740 20402 3735 6103 9193 2050 7850 10366 6103 22463 2478 5 31 19225 4796 20402 201 4 9193 866 16866 5 31 13481 740 9387 5 11284 18498 12716 22463 15540 16404 8956 14924 4 23109 4796 16440 7509 9422 1121 5 20244 18655 4 20244 19492 4 20244 12150 5 20244 14378 4 21371 5 155 1393 18498 31 22942 17304 8361 5 21 21 21 
15658 5108 7914 6 16971 18498 10959 6103 10366 10405 5 
21 7730 17438 13909 18498 9193 21582 9431 4 15658 5219 4 6103 21858 5024 15678 179 18498 21282 9193 20357 5 20402 4796 20149 9193 9901 1614 15458 3710 22805 15678 15190 10855 7850 8561 192 5 21 
21 15678 14604 18159 2462 4 9193 13033 5 18475 4672 4 1027 23135 21 
21 20402 4 16393 18498 7847 20357 31 5527 7509 22797 7730 15678 6996 18498 22129 5 16393 21535 31 10268 18498 23016 6103 6389 5 8095 4 17872 15643 13909 14335 6256 4 17872 20293 14335 13405 5 21 
21 29 28 6408 4 4730 3585 7730 3616 16404 12780 21932 15458 3564 15658 8995 10544 15658 5 873 8995 8561 15458 11454 5 21 
21 31 23577 10273 18498 6075 17872 20007 4 27 22657 15499 20 21 
28 
28 26 6103 6564 
10548 6103 17216 
21 7730 2371 4 18476 23135 12780 17872 28 0 21 
21 15658 14335 11862 13909 20149 23135 10959 7509 18250 16066 18201 4 9193 20149 21596 873 1614 18498 15658 10959 7509 3564 4 14335 6288 17458 18070 31 10765 15658 21596 15678 18498 5459 7730 9193 15658 5947 20931 10273 7914 3630 5 
22657 9594 21 
21 20244 4122 6 
7730 20149 873 21596 4122 17872 22782 14335 2322 6 21 
21 6679 31 18525 23174 7850 28 18498 12780 17872 18339 18498 16404 7730 15658 23016 7686 15678 18195 29 1249 18910 6103 20879 7730 9594 6103 5614 9193 919 9626 4 6103 21932 16066 7850 28 5 
18498 31 702 201 4 18498 20463 9943 9901 20244 8632 18449 4 20244 22516 18449 4 20244 14600 7730 7850 9975 1414 7509 17377 5 21 
21 8840 15678 7127 18498 23016 17872 22805 20149 22318 22805 7730 9743 15678 21551 8840 4796 8840 4 31 9173 20149 16468 9193 7558 20209 20244 23135 5 
654 9193 13055 15424 19900 20149 11462 20402 1290 4 14335 16784 13325 7509 21680 15855 5 
15678 14604 10530 20402 8840 16673 17737 6103 9743 15678 21551 8264 4 7509 12939 18498 9193 20293 18533 5 
7396 20402 7090 4 16936 16468 2727 6418 1920 5 21 
15834 20749 6 
9193 134 31 15253 15364 
2136 31 4380 10405 9901 3058 6 28 
6184 1393 9193 9634 7730 31 21793 15678 16563 1316 6 
21 21 21 16393 3222 4 9193 9193 19900 18498 31 10765 9743 22463 14984 6103 2781 17438 19900 18498 20402 3058 6329 5 
17511 2136 14335 362 7730 6256 23135 10447 4 17511 2136 14335 362 7509 10765 20149 7451 5 21 21 21 
27 16673 14466 31 10765 1575 12780 
17458 7847 20402 9193 10289 15818 6103 14924 8889 7730 14335 9743 17908 22463 20743 6103 28 21841 3172 16673 19856 
23167 6103 134 7730 2700 21793 23135 16098 8956 15286 17872 20293 
21 20293 20825 8995 7850 13202 28 4 16098 22658 7730 21810 4380 6103 11031 21 
21 29 6103 9193 7730 7509 13907 6103 23135 4 10796 23351 15658 21282 21684 5 22657 13359 22327 4 9193 5 5 5 
21 21 5 5 5 1393 22898 9193 20357 18498 15658 16933 31 8956 15190 5 1612 18498 14335 17973 20402 2727 7174 13909 13501 4 13909 13043 4 13909 7451 4 4290 6103 15941 5 
17438 12861 18498 20402 22385 12402 5 15658 14335 5335 4766 31 14659 18498 14335 6075 7730 14335 19653 5371 22463 5505 18498 15658 14335 19363 5 368 18498 17511 9743 7509 15190 22463 13727 14425 4 7914 18498 11284 13905 11688 7730 15941 18772 5 26 16404 9193 20402 4796 2510 6103 18307 19735 5 18533 5762 31 9193 4 15658 16404 20402 22463 28 4 9193 16404 18506 22327 7730 15128 15678 15190 5 20149 10648 871 7850 17889 4 2136 14425 5 
15658 20402 11438 5 9193 31 9193 23067 6103 20476 4328 23135 5 15658 368 7850 1114 13591 4 9193 21371 15658 22805 31 14953 4796 22463 8905 6103 11637 5 17908 15604 109 16404 31 12648 4 6223 6103 11205 7730 19225 6103 4932 5 23135 15658 8386 15678 18498 9193 4229 6103 21 21 9901 21 21 5 14604 15190 20402 15160 4 17339 4 18547 4 10099 4 4290 6103 17517 5 15374 7914 22463 21636 20475 21916 155 4 13909 1070 4 4290 6103 15941 4 13591 7509 19520 6103 18525 17304 7599 4766 18525 4 16066 7509 18498 20402 22463 11647 20475 5 
5284 9193 19225 1393 2614 6103 5107 7730 21801 5 17511 9417 15678 20471 16673 20471 4 20244 22834 15424 5891 4 7850 16580 5 18533 19225 6103 13669 7688 4 9193 15658 14335 12034 4766 31 11644 6103 18498 8956 19225 17304 15658 2011 1393 15390 7995 7730 10555 6103 3450 16375 15678 21551 21793 5 
5 5 5 
7491 18498 9193 15658 21596 1066 4 18498 21596 14378 6103 23029 498 4 18498 8066 4766 31 2601 21793 15678 4932 18498 23135 4229 6103 21267 5 12861 7914 16440 20402 22821 4 9193 1066 16404 18606 0 17872 21932 4796 23135 4 1959 4901 22836 7914 15540 6103 22463 21 21 3916 21 21 7730 3348 20015 8322 16404 4913 22463 3962 11020 4 22310 3919 4 22463 20207 3962 7730 4766 12861 14335 8191 7730 21596 18498 21932 13909 740 0 
5 5 5 
9193 14335 17703 4766 31 20931 15936 5 740 14335 11862 22463 17556 6329 4766 15678 18498 15678 16083 9743 16066 16721 5 288 18498 20402 22463 12409 15355 4 740 15658 8995 4179 7509 18498 20402 5 4796 7491 22463 15286 7509 20931 23523 4 9193 15658 19900 15678 18498 18533 4 9193 19900 18498 12780 5219 5 21 21 
28 28 8 29 21 
30 
15308 
9193 7730 14604 26 26 4289 13761 9901 11020 17461 26 28 2637 7623 7730 10326 27 
21945 7509 16580 
21 21 21 11462 7914 7127 4 13325 4766 3870 2136 6103 16971 18498 14335 9743 20738 5 21355 20402 1920 4766 21793 15190 5 7850 14924 7509 19863 16066 7509 54 4 18476 15678 15190 16393 6454 1393 15576 19030 4 31 8637 18498 9193 13405 23479 16971 16393 6481 5 14425 20420 12894 21596 5174 5 14425 20420 15424 8995 23104 9193 7491 5 2976 5 871 21551 6408 4 20244 18498 31 10765 16765 4 15678 20352 12780 23029 16083 4672 5 31 16775 20670 1612 14924 7730 20670 1612 16971 12780 20149 22020 5 15678 22101 9901 4 9193 31 22803 7730 31 7039 6072 550 20149 12080 1393 22942 4796 7863 8957 5 15678 13009 16784 15678 20357 5 1616 20402 22463 264 16066 20402 22463 8561 0 1616 20402 3058 16066 20402 14309 0 
15658 12578 5 1453 20402 4 7730 12861 20402 15678 13909 11861 5 21 21 21 
21 18737 15416 7730 30 21787 14909 5 17511 15036 9808 4 425 21 
28 29 28 
2372 23239 
15658 8995 10544 5 5 5 
17055 
16440 0 
21 21 21 18498 20402 4 3790 0 6256 9193 21810 20749 6103 3058 1614 5 21 21 26 21 
26 18779 20826 
21 15658 19900 20149 8995 907 4 9808 16066 2136 22223 4 9193 8995 10211 20 
9193 17304 19969 5590 16668 4 4730 10159 7850 9574 16066 19969 2700 21793 23135 17872 4788 4 9193 12780 20402 22463 26 17438 8329 5 
6361 4 9193 368 18498 20149 20402 13909 19871 15658 21596 20402 22385 3058 5 13325 2136 11462 6103 4796 20402 11284 29 1249 4 16647 15678 28 28 16673 17819 22897 4 4289 16404 31 14299 7730 21596 4181 6103 18498 15678 18195 29 1249 15834 0 20420 15678 14426 7509 9193 22942 5 7914 17556 21551 9193 13055 16393 15678 2725 4 13055 5174 16971 18498 15128 9193 22942 4 13055 12780 16404 15678 17819 28 4 13055 16647 31 17819 6408 7730 13055 16765 18498 8995 7850 5942 8561 4 9193 15138 11861 7850 13727 4179 5 
9193 288 18498 9193 21282 17511 662 31 21793 31 16971 18498 9743 16440 7509 9193 22942 15458 29 1249 5 7509 16971 4766 18525 5484 1453 7850 4785 7509 9574 1393 16971 18498 5174 18887 5 7509 14604 1097 6103 22463 21282 9867 1393 1097 2136 11462 5 7509 1115 6103 22463 21282 7127 1393 1115 13909 13669 5 
21596 6103 662 1393 17931 18498 753 31 17971 9193 22942 7850 9574 7730 14539 21582 7174 4 5219 14335 8361 866 4 7730 662 1393 17931 18498 21582 7730 5219 14335 8361 5 662 31 21793 31 16971 6103 20500 18498 20293 8995 4815 4 14335 753 7914 18475 14924 7730 31 18498 20402 991 6103 1097 6103 19972 5 7730 663 8810 31 28 28 10268 18498 12780 4179 20 4 28 28 7730 28 28 18498 9901 4815 2136 15678 23575 14924 5 
662 31 21793 31 16971 7509 16083 5943 18498 15138 14335 8361 7730 21371 14335 753 31 21858 31 16971 18498 20402 11462 5 
662 1393 20500 12984 4 18498 14539 7914 17556 21551 5219 14335 8361 15138 4672 5 
662 11756 1393 2070 28 4 22463 8394 31 18470 15643 11731 9743 16440 7730 6103 19324 4 8995 28 753 5 662 31 21793 31 16971 18498 9743 16440 4 7319 4 3213 4 4346 4 753 4 21932 4 21842 4 4788 7730 19698 4815 5 7730 1614 9901 9193 6189 8810 1393 9943 21922 2524 8 29 4 22463 7509 14426 16440 6103 22463 21932 18498 17304 9743 4766 16971 20311 18498 15299 21596 31 22805 4 9193 21596 22327 31 22805 5 
1575 16404 662 31 21793 16083 8394 7730 17836 1393 2647 2524 4 18498 20402 15138 11861 15459 1249 5 
7730 20420 12370 20149 15658 21596 22463 16451 8810 6184 1393 28 5846 4 22463 7509 16971 13909 11861 18498 5174 7730 18498 13405 6103 871 10211 16404 21793 31 22942 5 20402 15138 8003 4 15138 9801 7730 15138 1542 4 7730 4766 4181 20149 11462 9193 16721 7850 9574 20244 23135 4 866 8995 9620 15458 11454 5 
17438 9971 4 9193 21282 17511 6679 18498 31 28 23151 31 20402 15678 18498 20402 18476 4289 5 18498 31 2251 22092 31 9574 4796 7847 7102 20402 22092 4 18498 7847 23151 31 21596 2154 4 23151 31 21596 10852 4 23151 31 21596 22463 4088 20244 22958 4 18498 23151 31 21596 22463 8806 16404 15678 9128 4 18498 7847 23151 31 21596 702 4 18498 7847 23151 31 21596 20127 4 18498 7847 23151 31 20402 7205 16404 21793 18498 13761 10375 4 7730 1393 18498 9901 4 18498 15658 6256 15643 15678 20352 15036 5 
9193 1027 23135 20 
15658 18533 14156 13909 15502 17458 4766 4181 8918 6103 873 4 9193 23135 19900 18525 20402 8 29 
2702 4 
28 4 28 4 28 4 30 21 
21 13512 4 22318 1027 7730 20126 8 29 21 
21 26 26 2837 4 17737 7509 28 6 21 
1115 
15658 12780 8995 6075 17872 16647 31 13539 22825 21793 15678 28 5 5 5 
7730 18476 12780 6592 20149 15678 18159 21596 21633 5 5 5 28 
7730 31 18069 7509 28 20402 19253 16404 15678 12477 6103 18230 5 18498 412 5 5 5 
21 21 21 5 5 5 8995 7850 12589 6103 22463 19225 22823 20402 4796 8995 7850 702 7509 14133 5 1393 22898 23135 15299 4 16083 22898 23135 3008 4 6103 22897 7914 18476 4 15036 6103 14378 4 20357 18498 17304 603 5 20402 22463 9422 18498 9380 4 1393 14539 21551 4 19222 7730 2031 4 7730 15424 20293 8956 4672 20149 4778 5 20149 31 10765 20149 18443 15138 21570 7730 4167 4 31 19225 16784 31 8888 5 604 5 9193 4 13202 1453 1393 19907 7509 15894 4 20244 2031 1393 8522 4 31 19225 21371 15366 5 
5 5 5 
7850 9193 9422 4 8956 1542 15658 20149 9743 18691 5 6361 1249 7730 740 20149 9743 5 21355 17458 9193 20402 11474 4 21355 17458 20402 15751 16404 31 4672 7509 550 5 18070 4 17458 20738 7509 13496 7995 18498 15138 20738 7730 18498 21858 31 19225 552 13909 21570 7730 21936 7509 18498 7102 20402 5 19900 15299 4 9193 9193 5960 19224 7730 20402 9808 7850 702 7509 1114 7730 7509 20471 5 9193 5960 3008 5 
31 3058 15599 4 18498 9193 19013 7850 17583 4 20402 18498 22327 20149 1540 4 14539 31 4672 20558 18498 16393 11875 5 
8329 20149 8995 23104 7730 19225 9387 4 11284 4245 6103 14426 5 14539 20149 7847 201 4 20402 4179 18498 11284 16083 7850 10530 4 7850 18470 9743 14425 6 4766 13909 3558 4 4766 13909 17605 4 4766 13909 12546 7730 14466 14378 5 
15678 22805 4 560 4 8995 1453 4809 5 21793 15678 28 20149 17304 21582 3008 5 21 21 21 
26 14335 26 
15678 18498 349 18476 22463 15286 13909 16066 14466 20149 14810 4766 15678 13055 4581 6103 22463 7432 6 
288 18498 8995 1409 
8443 20402 28 5 5 5 
28 7509 1115 
23423 13359 28 
26 29 
21 14539 5317 4 7914 15704 7730 4766 17103 6103 17390 4 9193 10959 6103 23135 21 
1453 16404 6103 9594 6103 13730 5 
21 20149 31 10765 21596 20855 4 12780 20149 362 1393 16083 5574 20244 16784 15678 12578 17438 7847 5 15678 18376 6561 4 31 17098 7850 5648 4 31 7594 18498 18795 7730 17629 20402 4774 4766 14249 5 20149 31 10765 21596 20855 4 12780 20149 362 1393 11644 7730 31 16920 7509 16083 4 20149 1443 31 7847 5 31 6592 7730 6141 7509 16083 910 20149 21858 16440 7509 9193 22942 4 4854 5 20149 31 10765 21596 20855 4 7730 871 10747 4 12780 18876 15678 16083 7850 9193 9388 5 12780 20149 362 31 7459 4766 7847 15678 21551 17623 4 12780 15730 15128 7730 1005 5 4766 20855 4 31 22942 6281 16066 6318 12780 20149 21858 21371 31 9193 22942 5 17438 18481 21551 4 15643 20149 19900 5 31 10765 17304 21596 13909 16066 14466 20855 5 15678 11861 20402 6259 21787 16673 9388 7509 16083 7730 9743 16440 6281 5 6256 21371 18498 15678 16083 9743 16440 5 8956 20402 31 11020 9422 18498 9901 4 4854 5 21 
21 29 11518 4 29 14764 7730 29 20209 6103 9801 6 21 
21 21 21 12780 17872 17583 22805 15678 20749 15344 0 21 21 21 
20954 20 23239 2909 
21 21 21 5 5 5 9193 11891 20402 18498 1540 31 1027 20402 21932 16404 31 22942 12526 5 9380 155 15256 7509 7830 4 18498 20402 11758 5 21153 31 3726 6103 20149 8095 4766 1616 18498 15658 20402 1453 22463 19093 6103 15671 5 20402 8957 4 20684 9193 11474 4 21095 15678 9691 3144 16673 1434 4 18498 7914 15138 3976 10473 4796 22463 20577 6103 22307 12145 15678 3610 16404 31 16971 8561 5 
1393 9975 4 4796 21389 16083 4672 7850 22942 4 21371 8956 17629 6103 21551 7730 6103 2031 5 21551 16404 20149 5174 7730 16765 20931 18191 7181 5 2031 16404 15658 20149 16784 7914 9608 18553 5 7850 10403 7509 3036 4 15678 17877 15658 7102 20402 1453 31 11825 7509 16083 4 18498 9387 7730 20402 11758 5 15678 17877 21355 20402 31 20931 4 31 9193 4 31 9193 11988 6103 21140 5 6103 1027 4 1471 6281 5 21 21 21 
21 9605 18498 7847 17629 20149 1519 4 9605 5 5 5 
733 4 8956 20402 21282 11462 4 8995 0 21 
21 17438 18498 9193 15658 17511 21932 6103 2769 4 20709 0 21 
21282 17629 7384 5 5 5 
3564 7730 14135 8 29 
23 15678 28 23151 20 
19466 6103 5518 7850 4417 4458 5 9920 20402 28 
288 6103 22463 13502 7914 3962 5 12319 28 21922 28 
21 28 14335 13591 22318 1027 4 9193 5 5 5 21 
15281 7730 17458 5 28 6 28 28 
17080 4766 263 
11272 9801 
21409 
21 15671 7558 21596 15678 14539 6198 4 19900 22327 31 15576 19456 5 21 
21 20472 4 29 4 7730 9193 16098 16971 6103 20500 7319 20149 15678 14673 22037 16066 31 13759 7509 13772 20402 15355 16066 1836 5 
20725 18339 18498 16404 21 
5915 5859 16162 16553 7509 17356 10159 2136 7850 3388 
21 18498 20126 4 20749 21 
21282 15678 12787 7509 13359 20 23423 13359 
4796 15658 10959 0 
11731 20149 21793 15190 18498 10959 6103 10405 20402 17872 3630 7509 28 7730 15658 23151 5 
15894 8995 26 0 29 
21 15658 21596 14378 7509 8713 4 9193 6256 31 13759 254 654 5 15678 18498 20402 8644 20402 15678 18498 20149 8644 4 7730 15678 18498 20402 17973 15502 17973 4 15424 20402 21551 16784 5 20402 22385 12979 5 5 5 21 
22463 9942 7509 18339 18498 22564 15678 7882 17872 20954 16066 6582 21282 22463 1190 7102 20402 7874 21793 22897 18498 21582 19969 7509 7882 5 991 6103 23104 10943 17872 19509 7509 22942 5 
21282 15678 13512 20 
16580 9193 21252 5 14135 17608 18610 28 28 28 28 28 
21932 5 26 26 
28 26 26 26 26 31 3962 20402 9193 
15894 8995 26 0 18533 20402 15678 14604 3439 26 
17458 15502 20402 15708 31 22805 15678 18376 7509 16083 5 10405 14336 14336 29 26 26 
21 21 21 8956 20402 14604 16587 4 8956 20402 14604 28 20 21 21 
7730 8956 20402 15678 26 18498 15678 17563 3170 20293 17629 20 15708 4 13229 20 
15678 10839 352 21 
31 26 28 7747 28 19653 7509 22981 20879 352 17872 4434 20402 28 
21 5121 4 20402 20480 2136 15678 29 5 29 26 21 
11462 15678 22307 8995 16367 7730 15658 21596 14058 5 18525 15678 20463 28 12780 18533 17689 0 
22463 1248 2136 21932 
14331 7509 1114 7850 21264 23343 5 26 7509 1114 9867 13023 28 14331 7509 1114 30 1737 6099 
21 6103 3058 4 21810 22463 20749 5 18533 20402 14604 3439 26 13980 10175 3439 26 21 
8995 4766 20126 6103 4289 4099 7914 3962 5 20126 20749 20126 3564 18444 26 28 
26 
28 4369 18268 20402 10696 26 28 
17438 18498 9193 15658 20402 0 
17458 15671 14514 5 28 5846 
7558 6014 918 28 18533 23151 17872 28 
2156 31 4711 5 5 5 14336 26 5527 26 14336 29 26 28 

