4796 13471 0 
21 7730 8956 9975 6103 20247 20402 17872 4788 13909 22463 1247 20463 20 22463 7127 21282 15658 2631 17872 4110 22327 18498 20931 22942 20402 17872 15671 18498 5484 4766 23135 4 15658 20402 0 23135 14514 22463 15266 12526 6103 4790 27 9193 22318 7491 20293 7730 12780 7491 1614 6103 15604 5 5 5 20855 9193 4 7509 20463 1097 4 7509 20931 9634 4 9193 4796 15311 4 6103 22318 21596 17438 16936 5 5 7730 16689 6072 18498 6928 16066 740 15658 21596 31 4245 6103 21596 20931 1103 20 9193 22318 452 15138 4 13512 5 5 5 7730 18525 22318 5174 6103 22821 12780 5018 4815 20 23135 20402 12094 20 20 20 6679 4 6387 21389 4672 3058 4 18498 31 20931 22942 20402 20293 1920 4 4796 20402 8956 10273 4 4796 20402 15576 9971 6103 20247 6 16936 6103 16971 18498 22318 1027 15138 7730 17805 16673 20931 18780 5 5 5 7730 20293 4766 8956 20463 20853 7850 19800 20 23135 14514 21793 9801 18498 9387 20 20 20 9808 1247 16673 23575 22897 8956 1249 4 17458 21776 9594 6670 20474 20 27 22318 1027 3450 22897 13909 20 20 20 20 20 20 18498 23016 15678 18195 28 
28 14604 14425 1095 20402 14604 1114 21 
14604 15311 9743 15678 14425 4372 7509 22942 16440 29 
23 23 
15995 6219 20 8 29 
10405 4331 
15577 4766 15678 14425 3439 18527 7509 22942 
21 26 26 26 26 1631 4 26 26 26 26 1631 20 
21 4561 4766 16431 7509 9193 3711 9726 26 28 27 
21 16375 20 
6103 15908 3960 7847 20402 31 18195 12780 20402 13858 21 
21 20457 28 13055 20149 16468 7730 740 15658 16393 22821 5 5 5 20149 9769 15678 15860 740 22318 22805 7914 3962 5 740 16098 20931 19699 5 740 22805 20931 15256 4766 31 22487 17098 18498 9193 21389 452 5 733 4 21389 4672 9193 452 7914 23135 20 17304 13909 16971 5762 22463 9634 4796 31 20304 5762 4 4766 9943 18498 16866 20202 15678 18498 20402 4179 4 20244 20149 7043 7509 18498 23135 8361 5 5 5 15678 15190 20420 22463 13727 14425 5 2336 4 15708 5 5 5 21596 15138 15995 6103 20402 9942 7509 14604 16169 7730 15138 4672 20149 7102 31 7804 18498 23135 7730 15678 2336 6075 31 7847 5 31 20126 20402 8322 4 9193 19900 18498 654 20402 18498 18784 31 20304 8995 7914 3962 5 5 5 7850 3962 7509 16169 4 1393 13131 7509 11474 18498 23135 8637 17872 5284 8956 9634 18498 9193 4229 6103 9193 5 7730 20402 1920 18498 9193 12780 11139 23135 7850 14453 4 2336 5 5 5 20852 4 9808 4 4290 6103 3219 7850 15855 4 4766 8956 3388 3156 18498 14335 8095 6670 20293 5 14799 5913 4 22765 13512 20 20 20 2136 15678 7127 6103 9193 19052 20 22318 1027 20 20 21 
21 6103 15908 20 
10217 7509 28 28 21 
21 21 21 23135 7491 16475 0 21 21 21 
13909 22463 17872 4711 5 
1796 20 
288 31 28 7509 28 28 
21 9808 29 20 20 20 
15708 1393 17556 7730 3058 18498 9743 16440 7509 1249 18498 201 20 20 20 20402 15138 78 17438 20402 4163 20813 6103 16971 20311 5 5 5 
18498 8956 15604 1249 20402 4886 20 
24 10765 20 21 
654 20539 17511 4229 6103 10548 20 
21 11462 20402 15678 20463 1247 5 5 5 
7730 9193 18533 17525 22463 10273 9193 4 21 21 7509 1341 21 21 4 18498 19363 15678 18481 23135 20402 14149 5 8443 4 17908 9193 23489 1614 6103 3962 4 6387 21389 10273 18498 23135 8995 4766 8956 20463 20853 13909 13512 7509 15190 7730 8956 3790 6103 18525 15658 12780 8448 15643 4 9193 8147 8956 5 5 5 17304 15658 20402 7509 14426 4 17304 8995 6767 7730 16083 4672 13909 4 9193 9193 31 8637 17438 7558 15083 6 17819 4 17458 19363 15678 18481 23135 20402 4886 7730 16816 7850 20463 16296 6103 16169 5 5 5 16429 6103 3450 14924 6670 18476 9193 20402 16753 4 7850 3222 4 2136 15678 14924 13909 7188 6103 468 16066 7509 9942 13909 22765 18498 21 21 12780 7957 21 21 9743 9574 7914 16083 4417 5 7730 20207 4 16673 14604 15855 17872 23135 5 18482 453 4 16169 20 18482 835 20 7730 17836 4 18481 1114 20 15658 9387 16192 5 5 5 9193 662 31 28 17438 21596 22463 16169 18498 4 1471 7509 7181 7509 22942 4 15643 4099 16404 15678 21 21 13131 8561 21 21 5 18498 16866 11509 7730 10010 7914 20463 17838 17438 13909 18498 15678 15190 9743 15678 5431 5 21596 15138 15995 6103 3913 21680 20044 7730 21680 15540 5 5 5 7730 21371 6103 22805 20931 14069 7730 16440 7509 20463 12939 7914 9193 5 15708 14604 13512 20 20 20 20 17438 22327 5 5 17438 6184 31 13907 6981 20463 1249 6103 22942 31 9193 9634 5 18498 28 22318 5235 8956 11474 4 16169 4 14181 14149 17438 15138 7730 15138 1249 20 20 20 20 7730 18498 7847 22318 78 20293 7730 4980 21793 15678 6684 7509 20463 5528 5 5 5 9193 22318 1027 20 9808 1247 20 20 20 7509 20931 17823 4 28 21 
15708 28 28 
18498 21189 14149 20 20 20 20 15708 17438 16721 20293 7914 9193 5 5 5 28 28 23135 20402 6329 22318 1027 20 20 20 15138 15138 15138 15138 20 20 20 7730 22318 18533 20293 4815 20 
15708 20304 17438 13909 22463 7127 20 
16375 
6 
15002 18899 4766 28 5 9790 16673 14425 
21 7576 20 15658 4 8840 5 5 5 21 
21 22202 20833 7509 7127 
21 22463 3369 17304 4788 13909 22463 1249 6103 22942 6981 15144 4 15253 4 2336 4 2899 20 9808 29 30 20 15708 17438 8956 9634 23577 7509 18470 9743 16440 20 20 20 22318 1027 6329 6329 6329 4 10151 20 21 
2717 18498 15643 6256 6103 14335 11888 5 5 5 
1247 7509 28 28 16440 7558 20 
9975 6103 7576 9808 20 
13640 654 18498 31 10548 12780 4289 1393 9971 5 5 5 17737 7509 20500 15138 1114 
29 20 20 20 
21252 6103 3058 20 28 28 9193 7730 14604 1114 
9808 7509 28 1393 2352 
10182 7850 18487 7509 28 5 7847 20402 8878 472 10541 
21 12780 18498 12780 4 28 20 21 
21793 8561 8956 5505 6 
1095 6103 15855 9786 20 20 20 2745 20402 15678 11111 6103 3897 18498 22318 4730 7850 9193 22942 20 9193 19900 18498 20402 13347 6361 9193 17525 28 
31 835 6103 13909 22463 7127 
15678 22310 10943 20 15658 724 4672 13909 10138 15855 8956 16526 
6103 20474 5 5 
26 26 28 5 
13897 26 15081 21021 
21 20402 1022 20 7850 26 5 5 5 5 13184 7509 15604 15286 5 
15995 6103 23135 4 26 20 20 
18498 20855 31 9193 5 5 5 20931 22942 21596 5849 14604 3610 5 
21 21050 16404 28 20 
26 15712 16404 31 17523 7730 15955 6103 2958 15678 18498 15658 20402 7509 15576 12578 5 17438 9365 4 10941 4 18912 12764 4 1233 8765 4 6159 6103 1114 6714 4 12164 16404 15678 9244 7730 21662 6103 3952 2617 7914 4853 5 21 
6 6103 
28 13512 6717 8 29 
20149 892 19149 15658 20402 7188 5 7188 20402 5484 4766 15678 4292 6103 17211 23016 7509 23113 7914 17269 20207 9789 5 
13909 16393 22463 18458 7850 9193 12899 5 
21 15678 7127 6281 7102 20402 21793 7127 20 20402 11570 11710 4 15144 9365 4 14425 1095 18498 873 17304 21596 5 5 5 14335 10795 7730 14335 4730 7914 22463 15190 18498 7847 9743 20402 14425 6103 20149 23104 5 28 4 9808 1247 20 22318 1027 4 452 7730 14335 15995 6103 20402 20931 9942 20 21 
28 18007 1393 21364 7509 9971 6103 20247 7 
18533 15138 18498 31 28 21596 19969 7509 21364 18498 8995 22805 5 8995 13512 4842 16404 15678 9132 1251 12780 20402 13669 
8930 4766 8214 20 28 28 28 4346 14335 7451 1027 6329 
21 29 4 29 4 29 7730 13055 20 21 
21 11462 7850 6014 3219 22463 15604 28 5 5 5 18498 13909 16393 28 6103 4443 5 18498 12620 16819 15678 16296 18498 28 17714 17872 20931 22942 5 18498 14335 9743 20402 18525 20402 5 15253 7509 15144 13909 11861 7509 9193 22942 4 2336 5 5 5 31 20126 13055 20402 13905 18498 15678 15190 12526 20 20 20 15963 31 28 17872 18498 7847 31 18876 15658 3710 13512 4 17872 18498 17511 6564 2136 15678 7127 6103 9193 19052 5 22318 1027 20 20 20 20 20 20 21 
28 4766 26 678 996 7166 17156 
17737 6103 28 
21 21 21 22318 9743 18498 22327 5493 16404 14604 2727 5 21 21 21 
21 22463 22897 9193 13359 4 7914 871 13727 4 18498 15658 7102 17908 15678 14425 7914 873 4 9193 873 18498 6933 15678 14425 7914 15671 5 23135 4 13647 4 20402 8956 14604 873 5 7686 21793 15678 28 6408 18498 22318 5174 4 23135 14335 15061 18498 20402 7730 17511 20402 22463 15144 14425 7509 18498 9193 11731 5 15708 17438 8956 1249 14149 7509 20463 13131 20 20 22318 1027 7730 22318 18533 17872 20293 4815 20 20 20 28 28 22463 1249 6103 15311 21 
28 26 20 
6 6103 
21 4289 17872 7599 7730 15855 15678 18498 21596 7850 22115 0 0 21189 7509 12787 20 31 10765 20149 6722 7850 5662 4 9193 20149 8386 7850 910 5 14604 1114 17438 23135 12780 991 6981 15190 20 654 17304 16630 5 5 5 18498 18498 23135 8995 18533 0 0 0 21 
21 23274 28 26 26 29 
26 26 20 21 
21 12910 4766 31 1095 20 
1027 6329 30 6324 21 
21 3633 13909 13512 20 
22575 28 21 
8930 26 26 
18376 7850 9078 20 7127 13512 6329 5 5 5 
15533 26 20 
20007 21726 20 28 3630 7509 28 
9808 28 430 26 26 20 
4796 15658 20149 1409 0 
1027 6103 16179 20 20 20 
17872 19108 5 5 5 
21371 18533 15299 20 20 
18779 20 28 28 28 
31 7188 21412 6103 15658 4809 31 6070 7686 31 3610 5590 18476 22463 15286 15138 3058 4785 31 21787 5 
14425 4842 17872 22327 7509 22942 20 20 20 28 28 
17872 9769 15678 9975 6103 20247 20 20 
6 
9801 20402 8995 4766 18525 1027 20 20 
28 4766 31 10696 20 28 28 28 
28 23 
20749 1421 7914 14336 31 8956 4380 5 13512 6329 20 20 20 
21 21 21 31 26 26 26 26 26 4 26 26 26 17226 26 26 26 26 5 5 5 11617 22 6103 26 21776 26 11678 11617 26 7850 26 26 5 26 26 26 26 26 26 15803 15678 4 26 26 22 30 26 26 26 26 26 26 26 7850 26 26 26 26 26 26 5 26 26 4 11617 26 26 26 26 26 26 21726 26 26 26 26 26 26 28 26 26 26 26 26 5 5 5 26 26 22 18740 26 26 21 21 8 29 21 
22318 1027 20 20 20 
21584 
924 4766 28 5 
21252 6103 3058 4766 14604 13647 20 30 28 3211 26 
4730 15678 16292 7914 7127 20 
21 3058 7127 
28 20402 18498 4356 0 
19032 
21 21 21 20402 9790 22463 8637 5 9980 22463 8637 4179 18498 17304 7687 16404 20293 5 15658 20402 22463 11870 5 15658 20402 22463 4041 5 15658 20402 15678 22392 7509 2304 5 20402 15678 12760 6103 21793 15678 12760 5 20402 15678 12760 6103 21793 15678 15576 9971 5 20402 22463 8637 22385 2727 9790 18498 21596 13668 5 20402 22463 8637 22385 2727 9790 18498 15658 21596 20357 22245 5 20402 22463 8637 22385 2727 9790 18498 18475 16083 16936 6281 20402 14465 7730 16808 5 15502 8406 15637 8637 20244 9769 31 17478 5 8995 7914 3962 20402 9769 31 17478 5 21 21 
8637 23135 4 22318 1027 20 21 
14145 20 20 
7 
7576 6103 19486 20 
3058 7127 20 20 3058 11590 8995 21596 11462 20402 20474 
21 23135 15128 14604 28 4 9743 15678 14604 20853 13909 20584 4 9743 7509 14604 20825 15678 14604 7128 20 21282 17511 6679 18498 23135 20402 9808 4 21389 18481 14335 9743 4 21793 15678 28 7509 20931 22942 20 18498 28 22318 11139 4 22318 78 7730 22318 13405 20293 16673 14425 3610 20 9808 1247 4 14604 1114 20 20 20 22318 1027 28 28 6 21 
21 17872 1233 15678 7127 5 5 5 
23 6324 
654 7850 9193 12899 5 5 5 26 13033 
22575 28 28 8995 18527 6329 7509 5320 
23135 20402 9365 6103 3952 7730 11510 5 5 5 15678 18498 15658 20149 288 13909 15459 15190 20 21596 15138 15995 6103 20402 22318 9942 5 15678 16169 7509 6014 8637 15678 14425 3790 17872 20402 14604 16169 1614 7850 21631 20 20 22318 1027 7730 22318 452 20 20 20 20 13512 20 20 20 20 
6324 20 26 26 28 28 
2812 20 26 23359 
21 23135 20402 15678 17737 6103 1247 18498 28 14335 6075 7850 7127 18498 4886 22310 1249 5 20402 9193 1095 7730 11462 20402 13905 18498 9193 20 20 14335 15995 15138 6103 22805 31 15144 13512 18498 23135 9010 20149 21858 5 5 19900 18498 21776 871 28 2087 4 9193 18533 22318 7491 8956 4672 7730 22318 6679 31 14426 4672 6981 22942 20 19900 18498 4766 31 7804 18498 15576 16169 9193 6075 4 22463 10530 14149 22318 703 5 5 5 6679 8443 18498 23135 20293 21810 31 6152 4179 4 18498 1575 2727 21793 31 15941 18498 21596 4 18498 21596 20293 16971 6103 2727 1393 20463 19030 5 6679 18498 23135 15658 17629 22602 15643 7509 11213 18498 490 7850 2154 6103 28 5 5 5 7730 18498 22202 20293 9193 3611 7509 20304 5 17438 21793 22942 12780 8995 7509 20463 13131 20 20 20 9193 22318 1027 15138 4 15643 8918 16066 7693 7384 4 8995 0 4766 1114 4 30 21 
7509 14426 20 20 20 
1614 8995 21793 15190 21582 9901 18528 20 20 
238 7157 16404 13398 7509 3590 13253 15678 19800 19969 7509 2530 15458 10405 20 
21 20402 7188 5484 4766 9010 7848 6 31 16971 20149 631 7730 20149 8139 1393 15576 15860 5 15576 13009 20402 9790 15658 2092 6103 4154 7730 14595 4 9193 6103 2367 7730 18824 4 6103 9408 7730 10431 5 22463 16971 20402 23577 1393 9016 31 15256 4 7730 1393 18922 12220 4 20149 21858 13909 22463 5 15678 7830 22497 15678 12423 5 15658 20402 31 955 4 15424 15678 16958 4 15424 15678 15284 18498 21858 22463 16971 11020 5 20402 31 20931 20322 20244 21364 5 21 
21 26 26 26 31 26 21776 26 26 26 26 
26 26 26 21776 9971 6103 20247 31 26 21776 26 
11617 26 26 26 26 21776 26 26 26 26 26 
11617 26 26 26 26 21776 20455 26 26 
20828 20 20 
5947 15678 10405 7914 11020 9032 5 5 5 
26 26 21282 22463 17556 
14924 6103 21981 
21 23104 7914 22463 21551 7914 18498 21 21 4840 21 21 20149 5150 4766 4842 17872 2464 7730 20402 21 21 1095 21 21 20149 19525 31 21596 873 434 7850 20463 16822 4 21282 17511 5241 9193 1103 22463 7509 13905 21657 18498 9193 17304 8147 15458 22942 20 21 
21 28 21 21 512 21 21 20 20 20 27 21 
21 2136 16393 14407 4 15658 20402 28 28 21 
26 
7957 13647 20 20 20 28 28 
3485 20 
21 2464 26 4 4766 1095 26 20 20 20 1027 6329 20 20 20 20 26 26 21 
12094 5 5 5 
21 18209 4 20402 2727 22985 20 20 20 21 
23016 17872 28 23016 20 
16066 16404 31 19821 16066 16404 15678 28 20 20 20 20 
18533 22805 19553 7509 2848 6103 11857 16162 9010 1249 20 20 20 19652 23016 16404 31 28 19969 7509 28 
21 15678 20304 28 9743 31 17022 18498 21 21 31 19643 7509 2156 7509 21413 7509 22065 18449 4060 22463 11792 15138 11020 7850 5320 7509 15195 7730 21752 18987 6103 23498 23069 4796 20127 7730 7804 21 21 5 20402 19645 13359 22463 4672 6981 19900 7509 18478 6103 11876 18498 15678 3170 16162 21282 8956 1249 20 20 20 21752 18987 7509 23498 7509 20127 7730 7804 4 9193 5219 2156 15678 20015 6103 6428 0 0 0 0 0 0 0 20402 15138 11683 288 18498 20402 21282 17438 22998 4136 5 8956 20402 20402 21282 31 17819 5204 6103 15138 4672 18498 21596 17872 15128 15458 16169 20 20 20 21 
23104 15678 10405 20 10185 6103 18512 7730 6103 4331 5 5 5 28 28 
21 14604 15311 15658 20402 21282 14604 15311 5 5 5 12780 22805 20402 12861 18498 15678 9743 22385 8810 20 14604 15311 20402 14604 14425 1095 5 5 5 14335 9743 6075 19699 4 14335 9743 3485 5 14604 15311 20402 14604 16375 7914 21793 15678 14924 5 5 5 14335 708 7850 21928 4 14335 13405 7850 4443 2136 17872 22805 9956 18498 7847 15658 10959 5 7847 14335 6075 3251 4 5876 6103 9193 4 7730 7102 21596 22463 20247 12526 7914 11477 31 7847 20 20 20 13512 5 5 5 23135 9743 4766 18498 9193 14335 1409 21793 7127 17438 23135 20 20 20402 22463 16971 15138 13909 9808 7730 662 31 28 17438 21596 22318 4730 7850 9193 22942 5 9193 22318 1027 6 22463 2700 7509 20931 15018 2977 1409 27 21 
6 
918 26 20 20 20 28 12910 
9808 20 20 
10548 23016 17872 9193 20 20 20 5982 18506 3393 22575 
15678 3790 20 20 20 
4380 6075 17667 20 20 20 26 28 
28 8995 23151 20 20 20 
4766 15678 21551 23135 1540 18498 15678 19522 7509 20463 9370 6103 5982 12894 12780 20402 11686 1393 7509 10575 5 5 5 
21 21 21 5 5 5 15658 21535 31 15502 4 15424 22318 12442 31 14465 17705 31 7127 6103 1022 5 14096 22318 910 20293 10259 7730 20293 18328 7730 22327 5590 7730 19969 2727 5 15643 22318 13010 21282 16066 6499 2116 6103 22318 9387 9535 17307 18498 22318 14487 15658 17304 4978 5 20149 7883 21680 8908 4 15658 11284 13923 18498 22318 2046 5 21282 31 22463 12353 7102 21535 6 31 22318 14539 5 15678 14378 7730 31 7728 7509 10530 20402 31 16014 10489 6103 21793 15678 12494 4 2082 12290 13987 4 7730 9010 4 15678 12226 6530 5 21 21 
28 21 
2721 20 20 20 20 27 
23 20311 
15533 6103 21252 2727 340 20 20 20 12780 18533 13909 15678 18498 0 28 28 
16468 21551 20 20 26 
23167 6103 9901 13909 22463 17556 5 5 5 
4292 7509 28 20 20 20 20 
13512 20 20 28 28 
20126 6981 22886 5 5 5 16472 22886 28 
2156 15678 20799 20 20 20 20 26 28 20311 
21 13055 7491 9193 2336 6 21 21 15678 18498 23016 10544 4 12780 10544 21 21 21 
21 28 28 4 31 28 14018 23135 1937 20 20 20336 7730 4766 22463 3512 6103 13351 5 5 5 3962 4346 6103 19698 20 20 20 20 27 21 
22463 8855 5 5 5 31 3450 22897 18498 15855 17872 13131 15678 6014 9010 6103 22463 5518 20 20 20 
8580 14408 4766 14604 3388 3426 20 
28 28 20 20 20 
12689 20402 18476 20463 5528 6075 22463 18285 7850 10530 7730 23151 19871 5 
21 14604 28 7850 5846 15061 15678 1114 7509 16169 4 7509 13043 28 5 16673 5846 14335 4229 4 10768 14335 2082 7730 9193 4 20244 16192 4 14335 1585 18505 17438 21680 1114 5 5 5 
20799 3058 6329 20 20 20 28 7850 4066 20126 26 28 
26 26 26 
31 3790 6103 3183 20402 21282 3222 27 23135 21282 14335 9743 2727 20 28 28 
20126 6103 21596 23135 4815 21793 7127 20 20 20 15678 9975 6103 20247 2727 18498 17304 4289 13909 19871 7730 16468 13909 7090 5 5 5 
654 12780 20 20 20 5982 22327 20402 17521 8838 
21 31 10765 20402 15678 18498 31 10765 8637 20402 4 15678 6996 17556 21596 31 22805 4766 12861 5 
6670 16753 1540 18498 4 1393 9743 22463 15955 4 8995 6574 16083 4 7730 6103 15955 7914 15955 12780 21471 8956 21488 18498 20149 5448 4229 21 21 9193 22942 21 21 5 
15658 20402 21412 10544 5 7850 14924 7914 18498 20149 8637 20402 15258 4 20149 8995 155 15256 6103 20402 17065 6103 2332 5 1393 15953 16673 22942 6103 2107 4 20402 18494 11875 5004 4766 31 28 5 
8637 6 2685 2136 3510 16066 23029 22749 7730 3281 0 21793 31 947 20402 23204 4 9193 11284 22463 17807 31 16162 17438 7847 5 
17438 12861 20402 22385 11861 15678 2176 5179 5 9193 8637 15658 17304 20402 1453 12687 4 7847 21596 18498 19089 15678 18498 31 10765 20402 5 8956 15127 6103 19804 7102 23016 16404 373 4 7730 15658 16404 1377 31 23111 7509 3610 1294 16776 5 31 9078 20402 13669 7730 15678 21551 20402 5947 5 15658 6256 6103 9743 15299 18498 18533 4 9193 21596 19478 7730 14302 16404 1649 4766 31 5230 6990 2367 5 21 
13647 13512 20 20 20 28 28 
17438 26 
15658 9387 4842 14425 20 28 28 
6 

