21 7509 13131 6103 5980 4 21596 15286 4 1097 7730 873 16404 1027 5 7509 9833 20126 28 1095 14425 11875 26 21 
18498 15678 3058 28 7850 4980 1114 7730 16580 5 18525 19900 9193 23151 22463 7127 16066 15643 13909 
21 1393 22898 9193 22318 1027 15138 13909 18498 10959 4 7730 1393 22898 22318 6679 15138 13909 18498 17511 21 
21 18476 6256 6103 15855 22385 1270 16404 15678 18498 14335 9620 7730 16468 31 15855 4766 10767 15678 18498 9193 21596 4 6592 18498 4 6103 22821 11284 15138 13909 18498 662 7509 18498 16630 21 
21 17872 3058 8385 4 29 14469 23064 7730 15658 19474 2631 5 
9901 31 7157 21 
20244 13494 10175 13512 8995 13026 20301 
14335 1744 22463 20853 10544 14539 18476 18533 4346 5 26 1027 6329 2614 
21 15678 20463 2700 20293 201 4894 5 12780 9901 13909 22463 17556 17438 8329 
1027 9193 1027 15138 6103 15908 1095 13512 1097 4341 5649 20875 
11284 2547 18498 23016 16404 15678 2727 5 
21 15678 1488 18498 9193 2442 16404 14335 13325 6103 2685 702 201 6103 14335 2322 18498 15036 6103 6787 
21 31 22942 20402 17872 18525 19900 23104 4 17908 1540 31 28 5 17872 18476 1414 15658 20149 61 4 10648 7730 16784 9743 16440 
3058 7127 21 
2978 17872 22805 
21 20149 9193 15658 22318 9743 4346 4 20149 9193 15658 22318 9743 20738 5 9901 4815 8956 15533 15678 21551 18498 18533 4 8329 20149 20357 2727 5 21 
21 1095 20402 1612 18498 23135 15658 17629 5320 15678 14426 14924 7509 20931 22942 4 17458 7847 21371 8995 13761 5 
9808 7127 7509 1095 20463 18339 8 29 21 
3077 7509 20788 4289 
21 12780 4766 3558 4 5528 
22318 5876 4766 8956 16179 21 
17819 12899 31 10765 15643 8918 
21 20402 10544 6329 23104 7914 16580 4 31 10765 20402 18498 4894 22327 5 
21 8995 20788 7850 10405 22327 2727 4 15678 19854 14539 20402 13253 13699 5 
21 8443 12780 23104 17458 8995 22327 2727 4 1961 19450 12861 20402 16468 4 1150 5 
12130 20402 31 20319 18498 19761 20293 18476 31 10765 20149 22805 
23104 17438 18525 22657 31 16689 15036 5 6103 22463 28 26 1114 
19676 
21 20149 18533 1027 1540 31 20149 7512 5 
9743 4766 18498 15678 8564 22318 9743 5741 4 7850 7728 8637 15678 14425 17872 23135 7730 6075 13909 11868 31 18525 7850 18533 2727 5 
21 20617 20931 22925 
15658 11284 21551 17872 23104 7914 12780 
7730 15658 16721 13909 7914 6820 
9387 22463 15190 18498 21282 18533 22318 22805 20852 21 
12780 15012 8956 18376 10943 12787 28 20072 28 10962 
7850 7728 8637 15678 14425 17872 23135 
9769 31 2988 12882 
21 18476 31 10765 5108 7914 873 4 15425 18069 20402 15392 5 
18476 15658 5108 4 15425 18069 20402 21036 5 21 
4796 14604 28 21282 1114 1095 20244 8561 28 1027 
1115 13688 1027 20451 20461 20244 20497 
15678 18498 20402 1616 0 0 0 1095 13688 15658 22657 15299 9867 6075 19854 6075 15138 19854 13325 6103 15299 
17304 14335 8840 18498 9193 21776 4289 2371 5 
21 1612 3790 6103 6 9193 18498 19924 4 4289 6103 10273 15253 5 8307 9787 2689 22942 3162 9193 21 
7166 17872 18498 15658 20402 0 0 4331 1114 9172 17737 26 15424 10959 
21 6103 29 22942 4 29 9193 22318 6075 5 1114 1095 22942 22318 1027 21 
21 8406 17438 8956 17478 654 7730 7491 18498 14335 472 4 23135 21596 14336 11518 17872 15128 31 9193 22942 5 21 
17458 11462 20402 20474 26 26 29 20474 3425 1095 17087 
16373 3211 10940 15671 2403 6324 
17831 28 10700 4265 12787 2384 26 10943 
14426 1097 20 20293 15671 20402 12861 21282 12780 21282 23016 1027 23135 1027 20293 29 15671 
9193 16753 12787 22942 10943 10966 
17819 7127 6103 2154 5 15138 8003 15253 2386 10700 15253 1027 30 2689 5741 
20725 
9193 17831 5 
9808 1249 15604 20463 13520 5 
21 9193 18498 17667 3058 4 14335 6256 1614 1393 21778 5 21 
21 8956 1806 20402 17872 23135 18498 288 18498 9193 8995 1614 20738 4 12780 22805 21 
21 11617 26 26 4 26 26 5 21 
21 9867 6103 8119 6103 1249 4 17960 134 31 7178 5 662 31 8525 22971 20749 16673 3870 7730 6189 5 15253 14091 4 2386 7730 4355 1027 15678 8855 5 21 
7730 2371 23135 6075 15678 4122 17872 20931 9942 12960 7730 7847 21752 22463 29 10273 6103 22463 22897 21282 5 8995 21646 8956 9193 2442 5 
15138 1114 8464 
21 28 4 14335 13591 6981 23167 6103 21752 31 13501 22463 1961 6103 29 5 21 
21 28 7730 20931 22356 20 
15995 6103 20402 20931 15253 8 29 8 29 8 29 8 29 21 
21 14466 6429 6103 5107 7850 16971 7730 13909 6429 6103 7251 7850 9193 5320 4 17438 9721 5 21 
21 9634 24 9634 11284 4 9634 8 29 21 
12787 
17714 15678 7992 8 29 
15821 10211 6 6103 
21 21596 10765 18498 15678 20060 7850 2647 5 20402 22463 16689 4 17458 9193 10959 6103 14018 6582 15678 3420 20 20 21 
7730 8995 22327 10855 5 5 5 6 16404 
21 15678 20749 18625 4 13055 16468 7509 14336 7127 5 6073 15658 19969 4 6073 15502 14335 21752 20 
6 6103 21 
21 22805 21680 20853 4 21371 14335 9743 20852 20 
9942 22318 1027 26 29 13512 21 
2372 6 6103 
21 18533 3213 16673 20463 7277 9193 15658 21596 15424 31 3726 6103 5913 20931 15713 4 11399 21 
21 11462 9743 9312 18497 1249 18498 22805 16673 17819 22897 15678 19801 7509 16971 13909 11861 7509 9193 22942 4 18498 14335 9743 1540 31 3450 7127 13909 7730 1027 12232 4 8956 1114 18498 20402 13909 10259 18498 22327 4 13909 7684 18498 22327 4 18498 20402 15678 1114 6103 15253 5 
16323 9193 17831 8 29 21 
21 20558 6 20149 31 20931 9801 6400 7509 16083 4 8443 15658 20402 20931 5 21 
21 22 22 22385 10544 16765 4 18498 31 20855 8637 23135 4 7730 23135 4102 15424 15585 20 22 22 21 
4809 31 20247 21083 2727 6 
17872 22318 22805 20852 9193 17511 4751 15678 6014 6103 16083 5518 8 29 
22318 1027 21389 18498 15424 19900 9431 20 20 7 
21 14335 11680 17438 22463 7127 18498 9193 22318 11680 17872 19509 7509 22942 4 15658 19900 3224 5 21 
9193 20149 18525 9193 1027 21596 1114 17438 9193 5 8 29 8 29 
21 21 21 16404 22327 11284 22463 21551 4 16404 3450 4672 22463 14924 21 21 30 5 29 6 29 
28 20402 16816 5 7847 17304 2136 16393 6361 4 9193 15643 8918 5 21 
21 16303 4 1027 6329 5 14539 14335 6256 15457 17438 21842 5371 15678 14604 21726 4 30 8 29 21 
16393 22463 14464 27 
21 1095 4 14335 6075 22463 6103 17737 0 21 
21 9193 10959 6103 19773 4 15658 6103 14421 4 8386 4 16673 1114 6103 28 5 20 20 21 
21 20149 6400 6103 9193 17872 892 20463 7826 4 12780 15036 6103 10183 5 5 5 27 23 21 
9130 18498 20402 3058 15299 27 22318 1027 
21 740 2727 18498 9193 15424 20402 4501 4 19703 6 21 
21596 4796 15658 22318 1027 0 0 13512 6 
22638 20 20 27 5 
26 26 6 
10700 30 
21 31 28 28 20402 22385 13512 4 14149 4 4295 4 22327 6103 3058 21 
6136 20 20 20 
21 23 4 4796 9193 1027 21 
22318 1027 15138 
27 15671 
1410 5212 7509 14512 18498 23135 8995 9743 22805 1095 27 
21 1027 4 1027 21 
21 22318 22805 7730 15658 22318 18533 5 
20402 11907 4 20402 11875 21 
21 19900 15678 18498 9193 288 0 9193 288 20402 17556 5 
6 21 
7 
21 13325 7509 23523 7914 18498 9193 15658 22318 5174 5 
2647 22463 20126 5 5 5 21 
20402 22805 9193 13512 
21 21 21 15678 21551 16468 7730 22463 7127 31 10765 1540 4 11462 9193 19900 18784 15678 18498 9743 31 9193 14487 5 
9193 22805 15678 21551 16468 4 22805 17556 4672 15128 4 8443 21810 22463 3610 7174 5 21 21 
26 28 12984 5 21 
21 21956 20463 15311 21282 17458 7847 22318 21956 4 15658 22318 9743 14425 18498 7847 4 9193 20539 7509 14539 15669 5 22 21 
6 
21 21 21 12780 22318 8840 16468 15678 21551 20402 7730 6256 2727 11139 8956 15576 1114 20 21 21 6 21 
21 21 21 20149 20402 22823 12780 349 4 12125 6103 21551 7730 7419 5 21 21 21 
15658 430 15855 17872 6014 4766 15138 10547 7730 17556 13749 5 
9193 17831 18498 8637 31 5518 
22487 16404 15678 9971 6103 20247 20 6 
21 21 21 18476 20402 17872 6075 4179 4 2136 15678 22800 20844 31 9721 21 21 21 
21 23135 20402 31 23577 16971 18498 5219 8474 7914 9193 4 18471 18498 9193 6621 5 7730 17438 13909 18498 9193 8256 31 16083 16971 22564 22463 20853 4796 7325 4 9193 15658 5219 22318 8254 5 20402 4796 20149 9193 20402 22058 4 4796 20149 23135 20402 11933 31 21793 15678 14604 8995 2727 5 4766 23135 9193 15658 17629 155 31 2988 4 20402 22463 7509 17555 16971 4 20149 15658 20402 31 23577 4 18498 8386 15678 14604 15855 5 21 
6408 9605 6103 9193 15658 20402 0 
17812 13512 22 22 
20402 7509 20463 20853 18498 9193 13909 10959 7730 18533 7847 21793 7127 6 
21 31 16971 18533 22318 22805 2727 4 9193 15643 14425 18498 7847 5 9707 20 21 
21 15678 18498 15658 14335 9743 2727 4 15658 14335 9743 9620 20 20 21 
288 15678 9956 18498 23135 4793 21252 5 21282 9620 288 5521 16404 1937 21282 27 
13909 21282 6103 16098 31 20931 23180 9193 13055 14335 20357 2727 22 22 
1393 17556 20149 6592 18525 20402 31 16971 18498 18784 8995 1393 20463 13131 5 20 20 
31 18498 17406 4289 22 
21 9901 13895 4 15658 17438 21596 14487 4 9193 17438 15658 17304 13909 368 7914 23135 20 20 21 
21 6361 13909 4289 17872 15128 9193 22942 6103 19324 4 20402 22463 1248 18498 3510 7850 9193 10366 21 
7730 21282 6103 16098 31 20931 23180 9193 13055 14335 20357 2727 5 
15658 5762 9408 5 20402 21187 20402 2727 14425 7509 18498 20402 6137 5 
21 10268 1095 4 17629 8995 1614 17304 5320 4815 20293 21 
21 3971 4766 22463 26 5 7847 472 7319 19205 5 
27 13325 6103 23135 21 
9193 21596 13909 15678 18498 9743 20402 18498 23135 14335 8386 0 
14265 31 20126 7509 14604 1115 22 22 
21 9193 15658 17629 6103 15138 1097 4 15678 22823 13055 14335 2631 20 7 21 
18498 28 14335 13591 7730 11139 6103 23135 
21 9193 13055 4289 1920 15658 6075 4 
6663 1114 4 12780 22318 6256 5 21 
21 18476 22327 9193 16393 6075 8561 7 349 4672 3058 
18498 15658 21596 349 7 20149 22327 21596 6075 4179 5 22 22 
28 19867 21 
21 9193 2053 4 9193 5228 5 9193 22942 15658 31 20931 5 20 21 
21 15658 430 16630 6663 4 20149 15658 20402 15128 20931 2053 5 21 
21 6564 7914 16580 21739 4 20357 20931 9620 6 21 
12329 6 20402 15678 18498 23135 18876 17438 20149 17703 4766 18525 15658 14514 5 
18533 13909 20402 23104 22 22 
21 1393 17556 23135 16765 15678 18498 22657 31 16689 4 15678 18498 20149 7102 11139 17872 19509 7509 22942 7730 15678 18498 15643 7102 21596 8406 15423 20 21 
23135 15643 12780 19900 20149 15658 21582 5 22 22 
21 1393 18020 4 22318 662 5 15658 17438 21596 14335 13895 7730 12780 7957 5 9193 17458 20244 23135 9193 12894 21596 5174 15678 22823 20520 7509 16192 1114 18191 6 21 
16169 22 22 
21 7730 17872 22318 22805 20852 4 9193 9743 15678 18498 17304 5 21 
3364 28 16468 7914 3962 1022 22805 
29 7850 18069 6103 6731 6103 12583 11114 20 6 15678 15658 368 2136 654 30 
1022 12780 12780 14265 31 20126 7509 9193 1095 28 28 
21 9193 7102 21596 28 4 17458 31 16971 23104 6075 15936 18498 9193 15658 14335 13325 6103 21596 16630 22 21 
21 9193 8995 18559 7850 9193 4 6256 23135 16721 18498 14335 8256 
5 
9193 18476 9193 6146 13202 22327 7730 20202 9193 22942 20244 23135 4 15658 12780 21596 15299 15424 15502 18498 12780 14335 20215 5 20 21 
15658 17629 20402 16816 5 1453 22823 20 
21 4289 22463 7127 18498 31 10765 20559 15128 5 
15678 20352 201 7730 15678 5528 9743 15604 8637 5 
3510 28 28 21 
21 9193 7847 15424 20402 20463 15311 
10127 4 7847 20402 14604 5 
13325 7509 9193 5459 27 21 
21 11020 16066 16753 4 14487 20402 14487 5 5 5 21 
21 21 21 6141 20293 12780 9387 4 9193 3391 31 23135 16367 16066 5360 4 15128 16066 20149 5133 5 21 21 21 
14487 8995 2371 22463 4672 18498 9193 15790 22 
21 21 21 31 4672 21282 4785 31 10100 4 18476 31 10765 16878 18498 12861 349 5 9193 21776 5108 7914 9193 6103 15604 4 14335 16878 4 17458 9193 19900 18498 17511 15138 4 14514 15138 20 20402 15138 3058 9980 14335 6075 8956 20207 4245 4 6408 6103 21596 6075 21389 17872 18525 15424 22657 1393 16689 5 21 21 21 
21 21 21 18498 21596 16179 4 6679 4 18498 21596 134 7730 2700 7730 20402 31 14425 20319 5 21 21 12876 13800 5 21 
21 12113 6 18476 31 10765 19900 15138 2727 15678 18498 18533 4 9193 288 18498 7102 18533 16083 4672 5 21 
21 28 28 8918 6103 9193 15658 20402 0 
18498 20126 5 21 
21 31 9312 29 1249 7730 29 15266 4 5174 31 16971 13909 11861 7509 9193 22942 5 5 5 21 
14604 28 20402 13905 18498 14604 17877 20 
15678 18498 21596 17438 22305 6981 20853 0 18498 14335 6256 10029 7914 23135 5 
9312 4796 23135 20402 5 5 30 
21 6408 6103 21389 6141 4 23135 9901 10405 5 15658 17458 18533 4 9193 17458 20402 17629 5 21 
21 27 28 28 21886 4 28 28 4 28 15481 21 
21 7730 28 5360 21218 6 21 21 15658 6820 4 15678 14425 740 8995 17438 23016 5 5 5 21 21 21 
20402 2727 1920 22 
21 15502 17304 22318 21858 4501 4 3183 4 22992 16066 10637 31 14466 18498 23135 15678 16878 5 26 28 21 
21 28 15481 8235 21623 15678 868 
17438 11462 15658 18533 13909 22463 4945 7850 9193 10366 27 22 
22657 16673 753 1095 30 21 

