20402 2727 22985 
14069 6103 28 15253 6592 17458 15658 15344 31 11534 
15658 31 14715 7914 21631 12201 20 
13512 23222 20 20 472 
22463 6324 15678 14413 7509 28 20 
16580 1393 11122 28 20 
12861 2371 20 20 20 
15266 7509 17815 3058 7127 7127 13512 10095 14604 18582 
9586 6103 10720 3170 
22223 18774 6103 21793 15678 28 20 
13512 20 20 20 
1095 14140 20 20 1027 15138 20 20 
5915 13512 28 
11462 31 15533 20402 7509 1095 20 20 1027 15138 18487 13512 10142 22463 22897 17438 30 
18498 20126 
21 28 20293 21187 8956 17950 15658 373 15299 7850 22942 6103 15502 20 20 23104 28 20 20 
5 5 5 8406 31 14370 21810 16673 10982 4 8995 31 17959 7509 9377 6103 17950 17343 20552 1393 4417 846 7730 28 22540 8406 29 7730 29 5 31 821 20402 18498 8956 2093 21524 17982 2053 16066 5059 23004 7730 7311 5 21 
21 18498 184 20 16971 17636 17297 6103 8908 4 6103 5896 7730 6103 19456 20 21 
21 288 18498 18533 9193 22805 15036 4 4766 5997 7730 12659 20 21 
21 20402 4766 17942 22225 7730 16958 4 13909 22463 22897 4958 31 21793 31 20709 15291 7730 12604 15678 1894 6103 22310 5758 12201 11122 7730 28 16673 9739 4 22463 2689 18999 7730 22310 5758 20402 11995 4 7730 15678 3471 15775 16673 9739 7850 14265 11099 21063 5 15671 17563 11122 7730 28 8995 4346 7914 13749 5 7850 7127 29 6103 13022 6103 29 4 15678 9739 11995 22463 2689 7730 29 31 5758 12201 5 15678 9739 13055 1893 7120 6103 12201 11122 7730 28 5 6670 29 4 15678 9739 1893 15678 12201 7730 16468 15775 15678 3471 7509 12201 5 
18498 22225 5 5 2136 18476 8956 6576 12780 5360 0 18481 21055 740 15770 0 18481 23545 8956 9739 12780 14265 0 18476 31 21631 20402 7110 1393 23545 0 18482 22225 20357 7850 5528 5 5 5 21 
21 21 21 15678 3610 15658 8995 7850 6014 5 15678 3610 8995 7850 5528 21 21 21 
22 23135 288 18498 21596 15144 18498 16630 16404 20402 9142 0 16721 6103 15604 22 
22318 1027 23179 13512 20 20749 7509 14604 28 20 
6 
1114 
17702 7730 22223 
21 11462 31 9193 17822 13512 9901 13909 22765 20 20 7730 9193 21282 6679 21793 9801 7509 15190 17872 23135 20 20 18498 23135 5204 22327 1616 18498 20825 4 18498 21596 15138 20127 17872 18498 6075 7730 23016 4 18498 21596 15138 1114 7850 5528 4 18498 11462 20463 7127 20402 8810 20 20 7730 9193 21282 21596 31 662 17438 23135 21596 8406 7850 9193 22942 17812 20 22318 1027 15138 7730 18533 8995 2371 7509 20463 13131 17872 22318 6075 15138 136 7730 19699 17872 4796 3031 4766 23135 4 17872 5320 31 15616 7730 17872 14265 31 20126 20931 7730 7509 22267 27 22318 1027 7730 16323 20 20 27 21 
21252 7850 30 
18498 22223 20 17872 15894 7847 12780 0 
4289 6103 22038 20 20 
10268 20 20 
18498 9620 6103 19456 5200 20 21596 15678 7277 6103 19900 15678 18498 5298 7730 20149 20402 22038 16066 15658 20 
20402 16601 29 20 20 20 20 
9193 1506 20 20 20 20 
21 17458 31 15267 4134 4 9193 9193 15658 20 20 20 153 12201 20 20 13749 17438 7277 12201 20 20 21 
12094 20 
22834 20 20 
1114 9808 7558 1249 15822 22318 1027 15138 20 20 20 
21 17324 20402 4 2156 15678 20015 6103 18525 18784 14514 15658 15658 20402 20 0 4796 15658 2626 740 20402 1570 16673 6428 8977 5 5 13055 20402 6103 20149 8840 15658 20402 5 5 12255 18525 6146 17438 15671 6146 5371 15671 5 5 21 
4189 1829 4033 2547 4796 1829 23 28 
21 5869 7279 7509 28 4 7509 17563 28 13512 20 20 20 20 9193 15253 18498 10648 12780 7952 9193 3962 21 
13520 1830 
21 15138 22223 31 11454 7509 28 20 22223 17438 22805 15678 6576 4766 18498 15678 10982 13471 4766 12861 4 7730 15678 18191 13226 21371 5 15678 23544 6103 21055 6981 17563 20402 4327 5 5 7277 11578 7277 12201 3472 0 21 
13512 13512 13512 
8956 9634 20402 15138 13512 20 20 21438 15036 6103 20126 20 20 20 
9971 6103 20247 12094 4766 16971 13909 18498 18533 20 26 28 28 1027 15138 15671 22299 9193 15658 3510 3884 29 26 7254 21794 13512 18533 13909 
22215 16367 7687 
15424 22834 7850 3790 23135 21596 20 20 
3058 15533 20 10083 7509 14336 15533 20 
21 4796 18498 17304 9387 16971 1920 0 6 
17438 12861 18498 31 13749 7102 5360 20 20402 19865 18498 22657 14466 18498 22463 16757 19753 5 5 21 
28 22318 1027 20 
23104 13512 20 
9634 1027 15138 20 
1114 7509 9193 22942 20 
15144 13512 7509 9193 22942 20 
21 16323 17872 15253 13909 13512 6981 15190 20 23135 20402 9193 28 11165 4 12446 7509 9193 22942 20 7730 9193 22318 1027 15138 15253 20 15708 17438 9743 7509 14604 15190 13909 28 7730 13909 9808 20 9193 9634 20402 14604 18857 6103 1114 4 6103 4840 4 6103 16580 4 6103 1103 7730 6103 15138 13759 20 20402 15138 78 7914 21596 23135 7850 9193 22942 20 20 1027 15138 20 21 
7491 22327 20 
3058 7127 17872 23135 18498 352 4766 7558 18363 6389 7509 20463 18487 20 20 7102 20402 15599 3058 7914 7521 20 18498 1920 20402 
7102 20402 3058 
18498 11529 20 
28 28 12780 20149 12296 5 5 5 
28 28 8455 4796 20293 5 5 5 
21812 7279 7509 15576 18582 20 18498 6324 20 20 
29 28 1393 20463 13131 20 22318 1027 15138 20 29 6472 7509 11036 7127 29 1114 7127 13512 20749 
9634 13512 20 1114 13905 20 29 6472 7509 11036 7127 29 
6 
184 20 22836 20 16601 29 
16601 29 
21 9193 21282 18533 16836 6 23135 12780 6177 11462 1614 31 15041 6103 29 5 29 12201 6981 16587 0 5 15678 18548 20402 9790 31 6428 7850 18486 7509 20247 16468 17438 22463 7509 17555 23545 18498 5219 10507 15678 2958 6103 20214 18498 19429 31 23175 7509 28 4 22463 18006 6103 7977 1393 28 18498 17304 15128 18646 31 10211 4796 31 21631 12201 20402 6331 7730 22602 7850 16587 5 7730 15459 21648 4 7847 17304 20402 1570 16673 4821 5762 16404 1532 15678 21684 4 15678 18498 20520 8995 31 22463 16468 6103 20402 1570 21371 16673 5993 7730 20149 22020 7914 13301 5 21 
21 11462 20402 7127 6103 662 17438 22327 18498 23016 5204 7850 9193 22942 20 16673 1097 18533 18498 14335 1500 4 11998 4 16673 16192 1095 7914 21793 15678 14924 3058 7730 9193 7188 21371 20 17438 22327 18498 31 22942 21596 14335 6075 20 15138 15138 15708 31 21793 18498 4680 4766 31 9801 18498 8995 20357 11462 20 8956 10273 19563 22463 7127 15138 9808 7850 9193 22942 4 7730 19363 21793 835 6103 11462 20 14548 2371 12780 9193 20 20 29 6472 7509 11036 7127 29 21 
21 7491 15658 1393 28 20 
18498 184 20 16601 29 
15658 20 20 20 
20402 7509 16580 
3960 7850 7730 6103 29 6472 7509 11036 5915 9193 1027 23135 20 3960 13512 20 6679 21793 9801 7509 15190 17872 23135 20 7127 29 
3960 7850 7730 6103 
3960 7850 7730 6103 1095 13512 20 3960 16816 20 20 
2136 18476 0 5 5 5 5 
21 15708 1114 17438 20402 14604 14425 1095 4 15311 4 4841 4 16673 22942 21596 22318 4730 7850 14604 3610 7730 17438 5876 22385 2727 6103 9193 20 15708 6996 17438 21596 14335 21187 20 18476 23135 14466 8840 31 9801 8995 8840 17438 23135 20 29 6472 7509 11036 7127 29 21 
21 20244 23135 9193 15299 20420 20 23135 20402 31 12446 7509 14604 28 4 21596 15138 15995 7509 9193 11454 7730 6103 22327 18498 23135 9743 16673 9193 9634 20 15138 15708 15253 13512 20 15708 17438 9387 4 17438 20402 8956 15253 1095 4 4841 4 5221 4 18498 14335 8361 21389 5 5 15658 17304 21596 8637 16083 9634 20 22318 1027 20 15708 17438 22327 20 29 6472 7509 11036 7127 29 21 
3960 28 7730 28 18498 3960 13909 13512 20 20 20 20 
28 9901 15138 9808 7914 22318 22805 3960 28 7730 28 
3960 28 7730 28 7127 16816 20 15533 16816 20 3960 16816 20 
3960 28 7730 28 15138 9808 20 20 20 20 20 
17718 3960 28 7730 28 
1114 13512 
18104 3960 20 20 20 20 15138 9808 
28 22463 9365 6103 17753 20 
12780 1926 20 20 20 
21 11462 20402 1247 6103 22463 7509 16971 13909 11861 7509 9193 22942 20 7730 9193 22318 1027 15138 2336 13512 20 23135 20402 9193 22942 20 14604 20749 6103 21793 31 14049 4 1612 18498 827 14604 7127 7730 9743 14604 5528 20149 8125 6103 1114 20 23179 13512 22318 1027 29 9808 21 
20402 21793 11122 28 
21776 12780 20 
6 
14604 16312 6103 22720 13512 7127 15138 8810 15908 20 18525 21596 1097 21596 22327 
21 22836 8956 7861 20 13909 22463 1249 15299 15128 7730 15299 15128 9193 18195 5 5 5 22834 875 6103 18525 23174 7850 28 4 28 4 21758 4 28 4 20434 7730 17438 2371 12780 5 5 5 21 
9193 835 2336 13512 7730 17822 13512 20 
21 16404 753 31 6146 7914 18525 23174 4 16066 14425 7914 18525 15658 23174 20 20 21 
9193 1095 13512 12780 3962 20 20 20 7730 9193 15658 17304 8995 13909 9808 17438 7847 20 20 20 1027 15678 7127 6103 15908 1095 7730 15678 7127 22385 8810 8995 4289 4385 6103 13529 7509 28 15534 13909 13512 9808 
18498 22834 20 
17324 20402 5 5 5 
21 9193 19900 18498 15502 12780 13359 14604 20912 4 9193 31 22898 18476 8995 8382 4 12780 1393 12916 4 14335 4624 6103 21631 7730 9996 18498 20402 22463 4130 21 
1027 15138 20 20 13520 20 20 20 9743 9193 15533 13909 9808 20 20 20 
21 1114 4 14604 4841 4 1095 4 15311 4 5113 4 14604 13512 20 8995 15138 9808 6103 4788 13909 22463 1249 8956 7127 8810 4766 23135 20 6679 18498 23135 20402 15138 9808 4 18498 5360 20402 20293 8956 15311 14149 4 4766 8956 5528 8322 18498 14335 5204 13909 7730 13909 4 21596 15138 20127 7730 18779 21793 15678 20463 26 1027 15138 4 15138 4 15138 20 7730 12780 8995 20293 1614 17872 22327 20 2700 4766 15138 1114 21 
21 9801 4 9801 4 9801 20 20 20 21 
1114 9801 7509 14604 28 20 
7127 7188 11462 20 20 
15138 1114 20 
23 20 20 20 10122 2136 7850 28 20 20 20 27 
24 
21 1027 21389 18498 18476 8995 13026 15658 18533 18498 15678 21551 16468 20 21389 14924 13026 4 21389 13324 20 15138 9808 7914 21596 23135 7850 9193 22942 20 20 21 
7 
13512 7509 9193 22942 20 
21 11886 20 21793 7102 22805 4 17836 15678 16169 20 21 
21 9193 22318 22805 7730 13055 22318 18533 4 14335 22805 22385 9808 4 22463 1114 18498 17872 9193 20402 20825 20 21 
21 1027 15138 23135 20 20 15708 16673 9971 6103 20247 14149 20 20 20 9193 9634 991 6103 20402 13512 4 20402 12094 20 20 21 
28 13512 20 20 20 15138 1114 17438 7847 
15424 17629 7491 15299 20 
2136 18498 9971 1959 5 5 9193 15678 22223 20402 18498 15658 20149 288 7850 14506 22463 14673 16066 6432 6318 18498 15658 20402 22037 5 5 16066 18475 16083 892 18498 15658 20402 20 
21525 5993 20 23545 4419 13749 18533 19456 
23174 7850 28 20 20 
1114 22318 1027 20 20 20 
27 10547 13512 20 20 22318 1027 10702 20 20 28 
1027 13909 18498 22327 28 30 
29 13512 20 20 1027 23135 23113 20 20 26 
21 16404 20293 20 20 20 15658 11862 15678 21551 4 31 7419 20 20 1027 23135 1095 20 20 28 21 
10700 7509 9193 22942 20 20 22318 1027 15138 20 20 15708 16673 17743 20 20 28 
1095 22318 1027 15138 20 20 20 20 23135 20402 13909 18498 8810 20 20 28 
18481 21551 13909 8956 16587 12780 15398 20931 11647 12201 0 
21 21 21 20402 17438 12861 18498 4 14539 18498 21596 5505 4 7730 14539 18498 15678 28 22773 4 15678 28 13055 16784 5 17458 31 5505 18779 1614 4766 22463 748 10644 7509 9922 20402 1453 15678 17960 3166 26 15678 18498 13055 20402 22463 20547 4141 7509 9193 10850 7730 11213 5 9193 9743 21551 18498 15678 10523 15658 20520 13909 15299 4 31 15658 20402 11723 4 7730 654 1894 5 21 21 
21 21596 4181 18498 20149 3450 16971 1937 8956 7536 4 4766 4181 5876 14425 7509 20463 13600 21 
12780 9233 15678 6930 6103 4796 0 0 6 
12780 1926 0 0 6 

