9193 9901 20244 16192 
21 2154 16432 6103 23013 7730 11181 
4229 11980 21 
21 13325 22318 7509 21680 5754 9193 28 6103 22318 14853 1276 18498 4289 15678 14309 28 7730 4289 15678 1249 7509 18470 23016 31 7491 15658 21596 15423 5334 5 
28 29 6 29 21 
18098 29 
21 3348 15678 20463 18191 6679 1612 18498 20369 7847 26 20149 5371 31 22823 19898 
15658 21810 17605 15678 21804 7850 8388 20365 7914 18498 20149 6592 20463 5528 21 
18498 5893 14149 18498 3369 18498 28 5360 31 22564 15138 31 22942 6103 23135 17576 28 7730 17872 28 1027 31 22942 6103 23135 3450 7127 18498 16468 8995 1540 13909 7730 13909 15458 3610 
3450 7127 18498 16468 22805 15678 18481 31 16971 9605 7509 2988 17872 20402 866 15424 19900 30 18784 20357 17438 873 7491 18498 3913 31 14156 6103 5792 7491 20402 9219 18498 1027 9010 7850 17743 7509 16169 7491 18498 1027 15678 18195 9193 15658 23104 15678 10433 7509 8869 18498 20402 15678 1114 12861 17556 9743 3450 7127 18498 16468 22805 15678 18481 17629 23151 1393 9215 21596 18498 16367 6103 9743 20497 7730 13359 13909 16192 6103 28 17458 7730 18784 30 9193 17649 6103 22821 5 3697 6103 11429 10544 9594 13923 6103 21793 31 16083 6375 7188 7730 9743 15678 12780 7509 20304 17664 7850 9719 753 15678 23566 7730 23092 20402 11511 4766 31 16971 8995 15138 22223 7914 16765 15678 18481 1612 18498 20149 7491 7509 20304 15658 8995 15424 2371 4766 15678 18195 3697 
18625 4766 8956 21596 2625 10765 18498 5174 18498 9743 12861 
13512 8956 13697 
28 20293 9193 21187 6103 22463 10211 18498 14335 13405 1027 3450 7127 13909 18498 1114 20402 8956 15708 16169 
17872 9193 4289 9193 3369 11462 15708 20304 20402 11043 17438 22327 18498 21596 9790 
15708 20304 14335 8361 31 20357 15678 21680 1114 7730 20402 11581 4766 15678 14604 18195 
22657 10606 30 28 17872 472 1393 20304 20293 13909 22463 15533 14149 7850 17743 7509 16169 
27 4346 
21 7730 3348 14335 7839 7730 14335 288 18476 14335 3348 6103 22327 5528 
28 29 6 29 21 
21 22805 26 6103 29 5 29 7850 12916 22310 14981 7914 28 29 22665 29 5 29 21493 29 29 29 
17908 21636 6103 8946 16404 11838 6103 4971 22782 16066 13623 7509 11942 21493 29 29 29 
17908 3956 7850 4145 1341 6103 20402 28 7914 13623 16404 11838 6103 16727 29 29 21 
28 28 20402 22564 17438 28 
15708 20304 17438 22327 18498 30 9790 15708 17438 21596 4730 16971 14149 7850 9193 22942 15708 16673 5893 
15708 20304 22318 8576 20666 20670 21793 31 4672 
21 15708 20304 17438 22327 18498 23016 9743 7914 9193 22942 9193 22318 662 
29 23016 4766 22327 14539 21 
28 28 15061 18498 20402 22463 2066 20402 6103 21266 11581 6329 7730 22463 9365 6103 16971 2371 3022 1540 15678 18498 20402 21021 
8956 11156 20402 13974 27 
11462 20402 3369 6329 15708 28 17438 22327 16169 
8995 22782 8956 11179 9193 21371 22240 26 4229 11980 
2371 20539 
15708 20304 16673 21680 1114 
15678 9216 20402 23570 11462 16323 31 21793 18498 20402 19859 31 5204 
26 15678 3086 
4886 
17872 9193 15678 14425 7509 16169 
13512 8956 15286 
20311 15138 3058 
6329 8956 10672 
31 14976 8995 6103 30 15604 27 
22463 15533 15138 13688 
17583 16375 8995 4289 1612 10523 23236 6103 13405 26 835 
28 
1612 10523 78 15138 3058 4766 15678 12787 7509 11685 
16440 10523 6103 13405 17872 6075 22463 19224 
21 15138 13278 
21 27 
27 21282 19699 
3058 15533 16404 10793 20402 
2371 18498 11089 6056 8244 7914 3962 
15138 3058 8956 21371 
13688 8956 20799 5947 6329 
21 3794 18498 20585 27 
31 9574 11462 21282 19699 4766 14604 16375 27 21776 15138 9808 
21 15708 16169 17438 9193 78 
288 18498 15678 20402 28 15658 10648 15658 11300 
9975 6103 12960 29 12780 28 
29 8956 28 20402 19854 6329 
7850 28 
29 19698 3166 4766 28 
23 18494 10916 7509 15802 
12780 18498 12780 4429 26 16247 15458 28 
9574 1249 18498 23016 10012 9130 17872 3807 10901 28 13909 22463 6472 13055 134 
21 7491 7509 20304 7847 20402 15678 14604 28 15678 14604 19121 31 9193 28 7730 15423 5108 
19990 29 7 29 21 
5174 31 22821 30 22821 22318 13446 28 29 29 
3058 15533 31 21793 7509 28 7599 4766 28 
12780 28 6234 15678 5851 
31 22318 23554 28 9193 3702 19990 28 20402 9193 6202 30 28 7509 9193 14792 
7491 7509 20304 7847 20402 14604 28 15678 14604 19121 30 9193 28 7730 15423 5108 19990 29 7 29 
15678 28 28 7730 15678 28 10520 21371 20 
15678 28 3630 20402 13512 20 
9193 15253 1820 9193 3590 9193 15253 20402 28 14539 27 
3058 21409 31 21793 15678 1097 7509 28 
12780 7599 134 17872 10793 2136 1022 20149 1920 28 16878 
21 15276 10405 21596 18498 12780 17872 8632 11462 18498 2717 
8995 3058 21 
8720 22463 7783 28 9840 
5893 3031 6103 15481 1937 15138 3369 10901 31 28 
21 16098 7783 28 15138 3058 
20149 13688 7509 11518 6329 21 
10901 28 21776 14265 22463 13424 17438 7127 
9808 1249 15604 31 21793 7509 28 

