21 12255 4 6103 9707 5 5 5 21 
27 17989 654 8995 2727 11591 17872 8956 7127 27 
21 30 20402 10159 5 991 6103 20402 15678 14425 26 26 7850 9193 15936 14425 4 15658 15678 13909 20134 4 27 6075 22463 12939 6103 10648 4766 31 17521 16378 4766 15678 14334 16066 6103 7032 31 11729 7509 14334 15678 18498 5320 4796 10648 21371 5 6097 4 4796 20149 15658 2626 4 740 20149 16468 6103 3058 17438 238 15678 28 5 9193 15658 10959 15138 6103 14196 4 9193 2136 9193 5947 8956 12960 4 27 21 
21 13640 13909 4 14604 20062 12780 20954 17872 29 17509 6408 6103 22463 12760 6103 3623 3170 15138 19854 17872 15671 5 6073 31 29 28 23274 4254 5 
18533 10916 7509 16500 28 28 4 28 28 7730 28 13901 7 6 6103 28 10523 4576 
20402 979 7509 22971 28 15678 28 23104 7850 14604 5528 21 
21 28 19668 23135 15658 14335 9594 15299 20670 8956 20931 19695 18498 9901 22240 6103 3906 21793 1249 4 27 21 
21 9193 12780 9594 18498 16404 15658 14335 4229 21282 6103 5371 4 9193 12780 21842 17872 10101 11462 17458 20149 15678 10101 10648 740 8995 6408 7509 28 7850 21302 4 9193 9193 6592 18498 15678 10101 8995 7850 10366 7509 21302 8443 9193 7102 18533 18498 7847 16784 5 5 5 9193 18498 20149 9847 20 20 20 1614 20402 1296 14539 7730 12780 21842 17872 10101 5 6408 15678 10896 20062 16468 15678 10101 7914 16083 14924 4 27 21 
21 20402 21282 9594 21 21 15658 21 21 4 23 5 27 21 
21 8443 4 8956 10343 20402 15138 22823 5 18525 20149 7395 15658 22126 20126 5 5 5 21282 6256 6103 9743 9620 17556 31 17556 5 5 5 21 
21 6097 23135 9743 22463 17232 7509 20931 9988 17458 23135 740 20402 22463 22519 7730 15658 17304 19969 10691 17458 17629 4796 7730 20463 7251 20402 2625 23151 17872 12861 7730 4 7509 15299 4 29 5366 17623 21075 7509 20931 5320 5 6097 23135 9901 8174 4 6075 22463 12939 21282 17872 5320 2647 4 9193 15658 19900 15894 10691 12861 5 7850 15266 20201 23151 31 1164 17872 22805 20149 5219 6592 7730 16765 18498 2136 15678 28 8995 9594 18498 23135 10691 29 20244 19900 5 7850 9975 23135 6592 18498 21596 4730 15678 20577 8561 7914 22463 7509 5320 5 5 5 27 15678 5 15678 6 15678 21 
21 1150 4 27 21 
5018 20 20 20 20 20 20 20 27 
12861 18498 7102 349 14539 20 16323 1393 17654 6103 3629 11020 20 
21 21267 12861 0 0 0 27 31 4672 15658 8995 15299 2727 4 27 
13909 22463 5692 4 7276 4 10930 4 4526 15260 5 5 5 7102 21596 23174 7850 28 4 21282 17304 4 27 21 
16192 7509 14823 5 5 5 
16192 7509 16500 28 28 6 6103 
21 14539 18476 31 13649 20402 31 22979 4 6075 15276 7722 18476 7847 21596 18498 3213 7730 19969 16784 5 5 5 6 22 27 21 
15299 4796 4289 7850 14577 21282 4766 31 19745 7509 10366 7730 4766 15678 15091 27 
21 15678 15258 7491 17872 15658 5405 31 13690 5 5 5 8443 12780 9901 21282 90 4766 15678 15669 18498 4289 15678 16718 6981 15144 5 
12780 13761 14604 28 20 20 20 20 20 20 20 20 20 20 20 20 
21 15678 28 9387 4 21282 17304 5 5 5 5 5 5 5 5 21 
12780 4254 7509 14604 5528 5 9193 368 20 27 
15855 20 20 20 20 27 
21 21 21 15144 23086 4 18525 31 288 0 15678 20463 22665 15138 9323 15678 6103 19846 21 21 5 18098 29 5 29 
19296 7509 23176 6103 3960 1603 29 1249 13030 28 28 5 
11054 28 28 7730 28 28 21 
21 6361 4 15416 5 21 
9431 15678 21932 7509 17377 5 5 5 
22463 6981 16404 28 8810 7730 22463 7309 17872 7127 31 7127 7730 9193 13055 753 31 17377 27 
20402 16066 15658 20402 21569 0 
21 18476 22463 14703 15138 3086 14335 434 20244 21596 15425 1095 7914 4951 9193 13055 9074 5 21743 4 15678 18498 8956 13688 10696 8995 16721 1393 14335 434 0 6097 12780 13640 16836 18525 20402 4 6103 15894 9193 5174 7730 20149 13055 22805 1393 23104 7850 22942 5 6097 18876 22463 14469 13909 16066 14466 1920 4796 19484 6 21 21 7509 26 26 26 14335 26 0 26 26 26 21 21 27 19900 18498 15658 17304 20402 18772 24 21 
21 7730 20149 873 23016 9594 18498 5795 15658 17304 16098 19735 9193 6075 22463 21394 7850 3790 6981 16971 5 21596 15286 7509 14604 19735 18498 21596 15138 13909 13375 7509 18498 15286 18952 4796 21 21 26 21 21 27 
27 
18930 8956 23222 5 5 5 
18498 13512 20 20 20 
27 
27 16440 28 22915 28 28 28 28 28 28 28 28 28 1614 20402 2720 27 
21 20402 18498 31 28 21371 21596 17289 17872 2824 0 20149 15658 4 16323 17438 11998 866 18498 12780 5371 20463 13717 6 15678 7730 14539 18498 21596 8956 9704 30 4 4766 4181 10795 14466 13717 5 5 5 16323 14539 1920 20 21 
18339 18498 16404 14425 21752 7509 12960 6103 15908 27 
21 20402 17438 12861 18498 9193 368 7850 17286 7730 15677 15424 2031 1393 18498 31 8933 9605 5 17341 9010 16404 5876 7509 4419 20539 5 20149 9387 5611 7730 9387 4 15658 7102 20402 4229 6103 17288 4 9193 7102 8995 7850 3459 21371 5 20402 14539 1920 7103 4915 15678 15083 18498 15678 9743 21858 5611 17458 8329 7850 19450 15678 17877 7850 18657 4 1421 1393 13909 6981 15458 5580 18498 20402 21267 5 21 
15424 21793 11341 22564 3733 5 5 5 27 
21 9193 18533 16367 6103 17525 23449 4766 15678 28 4 9193 15658 6075 5 5 5 23 7850 23575 29 16440 31 10765 21282 10648 22310 6281 7730 8011 31 16083 5 5 5 9193 21282 11462 20402 18498 31 10765 21681 13909 22463 15941 6103 7890 15678 10633 4 27 21 
27 
21 288 18498 12780 2136 21596 21787 6103 18920 7914 20879 7730 19719 17458 15678 7558 21726 15658 12780 31 238 31 6446 9570 4 27 21 
4369 28 29 5 1614 20402 28 20 20 20 20 20 20 20 20402 10916 20 20 20 20 20 
7730 15036 5 5 5 27 
21 6663 4 9193 21793 31 22898 18498 9193 22805 21 21 4672 6103 2332 21 21 9193 13325 6103 23135 5 5 5 27 6981 22897 20402 22463 23222 6103 4796 15678 2332 6103 9707 23123 5 26 12863 20 7 7 21 
21 20207 14425 21752 7509 7127 4 27 20 20 20 20 20 20 20 20 20 20 20 20 20 20 21 
21 28 6361 4 9193 18950 31 5782 11609 5 5 5 654 20402 31 22897 7509 28 18950 31 5782 7772 5 5 5 17556 31 17556 7847 12780 18950 5 21 
27 30 6075 22463 20497 20 20 20 20 20 
21 23 4 13860 5 5 5 11284 18481 21551 31 10765 15658 20149 22805 16404 9743 21935 20 7 21 
27 
21 11462 20402 15678 7127 20 20 20 20 20 20 15678 7127 6103 21 21 23 20304 4 9193 20402 21931 4 21282 21438 16468 1614 7730 15678 3790 14335 8414 12861 7730 19969 5590 5 15424 19900 6103 15894 23016 12861 21 21 5 21 21 8956 1694 15658 20402 9193 15658 4 15643 22805 12861 21 21 5 20402 15678 7127 6103 17377 29 20 20 20 20 20 20 20 20 6 6103 6 6103 27 21 
21267 14539 18498 15678 28 15658 288 18498 8995 20402 7509 16155 6103 4964 0 0 0 0 0 0 0 0 0 
17989 5 5 5 9431 5 17438 12861 8406 16083 18498 9193 7491 18498 20402 7730 6103 9707 17908 15678 20402 5795 5 
28 28 28 28 30 28 28 28 28 28 28 15528 26 23135 14514 14539 20 20 20 
28 8 29 8 29 8 29 8 29 8 29 8 29 8 29 8 29 8 29 
17812 13512 8 29 
21 17438 18498 20402 22385 7188 4730 8956 21684 7914 18103 0 0 0 
21 21 14425 20402 20402 7558 7509 18498 22463 4 17458 21596 14425 16162 7509 20463 21932 5 17458 20149 22463 3510 4 15678 16083 13398 15678 20463 4841 7 9193 2371 7509 18498 8995 21282 7 17324 4 3510 4 15658 11284 16083 18498 15678 13398 5 21371 4 20149 7558 7599 13030 4 7847 20149 1613 7 9193 22463 21282 4 4796 20149 1613 0 7730 4 20149 873 17792 5371 22463 4 15678 7558 7850 19440 7 7730 15678 5540 6103 22310 7521 15658 20149 18506 22385 6418 5 21 21 30 29 5 29 21 
20244 13909 5 5 5 
21 28 30 19900 31 30 0 17951 16006 31 10632 5 5 5 17324 2727 4 9193 31 7883 31 22463 15604 15669 5 5 5 
19900 1612 20825 6103 21596 22463 28 7850 17963 7509 30 4 9193 18498 12780 6075 22463 21932 17872 9743 7730 31 10765 10959 6103 4672 17989 0 17324 2727 4 9193 5219 22463 28 13278 4 9193 17872 4122 5 
15678 18498 9193 9743 0 22564 22463 17950 17872 272 15678 4945 31 16440 7509 4122 16404 18498 9193 17511 12345 7850 4945 22463 17950 18498 9193 12780 22564 17872 272 15678 4122 31 16440 7509 4945 5 5 5 15678 19522 8995 7850 11729 41 5 
16404 5 20539 5 6 8637 15678 22862 4766 15138 3870 4 27 21 
8956 12780 17872 18525 9605 13923 7509 17377 5 5 5 20202 31 18352 7509 19804 7730 7509 17377 14684 5 5 5 13761 6075 17872 21596 22463 11644 6103 4796 9387 4839 17438 16440 7509 17343 16673 16971 18498 8995 3348 15678 20463 1393 12755 6103 21752 7509 16083 5 5 5 
15138 13512 20 20 20 20 20 20 20 
27 1027 20 20 20 20 20 20 20 20 
28 28 24 
27 472 20 20 20 20 20 
21 19525 7509 7127 6 352 2087 5 5 5 5 5 5 5 5 5 5 5 5590 4 5590 4 5590 4 5590 4 5590 4 5590 5 5 5 5 5 5 5 5 5 5 5 4289 7850 5893 5 5 5 5 5 5 5 5 5 5 5 5 5 5 5 5 5590 4 5590 4 5590 4 5590 4 5590 5 5 5 5 5 5 5 5 5 5 5 5 5 5 5 5 5 16169 1553 17872 12780 17872 3962 5 5 5 5 5 5 5 5 5 5 5 5 5 5 5 5 5 5 5 5 5590 4 5590 5 5 5 5 5 5 5 5 5 5 5 5 5 5 5 5 4289 7914 3962 7730 654 4796 4 4796 4 4796 4 4796 27 21 
21 20402 17872 4913 22463 28 15604 5 5 5 23151 20244 31 28 15604 17458 740 15658 8995 1393 22782 4 9193 23151 4766 22463 16192 78 20670 15678 19173 2092 7509 22942 7509 18533 28 28 20 20 20 21 
21 15671 20402 12330 6329 4 9193 9193 10959 6103 19229 4672 18498 28 9743 6103 15138 3058 7730 8810 7850 9193 22942 7730 11462 4886 22463 1249 7730 29 28 6103 866 18498 28 17714 4766 21389 3870 17872 9193 5 10894 31 7847 17438 8956 5876 20 6 6103 7 26 26 28 29 29 21 
21 20402 17438 12861 18498 9193 21596 15138 4697 4 9193 1453 29 1097 7 5 5 5 30 10765 18498 13923 5174 7730 13055 20149 4229 6103 1095 4 9193 15658 20 21 
21 7730 11462 20402 7127 6103 6 21 21 15658 22 20604 22 4 9193 15658 19900 15678 18498 20402 12861 15658 5 20402 22 21931 22 4 22 20604 22 5 21596 9634 5 5 5 15658 19900 6103 15894 1421 12861 15658 4 15658 20402 14604 15658 22 20604 22 5 21 21 27 6 6103 6 6103 17377 29 21 
20207 16440 7509 3610 12604 7509 28 
17819 16440 7509 3610 12604 7509 28 5 20402 26 6 6103 
18498 23016 16404 15678 28 20 20 20 
21 23554 14823 4 9193 8361 20463 20192 20 27 21 
30 20402 15678 17950 5 30 20402 31 20794 5 13749 5371 31 7645 7730 8361 31 7491 15658 5 
5947 20 
8956 21153 15253 17629 16784 31 11139 7730 21810 7445 21191 20244 17517 6103 6202 1276 6103 12780 16404 31 3459 5 9193 20582 9901 4328 4766 31 7594 7509 5758 7730 4796 8956 16971 7082 31 28 6990 16753 5 
30 13978 15855 12861 20 20 20 20 
21 9620 6103 2304 15658 21681 5 17819 22897 18498 20954 15637 15084 4 17819 22897 18498 8022 22463 15084 7730 17819 19761 18498 9193 21810 15637 15084 27 5 
17171 15088 28 21 
6103 28 5 20402 15138 3058 20 20 20 6 6103 6 6103 
4289 20 6 6103 
21 28 4 2371 12780 15671 20 6 6103 6 6103 21 
21 29 7730 7509 15299 23016 22463 3919 3702 17289 21282 9620 9743 3058 1393 2647 7914 871 15200 7850 28 5 6097 16098 22463 2609 6103 28 7730 4 17462 16066 866 7509 21743 7730 9901 4766 14378 6103 18498 20402 19822 4 13240 16066 8956 4672 19854 5 8443 4 22463 3906 6075 19881 7730 9193 22805 18498 20402 31 17377 5 5 5 6075 23167 6103 11091 6 21 21 2647 13909 20 20 20 20 20 21 21 4 9193 4796 15678 23114 8995 7599 4 17658 4788 7914 20537 5 5 5 27 21 
21 20402 3058 7914 10691 7251 5 5 5 12780 6283 873 16404 16162 31 5320 4 27 21 
21 5947 15678 14604 15604 4092 6981 3959 22385 18533 4 78 7730 9037 20 7 6 6103 
8956 20402 15678 14604 5 5 5 23135 13055 4913 15678 20463 0 21 
21 7847 20402 3884 7730 20044 16066 11284 13909 17304 7509 18498 22805 0 
17649 4766 31 10268 6103 28 4 9193 7847 20149 15101 7730 19466 4796 22463 11474 4 1920 4796 9193 5 
18476 15678 8908 21095 31 3884 
23135 22805 15678 23577 4766 17304 20670 31 15041 5 
8443 6264 15036 5 
7730 6256 15678 20060 5741 5 21 
21 21282 17872 21752 8956 18282 6103 22305 7509 15978 6 873 5219 11649 871 13788 20402 12327 4 8794 4 28 7730 12865 7850 9956 7509 26 0 0 0 21 
7730 20402 4766 8956 11729 18498 9193 14335 13325 6103 22463 4672 6 918 7850 28 22 20539 27 28 28 28 28 28 28 28 28 
21 31 16971 10794 15658 8386 4 9193 22805 20931 15585 18475 22665 308 6103 29 6075 22463 835 22385 11020 4 27 21 
17324 20402 5 5 5 5 20402 9312 8956 22862 18498 9193 3913 4815 11284 15138 21551 6103 4796 12780 1027 9193 10036 1095 15311 4841 8897 1025 5 5 5 
21 27 654 10959 6981 3439 9077 5 5 5 6408 6103 22463 16958 6981 4 15678 15190 8995 7914 8522 15603 27 21 
23 20 20 20 20402 10259 27 
21596 22463 12868 18498 1393 12755 6103 9193 21752 7509 13566 9193 373 6103 22385 10962 18498 16393 20402 27 
28 28 19924 21282 8956 27 
21 20539 4 18476 9193 8995 9130 18498 15424 10765 11020 9193 9743 8956 14512 7850 26 5 29 6103 54 155 1393 14539 21551 24 27 21 
21 21 21 1393 5997 21 21 27 21 
31 9433 20670 31 22942 20 24 
662 16404 18525 15061 5 1150 5 22657 5 9594 20 
21 22821 5 23570 21684 5 5 5 8956 23575 350 15061 15138 2727 15678 18458 2118 7509 11685 3170 5 5 5 12255 6 22 21810 18498 28 740 21596 14792 7730 18498 8956 16971 8464 15458 18458 18498 9010 10743 6103 9707 21596 20931 22942 15128 20 28 20402 20539 22564 17438 28 7730 20931 28 21596 5353 4 9193 12255 9620 21 21 2614 21 21 4796 15678 21684 7491 5 5 5 21 
21 349 7279 1920 4 10606 5 5 5 21810 5876 20 27 21 
9193 16098 15286 13405 0 20 0 20 0 20 14668 5 5 5 5 5 5 5 
21 3058 4 6408 6103 22463 9370 18103 18498 9193 18494 5219 9743 4 16673 14466 12861 9193 1540 5 288 18498 13055 20402 22463 3058 4785 24 5 14487 4 1540 2625 20539 4 21596 22463 14984 6103 9894 7730 20577 6103 5426 4 6097 23016 15678 2589 13688 4 31 14453 8464 4 8186 10555 7730 8186 13793 7730 18350 5 5 5 21282 9620 654 9193 15585 24 21 
21 19900 1612 5893 18498 23135 4289 3697 7730 4766 7594 6103 3393 4 9193 18498 21596 22463 16192 78 7730 17307 0 3058 5 5 5 9193 19900 17458 11462 12861 349 4815 5 6 6103 21 
21 10273 3113 4 3790 8696 4 20828 17458 20402 14406 7730 17556 5 5 5 9193 18606 11862 0 
13055 20402 5354 22805 9956 4 13055 9743 22202 7730 2136 17226 17872 9743 18690 31 10765 21681 4 9193 12780 17872 14984 20402 4672 18498 21282 1095 7730 12787 7914 5792 9743 20 
12780 17872 14984 15658 20402 20402 13909 20060 18498 15502 15658 4 20402 21282 22463 7509 23206 10211 6103 31 10765 3348 31 28 20 21 
21 18494 29 352 7279 5 5 5 19525 7509 23562 0 
22463 5893 78 6103 14049 4 22463 918 26 4 22463 4372 6408 4 22463 16083 5893 13640 7914 20202 7730 4 17872 9769 26 15678 7127 4 12780 17872 14984 15963 4766 16971 22385 18533 20 20520 7384 22327 0 8995 23104 4 21596 20127 4 9634 4 1097 7730 12787 16404 18498 22327 12861 349 20 6 6103 21 
21 15424 5219 21752 10273 3086 6981 22897 4 27 654 20402 20869 22463 17556 17872 9901 17989 17872 4372 29 24 21 
18494 17629 16630 16802 17438 11185 6408 7509 918 5 5 5 27 
12551 6 9901 2136 29 11518 352 21582 430 28 15906 7509 14799 5 7599 7730 6408 7384 7730 352 7730 12780 17872 5893 20244 3790 6103 20828 27 
22821 20 20 20 20 20 20 17923 28 28 9193 14335 13325 6103 18476 23135 17797 12861 740 7850 23523 7509 22386 27 
733 9193 472 8956 17022 15444 27 
21 12787 18498 26 18498 26 18498 26 20 20 20 20 20 20 28 19983 28 7730 28 28 26 22463 15855 15510 5 5 5 
21 1150 5 27 
2125 7509 17154 6103 28 7730 31 15082 11570 21 
21 23 4 5174 15138 10765 18498 17629 13359 8956 6660 5 5 5 16793 15678 16195 7491 15423 5 5 5 21 
22463 5893 12526 17872 5115 15678 4945 7730 654 21282 9620 9193 23029 871 15533 17872 9743 31 28 15906 16922 17872 14799 20 6 6103 654 12780 26 
26 28 20559 31 28 13909 12490 18498 9193 13055 5174 20 26 28 
29 7850 20207 20455 5 18498 10680 20 28 7850 18487 6103 9975 20 
21 6408 6981 21282 12780 13359 15678 28 5 5 5 27 15678 3790 17797 7277 4 27 21 
21 15855 15678 18498 288 4 30 5 5 5 21 
28 28 9193 11051 871 5893 2371 20402 8918 6103 17525 5 5 5 
21 13688 20402 31 3512 6103 20799 8995 7850 18487 7730 15678 18514 7509 10164 7850 5695 22923 7730 31 22954 7509 19972 21371 27 
1027 20799 951 18481 21551 20244 9193 3512 
7127 7509 19735 21 
21 23114 18533 4 9808 7127 7509 19735 20 20 20 20 20 20 20 20 20 27 
12255 14604 4122 15658 21596 5995 13278 16404 15678 11051 4 20149 18533 16468 15678 13543 7509 23222 5 5 5 7 21 
27 472 20 20 20 20 20 20 20 20 20 
21 7850 18195 22897 18498 14335 9594 18498 19735 7730 19738 14539 5795 20402 7509 7132 15424 12780 13909 9594 15299 4 12780 21282 4854 8956 23222 4 27 26 20 20 20 
21 733 4796 15576 28 20402 13512 20 
21 21 7730 18470 6387 22318 20402 15678 11474 18498 4 16628 18374 15678 20463 9942 4 7850 6075 22463 16633 0 7730 4 16628 16659 4 7850 6075 22463 20429 0 20149 22318 4 17324 4 20402 14309 4 19899 6075 3058 17737 1393 23172 9943 4 18481 13909 23172 16169 4 18498 8995 9193 6014 4 6075 2727 1393 18498 7850 16630 0 21 21 
28 29 5 29 21 
13483 20402 15678 28 28 18498 4913 7558 22373 5 22463 16468 31 17951 15558 7730 7850 16083 16468 15678 16240 5 7730 9193 1614 14335 288 18476 5081 7558 21494 1393 4945 27 
22805 15678 16240 4796 22463 21397 18498 31 15253 9743 27 
15533 7509 3029 24 15678 
21 9847 5 5 5 8995 16098 21 21 28 16721 7914 9193 21 21 7730 8995 9743 20357 5 5 5 27 21 
16098 22463 20799 23570 1393 13131 6103 22463 16971 22385 8810 17872 9193 18498 20402 31 26 6 6 4766 7847 
23 5 15533 10962 4766 23135 6 6103 
11462 14604 12787 28 16811 7730 9193 21596 22463 14799 6 6075 17671 7850 17214 1698 7509 28 27 
21 3807 4 12861 20402 16208 5 31 14464 23016 4766 22463 10273 12372 7730 9743 12861 5 5 5 16784 31 15623 5 5 5 21 
6660 
21 29 7514 9193 20 20 20 6103 
11462 15253 15658 17304 340 4 9193 15678 28 28 31 19363 5 23135 18498 288 12861 13278 13055 16721 7914 9743 15678 14539 0 20402 21282 29 14764 7730 23135 17304 20007 2136 29 16971 4766 22463 7514 21282 20 
23135 18498 21596 29 16066 13909 17304 12780 7914 18475 2504 6103 20044 16404 9743 31 20931 7514 4 18525 21596 14466 6103 29 1249 17629 12780 340 7509 16169 16066 19481 5 23135 7545 29 14835 6103 20044 7730 4 20149 21810 29 13581 6103 702 4 20463 20044 8995 20402 19355 2136 31 15533 5 
18525 20149 12578 4229 17438 11980 6 6103 
15658 5947 1453 4 7512 20 7 7 21 
17872 18525 10959 6103 28 22463 2700 20 27 
21 21 21 15678 14604 20826 15678 22797 15658 17304 13405 4 31 8838 18498 8147 7850 21680 15855 5 15678 14604 20826 4 31 1658 15658 12780 8391 17458 31 22942 18876 1393 22318 8147 5 5 5 21 21 21 
21 7914 3206 4 20149 28 1920 16878 27 21 
21 17989 4 14265 9193 5936 6 5174 31 11685 3031 6103 15481 27 
5893 78 20 6 6103 6 6103 
2689 4 5758 4 468 4 12979 16066 498 7850 10547 0 18470 23135 20402 0 21 
21 1453 22463 4672 31 7491 6 21 21 15833 18605 3058 15678 18605 20932 20402 18498 15678 12787 23104 7914 22521 5 5 5 17458 879 28 15973 31 3369 7730 22942 16404 20293 5 21 21 
3541 22825 15533 78 21 
21 9194 18950 31 8866 6103 29 7730 7491 18498 15128 20931 18103 5 16066 20402 6 21 21 12780 14426 9193 8866 16404 18498 23135 15658 5219 6592 21 21 27 21 
27 
21 3794 4 9193 20402 15138 30 20 654 18498 16765 18498 1612 14703 6103 29 15658 18533 5459 20670 15678 5942 18498 9193 21438 14335 12406 5 5 5 5 9193 4796 9193 20402 13360 17872 8956 4672 27 21 
21 27 
3058 20 20 20 20 20 29 21 
21 15708 4 30 5 23135 12780 2156 9193 15260 17396 26 4403 3365 27 21 
22463 7127 12780 17304 4730 22463 15540 15458 18264 5 5 5 
21282 13359 22821 20 20 20 
21 2371 20539 11300 4 27 21 
28 9594 22327 20 20 20 
28 28 22805 15678 26 26 7509 15619 13894 7850 4627 0 27 
31 23449 26 26 
6660 5 5 5 
15678 13688 20 2489 11462 8995 21810 17462 11300 5 5 5 23135 20402 13688 20 
21 3058 21409 17872 18525 352 4099 17872 12780 17872 11685 7730 19969 6103 13761 7279 17872 23423 13359 17458 21596 21932 17872 9743 5 5 5 
201 13640 20262 
11462 15658 12780 21596 10273 6103 4796 
29 21 
20149 5792 8995 7850 3962 8443 8995 22327 2727 0 22327 2727 20 
1027 8956 3959 20 20 20 16971 78 7730 18533 17438 28 20 20 20 
1995 17947 7850 23498 20 20 20 20 
21 27 31 14425 11729 7509 20247 4 27 21 
21 9193 20402 21916 22749 5 17438 12861 8995 4793 22463 20032 4766 11242 4 16654 6103 28 7730 17778 7 6 6103 21 
21 27 4 9594 22327 12143 27 21 
15678 7132 16647 15678 18498 28 5762 7730 5609 5 6075 22463 21394 7850 3790 6318 7132 6 23104 7277 7730 15658 20149 5609 20 7 23104 15678 18498 28 20825 17872 23135 20 
21 21 21 15658 1190 4 17324 4 12386 7491 6 22 18498 4796 16066 18498 2686 16066 18498 22886 0 22 5 5 5 6142 4 23172 16169 4116 2727 19900 18498 15391 6103 21793 8956 4672 7 9193 3348 17819 15678 19173 6103 28 4 7730 31 20931 13048 4 7730 21793 31 4672 22318 20402 373 5 21 21 15138 29 5 29 
17629 6103 873 17872 12780 22805 26 21252 17458 15658 18533 12780 21282 5 5 5 873 0 27 
21 21 21 15678 1114 20402 22385 17307 4796 31 15041 7 7730 31 16179 20402 22385 10259 4796 31 20380 5 3702 29 5 29 21 21 28 28 21 
21 17989 4 13055 9743 29 4 654 31 28 13055 17304 9743 15678 29 6281 27 21 
18525 288 18498 12780 19761 16083 29 2371 11462 0 27 
12901 5 5 5 27 
17106 18498 20402 22821 27 
21 16323 1393 20237 30 14239 5 20244 7728 871 31 21268 15658 14514 10648 5 20149 31 20237 498 3170 7509 10530 20402 23135 4 21596 4181 18498 21596 15138 9989 20402 7363 5 20936 29 20237 3170 21 
21 18784 4 9193 15253 20402 1920 5 5 5 7 21 
21 23 4 15855 2371 15678 18498 7102 21596 20402 1547 7850 2154 6103 30 4 9193 15678 17923 15658 6256 4 27 20420 8956 31 9193 4846 5 5 5 27 
28 28 21409 28 28 28 28 28 28 28 28 
27 
21 21596 3959 15908 4788 7127 29 18498 7850 9193 15936 4 16393 8995 4788 20472 29 27 9193 21596 18498 9594 12861 21 
21 16200 15138 3058 11462 4 10959 15138 20 21 
28 20 654 9620 6256 15678 17343 17478 1694 6103 10159 7730 12739 7914 22136 5 20149 17304 1575 15678 7934 20420 13278 21858 11295 31 5614 17438 16440 7509 19362 17382 5 5 5 
6256 17872 3790 20149 9457 22612 5 
27 15424 12780 14156 17872 15658 6075 22157 27 
13909 22463 17872 4711 5 5 5 6981 22897 20402 15678 28 28 18498 5219 17872 9193 5 17556 31 17556 5284 9193 15241 16404 21596 16673 14466 22463 9365 6103 3450 22463 7509 14886 4789 7509 15871 6103 29 27 
21 28 28 4 20402 15458 9032 18498 9193 5947 5 5 5 
24 28 5 22805 4796 9193 20402 11043 18498 23135 17438 21596 14335 9790 23453 0 27 
21 4730 31 15286 21 21 18476 28 5762 23135 21 21 7850 19337 5 5 5 288 18498 8995 9847 7730 740 15658 16765 7277 4 27 
15286 19782 21 
21570 5 5 5 
4668 7850 3386 0 27 12960 15138 28 28 
26 
21 8443 15658 20402 4 9193 18533 7491 12861 5 5 5 17872 9193 22463 15311 7102 20402 20293 22463 1095 7730 22463 8897 22463 9172 15311 5226 22463 9172 1095 5 5 5 21 
288 18498 9193 12780 21596 18498 4796 8956 7623 5 5 5 27 
9193 21596 22463 28 13512 
19900 1612 14924 18498 23135 16098 22463 15286 18498 9605 20670 31 16580 6103 28 7730 23135 13055 18533 8995 13761 4766 7847 31 6918 6981 15190 0 
21 21 21 7847 20844 5521 7914 9193 8863 7601 5 654 12780 9901 7914 13539 19549 7730 14683 4 899 7850 2636 6103 28 5 19900 18498 23135 15658 17304 6477 4 8443 14162 16404 31 10366 5 
7847 8995 1614 5 7847 8995 13761 5 7847 20402 31 16580 5 7847 20402 31 10547 5 21 21 
20402 26 26 26 22 20539 26 21 
9193 21596 1190 4766 15678 23572 16891 14466 22463 29 14595 1276 6103 155 31 17478 5 5 5 
9314 27 
21 201 6103 18876 22463 14469 21 21 20463 5855 21596 17605 6103 22660 6103 13909 29 28 4 18871 21 21 5 6097 9193 22318 16836 6 21 21 18498 5855 0 20 0 20 0 20 21 21 27 21 
21 17438 9721 4 4913 6075 5 5 5 15658 6256 8956 14156 15036 4 14604 9943 17629 5174 8956 17915 20 21 

