1150 20 20 
20558 20 20 
3058 7127 20 20 
21 14604 15266 4 20402 2727 23016 20 20 21 
11036 20 
11036 20 20 
17324 20402 20 20 
1150 20 20 
11036 
11036 
21 28 28 4 16393 30 5 5 5 21 
3058 7127 20 20 
21 20402 8956 14924 12094 18498 9193 18533 16468 1393 21680 13131 5 9193 4841 4 14604 1114 20 20 21 
1150 20 20 
3058 7127 20 20 
3058 7127 20 20 
1150 20 
23104 3450 14924 7509 20931 22942 4796 20149 20402 15678 23577 5 
12861 20 20 
3058 7127 20 
21 15708 4 14604 28 20 21 
30 8995 20 
21 1114 4 9193 22463 7127 29 17872 15671 20 18498 8956 6086 20149 19335 20293 4 17872 18498 9193 17511 4788 20293 1393 20463 13131 5 5980 8995 15671 29 15266 6103 15311 4 18525 6075 7914 1114 20 0 1471 7509 7181 8995 20293 22507 7730 13909 10259 18498 15643 5 15708 17438 8995 20293 1393 14604 13131 7730 15643 14335 51 4 712 14604 193 4 9193 13366 4 14604 9103 5 18498 28 78 20293 31 10765 17872 5360 20293 1920 4 827 7730 3223 7730 13909 22507 5 9808 7127 29 17872 15671 20 
22318 1027 4 1114 7509 9193 22942 20 
29 5 29 21 
30 20 20 
20293 20 
17324 20402 20 
15643 20 20 
15658 14539 20 
21 7730 31 4672 13512 4 20402 13909 13512 18476 23135 8995 5 5 5 21 
21 15708 14604 28 17438 13909 22463 14799 5013 20 14799 15299 10544 4 9193 18476 20402 17872 28 7730 20149 9743 4766 1114 4 31 2595 20402 7017 5 22657 1453 6329 4 1471 7509 7181 4 7509 9103 9193 8351 4 6103 14335 8744 17872 6075 15678 14425 17872 28 4 7509 3699 4 22657 15138 5 20149 20402 16816 16066 15658 4 12861 15658 11862 4 9193 20402 9790 4766 15138 1114 5 15708 9634 4 15708 1114 4 15708 9634 18374 15576 4 17438 21596 368 7914 9193 4 17438 21793 15678 1506 18498 20402 14335 6075 4 16673 15965 5 21282 21596 31 16630 15708 4 6103 5528 20 20244 16192 740 5 5 5 20402 22327 15138 13512 15908 5 1249 18498 23016 20149 28 16878 21596 13909 20 
28 16179 6103 5792 9634 18374 15576 21 
1150 20 
3807 20 20 
7730 4796 20 
3058 7127 20 20 
17324 20402 20 
1150 
20549 20 20 30 
18498 6202 20402 8956 20 20 20 
19416 7509 
27 
30 30 20 
21 24 5 5 5 4289 20463 7127 4 1114 20 18498 15458 6086 22385 8810 18498 20402 20463 1247 4 21282 21596 662 17819 31 28 7730 20207 31 23135 20 31 28 17438 21596 14335 4730 7850 20463 3610 16404 18498 11462 9193 17511 8995 4788 8956 7127 4766 23135 5 7730 31 23135 17438 8995 14335 2133 21793 8956 21551 5 9193 11462 20402 20463 7127 4 7730 23135 14514 21793 31 4672 3058 7509 15190 20 16323 1114 4 9801 4 16580 7730 20127 7850 20931 22942 5 18498 28 78 20293 23135 16404 18498 17511 12780 7914 3348 7509 20463 15699 7730 11165 20293 20463 3611 5 7730 12780 4788 20463 7127 18498 23135 14514 15138 20 
22318 1027 15138 4 14604 1114 20 
16323 
1150 
21 16647 15138 4 7730 740 20402 1843 20 21 
21 4796 20402 3058 8995 20293 1393 20463 13131 4 8956 20463 12939 6103 14335 8474 31 4672 20558 7509 22942 5 18498 28 16878 8995 20293 1393 20463 13131 20 
1027 23135 4 14604 1114 20 21 
21 9193 11156 4 9193 19169 20 31 18525 9193 7102 22327 4 15678 18498 20402 18498 9193 21596 9790 16673 20304 15658 4289 1393 18376 7509 18498 13055 21596 9790 17438 9193 5 29 20402 22463 1249 15138 7188 4 9193 31 20304 20293 2635 17872 6075 7509 3058 7730 7509 14425 17872 9193 5 18498 29 20402 14425 5 
22318 1027 15138 4 5564 20 21 
21 9808 1249 15604 20 18498 28 78 20293 31 10765 4 1114 5 15678 17819 1249 15604 6103 15138 20 29 4809 14425 11875 20 22318 1027 20 21 
7730 4796 21596 20 
21 20402 4 1114 5 5 5 13909 22463 7127 15576 4 9193 22463 15266 1393 20463 13131 5 21582 288 16192 17872 6650 8956 14924 18498 8995 23104 4766 23135 7730 15658 5219 5 21282 22318 16630 15138 15708 17438 21596 14335 2133 7686 8956 21551 5 740 12780 22318 191 15138 4 22318 1465 7730 1663 4766 23135 5 15138 15708 17438 8995 20293 1393 14604 13131 7730 14335 1502 5 18498 23016 13909 15266 7730 1249 1393 20463 13131 4 18498 28 78 7730 9193 11165 20293 5 
9808 7127 29 17872 15671 20 29 5 29 
22318 1027 4 14604 1114 20 21 
21 10547 7914 28 4 7847 20402 13043 20 21 
21 18476 15855 9193 15860 21680 20357 14604 4387 21075 9901 11731 4 9901 22318 15311 4 1409 7914 22318 6670 31 17819 22897 5 5 5 1114 5 5 5 8995 22463 17556 2087 5 7576 20402 13909 22463 7127 29 15576 4 9193 22463 15266 1393 20463 13131 4 7730 18498 23016 13909 7730 13909 4 7730 18498 28 78 20293 15576 1114 7730 9193 11165 5 
29 5 29 
22318 1027 4 1114 7509 9193 22942 5 
4289 7914 20 21 
21 9193 1027 23135 4 15658 11862 15678 18498 12780 7491 5 5 5 1114 4 13909 22463 7127 29 17872 10765 4 15658 16367 7730 15424 12780 16367 6103 662 31 28 17438 21596 8147 31 15144 18498 14335 9743 15138 9808 5 9193 18533 23104 4766 23135 4 9193 18533 8995 4766 23135 5 18498 28 78 7730 9193 18044 20293 5 
9808 7127 29 5 29 5 29 
9193 22318 1027 14604 1114 5 21 
21 15576 1114 20402 78 17438 28 5 5 5 18498 28 9193 18044 20293 5 1027 23135 4 14604 1114 5 21 
21 21 21 8840 7850 20304 7730 20402 10259 20 10262 15678 21680 5528 7730 8840 7850 20304 20 21 21 30 29 6 29 5 14924 13909 18498 8810 7850 9193 22942 5 15708 14604 28 17438 18009 8956 14924 7850 9193 22942 5 19547 6103 12128 29 5 21 
21 17872 18525 21596 10547 4 31 22942 15643 21596 9971 5 28 15708 17438 13909 22463 7127 5 21 
21 22463 1248 7509 6014 18498 22126 17872 9193 4 20402 31 13909 3086 4 31 13056 16816 18498 20402 17872 9193 5876 4 18498 20402 17872 9193 1027 5 5 5 1027 23135 4 14604 1114 5 21 
21 21282 7509 21680 13131 22327 20402 13909 4 22327 20402 22385 16816 7730 4292 16580 5 5 5 9808 7127 29 17872 10765 4 1114 5 29 5 29 21 
16378 1614 20402 11020 5 5 5 2371 20539 7914 16169 
9193 1027 23135 
1247 6103 26 26 
28 21596 20402 22385 10748 4815 5 21282 21596 18498 662 5 15708 20304 
9808 16066 15658 5 31 13301 7509 22942 20402 20202 7914 10366 4766 31 3393 8546 5 
21 17458 10924 5 5 5 0 17458 20402 15678 18498 9193 1027 9743 4 15658 21596 9433 4 21282 23104 17872 8386 20 20 20 21 
1247 21189 20 20 
21 15253 14604 1114 18736 7509 9193 22942 11462 20402 20463 7127 7730 18533 6679 14604 16323 17872 9193 15253 13909 13512 7509 15190 4 9193 21282 21596 18498 22318 662 4 9193 21282 21596 18498 22318 78 4 7730 21282 21596 18498 16630 31 28 4 18498 22318 6103 20127 4 22942 4 16580 4 7730 1114 5 5 5 15253 4 23135 20402 31 19483 17438 22327 18498 20402 7730 20402 5 17438 12861 11462 4 9901 9808 7914 17304 4788 1393 20463 13131 13909 22463 6103 20463 1247 4 22463 6086 11861 18498 9193 21842 16404 18498 20149 19335 17438 15138 1249 4 20149 9193 17304 22318 17739 4766 22327 18498 11284 6103 13909 3086 7850 15190 7730 4766 31 9801 9172 4 16404 22805 15678 20463 20853 20293 5 9193 22327 18498 17511 9743 20402 7850 6075 15678 14604 1114 7730 871 15083 16404 20852 5 16323 17438 20402 8956 15144 2634 7730 10259 5 5 5 16323 9193 19169 4 22318 1027 8 29 21 
21 22463 16169 17872 9193 4 12787 10696 8995 13026 6103 21252 10217 21 
21 9193 8230 4 1027 15138 8 29 21 
22318 1027 30 18736 7509 9193 22942 8 29 8 29 5 5 5 10217 7509 12787 
23016 7509 12319 5 
21 14604 10924 4 614 30 28 3623 30 12787 21 
3058 15533 13860 
21 13860 20402 10131 4 21282 22318 9743 13325 7509 4672 18498 23135 7102 8918 5 5 5 3058 13860 21 
21 16765 18498 21596 13909 4672 17872 662 7509 18498 16404 18910 20 12027 4 15708 20304 17438 13909 22463 7127 6103 22942 5 5 5 3058 15533 21 
21 23 14907 4289 20463 7127 14907 30 21596 3790 6103 20402 9193 16169 27 4 26 30 20402 15138 3058 7384 30 13909 18476 20149 22092 6103 22463 12787 9743 22327 17438 7847 13909 12780 7850 5 5 5 21596 30 15678 18498 9594 20670 31 9193 1103 13325 18498 22463 7127 630 21438 9743 3763 7850 630 20149 5174 20149 5174 30 20402 26 22463 15834 16468 15678 1249 20402 9130 7850 7850 30 7730 7850 8147 22463 1095 4 1095 30 22463 12787 4 22463 12787 18498 17511 5108 4 22823 18476 17629 8995 879 17872 14335 753 7850 11518 7188 4 13909 21371 21596 11518 18498 753 7847 4 23 14464 17872 191 7730 15678 21340 6103 28 27 26 9193 14539 17872 713 21793 15678 28 7850 26 4 14907 3223 20293 20852 20293 3224 4766 15678 1097 7730 21371 9743 26 7554 27 4 14464 20824 5590 2116 7509 20463 20825 18498 7730 20402 12959 6103 10523 4 13909 18476 21596 9632 30 13055 15658 20402 0 9193 16465 4766 22327 16162 7730 30 17629 13405 19830 15658 20402 0 27 20293 14335 191 4766 12861 21596 11518 18498 2136 7509 18655 4 29 18498 5174 7847 7730 20402 29 14335 191 13909 7847 19900 18498 9193 10959 27 4 9743 26 7554 7850 26 21793 22897 18498 630 19969 6103 19972 20402 13030 20293 2429 7850 2154 4 31 22898 7847 30 21596 13054 31 22898 30 20293 27 4 13909 7730 20463 12939 6103 20402 4 16468 14426 28 7509 9193 22942 1393 13131 6981 14464 18498 12787 17872 9193 30 6103 20044 13909 6103 5528 4 21793 7127 7850 26 20293 19416 4766 15678 16083 12787 17458 20244 7847 30 21596 11066 15678 22215 4 16404 22463 7127 630 17304 5320 9193 16208 7730 15855 18498 30 7730 17556 3124 2429 2371 27 5 5 5 654 26 9193 17872 713 18476 8995 30 17458 23 14464 191 18476 8995 30 27 4 18533 662 15138 17438 23135 9387 7850 9193 22942 14907 16630 22463 1095 28 14335 6075 22463 12787 7730 18498 23135 5360 20402 8956 16971 18498 23135 23 4 22318 6679 22327 6103 3058 17872 23135 7730 5360 9743 15678 18498 20293 10959 18498 22463 7127 23135 17511 794 12861 7850 20931 22942 7730 18498 17511 1820 13909 1097 17872 19698 1393 15576 13131 27 4 16323 12787 26 9801 16580 7730 20127 17872 23135 18498 23135 14514 22327 6103 3058 7730 8995 2727 662 17438 22318 9790 6103 22327 16404 18498 31 9193 1103 21596 20402 14425 7730 9901 3450 22897 14425 7730 18498 28 5360 11710 20931 22942 7730 6075 22327 6103 3058 17872 23135 7914 7521 4 7730 31 16440 6103 11462 23135 20149 12345 13909 22463 12970 7850 20931 22942 4 13909 22463 19478 4 4796 9594 30 20402 15138 3058 7384 30 13909 8995 26 5 5 5 5 13909 22463 22897 16323 12787 27 13909 26 13325 6103 13909 22463 4672 1097 2136 6408 7509 9971 12787 5 5 5 21 
30 11212 15458 22942 18525 30 23029 17318 18476 20149 8995 1409 
27 
3058 15533 
3058 15533 6 
10916 
3058 15533 
27 
3058 15533 
10916 16647 3805 
3058 15533 
27 
15855 12861 28 14245 30 30 5 5 5 28 28 5 5 5 5 
3058 15533 17872 10793 26 20 6 
3625 10602 28 
10916 29 17872 4434 6318 
10916 7509 10602 5 5 5 12780 28 

3058 15533 
3058 15533 
3058 15533 
16339 4766 15138 15995 5 5 5 6 
3058 15533 
3058 15533 9 8 
21 19969 1614 5 5 2136 13909 4 6 21 
3058 15533 6 
3058 15533 20 20 6 
3058 15533 20 20 
3058 15533 6 
22821 5 5 
27 
3058 15533 
23 8995 9901 22765 18533 22318 6679 22327 6103 3058 17872 23135 18498 5360 20402 8956 16971 18498 23135 20402 5 5 15138 9801 7730 20127 5 5 5 16323 5 5 5 
27 
3058 15533 
27 
3058 21409 
14245 30 11474 5 5 5 5 
9193 7730 15253 5 5 5 
3058 15533 
27 
19969 1614 21810 2530 7730 26 5 5 21450 5 5 
3058 7127 
19969 1614 5 5 21810 2530 6408 26 5 5 
3058 7127 
21 19969 1614 5 5 3058 15533 17872 18525 9901 4 7730 9901 4766 28 5 5 21 
27 
3058 15533 
3058 15533 
27 
3058 15533 
8840 28 20149 1820 17872 15671 12780 17872 15678 4468 20 20 
19969 1614 5 5 6408 9193 23151 5 5 5 
3058 15533 
3058 15533 
3058 7127 
3058 15533 
27 
27 
27 
21 14604 16323 6103 11462 12780 17872 22463 16971 15138 8810 17872 9193 5 5 15658 20402 15138 6103 16192 13909 22318 6679 15138 9801 17872 23135 7730 18498 9193 1103 7687 17438 26 7730 26 1249 4 16323 22327 6103 3058 17872 23135 30 5 5 5 28 28 21 
3058 15533 
27 
21 19969 1614 4 3058 15533 17872 18525 9901 20 21 
3058 15533 
3058 15533 5 5 5 
3058 7127 
3058 15533 
19969 1614 5 5 5 
21 16323 22327 6103 3058 17872 23135 4 26 9801 7730 18498 8956 9801 20149 19335 17438 15138 7730 15138 1249 5 5 5 16323 5 5 5 21 
21 23 18498 11462 7847 8995 9901 22765 5 5 
14604 16323 22327 6103 3058 17872 23135 4 7730 18498 20402 15138 9808 7850 7127 6103 11462 5 5 5 7730 18498 5360 20402 8956 16971 22385 8810 18498 23135 20402 5 5 5 16323 5 5 5 22318 1027 8 29 21 

7730 15138 23016 20 20 
27 
27 
27 

13909 22463 22897 20 20 27 
25 14604 30 18533 16647 13909 15658 20 288 18498 20402 2958 20 20 
30 22 
3058 15533 20 20 
19969 1614 20 
19969 1614 2136 1022 20 20 
19969 1614 20 20 
21 15658 21596 17807 14539 28 28 4 28 28 4 28 28 28 4 28 28 4 28 28 4 28 9942 4 28 15460 7730 16083 20 20 21 
19969 1614 12780 17872 3962 6103 28 1937 15678 12960 7509 28 20 20 
3058 21409 22 
21 19969 1614 2136 13909 4 3058 13860 17872 18525 9901 20 20 21 

2164 20 20 5 5 5 
3058 15533 20 
19969 1614 20 20 
27 
19969 1614 20 20 
3058 15533 20 20 201 6103 4289 7509 204 20 20 
21 19969 1614 2136 13909 4 21 
18481 13909 12780 5741 13909 12780 9901 2780 20 20 
3058 15533 
19969 1614 5 5 
21 19969 1614 2136 13909 4 9901 4766 28 20 20 21 
23151 
21 2164 21 21 21 
21 3450 22463 18498 9605 22463 17556 20 20 20 9605 13909 2371 21 21 21 
21 12780 16367 6103 23444 17458 12780 18498 12861 20402 22463 7544 11051 20 20 27 4 12960 12861 7850 13600 21 21 21 21 21 
8995 30 21371 20 20 11474 18498 12861 7914 0 
8995 1755 7914 20 20 
21 9193 7491 4 18498 14512 20402 8956 7914 0 21 
21 20402 12164 17872 13761 12164 5980 4 7914 22897 6103 9901 3124 12164 17872 8956 16971 17458 26 12780 13761 7730 5459 4766 8956 16971 4 12861 8995 191 13055 25 21 21 21 21 21 
2164 
2371 14604 1114 9193 22318 15138 7557 
21 3450 4672 18498 9193 22805 4 14604 28 20 20 21 
3058 15533 
3058 15533 
19969 20 
3058 7127 
3058 15533 

21 19969 31 1614 6408 23151 21 21 21 21 21 
19969 21810 2530 7730 6408 5784 20 2136 13909 
21 19969 1614 2136 13909 4 9901 4766 28 20 21 
15855 31 10273 7509 28 21282 31 26 20 20 
19969 1614 2136 13909 9901 4766 28 20 20 
21 19969 1614 2136 13909 4 9901 4766 28 20 20 21 

