15502 5219 6446 1612 18498 28 8637 16404 22773 5 
21 21 21 20402 1920 18498 22463 4050 4 18863 31 22318 10268 5 21 21 
20402 1920 18498 22463 4050 21 21 18863 21 21 31 22318 10268 4 12780 1393 20060 19939 7509 14797 4 19662 15678 20463 28 4 16098 15286 18498 22318 13405 31 23104 17941 31 20931 10547 4050 4 20149 1788 7730 3348 15678 16802 7850 28 7509 5125 4 7730 1540 4766 31 22942 7509 28 7509 11685 5 
2371 4766 4181 873 12780 9594 9193 31 15894 8995 15678 9215 4 3472 31 16192 6103 28 5 
15678 9215 8995 7850 20060 14797 4 7850 28 4 7850 15286 4050 4 7850 5125 7730 7850 22942 7509 28 7509 11685 4 23104 31 22318 10547 18498 23104 17267 15678 20060 9215 5 
5947 31 9193 18352 6103 9218 6 
28 6 11561 6 23273 5 28 5 4766 28 21 
21 21 21 7850 9193 22942 15658 11284 4 7730 15643 9387 22463 14924 13909 13512 4 13909 20962 4 13909 9509 7509 18498 17304 4955 15678 5574 7730 20044 6103 15576 20304 28 5792 17737 7850 9196 5 21 21 
5947 9193 18352 6103 9218 6 
28 6 
18352 20670 14885 4050 6 
21 21 21 11474 18498 1027 15658 13405 17872 3590 4 13405 16404 15678 942 21 21 5 
21596 15138 11474 18498 8995 8344 20931 15311 4 7491 18498 15658 8995 17989 17872 3962 5 9193 17872 3962 15658 8995 17989 9193 16404 13405 17872 3590 7847 8995 17989 4 31 18475 14924 5 15144 15658 20149 6256 20402 22564 17438 873 18498 7491 18498 22318 1027 9193 15658 18533 1959 22463 4932 4766 28 5 
28 18498 1027 15658 22318 13405 17872 3590 22318 13405 17872 942 5 
5947 31 18352 6 
21 14797 6103 8458 7509 4029 5 
9193 14799 10211 4 4050 16404 15678 942 5 21 
21 15138 4050 6103 11462 30 15678 6366 7914 22327 7 
7850 4629 4687 4 7850 13904 4 7850 6717 1233 5 
21282 15658 5219 22805 15678 7132 9193 9617 17932 17664 11333 6389 7509 20060 11685 5 21 
21 12255 15658 8474 13909 4127 4796 8995 5 
15678 19961 12255 15658 9743 13909 16440 6103 15138 22942 5 
5947 31 18352 6 
8995 20670 31 5846 6103 5792 15678 15576 20304 18498 21596 15678 17304 20670 9193 22942 5 
21 21 21 15678 14604 11341 22564 2652 21 21 5 
12787 18476 22805 22463 19925 22564 2652 4 15678 14604 5528 9098 6103 835 7730 9801 17324 879 15678 14604 21 21 11341 21 21 23057 8995 15061 18525 7847 20402 5 21 21 22463 21083 11474 21 21 5 
22463 21083 11474 18498 15658 20402 11733 16066 5766 9193 18498 20402 18772 5 
22463 21083 11474 18498 19303 20826 4 17962 4 9634 7730 21389 16083 4672 16404 5913 31 23167 6103 28 5 
22463 21083 11474 18498 23100 13860 12526 352 7295 20931 23132 18533 9743 31 23167 6103 28 5 
22463 21083 11474 18498 9130 7730 20149 21095 10019 7730 12532 16404 17304 7512 15678 14425 18498 21596 16404 28 5 
22463 21083 11474 18498 17629 20149 538 7509 1097 17438 21551 12136 16404 19474 15678 20463 4229 5 
18476 22805 22463 19925 22564 2652 22805 15678 19800 7509 14792 6103 28 4 14335 5474 13909 22463 22897 31 15128 6103 22942 5 
18476 22805 22463 19925 22564 2652 22805 31 20060 11685 4050 1525 19772 6103 18376 7730 10010 17324 31 11685 23104 7509 9197 18498 20813 15678 14604 21 21 11341 21 21 17304 22126 4766 20931 15256 22484 5 
15708 17438 20402 22463 19925 5 
15708 17438 20402 15678 14604 21 21 11341 21 21 5 
5947 9193 18352 6 
28 6 11561 6 23273 5 28 5 4766 28 21 
21 21 21 15678 22564 7509 23214 7850 20060 14797 21 21 5 
22463 7509 10826 6103 28 18498 23016 20688 7730 18494 8406 7914 21 21 9496 21 21 7850 4901 9818 6389 7509 11685 4050 20402 15678 22564 7509 23214 7850 20060 19939 7509 14797 5 
740 9387 15144 15101 17438 1114 31 28 9197 4 18498 5360 4766 8995 13512 21942 1121 4 6103 22564 15678 23214 7850 5125 7730 7850 20060 14797 5 
21282 18498 12255 15138 15144 8995 20149 20357 8455 4 6977 4 1987 7730 23029 15081 6103 4220 17438 16971 6971 6103 5179 18498 15658 16784 31 15941 6103 9743 17022 4766 1612 18498 3348 23104 15678 14811 7509 20060 14797 411 5 
20149 23135 15658 22564 15678 23214 7850 20060 14797 4 15658 9901 9594 6074 18498 23135 15658 19900 4 15658 9743 17022 6103 18525 23135 15658 5174 4 16404 6103 22092 4796 21 21 84 21 21 4 15108 4 12979 4 14464 18498 8995 17908 23104 31 14885 4050 6389 7509 20060 14797 5 
15671 7102 1502 4 11998 4 21793 10826 6103 19456 7730 28 18498 9193 13405 1393 14811 7509 5846 1393 12755 6103 19393 2073 13695 6103 1114 31 28 9197 5 
1504 15678 22564 23214 4 11998 18525 22564 7730 15658 16878 18498 8956 10826 22385 2725 6103 14885 23029 9496 5 
5174 13909 20670 31 14885 6 11561 6 23273 5 28 5 4766 31 14464 6103 28 21 
21 21 21 20149 18533 5174 22463 16971 4 15658 15726 15678 18498 7847 9743 4 9193 15678 18498 7847 1027 5 21 21 
20060 28 21 
21 21663 31 14145 18498 9743 7850 9193 22942 7730 15081 6103 9801 4 15708 20304 9193 20402 21680 14668 5 
21 15678 14296 20402 15678 28 7509 9634 5 7050 15678 14296 7049 31 9634 5 
28 26 5170 21 
21 21793 31 23132 21596 31 16431 8810 7509 20060 23032 28 5 

23132 4050 1027 28 
20402 7509 11728 5 21 
21 23051 14149 7509 9193 1095 28 28 12487 7509 26 15263 6103 16110 26 7610 4 8230 4 11284 29 1249 12487 7509 26 5 
9634 9808 20402 9634 20244 1332 5 21 
21 15678 1114 20402 22463 7563 14149 4 15678 1114 22318 9743 5741 5 
15678 1114 22318 9743 827 5 
15678 1114 22327 17304 5 
21 21 21 31 14885 7850 4380 21 21 
21793 31 15144 4 7590 7509 20060 23032 28 4 13055 23104 16066 9417 15678 6617 1408 6103 12780 16404 15678 20060 19939 7509 14797 14876 7730 4356 5 7730 21596 15678 6617 13909 9808 7509 22942 4 18498 20402 3610 20215 20931 19969 13669 4766 22463 15256 7730 15678 11139 4380 7850 16083 17438 1114 31 28 9197 5 
12861 14539 1114 5 
15678 1114 9193 13405 31 9743 4672 9652 4 7730 22463 6281 20402 23104 31 14885 4050 17438 6389 7730 17438 20402 4 9743 20749 16066 4380 4 22797 16066 15658 4 10405 16066 3564 4 1616 18498 9417 17438 6389 19089 7509 13131 6103 20402 5 
21 21 4898 4766 31 14885 7730 31 19418 18498 21596 20149 5354 8995 28 7730 28 20 21 21 21 21 11772 6103 28 21 21 4 17438 22463 19239 1391 4 5 29 4 3722 5 29 5 
5947 31 18352 31 14464 6103 28 16404 18498 31 14885 7730 17304 17511 794 13909 16971 5 
21 3450 22463 6103 15671 21596 22463 23132 4 7730 3450 23132 16439 7509 14539 14577 4 1027 28 7730 11514 31 20060 23032 28 5 21 
21 15678 1114 22823 21282 20402 5284 18476 8995 20670 15678 942 7509 5528 6103 5792 5 
21 9193 8329 15678 16143 7850 20402 12104 7730 3348 9235 4 5739 18498 12780 13923 7 7730 1394 18533 18498 12780 4 5219 12780 31 22179 5 
11772 6103 5792 13591 23 4 29 
5947 9193 18352 6 
21 15708 14604 1114 17438 14335 13405 16404 28 4 7730 20402 22463 15144 19900 18498 7786 15678 13194 5 
22318 1027 5 21 
21 16580 20007 28 11728 5 
12787 5947 31 18352 17872 753 7850 9218 5 
15138 15708 5 21 
21 9808 1249 15604 5 
12787 6684 31 21793 22463 9808 1249 15604 4 18498 9010 1249 20402 22463 1249 6103 13909 1114 31 28 9197 31 20060 23032 28 7730 31 20060 11685 6103 5792 5 
21 20007 28 11728 5 
21083 12145 9010 26 16404 31 15108 4050 18498 8995 17908 23104 31 20060 14885 5 21 
21 20149 20931 22942 8995 7914 17790 7730 3166 7730 21596 9620 835 4 15658 6503 20 
16647 15678 21680 21649 7730 21680 22092 22654 8672 18498 31 23032 20060 12780 13909 22463 22897 7730 18481 22898 17629 22318 13398 7730 22318 5064 2136 15678 3610 7509 9801 9172 5 21 
21 1027 31 20060 23032 28 7730 8995 20670 31 22318 18059 7730 21596 31 4181 7509 28 5 
9193 20402 21793 21680 23554 28 5 
13688 7509 11728 8672 6103 28 20060 20364 6103 1114 21 
1027 1393 20060 23032 28 20402 9417 31 14145 7509 5528 6103 28 5 
21 2745 20402 15678 15576 28 18498 9193 6075 31 20931 15253 17438 9193 15253 5 2674 28 14145 6103 28 
13688 7509 11728 4050 
1409 17438 28 8672 6103 28 21 
21 28 5097 1393 20060 23032 15678 18498 11284 6103 13909 951 17521 16404 22463 5765 5 31 14280 7464 5 
20402 28 13889 
13688 7509 11728 1114 28 
28 8672 6103 28 21 
21 28 4 20402 15678 3610 16404 31 20054 5 
16630 31 20060 23032 28 4 18498 20402 21680 11165 4 18498 20402 31 28 4 15678 9676 18498 3219 7850 14336 7509 22163 6103 22318 22942 5 20060 28 7509 28 5 
13688 7509 11728 13688 7509 11728 4050 28 1027 28 
12403 7914 14604 3643 6 11561 6 23273 5 28 5 4766 26 30 29 2794 29 6103 29 29 21 
21 20149 9620 835 7914 9193 3962 4 7914 9193 22942 4 4229 17438 28 5 11772 6103 28 4 15677 29 5 
13688 7509 11728 5 8672 6103 28 28 9171 21 
21 7850 3304 17410 7509 6223 7551 7509 11728 4985 4 15678 28 17022 30 6157 18498 6 
21 21 28 20402 21121 31 21793 15678 13697 7509 6014 7730 7509 21631 5 5 5 20402 15678 14668 6103 28 17438 9326 7 909 20402 15678 23212 6103 21793 15678 14668 5 21 21 
13688 7509 11728 13688 7509 11728 
4050 1027 31 20060 11685 21 
21 21 21 31 9193 9634 20402 21793 6103 28 5 21 21 21 
21 18476 15855 16404 20060 11685 4050 1525 19772 31 23577 4672 18498 5219 22805 20402 31 21 21 19695 21 21 18498 8995 11685 21596 5 
19671 17438 18498 21596 31 9196 5 
19671 17438 18498 21596 15678 19936 5 
19671 17438 18498 21596 15678 19925 5 
19671 17438 18498 21596 15678 28 5 
19671 17438 18498 21596 31 23032 28 5 
19671 17438 18498 21596 11454 5 
19671 17438 18498 21596 28 5 
19671 17438 18498 21596 2675 5 
7730 21389 16083 4672 18498 15658 3391 15459 17523 5 
31 9193 11685 20402 21 21 19671 21 21 5 
13688 7509 11728 1409 16673 20060 11685 5 
20402 4050 1525 19772 21 
21 21 21 9193 15658 7102 368 7850 9215 31 15658 20402 18498 9010 20402 15101 16673 2251 7509 11685 4050 5 21 21 20060 28 6103 28 4 5371 31 3928 6103 14069 4 29 6103 5 23135 5 5 21 
21 20402 28 28 
18525 5108 7914 28 20060 12894 20402 11708 5 
13688 7509 11728 
8672 6103 28 
30 21 
21 29 7256 6103 17665 7509 7257 6103 28 7509 26 5 
21 21 15138 13909 7509 18498 9743 20402 20402 21 21 5 28 28 5 
13688 7509 11728 
8672 6103 28 
30 21 
21 31 13905 835 18498 17304 6075 31 28 20060 20402 31 6103 13405 28 9197 7850 15576 16654 5 20060 11399 
13688 7509 11728 
8672 6103 28 
228 15658 19899 18498 20402 7509 11728 21 
21 11771 28 20402 328 4766 1114 15678 11020 17737 18498 31 3450 1249 6679 15344 7914 15671 5 11772 6103 28 4 15677 29 
13688 7509 11728 
8672 6103 28 21 
21 20060 28 4229 9193 20304 6103 31 21 21 19169 7509 14604 5528 21 21 5 
18498 15671 4796 4050 1409 16673 23032 20060 17511 21793 15678 28 16878 18498 31 20060 23032 28 20402 31 19169 7730 15253 7509 15576 5528 5 
13688 7509 11728 
8672 6103 28 21 
21 31 3989 7730 22463 7563 14149 4 8720 8995 17665 7730 21596 23516 16404 3450 7127 13909 4766 31 10268 7509 8908 20060 23104 31 3989 5 
28 28 21 21 31 11868 7509 3989 5 21 21 6 21 
21 23016 17438 14336 6990 16753 14469 7491 15678 18481 9193 22318 1027 5 
3450 7127 18498 16468 14604 1114 21596 2156 17438 23135 4 17324 21793 15678 28 22318 5174 13909 4 7730 1540 31 22318 1027 5 
15708 17438 20402 9193 28 5 
22318 1027 5 21 
21 21 21 13320 6103 18498 15678 19925 7850 942 20402 20293 15678 5792 7850 5846 5 21 21 
20060 28 31 22463 19925 21 
21 21 21 15833 4 4796 22150 15678 6366 4 21282 6103 16098 17994 15678 15540 6103 28 5 21 21 
20402 28 21 
21 21 21 15678 22823 1114 6103 28 15658 8995 7914 23135 20149 15678 1114 15186 17792 5 21 21 
20060 28 5 21 
21 21 21 4796 20402 2725 31 4956 9790 4766 31 9193 15253 7509 6014 5 21 21 
20060 10735 28 5 21 
21 11462 9051 7850 28 13290 16429 7509 10366 16412 10211 17438 4050 7730 9219 13749 16673 9634 21939 7730 13749 16673 22942 5 
12780 9193 13398 4050 7730 13749 3179 4766 10547 7730 5521 17438 1616 18498 368 5 21 
21 7127 29 29 4 28 7730 19143 5 
23502 29 6 29 11518 4 11111 6103 15965 12979 
22 22 22816 7464 22 22 4 4964 20402 19730 4 2439 28 5 21 
21 21 21 15658 20402 21800 18498 16784 15678 21551 7850 22318 21 21 2976 21 21 4 18476 11284 21389 910 18498 22318 8840 5 
20402 28 28 26 6103 28 5 21 
21 18498 3058 4 21596 4181 18498 31 9867 19239 12780 20402 2727 14425 5 21 
21 21 21 23104 31 16192 6103 28 5 21 21 
12787 17629 23104 31 16192 6103 28 4 21596 4956 4766 5792 2092 7509 20931 16192 5 
8720 21282 29 14764 5 
20149 10959 4854 5 21 
21 21 21 28 4 19121 7509 16603 21 21 5 
12787 31 20060 23032 28 20402 15678 19121 7509 16603 4 15658 21596 14378 20149 8414 31 8956 20060 15253 5 
20149 10959 4854 5 21 
21 21 21 11514 15678 20463 16169 7730 20931 15253 5 21 21 
12787 12255 11462 31 9634 21596 16784 20463 22666 4 7730 22463 6318 20402 11514 15678 16169 4 1937 8956 23222 7730 4854 5 21 
21 21 21 31 9193 13749 20402 5371 15678 6366 21 21 5 
31 9193 13749 7500 20402 5371 15678 6366 7730 31 10268 7509 22163 4 15658 6820 28 8995 5354 5 
28 20149 10959 4854 5 21 
21 15833 20 4796 22150 15678 6366 21282 4766 16098 17994 15678 15540 6103 28 20 
20402 28 21 
21 9326 4 28 29 5 
23104 28 4 23104 31 20060 11685 4 20007 28 5 21 
21 16148 28 28 4 13640 4099 16404 8930 14604 15476 4050 5 
10220 5 21 
17438 9721 15144 30 8956 14307 5 
21 21550 7509 11728 5 
11111 6103 10220 4050 7850 26 5 
6256 20463 15677 7730 18876 23222 6103 10220 21793 15678 28 4 14539 7850 21932 16066 15894 23135 8995 17304 20149 1563 5 21 
21 21 21 28 9743 14668 4 9193 20402 22463 14668 5 21 21 
12787 8995 10273 19563 15678 18498 9193 20402 4 9193 11066 31 28 7847 14335 19512 5 
8720 14604 21663 4886 6 
28 28 21 21 9193 20402 22463 14668 4 19426 7509 30 6 11560 6 28 5 26 30 21 
21 18525 20402 22823 7115 6103 28 0 
16836 20402 28 6103 17478 28 5 
7730 7847 14539 19474 6 
18525 20402 12353 7509 16605 5 21 
21 21 21 23135 20402 22463 16959 4 6103 910 21 21 5 
12787 15678 20304 9193 5474 31 16960 910 4 7730 16404 16960 910 17629 1380 31 16192 6103 28 18498 5929 7730 13446 7730 22020 5 
20402 22463 16959 6103 5792 5 21 
1114 23135 9193 20744 28 4766 28 28 28 5 
21 21 21 18476 16468 7181 4 12780 1393 18376 6103 28 9197 4 7847 17304 9743 866 17438 23135 21 21 5 
26 4050 
12787 15138 4050 18476 16468 17438 7181 15128 6103 21 21 11685 21 21 4 4796 20149 22240 6103 19830 5 
9193 16673 5431 18476 23135 16468 7181 16913 15459 11685 7730 12780 9594 4766 28 21 21 9197 21 21 4 18498 20149 9743 17737 7850 23577 22823 11685 4050 1525 19772 5 21 
21 16580 20007 28 11728 5 
12787 1614 8995 15678 15604 23507 7509 14604 21663 17324 15678 17819 15658 9901 13278 5 
18498 18533 16098 8995 2371 16673 11066 6103 28 5 21 
16580 16972 8995 4289 5 5 5 
21 20060 28 6103 28 4 18476 9594 15678 15540 6103 28 7847 20357 835 7850 5528 4 14413 16404 15678 13763 7730 15286 16404 15678 16098 5 
20357 4050 835 7914 17994 9010 15540 20060 18498 20402 15678 15540 6103 28 4 17438 18498 11066 1393 20463 20539 7847 9193 22126 28 5 21 
21 12787 22463 17556 6103 11590 16404 6638 6 
5855 16325 5 21 
21 1249 16468 14604 18533 12787 28 28 29 4 17664 20670 31 20060 23032 28 7914 28 4 4766 31 20931 16440 21596 31 11066 6103 17664 20670 31 23032 28 1393 18470 7847 14335 8361 31 1027 17941 5 
9171 11043 5 
21 
21 16580 20007 28 11728 5 
7127 29 12780 21596 15678 5942 20670 15678 15263 6103 16110 26 4 5474 31 21793 31 16429 5 
13909 12301 6 26 29 29 21 
21 21 21 9193 20402 4050 4 1027 31 9193 11685 21 21 5 
12787 9743 9010 23222 16404 18498 15678 15576 1114 5741 3450 22897 13909 17438 9010 11685 4 20060 11728 5 
1027 9010 11685 5 21 
21 21 21 15678 17304 7509 15965 21 21 5 
12787 17629 15963 4 17324 15678 21551 8995 7188 5 8720 8995 17665 17324 21596 4181 18498 12780 22318 753 5 21 
21 16580 20007 28 11728 5 
8720 8995 17665 4886 7850 26 26 5 
21 21 21 28 4 19169 7509 14792 21 21 5 
31 23032 20060 20402 22463 10192 6103 14792 4 18498 8995 12562 17438 15671 17297 16603 5 21 
21 21 21 16404 28 15299 20402 11875 21 21 5 
15678 15576 20304 28 21596 15678 17304 6103 5929 7730 13446 18475 16971 5 21 
21 16580 20007 28 5 
8720 9010 17665 7730 20402 7786 16673 16192 6103 28 5 
21 20402 28 28 9398 31 21793 4766 9010 16192 7 
21 21 9193 22318 18930 22463 11020 19456 16404 4766 15678 19925 7 6592 22318 3393 7914 20577 6103 19618 4 18476 9594 4766 7847 4 15834 18476 16468 17438 7847 7850 3610 4 7730 2701 15721 31 15256 5 21810 5876 16404 15658 6966 4 4766 9707 16066 17438 16192 5 
18525 15658 19456 15678 14756 19961 4 7102 21535 22463 11020 3990 7509 20304 5 22 22 21 
21 21 21 8672 6103 28 4 12861 8995 7850 28 21 21 5 
26 4050 5 
12787 18481 4050 9193 18549 20670 31 20060 8667 7491 15894 12861 8995 7850 28 5 21282 18498 15138 8918 18498 15678 29 17059 7509 11685 20402 19961 21942 4 13880 7509 11685 7730 31 19961 8683 15424 22327 8995 7850 28 5 21 
21 21 21 21663 6103 28 21 21 5 
26 4050 5 
12787 9193 15658 7102 21596 14378 6103 17894 31 9193 10547 5 20293 19456 9193 1380 15678 15576 1114 16673 20060 11685 4 16673 9196 7730 31 23032 28 5 
9193 1027 28 7730 20293 8995 4815 5 21 
21 20007 910 8956 20402 31 9193 7730 31 22318 14799 4 13405 16404 21793 15678 1114 31 9196 31 20060 11685 31 20060 23032 28 5 
15658 21596 14378 6103 1380 31 16192 6103 28 15678 13880 7509 11685 7730 31 19961 21942 5 21 
21 5947 9193 18352 6 
21 5947 9193 18352 6 
21 16580 20007 28 5 
12787 20402 4766 11020 835 18498 22318 1392 18498 7914 3206 13909 22463 17665 4050 8995 17525 7850 14604 3643 7850 26 26 16404 9217 5 5947 9193 18352 7730 8720 15604 17665 5 
15708 5 
21 5947 9193 18352 7850 28 6 
21 1937 1393 20060 14797 4 6103 9707 4 20402 4796 8995 17737 1393 3579 5 
15678 28 28 28 30 4 7914 22463 7314 1393 12979 4 7491 15637 10343 20558 7730 457 6 21 21 12780 1393 14797 18533 7491 12780 1393 3579 16404 8149 4766 7847 4 15678 15576 19537 21 21 5 
22463 8147 6103 1114 7730 6103 7594 4766 28 5837 6 12862 20402 16429 7509 20060 14797 5 21 
21 17665 7850 4585 6103 18984 28 15274 4 22463 3369 6103 28 5 21 
21 20060 19939 7509 14797 4 19296 7509 23176 7509 2654 4 15138 3058 5 
1027 31 20060 20402 23577 22823 11685 6103 5792 4 4050 1525 19772 5 21 
21 14604 1114 6866 31 23501 6103 28 7730 15576 14724 17781 5 
21282 22463 17556 2087 5 21 
21 20402 16457 2435 4 20402 15678 17479 7509 5453 5 
21793 31 22898 18498 4289 22463 19925 4 15678 20060 10302 26 746 7730 7850 2700 19462 31 7558 15256 5 
7491 20670 7847 18498 6 
21 21 20402 7115 7509 15256 5210 7509 19925 5 21 21 21 
21 21 21 17458 31 28 15425 4672 20402 11875 5 21 21 
28 9743 22463 14668 7850 9193 22942 4 7730 17304 9743 7850 20931 5 
5947 9193 18352 7850 28 6 11561 6 23273 5 28 5 4766 26 28 29 21 
21 28 28 28 9193 22318 1027 5 
23135 20402 22463 17737 18498 28 14335 6075 5 
4785 7509 15576 15311 5 21 
21 15459 20205 8995 17664 7914 28 7509 5849 4 5474 31 21793 31 16429 12780 20402 22463 3369 5 
5947 9193 18352 7850 28 6 
21 21 21 15658 22240 14604 8995 2118 17438 21793 15678 16067 7509 15190 5 12780 22327 15138 2727 4 17324 4 20149 22886 4766 15678 15860 7509 10547 5 21 21 
2727 2304 28 28 
15855 31 20931 22942 16673 15860 7509 10547 5 21 
21 15658 21535 1027 7914 9334 31 11728 7 15658 4289 31 1148 4796 1027 28 5 
20402 28 28 21 
21 16580 20007 28 5 
22463 3369 28 4 5174 8956 17932 17872 9193 20402 22463 835 15138 11020 17664 7730 5174 23135 5 21 
21 20007 28 5 
23214 3166 16066 17790 17438 29 4 29 4766 15678 10393 5 
10211 6103 16160 6429 7850 13684 7509 3512 4 16404 13909 12301 14018 14469 11980 5 21 
21 21 21 20402 12353 7509 8561 4 9193 1095 7509 18498 8561 5 21 21 
20402 28 6103 28 5 21 
22463 3369 17664 4766 9010 11474 5 
21 16580 20007 28 5 
9010 17665 20402 22463 1549 6075 21535 22385 5174 4 21 21 30 30 28 21 21 4 18498 2092 6990 17665 23135 21371 17511 20402 21793 6103 28 5 21 
21 16580 20007 28 5 
11462 20402 22463 3369 15678 11111 6103 15965 4 20402 15678 23575 6981 1249 5 
654 21282 7127 29 6103 12897 5 
17665 28 14185 4 12780 20402 22150 5 21 
21 16580 20007 28 11728 5 
5474 31 21793 12780 20402 22150 5 21 
21 16580 20007 28 5 
2329 6103 17663 
14156 28 28 28 8995 17664 3369 6103 28 5 21 
21 3058 7127 5 
22463 17665 20670 31 3989 17872 753 23135 4 18498 15311 16066 20402 15534 5 21 
21 28 15036 17438 9193 4 7730 20149 7847 18533 4 18533 15036 17438 7847 5 
20402 28 30 5 21 
21 15678 6366 6256 2727 21987 15678 14309 5795 7 15502 20149 17703 4766 7847 4 9193 5371 1612 18498 9743 15678 2727 7847 21209 14667 3588 4 14667 15809 5 
20402 28 28 28 21 
20007 28 5 
21 16580 20007 28 5 
12787 4 15678 20539 6103 28 15128 31 11454 7509 11571 4 17324 15678 20463 20539 9193 22126 31 20009 5 
1027 28 17324 7847 7850 22126 15678 20304 5 21 
21 20402 28 28 28 7 
21 21 565 18498 7847 19466 28 4 21596 20293 15678 20463 15540 9193 13763 4 7850 21932 4 9193 16477 5 21 21 
1027 12787 31 9365 6103 20402 28 1027 31 23032 28 7914 21793 14924 7914 21793 15678 12459 7730 7914 21793 15678 14924 7914 21793 31 9193 2367 5210 31 23032 28 21793 31 20931 21412 5 21 
21 20402 28 28 6 
21 21 31 910 7509 19925 7102 19471 4796 22463 13759 18498 11710 15678 15190 12526 5 21 21 
12787 20293 18498 20402 15963 4 20402 7850 20931 15965 16972 4 16066 7850 20060 19939 7509 14797 4 16066 15678 20060 21649 4 15658 8918 6103 15963 16673 19925 4 7730 16673 23132 5 21 
21 16580 20007 28 5 
12787 9743 22463 15604 18352 16404 9217 4 18525 18533 5947 17438 9721 5 21 
21 12787 4 23016 14335 6184 31 9217 2092 7509 19415 21284 4 7730 16673 11066 6103 28 7730 16673 12565 7509 20060 23032 28 23016 17525 13909 22463 17665 5 
8840 18498 753 7850 20931 3610 4 20007 28 5 
21 20402 28 28 7491 6 
21 21 23135 15658 6679 21389 15678 16802 7509 20463 16605 4 18481 28 6679 16799 5 
12787 20149 23135 3510 7850 16605 13330 28 22318 8840 7850 5101 4 15658 21596 14378 5 21 
21 20402 28 6103 17478 28 7491 7 18498 7850 20931 13669 7730 22922 17665 16404 155 9193 5528 31 9078 18498 13405 31 28 4 
21 21 15678 10927 9975 18498 15658 20149 5219 4766 31 21646 17665 20670 15678 12261 7730 20670 15678 13054 6103 28 4 20149 5219 4766 31 17665 20670 31 18533 15253 28 5 21 21 21 
21 20402 28 28 28 7 
4289 31 7491 18498 15424 7850 6014 9193 20304 17304 10987 7914 16580 15678 20463 16373 17458 7847 20402 4796 31 15253 18498 21596 15678 9943 20402 6103 3962 7730 7850 8840 15678 19553 5 
20931 17705 21282 201 7850 9971 7509 21551 4 18476 15678 23575 9942 8406 7850 3962 7509 16169 5 
8443 4 9980 4 19746 6103 21793 15678 20463 9943 4 7847 17304 10987 7914 16580 15678 20463 16373 20 21 
21 20402 28 6103 17478 28 7 
21 21 5739 18498 4 20149 15658 20402 31 14797 4 31 9010 11518 15678 15190 13055 8995 603 6106 7509 16958 7509 20463 16605 5 
20402 31 14797 15678 17307 21230 18498 15678 5235 5 21 21 21 
21 20060 28 4229 9193 20304 6103 21 21 31 19169 7509 14604 5528 21 21 5 
22318 16630 1027 12787 18498 21596 22463 1114 7730 7117 16673 20060 23032 28 4 7847 18498 20402 31 19169 7509 15576 5528 5 
20402 7102 6103 21793 15678 21296 1027 4 22790 7730 13695 31 18191 19169 5 21 
21 16580 20007 28 5 
12787 18533 4854 9010 17665 16404 22318 753 31 23104 9010 7563 14149 18498 20402 31 3989 4 8840 18498 753 5 21 
21 20402 16148 17022 6103 28 7491 31 22463 16713 6 
21 21 20149 15678 11474 4915 15678 22665 7509 20060 14797 4 16404 3962 14797 20420 15392 4229 15678 21 21 17377 21 21 4 31 9971 6103 14096 7914 15970 31 15157 6103 10765 7850 11685 5 21 21 21 
21 18498 13512 9010 11685 4 23104 31 14885 5 21 
21 21 21 9193 22318 1027 20060 15253 6103 28 4 7730 14335 8414 21793 31 22318 20244 14378 5 21 21 
16440 17665 20402 28 5 21 
16580 20007 28 5 
21 9196 4 28 7509 1114 4 18069 6103 1114 5 20060 21810 6103 28 5 
3894 31 9196 7730 31 9193 22942 4 31 11685 23104 7509 19961 9196 4 15658 22318 538 7509 942 7509 20304 17324 7730 7509 942 18525 4796 15678 18374 7509 22942 5 
1027 4 472 4 7730 6103 13909 11868 31 9196 7509 18498 22327 5 
28 28 28 21 
21 18533 18498 21793 19900 18498 31 20060 14797 15658 20402 22463 11111 6103 15965 4 18498 9387 4672 18498 15658 7102 12894 4730 6389 7509 20060 14797 5 5 5 
9632 7317 7491 18498 22327 20402 9790 17872 2082 31 16971 17872 20060 11685 4 7850 8377 538 21793 7509 18772 14811 18498 20402 31 20060 14797 4 8995 21752 15678 19961 4730 4672 17925 5 19335 4 31 20060 14797 15658 20402 11111 6103 15965 4 15424 14466 22463 21468 4 16066 22463 17406 6103 8147 6103 1097 4796 20149 20402 31 22463 9867 5 5 5 31 20060 14797 20402 19939 4 7509 12372 18498 15036 17872 9193 6075 31 20009 5 
31 20060 14797 21596 16784 20463 22665 4 7730 12780 7491 16083 4672 4 21596 16971 18498 7491 17658 15678 20463 11111 6103 15965 4 15678 20463 15102 4 7914 22897 6103 21596 31 20060 14797 4796 15678 20463 22327 4 18069 7384 20402 18498 18533 9743 7509 14797 15678 14539 18498 349 7850 11111 6103 15965 5 5 5 5 7730 21596 4672 18498 23135 17304 9743 7914 18475 13727 14466 7850 20060 14797 5 5 5 20402 28 6103 17478 28 7491 18498 18476 20402 31 20060 14797 17629 12780 4796 20149 8995 12780 1393 3579 5 
7914 20931 2725 15704 20670 31 20060 14797 4 8678 28 6103 17478 28 6 
21 21 7914 21075 4 20149 31 20060 13857 11685 15658 15678 15708 20663 16689 6103 16605 31 1937 1393 20060 14797 1393 14466 4 1393 28 7730 28 20055 4 19900 28 20149 23051 12894 22463 11685 16066 7521 15678 12953 1276 22463 942 5 23554 22834 4 23554 17942 14813 6103 15576 21551 12254 4 18498 8995 13667 7509 9860 7509 17819 5795 4 15678 18470 4 4796 13055 7491 4 1937 21793 7127 1393 20060 14797 7730 18876 15678 18374 7509 28 5 7850 8377 15658 7850 9620 543 4 5876 4 15783 5 9193 31 18191 20060 14797 20402 16404 7847 22463 2275 16404 2727 7286 20463 15422 7730 12578 8871 7730 21553 5 15190 15683 5 21 21 
20402 22821 4 31 13909 18328 22821 5 
20149 23135 16784 31 14797 23135 16784 22327 5 
20007 28 5 
28 28 29 21 
21 14604 17737 6103 28 4 22318 1027 5 
16404 20293 21 
21 12787 7509 10347 15678 3610 5 
22463 3369 6103 28 5 21 
21 17665 7914 28 5 
20238 4766 16148 28 5 
22463 3369 5 21 
21 18928 16404 1393 15144 5 
13098 28 3722 6 29 22805 6 29 
7509 14539 14881 4 18533 18498 31 15144 22564 21959 11509 4 1997 4766 14885 7730 20692 5 20463 8224 5252 15658 7914 17827 16733 4 16067 4 18379 4 22886 6103 13753 5 7730 20539 7914 3058 15704 4 4796 5482 31 15144 18498 17929 31 28 5 
23104 31 14885 21 
21 16580 20007 28 5 
20007 28 5 
15678 13905 17737 18498 17304 10648 22463 17665 7850 7127 7509 14604 1247 5 
16440 8147 28 29 
4766 9193 8897 28 28 5 21 
21 9808 1612 18498 20149 134 1121 7730 5104 31 8956 7558 23514 6103 20009 4 28 7730 28 5 21 
18328 22821 5 
21 14797 22195 7730 3058 6329 5 
28 28 
28 28 21 
21 16580 20007 28 5 
6408 6103 29 28 6103 9218 4 7730 22805 31 10901 6103 28 20149 14055 7850 22942 6103 29 16971 5 
8840 1270 16404 23151 17872 3962 7730 22805 31 9193 28 8897 28 28 22318 1027 1114 23135 7730 14604 17737 6103 28 5 21 
21 16580 20007 28 5 
20007 28 5 
28 28 11462 17664 7850 14604 11111 6103 15965 5 
10159 7509 6014 21 
21 16580 20007 28 11728 5 
12787 18533 4854 4766 23135 4 13909 22463 26 18498 16673 11066 6103 28 5219 9743 4 8840 18498 753 31 21793 7850 3610 5 
20007 28 5 
20007 28 5 
21 20402 17022 23274 
21 21 7715 22463 9369 6103 19662 15678 28 7730 12780 5219 5204 15678 15190 5 21 21 21 
21 1937 31 21 21 28 28 28 19169 7509 14792 21 21 7850 26 26 28 28 28 19169 7509 14792 6 11560 6 21298 5 4591 29 29 29 21 
28 28 31 11868 7509 3989 6 11560 6 21298 5 4591 26 29 29 29 
21 16580 20007 28 
15459 7576 8995 17664 7850 12979 20088 14799 20060 3166 4 5474 31 21793 31 16429 4 8995 6075 14604 21663 6103 22942 4 5474 29 16404 8995 13761 4 7730 5320 4766 22318 15965 5 
20007 28 11728 21 
17665 13512 9594 20670 31 23032 28 5 5 5 9193 19169 7509 14792 5 5 5 
16972 18525 15658 16098 9010 7914 21551 22463 17665 14149 18498 753 3962 20788 15311 7730 15535 5 5 5 
16972 9010 1614 8956 14149 17665 20670 20060 14797 9634 5125 4854 16404 753 31 9217 5 5 5 5 
21 23135 7730 22463 17737 6103 28 7850 9193 22942 4 15708 17438 20402 8956 16972 14149 7730 14335 9743 28 5 21 
21 16580 20007 28 12787 9010 1614 13909 22463 17665 18498 15344 7509 5528 7509 23032 28 7730 6103 28 14791 5 5 18498 21596 31 5472 18498 12780 753 7850 15138 21389 23135 18498 15311 4 9010 15534 16066 18498 20402 3962 5 21 
21 16580 20007 28 11728 5 
11462 9051 17664 7850 7730 5 12876 5 23135 7850 16455 9193 20304 7509 28 5 
9894 22463 3369 6103 28 21 
21 16580 20007 28 11728 5 5 
17665 28 4 19169 7509 14792 5 21 
21 7127 29 6103 656 7850 4417 6103 28 4 8995 17664 4766 14604 12787 28 28 4 12780 20402 22150 5474 31 21793 31 16429 5 5 
20007 28 5 21 
21 19249 7509 16148 17022 4 7509 28 28 5 21 
21 16580 20007 28 11728 5 
6408 6103 16429 7509 15823 6103 17665 4 12780 4766 9193 8897 1380 15678 9215 7850 4417 6103 5660 4 7850 4964 28 28 7730 28 5 
14335 18930 31 22318 15965 5 21 
21 16580 20007 28 11728 5 
15459 21252 8995 17664 7850 14799 12979 20088 20060 28 5474 31 21793 31 16429 5 
21535 6 21 21 16148 17022 4 7730 15678 7294 7509 8908 21 21 5 
13405 9193 13591 4766 15138 13598 14149 21 
21 16580 7730 20007 28 11728 5 
11462 22463 11020 15533 4766 31 17665 7509 12787 22286 4 22463 17665 2725 4 7730 21371 17304 22805 22463 11020 1095 4 18498 17596 7730 22463 16169 17872 9193 5 
15708 17438 22327 28 28 5 21 
21 31 1103 4 5879 10192 20402 28 4 15658 20149 8754 15643 5 
28 28 21 
21 16580 20007 28 5 
15823 6103 17665 22463 3369 5 
30 19143 29 5 21 
28 28 
21 16580 20007 28 5 9193 7730 9193 8897 13512 28 28 4 13055 8995 17989 16404 1937 15678 12960 7509 28 7730 4766 31 3618 18396 4050 29 4 1034 16404 21842 5 5 20007 28 11728 5 21 
21 9193 4796 17304 22318 4 23 28 4 6256 6103 20725 15678 12254 4 20149 22318 20402 31 19169 7509 14792 0 20402 28 21 
21 11111 6103 15965 78 4766 31 17743 6103 28 28 4 18498 17665 22148 4 20670 31 5846 5 21 
21 20007 28 5 5 5 19969 6103 3962 4766 31 9193 13512 8897 28 28 4 16404 15678 14604 11111 6103 15965 30 4 7730 11462 14604 1095 28 28 12780 8995 17664 5 18498 835 5 5 21 
21 16580 20007 28 11728 5 5 5 20402 28 7491 6 
21596 15678 16373 20215 21793 15678 18498 1380 31 10901 6103 28 5 
28 6103 20402 28 6 
22790 31 19169 7509 28 4 7730 490 31 22942 9172 17324 8956 11047 20304 19900 11514 7850 16083 22942 18498 15459 31 17908 4110 5 
28 28 4 6564 7914 16580 5 21 
21 16580 20007 28 11728 5 5 5 6408 6103 17664 7850 8147 6103 12979 7850 14996 4 7914 20402 28 4 8995 7850 28 8840 15678 23572 16404 17664 7850 4417 6103 20402 28 7509 3630 4 20670 31 23032 28 4 16605 31 22318 15965 5 5 28 28 28 22318 1027 20126 5 21 
21 7850 6103 5528 7509 14604 3960 15658 17304 9620 31 11729 7509 2727 2304 23032 28 4 9010 11729 18498 19363 15678 14604 1114 28 18498 14335 13405 3450 22897 13909 16404 16936 6103 5792 5 20007 31 8667 6103 1114 5 21 
21 11462 7730 22463 7127 15138 8810 4 7127 29 6103 13903 4 6103 29 1276 7509 5505 8995 11462 3962 18876 15678 28 4 7509 14296 4 10901 31 28 5 5 20007 28 21 
21 20007 28 5 5 5 11462 9193 7730 9193 28 28 28 18876 7914 9193 3962 7558 11020 1097 7730 31 16440 6103 21252 16150 6103 3960 4 15708 28 28 4 7730 11302 16673 14149 17737 5 21 
15855 15678 18498 9193 4913 16404 31 15144 13909 13512 7509 17230 5 28 28 22318 1027 
15908 17664 7850 4964 20060 28 4766 15678 21535 6 15678 20060 19939 7509 14797 5 20402 14149 9594 7509 13905 1995 6103 473 5 
21 16580 7730 20007 28 5 5 11462 8995 17664 7850 4417 6103 2891 14782 4 17664 20670 31 23032 28 4 16630 31 22318 15965 5 5 21 
21 16580 7730 20007 28 5 5 5 11462 8995 3962 7850 4502 4 7730 31 16440 6103 11462 16762 31 13301 20402 22463 28 3962 4 4766 31 15144 18498 1027 15138 7730 18498 21596 14335 753 31 20402 15678 18498 20402 11462 4 28 28 22318 1027 5 5 21 
21 16580 7730 20007 28 5 5 5 11462 8995 17664 7850 4417 6103 20060 28 4 7850 16455 9193 20304 7509 16373 16630 31 22318 15965 5 5 21 
21 16580 7730 20007 28 5 5 5 11462 8995 17664 7850 4386 7509 2432 4766 15678 21535 6 5468 4 7730 23151 1393 20304 4 16605 31 22318 15965 5 5 21 
16440 10220 6103 17663 5 30 
21 16580 7730 20007 28 11728 5 5 5 11462 8995 17664 7850 4417 6103 28 4 16630 31 22318 15965 5 5 21 
21 16580 20007 28 5 5 5 11462 12780 17872 4417 6103 28 7509 1826 4 7850 16455 20060 28 4 16630 31 22318 15965 5 21 
21 17665 7914 28 4 4964 20255 31 16580 5 5 5 21 
21 17665 7850 3885 7509 12979 20088 14799 28 4 7850 4417 6103 28 7509 20434 4 7730 14924 6103 15965 4766 15678 16148 28 6103 20060 28 4 12222 5 5 5 21 
21 17665 7850 4417 6103 5660 4 4964 28 28 7730 28 5 21 
17665 7850 4417 6103 28 5 

