28 6137 9193 12963 11046 15458 23575 15266 5 5 5 
27 
27 
22805 15678 21684 18498 8678 16404 15678 26 15190 10628 5 756 31 5219 13909 23065 15458 14307 20 
21726 8995 6075 3058 19522 20 22657 26 26 
15604 3643 7850 26 6 11560 6 23273 5 26 5 21525 26 30 5 17819 22049 4785 1393 29 6103 11462 4766 26 15803 26 6 26 26 20 
15678 15084 10568 29 10796 4809 31 18876 31 2125 16404 15678 15604 28 26 5 5097 6 
20284 7730 9975 7509 11020 13480 12780 4809 20 1937 7730 21842 16673 26 5 
12780 4809 6073 31 17556 9193 17819 16431 7850 11020 13480 20 1937 7730 21842 16673 26 6 
21282 16468 1614 16404 7480 14604 2949 6 
1575 31 10548 20 
21 28 28 4 15855 15678 18498 9193 9743 4766 15678 3790 18498 7491 18498 9193 28 27 22 21 
21 5219 12803 29 7850 26 6 26 26 29 
15678 23222 8995 2727 19871 17438 4060 6103 13494 6103 7795 7730 21596 871 26 18498 21282 1421 7850 11518 6103 17525 15678 5 15678 5 
9193 6075 17872 22805 3058 16440 5 
17420 6 29 29 7914 7575 21 
21 26 11399 27 22 
15678 15273 10447 6103 9193 15678 5 15678 21 
9193 14425 16440 7914 15677 6103 2442 5 
12780 17872 20143 1972 15678 
6 
6103 
29 29 
6 2 

5 5 5 
5 5 5 
5 5 5 5 

18498 4273 5 
23135 29 2372 7914 28 6103 2372 23135 
2372 23135 29 7914 28 23135 2372 
29 29 8503 29 28 28 28 7730 15678 22765 20753 26 10548 30 
29 29 28 28 8503 29 31 5857 6103 28 26 26 2136 8503 29 29 29 
28 28 8503 29 
29 29 28 28 8503 29 31 14437 6103 1114 6103 28 26 7127 29 29 15658 21596 8503 
29 29 28 28 8503 29 31 14437 6103 1114 6103 28 26 7127 29 29 15658 21596 8503 
29 29 28 28 8503 29 31 14437 6103 1114 6103 28 26 26 2136 8503 29 29 29 
29 29 8503 29 28 28 28 7730 15678 22765 20753 26 10548 30 
29 29 28 28 8503 29 28 7730 15678 22765 20753 26 26 2136 8503 29 29 29 
29 29 8503 29 28 28 31 8131 6103 16526 7509 28 26 
29 29 28 28 8503 29 31 8131 6103 16526 7509 28 26 
21 29 29 28 28 8503 29 4 29 31 11454 7509 20320 5523 7730 20463 7322 26 29 29 10548 20 20 20 20 20 20 20 20 20 20 21 
21 29 29 28 28 8503 29 4 29 31 11454 7509 20320 5523 7730 20463 7322 26 23273 5 28 5 4766 5 3148 21 
21 29 29 8503 29 28 28 733 4 31 18392 14364 7509 13052 20 26 23273 5 28 5 4766 5 3148 21 
21 29 29 28 28 8503 29 733 4 31 18392 14364 7509 13052 20 26 23273 5 28 5 4766 5 3148 21 
29 29 28 28 8503 29 7418 1229 26 23273 5 28 5 4766 5 3148 6103 
29 29 28 28 8503 29 9456 7509 8525 21562 21562 26 23273 5 28 5 4766 5 3148 
29 29 8503 29 9456 7509 8525 21562 21562 26 23273 5 28 5 4766 5 3148 
29 29 8503 29 9456 7509 8525 21562 21562 26 23273 5 28 5 4766 5 3148 
11462 8503 29 28 20149 14055 26 23273 5 28 5 4766 5 3148 11462 6103 
29 29 8503 29 28 28 28 20149 14055 
29 29 8503 29 28 20149 14055 26 23273 5 28 5 4766 5 3148 11462 6103 
29 29 8503 29 28 20149 14055 26 23273 5 28 5 4766 5 3148 1022 6103 
29 29 8503 29 28 20149 14055 26 23273 5 28 5 4766 5 3148 
11462 8503 29 15678 13265 6103 30 26 23273 5 28 5 4766 5 3148 
21 29 29 8503 29 15678 13265 6103 30 26 23273 5 28 5 4766 5 3148 21 21 21 
21 29 29 8503 29 28 28 15678 13265 6103 30 26 28 28 26 15505 26 29 4 11462 15678 21 
29 29 8503 29 28 28 15678 13265 6103 30 
29 29 8503 29 15678 13265 6103 30 26 23273 5 28 5 4766 5 3148 
11462 8503 29 15678 8360 20670 22989 6103 28 26 23273 5 28 5 4766 5 3148 
21 11462 8503 29 15678 8360 20670 
22989 6103 28 26 23273 5 28 5 4766 5 3148 21 
1022 8503 29 31 8632 6103 22989 7509 28 26 23273 5 28 5 4766 5 3148 
1022 8503 29 31 8632 6103 22989 7509 28 26 
29 29 8503 29 31 8632 6103 22989 7509 28 26 
8503 29 15678 21662 6103 5521 6103 28 26 
1022 15678 8503 29 15678 21662 6103 5521 6103 28 26 
1022 15678 8503 29 15678 21662 6103 5521 6103 28 26 
29 29 8503 29 15678 21662 6103 5521 6103 28 26 
29 29 8503 29 28 28 15678 21662 6103 5521 6103 28 
29 29 8503 29 15678 21662 6103 5521 6103 28 26 
29 29 8503 29 28 28 15678 21662 6103 5521 6103 28 26 
29 29 8503 29 28 28 15678 21662 6103 5521 6103 28 
29 29 8503 29 28 28 15678 21662 6103 5521 6103 28 
29 28 28 28 19483 28 28 26 1022 
29 28 28 28 19483 28 28 26 
29 28 28 28 19483 28 28 26 1022 
29 28 28 28 19483 28 28 26 1022 15678 
29 28 28 28 19483 28 28 26 29 29 29 6 22 11568 5 5 5 6 
29 28 28 28 19483 28 28 26 
29 28 28 28 19483 28 28 26 29 29 29 6 22 
29 28 28 28 19483 28 28 26 29 29 29 6 22 11560 6 23273 5 26 5 14335 28 29 
29 28 28 28 19483 28 28 26 29 29 29 6 22 
29 28 28 28 19483 28 28 26 7576 
29 28 28 28 19483 28 28 26 
29 
28 29 
29 28 28 31 7071 6103 28 29 29 
28 26 28 4524 18498 28 10648 11560 6 23273 5 28 5 4766 26 0 22615 13800 30 29 23351 11560 6 23273 5 28 5 4766 26 0 22615 29 15678 29 29 29 
28 26 28 8995 8840 6 6103 
28 26 28 8995 

