21 10959 6103 662 31 21793 15678 14604 1097 18498 6184 22463 17556 16066 15138 6103 20463 21551 16404 14335 9802 16973 7730 16066 16673 19415 20699 5 6679 22327 6103 14425 16404 21793 7730 20207 28 4 29 12780 4788 20 20 20 5 21 
16393 4672 22318 28 28 
5099 18498 1937 28 16509 
21 15138 3058 15678 19052 4766 15678 1097 4 14539 18498 17438 17556 21551 13483 20852 22318 7850 22657 28 15678 4284 7850 14336 21 
16200 15138 3058 7509 14604 1095 28 28 22318 7850 22657 
18476 28 28 18876 23051 7509 20693 
20238 10217 28 26 28 
8235 10211 28 4690 6103 11048 
10217 28 
13031 6103 28 5 21185 20 20 20 
21 26 11617 22 30 26 26 31 20909 
26 26 26 26 26 1631 26 26 14335 
26 26 26 26 26 26 
26 26 26 26 26 
26 22 20539 26 26 22 30 9971 6103 20247 14335 21 
21 20149 15678 28 8995 7491 4 15658 20402 13688 6103 7301 21 
28 28 18476 23151 6103 20879 
27 7730 2371 28 28 
28 
21 1920 4796 31 28 4 31 22942 20402 19525 7914 9692 20 18498 23016 31 18195 5 21 
21446 1547 19751 1097 4790 1570 
28 28 
21 7850 3962 7847 20420 28 28 28 4 13055 18498 28 28 20402 9193 5 27 21 
22049 7509 2154 11977 7509 5942 18157 7850 19870 22519 
7536 7509 28 20670 15678 26 
23575 7127 7509 28 
7127 7509 134 26 
28 28 28 
20402 0 11212 18525 7491 14539 5 27 
27 
28 28 28 
28 28 28 
28 28 28 
21 9808 7127 7509 15253 4 16404 21793 31 15253 17836 16404 31 9193 21 
28 28 31 7157 8995 6075 
15138 14245 
21 4289 7509 18108 26 4 17819 16440 17989 21 
21 8956 1488 8995 3450 22897 17107 4 15658 264 15299 21 
9833 16475 7914 9634 
26 26 
20402 12861 2371 
21 20402 21282 15678 18498 9620 4 9193 8840 15678 7127 18498 31 28 15281 9901 11686 31 19430 4 349 13042 15678 5431 5 21 
21 6103 352 4766 31 4964 21 21 9743 23135 14539 21 21 26 4 31 16971 18498 9743 16440 7509 4964 20402 4229 6103 21 21 26 21 21 4 20207 28 28 4 15671 20402 21 21 9585 21 21 9736 21 
28 28 18476 12780 17872 8632 
26 26 
28 28 28 28 28 28 28 
15658 17304 6256 8956 191 349 28 28 28 28 28 28 28 15823 6103 19726 22429 3633 29 
28 
26 26 20500 28 
28 20149 13480 2371 
28 28 
31 28 18533 20988 2136 15678 30 10628 16673 20656 
21 20402 18498 21 21 21282 9193 4796 15138 7730 15658 8285 0 21 21 21 
2727 18533 
20238 4766 15678 20693 7847 21752 31 10273 
1247 7509 16971 13909 8810 15253 9808 1247 
4690 6103 11048 30 6103 21739 28 28 395 26 
28 1540 2371 
22318 18498 10959 7509 7317 7509 9193 18533 17751 28 28 
1247 6103 28 
1247 6103 28 29 
21 21 21 560 4 20149 4672 3058 20149 12780 20402 16404 18498 4672 14426 17511 23016 5 8918 15678 16468 4 6509 20402 15678 20191 20 21 21 
28 16971 21 
11555 7509 15756 
26 15803 29 
21 9808 29 31 21793 4 22327 6103 3058 4 15138 18029 7730 18498 20463 6684 20149 18779 5 21 
26 
27 15643 15658 
28 28 15855 2371 21438 288 19854 15658 21596 28 
28 11943 26 
9975 7509 5146 4766 7277 31 20238 
21 8995 22805 28 4 20558 15658 18533 7491 18498 12780 20402 19871 15658 21 
21 28 28 14745 4 8956 26 8995 15138 7557 21 
21 11462 17304 17736 31 9979 6103 22463 9169 7509 10220 6103 22463 1095 18498 21596 31 15941 6103 340 6670 15678 17838 5 16323 28 4 16673 1571 7914 21446 5 15138 21021 21 
8806 5897 9446 29 1549 6103 6070 
20497 28 29 
9446 22429 29 1249 20497 28 28 3633 29 22429 
15577 5 5 5 
21 21 21 15658 20149 17703 4 20402 9808 21 21 21 
21 21 21 11617 26 26 26 26 26 26 26 26 11617 26 26 26 26 26 26 26 26 11617 26 13433 4 26 13433 4 26 13433 26 26 26 14335 26 14335 26 26 21 21 26 26 21 
13909 15502 
28 28 9193 18533 26 26 
4289 7914 3962 6408 6103 15138 21932 7730 7447 7850 26 26 30 
21 11462 31 2154 6103 19726 20402 7914 7603 22218 4 21793 31 22310 22356 17714 28 23575 2154 19726 26 26 30 21 
288 18498 8956 5310 8995 8561 
14236 7509 8525 28 28 28 28 28 28 28 28 28 28 28 
29 20290 6103 30 4766 22463 16377 7509 9585 
29 20290 30 28 
21 12780 20402 15138 20497 4 8995 9620 14539 22463 9956 16404 11719 31 14825 7835 4 14539 18498 6103 14031 9646 21 
26 
1549 26 6103 19726 7850 30 28 22429 
20355 12158 
21 17872 18525 10959 6103 16098 19870 4 31 30 7730 22463 7509 14426 19870 7509 17230 13185 21573 7914 21793 15678 15190 21 
28 28 15678 13905 14550 6103 21793 
26 23384 29 26 
6564 1603 22463 5590 
21 21 21 11731 26 22 20539 7850 26 12863 30 22 21298 26 21776 7509 26 21776 26 26 26 20402 26 7850 26 26 21 21 21 
20238 19726 2154 6103 20327 
3472 15678 9585 28 28 28 28 28 28 28 28 28 
26 19843 
28 28 31 10765 17629 6103 22463 6981 
26 26 648 
15678 11020 13786 7509 9585 

