21 28 4 9193 4 7730 15576 1095 928 21 
16673 17819 22897 28 15678 10405 
21 9193 21282 18533 19900 20149 30 20319 18394 9833 6103 21 21 25 4 9193 15658 9743 15299 15458 9833 21 21 20402 22463 4672 10793 5 21 
21 17838 3370 18498 9193 6472 7850 9193 11824 22942 6103 11570 4951 5 
21592 23274 18103 21 
27 
21 21438 22805 15678 3643 18498 9193 5947 7850 28 4 18476 6103 19324 22805 15678 21 21 14335 20007 20 21 21 5 12062 20402 4546 7850 23537 4766 22463 23180 12610 14335 7491 6 
21 21 12780 6075 22463 23064 9193 23222 6073 5 17458 20402 8561 17908 8956 3643 21282 9193 14924 6103 15390 5 21 21 27 21 
21 15678 14425 17737 6981 1247 3031 1652 9790 16673 14604 26 26 12984 9726 
14425 12787 26 21 
21 9901 15138 9808 4766 21793 31 14469 4 13481 4 26 22 20539 4 3928 4 20577 6103 10462 4 14469 21516 4 9170 6103 16323 18498 18876 5 23135 20402 22463 10141 20463 10141 5 20402 21267 5 9901 15138 9808 17438 21793 18498 21752 22463 21551 16404 12861 5 15708 8 29 21 
21 26 22 20539 26 26 5 11288 22 20539 26 26 20 
23570 9956 4 7730 23570 4842 
28 15658 8995 15036 21 
2725 19094 6 22 
21 21 21 1751 16066 4779 4 7839 31 18553 5 5 5 21 21 21 
21 4524 4 17458 9193 11213 16930 21282 15658 10473 4766 14604 16169 4 14604 17931 4 14604 13473 4 14604 17822 4 14604 4697 4 31 21739 7509 26 4 31 21739 7509 2807 4 15678 21739 7509 13680 5 5 5 8235 29 9743 21793 7178 7509 15190 27 21 
14335 17714 18231 16404 31 20247 6103 18069 7 
21 18784 4 15138 12104 8 30 21 
21 7850 29 1249 7509 9574 
15894 23135 8995 0 
7850 22144 4 1926 31 13566 17872 9193 30 0 21 
21 10765 20 23135 17629 22805 8956 4561 13512 14149 10138 6103 15036 20 20 
7730 4524 4 18525 17304 23174 4 23174 20 753 15678 30 7730 31 2510 7509 2949 7509 30 31 18779 22463 20825 8 29 
26 7730 9193 8 29 
21 29 1249 6103 28 5 
8956 20402 22463 10273 18498 22126 15138 18963 5 23523 7914 18498 15658 21596 5782 4 21793 15190 20336 7850 11011 16404 21787 23013 4 5320 11454 4 17022 4 6075 19699 5 15502 9901 18910 7509 22942 4 7509 9620 6103 21551 4 7509 21935 2087 5 21793 15190 21282 8995 9808 17438 8995 7850 22575 5 
23 4 21551 30 5 5 5 21 
9808 7576 
21 23 28 20931 13512 20 
8995 16468 16404 22318 6679 22463 23570 18400 5 
7730 18533 7491 18498 23135 20402 22463 7509 16971 13909 12094 7730 8810 18498 9193 13055 5174 5 
6679 18498 23135 18779 21793 15678 20463 20826 4 7730 18498 5360 20402 8956 16971 12094 18498 23135 20402 5 
29 1249 4 14604 28 5 5 5 4796 15678 21551 23123 5 
12894 12780 8918 22327 15678 18498 23135 14335 8361 7850 22821 4 8361 17872 21793 15671 20670 20402 22463 16971 14425 4 11509 4 20584 4 20670 4796 20825 7730 4 20684 4 15643 6820 6981 20826 5 7730 991 6103 22327 12861 4 15643 12780 14335 8918 6103 4796 23135 9743 14604 22101 4766 12327 7235 31 17406 6103 9193 5219 2136 1540 871 4672 5 27 
21355 23135 740 15658 21596 16765 15678 18481 20402 8810 5 9193 17304 21596 4181 6103 18498 23135 20402 5 
19900 18498 20402 14336 2164 15658 20402 19703 9193 9193 1027 23135 7730 15643 12780 8918 21793 8956 4672 18498 9193 7491 879 7914 4434 5 
9193 18533 21596 20402 4796 23135 4 18476 9193 21596 29 5 21 
21 23 20262 4 9193 15658 8995 17714 740 5 21 
21 22782 15678 26 4 14604 17819 3906 5 5 5 7730 16673 22886 4 15658 12780 20402 21282 9193 31 20357 9620 5 15658 20402 13006 0 
14604 3906 22765 26 28 22507 21 
21932 7687 17438 22310 28 7730 14335 20357 22463 3446 5 6221 15344 16404 20402 19671 5 8 29 
21 29 5 5 5 29 5 5 5 29 5 5 5 21662 5 
26 5 5 5 
4796 871 17304 16765 4 16468 22463 21551 13667 6981 12273 6103 12301 18498 20402 15678 28 5 
7850 22821 4 20402 22463 1249 5 7730 22463 23570 1249 17438 20577 18525 19900 6408 9193 15658 9743 9193 18191 19576 4 13055 18498 15678 28 15658 21596 15425 12301 20670 12861 27 
8995 21662 20149 20402 22821 15678 18498 7491 6 
21 21 15678 28 12287 31 16971 31 20402 15678 18498 15658 20402 7730 31 9996 23104 7509 10211 18498 15658 23104 21 21 5 
20402 22463 3058 16967 19703 
7730 15658 12780 5320 14604 19522 4 20402 4524 5 
31 23577 4672 18498 12780 7491 20402 18498 20357 15138 9620 7509 1097 18498 17319 15678 14604 26 4 7730 7509 10273 14149 6103 22915 7730 4672 9808 5 
7914 5397 4 6592 18498 9193 14425 1095 21596 14378 6103 2789 5 17596 5741 4766 7847 7730 15658 19900 4 21355 17458 7847 15643 21596 17525 12861 7730 17438 8956 15081 4 15658 19604 20931 11647 27 5 
21371 6592 18498 15678 1114 7730 15678 3870 5360 5 
4935 18498 20402 22821 18498 15678 14426 14924 7509 22942 15658 20402 10278 5 
7730 18498 15658 9387 22463 15678 11111 6103 4853 6103 13598 7914 28 22385 12094 20402 7509 28 5 
654 4 8840 14539 18498 8956 21340 6103 868 20149 18741 4766 15678 14604 10960 16609 4 17458 4 3790 4 8995 1421 3450 4672 1614 18498 21776 18494 3510 20402 6103 15604 5 27 
20126 4 28 26 8 29 21 
21 28 4 16169 5 
4796 9431 14828 6103 22463 12939 15658 22107 27 21 
21 8956 21 21 7851 21 21 8 29 
21 26 26 14436 28 8 29 
26 26 12780 17525 12861 13640 1276 18498 9193 6820 6 16404 21 
21 2371 14604 28 20 7558 1249 4 7730 9193 740 1190 1920 5 5 5 5 21 
21 21583 21 21 26 21 21 6103 21752 10273 4766 15678 20606 7509 16580 5 27 21 
21 18498 10138 
21 28 4 8720 12861 
21 1612 14924 7914 18498 31 5216 16958 17438 23135 21596 9620 1393 2154 6103 12327 7730 4785 31 22805 23222 17872 21 21 4867 21 21 5 
7730 8956 17667 6103 13359 15678 7790 201 4815 5 4766 15678 17607 5 4766 22327 5 
21 20402 21389 9224 4 18498 22805 15678 7509 28 2474 7850 20449 28 7730 16721 21 21 26 4 9193 3472 31 17017 0 21 21 
3790 20 20 20 15678 28 2474 12780 8995 7850 20449 28 20 21 
21 21 21 15658 7802 15678 20463 9942 16404 20402 19671 4 7806 16404 20402 9808 21 21 21 
6103 
28 5 8956 14464 20149 16393 4766 23135 27 
21 17324 20402 5 5 5 7730 9193 10959 6103 20402 4425 5 
21 21 21 16781 15138 17438 15658 19900 1540 5 5 5 21 21 21 
21 8995 6146 4 12780 1540 10323 8 29 21 
21 18533 28 4 
9193 13055 16784 31 5320 6103 18481 1249 6103 1103 20402 4 29 4 29 4 29 5 5 5 15658 9743 11644 5 19900 18498 9193 22318 5174 15658 12638 7850 17819 21266 9193 15658 10959 15138 6103 23135 17458 23135 7491 18498 20402 12787 6103 22463 10672 7509 28 5 22318 288 22463 14489 5 27 
9193 2371 7850 20207 21266 4 23135 3510 7850 14539 19972 18498 9193 7730 31 10765 3224 13026 6103 21 21 22310 8878 6329 21 21 9193 20402 31 30 2371 18498 22834 5 9193 20402 22463 2725 20207 21266 5 6592 18498 7850 22821 23135 15424 21596 12787 4 15138 14466 7509 28 5 9193 22318 16793 5 
7730 2371 4 7509 15299 4 9901 11104 11686 22487 7730 5973 5 7730 23135 472 8678 7850 14604 3467 18476 9193 15658 8995 15855 5 
8995 2371 871 22 8678 22 18498 9193 5219 11139 5 7730 18498 11462 14335 9743 16721 18498 9387 3927 6103 1114 20584 4 18498 9387 1114 7914 20879 4 18498 9387 1103 9172 7730 21793 1612 4672 6103 28 7730 9989 9808 5 
15658 19900 20149 23135 20149 13325 6103 18476 14335 6075 8956 4687 8132 7509 10273 4 9193 23135 6866 22463 14984 6103 4672 20931 16404 9750 5 19703 9193 288 12094 5 5 5 14425 17737 5 23135 14335 6075 7914 22463 1247 4 288 18498 6103 29 1249 5 7491 18498 20402 17872 6075 20855 4 16066 18498 20402 22 7509 1103 22 4 17458 15324 23523 22327 20402 22 7509 1103 22 5 3058 5 5 5 6075 20855 7730 1103 5 7730 23135 8995 2371 4 9743 20463 29 1249 4 4815 1614 340 22327 6103 16936 8 29 
21371 21596 8956 10273 9193 4 7850 20474 21266 4 13325 18498 8956 20402 22463 7127 15138 3058 4 1471 6103 9193 8995 7850 14336 7509 14604 17819 5129 28 27 7730 6103 23135 8995 17703 17458 7850 1249 20201 12780 15128 16404 8632 7176 5 31 10765 20149 6917 4796 20149 15643 13909 20402 9193 22805 4 17495 4 31 22942 20402 15138 13688 7730 9193 15658 19900 15678 18498 22318 22126 16404 31 9193 4 9193 22318 6256 1614 9743 16440 6103 22327 12861 4 14539 18476 22327 12145 22463 11020 6710 5 7730 8995 13909 18498 9808 17438 12861 9 8 
7730 21596 8956 3927 18498 15061 18498 23135 20402 20293 23135 5 
8956 6103 18476 21596 29 1249 6 
21 21 1393 22898 21596 14378 18498 873 21752 23135 6103 9193 4 4796 1095 4 20402 4524 21 21 23 4 23135 15658 14335 7491 13909 8956 4672 4 288 18498 9193 19225 8995 7914 5782 27 
7730 6103 18476 21596 29 9193 288 6 
21 21 9193 18533 7491 18498 22318 1027 4 9193 20402 4796 1095 4 23135 19900 18498 9193 10959 7730 15138 6103 14464 7730 17836 3086 20 21 21 
21 21 6103 6 26 16404 6 28 21 21 2371 8956 6026 
21 21 26 26 13055 20402 4 1612 10620 19952 20 20 21 21 
21 21 15643 20149 8918 6103 9193 21 21 22805 21282 4 9193 15658 8918 8 29 
8956 9193 15658 13325 6103 18476 20402 6 
21 21 12780 2116 7509 20463 20826 4 17324 22463 7127 20149 18779 4 5876 16404 15658 4974 1276 6103 1892 5 21 21 23 20 
7730 2371 21596 8956 1614 4 6103 17556 21551 2116 6 
21 21 20149 23135 20402 22463 23286 5 22318 2685 21793 7127 5 5958 20149 15658 18533 5 7730 1812 7850 9975 5 21 21 26 26 27 
9193 5 6103 21793 31 14469 10141 18498 13055 10648 6103 23135 4 9193 288 18498 8956 1614 4 11462 9743 21793 20357 6 
21 21 7509 14413 18533 15678 7623 4 
7509 14489 31 22821 5 
16630 31 28 21793 15678 28 
18498 17745 9193 1103 21 21 5 
15708 17438 9743 16440 7509 9193 22942 5 
15678 1247 20402 20463 4 9193 18525 10648 20402 9193 5 27 19685 21646 
22318 1027 4 30 7730 22318 6679 15678 14425 7509 22942 4 6103 22821 5 
9808 29 8 29 
18197 5 6 21355 871 28 15658 8995 20402 22463 20825 6103 22805 5 9193 23135 20402 12094 7730 15658 11862 15678 21389 6103 7181 18498 23135 8147 16673 3610 4 23135 20293 12780 16468 17438 7847 6103 3393 8546 5 17458 23135 20402 1920 5 7730 9193 21596 15138 15995 6103 23135 5 
30 5 6 8678 21389 4 18498 6075 14336 15533 7730 9193 15424 22805 5 
15658 20402 13909 20463 1247 5 20402 13923 5 27 21 
21 18498 13512 5 
21 21 8995 6389 4 8995 20402 21 21 27 21 
28 8 29 
21 733 4 15678 18498 9193 8840 16404 29 0 
1616 18498 9193 8840 16404 21793 15678 16083 1249 4 1616 18498 9193 6679 31 21793 18498 3610 4815 5 7730 21371 1393 18498 15658 3610 4815 9193 4 18498 20293 8995 7850 14604 5528 5 
6679 31 2304 13909 7994 4 15678 1114 13909 1762 4 31 23167 6103 13749 17438 1616 18498 20149 20825 7730 6103 5204 21793 15678 9989 9808 5 9989 18498 7850 22821 20402 23228 5 
15678 18498 9193 6679 14539 20402 18498 17511 20402 20584 5 
17836 18476 16836 20149 21 21 8995 22327 2727 21 21 5 17458 7914 29 4 18533 16098 7730 7491 21 21 22327 23570 20 21 21 4 4766 20583 4 1453 5 
29 20402 13512 4 8882 4 15242 5 9193 4 15658 12780 15398 4 5741 22463 29 1249 22327 2727 4 9193 8995 2087 14539 5 9193 21793 19900 18498 8956 5742 21282 23016 18476 31 4672 6075 8561 7730 23135 17629 20149 8744 16404 4730 22327 9193 7842 5 
8443 5 5 5 7839 15678 19525 6103 29 6 
6256 31 4672 9193 7842 15678 14425 18498 17304 5 14335 8744 4 20402 21267 5 7730 12780 1575 8956 16451 1614 16404 662 23479 18498 8995 4815 5 17458 15678 1249 13909 7188 21371 20402 1612 7914 18498 14335 20357 13909 28 5 
8956 20402 15678 15081 6103 9193 5360 7491 18498 20402 22463 1249 12094 20 
7730 15678 9975 5 5 5 23 5 5 5 21596 18498 7491 4 15678 14425 9901 16404 15678 9975 5 5 5 14539 5 15678 18498 14335 21048 22463 15604 1249 9652 
15458 21684 14539 2087 4 9193 18533 14156 23206 16971 4 662 4796 20149 7102 4 9193 23135 14514 13909 18498 22463 21 21 15708 23040 21 21 4 8443 134 21793 15678 13909 19871 17521 30 
9808 1249 15604 8 29 21 
4257 8 29 
21 11462 20402 1247 7509 14604 16976 9726 5 
11284 29 1249 8956 10672 4289 7850 15190 16404 8125 31 22942 6103 21793 6103 21189 7730 835 5 
7730 7914 16721 18498 7850 12760 9193 15790 31 11644 6103 21596 22463 12787 7730 7491 6 
21 21 15658 15253 4 15658 21596 15299 2371 6389 7509 2601 15658 4 21282 4796 21 21 5 18525 7491 18498 11462 9193 20420 22385 1409 17438 7847 5 
20402 4524 18498 8995 7491 12861 17458 7847 15658 12780 13359 22385 4099 5 
3058 4 28 4 22318 6679 22327 6103 3058 5 5 5 18498 23135 1540 31 21787 11181 6134 4 7730 18498 23135 16784 31 21729 4 9193 15658 15138 4 7730 18498 22327 6075 4179 4766 31 21 21 14703 7509 23572 21 21 27 
22318 1027 4 19256 8 29 21 
21 18533 16292 28 5 
9193 19900 18498 8995 22463 17556 8132 7509 11518 4 9193 18533 9743 22463 16630 5 5 5 22463 16630 1920 4 2727 16753 5 
10959 18498 15458 28 4 31 4672 20402 14426 18498 7850 1249 16468 5 5 5 17458 7850 1249 16468 2136 18498 20402 3058 4 9193 1612 22611 16468 7850 19993 15658 5 5 5 
8443 4 16292 28 16066 21739 28 4 23135 8637 19703 4 20402 18498 6075 17872 14335 6075 22463 16620 10748 4 4524 6103 19993 20244 22611 16468 6981 22897 0 
15708 8 29 21 
21 7491 15678 18498 18533 4 9193 288 15678 17653 6103 13909 8 29 21 
21 8956 21662 15658 21681 11066 5 9193 9193 18784 19900 18498 4672 20311 12780 349 30 
21 21 23135 20402 5935 4 7451 7730 1393 14539 21551 4290 6103 17233 7730 11644 5 23135 740 15658 18779 15138 4672 4 9193 7850 10484 7509 20463 5528 4 23135 19900 18498 12780 349 4672 20311 7850 20931 22942 5 4290 6103 8838 4 23135 21596 22463 5528 6103 9128 20 21 21 21 
8956 22805 5 5 5 27 
21 10548 4 10548 4 10548 20 20 8 29 21 
21 21 21 20402 15138 10259 1612 9956 21 21 28 4 20670 28 7730 9193 5 
27 21 
21 3510 4 31 7178 8406 9193 7730 7847 4 20402 18498 15658 14335 1409 21282 17438 9193 5 5 5 
14335 7491 18498 12780 14335 13405 16404 9743 22350 6103 28 7850 28 5 3472 0 
9 8 
21 10648 22463 10957 6103 16292 28 7509 3510 8 29 
8995 17989 16404 15678 28 654 
27 21 
28 26 8 29 
21 15658 4 15658 5 8956 20402 31 28 5 27 21 
31 18020 5 9808 7119 20 20 30 
30 30 17438 9721 12780 30 15963 6 16404 
9 8 
21 13055 4289 15658 8995 6103 15424 13480 20149 12780 16468 16066 15658 7850 7297 5 9193 21282 18533 10548 4 21282 12861 5 5 5 20262 12277 4 201 4 17438 9721 6 22 21 
21 21 21 16169 4 19418 15678 22886 17872 963 5 20474 18498 23016 12780 9743 31 18069 5 
18069 0 18498 18069 0 0 0 23135 8995 9130 0 21 21 21 
21 21 21 22 17931 22 4 9743 17872 23135 5 6663 8995 1920 14336 9786 4 9193 20402 18498 9193 15658 19900 18498 23135 12780 7957 11462 4 8443 9193 9743 5590 5 
9193 18498 13512 20 20402 22463 4067 776 20 15708 20 
20402 22463 22 28 22 5 16404 23135 13325 7509 10765 5 21 21 
7730 2371 9193 10648 22463 6072 21083 136 18498 9743 31 10765 19323 20670 31 11868 18498 21596 7850 22942 6103 871 16971 7730 15424 16765 12861 5 
20402 4 288 18498 264 7850 17939 5 5 5 12780 20357 9620 6981 16753 16976 4 9193 18498 21596 22463 5528 6981 21364 2 15678 21 
21 28 7730 28 15299 6103 9743 12861 4 26 0 
27 21 
21 15855 4 28 27 21 
21 6408 14335 16836 17458 15658 10959 7509 18201 5 
3058 4 9193 18876 8956 4958 20247 16468 21371 5 5 5 9193 20402 16066 20402 19431 5 7730 8995 28 12861 5 5 5 
8235 5 13359 15678 1840 16404 8386 7277 5 
8235 30 4 21776 20244 21932 5 
21 8956 28 20402 22463 23570 20161 27 8 29 
15741 5 6 8956 13566 21793 20402 6103 4672 17872 10765 9743 2136 21252 4 8443 20149 873 18533 753 4 17304 20149 17994 1393 23167 5 21 
9193 21596 5 
21 21 21 18525 20402 13909 20348 18498 9193 0 21 21 
21 9193 15643 7491 12861 4 9193 6 
20474 9789 4 20931 13512 4 4289 13640 8 29 21 
21 21776 18494 6146 31 12780 9743 28 6103 14912 7730 4315 1022 4 17304 0 21 
28 0 9193 18498 13727 20402 8956 0 0 0 
4179 5 6820 6103 21582 15128 8956 10273 6103 16822 5 5 5 
27 9193 23 22942 5 
21 28 4 28 5 8956 9956 16393 8995 23570 4 16972 5 27 
21 9193 7102 8995 9130 4 9193 21776 1614 4 9743 17017 20402 6103 23523 17458 21 21 18533 20 21 21 27 
28 7509 14604 5528 8 29 21 
21 6075 17872 22805 6103 13667 18476 22463 21932 8995 20402 9790 4766 21793 1114 7730 3870 5 16323 28 
21 21 20149 9193 15658 17511 7847 17304 
20149 9193 15658 9743 7847 9743 
18476 16721 8995 21282 23016 7730 14335 13405 7914 20463 
3192 
9193 15658 20402 13909 7847 20402 
7730 14335 1027 21389 1920 18498 8458 20463 18191 9942 17872 
15036 17438 9193 5 21 21 8 29 8 29 21 
21 28 4 4796 14096 31 15970 0 21 
21 11462 20402 7127 16066 15533 6103 15658 19969 6073 8329 15658 4730 31 22942 206 7914 7127 5 
2727 23016 15612 30 15266 6103 21932 16958 4 6103 6474 7730 6103 18983 15678 10122 7 21 
21 28 4 15643 13909 3510 15458 6103 22805 9956 4766 23135 21 
21 21 21 23 5 11462 20402 7127 6103 21972 15678 16888 6389 6103 3962 7730 7599 17872 20402 5 21 21 22463 15108 7850 3344 5 21 
21 21 21 1612 14924 18476 7623 21596 22463 22942 1121 14425 18498 31 20931 21 21 
27 9193 18498 10141 21 
21 21 21 15658 5241 12861 5 5 5 21 21 21 
21 8956 26 4 14335 13325 7509 2154 6103 8794 5 
26 4 26 4 17438 14335 13325 6103 9130 8794 16404 31 14848 16673 28 13229 15678 21 
21 31 23111 6103 22463 16971 4 6219 31 15955 6281 5 
23135 15643 12780 19900 22327 15678 18498 22463 16971 13055 16468 4 13055 20357 4 13055 6679 4 16066 11731 5 23135 4 17438 13909 18498 20357 18498 5174 873 17438 4886 4 15643 12780 5174 5 20559 17458 15502 5174 15424 31 20500 14539 4 18481 13909 1393 16083 5 
7730 20402 17438 12861 18498 21596 18498 19456 31 15936 5 
19456 31 15936 7509 16083 20402 20149 4730 7850 13727 6318 5 
20402 1920 18498 21793 20402 3735 6103 5284 22463 20709 13909 13043 4 13909 11689 5 5 5 14425 5 5 5 5 15658 20402 4766 28 4 15658 20402 4766 28 5 
20684 4 15658 20402 20149 4730 7850 21830 7509 15190 5 
3450 16971 20402 16440 6981 20634 9685 4229 21 21 20709 21 21 5 15424 14466 7730 15424 13909 7 1453 22463 16440 5 
15424 14425 4 15424 17106 4 21282 22463 16440 5 
288 18498 654 21793 16765 4796 22463 17629 7509 16083 16404 18779 31 15127 5 20402 22463 16689 18498 654 18498 31 9907 9980 3510 4 4179 16971 8995 14265 22463 1393 16083 5 
9193 15678 18498 18784 14335 17703 4 20402 15678 18498 8995 9743 4766 15678 16753 5856 5 1612 18498 8995 7914 10220 654 5 18498 740 15658 8386 7277 15678 18498 20402 21 21 15678 20634 21 21 5 7730 15658 20402 18498 9193 19900 22327 4 16066 18498 9193 20402 21121 31 12861 5 5 5 9193 18476 23135 12780 4854 20463 16719 4 23135 17629 20149 13325 18498 7850 20931 21 21 21726 26 21 21 8995 16971 18498 740 8995 1540 4 7730 18498 21355 20149 12442 7914 23135 5 8443 5876 10606 4 5876 16404 15658 10211 22463 10796 6103 16971 18498 15658 19456 31 15936 7509 16083 5 
19456 4 20402 31 8959 6103 22327 15678 18498 20402 3058 5 21 
21 1614 7850 14604 26 21282 21596 10765 6202 15678 15554 7730 15678 15555 4 12125 7509 15955 6103 23174 5 8995 15999 6981 1097 8 29 21 
11466 20879 13030 4751 
21 8840 31 28 28 5 5 5 
7847 12780 4289 1393 29 5 1453 6391 1614 5 27 21 
21 8995 8678 31 21266 21 21 26 28 26 21 21 
3206 7850 13591 8 29 
27 21 
2371 14604 28 18498 23167 6103 3702 9 5 8 8 29 
21 31 11454 349 7148 7509 15576 15860 4 1097 5 
27 18498 14378 5 21 
4796 16468 21389 1249 20244 5174 26 26 0 
21 10765 20 20 8956 26 20402 12094 20 20 20 27 
15502 15643 13909 12780 18910 6103 15658 19900 17994 31 28 7509 15286 5 
15678 18498 288 4 26 0 21 
21 11462 20402 6075 15678 18852 20670 15678 22883 7509 28 16404 15678 14464 7509 8632 15894 9193 21932 5 18476 21623 4 15678 17930 16836 4796 9193 9901 19900 20670 31 28 18476 9193 21596 29 1249 5 
21 21 22463 4619 6103 23572 14335 7491 5 5 5 21 21 9594 5 
21 21 7847 20402 20463 1095 0 21 21 
21 21 15658 4 9193 15658 15678 5174 5 5 9193 20336 16936 4 7730 4785 31 5459 5 21 21 
7847 16367 17438 22463 12459 4 15855 7850 7284 7509 9193 9574 18498 9901 7509 13131 7509 8632 7730 7491 6 
21 21 13055 16721 20149 23135 15658 21596 9594 4766 7847 0 21 21 
9193 9901 16721 7914 4796 8956 4672 22385 20558 21596 15678 11758 17304 6103 22020 22463 22942 5 5 5 22463 10530 5 5 5 15658 19900 15678 18498 9193 8995 9743 11462 4 20149 9193 15658 21596 5459 4766 15678 4619 7509 23572 4 21355 22327 8995 4885 7174 4 21355 9193 15424 18533 20402 17931 4 21355 9193 15424 18533 5360 9130 5 
15658 21596 4796 19900 20149 31 4672 8995 14426 16066 17107 4 17458 560 4 9193 21596 18498 8241 7181 6103 18475 12939 5 5 5 
9193 9193 20402 11043 16673 3610 18498 9193 21596 2136 1614 4 4766 14604 17556 29 5 20402 11043 16673 16971 18498 5174 4 7730 18498 6103 14031 21236 22020 9193 14031 6103 22805 15678 15190 5 20402 11043 16673 17737 18498 9193 21596 5 5 5 16673 20352 18498 9193 21596 4 16673 5782 9384 18498 871 16719 14335 4060 5 17438 1612 16753 19653 4 18498 6103 4179 10211 14335 15101 21371 4 7730 14335 9743 18533 15128 871 4672 7850 22942 7509 16971 18498 16468 17438 9193 5 
15678 18498 9193 19900 4 20402 18498 15324 14924 9193 15658 16765 4 9193 15678 4619 7509 23572 9743 22463 7178 6056 5 
8443 4 15708 15108 5 5 5 20402 13761 18525 23135 20402 5 5 5 7730 21389 16083 1391 18498 16468 17438 2371 4 16673 22942 7509 16971 4 7730 15424 16765 31 7178 18498 9743 5 
22463 3227 1393 1391 8 29 21 
21 7730 2371 4 26 21623 4 31 22915 6103 3629 9901 14156 17872 14539 7127 18498 15678 3960 6103 22463 7509 20931 14426 1095 7730 18498 23135 12780 20402 13858 5 
8956 20262 8995 6075 15138 8561 5 19422 5 21 
10447 7509 28 17872 15658 17525 4672 6737 5 18525 15643 0 
21 21 21 9193 21596 21596 31 835 4796 22463 7563 7 7914 3450 3702 9193 22805 22463 13131 3058 21 21 21 
21 12780 9901 21894 14539 6 16404 
27 21 
21 17211 3211 8 29 
16169 4 15253 4 19224 7850 22915 18498 22385 5876 7277 6103 9193 1614 27 21 
21 21282 7491 13909 22463 4672 6 
15678 5893 19138 11462 7850 26 20402 13512 5 5 5 9193 15678 28 15658 21438 13761 4 7730 12861 20402 14336 22223 5 5 5 17458 7847 21371 15658 23016 17872 15576 5168 1614 7509 28 4 8443 288 18498 21776 4766 20126 5 5 5 21 
21 21282 7491 22463 4672 6 
15678 5893 19138 11462 7850 26 20402 13512 21 
21 13909 1114 4 17438 9721 8 29 21 
21 15678 20743 6073 6103 3962 8995 4766 9793 7509 8923 5 
23016 15678 3610 21793 14482 31 13566 6103 4672 18498 21596 17872 9743 4 9193 2371 9193 14335 12960 1614 7730 15658 9387 13909 15299 5 6 16404 21 
21 17458 15658 8995 6075 13909 17872 8406 21389 7850 28 4 15424 19474 31 21793 11750 7850 28 0 17458 18476 9743 12861 21596 22463 11891 7562 7850 18368 6103 18498 8995 8918 6103 9743 871 4672 9522 11861 5 21 
21 26 14604 13520 4 
12408 155 16404 15678 22883 5 12780 2136 15678 7127 29 29 4 15658 8918 7 
21 8235 4 11518 6103 21752 15678 18394 7509 26 17458 4809 6103 15604 31 4084 1393 13285 7509 21266 8 29 21 
21 7127 16958 5 9193 15658 11862 4 15678 11861 20402 18498 11462 21596 26 26 5 21 
21 14335 13325 7509 14604 16169 6 22 
22463 13860 4 9193 8995 7850 19972 22805 871 21266 4 21793 8995 7599 5 18476 6103 19324 8406 22463 2440 4430 8604 6981 21364 2 15678 7730 9901 20149 6110 5371 21793 31 16395 17521 5 
4430 7730 73 5 5 5 20402 15678 23577 12421 18498 18784 14335 1966 18476 8995 16936 6103 13909 5 9193 14539 1920 4 21582 5426 15678 21 21 8606 21 21 4 20402 2136 31 5695 7730 16647 22463 16246 16404 21582 4734 17872 20402 7509 14031 13909 10766 17521 5 9193 18476 14335 1585 4 15678 22 14975 22 4809 31 23123 7850 9193 7284 20 20 
21582 13749 4766 15678 16246 4 9193 15658 10473 20 20 31 4430 8995 14539 15742 31 8165 7914 9193 20 20 7730 8995 3450 22897 13909 18195 5 5 5 13202 15256 7509 2210 4 5590 17872 18487 7509 14604 16169 7730 4809 31 2647 7850 17478 4796 20149 15658 11284 1022 4 11091 21 21 16169 21 21 5 
20402 2371 18498 21793 31 2367 4809 4 16292 155 31 17478 13909 19871 18498 21 21 26 10060 21 21 4 4766 20018 7730 3618 6103 11154 4 6075 1612 3206 5097 7914 9193 16404 22805 20149 11284 9834 11731 4 22886 18498 15658 4 14335 12960 16404 6389 7509 18487 7730 19969 17714 16404 15678 1987 5 9193 15253 21371 13398 16404 17908 9834 7914 9193 5 5 5 
21 21 15678 18498 20402 4 15678 18498 20402 20 20 0 0 21 21 16169 16836 5 
21 21 21596 22463 4430 2116 6103 9193 20 20 20 21 21 
21 21 30 22 21 21 
7847 16647 15678 16246 4 21752 31 4430 7730 8406 7850 18487 4766 3790 6103 18525 12780 9594 22463 14984 17438 9193 21596 9790 1612 8725 17438 4060 7509 2818 5 9193 7491 6 
21 21 17989 4 21752 5 5 5 30 9193 7599 5 21 21 
7730 9193 9901 4766 1612 20352 6103 18476 31 10765 20402 5758 7730 9901 3702 15286 9594 18498 21 21 16292 20402 14604 11341 21 21 7730 21 21 15253 20402 9193 19169 21 21 5 
28 7730 28 8 29 
23 

21 21 21 8995 4766 19971 0 
8995 4 9193 18394 23 13909 20149 18533 5 
18394 23 0 
18394 21 21 
28 7730 28 20670 31 17111 5 21 
21 9980 5603 9193 15585 7850 28 4 15658 21596 13909 6408 7730 9193 15260 17396 20954 7730 9193 14335 20357 13512 21 
21 23 10606 4 10648 7861 4766 753 6103 8055 4 15267 7730 21 21 19415 10889 21 21 20402 22385 20558 18481 23174 15636 7730 20357 18498 5913 15678 20463 7102 20699 5 
15658 5108 7914 18475 16967 18498 23135 22805 17438 2371 4 15658 23174 17458 21 21 31 13907 12780 23174 21 21 7730 15658 6256 6103 23174 17458 21 21 6103 18475 12939 4 15658 12780 10648 21 21 5 
15678 17819 22358 20444 16404 23135 23174 7914 18525 23135 18784 10959 18498 10648 4 7730 15658 23016 4766 8956 6103 21 21 9193 31 10765 15658 21596 15955 21 21 5 9387 29 3665 1393 17757 4 16967 31 13566 5 1575 7730 16967 15678 21389 6103 22685 18498 18250 4 18201 21596 4843 1393 16083 16440 5 21355 9193 21596 18498 6146 8406 7847 7850 20207 22358 16066 21355 8406 22463 6318 18198 9193 7850 17819 22358 9193 15658 8637 15425 7509 22310 5 
10765 4 8995 7850 11518 6103 9743 21 21 17380 21 21 6256 6103 20402 21310 5 
8995 7850 11518 6103 23135 8361 20463 9943 31 23174 5212 7914 22897 6103 8361 18498 21 21 17382 15425 17769 21 21 5 7730 20149 23135 18533 19900 4 8956 20402 31 10343 9975 18498 31 16971 22564 18476 18533 201 13640 4766 22463 7318 16393 5856 4 18476 7850 22821 15658 19900 6103 15299 5 
19969 6981 4 20402 5856 6103 22821 5 21 
27 20293 19900 8 29 
21 8995 8678 21 21 16673 29 22897 21 21 9193 9193 23180 14480 13359 21 21 16673 15913 22897 21 21 5 
9193 23180 14480 7730 5764 6103 22463 12939 18498 15643 12780 20402 6 22 16404 21 
21 740 18498 9193 22564 31 14426 19830 5 
18498 9193 21596 15678 20853 13909 13512 4 
18498 9193 21596 29 1097 7850 28 5 5 5 
740 18498 9193 21596 23180 2299 4 
22463 3962 4 22463 9634 4 22463 134 20293 18498 9193 17629 7 
20244 1114 6103 15299 22657 5 
740 18498 9193 21596 21551 20670 7 
18498 9193 20402 17872 11685 21793 15678 9971 6103 20247 7 
18498 9193 6981 15678 13727 7850 22144 5 5 5 
740 18498 18363 23123 1393 14604 19030 7 
18498 9193 17304 22918 15678 15190 21793 5 
20244 1114 6103 15299 22657 5 
740 18498 9193 19900 9594 6103 1114 4 8678 4 4897 7 
20244 1114 6103 15299 22657 5 
12621 6103 28 29 1393 7850 28 
18197 5 6 
740 18498 9193 21596 22463 10520 5 5 5 19703 21 
21 8235 5 5 5 9193 7102 9078 22805 15678 7536 7730 9130 20670 23187 7730 19732 16404 15678 13108 6103 10783 6103 1022 4 9193 21776 1614 9450 9193 22942 16972 16404 23135 5 
5 5 5 
17458 9193 1027 23135 8 29 21 
21 20670 21 21 20402 498 21 21 6 
288 18498 8406 15637 3058 9574 12784 9743 9193 14335 20357 498 5 
9193 9901 14335 4229 6103 21 21 14236 21 21 4 7730 9193 5360 1920 2977 4796 20293 7730 14604 17226 10297 5 7850 9971 4 15502 368 18476 9193 7491 18498 9130 7850 22575 17458 9193 19698 6103 17022 19854 4 8678 8561 4 7730 15658 19900 9743 5341 6103 3393 19871 4796 15678 14464 7509 28 6 16404 
6408 288 18498 20402 13786 7850 11685 4 9743 9193 14335 20357 498 4 9193 5360 20402 2977 7730 22463 18381 17018 5 7730 21793 15190 21282 14335 19456 16673 14792 7464 7730 14604 15855 6103 10696 7509 28 5 19703 
2371 16721 18498 21752 11216 9743 9193 14335 20357 498 4 9193 18476 264 15678 16778 7850 15084 20244 8561 15425 22897 4 14604 12487 11091 6103 13667 6 21 21 20402 12861 2371 4 10672 20 20 21 21 11686 21841 6103 14142 7850 10366 6103 21793 15678 16083 12487 7730 22463 21 21 30 21 21 6103 15087 14667 22898 14426 18498 9193 5 
4809 31 10648 14604 18191 7251 4 7730 288 18498 9193 15253 15658 368 15510 2136 11462 4 17458 7847 20293 16836 6 21 21 23135 18784 17304 16162 12861 0 21 21 
654 4 1022 9980 12780 4809 31 21932 21932 0 4 18498 16192 9074 5 5 5 1471 6103 8386 18498 4 6103 14673 6103 16083 14031 4 9193 13055 21932 5 
20402 12861 2371 10606 5 5 5 654 12780 17304 17525 1612 9632 10343 6103 21 21 20474 4289 13640 21 21 7850 28 5 5 5 7730 18910 7509 22144 7914 11538 6103 17031 4 7730 9594 18498 21 21 18533 10548 21 21 20149 2727 18498 12861 9193 20293 9594 27 
14604 16169 7730 14604 12787 13055 1522 18481 28 9193 12780 9901 5721 15585 29 9 5 8 
9193 7730 2371 5 5 5 20402 18498 1022 9980 4785 9193 22942 6103 498 0 
21 21 7957 21932 4 10672 20 20 21 21 21 
28 5966 5 
21 12780 4854 21282 17458 12780 20402 7914 28 7509 5849 5 12861 20402 22821 4 17919 0 21 
21 9193 21438 1614 16721 7850 14425 14031 6103 7491 21 21 9808 1247 21 21 16404 31 28 5 5 5 7847 20402 9193 14425 1095 6670 18498 9193 15424 19900 15678 18498 20520 21 21 14425 1095 21 21 4 7730 20582 22463 9808 1247 22 23040 22 20402 22463 18381 11644 19703 21371 20402 22463 18381 11644 22463 9808 1247 17438 28 26 5 21793 30 13055 7102 21596 9790 12861 26 5 26 
8443 4 9193 15128 6103 11644 7730 15658 12780 7491 21 21 9808 1247 21 21 4 9193 12780 7491 9808 17815 
7730 13909 21409 9193 6582 7850 3962 6281 17872 6256 15678 1247 9808 16973 9 5 8 
30 4 20931 13512 4 22318 1027 8 29 21 
21 1614 20931 10273 19133 4766 15678 22886 7509 5543 28 6 29 27 
18197 5 6 15658 21596 10273 7509 5543 17872 4730 7850 23489 4 20149 873 21596 4 14335 14018 17438 9721 5 21 
16323 16404 15671 
21 20402 12861 2371 15108 5 6408 6103 15138 21932 4 15138 15533 20244 7599 4 15138 1268 7730 22327 13909 5 8995 2371 4 13909 22463 9873 17872 11454 7509 14853 13424 6103 28 5 
20402 29 1249 6103 10796 7730 13909 10796 6103 12979 471 4 7730 20402 1920 18498 12780 5360 17458 21 21 15678 10159 7509 942 17629 8995 254 20293 21 21 20 20 
14604 13520 5 5 5 23135 20444 6103 9365 17872 15138 10765 18498 6820 7850 17819 6472 5 23135 20402 10259 7730 5523 7730 21187 31 21793 5 14335 8361 22463 13606 18498 12780 13405 17872 20293 6 
21 21 15658 11862 15678 18498 349 4 17629 5360 21 21 5 
23135 14335 14265 6103 15995 4 21267 6 22 
7730 15658 9743 11644 6103 22327 15678 18498 11284 6103 3058 7850 10530 6103 23135 7850 15576 10530 4 909 7 16404 4 17458 28 21596 16404 15671 4 4672 22 12352 22 5 5 5 
16323 20 20 
7730 9808 1249 15604 30 
8 29 21 
15109 5 5 5 
21 7730 21596 31 14425 8525 6103 3709 8 29 
15708 19415 4 21739 28 7730 15253 20 20 21 
21 28 20931 13512 20 20 15658 21776 5219 22318 14156 5 
9193 18498 15995 6103 23135 23 5 5 5 5360 1920 20931 13512 8 29 21 
15708 16673 10268 20 20 23135 20402 20497 20 
21 21 21 26 14464 4 22463 16404 7277 4 16083 17872 8933 20 733 7730 15658 264 31 3393 6103 15502 20 21 21 21 
21 27 
21282 19102 14604 6469 16673 28 5 5 5 21 
23 
21 21 21 23016 8443 4 9193 18533 7 
23016 4815 4 14604 1114 5 
15678 12726 13055 20402 4 31 4380 16468 4 
31 10095 1421 7850 3629 5 
20402 21551 6103 3702 5 5 21 21 
3702 29 6 29 
28 7730 28 8 29 21 
8956 7558 8 29 
14335 13325 6103 15643 13909 9743 22463 5942 1393 7419 5 
21 9808 1247 28 13512 8 29 9193 13055 7491 14676 6103 22898 11462 4 9193 8995 8840 31 15759 17872 17525 8956 10273 4 8443 8995 2371 27 
9193 4841 4 16375 6103 21793 31 11518 4 17812 4 12787 4 1095 4 22327 5 5 5 14335 708 2136 7850 21928 4 7730 16098 21793 15678 14604 7630 14539 18498 1393 22898 15658 17769 15138 2031 27 
9193 3014 4 22318 1027 25 5 
9808 29 20 21 
21 9193 21282 18533 7491 18498 18525 14335 713 4766 21793 8956 21298 5 16404 5 23135 5 21579 18104 5168 4 21596 14604 1114 16404 20293 8 29 21 
21 20670 31 2154 6103 15084 6 
3794 12787 20 21 
21 6472 18006 20402 6472 5913 20 8995 2371 4 20244 9965 4 20244 26 4 7730 15061 13788 17872 28 7730 17872 28 4 18498 14335 6472 5 27 
12780 6472 14604 16169 28 27 7730 20149 7847 15658 5913 4 12780 21596 18498 14335 6075 22463 3906 20 
2702 6103 26 21 
21 21 21 9193 19900 18498 9193 7102 11898 7730 13359 8956 21684 6103 29 18352 12526 5 5 5 9193 9193 15658 12780 13359 21793 8956 18352 5 8443 12780 11898 21282 29 7730 7770 16296 5 31 15364 662 5 21 21 
8956 5131 6103 16718 19703 5 5 5 21 
21 20460 4 20402 13512 8 29 21 
21 28 4 13055 6146 15678 18498 22318 6075 6103 17737 6103 1247 8 29 
4443 8956 9956 21793 15678 7623 7509 15190 9193 
1937 15678 21953 4886 4 21267 
7730 7847 740 22564 31 9193 15286 6103 10272 4796 22202 20833 27 21 
21 22 22615 22 
22 5 5 22 
15834 21 
21 28 2515 8 29 
15678 8682 7509 14604 17819 13598 9726 5 21 
21 9193 13055 21596 2136 1733 31 1341 11454 18498 9193 5652 8678 5 1612 18498 7850 8361 15260 9193 7491 21 21 12780 18263 6408 21 21 5 
8443 21179 22463 910 3079 4 13512 7730 3865 7491 18498 20149 9193 21623 9743 31 5600 7730 7142 5 
7730 2371 4 10606 0 18525 19900 7850 18195 2833 5 19703 21 
29 1249 0 27 4815 12861 20402 13909 19871 5 
21 28 4 12780 4815 7850 13652 7509 28 6103 2442 0 
9743 15678 18606 0 
14335 6202 7509 2524 7730 13961 5 
15658 15658 4 22657 5 
3472 15678 11336 4 3472 0 
7509 21266 14604 12787 20402 22463 16630 5 21 
21 15576 9417 6103 18607 
7730 8956 14464 13520 7730 12534 8 29 
9620 31 28 6 16404 5 5 5 21 
21 21 21 16719 9808 9743 31 10765 23123 21 21 21 
4581 12240 19703 
28 8 29 
21 28 4 7509 28 7 
9193 15658 19900 18525 23135 20402 4 9193 9193 22318 1027 8 29 
22463 7127 12780 15458 13727 4 21282 17872 22318 6075 22463 134 16673 16135 5 19703 21 
21 21793 20262 21596 22463 14307 6470 5 5 5 9193 288 18498 6981 22897 20402 3059 14539 
15678 13131 3058 20402 18498 12780 21810 3059 7850 14149 5 6 16404 27 21 
21 28 10138 4 18476 740 3391 7850 14604 4687 5 5 5 8 29 21 
1022 21596 28 8 29 
21 27 
28 5 5 5 21 
21 21 21 8443 4 20149 23135 13359 8956 5 5 5 5 5 5 5 16566 5 21596 22463 7254 1190 879 5 
8995 3058 4 28 4 5360 5 
20402 21267 20 20 21 21 
7730 21596 14539 26 5 26 21 
21 15658 5219 13285 5 5 5 
21282 12780 7491 18498 9980 10648 15678 14604 17737 6103 1247 7509 28 6 9193 18352 7509 1382 18498 7847 15658 5219 8678 18476 8995 7850 21613 1249 5 
31 14425 4672 18498 9743 15458 10548 4 20402 1751 22463 21551 16404 17304 12780 22805 8956 1095 12094 5 7730 5 5 5 3790 4 18498 20126 9193 8995 5 15424 19900 20149 12861 22657 4796 29 26 17458 7850 22821 21282 14335 9743 16765 18498 31 22942 20402 22463 13690 7730 22463 11020 12790 4 7730 18498 12255 31 16971 18498 13909 1027 15424 20293 17304 9901 16936 6103 15671 5 
9193 15678 28 7491 866 20670 12861 6 
21 21 8995 7914 22043 4 31 4672 15658 20402 16404 20293 7730 17629 9193 538 6103 871 16971 16404 5174 7730 753 16083 5 5 5 21 21 
18525 7491 18498 9193 20357 9620 7509 5459 9964 18498 1276 9743 14604 6011 7545 5 19703 
9193 15678 11861 4 20402 18498 7847 5360 13761 5 5 5 7730 18498 15678 28 4 5360 20402 28 5 7730 5360 7491 8406 19703 6 
21 21 20149 31 16971 22318 5174 6103 22821 4 7847 10447 6103 23135 5 5 5 
16066 1027 23135 5 5 5 17458 17872 22318 713 4 21282 28 14539 5 21 21 
17438 9971 4 5219 13285 19703 21 
21 8995 21556 20402 7509 21 21 28 21 21 5 15658 21198 20 27 21 
15658 20402 21282 9193 18498 4687 26 27 
21 28 6 20402 15678 1114 4766 3388 11020 7730 17304 28 28 28 4 29 1249 
21 21596 4181 18498 18476 9193 5741 4 11284 22463 18352 4229 21 21 4492 6008 28 21 21 
20149 13055 15658 11284 5 5 5 19900 13761 4 9193 9605 15138 13800 5 21 
15678 14604 20326 5856 11462 8995 15046 5 
14604 20 8995 3224 15658 20402 0 
21 26 
26 4 26 26 5 5 5 21 
21 15678 6042 7509 7830 7730 7509 11683 20402 13822 873 16404 21582 5449 6103 866 5 
20463 14881 6103 16721 17304 2136 20402 23577 4 9193 15643 20402 21121 15424 12384 5 21 
12787 15678 5 15678 
21 23 20 5219 4289 1393 21551 6103 6679 22463 9808 1247 17872 28 5 
9193 22318 6679 22327 6103 14425 5 6679 18498 23135 20402 15138 9808 5 7730 21371 18533 7491 18498 23135 7730 31 28 10648 22463 13727 13909 18498 8810 1614 7914 3962 8 29 
14539 4766 23135 4516 21582 14335 14265 15458 10273 19703 
9808 1247 20 20 20 21 
21 9193 20402 22463 14464 15138 10138 5 
29 1249 4 22463 4257 7730 9193 17819 22915 5 21 
21 5013 18498 21596 3790 6103 20828 5 
15658 4 15658 20402 21282 1393 22898 5 5 5 20402 14604 8995 15355 5 21 
21 288 18498 4562 7914 22463 6072 26 6103 5588 12832 5 5 5 14335 2322 20149 9193 14156 23135 7730 13909 29 16971 7914 866 0 
15708 5 21 
873 2371 20149 12578 0 
21 21282 22463 2322 8 29 
16404 18525 21596 12578 7914 9743 10535 8956 1249 4 15678 16953 6103 16630 6103 12842 7509 21440 7509 22882 12780 2136 21649 7127 29 5 
18525 21596 5942 15678 29 1249 7509 15260 4 7730 21596 9790 22327 10476 7730 15260 7850 19415 18449 4 9901 2027 1393 28 23135 10648 2136 29 6103 3083 5 
18475 7728 20402 21282 4229 7 
26 26 
21 18476 9193 9605 20670 21 21 3219 9193 15860 21 21 4 31 10606 21793 5652 19698 7730 7491 18498 21282 9193 8474 4 16066 18498 21 21 4424 9594 4 15860 15658 7990 13759 21 21 5 
9193 4 8995 15855 871 10273 7509 1249 16468 7730 8147 8956 5 5 5 
20402 22463 7509 14426 28 6 22 
15678 15860 17304 15658 7990 13759 4 9193 18498 3219 4 3219 5 21 
21 21 21 9193 19900 18498 15658 2631 20559 13909 22463 22897 
7491 11617 26 26 
2136 14539 17458 11617 26 26 15643 20730 2727 
15678 14604 12327 20402 18381 21 21 21 
21 873 14335 2723 5 15424 368 18498 8956 20262 201 20 20 
26 26 20262 12277 21 
5 5 5 27 
21 22 14792 21 21 8956 10273 9901 15138 19854 20 
9193 5 5 5 26 20 20 27 
21282 30 26 16630 6917 16500 28 21 
21 21 21 9193 5947 20931 10273 4 3086 16066 15658 5 17458 9193 22318 1027 21 21 
26 28 5 
15708 5 5 5 9193 21371 22318 1027 8 29 
27 21 
21 4766 20828 5 20244 20828 5 17705 5 7728 5 
9193 17629 7509 14604 1097 1614 16936 5 
17629 6103 136 6815 7730 6103 3211 6103 4713 5 5 5 19761 0 
21371 18533 9193 2336 4 15678 14133 7730 15678 22805 5 
8956 12726 8995 13909 20467 18498 15678 16083 5 21 
21 23554 4672 3086 20 
29 26 21 
21 21 21 11617 7585 22 21298 26 4573 26 26 5 5 5 5 5 11617 7585 22 21298 26 7850 7850 7850 7850 11617 14796 26 2384 5 5 5 7850 7850 7850 5 5 5 21 21 
7 27 21 
21 21 21 18533 22805 4 16083 22897 4 20463 15860 6103 15533 20412 29 21 21 
28 7730 28 20 9594 18498 9387 8956 15286 20 20 27 
21 9010 20402 15678 17576 5 14798 28 28 4 1340 7847 20402 16148 5 
7576 16468 4289 7850 11685 16404 8350 7730 7847 8995 5459 16066 21582 4766 14604 16500 5 7847 4289 7509 28 11284 17556 21551 7730 740 16689 4766 15678 28 5 
4809 31 8130 6103 16836 7730 31 5320 20670 9193 23167 6103 5174 15678 28 19703 
15678 14464 4809 31 4289 16404 8350 7730 15576 16500 17629 19969 16404 3348 873 5 9193 1276 6103 19969 14335 18344 16404 22463 13131 7730 7491 6 21 21 5876 2727 7509 23051 18498 9193 13055 23151 21 21 5 
15922 20 5876 20402 4766 31 10765 14539 19703 
18344 15678 16500 9244 16148 14798 28 16404 20336 4766 31 10765 4 8414 22463 16493 4 7730 8125 7847 6072 11546 12866 18498 21282 18525 15005 1614 19900 5 21371 8125 7847 7509 3870 21 21 13424 6103 12990 21 21 18498 21282 18525 9743 16440 8386 19703 
7850 4785 7847 8995 21793 21267 5 9193 7850 9971 15424 5219 9743 17497 16404 31 10273 6103 21389 19698 4766 31 10765 22805 21282 27 
7730 7847 10959 21389 6073 7730 6103 15671 18498 1022 23151 16404 6075 22463 9130 3370 5 
16404 18525 18533 12780 7730 5174 8956 9927 12094 4 20402 1022 7509 29 6 29 1393 29 6 29 5 1276 21596 5211 16404 18525 18533 5 7730 6408 11284 918 
18197 5 6 7847 16630 9193 13693 4 10861 7730 1398 8060 27 21 
21 28 4 28 5 15855 31 10273 
23135 1755 5 740 2727 18498 20402 14604 1097 27 21 
21 29 26 26 29 22805 15678 2655 6103 3763 7509 13520 28 7730 28 20402 15138 13278 20 20 
7730 740 4766 31 17743 7509 14604 14062 4 7730 7509 14604 16169 8 29 21 
27 15658 20402 21282 9193 18498 16721 12861 20 20 
20539 5 5 5 
21 18476 9193 21596 29 1249 4 17229 4796 8995 14604 10530 4766 29 5 
4766 29 9193 21596 15138 13909 7509 18498 11284 17229 5 5 5 
18476 9193 21596 29 4 17229 4796 8995 1393 29 5 
1393 29 9193 13055 21596 15138 13909 7509 18498 16630 16404 29 5 
4766 29 5 5 5 8995 22327 22385 16816 5 15658 14335 13325 6103 21596 9790 17233 5 
17495 4 654 4 1393 29 4 21596 4672 18498 12780 15138 991 7509 18498 20149 18533 17304 21596 17229 5 
28 13512 8 29 21 
21 27 21 21 491 31 3450 5951 21 21 21 
21 26 21 21 1095 26 21 21 20 20 21 
21 13462 5 23016 7914 15540 7509 14853 13424 6103 28 2322 18498 11462 21596 5893 6103 12979 20 7730 8995 21793 5474 5 5 5 
17304 12780 12979 6103 21793 31 11636 6103 29 1393 29 1249 22 16066 13909 22 5 21355 20402 15678 23575 5893 1276 7509 15576 5168 4 18070 15658 12780 21596 5893 6103 12979 15266 18498 23016 17458 8995 15781 5590 7730 17125 4766 15678 17716 16404 21 21 31 9867 21 21 5 
8443 23016 4 7730 16429 5 21793 20402 15138 2727 22986 5 
3058 13860 15678 
8 29 21 
7 
21 13014 4 13014 5 5 5 23135 8995 3610 19871 6103 13909 5 21 
21 6097 23135 4229 20931 17812 28 6103 21 21 28 21 21 1449 18498 7847 1027 16673 17819 22897 20244 18533 8329 8995 15855 7408 17872 4122 5 7730 7847 22318 134 4766 3790 6103 1114 6 
21 21 2339 23135 14335 4229 6103 28 20 20 21 21 
23 22765 5 5 5 20402 21282 17667 6103 9594 15678 21 21 30 21 21 4 21282 17667 5 5 5 21 
7730 18525 20402 18498 12780 14335 6075 22463 3618 6981 0 23 23 0 
21 21 21 4766 22318 15256 4 20215 2727 31 9193 29 21 21 
22463 7509 13697 13909 13520 5 5 5 21 
21 28 4 16066 14425 4 16169 5 9808 7127 7509 11474 2087 17458 21282 6592 18494 654 18498 7127 29 6103 13014 20402 7127 7509 11474 5 
15708 17438 22327 5 5 5 23135 20402 15678 14425 16169 7509 15190 7730 31 23577 16971 16404 18525 20402 18784 11861 6679 22463 9808 7127 7509 11474 5 
22318 1027 15138 8 29 21 
21 1575 8956 4554 6103 1114 16404 19604 5 5 5 
9193 5 20244 17955 8 29 21 
21 6 22 6103 
12861 14335 13325 22463 22897 18498 18494 1414 7509 15253 17458 9594 18498 15678 1679 6281 20402 10300 5 27 21 
21 11462 5 5 5 2727 5 21596 22327 16404 15658 20402 22463 7127 3058 5 9193 13640 4099 4 352 4766 15678 20749 23016 7509 12899 7509 19972 7278 7850 14604 19800 7730 9193 14604 16296 6103 11454 15355 18498 3510 7850 20828 13026 4815 7850 13860 5 7730 20539 4 18476 352 4 21596 20749 4 21596 6014 2352 4 21596 15653 7613 5 5 5 21596 22327 6103 13512 5 
19900 1612 28 7914 18498 23135 20357 31 12446 9305 0 
17324 20402 5 5 5 9 5 8 
21355 20402 17438 4060 7509 9971 6103 13909 22463 7297 6981 20262 18498 16393 15658 21623 15643 5 16066 21355 20402 17458 20402 15533 6103 20474 9789 6103 22463 20247 9522 3698 5 
16066 21355 20402 4 740 4 17458 21776 20244 7599 6134 6670 15908 9193 4 4766 22463 20319 12094 6103 21 21 20402 5219 20 21 21 5 
7730 20402 12861 5 5 5 5219 20 30 
15678 18498 0 9193 15658 19900 5 5 5 15658 9743 11644 5 5 5 9193 22942 740 8995 22463 2429 5 5 5 9193 7850 14336 6103 22463 2429 31 10765 20293 8147 21389 4672 22664 16784 5 5 5 15658 20402 0 21 
21 15855 31 10273 18498 8147 28 
20331 7850 15215 7509 28 5 27 
21776 4766 20126 6103 23135 4 18688 20 8 29 21 
21 22579 7730 20463 20352 12549 5 5 5 8 29 
28 20402 13909 1114 21 
21 5505 21282 20444 17872 9193 10648 22463 1114 17255 8 29 
21 20402 9743 17111 4 18476 23151 4 21438 29 15678 5 15678 
27 21 
21 7509 21551 6103 19839 
19249 18498 31 10765 8147 18476 6146 1820 15678 18487 19703 
15855 21282 28 20 20 30 7730 30 7847 20402 2727 16753 7730 18494 15658 1421 7850 10273 
18197 5 6 9193 15256 4766 1265 4 4796 20293 5 21 
21 21 21 23 9148 4 15658 9901 1920 4 20931 13512 5 5 5 21 21 
15612 4 29 5 5 5 29 1249 5 5 5 28 5 5 5 3058 21551 27 21 
21 28 5 5 5 4766 21278 7509 29 17495 4 1393 29 6 
21 21 7127 31 7127 4 23135 22092 6103 4809 31 20149 8386 4 20670 15678 18498 18533 7730 15678 18498 15658 18533 5 20931 15936 20149 21858 13909 10259 5 22805 15678 18498 15678 16083 8995 9743 7730 20149 8147 13010 22463 17556 13909 7509 18498 15678 15558 4 17458 4 6103 19324 4 23135 21596 4187 13266 7914 20931 22942 7730 434 4672 31 20931 13566 7509 18498 20402 248 7730 7509 18498 15658 20402 5 1393 22898 4 23135 20149 20357 10753 7730 12714 4 16083 1453 4766 14378 7730 5150 5 21 21 21 
20126 26 26 8 29 27 
21 29 26 7127 29 29 2087 9193 19900 22463 7127 21 21 9808 21 21 20 
21793 15190 9808 7730 5335 4 14539 21596 352 6103 21 21 13860 21 21 16404 1820 31 11685 16404 15678 21 21 18114 21 21 5 
9193 19900 13761 5 5 5 9193 9743 16673 14466 22463 29 15266 18498 8956 14464 15658 16404 6103 14335 8361 13606 20670 3870 4 1103 4 1114 4 10268 4 5107 7730 20670 22327 10547 134 30 
8 29 
18197 5 6 8995 9620 10765 7850 10273 13640 21596 22463 4796 21793 15190 5 21 
871 7509 14604 13520 1097 7730 16399 19900 14335 7491 4796 9743 16404 963 16066 8060 22463 26 0 
21 21 21 21810 18498 15678 28 15658 16784 5 20149 16784 15658 12780 21596 4372 20474 4 12780 21596 18069 4 21932 4 4214 4 15678 28 12780 16784 7914 3962 4 7730 12780 201 15678 15190 21 21 21 
21 20149 15678 28 16784 4 21596 18069 20474 6103 6 
12780 28 20 
21842 1393 13688 21 
21 29 26 26 29 3348 31 28 7850 21932 7730 20149 8125 6103 10412 4766 13904 20402 4766 4181 15678 17406 951 7509 20247 
6408 18498 31 10765 5741 31 4672 15128 5 5 5 31 21412 2156 4 15678 21551 8178 4 7730 7850 14336 6103 22327 12861 4 21282 14539 22463 1114 6981 21364 16404 14335 9743 13325 18498 15658 11862 15678 1249 4 31 28 4 31 23151 17438 2371 31 20402 5 5 5 20293 21596 16404 18525 23151 5 20293 21596 8956 134 6103 12787 16404 5320 5 8 29 21 
21 19224 10606 5 5 5 19224 5 22327 9901 2727 5 5 5 19224 20 20 
16066 21596 18498 12780 2371 6075 22463 21301 7850 3790 6103 23135 0 
5 5 5 5 13055 9594 5 5 5 7850 26 5 21 
21 29 26 26 21 21 17872 15671 4 21793 1114 7509 15190 6 21 21 
28 7558 28 23151 7509 17583 7599 17458 15658 19440 5 4796 15658 15036 6103 1114 0 8 29 21 
21 29 26 26 17583 7850 21 21 12726 21 21 5 22657 20866 7730 19830 6103 22805 5 20402 4524 18498 14335 19283 22463 21908 4 7730 20402 4524 18498 20402 15138 9808 9 5 8 21 
21 21 21 23016 14604 1114 5 31 10095 8995 7850 3610 5 
23016 14604 1114 5 23016 1190 4815 5 5 5 21 21 8 29 21 
9193 7730 15678 13424 
21 654 4 9980 22463 21551 13591 16404 8678 20670 31 13514 18498 20402 15908 5 5 5 5 7 16404 
9193 18533 17304 662 16973 31 3450 16971 4 7730 7491 15678 18481 22327 15678 18498 349 20402 8810 16404 9193 5 
21 21 14604 14464 31 21 21 4 23135 20402 22463 13520 4 7730 14514 15138 15138 13909 7509 18498 9193 17511 15812 5 23135 19900 4 20402 9128 4 21793 14604 7251 20149 19617 7914 2846 23577 27 8443 15658 21596 15299 31 15812 991 6103 21793 14604 1114 5 5 5 7730 17511 7491 18498 1027 23135 7509 10484 7509 14604 5528 5 6 22 8 29 
8956 10273 4 21752 16673 13512 7509 28 4 11719 15138 2727 14604 9971 6103 20247 27 
15138 21729 4 15138 8003 4 15138 21 21 14378 21 21 0 6103 8561 866 5 5 5 
9193 21793 15671 8995 6103 16323 20 20 
654 5 5 5 5482 5 5 5 
9387 16971 18498 3702 14425 18498 9193 4 18498 19133 14425 18498 9193 4 18498 7286 22463 5893 6103 12979 14425 18498 9193 5 5 9193 15658 9387 15502 18498 20402 22385 3058 7850 28 6103 12716 3855 20 20 27 
17304 19698 4 20463 2981 26 5 26 20402 13512 2136 8401 31 3790 5 27 8995 16367 5 5 5 
8235 4 15138 15708 17438 22327 8 29 21 
21 12780 5320 20670 31 18069 6103 28 6103 11462 5 
15585 15658 12780 21596 5 5 5 9193 4766 4181 15678 17930 12780 1027 14604 6719 7509 8733 4115 4 7509 5851 7509 21063 7730 7509 28 18498 9901 15855 31 28 7850 11522 1393 21063 30 28 5 5 5 30 5 21 
21 14604 28 8995 6542 7730 15658 21776 5219 2124 5 
20402 22463 23570 14924 16404 14604 1097 13520 7730 12094 6355 15678 1114 17438 9193 14335 13480 16066 14018 20658 5 2702 5 21 
21 28 5 5 5 13640 23135 4 20149 21898 4766 5459 1341 0 21 
21 472 31 23051 7509 13520 28 7730 28 15908 
19125 31 15138 3031 6103 10441 4 18374 6103 18512 7730 5955 27 
1027 23135 8 29 21 

