20293 3058 8995 4766 23135 20 
22240 14441 17438 3906 20 
12901 9790 4766 15138 1114 20 20 27 
8995 9431 20 
21 6679 31 21793 22463 9324 29 20 
18498 20402 22463 1249 19342 6103 835 4 15138 21021 7730 22327 15678 18498 20402 6103 14425 20 20 
9808 1249 15604 
21 
28 7914 9634 
21 30 17438 9193 20 
26 21 
15855 21282 4796 13055 8995 
15533 8810 4766 16971 13909 8810 740 20 
17304 12861 28 0 0 
27 
7730 26 7509 5 5 5 12780 14018 22463 6981 11462 16066 15658 0 27 28 28 
21 22657 21726 20 
6408 6103 29 1249 20244 12960 13055 21596 8918 6103 4796 20402 3058 21 
21 13055 9594 17872 10122 7850 22137 20 27 
28 11558 21 
27 
21 15341 4 17304 12780 1264 9193 5320 2507 20 27 21 
21 27 
13717 2625 20 21 


21 28 11558 
28 18670 28 
28 28 
27 
17819 7127 11300 21 
21 28 28 
23032 20 
425 7166 27 21 
8995 9431 
21 27 
28 
28 28 28 
27 21 
21 29 23274 29 28 0 
17304 12861 28 0 0 21 
27 
13909 13055 0 0 
21 6564 7914 16580 5 5 5 
11020 12959 9901 7850 14450 7509 10546 6103 10523 21 
14823 20 
17960 7509 28 5013 4766 21021 20 21282 18498 15658 27 
28 28 14975 28 5701 29 28 18670 7850 11518 18498 17629 20293 1421 22657 2070 5 5 5 14425 12960 7509 1249 20244 7693 20 
21282 31 28 12578 20 20402 20402 22190 
21 27 15855 15678 10216 7509 18374 
9743 17998 17872 28 20402 30 11284 21 
28 11558 
27 
14604 15677 27 
21 28 28 28 
8956 14076 7509 16352 27 21 
21282 29 26 22463 9784 0 
28 11558 20463 30 12787 20 27 
21 29 17413 7850 3938 5 5 5 
11731 20149 9193 10648 17872 20402 22386 6103 21 
20495 7849 20879 12910 17426 28 9634 7730 1097 9833 
20495 7849 20879 12910 17426 28 9634 7730 1097 9833 
20495 7849 20879 12910 17426 28 9634 7730 1097 9833 
21 15855 15253 20 
9193 19900 9743 26 20 20 20 27 21 
21 18772 28 6075 2154 6103 10523 20 
30 18964 4766 29 10916 7914 22463 26 26 20 20 
12780 18772 21 
21 9769 31 15533 20 29 5 29 
1696 8208 17872 21649 21 
21 9193 13055 12780 9594 18498 15538 27 
9193 9193 13055 4796 18374 4766 35 27 21 
21 10916 20 20 20 20 20 20 20 20 20 
28 28 20 20 20 20 20 20 21 
9193 17629 15138 6981 21480 20 20 
14335 1788 6103 15658 21596 12780 7850 28 18498 
21 2710 17939 16849 0 0 
27 
9193 19900 7384 21 
17211 4766 15678 16972 7509 22481 
1247 7509 28 7850 1682 
27 
21 13055 15424 6075 22665 
654 9901 13662 27 21 

21 23 18498 4672 19854 20 
27 21 
21 15846 23 
20402 22190 20 21 
21 27 
15577 12861 20 
9193 14335 6396 4766 8956 17595 21793 7127 21 
18498 10183 
28 20 
22463 1995 6103 11510 4796 9010 14514 14604 19456 
27 
21 9193 
18498 20126 6981 21 21 3228 21 21 
27 
9193 13325 18498 18476 15658 21596 9934 
9193 12780 29 22898 20202 21 
27 
21 9193 19698 27 
8956 20402 11581 21 
21 27 
7730 9193 288 18498 20402 22463 22369 21 
16057 
21 28 11558 28 18670 28 
16936 6103 23135 8956 3790 20402 9903 27 21 
21 873 19900 15678 15081 6103 22463 26 9743 5298 29 13090 17438 13581 6103 10688 0 0 
20149 9193 19900 21596 4913 22463 30 21 
9539 
21 27 
21739 7557 21 
21 20867 4766 15678 16972 
7730 15678 28 7831 4796 15678 2358 21282 20 27 21 
18498 21662 14489 20 20 20 
21 21282 15658 8386 15678 17458 7509 28 28 15678 5 15678 21 21 21 
12780 22190 20 
27 
21 12780 7850 12780 7850 12780 7850 5 5 5 
12780 7850 6103 5528 20 
12780 20402 28 12780 20402 28 12780 20402 3625 20 
8956 21726 19418 8995 18533 15061 20446 17872 4284 20 21 
5764 27 
21 288 18498 8285 22463 29 13080 6103 21389 4796 15458 9867 20 27 
16323 1393 15987 21 
21 9193 
18533 22463 23162 17872 16967 0 27 
21278 7509 19153 7521 
7850 4785 20402 7188 14539 5 5 5 21 
14018 2727 27 
27 
27 
21 16209 14539 5 5 5 
16784 29 12963 20202 7730 6408 4730 31 5891 7850 20666 27 
4346 28 21 
21 10916 20 20 20 20 20 20 20 20 
7509 12872 20 20 20 20 20 20 20 20 20 20 20 20 20 20 20 20 21 
1614 8995 15678 14604 9956 7509 28 5 8147 15678 20463 7914 11561 6 28 5 4766 26 28 11617 29 
27 
21 13405 31 5758 
17872 21810 20866 27 21 
21 22463 6781 6981 21056 15678 15540 7509 4964 12526 7509 3172 7850 28 5 5 5 
6097 5891 15678 12910 17438 15658 10959 6103 3172 6408 5 5 5 
15138 7312 7102 20149 17573 4060 6981 16209 22636 2371 
18498 15658 18533 21932 4766 7206 
21810 18498 11649 21793 20 
2510 6103 22632 18498 18655 9193 21596 6103 10765 1920 5 5 5 21 
21 28 29 23274 29 22190 7509 28 4 15678 9632 7730 11025 20402 28 30 
1843 28 28 18498 9743 10916 6103 22327 26 20402 12939 20 
12780 21810 7850 5859 28 28 28 20402 20237 21 
21 27 15855 30 349 18476 4730 22463 5758 15658 3228 18498 7847 10959 20 
26 26 5 5 5 9193 288 1614 8443 8995 22657 20 21 
8956 20402 15678 9942 7509 14604 4284 27 
18498 9620 9743 14604 26 
3960 20 
27 
28 28 20 20 
15855 31 3790 7509 28 27 
20402 18498 8995 3058 0 
21 16323 22190 20 
1471 7509 8011 12960 4766 18737 4 23167 7730 7071 
1920 7509 10959 6103 1937 20 21 

