21 21 21 9193 22805 21793 31 9193 5527 7914 8908 4 7148 7509 14604 15860 5 20242 4 13539 18494 13688 20402 8583 7850 9193 10366 21 21 
28 28 21 
15533 7509 26 
16404 
9968 29 
21 15562 9193 9233 9594 6103 1962 7509 11205 5 17658 14096 22463 17509 6013 2136 21596 7944 20670 15678 21535 7730 4 14539 1920 4 15658 5652 9487 9193 11644 7914 22463 18264 4 8423 871 9707 18886 14514 4795 5 
7286 17438 28 28 4 4766 22463 16047 6103 29 14676 6103 13456 4 20402 29 14676 2504 16673 18191 9922 4 21 21 26 26 21 21 16179 22507 19563 15678 29 7509 11454 7509 8394 7730 7509 5505 7509 15190 5 4766 22463 7865 17835 6103 16958 4 10120 7914 22310 16918 17835 6 28 28 28 28 4 5241 22463 7509 13905 2077 7509 28 4 28 28 28 28 4 28 26 7730 28 26 28 28 4 26 26 4 6006 6103 965 5 
15678 9956 20402 7914 9087 9193 8974 22507 15459 9971 6103 20247 4 1767 1453 26 29 4 29 5 31 15704 20402 22463 10297 21389 4802 4 4766 15678 6964 7509 18449 4 18481 4766 31 5856 4 18876 14149 7903 5 7850 16192 7509 26 26 28 21726 6 22463 7509 9956 13909 11875 6103 20402 1937 7850 11454 18886 5 22463 11397 5579 18498 15658 20444 15424 17872 6075 19699 5 15678 26 26 15658 20402 14466 9200 1393 4531 4796 9351 4444 5 
7914 14336 31 8956 4156 6035 6103 22463 14391 20202 17438 22463 15704 18498 8078 26 4796 22463 9365 6103 28 4 15678 18498 10795 19094 20402 6 20402 18498 15678 3009 9790 16673 4419 8978 20402 7847 15081 17438 22463 20352 6103 1335 4 20402 17438 22463 15293 4 20402 17438 6815 1393 10523 16066 20402 17438 18475 16083 18736 31 22463 7509 15989 13909 17307 7730 22664 7730 21371 5611 4 7509 15190 4 15770 7850 28 0 13253 12922 4 23382 4 28 5 5 5 8235 4 8725 15658 9620 4 7850 8377 4 18470 15678 13284 7509 16587 7509 10523 0 18497 9145 14987 9605 13055 18498 15658 20149 9743 5505 7509 15190 4766 11543 4 2848 10691 18476 15658 7043 7509 4656 18449 4 22463 9648 10982 31 19404 4 3009 1393 3129 5 21282 14335 19509 21810 871 4927 6103 20803 7730 5360 31 23104 15459 457 15190 15604 20 21 
21431 28 26 28 28 
21 31 15835 28 
17737 16404 15678 28 28 21 
19228 6103 28 
21 28 28 22 20539 26 
17737 16404 28 28 28 21 
7850 26 26 
15503 7509 1114 
16404 
21 28 28 4 31 15209 7509 28 21 
7 
26 
21 21 21 20402 26 26 26 26 26 26 14335 26 21 21 21 
21 11617 22 30 26 26 5 5 5 26 5 5 5 11617 22 30 26 26 26 26 4 2384 2384 2384 20 21 
26 7 
21 21 21 8329 21596 22463 6679 4 21596 22463 18736 16404 23104 5 31 20116 20402 31 15041 5 21 21 21 
21 15678 4581 20782 11905 4 21431 21 
21 26 26 
8933 16404 31 7277 
21613 9934 6 6283 7509 4662 4 28 15678 22632 4 16404 5 28 4 16223 4 21298 5 28 4 28 4 9542 5 26 26 4 23239 5 28 4 28 4 18610 5 26 4 28 5 
20207 9934 6 16404 5 6123 4 13800 5 28 4 23239 5 28 4 28 4 28 4 31 5 28 4 13098 5 28 4 19699 4 15658 5 28 5 
17819 9934 6 28 4 16292 4 21739 4 28 4 31 5 28 4 26 26 4 7614 5 21431 28 4 23135 5 28 4 28 5 21 
28 28 6103 28 
14984 28 28 28 
21 12876 5 28 4 23351 5 28 4 12876 5 26 4 7730 5 28 4 7730 5 28 4 26 26 4 6103 5 28 4 13800 5 28 4 18610 5 26 5 5 5 21282 17304 20402 31 28 7 
7730 23135 4 28 14212 4 28 28 4 28 28 5582 4 17658 18470 0 21 
21 21 21 5 5 5 
26 26 26 12863 26 26 26 
26 26 26 11617 26 26 26 
26 26 4 26 12863 26 26 26 
11617 22 30 26 4 26 26 11617 7585 22 21298 26 
11617 7585 22 21298 26 21 21 21 
3330 20 20 20 
21 28 28 4 21582 9743 22463 6981 4672 7509 18195 4 1393 12755 22897 6103 9193 8344 4766 31 17377 20 19703 21 
21 7730 2371 28 28 7730 28 28 5582 4 26 26 7730 28 28 13030 4 20402 10131 16066 10135 0 21 
28 28 20402 1920 14539 15658 20402 0 27 
21 28 7509 28 28 19969 15678 19522 7509 28 5 7730 2371 4 16468 0 21 
21 21 21 5 5 5 26 20402 26 26 26 26 26 26 26 
26 26 21776 26 26 26 4 26 26 21776 9971 6103 20247 26 4 
26 26 21776 26 26 26 26 11943 26 26 26 26 
11943 26 26 15803 28 26 26 26 13433 5 21 21 21 
4369 10630 20 20 20 

