23 5 5 5 5 
2031 19415 5 5 5 19703 5 5 5 7957 9743 22463 21662 4766 31 28 0 14335 2322 20 
13727 6361 5 2022 19854 5 13325 6103 15658 23016 13909 1614 20 
14799 6 16367 6103 17898 20 
20402 9808 16066 20402 9808 7850 11518 7509 3488 7509 21409 0 
21 9324 20 8429 5949 4 15697 5 
7850 9975 4 9605 7509 3962 6103 28 4 15658 5018 4 9193 8235 5 5 5 15678 19508 9010 4649 5 21 
472 
14799 5913 5 1207 1095 13512 3962 7509 15311 
19973 6324 5 
28 
21 15678 13909 12577 17872 9193 20402 18498 991 6981 4799 4 7847 9743 16083 4766 14469 10259 7730 20558 4 4796 15678 7509 14464 18498 20402 482 7730 15678 7509 19426 6103 19071 7914 9634 4 8995 2371 5 5 5 30 10959 20 
15678 14196 8995 14018 2727 7730 8995 15188 899 16673 12939 5 5 5 21 
20670 15908 5 5 7517 6103 16630 5 26 7730 17438 9594 7914 20471 5893 5 5 5 5 17458 23104 9743 2727 5 
21 9193 2336 21596 15138 13056 4 21282 22564 7850 16962 5 18525 1540 31 15970 7509 17230 1920 0 
7850 9193 23523 5 5 5 5 17281 4 740 20402 17230 5 5 5 5 11644 4 13056 7730 26 21596 256 7730 2196 20402 20369 20 20 20 21 
28 
22463 18494 2484 5 5 5 7914 22463 21487 26 5 16404 5 20539 5 15658 20402 15678 14604 20 20 20 28 18487 9034 9901 3058 17872 10273 5 
8840 31 16630 4809 5 5 5 3959 21928 
22886 7509 17438 7509 20749 7850 21932 5 9044 5 17868 
21 22767 15252 7509 14178 16404 29 13090 5 5 5 5 12202 7509 15150 5 5 5 5 18533 10657 20931 9704 7914 23523 6103 1806 5 
15678 13909 13512 15658 15855 17872 10273 5 
21 10765 5 5 5 5 6408 6103 13359 12861 4 26 6146 4 12780 14335 12406 7850 15249 26 5 4346 6103 19698 21 
11020 9224 7509 28 5 
18498 1022 20402 22463 7127 14425 5 5 5 17458 11462 5 5 5 
28 28 5 5 5 5 19349 7850 9652 5 5 5 5 22938 7914 21480 5 5 5 5 13325 0 
21 14004 6103 14464 5 5 5 8995 8720 19870 5 5 5 15855 31 11454 6 31 15253 4 15138 2101 13359 31 618 7509 8632 7730 14018 15678 9948 22886 6103 28 4 7102 31 4790 7509 3885 5 5 5 21282 18498 7847 1285 7914 22463 7127 20 20 20 11731 31 4127 5 5 5 5 17260 5 5 5 5 5876 16404 30 19604 31 11647 20158 7509 20463 21083 11341 5 5 5 5 27 21 
28 5 5 5 18533 22463 18392 6981 5 5 5 
20402 20558 20149 20357 9808 4766 23135 20 
740 20670 15908 5 28 22507 5 7666 12601 5 26 5 26 5 31 19698 10648 31 17819 21371 5 
22327 12780 23029 22463 3720 20 
28 28 7730 4842 
21282 368 5 5 5 5 22805 5 
9808 1247 5 5 5 5 22318 6679 15138 3227 1393 26 350 5 9801 20293 5 
26 5 5 5 5 654 20402 7447 21371 5 9743 23135 14539 
28 5 4331 5 28 5 5 5 4766 15138 10940 5 5 5 
9408 
23 
21 15908 20402 2748 17438 22463 4403 6103 10767 4 15678 21340 5 5 5 10767 10795 10767 5 5 5 7730 472 5 5 5 20402 16753 21237 6 
29 5 22463 15108 8406 7850 23572 4766 22463 13945 4 12780 16468 31 4044 7730 15678 4619 4 9594 5 5 5 17304 6582 16673 10366 5 5 5 20402 14466 21936 16404 23135 20 
29 5 20402 16162 15678 3344 4 4766 22463 15585 6103 18610 29 4 29 16066 4766 7251 22240 4 9193 9620 5 5 5 18610 29 4 29 4136 20 7847 12780 14335 6075 22463 14984 6103 14886 4 9193 15658 18533 4 1393 13359 7850 9193 9462 14604 6739 5 5 5 9594 6 21 21 26 21 21 4 9193 22318 6075 29 4 29 4136 5 
29 5 31 15108 7509 13945 4 9594 5 5 5 15299 7384 4 22463 753 15678 16083 4 21810 15678 7118 4136 6281 5 5 5 27 5 21 
918 5 5 5 5 5 472 
21776 19698 15138 5 16645 7509 20897 5 
17458 8637 31 14058 5 18498 12780 20402 15588 0 
21 3227 5 5 5 20244 15081 5 20244 11518 5 4815 14539 4 5 5 21 
15138 13278 5 7480 
11462 9193 20402 31 16924 7509 3699 20 
18533 22318 6679 16323 5 18498 20463 3058 20826 23029 18774 5 18498 20931 22942 20149 8125 6103 6474 9044 5 7730 18498 20463 28 20402 4751 5 22463 11020 2700 
16323 7509 28 
26 5 26 5 3885 
23 5 5 5 1796 28 5 5 5 
21 18774 5 
16673 14466 5121 4766 4181 5 5 29 7730 29 5 5 5 27 21 
1027 20402 18533 15678 2727 5 20402 18533 8995 16936 5 20126 14667 2727 22985 6103 23151 
918 7850 28 28 
21 14096 15678 20853 5 5 5 5 12780 753 5 1150 5 
6 21 
21 15138 13278 5 
21 21 4289 15678 7127 7914 18498 15678 14378 7509 8832 4 7509 2462 7730 7509 10279 20402 13905 7509 18498 15678 14378 7509 204 5 7730 8443 8995 20007 5 12780 6075 22327 4179 5 21 21 21 
21 20149 21793 15190 8995 4346 4 12780 22782 13351 5 21 
20670 31 702 5 5 5 20402 28 20402 12372 
17458 20539 20 
12787 20 
1247 7509 7509 3805 20 
18498 2689 13512 20 28 7730 28 5 5 5 7847 20402 22463 8095 5 
1027 5 
3086 20402 13512 5 5 19703 
4766 14604 14154 13512 18498 10648 20 20 20 17819 13591 7509 1249 5 30 
26 1920 5 5 8361 7730 12780 5284 2727 7090 22463 14481 14425 5 
9387 22823 19821 5 5 5 5 22463 13154 10793 5 5 5 5 9193 21596 22463 8838 18498 20149 17304 18055 17438 866 5 5 5 17304 20402 22463 13759 7850 9971 7509 22415 5 5 5 5 2727 16753 17458 31 23014 5 20402 11768 
29 5 5 5 5 654 20402 17872 22657 
20855 
4796 5 5 5 
10070 5 5 5 5 
23016 15138 16292 28 8956 1249 20 20 20 
3224 19202 22553 
20402 22463 11020 1249 20 15708 17438 9743 16440 6318 5 
7730 12780 4110 5 5 5 4766 4672 7509 28 5 5 5 5 10870 5 5 5 
30 
28 4289 20 20 20 20 
21 26 5 5 5 288 18498 14018 5483 6103 1488 17872 9193 19415 12526 5 13043 9193 4 18498 15790 12861 20 6663 20 20 20 20 21 
21 15138 7728 5 5 5 5 20149 15678 26 23029 18774 5 15678 22307 12780 14426 0 15678 15086 12780 9743 15678 18498 0 7730 20149 22463 26 3510 7509 6014 0 7730 20149 21 21 16468 31 15256 21 21 7850 26 4 18525 16162 0 7730 20149 19822 31 3857 0 
21 21 21 5 5 5 16246 7850 20634 5 5 5 21 21 21 
7914 3206 5 5 5 9193 21776 23151 17872 3962 5 
16566 5 
28 19972 7509 2241 
2727 3058 
17458 3224 9743 2727 5 
15577 29 1820 1705 
1612 14924 18498 23135 8995 7850 17406 7509 3344 7730 6592 18498 3510 7850 16645 6 9193 15658 18533 12780 7850 2532 654 5 
31 4289 7509 5621 17485 7850 28 5 5 5 
26 11617 26 12863 26 5 5 5 5 
16404 31 15534 6103 17244 5 9193 1095 9010 22782 5 5 
10828 6103 15932 
21 18799 7730 5174 28 4 26 4 28 4 28 4 26 28 4 28 4 28 4 28 4 28 4 28 4 28 4 19125 28 5 5 5 
21 21 21793 15704 21596 20463 20357 18191 4 1612 6103 12760 3348 16673 1845 4 7730 490 16083 16066 16083 20520 5133 20463 13727 7850 4156 21 21 21 
31 16580 7730 1393 21021 5 
5 5 5 5 7730 16673 9193 13301 31 10765 20402 15708 31 20402 9808 5 5 5 5 28 7730 28 
26 7730 26 7509 9971 6103 20247 5 3960 5 19698 28 5 14335 17714 17872 9224 18498 20402 22463 15252 
24 5 5 
23497 14799 5913 5 6408 6103 11518 5 5 5 5 4913 18779 20 14336 14364 
16367 16404 15678 918 
10962 1920 5 
14335 1585 7509 19695 7730 16057 5 5 5 
12861 2371 
15328 5 5 5 5 18525 15643 0 0 
21 20892 5 28 8995 16721 4 18498 20402 15138 7451 9743 16440 4 16673 14466 22463 17556 4 7509 22942 7509 28 20 20 20 20 
23135 20402 15138 8889 7730 22823 7730 14514 15678 15190 12526 6103 9801 5 
8995 4766 23135 20402 4181 6103 16378 7730 21371 6103 22463 16137 26 6103 1097 18498 22318 340 7730 20293 328 1393 21793 15138 2727 5 
9801 7850 20463 7127 5 5 5 22463 2700 5 5 5 21 
21 28 654 9743 16440 7509 28 4 31 19415 4681 6103 22240 6103 21551 5 21 
21 4766 21389 21951 349 17438 2371 4 15678 15190 17629 18876 15678 15252 6103 3076 5 19450 16429 6103 22463 12346 21 21 7509 2727 21 21 6 31 20222 17819 16971 18498 4793 20670 8956 20912 4766 21 21 8995 6389 20 21 21 18876 22463 21189 9193 7914 871 14924 6981 1249 5 17304 20402 22463 13591 4 22463 12333 4 871 4672 9790 17438 9193 4 22463 3943 17524 4 163 18475 21189 20 15658 11284 15425 2322 7730 12861 12780 349 18476 9193 8147 866 18498 9193 368 18498 17304 20440 7730 9750 9808 5 9010 20222 16971 7102 9743 31 14539 15816 7914 20463 20912 7850 28 5 15658 4854 15678 20912 4 16404 18498 17511 10211 22463 19415 6103 5085 5 12780 9743 31 4672 13909 659 7730 1121 7914 29 4 20244 18475 18736 4 31 15658 20402 9743 15678 16083 20852 7730 15061 18498 16721 22463 9193 16083 5 21 
21 472 5 5 5 8956 11454 6103 10273 20244 26 20 
17438 18498 0 0 0 0 0 0 
17458 20559 31 19150 21 21 11876 21 21 16673 15267 20402 14246 4 7730 31 2717 9306 17438 15138 20402 22463 21 21 5288 21 21 5 
4524 4 9387 10765 9786 20539 20 7730 4796 20 5 5 5 9193 15678 11861 20402 15658 9901 8672 6981 7424 3635 7730 19900 18498 1612 20402 13512 18498 1421 7850 21525 7730 7850 19635 20402 9790 31 2614 6103 15138 4 9193 15138 22092 14539 20 
8956 23222 6103 29 14764 4 15061 22463 14860 18498 7914 29 14764 4 9605 6103 17635 4 7509 5288 7509 11729 4 20670 15678 11792 7509 11729 7850 7128 7730 22463 17556 7509 16083 13131 5 17324 4 20402 20 20539 5 5 5 21 21 15678 16816 21 21 21371 3913 31 20931 5846 5 5 5 5 
7730 18498 15576 28 5360 11710 7730 7451 5 
9971 6103 20247 15138 2727 1575 5 
22463 15252 5 31 10765 22923 5 5174 2547 7730 16971 23570 5 23029 2093 5 4112 5 3702 4766 6621 5 21752 10273 5 7730 31 19698 22782 15138 5 18533 19900 0 1755 5 654 20402 21282 8840 15576 15540 7850 2605 7509 22886 5 
10940 
16475 15253 5 14335 26 28 
21 20149 9193 12780 23174 7850 28 3630 0 15658 20 15658 19900 5 5 5 5 5 21355 5 
15678 9707 20402 18498 31 28 15658 7509 5 15678 28 12442 5107 23394 527 16432 23135 18449 20 5 5099 4 20557 4766 31 28 5 5 5 9193 7693 18498 7847 21596 10268 17380 16404 9743 22463 3058 10982 5 7730 654 0 21 
21 8956 20247 15678 28 9743 29 1249 20 7576 18498 23016 12780 21596 22463 20497 6103 12931 4 16393 23570 5 17952 5 
21 21 21 12534 15678 21036 16404 15658 9996 18498 19900 4 15678 18498 9193 15658 19900 20 21 
21 16393 4273 4 9193 9193 10959 20 21 
12577 5 21480 23274 21551 23274 19511 23274 401 1393 15127 5 
21 13727 15138 3058 5 7730 18476 9193 20402 21438 7914 23570 4842 5 5 5 5 19229 16205 7850 28 5 5 5 5 20126 7509 13727 7730 7509 4389 5 5 5 
18533 21596 14466 20828 5 5 5 7599 21409 7730 352 4099 5 5 5 5 
21 21220 16468 7730 20644 15560 4 11518 6103 9554 5 5 5 
11284 18494 22463 15266 2116 5 5 5 5 14335 19822 4 991 7509 4122 4 14604 3906 4 4766 22463 14984 6103 4672 7531 4 20069 4 26 4 4913 6103 14506 4 14847 5 
3906 13619 5 5 5 9901 47 4 4766 18655 4 14335 20357 12054 17438 21596 20402 23231 7730 13909 740 17438 19900 18498 17872 22463 18298 6103 21 21 14430 21 21 19822 20402 15558 20 
11790 19900 18498 871 13055 20402 5762 4766 9010 14481 7730 16083 368 18498 20402 13909 10544 1920 20 14514 31 9193 18655 4 9193 21371 9193 21 21 7722 21 21 5 
18533 19900 0 20855 6103 9193 4 18498 8995 2727 4 23104 7730 21596 10268 17872 9743 7509 9193 22942 14425 4 20244 22074 7730 21596 1506 6103 16971 15138 18533 5 
15708 14604 28 5 21 
21 27 5 5 5 5 5 21 21 12780 4778 21 21 5 5 5 5 20149 21596 20402 22463 6446 21 21 15558 21 21 15658 12780 21596 21389 17022 8302 5 5 5 19698 15138 5 5 5 19703 5 
654 20402 21842 16404 31 28 10648 7509 28 5 7730 19662 17872 10765 15658 16784 7850 21252 5 21 
21 15874 10765 4 16468 31 15256 13405 7850 14604 4122 5 5 5 6 5 5 5 5 20149 13480 15658 20402 9193 20 19703 21 
5013 31 21649 5 4276 6103 4331 3166 5 5 5 
6408 6103 22463 2725 9971 6103 20247 17971 5 5 5 8995 17989 17872 20210 
10405 
3960 28 
29 
29 
12780 28 5 5 12960 13909 8040 18498 7509 28 5 5 5 
10868 
28 7509 19698 7730 7509 28 5 5 5 20497 
8968 5 5 5 5 
7730 18533 19900 7509 18498 13909 0 9193 7730 31 28 8995 7914 19709 6103 5505 20539 20 
28 16404 21842 7850 5505 5 
1235 16404 1820 15678 11139 19830 5 7730 23104 31 7442 5 5 5 19703 
14604 21446 8995 7850 28 14914 5 5 5 5 18498 4672 5 5 5 5 
4385 7509 28 7730 28 5 5 5 7730 18498 31 9801 20149 16897 5 
1097 
13055 18498 31 14856 20402 20238 5 5 5 5 12780 31 3790 7730 2988 
9193 18533 8995 7850 20931 16668 5 5 5 14335 7966 4766 20463 16826 5 5 5 
21 8995 4809 31 5284 5 5 5 5 
13566 6103 29 4672 15392 16404 5762 31 20931 18191 15941 6 
29 21596 20293 15678 17889 7914 14487 7 
29 16721 17503 7 
29 21596 8908 6103 2304 7 
29 3348 15678 2207 
29 21596 11644 4 20293 7 
29 9743 14196 16972 7 
29 1386 15941 7 
29 21596 5521 7 
29 21596 19438 7 
29 20402 10074 5 
21 
11462 4796 17178 5 10433 6621 7730 20244 10959 5 873 5174 0 
2352 7730 2352 
15424 7599 16404 8414 15678 17737 7509 15253 5 909 9193 18498 7970 4766 20044 5 21082 7730 13764 5 5 5 5 14799 7188 17872 22463 6644 5 
4385 7509 28 5 16971 13512 5 30 669 5 4796 23570 5 6170 10992 5 5 5 7730 17045 13520 
8386 
21 23016 9743 7174 4 15678 18498 13909 15502 9743 5 14335 12716 16083 22897 5 5 5 23016 5204 14604 15190 5 5 5 5 5 21 
17458 7850 9078 6103 28 5 9193 15658 12780 13909 16468 5 5 5 5 
16246 7850 20634 7914 3206 15658 13727 4229 28 6 5 20402 0 
26 20238 5 5 5 5 
21 1612 14924 7914 18498 23135 17729 16673 20214 875 7730 21842 17872 15502 22318 21752 7509 13539 5 2371 4 20304 14335 753 5 21 
21 17304 12861 4 17919 0 
12780 6075 22463 10180 5 5 5 5 12780 18498 15637 6981 9193 14335 8832 7730 8147 15678 3610 7509 19695 5 5 5 19703 
7730 8995 10473 5 5 5 5 15585 18498 31 21525 1393 9594 6103 22463 14058 5 15643 19900 20670 15678 18498 20402 0 7730 10407 20813 15678 22307 0 5 5 5 
22463 3610 6621 
7730 20402 13512 5 5 5 4766 16971 5 3960 7509 3805 7730 28 
12780 12780 4913 22327 7850 654 5 19703 
6 
11462 20402 15576 7127 7730 9193 8995 14335 1820 17872 23104 7847 5 19904 26 28 5 19969 6103 2530 26 28 5 5728 14669 17872 13852 26 28 5 22487 9790 14335 8832 7850 15253 30 18498 5913 31 14799 14539 4766 20463 2384 5 19884 12094 26 30 5 2658 8995 1755 26 28 7730 7850 14487 31 4181 6103 18498 21282 17438 11462 16673 14466 9193 15658 17629 14335 17703 18498 22327 12780 6075 4179 26 30 5 1393 23135 7730 21389 16083 15144 12094 6256 9193 453 5 
19229 7509 1549 7509 28 7730 7509 28 5 13512 5 
2948 6103 28 5 5 5 9801 5 19456 7730 835 
3058 7127 17872 23135 18498 288 18498 15658 12780 21932 7850 18487 6103 4458 7730 21681 18498 22240 20931 16464 2369 17438 19750 5 22942 18498 20202 5 
16179 5 8438 5 15658 11731 18498 20402 1920 5 

