21 8 29 
22463 3006 18899 4766 22463 17446 18899 4766 22463 28 18899 4766 22463 10620 3504 
9620 31 10620 20402 18899 4766 9673 
8 29 21 
25 
21 15299 5371 18525 4796 3884 16066 15658 560 4796 3884 4 9193 20149 22463 16971 20402 5371 3893 7730 5241 16330 22463 3893 5876 6103 1233 4 11731 18476 7847 16765 18498 15678 4945 18498 7847 22564 16404 20149 14055 7730 18263 20931 10273 7914 473 1393 15364 4 31 19830 4 31 8664 6103 6383 4 9896 7912 9170 20402 14307 17812 12196 15749 17438 871 14711 7016 6103 7773 5 5 5 7847 12780 20149 5041 17438 23104 15678 14539 16332 5 
7730 16083 4 31 3962 7914 18498 7847 19432 20402 19342 6103 14273 15355 12196 7730 7102 21596 20402 5284 20670 10224 4 21787 6103 21431 4 15342 4 4126 12201 5 5 5 31 16395 7509 3962 7102 19698 18476 8956 16971 20149 15061 12158 17458 15678 16083 15658 16765 18498 9743 13923 31 15364 5 
26 28 28 27 21 
21 29 7509 14049 7730 15678 3790 7599 134 4766 15678 17525 4 9901 16721 17438 18481 21551 7847 7102 8995 7599 1920 27 5 21 
21 7157 6103 3222 20127 7509 21739 28 6 
9743 4766 15678 12787 21 
14335 13325 21389 10765 27 
14425 18498 28 
7730 4809 5 5 5 26 30 

8956 12960 12780 6075 19854 
17819 19150 20670 15678 10982 6103 20879 7 15658 20149 7102 9594 20670 15678 10982 6103 20879 5 
4809 31 21932 7850 23523 8561 5 
8995 23 7850 
7730 9943 9901 28 
21 17458 14604 28 9743 15678 3805 7509 17406 6103 22954 0 
30 0 21 
4796 21752 19702 7509 4094 7697 
28 8 29 
14425 10837 
26 28 13909 18328 22676 27 
21 26 23 18498 18876 7509 14604 17930 17872 1233 31 10765 16404 31 18069 21570 18498 12780 21596 1022 6 
21 21 3058 7127 10606 4 
7730 9193 368 18498 20813 1614 9387 8956 21743 6103 15286 5 5 5 5 5 14743 7730 20244 5763 5 5 5 5 11952 5 5 5 19703 5 5 5 5 19703 5 5 5 5 19703 5 5 5 5 19703 5 5 5 5 5 19703 5 5 
3058 4 21355 15658 20402 4885 12764 5 5 5 5 5 17304 20444 16404 8406 7914 19709 16404 31 9193 18069 6103 1022 5 5 5 19703 5 5 19703 5 5 5 19703 5 5 5 19703 5 5 5 19703 5 5 21 21 21 
26 
14832 26 26 
28 28 27 23554 23135 
27 17461 28 
21 17872 18525 21596 1612 4136 7850 3930 26 
28 13278 4 8995 14466 6103 29 26 4 7730 740 6075 3928 26 5 21 
14425 16779 5576 8 29 
21 21282 2322 31 10606 4 19822 14604 4122 7850 15234 7509 14594 13759 31 29 7509 21409 5 
9605 4815 17438 1614 5 21 
18533 
10665 1614 
2371 3805 27 
15678 11474 7730 20931 22864 
12780 9620 14832 7850 29 6103 14230 
21 1612 19866 14208 7850 30 
28 28 28 28 28 21 
3765 13909 13512 8 29 
4796 9193 7102 8995 17714 17872 8956 20247 5 
21 12787 4 21282 9193 9901 15806 18476 15678 15416 4229 22463 2427 6981 6103 11242 5 12780 20149 10131 26 8956 2427 2371 17304 20149 4229 10956 6103 2501 4 909 18525 18533 4796 11242 6103 3965 6103 2501 0 23 20 
4229 6103 16083 4672 5 
26 7509 7158 28 6 
11246 
26 5 5 28 
20654 30 26 20032 9790 6103 18374 19029 4766 3884 6103 22617 14888 7730 10412 4796 920 4273 5 22691 6 28 5 17217 6 11246 5 
3884 6103 22617 5 5 5 26 8 29 21 
28 14820 6 6103 
21 9193 4 17872 20709 27 21 
9743 4509 9193 11462 20402 6386 27 
28 28 28 
21 2415 22463 13185 4 20932 4 6389 7509 3906 27 21 
21 17872 23135 8 29 
28 28 28 28 28 28 28 28 26 28 28 28 28 28 5 5 5 5 5 5 2136 31 28 18498 20402 4273 9193 9193 19900 18498 9193 14309 27 21 
14604 7127 6 
14604 16620 7509 6014 8 29 
8995 17461 27 
20126 26 26 
21793 5947 7254 5 5 5 20244 11670 
16393 18498 15678 28 9025 1614 7850 3738 5 
23151 17872 29 0 20539 16066 4524 0 
15138 9743 27 
18487 6103 19959 26 27 
21 201 6103 16967 7850 26 18498 11284 22463 11020 6110 20670 15678 17277 5595 7509 16192 5676 5 
29 11284 22463 10606 1920 4796 9193 18498 6202 18498 31 16192 10083 21596 20357 6103 444 8443 15658 7102 20402 4730 7850 17277 5 
19522 7914 5678 5 
29 16083 10606 6202 18498 31 16192 10083 20402 20987 8443 7102 21371 20402 4730 7850 17277 5 19522 7914 5679 5 9786 17872 3805 5 
20539 4 9193 15311 15658 23016 17872 5980 11462 5 
11729 12445 5 21 
11729 7509 7127 
16440 15654 
28 28 28 
26 
20149 13480 26 
15286 7509 15533 7 6103 
18525 9594 18498 15658 9387 26 0 
21 1097 
12960 11115 5 
14604 10530 4796 17930 5 27 
14534 7509 21969 8 29 
4796 10648 21793 31 3213 27 
9193 18533 27 
21 5174 0 
28 28 28 28 21 
21 17872 15658 16784 15678 20799 13278 7 6103 
28 21 
21 22805 28 26 29 17333 26 29 4 11806 5 
5527 29 4 29 18664 4 29 30 
18610 29 
4913 7850 26 9194 29 15266 2116 5 10657 15187 4 15585 4 22327 4179 5 15658 17520 3512 17324 23016 7850 13945 5 21 
14426 22369 6 
21 17438 12861 15658 4796 8956 17461 
15678 5 15678 21 
21 18498 14512 20402 8956 6103 21282 21596 9956 7662 7850 4443 0 
18339 18498 16404 11300 5 
18498 9193 9743 0 21 
15678 22167 17125 27 
20879 8 29 
21 20402 5 5 5 
21776 18494 9193 29 27 
23135 13055 22564 18927 28 28 28 28 28 0 21 
20474 5568 20 27 
11208 6103 28 18339 18498 16404 
21 14425 11454 6103 28 
21 21 16393 22871 21 21 21 
28 28 7957 0 
21 14335 22805 22463 16500 13923 16468 26 4 17304 3124 9673 7730 17068 7850 18620 6318 5 7 21 
15138 9743 
20402 8302 17458 10473 27 
27 
21 21 21 15678 20687 6103 22463 7544 15470 18498 14265 29 7509 22178 7850 21264 30 6728 22463 15227 18498 15678 21858 11933 31 13945 7850 6011 5 21 21 
20402 18498 20402 11933 1393 4 2118 4 11020 13923 7509 3339 0 27 21 
21 15833 26 
5 5 15833 26 27 21 
27 
9193 18533 6 6103 
7957 0 
9193 3962 
28 28 28 7957 9743 7 6103 
1987 7509 26 
26 26 26 
26 17458 5360 8302 
21 14604 28 4 26 26 17438 29 28 4 18525 15658 4913 9193 16647 7850 17462 5 5 5 21267 21 
21 12780 8678 22463 13591 4 15678 15540 12780 20402 21 21 4796 23104 2727 21 21 7730 7847 12780 21596 21282 22463 18352 18498 20402 31 20201 6 26 26 21 
4269 
21 18498 8956 14924 9901 9175 7730 20402 5320 1393 14604 2908 4 3708 20402 9790 7730 6153 15678 29 22800 4 4491 31 9193 3184 5 21 
21 15658 5219 16367 6103 16098 
28 28 28 28 28 28 28 21 
21 14604 2439 8 29 
12780 28 20 21 
21 14604 9942 27 
8956 5758 958 27 21 
14425 23222 7509 7127 
28 28 
23222 10131 7509 7127 7 6103 
15658 14335 6256 9743 31 9730 27 
17819 4127 7509 14604 7127 
28 8 29 
13278 20402 4809 15678 9833 12693 20931 3962 
21 9980 6075 5108 5121 15678 18475 16971 16720 13055 19900 4 21282 21596 5692 7850 14058 20402 28 5 21 
31 3790 7509 13981 27 
15855 18525 23151 6 
15658 9605 12327 27 
21 9387 29 21743 6103 3172 2126 6 
29 16065 
29 10765 18498 11091 21 21 12780 28 21 21 7850 20497 7509 7783 28 7730 9743 15138 9673 5 21 
2371 18498 17667 27 
18533 5 5 5 10127 
9808 28 
21 6097 8995 7914 3962 21282 4 20357 22463 17743 4 21596 22463 23050 14335 15726 21932 5 6 21 
17458 1097 20402 1612 18498 16393 891 13026 4766 23135 7 6103 
15678 26 4289 7850 28 27 
18498 7509 3805 7 6103 
21 17438 12861 9193 15643 6820 7 6103 
28 28 28 28 28 28 28 21 
21 18339 14512 14604 28 7509 6014 18498 18498 12861 20725 4 18494 9601 6103 12709 21 
21 10606 4 9901 15678 2322 4 20293 22564 31 14539 5320 6103 26 4 4987 21793 15678 3456 7509 9193 22942 15906 7914 29 5320 21282 7730 6103 19324 31 28 2958 9193 5320 20244 15081 871 5 20149 9193 16784 31 12301 7509 26 4 14604 17671 20402 11984 5 
9743 2402 5 28 26 
10907 28 5 28 28 21 
21 9193 4 22657 28 17438 8956 23222 27 
30 18498 22834 6981 17563 4 18339 18498 16404 5 21 
21 14335 6663 4 15424 5947 4331 9193 18339 18498 16404 5 21 
21 11462 21596 5692 20539 20 27 
30 4 15658 19440 5 21 
20402 18498 15678 28 13439 1612 3137 18498 1377 15678 2609 6103 23198 0 27 
21 18498 17461 6103 11091 20402 8956 1614 7914 28 0 
22385 7414 5692 0 21 
21 8956 4672 15502 15061 27 
288 18498 7509 17872 7934 4766 8956 14307 21371 5 
20311 27 
4181 
21 23135 20402 13688 22765 4 20244 4245 21 
21 26 26 4 26 5 5 5 5 
3805 27 
6408 17563 15658 19900 17458 10702 20402 15678 14426 23351 21 
21 17461 4 20402 21282 15658 21596 14265 21793 15190 27 21 
5568 
31 18884 20158 7509 14604 3031 6103 4331 18498 23135 18533 19900 5 
9743 21793 7127 
27 17106 18498 9901 3058 7 6103 
26 17304 20402 26 27 
21 4796 9193 7491 11284 22463 29 1249 6 
740 288 15678 21 21 21596 22463 3906 21 21 31 13905 3339 7509 16563 5 
22463 7509 8429 4766 13909 15623 6103 18774 18498 9193 13359 22444 5 21 
15286 7509 7127 7 6103 
15643 14335 3697 6103 22805 12861 27 
21 3805 11300 22805 5 
21282 9620 9594 18498 20402 5891 7509 28 27 21 
14604 14313 6103 20781 
17438 12861 8995 20244 702 6670 15908 31 29 7509 21409 23351 
15424 13480 20149 3066 8956 13727 
11208 20402 11208 27 
7509 11518 31 22942 
21 29 26 26 17872 30 21500 7509 15190 7850 28 7 6103 
16630 15138 17211 27 
17872 10606 2371 18498 5947 15299 7850 14133 
1614 12929 20879 
28 8 29 
21 3058 28 23351 
18201 4 21282 22126 21021 17872 20879 8 29 21 
21 16647 2371 4 21776 12960 7730 10412 13055 27 21 
21 20336 4 8840 31 14512 349 5 5 5 27 
26 28 21 
21 26 12787 4 23016 16647 18384 7509 14604 19924 5 5 5 18498 17563 21904 14604 28 27 
20402 15416 14597 4 9743 17285 17872 16393 16639 4 20244 16393 16639 21056 5 5 5 20402 15138 22908 21 
28 22 20539 11246 26 7 6103 
17108 11570 27 

21 18533 12861 20 20 20 
28 17872 10765 18498 20402 22765 7 6103 21 

5568 27 18498 14010 
21 3805 4 26 21596 1095 10696 4 7730 15678 28 27 21 
14425 26 27 
4672 6103 17668 7730 1606 9743 11686 5 9193 20402 15138 15242 27 
26 20 
16393 21389 4672 7174 18498 9193 15424 12780 4793 6 6103 
9193 22942 27 
12861 20539 20402 22463 3058 11644 27 
14425 5645 7509 1249 4181 27 
21 28 10131 31 26 
10473 23351 
14335 6219 6 6103 
951 12963 4766 17807 2389 7 6103 
21 14425 12723 26 5 5 5 5 7730 10127 31 19745 4 31 19996 7730 15678 23256 5 5 5 5 21 

26 30 
23351 
21 14425 8429 6 
7645 23351 30 7 6103 21 
733 12787 7 6103 27 
28 6103 5859 20402 19761 5 2510 6103 16065 5 
21 22805 26 26 2297 
28 26 5527 29 29 5 29 10830 29 5 29 10830 4766 22344 
29 18664 28 29 14614 
26 11608 4766 30 29 
17218 6103 23222 28 29 
29 4 29 17333 26 11286 
29 1249 6103 10657 740 5 21 
21 7969 30 29 6 
31 5332 22126 20615 6103 11500 7509 12186 4796 6 5742 6103 19240 1341 4766 7550 9524 4 11642 10555 7730 16817 9301 5 8956 3348 17438 9326 15061 22463 6739 15328 6103 16393 22463 21061 6103 21021 6389 7509 20709 2118 4 14539 7914 7080 7509 20931 11647 5 21 
12780 28 20 20 20 20 21776 6103 10548 7 6103 
30 20 15678 5 15678 
3439 16404 489 7 18525 18533 14335 6103 22463 21787 7 6103 
7132 8 29 
14604 26 20402 20293 11208 27 
20238 20238 20238 20238 21793 7127 27 
17458 14604 28 27 
23135 19900 18498 8995 22327 9074 18476 23135 8995 4913 19918 7914 18394 7914 17983 7509 26 26 27 
873 18533 12780 7850 9456 7509 6049 11462 0 
8 29 
21 21 21 18476 23135 21932 7730 21596 20931 3962 23135 1937 31 10620 17177 7850 11518 18498 23135 18533 21 21 14604 16169 9594 4766 31 15460 21 21 
28 7509 22942 21 
21 3510 31 13759 7686 31 16440 4 14335 4369 26 10628 
21 26 17438 29 4 29 31 18498 17406 4289 11300 26 0 
27 27 21 
4796 9193 14335 20357 27 
23221 7509 7127 8 29 
21 873 2371 5947 12960 10294 26 26 7730 18533 22463 4276 7509 26 17872 26 15803 26 5 
20402 8956 12960 2371 5 9605 4815 18498 9193 8458 31 26 21 
21 18525 15658 1937 12582 20402 22463 2780 4 20558 1920 5 5 5 21 
8 29 
12709 5 5 5 20813 5 5 5 5 
15138 3341 27 
20293 18533 9193 18191 11702 27 
9193 15936 20670 31 14058 5692 7850 16559 27 
3058 7127 6 
16440 28 7 6103 
23351 
21969 7850 13860 
16393 9193 12960 27 
22463 14425 18498 15678 16083 23351 
21 14594 29 6103 11066 16404 2058 7850 26 6 6103 
16647 20 21 
26 26 20 
733 23 
21 13981 6075 26 7850 13772 4 29 6 29 5 
6408 18910 6103 22463 13171 27 
28 28 3510 28 28 28 21 
21 17737 6103 1247 23351 20149 23029 
28 28 21 
8637 14604 17737 6103 28 8 29 
21 15678 26 20402 8696 4 9193 9193 18533 6075 22463 134 7850 3790 7509 29 6 29 27 
8 29 21 
21 873 7509 22463 21191 6103 16553 14905 15458 11743 0 
26 2755 26 21 
12780 9743 22463 6981 27 
21810 2530 6103 4380 16668 27 
28 14820 30 29 
8 29 
8956 9634 6103 5688 15658 8995 5335 5 

