27 
28 28 
28 28 
28 28 
21 28 28 
28 28 21 
3510 28 27 
21 14792 20 
20402 1920 18498 22564 0 17438 12861 15643 5219 6256 14604 3388 1820 5 21 
22805 18498 13512 28 28 28 28 28 
21 15658 20402 22463 10696 5 
20402 22463 15253 20 21 
27 
2371 28 20 
21 28 28 4 28 28 7730 28 28 14604 1008 8897 28 28 21048 22463 8147 8406 15671 18497 17324 7847 15643 22805 15144 4766 22463 21726 30 22385 1599 17872 5320 17022 20 
21596 5521 0 21 
28 28 
16816 20 
28 28 
23135 17629 6103 22463 3460 6981 28 28 5 
27 28 6903 20402 31 14425 20 
2727 12861 20 
28 28 
21 15658 6075 17872 9901 13900 6981 12939 5 
16721 15658 3031 18374 6103 18512 14149 20 21 
28 28 17872 827 20931 21409 5 
8956 26 22657 17872 20247 21793 20 
6981 12939 15658 20402 28 28 
20402 10544 7730 15658 7545 5 
7730 2371 28 28 12780 1540 7286 0 
14792 
9193 20402 22463 16251 5 
21 28 28 7730 28 28 15658 19900 23135 4 9193 11284 1937 8956 23222 22463 4138 6103 22898 7730 15658 5219 1540 9743 15678 4629 20 20402 18498 21596 871 17877 0 21 
27 
20293 27 
21 1937 20 31 14469 20402 15138 3058 4 12125 7509 19240 6103 3450 22463 5 21 
3058 7127 9193 10765 20 
28 28 28 
28 28 
28 28 21596 5521 0 
28 28 20 
28 28 
28 2372 5 5846 
27 23 20 20 20 
27 
1920 14539 20 
21932 7914 5193 20 
21 6408 6103 21389 7728 20670 18470 21430 9193 7102 9743 4 11462 9193 8147 20 20 
21282 18498 15658 21 
21 18533 20749 28 4 18498 28 9193 6103 22942 13669 17872 18498 9193 17511 23215 6070 1920 20 20 21 
1920 14539 5 
17872 23135 28 28 
9324 20 
27 
21 23135 21596 29 14764 0 0 0 0 
7730 23135 20149 288 15138 4672 20 21 
15138 20 20 9193 15138 14425 14539 20 20 
9707 20 
4187 20 20 
2727 1920 14539 20 
14335 8023 21793 20 20 20 
18498 3086 20 20 
23135 5174 873 1920 28 28 28 28 28 28 28 7682 28 7509 28 28 28 0 0 0 0 27 
472 20 
14618 20 20 
1540 12861 11284 21551 20 
20402 15658 8263 15424 22463 22897 20 20 
28 28 
4796 1920 0 
28 28 1540 22463 9743 22463 23222 4766 8956 3790 20 20 
28 28 
21 22805 12861 28 2372 5 5846 4 28 28 21 
28 14289 
27 6256 31 28 28 19900 7384 20 
21 18498 9786 16500 5 28 15658 18533 22463 23577 4136 7509 15576 7251 5 7847 18533 31 9193 3864 4766 15678 18195 5 16647 8956 7251 7730 4913 4796 4 19830 4 17915 6103 11394 7730 7512 31 4138 6103 16971 18498 8995 15391 15458 14924 4 2371 21355 18525 19900 23135 4809 31 10613 20463 8806 7850 16373 20 20 21 
28 28 15855 8956 20 
6221 20402 9193 20 
6168 31 13375 23135 21371 28 28 20 
3058 27 
21 21 21 18533 4 15658 21596 4067 21 21 18525 20149 13325 0 28 28 4 28 28 4 28 28 4 28 7509 28 4 28 28 4 28 28 28 14212 
3058 21551 20 
9808 7127 7509 1103 20 20 21 
27 
21 472 20 20 20 20 
28 28 21195 7914 29 29 29 5 5 5 5 21 
9314 20 20 
12861 14539 
19698 15138 5 9193 20402 20584 20 20 27 
15855 8956 28 28 

