28 28 9193 16630 16404 21596 6304 4766 31 16971 1393 15576 19030 5 
18498 28 78 20539 20931 15533 20 
5603 4766 1114 7730 15658 3532 17438 14378 5 
753 873 16404 18498 7847 17511 6564 5 5 5 
21 12780 9193 6509 4 20369 15678 18498 15658 22564 7730 7512 5 21 
21 18950 31 18471 7509 16971 4 15658 1453 15678 6198 5 21 
7102 1233 31 16971 1393 15576 19030 5 5 5 
21 8995 4766 23560 20 20 20 20 20 
12780 21810 5876 1393 16630 17872 20215 31 3047 7509 16971 6389 7509 22065 18449 5 11462 349 22463 4815 4 18498 9193 15658 6679 17872 15502 5 5 5 7850 23572 13679 4 21048 20215 31 3047 7509 15144 5 17556 14764 6408 4 16765 18498 31 3047 8995 155 7730 20402 2326 5 7847 21793 11099 4 11091 7491 18498 31 3047 15658 8995 155 1276 7730 18498 9193 21596 155 31 3047 6281 5 21793 15190 4809 31 14335 15855 21894 5 17106 740 20402 18476 7847 21810 31 3047 7509 9193 15256 7730 4809 31 22716 4 7491 18498 8995 9620 4125 18772 5 2371 9193 15658 721 5 14018 15678 15092 16367 15678 23572 7850 11518 7730 7491 18498 20149 20402 17872 7847 14335 388 4 18498 20402 7850 6282 5 7730 20402 16367 7850 6282 5 15678 6283 22716 9193 3047 7730 31 6281 5 7730 15678 4125 18772 8995 13761 4 7850 3047 6281 5 15324 11518 9193 21596 15138 18655 20 15678 7251 8995 14810 4766 22463 2510 6103 16296 5 9193 15658 8474 1612 15144 7850 9193 10366 5 15678 6283 16836 20149 9193 18533 17892 7730 9193 7491 18498 15658 5 9193 16673 5283 18498 7847 14335 9743 16468 4 21282 6103 18655 4 16630 7118 14667 18772 20 20 20 7847 14335 16630 6663 7730 13480 17872 14181 22126 15678 7251 5 4289 15678 14181 6281 15658 3919 4 18498 9193 15424 19900 15678 17460 6072 15144 8995 1190 6103 23572 5 7847 22126 15678 7118 14667 18772 7730 18476 7847 12780 14335 8414 4 9193 352 4 19922 4 20402 1453 22463 20825 5 15708 16673 2031 5 20 21 
21 8995 17629 6103 5287 6103 17406 7730 16971 18498 21596 15678 7563 6103 6448 15206 4 17458 5287 6103 15199 15678 15190 8995 4290 5 21 
21 20402 17629 16367 16404 753 4 8995 2027 16404 18525 17629 6103 23135 5 21 
21 16098 31 11454 7509 16083 20244 13009 4 1453 4766 1114 5 21 
5910 4766 835 18525 23135 22805 21793 15678 28 5 5 5 
21 20149 20402 9942 6103 28 4 14018 18498 9010 16633 20149 22020 7914 18374 5 28 19474 6 21 21 31 8683 7491 6 21 21 15424 21282 6103 18374 23104 15678 11474 21 21 5 21 
13325 31 16971 15678 18481 23135 31 1027 5 
21 662 20293 4 14539 18498 31 22898 15658 20402 21 21 17629 21 21 5 21 
21 20402 17629 20852 4 22463 5795 8995 20293 9808 20 21 
18475 20257 20402 14532 4668 27 
7730 23104 31 9867 7509 11462 7850 2373 20 20 20 

