21 15577 
654 9193 8386 
21282 19698 7509 17022 18498 20402 15678 15190 16404 17304 23104 15423 5 5 5 
22463 15941 6928 5 5 5 
20605 27 
27 20 
4796 1920 0 
21 20149 15658 22805 4766 14604 15860 4 15658 368 5 5 5 21 
20311 20 
21 13048 20235 4 18525 12780 17689 15678 13135 6103 14520 0 21 
21 21 21 26 26 22 21298 26 21776 26 14335 
26 26 26 20455 26 26 5 5 5 21 21 
17599 5 5 5 
27 20 
21 21 21 31 14487 21596 16882 5947 21 21 4 9193 15678 10927 5219 6075 22463 18716 7914 29 14676 6103 3172 4 18498 2092 6103 23174 7279 7730 6345 4 7855 20931 19362 5 20931 21 21 12819 21 21 4 12960 16633 7850 22876 5 5 5 21 
19768 20 
26 5 5 5 
10131 20 
20402 8302 7730 1964 1393 14539 21551 5 5 5 27 
21282 17872 6638 5 5 5 
21 21 21 15678 18498 20402 11827 17872 23135 0 21 21 
18476 21582 22564 22463 13539 6103 4770 7850 18610 7730 7847 7509 8561 17458 22564 23228 1393 12755 6103 17406 5 5 5 21 
22385 13797 5 5 5 9980 5 
21 28 20670 15678 15190 20402 18772 5 5 5 
22463 6141 18772 5 5 5 
21 7558 16963 7730 7558 14370 4 15658 20402 14539 5 5 5 0 21 
21 28 13055 5459 20670 12861 4 7730 21623 15458 14539 7499 27 20 21 
13055 9743 22463 1233 20 20 27 
7163 5 5 5 
30 20 27 
28 
21415 17790 9193 12780 
8956 20402 14031 20 
13729 13909 23396 18498 15678 23396 23229 20 27 
2932 20 
28 28 27 
27 
27 
19768 
23016 30 9193 20 
21 20402 16753 1679 4 9387 16083 13905 4 9193 16673 14466 9010 6256 2727 4524 5 5 5 21 
27 
15138 22386 5 
9193 15138 10131 20 
20402 0 
27 
27 7730 8956 17022 6103 21961 6103 22942 27 
1792 5 5 5 
15658 19900 4796 21596 10765 18498 15678 13405 31 21267 5 5 5 
27 18498 6141 28 5 5 5 
21 28 28 15036 4 21282 11284 22463 4672 18498 17304 9457 4796 18768 31 8956 15599 5 5 5 
21 9193 15658 19900 15678 18498 20402 17106 4 31 19369 7509 17377 16066 15678 4795 6075 26 5 5 5 21 
21 5942 947 28 6103 28 8995 4766 20931 12408 155 20 
15658 16784 8956 4245 5 21 
21 23 20313 4 23135 20402 10131 20 21 
18639 9660 20 
21 27 20 
13359 15678 1679 4766 2031 5 
5658 17872 18498 0 5658 17872 18498 14539 0 11568 5 5 5 15658 19900 5 5 5 
28 28 9193 18824 18476 31 28 28 7491 12861 27 
21 17438 9721 28 4 14335 15061 866 6103 12577 5 5 5 21 
31 10268 20402 17307 14604 1097 5 5 5 
27 
25 20 20 26 20 
733 31 18963 5 5 5 7730 31 2169 6103 2561 5 5 5 
21 21 21 11570 21 21 21 
21 288 13043 4 15678 13131 15416 20402 20293 22385 20181 5 5 5 21 
21 20931 10268 6103 21932 4 20463 21551 6103 22942 4 15678 3749 5 5 5 21 
9808 28 
10131 20 10131 20 10131 20 
18339 18498 16404 20 20 20 27 28 28 20 20 20 
27 3805 20 20 20 30 28 28 28 
21 21 21 26 26 14335 21 21 27 28 28 28 
21969 14245 6103 10787 7730 5215 1059 20 
27 7730 31 18069 7850 14539 20247 20 20 20 27 
10131 10131 15138 5 5 5 5 5947 9193 15253 7850 26 
8956 26 5 5 5 
20694 7850 3790 20 
7957 10606 20 
27 20 
16958 20 
21 18638 5 
21 21 21 15658 430 2944 3906 4 17438 22960 7850 17478 4 
20463 17106 12353 1987 22805 15894 20833 5 
15678 6143 7509 9193 7594 12780 9061 20463 22404 4 
23016 17872 17438 9113 7850 20463 26 8448 5 21 21 
1937 5 
19735 7850 28 4766 12521 26 20 20 
21282 22805 31 9348 7509 22588 6103 28 16673 6086 21206 5 
1937 20 
9743 16083 5 5 5 
21 2727 9445 4 16404 871 18498 15658 8386 5 21 
15138 12577 5 
23151 31 6717 
21 7730 740 21596 10765 18498 15658 22805 13046 31 11076 4 9605 18498 17930 10648 6329 5 5 5 21 
15138 3058 20 
13923 8840 17872 22805 8956 2422 20 
18498 10131 20 
31 13143 6103 9624 5 
9971 7509 21960 5 5 5 0 
27 
27 
26 20 
21 28 4 15678 6006 6103 11139 5 21 
21 23016 18498 20402 11462 20 20 20 
19735 7850 28 
28 10731 20 20 
14414 2138 
28 
18610 29 4 29 21 
21 11462 29 29 31 16440 7509 29 6 29 
19735 7850 28 
28 10731 20 20 20 
20799 394 6103 18471 
14414 2138 21 
21 17375 4 13909 22463 12301 16404 8406 7850 6110 6103 13282 7730 19164 7509 7645 7850 28 4 15658 8995 9594 1453 7509 13832 4 9193 7509 7645 7914 22463 23513 10793 4 7102 31 11429 18498 11284 4 15894 6103 22463 13131 7645 4933 17670 31 20127 4 21389 18498 8956 12301 5268 7914 20463 19887 4 8995 13281 7730 15678 20463 4971 19163 16404 31 22782 7730 5298 23491 7730 4430 4 17438 9365 4 31 17436 4423 7509 19702 4 22564 31 18525 7850 670 31 18103 5 9193 8329 11284 15678 21310 11284 31 11429 7730 31 5237 6103 16155 2617 7914 20326 7426 4796 4951 5 21 
28 28 
8995 7188 20215 0 12780 9193 17714 20 7730 15678 5942 947 17960 28 6103 28 22318 753 31 2046 8956 20825 5 
27 
27 
21 28 28 22463 21082 26 8661 7509 14604 15860 4 1393 22805 12861 20 18498 15580 5 21 
18498 10131 20 20 
21 16972 4 9193 21776 7914 28 12780 14156 1612 19745 6103 3126 17872 2647 22463 16292 0 
28 17125 4 28 28 4 28 28 4 28 28 4 30 28 21 
20402 22463 11020 1249 20 15708 17438 9743 16440 6318 5 
21 28 3805 28 4 13359 8956 17461 20 8995 10131 16182 20 21 
28 9387 22463 873 13909 17307 18498 15678 26 5 
27 4843 5 
21 28 28 8956 20402 17872 23135 20 
27 288 18498 15658 20 27 
21 31 22898 9193 21 21 16647 21 21 15678 7127 7730 15855 16404 15678 21551 7730 15678 21 21 22805 21 21 16468 4 
8443 16721 6 740 21596 21793 15678 21551 16404 9743 22327 15678 18498 17629 4 
9193 15299 7509 18498 18533 5 21 
19474 9010 18551 16404 15678 21932 6103 9008 5 
21596 18498 4854 8956 17461 20 27 
27 20 20 20 

