23274 20247 21559 6103 15763 
9193 5 5 5 17438 18606 0 
21 18652 13679 4 3058 7127 20 20 20 20 21 
21 8235 4289 20 20 20 20 
12780 28 4 18498 8956 3672 20402 15576 20 20 20 21 
28 29 28 22575 
21 18498 9193 15643 14335 8918 5 5 5 
7509 15533 20244 7599 4 
7509 7297 18498 1540 4 
7509 1103 5284 4 
7509 11402 18498 8396 4 
7509 7181 18498 20357 4 
7509 14162 3464 4 
7509 5107 5204 4 
7509 3152 10259 4 
7509 9321 28 4 
7509 20126 6103 3962 4 
7509 16912 15392 4 
7509 1114 1393 18366 4 
7509 10547 7914 28 4 
18498 9193 15643 14335 8918 7509 15995 6103 22463 7127 21596 20402 20753 20 20 
29 29 7127 7509 20753 5 21 
10523 6103 13405 3024 9971 6103 21409 28 16378 12780 18498 12780 20126 7509 11702 
15833 10901 20 
12780 21922 20 20 20 20 20 12780 28 20 20 20 20 
6408 6103 22463 20247 6103 15138 21932 5 5 5 7127 6103 10175 28 28 28 23016 12726 12780 12726 
654 12780 5 5 5 
23162 16598 29 10548 21969 
28 28 
20402 15138 10159 17872 22463 28 21282 20 4229 15678 3070 7850 3232 29 7747 
30 22575 29 12780 26 12780 15350 13055 20402 28 
3960 7509 17812 
21 12334 19698 29 6 182 3894 4 21282 12861 20 21 
30 3432 20 
26 26 26 
21 22327 31 20463 21551 4 7730 22463 11518 349 6 
16468 7850 22575 14907 27 
23016 23016 23016 20 20 20 20 20 20 20 20 20 20 21 
19961 8 29 30 
21 17872 18069 18498 5204 20402 19522 6103 6189 7730 16917 5 3219 7914 29 4 7730 20244 7728 740 23016 15138 17438 2371 22657 28 30 28 21 
21 21 21 20007 13512 16698 7509 8838 4 
20007 21275 28 7509 16580 21 21 5 21 
21 21 21 15658 11284 15299 18498 13909 20444 16404 9743 15344 7730 10010 31 1103 4 7730 14539 31 12648 4 7509 18498 20402 15678 19703 7730 31 13764 6 1612 18498 20149 19698 4 7730 17836 1612 18498 22463 22897 4346 13030 4 21596 15138 9567 7914 9745 1097 21 21 5 
14453 6103 22463 20097 6103 14692 28 28 6103 28 21 
21 7730 1393 18498 20149 7491 4506 7730 22385 2727 7802 17358 4 18498 15101 15678 16587 5 5 5 31 8956 20539 4 22805 31 16377 888 18498 21389 19393 5 7235 16066 2136 9343 15678 22665 6103 16440 7509 10220 6103 22463 11647 15291 17279 18498 20149 5284 16341 1393 6731 7509 16587 4 21282 9457 31 9620 6103 4993 5897 7730 20699 7509 22385 2727 17868 5 4289 6981 15293 7828 4 6103 14694 4 18498 7148 7509 14323 2131 7730 7509 18506 6103 12738 7914 12578 6103 4526 7572 4 6075 16014 31 6159 4796 17563 3341 7730 16587 6103 14512 5 19900 1393 14466 19456 1393 18498 7686 31 11454 3170 4 15658 51 15678 15377 7914 14336 31 11020 21546 5 21 
21 22657 28 20 4 15678 13905 22406 20402 21596 4730 15678 21171 15291 8406 15678 26 7509 15190 20 20 12780 28 26 21 
21 26 26 26 4 26 22 18740 26 26 26 5 5 5 21 
21 21 21 18525 21596 22463 1095 4 14539 18498 22463 21282 4 15658 11862 15894 20149 8147 4 12894 20738 6103 20781 7 17304 15036 6103 20126 4 9193 15658 8995 21282 21 21 5 28 28 21 
21 21 21 20753 7509 11111 2513 4 
4773 22654 4 
1843 22922 5 5 5 29 21 21 
21282 18498 20402 19900 4796 20402 5 
29 29 7127 7509 20753 21 
21 28 28 
21 8329 12861 4 7850 15350 20 20 
18498 23016 19698 29 21 
21 21252 8995 1920 6 15286 3058 4 4796 14425 740 20 21 
20149 14426 9066 20 20 15138 3058 20 
21 10069 7850 23572 6 22463 22240 6103 15855 7730 5 5 5 21450 2136 15643 13909 
27 20402 10131 20 21 
28 28 22938 27 
21 15658 3697 6103 22805 4 9957 20 21 
28 28 26 26 
5 5 5 22092 4766 546 15678 12787 6103 1694 20 20 
16673 2510 6103 13761 
21 4809 2727 31 20247 4766 31 26 7509 3643 26 
26 26 23016 9833 21 
12780 7957 
7730 15678 9971 6103 20247 4785 1920 20 
15578 
21 22805 4 15658 12780 7957 15658 20 20 21 
21 31 15138 5960 4 5219 12780 19703 
11020 28 4 23570 20497 20 
28 28 20879 29 21 
21 26 26 5 5 5 
20402 7384 18498 21776 9594 20 20 
21 11462 4 20149 6917 7509 9535 3170 4 20357 15678 15995 6981 3152 6 
14799 5913 4 28 4 28 20 
14539 4766 8956 7127 20402 22385 8840 4 20402 22463 1249 18498 20244 7728 12780 6256 15138 20126 4 22327 15678 18498 16468 12780 9901 7850 14453 17872 20293 4 7730 18498 31 22823 1103 18498 20402 10199 7850 7181 7509 19814 7850 18490 16066 7850 14799 9489 4 17511 20402 14096 654 7850 22942 4502 5 21596 15138 28 6103 13749 5 5 5 18498 23016 15576 28 6103 10901 20 
17872 20293 13424 6103 11154 20 20 20 21 
29 29 7914 20879 20 15658 16784 20 20 
4284 
9193 15658 12780 14335 400 20 20 23 22463 11402 
5 5 5 7730 7957 4809 29 20 20 
28 16066 19719 0 0 19703 
21 21 21 16468 4 7686 8956 13669 4996 4 14764 12601 4 20931 10405 4 6679 21640 8995 11518 16066 28 1393 10366 16404 8611 7509 21898 7509 8840 4 7509 1220 6103 15658 19900 18481 21551 4 7509 21579 6103 21596 6103 713 2136 16468 5 9193 15658 11284 14336 5 21355 20402 9312 9010 15678 22823 17605 6103 20149 2091 21546 5 21282 20149 794 15678 3058 21551 16468 17438 21793 15678 20209 18498 23016 1276 5 15658 11284 4796 5621 3610 5 21282 22805 15678 20749 16083 22897 18476 16468 17438 21793 15678 28 7509 12726 4 20244 18281 15425 5 7730 15658 11284 4796 6075 20000 5 21282 19553 31 28 16776 3450 22463 7509 11048 6103 13237 4 3450 14673 7509 3610 2136 13761 5 21 21 
22133 7509 13591 21 21 28 4 8406 7558 18396 21 21 6103 28 28 4 19210 7509 12725 7850 28 4 21596 15678 21551 4796 866 31 20402 19456 5 
23104 7127 1603 7127 4 6075 21551 1393 21551 7730 21596 4181 6103 18498 6408 6103 21793 31 8715 4 15678 20749 23016 20 
29 21 
368 20293 20 20 
21 18498 14116 26 15567 4 27 2389 4 9808 28 20 20 21 
10765 3058 20 20 
21 21596 1612 4 18498 5360 15299 18476 31 16882 13055 15658 2647 13909 4 1612 18498 5360 13749 18476 15678 1623 201 4 1612 18498 5360 9743 10268 18476 22327 16393 8995 16784 5 5 5 5446 6103 18498 31 22942 20402 22463 6472 4 20738 20 9193 15658 20149 18519 4 19900 18498 31 3213 5371 15678 5830 201 4 7730 31 7594 16468 4 15678 3699 21623 4 9193 31 20116 6103 21596 22773 15643 6507 5 21 
28 29 
21 20126 4 29 23151 20 20 21 
21 10535 18498 14335 6663 4 9193 15932 729 15416 1614 12780 9193 20 21 
21 16404 20293 19961 2515 4 
16570 7509 13048 7730 7509 1114 20 20 
29 6103 15612 7127 7509 2515 21 
21 26 26 26 26 26 26 14335 4 26 26 21776 26 26 5 5 5 21 
5 5 5 
21 28 4 6574 4 28 28 4 28 4 28 5 5 5 18498 28 22916 20402 8956 28 27 21 
17714 
20126 7509 13539 6103 10159 19703 
28 14604 21022 27 7509 29 16630 
28 28 26 26 
20293 28 20 20 
5 5 5 1027 22463 1095 7730 7850 1220 7847 20149 21858 22463 12787 20 20 
21 15286 15604 4092 15604 26 15604 20 20 
4807 26 28 21 
26 24 
21 13055 13055 19768 4766 15678 16375 5 5 5 
7957 18498 15678 9971 6103 20247 21282 8995 4809 19703 21 
15871 7509 15708 28 
21 22137 13405 1276 7509 4875 6103 21649 4 
18525 7491 18498 15678 15658 21596 15298 27 654 21596 20 21 
21 21282 17458 8995 16784 
15658 20520 18498 9193 8995 16784 
15658 20520 18498 12783 16367 
15658 20520 18498 7102 14335 19283 5 5 5 
22133 6103 21 21 26 28 21 21 21 
1502 4181 20 20 
17309 7850 28 28 11284 871 21551 2116 19703 
21 28 21623 2727 6 21 21 18498 28 15678 16793 21 21 19703 
18498 3790 19676 22 21 
21 5 5 5 20402 4099 4 16066 21409 6329 4 17872 7491 425 5 5 5 21 
21 21 21 1920 4796 20402 15392 21596 5521 16404 8637 22463 3610 7730 20202 7914 10366 4 7099 21596 740 13909 5521 16404 6075 22463 16468 2116 7730 20202 17438 16083 3610 18476 15678 8637 15658 22318 9743 9808 21 21 21 
21 21 21 7850 14133 26 21844 7730 21389 6056 4 
21389 22898 7730 15041 1457 7 
7850 21631 21389 11154 4 21389 8256 4 
21389 15390 112 20 
15894 17304 329 22463 10296 11570 4 
15894 21596 20215 31 5947 22942 4 
18498 15658 20149 1694 7730 20149 12158 15678 6014 20412 
5371 22463 2818 7509 21631 22385 16753 0 21 21 
28 4 15678 13747 3702 11617 4 29 
28 4 22356 26 29 1614 12780 9193 20 20 21 
5 5 5 4796 7850 23575 8503 6103 22463 13669 7730 3058 21552 20 20 
21 20497 7509 28 17872 4809 2727 15678 1249 0 0 
27 8956 9193 15658 16784 20 20 
18525 5947 12780 24 19703 21 
20402 15671 26 27 
21 2945 7850 15176 
5 5 5 15658 19900 17458 18498 9193 20402 7491 26 26 
27 17872 9769 2727 15678 9971 6103 20247 20 20 21 
21 3058 13598 20402 16852 4 17304 15128 31 7284 6103 9193 22942 5 
28 28 21 
21752 15678 6193 7509 13347 16169 19703 
15658 21596 4672 14425 20 20 
21 23570 18069 4 14133 3558 4 7127 13512 4 
6075 17872 14426 15678 21551 7509 1249 16468 19703 21 
21 9833 18104 22481 4 23554 15671 24 27 21 
21 7127 7509 13591 0 0 
5 5 5 7730 4796 7491 28 28 6 
21 21 22463 16587 20402 9790 4766 11474 7730 13598 21 21 
3058 13311 7 21 
15678 23575 9956 7914 18498 9193 288 18498 20402 16098 28 20402 28 21177 27 
26 26 26 5 5 5 
21 3930 6103 11216 4 4289 13640 18498 9193 18533 7850 22564 20 27 21 
21 21776 6389 
3058 15604 4 14227 6 
21 21 20402 1570 7850 8632 6103 1541 14187 6103 20144 21 21 
28 29 21776 4289 27 21 
21 21 21 20539 31 28 4 15658 31 2725 14984 21 21 21 
20402 15138 10765 7730 17556 4842 20 
21 23570 17214 4 13325 6072 7127 28 28 28 0 0 
27 20126 6103 28 20 23151 7914 3206 21 
21 20149 5335 4766 15678 10523 21 21 14425 7509 15190 21 21 22 21 
21 6070 8956 15286 3367 7850 14055 20402 15678 18498 11284 20 27 
9743 12861 17438 9193 1022 10606 20 21 
12780 28 20 20 
21594 27 
20126 5 
21 2136 18498 8235 22463 9956 3058 7850 10889 6 
28 7509 22942 4 13909 3183 18498 15678 14133 5 5 5 
1027 8956 9956 19703 15138 3058 21 
14142 29 11518 15299 29 29 29 
21 21596 1612 4 18498 5360 15299 18476 31 16882 13055 15658 2647 13909 4 1612 18498 5360 13749 18476 15678 1623 201 4 1612 18498 5360 9743 10268 18476 22327 16393 8995 16784 5 5 5 5446 6103 18498 31 22942 20402 22463 6472 4 20738 20 9193 15658 20149 18519 4 19900 18498 31 3213 5371 15678 5830 201 4 7730 31 7594 16468 4 15678 3699 21623 4 9193 31 20116 6103 21596 22773 15643 6507 5 21 
21 22463 11474 17629 22918 5 17438 20931 5320 4 15658 17438 14336 6103 11454 4 11729 4 13598 16066 21525 5 17629 22918 17438 20500 4 4766 20463 15860 7730 18376 4 16404 8386 15678 18498 20402 20463 5 16404 22463 7127 17239 31 20931 18191 23501 7730 6077 22665 5 5174 15678 10405 16404 6770 15678 3564 5 7730 15678 15939 5 20357 31 7419 7730 15678 6459 16404 8995 2727 20663 15678 18191 21674 5 22463 11474 17629 22918 16404 13727 18498 15658 5174 16404 18506 8956 1809 18498 9193 9743 22805 15678 15190 4796 15678 11731 4 7730 15658 20559 4796 20402 16066 17304 20402 5 18498 9193 9743 17931 7730 7616 7509 18498 15658 23016 4 18476 7102 20402 970 4 7730 20559 12780 22805 
28 28 4 23539 13905 20 20 21 
28 20155 9193 21886 27 
26 26 6 6103 
14604 10702 7509 14406 27 
22570 15630 1214 29 7730 29 
21 12780 654 17872 28 4766 15678 16972 7509 5942 4 
23570 9833 31 21793 4 2136 7576 5 5 5 
18197 6 17973 22126 3058 10273 28 28 19703 20 20 21 
21 5947 15138 31 16200 7850 12477 15764 7509 22575 15908 5 5 5 
6075 17872 21596 22463 11644 14425 7509 5942 4 21776 22805 18498 12780 20402 8956 14539 20 20 21 
21 22463 1249 6072 15533 14452 20 20 
20497 15138 14245 5 5 5 28 28 10135 4796 20293 22 21 
20402 22805 31 10273 7850 16083 7127 18498 23135 16765 4796 23135 21438 27 
21 7730 1920 21623 31 14425 21266 6103 21793 15678 21551 20 20 
26 26 28 12780 6256 20126 4 6408 6103 21793 8956 1249 5 5 5 
26 28 20402 1453 22463 13616 7914 871 13727 7509 15190 4 18498 21355 20402 2727 16393 4766 20463 15190 16066 18498 21355 15658 20149 16393 7914 15299 5 9193 20149 15855 6103 16936 4 17304 22805 873 4796 23135 5 873 21582 8147 20463 3610 4 873 21582 8147 20463 13727 4 873 21582 8147 31 20500 14539 5 1393 22898 4 20402 13909 10544 20149 20357 4796 20149 20402 15678 23577 7850 15190 18498 8995 13749 4 18498 8995 10430 4 12402 4 18498 13923 8995 5219 5 8956 20352 20402 22463 14487 5 7730 20149 17304 1453 732 8147 31 5521 16404 8100 22327 12861 17438 13909 22463 7127 4 873 16066 866 4 12780 22318 8147 7730 9743 4766 18498 22327 9901 2727 5 17458 21793 17629 6103 22463 17556 6103 753 1393 22898 4 873 16404 9193 753 31 8720 31 15286 7509 15190 4 16404 9193 13325 18498 15424 20293 20402 1920 5 8956 873 8995 17438 2371 5 7730 8956 873 12780 22318 8147 5 21 
17211 15362 6 19889 4766 21812 20155 5 5 5 15138 3058 20 20 
21 18498 20828 4 
21776 7850 527 8840 17872 7940 4 
28 28 21776 4289 21 
21 26 28 28 7730 28 28 
22385 14335 7102 31 10273 7509 7509 26 
15658 8147 15425 7509 22897 18498 9193 20402 21 
21 21596 1612 4 18498 5360 15299 18476 31 16882 13055 15658 2647 13909 4 1612 18498 5360 13749 18476 15678 1623 201 4 1612 18498 5360 9743 10268 18476 22327 16393 8995 16784 5 5 5 5446 6103 18498 31 22942 20402 22463 6472 4 20738 20 9193 15658 20149 18519 4 19900 18498 31 3213 5371 15678 5830 201 4 7730 31 7594 16468 4 15678 3699 21623 4 9193 31 20116 6103 21596 22773 15643 6507 5 21 
21 8956 12780 17872 9193 18533 28 
24 10606 7509 1107 4 19363 7850 15871 6103 28 27 21 
2371 20539 15678 28 28 17125 27 951 14133 
2371 20539 15678 28 28 17125 27 951 14133 
20126 6103 16647 31 9078 16098 8956 15286 22 22 
21 15286 6981 14604 14924 13512 6 21 21 21282 7914 3962 8329 31 9634 8995 22918 21 21 27 21 
21 8956 20088 28 22805 4 15424 18476 21596 9867 7847 1421 1614 7914 3962 22 
8995 7102 22463 23051 23 27 20126 21 
21 28 7509 28 4 9193 740 22318 1027 5 15138 5 27 21 
21752 22463 10273 9193 1614 4766 31 5 5 5 4766 31 28 28 1614 27 
31 10273 13909 13512 18498 13055 22805 7850 22942 
21 4913 15678 15604 4092 7509 28 4 21438 8720 8956 15286 4 
13325 7509 28 28 7730 7509 16229 28 
7730 2371 0 5947 0 21 
21 21282 7850 21981 4 17872 4809 2727 15678 7127 22 22 21 
21 9867 7850 3962 7509 14604 26 28 28 13307 28 4 4766 15678 9942 7509 18339 7509 28 13825 4 20402 6 6103 21 
21 9956 10135 4 22463 7509 14604 17658 20 20 21 
21 20497 6103 23113 20 20 20 20 
23 4 8995 16468 7850 10889 
21776 12780 1937 16673 29 22897 21 
17324 20402 6 
21 28 1059 15658 6075 6 
9193 26 4 695 8995 22657 17872 9193 7 21 
21 14299 9790 20 20 
5942 1212 28 29 
654 15678 15422 12780 9901 21267 27 21 
21 21776 22223 4 15658 21776 9808 27 21 
31 23577 10273 7509 10444 18498 8147 
21 21 21 7686 20931 3916 4 31 17608 4 18498 12345 20931 22942 7850 8632 6103 1541 14186 4 21596 31 15941 6103 16429 6103 7445 14799 7730 15932 15369 4 22918 7730 5174 7446 13727 7850 28 7730 7850 9477 5 21596 15941 4 21371 4 6103 20444 7914 23206 15989 7914 21631 4 7914 23206 4417 7509 28 5 12780 1540 31 11868 7509 13266 6103 1103 7509 11474 7509 14133 4 18498 15678 7172 6103 21793 15678 16083 17934 4 21858 9010 17939 23577 7730 1408 21 21 5 
871 7728 18498 12861 20402 17872 9193 0 22 22 21 
28 28 23151 31 22137 18476 0 
21 8956 20402 17872 8120 15678 1249 7509 21613 
7730 18498 23016 15138 16083 21 21 11454 4 9193 11454 21 21 5 5 5 
21 21 26 11617 26 26 6070 21 21 
9193 22202 10606 6 28 28 28 28 28 28 28 13825 28 28 28 28 28 28 28 28 9743 21 

