22765 30 14076 15138 6 
8995 16429 7509 23174 7850 26 20 5174 15678 17960 7730 16429 23135 21371 5 
18533 5 
15677 15604 6 29 
21 740 2727 18498 740 9387 10765 11509 15458 15190 20 11462 31 15533 16784 9193 3930 7850 23572 7730 4 1920 18498 4289 7914 3962 15678 28 28 14335 5322 22805 28 7491 18498 11284 31 8147 7730 13640 7914 20202 14335 7110 5 5 5 5 16323 16673 11510 20 21 
27 
288 18498 20402 22463 18121 6 16404 
20402 29 8995 8995 8995 20 20 20 6 16404 
20402 29 8995 8995 8995 20 20 20 
21 28 4 15643 5799 5 21 
23104 31 28 20 20 
26 26 5 
20293 1920 6 2 
27 20293 9312 1920 
17324 20402 5 
6 16404 
17438 9721 
27 5 5 
21 10916 
4369 28 20 20 21 
29 29 
9901 31 7157 5 
6329 5 
21 21 21 8156 7148 7509 23575 22133 7509 16778 7509 9193 22942 7730 15658 19900 15678 18498 14335 8840 5 5432 4 19900 18498 31 13759 6103 28 8995 17737 4 18498 7847 19505 4 18498 31 20931 13759 20402 13909 10259 7509 18498 21793 31 15718 7 18498 31 3076 6103 28 20402 13905 7509 18498 21793 15678 13923 6075 15190 5 7730 12862 749 31 18031 4766 20214 5 12862 750 31 12780 7914 10366 7730 15459 14924 662 6103 5528 31 18481 14335 9743 16098 5359 15678 8 20539 9 6103 28 2092 7509 20931 10547 5 21 21 
28 30 

20402 6472 17438 28 28 28 7509 28 
15678 6472 654 20402 18263 871 10343 6103 22463 20060 4 22463 28 16066 16148 7509 18470 10959 16066 20149 11649 5 5 5 5 6472 13909 29 1097 7730 3962 7847 15658 5913 7914 29 4 8995 12650 31 6075 6103 17737 4 22463 13591 16066 22463 28 5 654 6472 15678 20201 1097 6 
28 28 
30 28 
28 16811 
28 28 
28 28 21 
21 8593 7509 9975 6981 15266 16971 4 15658 17525 1276 17458 21438 20244 4945 6 2 21 
3086 5 
10916 20402 29 8995 8995 8995 20 20 20 20 20 
23151 28 
21 15658 4346 28 4 20463 17304 20402 13278 21371 20 21 
16440 
28 13359 
27 
21 11560 6 26 5 30 30 26 20856 7509 26 15803 26 4 17872 18525 18533 21 
6564 7914 16580 6 
21 20402 2742 1393 28 10628 20497 20 20 20 13184 15818 7509 29 7850 28 20 23016 5097 15678 9224 6103 13184 18498 22657 22463 22915 16404 13905 9789 6103 10628 4 7850 28 7509 21063 20 
28 30 16015 6103 16221 28 11560 6 26 5 4766 26 9620 15678 7558 21282 6 2 
17297 28 6 2 
4369 2573 20 20 20 20 
12780 24 20 20 20 
20402 11518 6103 15021 20 
21 11560 6 23273 5 28 5 4766 26 0 22615 29 29 29 23351 26 14335 4 11617 26 22 21298 26 7850 4 26 26 11617 0 21 
10268 28 
22327 4179 
26 26 16200 17872 26 6 
21 28 28 7205 4 7914 17923 0 21 
21 11560 6 23273 5 28 5 4766 26 0 22615 29 29 29 1983 29 
27 21 
28 26 11560 6 26 5 28 5 22575 5 3148 26 1134 28 5 28 0 12868 15588 15588 29 15658 20402 4435 
8658 4346 5 5 5 
5859 3625 20 
2974 6103 18498 15678 30 201 4766 15678 9052 6103 4189 7509 22520 6408 6981 12960 5 5 5 
28 9743 8956 21371 5 
28 9743 
21 11560 6 23273 5 28 5 4766 26 0 22615 30 7730 
28 23135 288 18498 20402 22463 28 0 21 
21 28 28 15481 4 3472 0 0 0 0 0 21 
17458 26 12850 0 0 0 
3510 7850 15036 8995 11534 28 30 16015 
13055 20402 30 20 20 
10918 20402 29 8995 8995 8995 20 20 20 20 20 
20402 29 8995 8995 8995 20 20 20 20 
7205 6 
21 28 23174 7850 28 4 8443 20 21 
6 22 
6 
26 26 
28 11561 6 23273 5 28 5 4766 26 0 22615 7506 28 13800 19698 22463 17556 20 27 
6 
8995 5947 15678 14604 22637 11560 6 22637 5 4766 5 3148 26 28 
20402 3625 8995 8995 8995 20 20 
20402 29 8995 8995 8995 20 20 20 
28 28 2647 22463 16292 6 
6 20539 
6 
28 20463 23539 201 6103 9743 22463 10916 6 16404 
18069 6103 30 6 
26 26 
21 29 6 29 6 29 28 14265 6 18525 10648 11462 0 
29 6 29 6 29 28 28 6 18525 12960 14539 0 
29 6 29 6 29 28 28 6 6 16404 
29 6 29 6 29 28 28 6 28 23274 28 0 
29 6 29 6 29 28 28 6 288 18498 7509 28 11462 
29 6 29 6 29 28 28 6 29 
28 15275 5 21 
10916 20402 29 8995 8995 8995 20 20 20 20 20 
28 11560 6 10889 8893 5 10889 5 4766 10523 21726 28 15588 29 29 19102 7509 2352 28 13166 1614 21596 22327 14466 21842 5 11559 7809 1629 6 16404 
5 5 5 6 
28 20402 23135 0 0 0 0 0 
6 20539 
15855 21282 15678 18498 9193 21371 21596 28 
10916 20 20 20 20402 29 8995 8995 8995 20 20 20 
10916 20 20 20 20 20402 29 8995 8995 8995 20 20 20 
21 28 31 5 13800 5 28 28 28 23 4 18498 14041 20402 8956 0 0 0 0 20293 288 18498 28 23029 3058 20 6 16404 21 
5737 22861 26 26 1252 5737 26 16175 26 
21 11560 6 23273 5 28 5 4766 26 0 26 26 26 22615 26 29 1983 29 
28 28 28 28 21 
20402 29 31 29 8995 8995 8995 20 20 20 20 20 20 
20402 29 8995 8995 8995 20 20 20 20 20 20 18498 10916 20 20 20 20 
21 11560 6 23273 5 28 5 4766 26 0 22615 20149 29 30 23351 
26 15678 31 26 4 26 22 18740 26 26 21 
12861 15643 12780 6075 4179 20 
21 20539 4 9193 10648 22463 28 26 15637 17586 6103 28 20 21 
20402 29 8995 8995 8995 20 20 20 20 28 
11617 26 26 29 26 26 26 2857 
21 28 16323 28 20 20 20 20 15138 9801 4 20127 4 7730 22327 13909 20 14466 15678 22406 7850 30 6 16404 21 
21 20402 4 20402 4 20402 5 5 5 7509 1843 1614 5 8956 20402 13995 20 7730 4796 23135 6075 20855 6103 20402 1095 6981 17972 20402 21282 8406 7730 5022 31 23206 12334 16404 31 5505 7509 5092 5 12780 16784 0 20402 21282 20149 5074 11560 6 23273 5 28 5 4766 5 3148 26 21 
10916 20402 29 8995 8995 8995 20 20 20 28 
21 11560 6 23273 5 28 5 4766 26 0 26 26 26 22615 29 29 13060 18498 
18638 20402 4894 5 21 
11617 26 26 29 26 26 26 2857 
28 28 30 8995 8165 7850 18525 22 20539 20149 5876 
10916 20402 29 8995 8995 8995 20 20 20 28 
30 
11617 26 26 29 26 26 26 2857 
20402 29 8995 8995 8995 20 20 20 20 28 
19969 31 10462 30 
21 31 14469 18498 9901 6 
21 20539 4 20402 9193 5 21 
20402 29 8995 8995 8995 20 20 20 20 20 21810 28 
20402 29 8995 8995 8995 20 20 20 20 28 
20402 29 8995 8995 8995 20 20 20 30 28 
26 26 
6 11560 6 23273 5 28 5 4766 26 0 26 26 26 22615 30 28 26 20 
20402 29 8995 8995 8995 20 20 20 20 20402 29 8995 8995 8995 20 20 20 20 20 30 28 
20402 29 8995 8995 8995 20 20 20 20402 29 8995 8995 8995 20 20 20 20 30 28 
17324 20402 6 
20402 29 8995 8995 8995 20 20 20 20 20402 29 8995 8995 8995 20 20 20 20 4369 28 20 
12780 4809 31 3222 5 5 5 12780 28 
20402 29 31 29 8995 8995 8995 20 20 20 20 20402 29 31 29 8995 8995 8995 20 20 20 20 20 20 20 20 20 12780 28 
20402 29 8995 8995 8995 20 12780 28 20 
26 26 
11617 26 26 26 20910 26 26 26 26 26 2857 
31 22942 20402 14539 15138 7188 5 5 5 
23151 12787 20 20 20 
6 
16104 20402 13284 5 
21 11560 6 23273 5 28 5 4766 26 0 26 26 26 22615 30 30 
17458 9193 15643 10959 6103 3224 6981 4672 5 5 5 5 21 
21 11560 6 3148 5 8893 12556 5 26 5 4766 15599 12959 7509 28 20738 4766 21553 7730 7459 30 30 30 4766 17446 7914 9719 7509 19698 29 5 11559 
2725 23067 15678 11463 7102 21596 7509 10765 654 6 21 
28 16323 16673 1424 5 6075 23167 6103 9594 12861 6103 15604 5 
21 11617 26 26 26 29 26 15803 29 4 29 26 4317 26 26 26 28 26 20 21 
30 
21 11617 26 26 26 29 26 15803 29 4 29 26 4317 26 26 26 28 26 20 21 
23522 
13325 6103 29 4796 20149 20402 15908 5 5 5 
21 11617 26 26 26 29 26 15803 29 4 29 26 4317 26 26 26 28 26 20 21 
9193 13055 201 0 6 
21 11617 26 26 26 29 26 15803 29 4 29 26 4317 26 26 26 28 26 20 21 
2727 13325 5 
21 11617 26 26 26 29 26 15803 29 4 29 26 4317 26 26 26 28 26 20 21 
21 11617 26 26 26 29 26 15803 29 4 29 26 4317 26 26 26 28 26 20 21 
21 11617 26 26 26 29 26 15803 29 4 29 26 4317 26 26 26 28 26 20 21 
21 11617 26 26 26 29 26 15803 29 4 29 26 4317 26 26 26 28 26 20 21 
21 19843 28 15658 20402 15678 18498 9743 4 9193 18481 1114 4730 7850 18498 9743 5 15658 20402 15678 18498 6075 4 9193 18481 1114 4730 7914 6075 5 13857 28 6103 28 21 
21 11617 26 26 26 29 26 15803 29 4 29 26 4317 26 26 26 28 26 20 21 
21 11617 26 26 26 29 26 15803 29 4 29 26 4317 26 26 26 28 26 20 21 
21 11617 26 26 26 29 26 15803 29 4 29 26 4317 26 26 26 28 26 20 21 
21 11617 26 26 26 29 26 15803 29 4 29 26 4317 26 26 26 28 26 20 21 
21 11617 26 26 26 29 26 15803 29 4 29 26 4317 26 26 26 28 26 20 21 
31 18774 15424 20293 20402 22385 13278 1920 5 5 5 6 16404 
7557 30 5 27 
21 11560 6 2949 7509 28 5 28 5 4766 29 29 29 28 7730 15138 10300 
4796 9605 2976 8956 3790 5 5 5 5 21 
21 28 4 9721 15658 13405 14348 17872 3962 5 21 
15678 3625 7509 3625 5 13575 5 
28 14823 20 
24 20 20 20 20 20 
24 4369 
14978 
12780 24 20 20 20 20 
21 11617 26 26 26 29 26 15803 29 4 29 26 4317 26 26 26 28 26 20 21 
24 
9193 8995 21842 16673 21726 7850 15187 7730 23135 0 26 7730 8637 28 16066 28 
12780 28 20 
20402 29 8995 8995 8995 20 
27 

