13520 20402 
21 15658 12780 8406 7850 15262 6103 7319 18498 9010 21684 15061 18069 6103 18498 15678 3047 9634 4 7914 8831 4 21596 15678 14539 7809 18498 15678 6650 9193 28 4 9193 368 18498 20402 22463 13311 12577 7730 6103 1679 2727 10482 5 21 
21 8995 343 4 9193 13055 13055 8995 7850 11518 6103 1820 6103 19969 7509 15503 21282 17872 18910 7730 20357 20126 21 
12780 4809 31 22564 15678 28 16404 6086 31 4913 5 17872 7509 8525 5 28 28 28 
21 15658 18498 9743 871 20357 4 9193 9193 21596 18498 9743 31 19083 3370 1453 16673 15941 30 21 
21 12125 6103 4179 16066 8561 7730 7277 16066 8933 4 368 18498 15678 11802 7509 17753 20402 5891 6281 18191 17438 21596 5762 31 20644 6103 6632 1393 14539 21551 18498 20149 4929 31 21596 873 4796 15678 21535 4796 20463 23118 16404 5219 1506 16404 20931 3621 5 
20402 22463 9083 1800 7730 12335 6103 9743 22327 7914 20463 17304 16404 5219 20402 7855 7730 6408 21582 13471 4766 31 5228 10795 16673 14409 22602 5 
15658 288 18498 20420 13043 5891 22463 13131 17438 21596 23174 7850 3664 18498 17520 15678 21535 4796 23118 4 9193 21371 15658 288 13043 5891 15678 16083 13131 17438 21596 1502 15678 11802 7148 7509 3320 7772 7914 18498 15678 16587 8995 5 
15459 20644 21282 14335 19509 13325 18498 9193 23174 7914 22463 7509 16083 29 3665 1393 3858 6103 17753 7509 19404 7730 19698 6072 18498 14335 13010 6103 7277 16066 6103 8933 5 21 
12577 
24 20 
21 17872 18525 740 15658 1937 7730 5947 7536 2727 9743 7730 18498 18784 17689 31 2031 4 8995 2371 22463 23570 21050 5 21 
21 26 26 5 
28 21 
15128 9193 22942 5 
21 19969 22463 3784 6103 26 23274 26 5 26 31 26 
28 30 21 
15678 28 288 866 2727 22765 5 
18498 10138 5 6 16404 
21 28 4 
5018 0 
21 21 22463 11474 6103 2367 19450 15678 17877 1773 4766 21911 7362 5 
23135 20402 2727 12294 7730 4919 5 23135 10959 6103 19450 17877 18103 4766 20931 20794 4 21596 22463 7809 11751 5 23135 20149 20357 8382 20670 21592 7730 4982 5 23135 8840 17304 19450 22463 17877 4766 21911 22963 5 16404 23135 4 22805 31 4672 10100 15361 20402 15678 13909 11861 5 23135 1575 3450 14763 18476 23135 8995 4766 16083 16971 5 23135 21371 1575 15678 17605 7730 5139 6075 16673 4672 14273 5 23135 10959 6103 9130 2092 7509 18103 5 21 21 
4112 30 6 28 23239 5 3351 5 5 5 5 2371 3494 20 21 
21 21438 17908 22463 15286 17872 14335 6830 4 9193 31 15286 19822 14604 16719 13640 7850 17819 22855 5 
26 26 15678 26 26 20402 10131 26 28 21 
18525 7491 18498 31 20453 7509 29 6103 22463 21252 6103 9833 8995 13679 0 
21 31 10606 7509 28 12716 31 18824 18498 21793 15190 18533 7730 15678 22588 5360 21 21 5947 21 21 18498 9193 16784 31 9193 3930 5 
15678 16972 15658 10959 6103 9193 15658 5 21 
21 16784 9193 3930 4 9193 20244 9103 5 
9193 22225 22823 20402 21596 16784 31 9193 15585 6103 18610 29 4 29 18498 8995 13761 9743 22463 29 1249 7730 8995 7509 22825 13909 4524 7914 22463 7509 13131 6 22 21 
21 9193 12780 12716 15678 20032 6103 5692 5 
6103 15299 20 21 
21 30 12716 866 4229 20402 5 5 5 15803 18498 9743 15678 14539 18498 26 5 5 5 26 26 5 
26 20402 5 5 5 15803 26 26 31 26 26 16105 26 26 26 26 4 26 4 26 26 26 5 12863 26 31 26 26 26 26 26 21776 26 26 20402 26 26 15803 26 26 26 5 
20402 26 11617 15803 26 12 
5255 5 26 11617 7 
13 21 
21 381 18069 7850 28 5 5 5 7102 20402 15678 29 21662 18498 9743 18498 21752 15585 15252 5 
15741 6 9193 15658 19900 15678 15540 6281 6 16404 21 
26 26 26 12863 
26 6 28 26 
7957 
873 13909 8995 20149 6075 2727 4766 31 15041 7509 28 26 
26 6 28 28 
26 6 28 28 
26 6 28 28 
21 28 9743 21021 7850 17165 5 
10273 6 13433 6103 22 28 21 
21 12780 10765 4 238 5 5 5 13055 21438 7850 11518 6103 14662 17872 22772 7509 7363 21 
21 8443 2358 2647 4766 28 6103 15002 8995 1570 5 5 5 17304 14018 17872 26 5 
7585 22 21298 26 4 26 7509 12863 5 26 0 21 
8956 8057 15658 18876 31 2031 18498 14514 5 
21 8956 9193 15643 21596 22886 1276 5 15138 3058 20 
15678 28 28 16393 22463 3790 21083 7451 5 27 
14425 21726 5 5 5 9790 7914 29 14764 7730 12406 9193 23575 29 
21 11454 6103 16971 18498 23392 31 22942 6 
11462 9193 6592 15678 21551 26 6103 7558 3059 19250 18498 8995 7850 9193 3393 
21 21596 22463 22781 6103 3393 18713 7850 13652 7509 26 4766 31 14331 21435 7850 15629 5 9193 21582 8386 4 13033 4 9193 20402 7188 17872 9193 5 
16673 14466 15658 20402 12656 31 17406 6103 21 21 17629 21 21 16836 16404 21 21 17629 21 21 16098 7730 8386 15678 15081 5 560 4 31 22942 20402 6318 5 21 
15678 28 21596 17877 5 11284 16135 16404 31 9193 17022 
26 26 
21 26 26 7509 1249 
26 30 
21 11462 14604 5598 16042 7509 4122 14335 347 31 7491 6 
21 21 1471 7509 7297 16002 6103 21551 22816 21 21 
15138 9901 9808 4766 21340 21253 16192 5 
28 16221 21 
21 21 21 26 28 26 26 1631 26 21776 8201 29 15803 26 26 26 26 26 26 26 26 29 11617 26 26 5 21 21 
26 7585 22 21298 26 20 20 20 
22463 8592 7730 15678 28 28 5 
21 18498 4672 13981 5 15424 19900 20149 368 4 9193 10959 6103 17304 9417 20 21 
28 28 28 
26 9 28 
21 1427 15678 18962 15189 6103 3629 14703 20402 6103 3172 5 16323 0 
26 6 873 943 15678 15540 7850 28 5 26 5 
26 29 6 9193 1820 31 18352 7509 28 5 5422 7509 7127 5 
22463 17368 20402 7589 7509 18962 7850 29 7181 30 21 
21 15643 21596 19310 18498 31 26 8644 15678 19800 6103 18525 4796 7850 2519 5 
17458 20402 0 21 
12780 9901 1614 6103 3058 7850 15200 6103 3962 15855 17872 6014 7730 17872 9193 20809 7730 16721 7914 9743 17411 4766 5995 19854 
21596 18498 20402 15138 26 16404 16098 26 26 7850 23154 7914 18498 9193 8995 16098 11462 7850 3906 6103 22954 155 
21 20402 21282 1614 16066 873 3494 15678 6026 7509 28 7914 17919 0 
15658 5219 4793 
8406 7850 11111 7730 12780 7279 16404 7795 7509 10273 7509 11111 
7850 21 21 10273 21 21 7509 16822 8995 22327 3289 
15658 20402 17877 6103 26 17458 9193 13055 13501 5 21 
21 15678 7726 8995 21582 4289 9193 29 4 29 17872 9901 2727 951 5 21 
21 15138 15708 31 21793 16673 18852 6103 1247 5 
15708 1393 18498 4847 7850 26 7850 20474 4 1393 28 7730 31 28 18498 23016 9743 22463 23051 7914 20879 5 23051 10943 4 7192 6103 16464 5 
15658 4 15658 288 18498 11284 15299 6329 7914 9901 29 1249 13909 22765 4 9193 9901 9522 9808 4766 21793 31 4790 7730 15678 3870 7509 16971 18498 16784 4 15424 18498 29 14763 4 16404 6256 22463 18852 1614 7850 28 4 7850 28 16066 9743 22463 13481 5 
15138 15708 1393 21793 5 7730 20149 23135 8918 16066 6256 16468 21371 4 8995 22327 2727 5 6114 7 21 
20402 3058 5 20402 15138 3058 5 21282 23016 20 
18481 4181 5 31 7728 15658 5219 19466 
16689 18498 31 5995 20402 19854 5 
21 26 1836 5 
26 26 21 
21 28 4 16647 8956 8443 21 
21 16633 7509 18567 6 18584 7509 16385 29 
21596 18498 23151 17872 28 5 13055 15678 28 4 9743 7914 10060 5 3058 21 
7850 4306 7509 16633 7509 2667 
1114 1393 17819 22886 5 
9193 7730 15678 28 13405 31 28 16404 5174 30 5 
21 9193 288 22463 21945 7509 23575 2635 6103 18684 7509 9956 29 26 5 
21945 16404 15678 12327 7509 20402 28 5 
21 21 11617 997 26 31 26 26 4 11617 7509 26 26 26 5 
11617 28 26 26 26 11943 26 31 26 26 5 21 21 
28 4 28 
20472 6 7127 7914 18498 20402 5121 17743 7850 28 16404 15678 9224 7509 9975 6103 20247 5 
21 1612 2595 3335 18498 23016 4796 22463 21394 7850 3790 5 
15678 18159 15894 21932 17520 22463 2827 7730 22463 22888 6103 22564 9347 16404 15678 22588 7509 2827 5 349 18498 15678 3454 7730 20977 22564 20402 11115 4 9193 9193 15658 17511 14335 3454 1453 16404 22564 15678 22888 7730 12780 31 18376 5 20402 15708 31 15781 31 22640 7509 2827 21371 5 
12780 8386 30 21 
21 4179 22897 873 4491 28 7730 9193 5174 21340 10343 6 
21 21 31 28 20402 31 1694 7509 10300 21 21 
17438 13909 7562 18498 20402 462 4 15658 288 18498 8995 8561 5 
15678 18498 15658 18533 7491 18498 20402 14425 20402 1362 7730 21 21 10259 21 21 5 9193 10959 6103 7599 2727 31 15533 5 21 
21 18525 4766 16633 9835 4 
4766 16633 20402 9835 0 
16066 8995 13909 16404 6 
18525 4766 16633 20402 9835 4 
4766 16633 12780 9835 5 
6103 21793 14881 4 871 20352 18702 4 16404 15658 7491 15643 4 16393 4187 5 
13909 6115 21 
21 0 0 0 21 21 21 21 21 
21 21 21 26 26 21 21 0 
21 21 21 26 26 26 0 26 21776 26 4 26 26 4 26 26 11943 26 15924 26 26 15803 31 26 26 11617 26 26 26 15803 26 26 5 21 21 21 
21 4122 1341 4766 29 
30 3840 15604 29 
3723 15604 
16679 6103 22954 15604 
4122 15604 5 
12780 17438 9193 21 
1393 22898 9193 18533 21596 22463 5995 14425 7730 21551 16404 16367 7850 9078 7730 21752 22463 10273 
21 11617 26 26 5 5 5 5 20402 5 5 5 
5 5 5 
28 29 11617 26 26 20 21 
8593 17872 13131 20402 13909 13278 
4829 5 
22463 17406 7730 22886 
18930 6329 20 
21 21 21 9193 20402 22463 10192 9786 18498 16367 6103 10473 21 21 21 
21 23135 15855 15678 11114 7509 5659 7509 7726 26 13456 7850 31 23575 31 20247 15266 1249 7730 4346 17438 15658 8386 4796 22463 11114 22385 17504 17304 20402 22385 19854 5 
18197 6 31 13456 2647 18610 29 5 29 11462 21 
1247 7509 28 5 
21810 9010 21394 6103 8974 22507 5 
21 20149 31 22767 15252 6389 7509 4417 12780 20402 29 11211 4 17304 7459 31 9586 14466 31 6103 23572 7850 14336 7730 1190 21793 15190 6103 13072 0 
740 19450 15678 17877 7509 8806 5 
21267 4 14604 3906 20402 29 5 29 7730 9193 15658 17629 16468 7509 21613 14162 5 21 
21 15678 11522 4 22886 7509 9622 7509 15860 4 16393 12277 21 
21 26 26 6 30 12863 
22240 31 21494 7509 4122 21282 7730 15658 18506 15425 4896 20 21 
21 4988 7730 3558 5 16393 18644 16066 16852 0 
21 21 28 21 21 21 
8 29 
873 14335 8060 23478 29 0 
21 21 21 26 31 26 20402 26 26 26 26 26 26 26 26 26 26 20402 26 5 21 21 21 
21 9980 873 7491 5 
9193 15658 8995 9594 7509 20931 15936 4 10960 16066 11644 17382 5 8956 16440 21371 20402 13278 31 17838 4 9193 20402 21282 31 14465 16440 6103 22463 16971 5 16404 22327 12861 740 9387 22463 17458 5 
3472 31 8959 7509 15081 6103 23135 18533 8995 23104 0 
9193 18533 14539 19900 15678 18498 23135 9743 16404 20357 15678 20463 20044 5590 4 4796 23135 18768 1393 12221 4 8241 15678 6474 7730 4788 20931 23091 5 21 
21 11462 16429 7509 9193 17819 5590 6103 28 5 
11284 18876 22463 26 17999 7509 15987 7730 16721 21 21 17438 18606 15658 21 21 5 
14335 12406 9193 29 13055 18498 15658 5590 11284 13909 6103 22463 15266 7730 16083 15266 1276 7509 23575 22897 5 9901 9808 4766 15678 19522 7730 15678 23516 7509 16971 15459 21743 6103 9224 5 4766 4181 4 18930 1393 21793 18498 17520 23167 6103 5590 16066 13055 5590 4766 871 10385 18498 16429 871 22897 6103 22463 5590 6103 28 15988 5 20402 15678 14425 1062 16404 23135 6075 1612 10268 7730 18784 21582 21095 20463 13494 13909 7509 18498 9193 22140 11224 5 
21371 20402 23570 8147 15678 28 7730 22805 18498 7847 5219 21095 20931 14577 7914 18494 29 14764 5 5 5 654 12780 21596 18498 14780 2727 13909 951 7 
15678 16676 17790 20402 41 6103 29 14764 5 23135 4289 13761 4 3790 5 
29 7914 29 14764 12780 14335 659 17438 8329 5 21 
21596 15138 31 20149 19089 20670 8956 15599 7730 15678 2131 350 7850 28 5 
21 8995 7850 14856 10520 2352 0 
21596 22886 4766 15138 13909 10385 5 
7102 8995 7102 22463 29 20723 13055 5 21 
21 9193 8995 7286 7730 14335 21179 22463 11644 18498 14335 16393 12442 7914 22463 16066 13909 21684 7509 28 28 5 
9193 20402 2038 647 7730 13055 16468 6103 18475 22463 7509 9692 6103 11857 16066 15061 14604 16718 16404 31 16083 16971 5 560 4 5174 21389 16971 3058 7730 13284 18498 368 7914 3450 4672 18498 16404 9193 15658 9743 20357 4 9193 5360 20402 23570 16971 7730 9901 9808 17438 20402 9808 7509 12939 6281 5 9193 9387 21689 18498 15855 21894 16404 2038 647 7730 23118 22855 5 
9193 16434 288 18498 11462 7914 28 31 16971 20402 2727 21797 5 
654 11731 22463 15190 15894 31 18010 20149 12732 5 11731 18498 4163 6103 29 7509 17436 15187 20402 2001 647 7730 4163 6103 29 19239 21596 22463 16083 5 4796 23135 288 18498 31 16971 18498 368 7914 28 20420 22092 7914 22463 15190 7573 16673 18736 7730 16673 4509 0 9193 11731 18498 20420 6075 17438 13688 7730 15708 31 20149 22092 5 560 4 20420 866 21916 20244 20357 4 22463 16971 368 7914 866 1920 5 
4524 18498 9193 17511 8995 8561 5 15678 19522 17304 20402 16083 4 9193 8956 16718 14335 9743 3124 7914 16925 18498 21355 9387 22463 21801 15138 11020 1393 15658 5734 7914 22463 28 7730 18498 4 21355 4 31 16971 15658 21596 16367 16404 16721 15511 5 
6 28 4 12255 6 11561 6 18250 5 28 5 15983 26 17835 11112 19239 21 
29 29 15745 5 
21 26 26 31 26 26 5 
28 21 
15790 23135 5 
15678 13909 7451 20402 2124 15678 28 7730 22805 31 10273 4751 7850 26 5 5 5 15658 19900 13909 18525 20402 18525 13761 5 
26 26 28 5 4766 26 
26 
21 21793 15190 9605 2727 20670 31 18912 9790 2092 7509 28 5 
12780 21662 11462 5 18912 9790 1393 29 5 
5320 15678 21551 2136 19450 4766 31 15834 5 21 
21 22765 4 15299 31 22805 8956 20882 6103 28 5 5 5 14076 15138 20 
17797 22463 4795 7509 28 28 21 
21 16468 23206 20247 20244 21596 871 9956 12577 16404 1937 5 5 5 22463 2725 7127 6592 29 9956 7730 6408 13909 29 4 9193 11066 31 22463 13923 8995 6103 21252 16404 7576 4 13761 20149 20402 15678 29 9956 7730 654 15658 21596 13909 15299 15603 21 
21 201 6103 22805 7558 9948 6103 21360 2515 5849 15678 17490 7509 9574 5 
3790 4 15276 10141 5 
12780 21582 21752 10273 7509 18195 22897 21 
22805 7509 28 16238 
21 1427 4 15502 5219 14984 9010 18506 3393 7850 26 26 5 
6 21 
11617 997 26 13085 15803 26 26 5 11617 22 13800 26 5 
15604 22886 14284 6103 21793 9971 6103 20247 
9324 5 
22385 6103 16323 5 
18498 7127 22223 5 
21 22307 0 18498 22307 0 
15855 8956 7127 3086 20 21 
21 21684 23570 4 18533 23135 17599 8593 16066 15658 5 21 
28 15658 8995 17714 16404 18876 22 26 26 22 4796 4770 5 23 
28 
14604 3550 7509 21932 16393 22463 13591 6103 9132 6103 22463 6072 16971 18498 11079 22327 5 
21 1393 22898 23135 16721 31 4 9605 31 7730 31 16971 16098 31 4 9193 31 16971 15658 368 18498 31 18533 7491 31 17458 31 20402 12695 21 21 7847 18533 6075 31 8386 2372 21 21 5 21 
21 9980 12454 5 6408 6103 29 15266 5 
11066 1393 8067 7509 28 21 
21726 28 7509 26 20402 26 26 26 26 21776 22564 12863 5 
21 9193 23575 1249 9193 21596 22463 10959 15218 5429 5 18494 22327 20402 3058 7850 1062 4179 5 
654 6592 18498 26 17426 20402 15138 3058 6103 16098 16404 16468 15678 21551 5 20402 23570 16404 15658 16721 7914 15299 7730 10122 7850 21932 5 21743 30 4 9193 21983 1393 12755 6103 9202 5 
21282 288 18498 12780 8307 19871 5 21 
21 28 4 9193 23016 6103 23559 17872 21932 7730 21282 16765 18476 4289 5 
16098 1612 23180 7491 18498 12780 23444 4815 15678 7127 21793 5 21 
21 29 8956 20402 15678 17226 4 15678 18606 288 0 
29 16393 22463 3058 17226 5 
29 20402 21282 9359 654 5 
29 20402 5 5 5 
29 21776 559 15658 5 
29 15678 18606 0 
29 10127 15678 17226 4 12780 12960 14512 7850 22798 21793 5 
15678 28 18498 14335 8361 31 11731 7499 1920 5 21 
21 26 26 4766 4181 15036 20112 4766 31 22942 18498 13405 5 7957 5947 7730 6103 9975 22304 4 7847 13473 22463 10796 7914 3348 6103 9457 15678 6679 6103 23104 31 22942 1393 15252 2092 7509 15364 4 2304 7730 491 5 
26 21 
12901 4766 3058 4842 6408 6103 22463 23570 7127 6103 8593 
18525 13909 17658 7623 6103 13307 7509 18498 4331 16066 3211 0 
15005 7509 13131 7509 9145 7509 28 7730 23016 8593 7509 13131 7509 16200 18533 7491 18498 4187 28 15658 21596 4796 15658 16647 22307 
21 14724 21397 6103 7623 6103 13307 4796 18713 6103 13505 7730 17068 2828 5 
15658 9901 15678 18498 9193 8840 5 9901 26 5 21 
21 20402 7850 8632 4 7914 29 18498 9193 1540 31 3222 22 22617 1034 22 5 7102 21596 13405 7847 13909 31 21267 5 21 
21 9193 9901 4270 7914 22805 22463 2156 6103 11857 1487 1393 4189 15291 6103 16753 8593 5 
29 7847 17629 6103 11999 4 12862 20539 5 1920 20420 13909 9452 7102 1393 5742 7509 14156 5 
29 8956 2156 6103 11876 15658 18044 15678 17915 15291 5 18498 20402 15678 15081 6103 7446 11857 2098 1393 17915 11862 5 15658 21596 5020 5 21 
21 8995 15138 3058 4 28 5 31 13539 6103 2442 9901 6329 21 
21 15678 3790 23123 951 5 
21 21 26 22 20539 26 26 15005 26 26 4 26 11617 15005 
26 11678 26 11617 15005 4 26 26 26 26 0 
26 20402 26 26 26 26 26 26 26 
26 26 26 22 18740 26 22 26 26 26 
26 26 26 22 21298 7509 26 21 21 
26 4 28 28 21 
21050 7509 28 5 23 7174 5 
3960 5980 7730 18651 
21 15678 26 7509 28 201 6103 2124 5 
654 9193 17511 16162 22463 5320 7730 21 21 4854 21 21 15678 4934 5 5 5 
15658 14335 8386 13923 4 20402 23570 9226 4 9193 20402 2932 21596 31 15955 6 
29 
26 
28 
26 21 
21 17819 19094 20670 15678 28 6 
15658 6256 15678 28 7730 28 4713 6075 6103 13620 4 9193 14156 13616 7914 21793 31 10273 7509 28 5 
15658 9743 16440 6075 11111 5 21 
9193 21596 14378 7384 6670 15678 29 1249 5 
21 7491 18498 31 8995 8561 16066 20402 9303 4 15658 11843 7914 7491 18498 2372 8995 4179 5 
8329 31 16971 15658 8386 12862 4 31 7318 13909 9158 13055 22886 7850 28 15658 12780 16367 5 
9193 16721 7914 6075 22463 9365 4 9193 12861 10795 22463 5227 21340 18470 31 6650 7730 18498 4935 22327 18498 9193 7491 7730 9193 21776 4766 17667 5 21 
21 17819 15882 7914 1249 5 
8918 6103 14810 31 10735 7730 31 4524 1276 5 
8918 6103 3124 18512 
8918 6103 21543 4766 26 
6256 21551 6103 13909 7850 10159 5 5 18498 18070 8995 15138 951 5 21 
1027 15678 28 14418 
21 8840 2371 4 21596 15138 4672 9193 14604 3050 5 6256 11139 871 7730 9901 21282 4766 15678 18498 20402 11861 5 
20670 15678 4122 7730 31 16582 5 21 
31 2464 4785 1393 29 29 7730 15678 17535 11663 1393 29 6 29 5 
21 21021 8995 7278 19206 1393 7558 23544 6 
23533 7914 5762 15941 6679 5 
23533 7914 1575 15941 12221 5 
1067 6400 6103 20855 4 17495 4 15138 18070 4 31 20803 6103 1067 21570 31 20402 7278 18007 1393 20803 7509 8744 7730 7509 4876 5 
10192 6 15425 2614 4426 5 21 
21 15678 28 20402 12094 4 9980 5219 22564 31 618 6103 22463 14881 10544 7730 15988 15678 18498 21596 18498 9743 5 5 5 20149 22564 7850 21932 20420 20497 5 21 
21 288 22463 19484 7205 4 15658 9901 6137 5 21 
15658 20420 6329 20149 31 29 11154 15187 20402 16673 7584 7509 28 7730 20149 4229 23239 0 
21 8995 22327 2727 4 9335 16673 23577 16718 18498 4 18476 20402 13325 4 16393 22463 14223 16066 22463 8067 16673 5648 7730 22126 22463 21295 22240 6103 11590 21557 5 4796 22463 1789 16066 22463 12094 18774 5 21 
21 1612 14924 7914 18498 29 23572 16468 19549 7730 20402 14425 23151 16404 3962 7730 16647 15678 3906 16404 4289 14466 2087 5 
9193 21582 4 20402 28 5 21 
21 8995 22463 7127 3086 17872 3807 4 15658 21596 21932 7730 20402 28 5 22805 22494 7730 1649 23553 13761 20402 5 
12780 22318 8593 7730 9867 5 6 6103 
9808 1247 17872 28 4 28 28 7730 28 28 5 
3058 11590 18498 23016 6103 19324 5 21 
8956 1614 20402 3625 7509 7127 5 
21 12780 23442 5 
21 11208 4 11208 26 5 
9980 9417 15678 26 15658 12874 5 15276 3058 5 5 5 7730 10648 22463 3671 6103 3227 6 
14426 19484 5 
21 21 21 26 12863 26 4 26 12863 26 4 7509 12863 26 4 26 15678 26 
15005 26 26 4 26 26 26 26 11617 26 16105 21 21 
20207 7127 16098 28 5 21 
21 16323 17872 15834 18498 5219 14335 5762 29 17877 6103 22463 23577 22897 4 14335 17560 6103 8406 7914 5322 13909 6103 22463 22897 4766 7847 5 
18498 20634 18498 23135 21596 18498 5219 14018 7558 9711 4 6103 7558 17233 7176 16404 7558 16971 7176 20402 31 14539 13539 0 0 0 21 
7491 15678 18498 9193 18533 16098 6 16404 
21 21776 23438 7730 15678 15258 15658 19900 9312 15678 18498 9193 21596 4 9193 9193 21776 22805 26 26 16673 29 22897 8443 22327 2727 5 21 
21 17458 21596 21389 10765 5799 12641 14684 7850 28 11462 0 
9193 5174 23206 16971 18498 20402 17872 28 11462 7730 7847 15658 8995 13761 16404 6202 15425 12641 14684 5 5 5 909 4 288 18498 15424 15678 9535 8995 559 6103 12643 7914 10982 15425 5 11731 15678 21932 6103 1820 8956 2429 5 6 16404 21 
21 9193 15658 21596 6 
19240 4 10547 16066 5734 7 
21726 7509 5528 7 
15936 17380 20670 21793 15678 1875 7509 10982 7 
15936 10211 20670 31 7176 23067 7772 7 
17659 17438 16440 17382 5 
9193 21282 21596 22463 3393 5 7847 20402 3735 6103 18876 4 10795 7730 8458 6075 4 12301 16066 5179 5 7847 8561 4 9193 7847 1540 5 7847 15658 20402 7687 15424 15756 5 
7730 9193 15658 8386 873 18498 288 18498 12861 14335 9743 22463 16971 17106 17438 4060 4 6103 18475 22463 18498 20402 4 7509 9707 4491 308 5 
9193 15658 19900 31 18525 662 17438 12861 4 9193 288 18498 21793 15678 8464 4 14539 15678 6482 4 21596 4179 11868 7850 17889 5 
26 6 7730 9193 12780 19456 18498 23135 20402 7174 8329 23135 19456 18498 21371 20402 5 21 
15678 21551 6103 15988 7200 20931 22942 8995 12025 7850 5982 18498 9743 18476 7491 18498 31 21480 7770 21551 0 
873 2371 13055 15855 17872 19143 15567 11462 0 
17304 6256 15678 29 13480 29 29 20244 14335 17703 4766 31 10332 8 29 
21 13433 4 28 5 5 5 15658 18533 14156 22463 10606 4 23135 18498 8789 5 5 5 
288 3058 20 20 20 
21 4672 13909 19676 18498 9193 13055 30 5 17438 17556 4 12255 5 
20402 6103 21596 14378 6103 4796 22463 16971 1920 5219 21596 1097 4 20199 7730 18475 21743 6103 1506 5 21 
21 23135 8995 13359 22463 28 7730 6103 19324 
21 21 29 9707 19038 
15138 20931 18736 6103 20149 20357 8455 5 21 21 
18525 13909 22805 15678 8561 2371 0 21 
21 21 21 4060 26 26 26 26 26 28 26 26 
11617 26 21776 26 26 26 22 4060 26 11617 26 26 28 21 21 
21 20244 4795 4 20311 5 21 
21 26 4 26 5 5 5 1937 15678 7558 1276 6103 22918 7850 20247 16468 7730 18930 10260 5 21 
21830 7509 16633 7509 2667 
15585 14480 6 15658 21810 22463 13236 12526 6103 26 21282 5 
21776 6103 3058 4766 15678 14604 21932 6103 8686 5 
21 654 21282 9620 288 22463 13727 16404 3124 12861 7914 20879 20539 
18525 19900 22463 18159 6103 26 0 0 0 21 
12780 21596 18498 4854 5 18498 22327 5360 6075 4179 7850 20931 22942 17934 20244 6256 6103 13131 20931 22942 16972 5 8 29 
17872 4711 5 
21 7102 21596 22463 6981 16404 3450 14334 28 22 20539 4 11246 13085 4 28 9170 7850 19856 21 
28 8 29 
21 22463 7509 14426 21684 18498 13055 13359 4 9193 288 18498 6075 16404 373 15678 9708 7509 2156 7509 4873 9193 28 2131 5 20402 15138 13909 7188 20149 6987 9193 28 6103 11462 5 21 
288 18498 15502 17304 15855 16404 15678 9244 7769 7509 14506 7509 26 7730 7491 18498 7847 15658 7102 14076 15299 17438 20402 22463 8057 6103 12963 5 1612 17461 20402 8322 7730 6075 15138 7251 5 
23135 8406 7914 22463 10560 6103 21480 7730 22463 22588 21596 15678 22406 6103 22 26 22 
21 15678 18962 2118 4 19139 4 20402 6103 29 20244 8208 5 
22657 20 20 20 21 
21 873 2371 21596 16066 13055 14606 7914 22463 28 23384 29 0 
15678 18498 288 0 21 
21 9193 12787 20402 8637 22463 13945 17872 8632 7730 16630 31 7509 10696 5 20402 31 26 26 4 18498 7847 15643 21596 22886 1276 7730 15643 21596 4229 6103 10696 5 
8443 7847 20402 22463 10696 7730 17406 5 21 
29 20244 13759 7850 14604 3710 7509 2439 
21776 6103 352 5 
15138 3058 12861 1614 5 2727 12299 5 
26 22 20539 26 14577 5 
21 1249 15604 15138 3058 5 
20402 15678 9707 6103 18498 16784 14604 4122 7730 21810 29 17413 7850 18376 5 21 
20402 15138 3058 5 
31 14413 472 6246 21282 4766 31 3393 7850 22115 4796 20149 20402 10765 5 
21 21 21 18498 13690 4 3790 21 21 
6075 5362 1393 3962 26 28 7730 14096 15678 15669 7509 11683 6103 871 15936 13761 7850 951 5 21 
15678 5 15678 
29 6103 29 
21 17510 15678 17737 4 15708 12787 5 21 
28 16221 14156 28 
21 873 559 6103 8406 7914 22463 17983 0 
21 8995 20244 4122 17438 22463 21551 5 
8406 7914 26 12277 6103 22821 5 21 
21 12861 14335 13325 26 26 5 15678 8385 8386 5 
28 4 14156 
21 21776 22782 1694 7730 14119 7509 4112 7509 10982 16559 5 12578 11980 
14604 23577 26 17382 7914 21793 14604 28 7730 12780 16367 17438 1614 14539 5 21 
21 8995 4179 4 17304 21596 16468 13909 4672 17438 4434 5 21 
29 1249 4766 31 15144 13909 13512 7730 7451 18498 9193 13055 5174 5 9193 1540 4672 4766 23135 7914 3450 22463 6075 1249 5 22318 1027 15138 
21 28 20670 5614 7850 19870 6 21 21 20402 22463 20429 6103 29 3393 4 21596 18498 5621 7850 22463 31 22463 21 21 
288 18498 7847 15658 19900 4796 10473 22463 26 21 
9193 18533 6 16404 
21 9193 1540 31 9743 26 26 5 7957 9743 22463 10940 4766 12861 5 
28 28 4 28 28 6103 28 4 30 28 28 4 28 16221 21 
21 15708 31 21793 18498 14335 6075 16323 11462 5 
9193 662 15138 7957 15658 21596 19474 3450 12182 5 21752 15678 7127 16404 14335 6830 22463 17556 7730 26 5 
15138 15708 14539 4 23135 20402 6329 5 
134 21 
15658 4796 12861 9743 22463 29 1249 

