7127 4290 6 6103 23206 15299 20 
21 7730 31 9193 14426 19699 20813 23135 5219 1744 5 5 5 4796 15658 14335 1409 0 5 5 5 
10217 6103 28 15533 669 1114 
1097 21 
21 18498 22 22 10959 15658 20149 7319 22 22 7730 18498 15678 18498 20402 19854 16404 22463 17304 20402 14149 16404 15678 16083 4 2136 2371 22327 2727 20 15678 18498 18784 15658 8386 20402 18498 4766 21389 4672 16404 20149 10959 15458 15190 4 21596 10765 18498 12430 7850 17106 4 3213 17438 17380 20 21 
23104 1022 20402 15138 21409 5 23104 11462 20 
21 21 21 31 15502 7110 13923 17438 13923 5 5 5 21 21 
15658 20402 15708 31 15299 368 7914 9193 18525 18533 10959 6103 9193 18525 18533 15708 6103 15299 21 
21 20244 28 9193 15658 23104 20 
3058 7127 21 
21 20149 11284 13909 13512 4 6621 20 20 
5915 28 12864 
28 7850 4380 14539 10273 17309 9193 20402 15678 18498 21596 17872 11462 21 
21 7914 20463 21684 31 13530 7914 22564 4 17908 110 18553 7730 21592 7509 17581 4 18498 22855 20670 31 22603 7509 13788 7730 13530 7850 5662 7509 19225 12616 5 16404 21389 4 18968 31 2248 19289 7730 20931 21592 4 4796 10211 6103 21471 15678 9894 4141 6103 20463 7314 7730 4 31 16440 6318 4 10795 15604 11845 5 
31 17819 21592 7368 20402 31 6103 28 7730 15678 22310 7584 6103 9707 13538 5 
31 8447 20402 15678 1995 6103 17918 8446 16066 18780 13536 5024 5 6389 6075 22408 20149 8147 9709 4796 15678 7716 4 7863 13538 18498 12145 15678 21551 16066 13727 7914 18498 22463 8446 20402 17918 4 4796 17986 16972 7 8446 16825 4 18498 18779 31 2367 18498 15542 4 4796 31 17972 7 22564 6103 5082 4 6103 10211 31 2136 14539 14878 15678 20357 7509 8446 6400 7509 13616 7914 18498 20402 4730 7 4179 15404 7730 20931 10211 6103 5288 18498 4 7850 22821 4 17304 15398 22463 15400 4 22018 7914 22463 22668 7509 569 5 17438 9365 6 31 15400 9193 15658 10959 6103 7623 4 9193 6256 4524 18498 2248 7509 8446 15658 20402 410 7509 2368 4 17495 20149 8956 15400 23016 4766 22463 4882 18498 31 5392 4 21596 22463 569 16066 21135 7509 569 4 4796 7914 6 9193 15658 10959 6103 7623 4 1108 5 
31 12264 4 7914 18498 8147 4187 8446 18498 6702 22463 20396 6103 11845 31 16440 7509 14539 5 8956 11845 15658 9387 10019 4 9193 6103 9707 16871 6103 20357 15678 8446 5 1920 19895 18498 15678 9593 20402 3735 6103 8386 15658 1453 13575 22463 6075 8446 4 9193 17304 21371 12259 7914 20931 8419 5 
31 12488 4 7491 20670 31 16192 7509 4229 7314 4 5082 4 5198 4 17724 4 513 7730 6329 18498 4 5133 1421 9193 8446 4 12479 20670 31 14031 6103 12623 5 
7850 20396 4 26 9450 871 22133 7509 21592 6103 28 4 9970 12327 4 20670 15678 2073 6103 9605 5 7914 20463 21932 4 28 7400 7558 21743 6103 569 4 31 5271 4 18498 1453 6650 15678 8974 7509 4672 7730 31 16825 4 18498 15299 6650 7730 15658 17304 20402 20559 21440 4796 22823 16066 9608 4 20402 15678 3962 7509 15970 7914 18498 15678 1995 6103 20149 15973 20402 18779 4 9193 15658 20402 17521 4531 7914 9608 16066 22823 5 1563 20463 9132 4 4796 10211 6103 7172 5272 6103 16825 4 15678 9970 18006 18498 18476 866 20149 20402 7491 4 22310 2073 20402 18779 6 15678 13630 4 18779 18476 20149 8446 22463 10343 4 16066 20402 4 15678 1995 13537 6103 7491 7 15678 11707 4 18779 7850 13530 7 7730 15678 16864 18498 20149 18779 16673 13530 7730 17304 225 7914 22463 7809 9225 5 
31 21592 308 1547 20402 1559 17438 2248 18498 7850 6075 20396 4 4796 20402 15678 3962 6103 28 26 4 18498 10230 31 15623 6103 11844 4 16066 12264 9507 7509 18191 8446 4 20402 7847 5448 4 6702 17438 22463 9462 13535 7730 4982 13480 1393 13788 4 4796 5080 7730 4526 6103 16192 7730 5458 4 18090 17438 17838 10795 13480 1393 4962 4 18498 6400 7509 5348 31 18498 15678 7499 20149 8147 12418 5 
16404 26 4 15678 17838 10793 18498 19133 31 4962 20402 15678 7509 5496 5 16404 21389 4 10230 22463 21266 6103 15252 5458 18498 7102 20402 19456 7686 15678 7499 5 20402 7847 6 15252 6103 18478 4 19078 1393 12301 9380 7 15252 6103 18471 4 20670 31 22811 7509 12301 7 15252 7509 19225 4 10657 31 16935 7509 1961 7 15252 6103 14031 4 19210 20670 31 4520 7509 1961 7914 18553 5 
15459 17406 4 26 19210 18498 31 21592 6103 26 4289 31 20402 5799 8565 4 13055 18498 3799 4796 11639 7730 22610 4 1393 11680 15678 1274 7509 2073 6103 4962 4 9193 31 21592 7850 22821 15658 18006 22463 5574 6103 17838 31 20402 20202 7850 5288 7509 4962 7730 20539 7850 12621 7509 14539 4 15658 11680 5131 18498 17511 20402 6702 7730 20539 7914 4796 7847 20402 5284 5 
31 18195 2248 1547 7850 21684 6103 26 20402 28 4 18498 565 18498 15678 5353 22053 16673 2073 6103 9605 17304 20402 11851 16066 9445 7730 7454 7914 17763 4 5879 12301 20402 85 17525 7730 6400 7509 20357 6103 22463 14154 13537 7730 20949 4 7914 18498 31 12301 20402 7320 7730 6103 19478 7509 16097 5 
4796 10211 6103 9978 20463 21684 4 15678 2248 19487 18498 20402 110 1453 22408 7509 17581 4 18498 9010 17438 20931 22897 7730 15138 9474 7730 1132 7319 7914 21935 18498 20149 19295 7730 2098 31 7847 15619 4982 5 
26 9450 6103 14031 4524 7730 14762 31 21652 1547 4 22564 15678 15263 4845 16404 9430 4 17495 20402 18929 18498 15678 13310 17520 22463 5179 18162 20670 15678 1961 16066 18498 4 1393 14370 18498 31 12626 1421 4 3348 4 17438 16083 10192 4 20149 12296 13909 1132 5 
20463 7314 16475 16673 11455 7509 17581 4 6670 15678 17406 7914 18498 20402 22886 16673 13534 4796 31 13236 6103 13600 7509 13535 4 17324 16404 7847 15658 22092 6103 15700 21692 7509 4509 7509 13530 4 2136 15678 6731 6103 20931 21592 18498 16468 31 3801 4796 6103 9707 4 22463 4509 5 
18924 31 13311 6103 31 13530 7914 22564 31 21793 15678 9128 7509 5943 6103 28 4 2727 4796 23479 17934 18498 13055 2131 7850 23498 4 17324 20463 5353 20402 7607 6103 11020 22665 21692 3735 6103 7945 4982 7730 10795 7318 16934 31 9010 3629 5 20402 1920 4 31 13311 6075 14273 4 18498 6172 6103 14031 10099 4 22015 7914 22463 15941 6103 9404 7509 5179 5 
7099 7491 21371 4 18498 15658 1453 15678 8812 16066 410 7509 13788 7730 13530 7102 22583 6075 21684 5 15678 14539 17304 12465 1612 4766 4179 5936 7914 7038 13909 31 10484 15678 17838 18498 16871 15678 7314 4 7914 20931 17919 7730 19522 5 17324 4796 17916 7730 18893 6103 7499 12418 7850 15190 7509 4962 4 9450 31 7847 6103 21793 31 14031 4 9734 7850 15270 18101 4 16967 4796 871 7809 17304 20402 20986 17918 31 19606 6103 9193 12551 5 
8386 15678 883 18498 10261 31 4962 4 17304 22020 15678 21061 7914 22463 13188 7509 14539 4 3728 31 12259 6103 14031 5595 7914 20931 2614 4 3328 15678 19856 7730 4915 31 14469 15658 1453 21115 4 9193 21371 7914 21793 20463 7809 6103 20357 5 21 
21 20855 6103 11462 6 21282 21596 20205 22463 22897 7850 20247 20 
3058 7127 21 
21 28 28 13817 6103 28 15344 7914 29 7850 15036 7509 13588 4 19698 6103 12897 5 
15834 15678 17835 15540 7509 18776 3170 4 15678 17819 17753 7509 204 3170 6103 28 7730 22463 7509 8682 13909 316 7509 13576 5 15678 3873 15344 7850 15036 7509 13588 2128 4796 12974 4 5856 4 5824 4 7634 7730 17318 5 
13817 8678 5366 4 5857 4 17313 7730 19771 4 6256 31 20931 5422 16404 7176 11205 13577 5 7850 4785 7509 3916 4 1522 7914 21684 13909 5232 4 4766 12290 19782 5 6408 4 20402 15678 18776 18498 9901 13909 17737 7850 20931 15704 5 15678 2248 4 12027 4 20402 13325 4796 22463 7509 8682 13909 11861 7509 18776 5 4766 20931 9474 17919 4 5219 12287 8682 4796 28 28 7730 28 28 5 
15678 4139 7509 15041 6103 13817 6103 28 4 7914 29 4 20402 14156 17438 12763 11477 31 8956 18498 20402 5241 15678 13905 8682 3170 5 20931 15704 5360 31 11888 15678 13310 6103 11462 17458 4 4796 7491 15678 5856 4 16393 9901 13909 2118 1393 14370 18498 15678 21551 16468 5 15678 21684 6103 13817 110 4 4766 23067 704 7730 6103 10211 7845 4 23206 1875 7509 22942 11570 5 20402 10544 16765 4 7914 20463 13598 4 31 9989 12790 7730 15678 20326 6103 11590 18498 15658 20402 6256 6103 13131 15424 14539 18476 20149 22092 6103 1962 11051 5 8956 3802 4 18498 10211 16440 11861 7509 13284 7509 8682 4 8995 17737 4766 11020 10268 7914 20931 15704 13909 11861 4 8406 31 18470 15678 19771 14453 18440 6103 28 5862 7730 7563 3975 5 20931 15704 11888 17438 128 17596 21793 15678 11205 13577 5 7850 17316 12345 4766 15678 19773 6103 5796 29 7730 9603 29 4 16468 16673 12141 7914 1089 29 7730 16673 16418 7914 15766 18263 16673 17819 22897 7850 23154 17316 4886 4 7914 29 5 1393 14539 21551 4 13185 31 4710 5366 10101 29 7730 11454 7509 14406 29 4 8406 16083 4 7730 15678 19771 19502 29 4 31 15256 7730 31 13751 29 4 11302 29 7730 28 28 29 4 18498 20402 5241 7509 20463 16953 19782 5 
7730 13640 7914 20202 23016 31 20931 
15705 6 14453 18440 6103 28 5862 29 4 28 28 29 4 7563 3975 29 4 28 7730 28 29 7730 14449 6103 28 29 5 
7914 20931 23523 4 20402 871 22898 5799 17458 20149 7491 18498 15658 110 31 11020 18553 20699 7730 15291 5 17531 4 15619 9132 9743 22463 18819 6103 20931 15704 4 18498 20402 22886 654 4796 9522 5856 7730 9459 6103 22023 17942 7850 20709 3170 31 16440 7509 9971 7509 21264 30 5 21 
21 20539 4 20402 1114 5 7384 15502 17304 7693 5 21 
21 21252 20402 1612 7127 18498 21 21 15671 21 21 8840 21389 4 7730 18476 4289 4 21 21 15671 21 21 21282 9901 7914 3962 9743 23206 15299 5 21 
7509 15533 16468 20 
21 18533 18498 23135 14335 2700 4 9193 18498 4809 16673 14604 18376 20 1920 4 13161 4 15012 4 7090 4 18533 20357 22318 2988 18527 4 7914 3450 16620 14604 18533 16098 20931 19468 9901 3450 22897 13909 15804 18533 20357 18498 23135 8995 3450 22897 14335 6679 18533 18498 23135 11849 16404 7730 23135 17304 8406 7914 9193 20402 31 17819 22897 16066 31 23575 20 9417 3450 16440 6103 9193 4 1575 3450 16440 4796 20149 20402 31 23575 22897 18498 14335 21596 5 
21282 18533 18498 23135 20357 22327 12861 4 18533 18498 11731 22327 12861 7730 6408 14335 7491 15678 18498 288 7509 11644 0 472 20357 23135 4766 15138 21671 7914 9193 11644 4 11454 5 5 5 7914 14604 5574 5 5 5 
8443 23016 5980 7730 11731 18498 8995 14335 9743 22463 28 4 2727 1614 7850 9193 2990 4 2727 10962 4 17819 4766 15678 6193 4 3224 4766 14604 11073 654 4766 31 13788 4 4766 31 2988 4 4369 22327 16404 6389 6103 23135 5 5 5 12861 4 1920 14539 4 16468 15678 6193 7914 14604 5859 2727 14915 7730 13347 4 4766 3870 5 
12780 4 14335 11731 20402 20931 11462 4 21282 11462 12780 9743 22463 4672 7174 12780 0 15678 18498 14335 7491 7957 12379 4 12780 9743 23135 10987 6103 22463 14031 21916 15604 4 4796 15502 12894 5219 9743 20 18533 22327 12861 7730 15138 13909 5 16721 7850 21680 16553 6389 7509 9193 28 4 21680 16553 11020 7730 10962 7730 2727 14915 4 6408 16721 15423 6389 6981 9193 3315 10962 13688 6103 21671 17438 23135 5 12780 5 5 5 5 11731 22327 12861 12780 5 5 5 9193 8995 8678 12861 8329 21810 2530 7730 11731 23135 1614 16468 31 15256 2727 10962 7850 9193 2990 4 13161 14604 16655 7730 14577 10962 7914 9193 4 1920 4796 23135 7491 18533 9743 5 3058 4 654 20402 4766 23135 20 8840 20402 22463 6310 16718 5 21 
21 15658 14335 6256 12780 7957 4 9193 21371 15658 20149 8744 16404 14335 21596 16936 5 1920 9901 7188 20 
18498 11462 20402 14425 18498 15908 21 
31 13759 18498 14335 11165 20402 13909 10259 18498 15678 15860 18498 14335 4163 5 
21 23 4672 4 11462 20402 21680 7127 7730 9193 19900 2727 4796 20402 4886 13909 22463 1249 6103 22942 4 15678 18498 15658 8995 19900 14539 20402 4796 14335 9457 15458 9314 14924 22463 21389 12838 4 15658 20402 14539 0 4 9193 7850 13033 4 8995 7188 5 5 5 27 
2727 4 21282 18533 7850 16630 16404 12894 6256 6103 20402 8956 16971 14149 4 4841 4 16374 6103 21793 11518 4 19416 4 4273 21156 7730 17836 6103 9524 5107 5 18498 15643 6256 6103 20402 10259 4 1471 7509 22942 18533 22318 17664 14667 7730 22463 16630 5 20402 12094 7730 15658 14514 21596 8956 20853 13512 1400 17438 15299 7730 15424 17438 15502 20 9193 7491 15502 4 8386 0 6679 15458 7127 22385 8810 4 15138 16580 4 20127 4 1114 4 835 4 9801 7730 21793 8956 2965 4549 6103 1247 4 7730 18498 21793 20463 20826 20149 18779 7730 9312 17438 14514 21389 4 18498 21793 7847 20149 21858 18774 15678 13909 6418 17521 5 19900 18498 7914 18475 14924 4 20402 16404 6452 4 19698 4 22240 22463 11644 4 10142 4 21810 22463 28 4 6070 1612 18376 6103 20434 1794 18498 21282 23135 19900 4 20402 16404 18281 9790 13688 31 15286 6103 28 28 7850 7730 288 18498 8995 47 7850 19735 11943 19698 4 20402 16404 7491 1453 6 1421 6446 20 20402 16404 15678 18498 20402 4 9193 8995 20293 7509 20463 13131 5 7730 1471 6103 9193 21 21 16753 7419 21 21 4 23135 20402 14388 11861 16404 9193 4 22463 12787 18498 9193 12894 155 15256 5 9193 22 1095 20931 13688 22 18498 9193 12894 18533 9901 20244 5 
16323 7730 22463 21083 9808 1247 5 
22318 1027 4 19857 13512 20 
6103 20293 20402 16404 21793 15678 20293 4 1150 20 21 
21 15460 13909 13512 7509 17812 20 
23051 18165 2689 10962 7598 4672 13909 13512 17812 2385 14539 21 
21 21 21 10959 6074 18498 14335 6472 5 15678 10544 15643 14335 12578 4 13055 15678 15754 11875 20293 14335 2082 7730 15138 21 21 5 
28 3058 7127 
28 7850 4770 13909 22463 13669 7127 21 
21 23 18498 15678 7127 6103 11462 20402 16404 20402 4788 4766 15138 3870 4 17324 20402 15678 1247 7509 15144 13909 18533 7730 17431 6103 21793 5939 6103 4434 5 27 
16323 21739 28 4 14604 1114 20 21596 4181 18498 15678 7127 6103 11462 12780 20402 17556 16404 18498 31 16971 18498 31 18533 2727 4 7850 6184 21793 3870 18498 31 20304 14514 5 20402 22463 16971 15138 18533 17438 21793 5 18498 15678 7127 6103 11462 20402 22463 7127 78 4 7127 15138 8810 4 18498 18876 15138 22925 17504 4 15138 20127 4 16580 7730 9801 7730 12894 8918 18498 20402 22463 9365 6103 15253 4 21739 4 12787 4 9942 4 15144 4 20744 4 18498 20402 31 14425 21739 7509 15190 20 20 
22463 11020 2700 10943 5 
22318 1027 5 
18197 6 10273 1341 4 9193 8995 22657 5 27 21 
21 15874 4 14335 4229 28 4 201 6103 8406 16404 15678 5942 6103 13461 7914 28 7730 16404 9193 22327 740 20402 15138 15604 5 7850 22821 4 21582 20402 15678 13909 3206 17521 4 22463 22897 18498 18784 15391 15138 6981 3047 5 20293 8241 2595 7102 31 9193 5055 6103 6215 23063 21911 4 9193 1393 16440 7509 14924 18498 8406 16404 31 22516 22327 20149 21858 22463 21389 13909 4894 4 15658 16673 9707 6103 9193 15658 8474 7730 14335 20357 16066 14335 9743 6103 4676 4 9193 17438 18553 6103 10691 740 13905 5 20293 15678 21596 4 9193 13026 1393 14604 12333 1393 22516 4 16440 7509 14604 20015 16404 22065 7730 26 12780 13026 4 20244 9594 18498 15138 7509 22898 17629 19969 1393 29 7509 14049 16404 15658 14335 2087 4 15678 18498 225 7914 10691 9500 4766 871 13176 4 13055 18498 19969 20244 918 5 991 6103 21793 15678 6775 10555 7730 18233 4 21596 7730 20293 21596 15138 23167 6103 12333 7914 22463 22516 4 9743 22463 5942 4 17438 12861 4 8995 9522 9808 7730 20112 15678 10691 4766 31 22516 4 21371 21596 16083 19478 16404 5913 4 8443 4 15658 21596 4796 753 9193 9634 4 5876 7509 10691 4766 19277 14604 7730 6103 9193 15253 7730 9130 5 5432 4 8840 15138 18498 5219 8956 3047 16404 14335 753 9193 10691 7730 7850 13669 7730 22385 20825 3610 18498 20402 4289 2136 31 5015 6981 5942 5 6670 13055 4 15138 15708 5 21 
20402 3558 5 21596 10765 6329 20402 21546 5 
21 13749 4 13398 4 2288 4 21582 
15678 20304 8995 4766 23135 
18031 4 12430 5 5 5 
3058 7127 21 
26 11617 26 26 26 21776 26 26 26 5 12863 26 26 26 26 26 26 26 26 5 
21 9193 18498 17667 3058 4 14335 6256 1614 1393 21778 5 5 5 21 
21 21 21 1027 21 21 21389 7914 16192 4 18498 20149 8918 6103 1027 7914 2053 5 5 5 22463 16689 20 17324 15678 14425 16630 6103 6663 4 6142 20402 31 15127 6103 4901 20 21 
7914 9634 20 
21 5 5 5 15658 10959 6103 15299 15033 16066 2694 5 6663 4 9193 10959 6103 20826 4290 6103 5527 5 21 21 21 
21596 16971 18498 5762 20931 18191 21546 7730 6408 9901 22223 18476 4356 5 12780 8386 5 5 5 5 
21 14604 1097 4 23151 20 
2154 11977 28 22429 18894 7509 3572 
9971 6103 10548 13055 21438 4766 20126 
2287 29 21 
21 15678 17106 4102 15658 20402 1612 18498 15658 22805 4 7730 20539 1612 18498 9996 15658 8474 5 21 
21 1393 22898 15678 18498 9193 22805 
18494 15502 22805 
7730 9193 19900 18498 23135 19900 
18494 20244 18533 
18498 9193 22805 15678 14539 18498 23135 5 5 5 21 
21 15299 14425 7509 18498 22463 12221 15533 4766 31 1095 20 
10273 13909 16066 14466 6103 15908 20141 4766 31 1095 
15533 3058 13909 15533 1920 21 
21 29 29 29 6 29 28 5915 6 
5915 4 21340 7914 5939 6103 4434 20402 0 
29 29 29 6 29 28 5915 6 28 4 21340 7914 7589 28 20402 0 
29 29 29 6 29 28 28 6 15834 4 8995 20539 5 17458 0 
29 29 29 6 29 28 5915 6 15299 27 21282 17458 9193 288 18498 22805 28 15658 2547 1614 7914 12864 4 16721 18498 22318 21438 
29 29 29 6 29 28 28 6 15658 4 8995 7914 15253 5 7847 21438 21282 0 21596 4181 0 7847 15658 14335 9594 15299 31 19456 5 
29 29 29 6 29 28 5915 6 15144 4 18494 4181 5 
29 29 29 6 29 28 28 6 18476 0 11462 0 654 0 
29 29 29 6 29 28 5915 6 8995 1614 15658 2547 16936 6103 3962 4 30 18470 20402 0 
29 29 29 6 29 28 28 6 15658 4 21267 0 7914 12864 
29 29 29 6 29 28 5915 6 
21596 4181 
29 29 29 6 29 28 5915 6 7847 7730 13909 7558 14464 
29 29 29 6 29 28 28 6 
29 29 29 6 29 28 28 6 15658 368 15510 20 20 20 
29 29 29 6 29 28 28 6 15144 4 14335 7491 18498 15658 20402 20 
29 29 29 6 29 28 5915 6 30 4 9193 7491 18498 22318 9594 15658 
29 29 29 6 29 28 5915 6 
16721 18498 22318 19900 
29 29 29 6 29 28 28 6 17304 6256 5 
29 29 29 6 29 28 28 6 19900 15658 19900 4 9193 15708 17438 2322 5 9901 30 5 2700 5 21 
20663 15678 13512 6014 2352 5 5 5 
21 16323 4 14604 12787 20 
23135 14514 21793 9801 7509 15190 5 18498 20402 31 16971 13909 9808 7509 15190 4 15658 21282 11462 4 9193 21793 15678 28 7509 20931 22942 5 9193 21282 21596 18498 22318 662 17438 21793 15678 15576 14924 13030 7730 17836 17438 8995 4815 7914 21793 15678 14924 18498 9193 17629 5 18498 28 11710 20463 3611 5 15138 1249 6103 22942 4 20127 4 13054 7730 16580 5 9193 21596 15138 20855 6103 21596 23135 7850 9193 22942 4 6103 20402 20044 7509 21680 20044 7730 6103 20402 20931 12787 20 
1027 23135 4 2818 4273 5 
11253 26 12787 
14604 2488 8995 9901 22765 21 
21 31 22942 20402 22463 7750 20 20149 23135 15658 8995 10959 7509 18498 8995 18876 4 15726 15678 18498 8995 7990 5 21 
21 13909 22463 1247 20463 4 6103 15138 7730 15138 18498 23016 4 15253 20 21 
21 16404 9193 4 11462 20244 7728 20402 22463 7509 6086 13909 11861 7509 1249 4 20402 15678 7127 7914 18498 31 9193 15253 15253 4788 13909 22463 1249 6103 22942 5 2727 4 15658 12780 14335 9016 15138 4 22463 22897 18498 16192 871 6219 15678 18498 9193 20357 16673 20304 9193 7432 4 15209 4 17831 4 19169 4 7087 4 9170 5 9193 22318 1027 20244 14370 4 20244 9971 4 21282 22318 1027 7730 22318 1027 7730 22318 1027 7730 22318 1027 7730 22318 1027 7730 22318 1027 7730 22318 1027 7730 22318 1033 12274 5 8235 4 7850 6679 22327 6103 14425 15458 15190 740 20402 17556 20 15138 20127 4 20127 4 20127 4 16580 4 16580 4 16580 4 1249 7730 1249 7730 1249 6103 22942 11756 9808 5 
21282 14335 19509 662 31 28 7730 662 31 22318 4 15253 5 15708 17438 22327 20 
9808 1247 4 15253 5 21 
21 16098 7491 18498 31 7557 13909 13512 7509 15190 9743 1247 11462 5 3222 20 27 
16323 4 18533 31 1095 5 
6679 18498 21793 20463 20826 20149 18779 20 19900 18498 20402 15138 7730 871 2727 9077 4 9193 15658 5960 6679 4 4179 0 3058 4 7850 22821 4 18533 7491 18498 23135 20402 15138 11861 16404 9193 5 8956 13690 18498 9743 16440 6103 23135 4 15658 8644 31 3076 18498 11284 7914 20463 5528 5 7730 12861 18498 11862 20 21596 22463 13512 7127 6103 11477 20244 9971 5 18498 23016 14673 6103 16083 1249 6103 22942 4766 20127 7730 16580 7730 18498 9193 17511 16439 6103 15138 1393 20463 13131 5 
2700 20 
22318 1027 4 28 5 21 
6670 18498 15678 15190 20402 15190 20 
21 12780 21793 3702 6103 5528 6 
21 21 31 5846 6103 13978 20402 15678 21680 16698 20 21 21 5 5 5 
1027 15678 17737 4 21739 28 5 8 29 
28 28 8995 7850 20044 21 
21 13909 22463 20402 28 20 
6103 15908 28 21 
21 23394 3006 5 5 5 
6103 15908 28 15238 
15678 4303 8985 21 
21 21 21 18481 13909 13647 20149 20402 4 13909 13647 20149 18533 20402 21 21 5 
1612 22765 13647 15128 20402 17629 6103 23151 1393 16014 1095 22765 6075 21932 9193 9193 1027 6256 15678 13669 21 
21 16323 4 28 20 
18498 15678 20463 7127 20402 22385 13512 18481 15678 20463 20853 20402 7730 7850 15812 21389 9801 18481 31 20931 1103 8458 16404 31 9193 22942 5 18498 9010 15604 9169 4289 18899 6103 15138 20127 7730 15604 15941 16404 5025 15678 20463 20826 13909 6679 5 18498 31 835 340 23135 17438 21793 15678 14924 7730 18498 28 5360 11165 21793 15678 20463 28 7730 11710 3450 22897 13909 15678 20463 16719 5 22327 6103 3058 7850 20931 22942 4 18498 20402 9171 9808 20 18498 28 7850 6103 15138 20127 4 16135 4 21021 7730 17836 9801 5 21596 23135 4796 1095 20402 22463 3369 5 15708 17438 21793 31 22898 18498 14335 16098 7730 4915 5 18498 21793 31 4672 3058 6981 15190 9743 16440 7509 20931 22942 5 20402 9193 1095 4 31 22821 20402 18498 31 22516 20402 22463 9524 13690 4 8423 9193 18009 15138 4672 3058 7730 13026 4766 21793 15678 20463 9103 4 11020 1103 20402 5284 7730 1920 20402 15678 15576 3962 5 27 
11066 31 28 4 20357 18498 9193 1103 20149 10252 4766 15678 16468 7509 28 7730 662 17438 7847 21596 349 5 8235 4 6679 18498 21596 15138 1249 16404 6770 31 4672 18498 31 22942 9193 15812 4 18498 23016 15138 5168 4 17562 7730 22915 4 9193 17836 18498 16468 21596 22463 1103 4 991 7509 22516 5 
9801 20293 5 6 8 29 21 
21 7730 15678 20402 28 5360 5 5 5 
1737 18184 29 20402 20497 20 21 
21 16323 20 
18498 15678 20463 7127 20402 22385 13512 18481 15678 20463 20853 7730 7850 15812 21389 9801 18481 31 20931 1103 8458 16404 31 9193 22942 5 18498 9010 15604 9169 4289 18899 6103 15138 20127 7730 15604 15941 16404 5025 15678 20463 20826 13909 6679 5 18498 31 835 340 23135 17438 21793 15678 14924 7730 18498 28 5360 11165 21793 15678 20463 28 7730 11710 3450 22897 13909 15678 20463 16719 5 22327 6103 3058 7850 20931 22942 4 18498 20402 15138 9808 20 18498 28 7850 6103 15138 20127 4 16135 4 7251 4 7730 17836 9801 4 18498 28 7850 11710 1394 8995 5 
9808 1247 20 21596 23135 4796 1095 20402 22463 3369 5 15708 17438 21793 31 22898 18498 14335 16098 7730 4915 5 18498 31 20127 4 31 835 4 15678 1114 7730 15138 16580 9743 16440 6103 21793 31 20931 22942 5 9801 20293 5 21 
21 740 7509 14465 20402 28 7509 15190 20 
6103 15908 1393 15533 28 7279 6103 14335 4289 28 21 
21 12894 7491 22463 14487 18498 15658 17511 18069 5 
28 28 21 
9193 5108 7914 22318 20304 20 
21596 28 18498 15424 9193 14335 21154 5 3058 15533 28 462 20402 12505 
21 1540 31 20149 4730 7914 17819 13727 15658 20402 7830 4 12861 4226 6 1114 18191 5 
18498 15678 7127 4809 7730 21623 2727 3058 7127 21252 4289 21 
21 28 0 20 18533 19900 7850 18498 8995 16721 4 4179 0 17324 2371 8995 5 
15658 21596 16404 15894 5590 4 16404 22327 15458 22942 21596 20813 7558 947 6 16066 17953 16066 19152 4 15658 11284 8968 16066 14336 21625 4 15671 4 1453 15671 20402 18525 8637 17438 18470 7509 7558 12783 15953 5 9239 16066 19574 0 20 7839 31 18553 5 7850 9193 11581 15936 22087 6103 22463 4672 20558 4 23556 7730 15668 5 9193 13167 4 15658 17302 10743 5 3450 18470 4766 20463 3450 18470 4 15658 20402 14539 0 20 740 1920 4 15658 6256 6103 5739 18498 22 4179 16971 22 20402 18498 4730 4895 15894 15658 20402 16404 9387 4 15953 17438 20738 18476 20149 21596 22327 10544 7914 15256 16404 15658 15678 9743 5 1920 20402 4 201 12255 17438 8637 15678 1427 
21 21 10544 21 21 18476 7850 22821 20402 15678 13909 4891 4 16066 14425 4 15678 13909 8561 5 
16367 4 15726 4 16721 4 7319 4 21596 8386 4 17495 31 15299 4289 4 20365 31 20319 6103 18498 15138 20738 17438 15955 4 21355 17438 10959 6103 20738 5 5 5 
20420 6035 20149 15658 20402 22304 20 
7730 13909 22463 22897 12107 6 17438 18498 19152 7914 22897 6103 17953 0 20402 22385 13909 20558 2288 20 9193 15658 4 20402 4796 20149 15678 18498 2087 7730 7850 12960 16404 22305 20402 20293 15678 14425 31 20402 9790 4 15678 12728 17792 5 1393 12755 6103 20202 7914 10366 4 20149 15952 7730 12430 7914 23104 6389 7509 4077 6103 28 5 7730 15678 17106 20402 18498 17438 13909 18498 20149 21582 847 4 9996 15658 8720 4 4796 20149 21752 15678 19800 7509 18191 13759 7730 20149 8644 7850 8715 7509 4077 4 20149 17689 4 20149 17858 5 5 5 17438 22898 16098 7491 18498 6 21 21 15678 17106 4102 15658 20402 1612 18498 15658 21 21 18533 22805 21 21 4 9193 4 15678 18498 15658 18533 16098 5 21 21 7509 14539 14881 18498 6 
21 21 19460 16404 20402 19456 5 21 21 7730 
21 21 22669 16404 20402 22667 5 21 21 15658 15736 4 16404 22327 7914 20931 22942 4 22564 6103 2053 17954 1393 12755 6103 19155 5 8423 4 3391 31 23135 8637 15678 18498 7850 5482 4 22463 22897 18498 9193 22942 20402 9790 6103 8637 6670 15678 28 2136 31 15041 5 22327 8464 8637 5 21282 18498 16404 5219 22463 8637 4 20293 12783 9193 6396 4766 7558 3611 7730 16066 947 5 28 9193 6256 15678 13591 1643 4 16066 20402 4 20402 15671 18525 6146 18498 3610 7102 22202 7914 9193 22942 4 7509 14539 14881 18498 20813 15671 20402 18525 17304 6146 18470 8637 21810 5 20293 12783 9901 31 10366 7509 4179 16066 8561 4 7509 3058 16066 19854 5 5 5 10794 20402 8637 7188 6103 20402 21810 5 22821 4 31 8637 15424 20293 20402 10544 4 8423 22463 4672 20402 4179 6 20293 21596 7558 15955 4 22463 3058 7730 22463 19854 4 19509 23135 8637 20149 14514 20402 9808 16066 20149 22657 31 16689 20738 4 20149 18533 12780 991 16066 20149 7702 17438 20112 9147 19361 5 
20402 4 23135 18525 8637 4 21282 23135 20 
18197 6 15678 21684 6103 11462 20402 18494 22463 6452 5 909 4 22087 6103 22463 6452 12163 7279 5 17304 20402 18498 6582 18709 7850 10667 6103 22 871 22 4 9193 21371 17304 20402 18498 12861 15658 7850 9743 19089 4672 871 4 7850 8377 9193 17629 7491 12861 4 14539 18498 15658 23016 21198 15425 7809 5 
15708 4 6103 15299 5 6 21 
21 15678 21684 6103 11462 20402 18494 22463 6452 5 909 4 20402 22463 6452 5 17304 20402 18498 6582 18709 7850 10667 6103 22 871 22 4 9193 9193 17629 7491 12861 4 14539 18498 6103 14881 12164 5 
15658 21596 16404 15894 5590 4 16404 22327 15458 22942 21596 20813 7558 947 6 16066 17953 16066 19152 4 15658 11284 8968 16066 14336 21625 4 15671 4 1453 15671 20402 18525 8637 17438 18470 7509 7558 12783 15953 5 9239 16066 19574 0 20 7839 31 18553 5 7850 9193 11581 15936 22087 6103 22463 4672 20558 4 23556 7730 15668 5 9193 13167 4 15658 17302 10743 5 3450 18470 4766 20463 3450 18470 4 15658 20402 14539 0 20 740 1920 4 15658 6256 6103 5739 18498 22 4179 16971 22 20402 18498 4730 4895 15658 20402 16404 9387 4 15953 17438 20738 18476 20149 21596 22327 10544 7914 15256 16404 15678 15658 9743 5 1920 20402 4 201 12255 17438 8637 15678 1427 
21 21 10544 21 21 18476 7850 22821 20402 15678 13909 4891 4 16066 14425 4 15678 13909 8561 5 
16367 4 15726 4 16721 4 7319 4815 14539 16404 22805 20149 5219 8386 4 17495 31 15299 4289 4 20365 31 20319 6103 18498 15138 20738 17438 15955 4 21355 17438 10959 6103 20738 5 5 5 
20420 6035 20149 15658 20402 22304 20 
7730 13909 22463 22897 12107 6 17438 18498 19152 7914 22897 6103 17953 0 20402 22385 13909 20558 2288 20 9193 15658 4 20402 4796 20149 15678 18498 2087 7730 7850 12960 16404 22305 20402 20293 15678 14425 31 20402 9790 4 15678 12728 17792 20 1393 12755 6103 20202 7914 10366 4 20149 15952 7730 12430 7914 23104 6389 7509 4077 6103 28 5 7730 15678 17106 20402 18498 17438 13909 18498 20149 21582 847 4 9996 15658 8720 4 4796 20149 21752 15678 19800 7509 18191 13759 7730 20149 8644 7850 8715 7509 4077 4 20149 17689 4 20149 17858 5 5 5 17438 22898 16098 7491 18498 6 21 21 15678 17106 4102 15658 20402 1612 18498 15658 21 21 18533 22805 21 21 4 9193 4 15678 18498 15658 18533 16098 5 21 21 7509 14539 14881 18498 6 21 21 19460 16404 20402 19456 5 21 21 7730 
21 21 22669 16404 20402 22667 5 21 21 15658 15736 4 16404 22327 7914 20931 22942 4 22564 6103 2053 17954 1393 12755 6103 19155 5 8423 4 3391 31 23135 8637 15678 18498 7850 5482 4 22463 22897 18498 9193 22942 20402 9790 6103 8637 6670 15678 28 2136 31 15041 5 22327 8464 8637 5 21282 18498 16404 5219 22463 8637 4 20293 12783 9193 6396 4766 7558 3611 947 5 28 9193 6256 15678 13591 1643 4 16066 20402 4 20402 15671 18525 6146 18498 3610 7102 22202 7914 9193 22942 4 7509 14539 14881 18498 20813 15671 20402 18525 17304 6146 18470 8637 21810 5 20293 12783 9901 31 10366 7509 4179 16066 8561 4 7509 3058 16066 19854 5 5 5 10794 20402 8637 7188 6103 20402 21810 5 31 8637 15424 20293 20402 10544 4 8423 22463 4672 20402 4179 6 20293 21596 7558 15955 4 22463 3058 7730 22463 19854 4 19509 23135 8637 20149 14514 20402 9808 16066 20149 22657 31 16689 20738 5 21 
21 9193 16753 22 11020 22 12787 5 
12787 14604 1114 6056 3962 6103 15253 10405 3058 6329 5939 6103 4434 21 
21 21355 20402 9743 22463 16404 15678 16083 5 21282 14335 20357 4886 5354 7730 14539 18498 23135 15643 21596 7491 4 19900 18498 22318 4886 5 16468 21389 21551 9130 8956 21680 12939 18498 1454 13359 20463 15855 7730 18476 22805 20463 15860 3219 7914 8147 1393 14604 4 20402 31 15144 13909 9808 6981 15190 5 10959 6103 14335 8084 8406 20463 3192 7730 18876 21793 15678 3564 7509 20463 5574 4 10959 7509 20463 20853 4 7847 14335 9743 20852 21371 4 10959 18476 23135 6256 22327 18498 8995 9743 7730 23016 14539 18498 18691 14606 4815 5 1393 22898 21596 31 20319 18498 20402 15678 23577 18498 14335 8386 5 23135 20402 31 9193 22942 4 22327 18498 9193 13909 18533 8147 7914 23135 5 20402 23135 18498 14335 8361 31 1027 4 20402 23135 18498 14335 15061 18498 31 9801 17304 20539 23029 19814 5 20402 7730 20402 23135 4 16404 20293 5 7730 15658 11284 16192 18498 6650 21364 15678 14604 1114 17438 23135 4 16066 31 20319 18498 20357 1393 8995 16936 6103 22318 5 9193 22942 15128 18476 22318 5174 5 14604 28 8716 20402 12701 16673 11758 3219 7509 21680 20853 4 14604 28 22223 20402 21810 16673 835 6103 22318 8147 4 14604 14378 6507 18476 7914 22318 9743 9193 28 5 15658 17511 14335 8254 7730 13055 15658 5219 8254 31 13909 15502 4 15658 5219 8644 18498 15678 18498 9193 13909 18533 7730 20293 12780 18533 20402 23135 5 15658 6075 20 21282 6103 16721 7914 9901 20244 23135 4 14604 5528 5156 5 9193 22318 1027 4 22318 18533 7730 20293 12780 18533 4 9193 15678 18498 18784 17629 20402 18498 23135 14335 6075 22463 17556 13909 6103 2031 4 288 18498 21282 4766 12861 4 9193 8995 17267 20112 5 21 
21 288 18498 18476 31 9801 23016 2647 7914 9193 17478 4 9193 8995 4766 22463 14388 10186 6103 16098 5 21282 17304 20 
753 16169 15658 8995 10544 21 
15502 10959 6103 23104 7914 18376 6103 11154 7730 20293 18910 1393 18497 3710 5 5 5 
31 22898 20402 15392 18498 349 22463 10505 16404 18498 20149 1540 31 6075 22665 31 3232 13405 5 5 5 
21 20402 21551 6103 20402 28 20 
14425 23523 7509 1249 10548 2136 3206 22429 21 
21 14660 4 20931 13688 5 5 5 5 
201 16066 
201 
201 16066 
201 
201 
16066 
201 
201 16066 
201 20 20 20 
30 20463 13512 4 20402 15138 2727 23016 20 21 
21 7850 28 31 16440 7509 21264 23342 4 21179 2248 18498 31 9971 6103 20149 13446 261 7509 13494 22129 16673 17316 15431 4 1547 15604 4993 13577 5 6990 10211 4 4809 31 8474 7850 15704 9462 6103 20352 11915 7850 21942 15291 5 883 15458 15604 4993 4 15678 2248 22126 16404 31 15704 22463 10211 13909 4961 5 51 1393 17556 15678 13744 31 9971 6103 6075 13727 31 22463 9032 1585 7509 9605 3170 5 
20149 22092 7509 19771 12142 7730 22535 4 17302 565 18498 28 6103 28 20402 15678 13905 2248 4994 6981 18025 7850 28 4 22463 22897 18498 1393 16440 6990 15704 4 15582 15678 1558 22126 16673 14539 7850 1589 7509 5348 3170 5 7914 20931 15704 12142 17438 9365 4 11284 15678 8078 7509 11341 15291 4 31 9927 7509 23545 1544 9300 22667 5 991 7509 9307 7509 15364 7730 31 18366 5 18481 1393 19771 22534 4 7839 15339 13347 7730 14761 6658 5 9010 1548 20663 17743 14155 7509 16918 9818 5 1614 4 15678 11341 3797 16673 15522 6103 3952 5 22093 21371 7850 21786 1393 5856 31 20709 3873 4 31 28 20699 7509 4526 15260 4 19225 20699 7730 28 5 21 
21 1612 23575 28 18498 23135 15658 19900 15678 18498 8995 13909 2429 6 20463 18487 4 20463 3388 16066 20931 22942 5 
17461 30 5 5 5 18498 9692 20 
28 7188 
18498 15678 18195 20402 14426 21 
21 20463 1247 20546 31 13905 9801 18498 14604 5528 6103 15460 
17823 7509 15144 17304 20357 5 
31 6103 7491 4766 15138 3870 6 9808 13909 22463 1249 6103 22942 19342 6103 20127 7730 16580 4 14604 1114 20 16630 31 28 21793 15678 28 4 16404 17740 4766 15138 28 11686 31 9010 20 13669 1249 740 12783 9868 4 9193 18533 2336 5 
9808 1247 7730 9193 22318 1027 15138 30 5 21 
22385 10259 17438 20402 5 21389 5152 17438 6389 
21 9971 7509 7297 13576 17485 29 5 
23206 5146 
8995 201 
30 29 28 20402 1114 21 
15678 20191 20402 21596 10547 7914 28 5 
21 28 4 6047 31 10268 7730 31 16135 6103 8241 15678 17877 18498 14335 1421 7850 9078 7509 22942 5 21 
21 16192 15658 20402 21036 16404 9457 15678 21364 7509 3870 18498 21596 16673 20931 16971 4 17931 28 20 
3488 7509 14049 7847 14514 17923 18533 
9971 7509 7297 23135 21743 15658 20402 6917 15658 6256 6103 9193 1027 27 1755 7850 28 
6256 15138 20126 21 
21 15678 19773 
19563 31 8003 13909 17942 7730 15678 20352 20402 9457 2092 7509 17318 18498 9450 6103 21340 10211 31 20546 15678 18498 20357 6103 14031 2725 7730 4 15138 22898 4 14416 5 
6389 7509 17316 4 17304 698 31 15704 19782 7914 22310 10796 6 
18458 
1549 7509 15704 6 
18263 7914 29 4 20304 20402 22463 7509 23575 19771 6103 28 7730 15678 20207 26 6103 9193 1386 5 22087 6103 22463 19771 18498 21179 7850 17819 14561 7509 21264 30 5 
15678 19771 9193 19210 31 22942 6103 22463 2725 15108 6137 7730 22992 4229 28 28 5 28 16468 22463 12319 17297 13026 1393 15253 7542 7730 22463 12787 18498 23016 31 9601 7850 469 5 15338 7914 21613 16971 4 15678 19771 8144 9122 7914 18497 16440 7730 7850 20201 15970 6 15678 17807 4 18595 4 17511 7730 19426 5 
20304 7730 20463 5348 6 
31 15704 20304 14156 31 13749 7509 15144 16673 1114 7730 16673 13441 26 2625 4891 7850 16953 5 15637 20709 585 7730 8339 4766 31 19652 12195 4 15678 7251 21596 22463 11868 20522 5 
3802 19782 7914 20304 6 
20304 20402 22463 19771 18263 7914 17269 21551 7509 9032 19782 3170 5 7850 28 4 20402 21551 7509 18776 5 
31 9307 7509 12179 7730 7509 16920 5 31 18774 19782 20149 5278 8958 16673 6987 18498 20149 6075 1393 9193 7 
31 23517 6103 13441 7 
15678 11638 19782 7 
31 9327 7 
31 19012 2092 7509 1114 20402 21535 18967 7850 15704 6103 871 2248 4 8406 7847 4 6987 28 6103 28 5 21 
21 21252 1393 15533 20 
16646 19843 28 21 
21 16404 20293 20 8 29 
20402 15678 4284 
21596 18498 8995 4766 15678 5505 1027 17556 21 
21 15253 
16151 19843 8956 15533 19283 21 
21 7730 13909 22463 22897 21596 7491 20 
7127 7509 17934 6103 28 20 28 17438 1114 9808 7127 8 29 21 
21596 22463 3393 7850 9193 7594 5 
21 18498 11462 20402 22463 7127 3058 20 
16440 7599 22463 17556 3058 7127 7127 22327 7850 21551 6103 28 21 
21 21 21 15678 14604 17877 20402 18498 9193 8840 7730 20293 8840 6329 7509 16971 5 21 21 21 
21 16323 4 9193 1095 20 
21355 4 17511 16393 19336 16066 4672 7509 21743 4 9193 19900 20402 22327 6103 5528 5 
17818 4 15138 20127 4 16580 4 1114 4 21021 4 13909 7730 13909 5204 4 7850 6679 21389 7730 21389 4672 3058 4 18498 9457 2092 6103 20558 16192 9901 2136 7188 4 9193 12780 13761 5 5 5 
31 3450 7127 18498 16468 4 16765 18498 31 14156 18498 31 22942 9193 6256 20402 16463 4 9193 31 1103 22823 15643 15036 4 1453 474 5 19900 31 7419 0 7847 13822 4 14335 6256 22223 4 9193 6103 22463 4672 9193 21596 4181 4 7847 15658 11810 7914 15299 7850 1114 18498 20357 17438 22318 5 21371 16765 1393 13669 7509 1249 18498 20402 15678 1097 18498 9743 4766 18498 31 22942 21596 20357 5 15658 20402 17511 16066 16179 4 14924 16066 11723 4 9193 31 1103 22823 18498 9193 9743 5360 31 3610 14539 18476 8995 7188 5 1095 4 871 16971 4 21596 22463 12939 6103 9743 4766 18498 31 10765 6355 15678 18498 11284 6103 14425 7914 15671 4 16673 3876 7730 16673 17705 4 17438 22327 18498 31 10765 9743 5 871 16971 4 9193 9743 9901 31 23167 6670 15678 4785 4 17458 20463 20853 7730 20463 1114 16673 22942 23016 6103 22463 5528 3058 4 3872 7730 10748 5 871 16971 20402 22385 8810 18498 3450 22897 18498 8995 17438 16936 16393 18498 15678 15190 8995 19342 6103 835 8840 16404 20402 6592 7730 23135 20402 1920 20 8235 4 9193 19900 18498 23135 19900 7509 14604 20352 17438 22318 4 15658 20402 0 27 8443 4 15658 17629 14335 925 21389 4 9605 4 9605 4 9605 7730 201 7491 20293 31 14539 4672 5 9193 1095 4 18533 7491 18498 23135 20520 15138 16404 9193 4 17324 23135 21596 1612 866 9500 18498 18702 22805 7914 16083 16971 5 20402 22463 3564 4 18498 1585 15678 16083 6103 23135 7730 9743 4766 18498 23135 20402 22463 873 15138 8810 21793 15678 28 4 7686 15678 1249 12526 5 17438 22327 18498 23135 20402 4 17438 22327 18498 21596 9790 7730 18779 4 15678 23176 6103 22463 11020 7127 4 19342 6103 22327 18498 11284 6103 14425 20293 5 20402 14513 7730 19900 18498 20402 20 
9808 1247 4 14660 5 
22318 1027 15138 7730 1920 20293 20402 20 21 
7730 15658 20402 18498 9743 20357 0 20 
21 16323 4 15503 20 
11066 31 28 4 5980 8995 13909 22463 22897 1393 9802 7850 5 18498 20463 3610 20402 20293 11710 4 19342 6103 3058 21189 5 18533 6680 3058 20855 7850 9169 18498 23016 4 7914 22327 18498 18533 794 4 7850 22821 4 7850 6679 20855 20293 5 5 5 15138 10268 7730 15138 10547 20 12780 20293 13325 6981 9193 9692 7509 22516 4 6981 13669 21041 18498 21793 15678 22519 16468 5 27 21371 15678 18498 13909 8840 6679 4 20402 18498 7850 10530 21596 15678 18498 20293 20825 4 18498 17511 9193 21858 17934 9808 4 20112 5 
9801 4 22805 0 20 6103 21793 5528 4 22327 6103 14425 4 9808 1247 20 21 
21 17629 22541 6103 10548 6103 20457 28 22463 22897 17438 20247 20 20 
15678 15422 8995 21570 
4289 28 9193 15658 4289 13022 10548 17304 4289 22805 201 16953 9172 21 
7599 4766 9408 6103 352 15604 7914 10179 7730 352 4796 20149 21596 20402 2112 17438 22463 3614 5 
21 19456 31 7178 5 8956 20402 15678 17819 16468 16404 5284 22463 20709 13909 13043 5 5226 4 22463 22516 13909 12028 4 22463 20709 14425 5 
15678 10122 21596 20402 31 7804 3365 7730 31 11841 6981 18006 7850 7804 21121 18876 14465 
2031 5 19900 18498 9387 15138 2595 31 20402 22773 4 20402 30 4 6103 277 7730 16083 5 5 5 9193 12125 4 15678 17819 18498 7102 9743 20402 19456 31 7178 5 5 5 21 
21 15253 4 20402 31 14425 15253 7509 15190 20 7730 15658 8995 31 7850 7491 12861 4 1453 15459 7127 6103 11477 31 21793 31 15253 5 12125 6103 18475 6086 4 20293 9457 7730 12783 9457 15678 21364 7509 14604 1114 7730 7509 9193 11036 31 23135 5 20402 15678 9943 13909 20864 6981 15190 4 15253 5 19900 15678 18481 20402 11861 7730 8810 7914 9193 22942 4 15658 17629 9901 13325 5 5 5 21340 4796 15678 20463 1114 17438 9193 7730 17438 14604 12787 4 21371 15678 15576 17438 23135 20402 9172 7730 12051 5 
9808 7127 7509 15253 4 14604 1114 20 
9193 22318 1027 20 20 20 20 20 21 
15144 7509 9193 22942 20 
21 20402 14539 18498 6 21 21 22327 15678 18498 349 6103 19854 7850 22942 7509 10765 20402 22 22 17872 14426 22 22 0 21 
21 8995 7850 16580 4 8995 6256 16404 22305 15678 18498 15658 14335 13405 16404 10366 5 21 
21 15299 4796 22507 15678 23579 1393 669 5 5179 17165 17583 
17406 15416 6103 15908 18394 1549 21 
21 20207 7127 6103 5168 4 20207 7127 6103 15138 8003 20 20 
28 6075 4179 
1549 18779 
28 8995 20402 20497 23016 28 21 
21 17819 7127 13055 20402 5 5 5 
7730 18498 23016 15678 16083 4 22385 3058 18481 20 
5168 28 28 21 
21 29 28 
5168 16440 28 18498 28 78 
19720 21 
21 15874 17931 4 3058 21409 20 
20202 4 7914 1205 4 15678 19220 4766 31 2060 18779 7509 23575 22310 20247 5 8995 22327 7055 16404 18498 31 20304 21371 4915 4796 8995 15678 1188 7509 4672 4 3962 15658 17629 20402 22385 14762 4 17304 14335 9594 18498 9193 15678 19068 5 8995 703 15678 13243 15258 6103 28 28 
16611 4 13055 18779 15678 3454 4 9193 7847 8995 538 871 28 7102 1393 2060 206 4 9193 8995 14096 5322 22805 28 7730 7847 14335 16468 20207 9789 5 18481 1393 14464 28 28 12145 16673 5501 6103 4509 5441 4 21371 8995 15678 8840 5 7847 8995 4766 22463 23038 4 17438 12861 15678 7394 7509 22516 4 1920 18498 7847 23151 12783 5459 4766 15678 14539 16973 4 7850 20357 6103 22805 20931 15390 18779 2125 7509 3454 16066 14539 15678 3454 20539 4 31 969 6103 11556 
28 28 13055 20402 1937 16673 4823 9743 871 21551 4 31 4730 7850 16493 6103 969 3454 4 9193 15658 9743 15425 17885 4 18533 21752 31 7728 4766 31 20304 17819 5 4796 17884 15459 3962 0 9743 22564 7509 14539 9907 4 14539 17889 5 5 5 8235 4 20402 12861 17931 4 8840 18498 8995 22327 4179 20 
136 7730 2136 20205 5 21 
21 7914 15540 7509 21 21 14996 7730 7509 3058 5652 21 21 4 9833 20402 7127 6103 9901 7914 3962 20 27 
2725 18872 7730 7509 13194 22463 16102 21 
21 4270 7914 22805 21389 11683 7730 17726 22385 18195 6103 9193 5 20402 9522 12254 22805 21 21 16971 21 21 18498 1027 16721 18498 15678 15190 10855 7914 21858 7509 20463 18191 22466 5 3697 7730 1393 14539 21551 17703 7914 22805 8956 20402 4885 22730 4 15658 19900 15678 18498 7491 4 15678 18498 9743 4 15894 9901 4 15894 12780 5 5 5 20402 9319 8476 16367 7850 21551 4 23217 21 21 3610 21282 18498 6103 22463 10211 19580 21 21 7730 15781 8806 4 9193 15658 17649 15299 5 288 18498 9743 7730 6760 15678 18498 2727 18533 4 20244 7850 15270 19900 15678 18498 20520 15678 2727 18533 5 8995 9683 6103 23217 17599 7730 9743 22564 6103 22463 23577 22816 4 15678 17737 5 20402 19645 23217 15658 9743 17233 16404 15678 1022 4 15678 6408 15678 22 10530 18195 22 18498 2647 31 17478 5 15658 5219 8386 7730 15138 14466 238 22463 16971 16468 15678 21551 21793 7509 15190 4713 4 4713 7730 4713 4 7730 6621 1393 28 6103 21371 19900 20255 4 17239 4 5876 7730 17745 5 13895 7914 17736 22463 16971 18498 23151 20149 1393 19575 21596 22327 16404 9239 5 20402 22463 16689 23217 17520 22463 16718 22385 13494 4 288 18498 22327 15678 18498 349 7850 15190 21596 18498 20402 7914 21858 6103 20500 18191 4 288 18498 22327 3510 7509 6014 4 18498 15658 3851 9743 8747 4 155 15256 6103 4179 4672 4 6075 17840 31 16083 7730 5590 2116 6103 21389 16083 5 7850 13909 4 20402 13215 462 18498 16404 9010 16971 15678 18498 2631 20402 636 17438 11913 4 15658 20149 11862 20149 31 20931 2053 12780 16066 15658 10795 15243 16066 20739 4 15138 14466 10437 3058 16066 19854 5 15678 18498 20402 22463 16689 20 21 
21 20149 9193 19900 1276 15678 18498 19900 654 21596 6075 15678 13727 31 16083 8845 20 
16673 2727 7509 11571 16673 2727 7509 22519 17438 22463 20127 28 7730 12530 14425 16673 7277 6103 7599 29 17438 28 4766 13909 6103 29 
9193 23174 20539 20 20 20 20 21 
21 17438 14466 21 21 3790 6103 16553 21 21 9193 23174 20539 20 
9971 7509 5614 0 20 733 12780 5 5 5 21 
21 31 9388 6103 
10560 16404 7319 18553 19206 1393 16971 4766 6217 7914 21793 31 20931 15970 4 20402 7914 9224 16066 15658 5 
9388 6103 16200 7730 16066 14534 19029 4 18498 15389 15658 17629 8995 13480 1393 2060 17950 5 20402 15392 18498 20402 155 31 21793 31 4964 206 7730 18498 15678 16199 20402 4897 15658 21282 17438 17934 4 9193 21371 17438 16971 18498 1547 4179 13496 4 22463 22897 18498 12125 6103 18475 6217 9743 16440 7509 204 7730 7102 17438 7277 4 20402 19456 7730 328 6389 7509 12476 5 18506 9021 7730 15061 31 2242 16912 5 5 5 
7481 6103 2060 19206 1393 7804 12028 6389 7509 3633 4 15894 20402 22602 31 12573 23044 22463 14425 17983 7509 278 7730 16869 7509 9128 4766 6217 5 8956 15263 12572 4 7102 22458 31 19972 6103 2154 
2367 4796 12971 16264 
12299 4472 6389 7509 22516 4 261 6103 21559 4796 6 12029 6103 16971 4766 6217 7850 8361 21121 4 20290 7730 9224 4766 5474 7509 23498 7509 7804 
12028 4 5943 6103 9476 7730 21371 11112 6103 9132 5 
21 21 22368 21 21 16066 21 21 19102 21 21 16404 970 4766 7181 6103 1543 5 20202 31 16925 6103 970 18498 19386 31 14539 7297 13909 6103 22463 22897 7730 5590 19701 6103 16784 15678 5942 7914 8810 1393 969 21 21 28 21 21 5 991 6103 22463 17521 21 21 14425 19284 21 21 4 31 969 17304 12026 6103 10211 13909 17827 7730 14466 5282 7914 2060 11111 5 
9743 22463 8905 6103 20247 6103 12029 7850 22516 15061 6103 
21 21 28 12028 21 21 5 1506 31 22463 15061 12653 28 12028 4 31 18470 21596 4796 15697 6075 23047 31 8956 
21 21 21535 17438 14336 7509 17983 6103 22463 8147 6103 11112 7730 1845 4766 6217 5 
2727 17923 5 28 4 8956 20402 871 7509 2367 18498 16721 4 13793 18498 7102 20402 1559 16066 2136 6574 4 9193 16673 18498 1190 13359 20670 15678 4823 4 5739 18498 20420 2367 2764 16404 31 7481 7509 4842 6389 7509 12476 7730 16404 871 6981 2367 4 17304 21582 22463 16378 4766 31 22495 6103 19698 21738 4 21355 5 5739 9193 18498 12784 20402 22463 3058 14031 6103 8292 15678 7558 26 4 991 6103 6075 22463 13905 23047 5721 1393 4842 5 8443 4 11099 14881 20420 6728 3621 20670 12029 7730 277 7914 21793 31 4964 206 7914 17965 6103 6256 9445 31 11868 6981 2367 16404 31 16971 18498 9743 16440 7509 15190 206 4 9193 18498 5484 4766 871 20539 6217 20539 7730 16066 13496 4 288 18498 15678 10476 20420 17982 31 20324 7730 5215 6103 21793 4 15061 18498 31 9364 6103 20558 2367 17304 22126 11020 15127 16404 31 22942 6103 16971 4766 6217 18498 5484 16066 18533 16429 7509 15669 21121 6103 10211 11689 4 12125 6103 18475 4475 5 21 
21 16323 4 9193 20744 20 
18498 3058 17304 8995 1393 20463 13131 15459 7127 22385 11710 5 18533 7850 7491 16673 14690 22897 4 18498 21596 15138 15995 7914 9743 16440 7509 20931 9634 5 18498 21596 22463 1247 19342 6103 3369 7730 18498 17511 20357 20931 10268 19295 15459 7127 22385 11861 5 10959 15138 6103 23135 7730 12894 17304 7850 6679 866 18498 15658 20402 6103 14425 4 5174 31 16971 14149 18498 20402 5 6685 31 14426 4672 6981 15190 4 21793 31 9801 7509 17230 7730 13909 22463 22897 14055 15678 14604 19456 17438 22327 15678 18498 31 20304 20402 7730 19363 7914 9193 22942 5 20149 21596 22463 15311 4 480 4 7802 4 8744 4 6184 7730 15658 22 20539 4672 20402 17458 7847 18876 31 14425 16007 17521 6670 15678 2774 4 16007 17769 9312 17438 22318 4 22463 15144 6103 9897 4 3952 7730 3058 20352 5 28 4 21596 22463 13512 7127 6103 1247 7730 18876 15678 14604 20584 23176 6103 9801 5 
1027 6329 20 20 20 6 8 29 21 
21 12780 5590 15678 19701 6103 14335 19335 4 9193 15658 17511 6256 6103 15678 9743 17458 31 20304 4 13909 7509 18498 15502 4 14514 5 6103 22463 10211 15138 8810 23135 9743 16440 7509 9193 22942 5 1920 4 4788 15678 20463 1247 20402 15081 6103 835 15658 21282 16404 9193 4 9193 16404 21793 18498 8995 1393 20463 13131 5 21596 22463 1247 19342 6103 3369 7730 18498 17511 20357 20931 10268 19295 15459 7127 22385 11861 5 15138 20127 4 1114 7730 16580 5 10959 15138 6103 23135 7730 7850 452 15138 4 15658 17438 20402 20559 9193 20744 4 9193 17458 23135 20402 22463 20402 11570 457 5 16323 4 15138 9801 20 
2702 21 
21 26 29 5 29 26 
13909 16066 14466 12861 
20402 7509 28 23135 7509 15677 13909 22463 15266 16404 5320 18498 28 9193 78 20293 21 
21 7730 6408 6103 22463 7127 21083 3698 4 23135 9980 6246 7850 20931 3590 5 5 5 20207 4766 3790 6103 20474 15708 28 17438 13909 22463 7127 16440 6564 3058 15533 21 
21 16323 17872 23135 4 15459 6086 18533 4 15138 9801 7730 15138 1249 6103 22942 5 5 5 
9193 4086 4 9193 12787 4 14604 1114 20 15908 4 4809 31 19629 20931 10273 4 6670 15678 21551 7914 18498 20402 22463 21 21 21789 21 21 6103 10765 4 7730 9193 20 14335 21187 4766 21389 15127 4 4766 31 9241 7509 21551 7914 21793 15678 1875 5 8235 4 16393 18498 20402 15908 18498 31 20215 7914 14604 3192 4 11462 4 15678 15770 20402 15678 12728 5 27 733 4 28 4 18481 14924 3058 23151 7914 9193 3393 4 14335 2647 22463 20126 5 5 5 5 9193 20402 12861 4 15678 21551 15658 16404 7730 1393 9975 7509 5320 4 16404 9193 23135 5360 20402 1612 14464 18498 9193 16647 7850 4687 4 21282 18498 4766 22463 13405 944 7850 21364 5 
15138 20127 4 17831 20 13909 12537 4 14466 6886 4 15138 1249 6103 22942 19343 6103 9801 7730 22463 10530 18195 2625 17914 5 1575 3450 4672 31 20463 21551 5 
9193 22318 1027 4 12787 5 8 29 
9808 29 1249 20 20 21 
21 16323 17872 23135 4 15458 6086 18533 4 15138 9801 7730 15138 1249 6103 22942 5 5 5 
9193 4086 4 9193 12787 4 14604 1114 20 15908 4 4809 31 19629 20931 10273 4 6670 15678 21551 7914 18498 20402 22463 
21 21 21789 21 21 6103 10765 4 2136 11462 5 7730 9193 20 4796 14335 21187 4766 21389 15127 4 4766 31 9241 7509 21551 7914 21793 15678 1875 5 8235 4 16393 18498 20402 15908 18498 31 20215 7914 14604 3192 4 11462 4 15678 15770 20402 15678 12728 5 27 733 4 28 4 18481 14924 3058 23151 7914 9193 3393 4 14335 2647 22463 20126 5 5 5 5 9193 20402 12861 4 15678 21551 15658 16404 7730 1393 9975 7509 5320 4 16404 9193 23135 5360 20402 1612 14464 18498 9193 16647 7850 4687 4 21282 18498 4766 22463 13405 944 7850 21364 5 
15138 20127 4 17831 20 13909 12537 4 14466 6886 4 15138 1249 6103 22942 19343 6103 9801 7730 22463 10530 18195 2625 17914 5 1575 3450 4672 31 20463 21551 5 
9193 22318 1027 4 12787 5 8 29 
9801 20 20 21 
21 12780 5099 6 
21596 9193 18191 15936 4 20402 7509 21743 18498 18702 1547 17877 18481 31 9743 7730 16066 5892 1103 4 31 4876 12616 20402 22463 11213 23540 7730 11066 31 28 4 9743 16440 7509 16971 18498 20402 5 7850 8377 4 19895 18498 16404 22327 11284 9336 4 17324 15658 11284 11066 20149 21 21 21793 15190 4 10959 6103 21793 15190 21 21 5 7730 16404 9193 10473 1920 6 15658 9387 14336 21625 4 20149 10959 7509 16971 4 23570 20 20149 15658 4 7491 7850 3790 5 20402 6981 4 10959 18525 10959 7730 20582 0 20 8840 15678 14539 20 20149 10959 6103 9193 4 18498 10959 6103 22821 4 6103 5528 4 20244 9615 16066 9995 4 10269 5 5 5 16434 15658 5219 9457 9617 20352 4 15658 21154 21 21 9995 21 21 4 15658 5219 13471 4766 16971 18498 5 5 5 18498 15658 14514 15678 14604 14425 4 8386 0 
17324 20402 4 871 288 18498 14335 5174 4 9193 7850 10484 15299 19900 5 17438 14425 18498 9193 9743 4 20402 7730 20293 20402 5799 7730 15658 13480 18481 31 5856 4 18533 5799 4 21596 12709 4 20149 21 21 288 21 21 21121 5 5 5 17877 20 9605 15678 18533 4 288 15678 18498 18533 4 8386 4796 18533 4 21282 15658 14335 23016 4766 12368 5 733 20 12861 20539 14335 21752 7509 21267 5 8235 4 472 9743 15678 2727 4 21582 20402 17771 4 14335 5241 19483 4 5652 753 1393 18498 14335 17908 4 16066 15658 5 21371 9901 9808 7914 9743 16971 20852 4 6075 5222 14539 18498 23556 27 4 15812 15678 14425 18498 17511 4 7850 11518 18498 17511 7730 7509 14031 18498 17511 5 17495 4 4796 21793 7730 18475 20402 11570 4 21596 13761 14604 13131 21 21 15719 21 21 13640 4 20402 9522 9103 4 9443 4 15988 991 7509 5320 4 871 7491 2136 4939 4 21 21 13688 21 21 4 20244 16135 4 18533 22327 17872 15908 4 21282 10473 1283 7730 559 5 21596 22463 5249 20326 6103 11590 4 20402 20566 7850 13907 7509 22898 4 7914 16083 22463 21389 16970 4 4187 14924 20402 1612 18498 6146 2635 17438 14604 20826 4 9193 14336 14763 6408 4 14335 20357 3697 7730 16721 18498 21355 7847 15424 14539 9387 4 20402 22463 16971 12838 18476 15392 4 13959 18481 31 4179 15759 7730 16066 15936 5 19900 13761 5 5 5 21355 4 17511 16393 9074 4 9193 8956 10672 20402 9193 5 7730 6097 0 9193 15643 7491 18498 20402 16816 5 
22463 3058 7127 21 
21 13461 7914 13788 17485 20402 1114 5 28 28 
16429 20 20 21 
21 21 21 1751 15083 16404 20852 7730 21582 8918 15678 18498 22318 9743 4346 5 21 21 6564 22463 3058 7127 7599 6103 15604 21 
18655 14335 6219 20 20 20 20 
21 18476 22327 20402 16633 4 2050 31 17819 10083 21 
21 21 21 7847 20402 15678 21743 6103 16971 18498 17658 15036 21040 4 1393 12755 6103 9594 15678 18498 20357 5 21 21 21 
21 7730 18498 9193 20402 3735 6103 169 866 3058 7914 3450 14924 19854 5 5 5 
31 22942 15658 20402 10544 20402 17629 20202 21 
21 18498 6086 8810 4796 9010 17511 20149 19335 17438 13669 1249 7914 22318 22942 7730 18498 20402 20293 14156 17438 15138 16580 7730 9801 5 23135 20402 22463 14464 18498 8095 7730 4040 31 16971 1393 20463 19030 6679 18498 15678 20304 22318 11139 7730 22318 5064 20293 31 22202 15678 14426 3611 5 14604 16323 4 18498 15678 20304 22318 8125 6103 10268 4 19898 7730 22318 4980 15138 20127 4 21021 4 23091 5 5 5 21842 7730 20293 21842 16404 20463 21021 20 
8235 4 10959 15138 6103 22318 16375 7730 10530 17934 7509 28 5 21842 15138 17438 23135 4 17324 19900 18498 20402 22463 12979 2634 4 11156 7730 6103 22463 10530 3216 7730 17976 5 18498 23135 3610 20293 7914 3348 7509 21021 4 794 22463 10530 1138 4 20149 1459 7730 18028 740 13909 5 
9801 20293 4 28 5 21 
21 6472 238 20 
21793 14464 15144 21596 20463 4264 5 
20402 6472 16673 9193 1095 4 28 28 31 17525 7850 15270 29 10273 7914 18498 9193 14335 288 13512 7730 14156 7850 15270 29 1095 18498 9193 288 13512 7730 18498 14514 16429 20 
20149 23135 238 14604 6472 4 4730 20931 10273 7730 14156 13909 1095 20 20 
12780 1502 15678 1114 18191 7730 15061 18498 20402 13512 4 10259 12125 7509 18498 15678 16083 288 5 
6472 654 21 
21 11462 20402 15678 7127 6281 
22463 1248 7509 6014 4 18498 22126 17872 9193 4 20402 31 13909 3086 31 13056 16816 5 18498 20402 17872 9193 5876 4 18498 20402 17872 9193 1027 9193 1095 4 14604 1114 4 14604 1248 20244 1868 5 5 5 
15658 20149 8918 18498 9193 12780 16866 15459 22942 13749 16404 22318 22805 20293 9808 4 7730 8329 15678 16083 12780 8482 22318 13764 4 9193 12780 16630 31 28 18498 14335 15061 15678 3610 16404 9749 15643 3510 5 20293 18498 9193 17629 4 16066 20402 4 5267 23135 9025 1614 4 879 4 13761 4 332 16404 14335 753 4 20402 22463 1248 7914 9193 22942 20 20402 11875 7055 22327 20670 23135 4 15658 17511 5320 31 22898 18498 14335 9743 20852 4 15424 15678 18481 9193 662 31 22318 17438 12861 5 9193 9193 17511 22318 10657 4 18498 20402 15166 8956 22898 17438 15138 16083 18498 740 12780 20852 13026 4 9743 3336 13026 4 4346 13026 4 23104 8956 12786 18498 9193 19900 18498 20402 16404 20293 4 17458 28 9193 9743 1095 16404 5876 22463 7509 16083 5 9193 21282 18533 22318 22805 9808 4 8443 15678 22272 18498 9193 9743 9743 7730 22318 4270 4270 4 20402 7730 20402 7850 14426 12551 4 9193 2136 17511 22318 6256 8561 16404 22805 20149 23135 1540 4 560 4 15658 11284 9422 20244 31 18511 4 9193 9193 17973 18498 12780 22318 5139 4 18498 12780 22318 6075 14604 15880 16404 23135 8122 6103 13764 4 12780 22318 6075 22463 21394 18476 18533 6820 6103 18475 4672 5 5 5 9193 17973 18498 308 6103 22327 4 12780 22318 1027 12052 4 12827 4 21793 15678 28 7509 9193 22942 7730 17438 21793 9173 4 17458 12861 15502 17304 21752 6103 9193 5 7850 13909 4 18533 7850 6679 22327 18498 11284 6103 14425 5 368 4 18784 22318 1027 15138 4 17438 12861 8995 6157 18262 15678 14604 12277 1114 17438 23135 5 17556 20402 15678 17868 27 6679 6103 21793 5528 15138 20127 4 16580 4 22463 1114 4 9801 4 7251 4 21021 4 5204 5 5 5 18498 28 13761 7509 6014 6439 3369 7730 3369 20670 22318 5 
9808 1247 4 15416 20 
1027 23135 5 21 
21 15540 6 12787 4086 10502 6 22318 16939 20 
14335 1463 9193 9193 1027 4086 1027 15138 17831 9808 28 21 
21 20402 17504 4 31 22942 19567 5 
9808 20247 20060 9808 28 21 
21 20931 16580 20402 20931 13905 19695 4 15658 6075 31 15502 15678 17304 6103 21762 6103 23135 5 
21 
21 15678 13905 17737 18498 28 14335 6075 20 
21596 15678 1114 13905 7509 15190 
15253 12787 20044 7509 14604 20044 21 
21 1453 22463 18652 6103 20749 20402 21036 16404 538 23206 20809 5 
17505 6256 31 13759 7509 6014 8406 9971 6103 20247 4289 21 
21 1575 15678 7127 6103 11462 4 23093 4766 8438 4 835 7730 11580 5 23135 20402 8810 1393 15860 6103 28 7730 1393 15860 6103 21793 1612 18498 7850 1027 5 
8815 4 1393 15860 6103 28 28 27 8235 4 18498 28 6439 15138 1114 20670 23135 20539 4 15138 3369 7914 20931 22942 7730 9170 5 6685 31 14426 4672 18498 11284 7850 15190 5 15138 20127 4 16580 4 21021 4 18780 5 20402 14513 20 20614 13563 7914 21596 5174 873 22385 8810 4 18481 20 7850 13909 4 22327 6103 3058 5 
16323 4 9801 20 
21 7847 20402 3558 4 9193 20149 20402 17629 4 19900 20402 10505 20 21 
21 21355 4 17511 8995 8254 4 11708 4 18525 19900 0 20 9193 368 7730 18533 368 7850 1114 6103 22821 4 7850 1114 20244 12578 5 5 5 7850 1114 16673 15678 18498 20402 6103 9707 20 15658 11862 18525 23135 1027 4 15678 11861 20402 1027 22822 7730 20357 12861 6389 6103 20500 5 9193 15643 1027 873 22385 20813 16673 2725 3388 16066 19830 6103 14156 18498 9010 9010 17520 4 16673 2725 19800 4 20853 16066 5574 14860 5 5 5 20539 4 9193 19900 4 11284 21793 22463 5193 31 20402 5241 4 9193 21340 4672 4 15658 16468 6103 19083 4 4884 5 5 5 18476 14466 8834 4 22327 12861 20149 9159 5 16066 20402 4 1027 16673 20558 4 16673 14881 7914 18498 31 16971 22318 15855 4 16673 16580 18498 7850 20402 22053 4 16673 3870 7730 2031 18498 7850 20402 18009 5 5 5 20539 4 20402 15138 31 14031 6103 1027 4 9193 15678 18498 18784 11862 20402 18498 1027 16673 15678 18498 31 16971 21596 31 9193 15812 6103 14425 4 7730 8956 
21 21 14425 21 21 4 5226 15658 20149 19519 31 2717 10555 7730 31 2727 14273 5 17324 4 15678 1114 2136 22020 22327 4 9193 15678 1114 22823 4 8956 20539 4 22020 4138 22898 13909 5 
3058 15533 21 
21 15138 9103 4 17872 17556 11636 5 21 
21 18533 19900 0 3697 5 17556 10765 14514 31 9193 22821 20 
23570 9971 6103 20247 6564 3058 15533 21 
21 22516 9774 7509 28 
10217 6103 28 
15540 5699 
28 28 6103 28 29 5 29 5 29 29 
28 28 6103 28 29 5 29 5 29 
28 7509 11165 16811 7509 28 29 5 29 5 29 5 29 
28 28 6103 9743 29 5 29 5 29 5 29 
28 28 7509 28 29 5 29 5 29 29 
28 28 28 29 5 29 5 29 
28 28 7509 28 28 29 5 29 5 29 
28 7509 28 28 29 5 29 5 29 
28 28 6103 28 15460 29 5 29 5 29 
28 7509 28 28 29 5 29 5 29 
28 28 28 29 5 29 5 29 
28 7509 28 29 5 29 5 29 
28 28 28 29 5 29 5 29 
28 28 28 29 5 29 5 29 
28 28 28 7509 28 29 5 29 5 29 
28 28 7509 28 29 5 29 5 29 
28 28 6103 28 0 
28 0 
28 28 28 7509 28 0 
28 28 28 0 
28 14212 7509 28 0 
28 28 7545 28 0 
28 28 7509 28 0 
28 28 7509 28 28 0 21 
21 9193 21282 21596 31 7850 6679 22327 18498 11284 6103 14425 15458 15190 20 15138 20127 4 1114 4 16580 4 9801 5 5 5 18498 28 7850 18009 15138 5204 7730 15138 1249 6103 22942 78 7730 9808 5 
9808 1247 4 17318 20 21 
21 6679 31 23135 16580 4 19898 4 20127 4 5521 7730 21793 8956 16083 4672 21 21 4549 21 21 18498 21793 15190 6679 9193 1247 5 9193 6679 6103 5528 7730 20402 12861 18498 11862 5 18498 15678 21551 20402 20293 15678 20463 14425 16375 4 22126 16580 7730 8522 16404 20931 22942 4 1575 15678 14425 18498 7847 21596 31 15812 20 15138 20127 4 1114 4 16580 4 10547 4 8838 4 835 7730 18029 5 5 5 
16323 20 9801 11462 7730 7914 21793 15678 28 7509 20931 22942 5 21 
21 1612 14924 18498 20931 1095 21582 20402 7309 7730 12780 22327 17438 702 41 20 14660 4 20931 13688 20 23135 9193 9743 16468 17438 3450 22463 5 5 5 21 
23104 13909 7730 8840 14466 20 
21 21 21 22327 18498 23135 17599 11462 4 19553 1393 23135 7850 10530 5 21 21 
13301 7509 19553 13909 22463 7127 6103 9130 20293 7914 10366 28 17438 1114 21 
21 1603 9193 16440 6 1386 7509 5353 4 9743 16083 20652 4730 15678 20201 17413 6 
29 16440 
20822 4766 14156 2199 7 
12147 7509 13616 15894 15344 7 
9700 18498 14156 20931 15343 7 
12306 6103 21596 16784 31 15253 22385 17631 5 
3954 7509 550 7509 15253 7 
6996 7 
19083 1393 536 6103 28 7 
15658 20149 12340 7914 5099 18498 4346 5 
6075 22463 8806 7730 4730 8956 16083 6 
29 16440 
15678 21061 17571 20149 4843 30 1393 12399 15157 7 2727 14273 5 
31 16580 8995 7850 15041 5 21 
21 21 21 31 14425 16440 7509 22942 6103 22463 16971 8995 7850 20931 1103 5 21 21 
22516 
15678 14426 20472 20931 13512 21 
21 5892 4 5876 4 18533 15678 2727 4 15678 19509 23016 5 5 5 21 
21 21 21 6256 15678 21551 16468 5 21355 7847 22318 22126 4672 3058 16066 13405 31 19854 5 21 21 
3058 7127 
3058 12760 6103 20247 21 
21793 16718 17504 22318 11915 7850 7284 4179 
21 20402 17629 21596 15138 16135 4 16404 1540 31 21596 16135 20 21 
21 21 21 14604 20537 20402 15678 11091 13909 951 18498 873 13055 6075 5 21 21 21 
21 21 21 21793 3885 21596 20463 9971 5 21 21 
20402 3058 8329 7687 20357 20126 4289 13640 3885 29 21 
21 9193 23575 21 21 21551 21 21 4 9193 14487 20149 21858 22463 22823 5152 5 7509 15299 4 22327 16393 18498 4686 5 20357 14335 2046 17438 22463 22 11758 22 26 5 31 22898 4 9901 20244 19900 15678 18498 9743 4 15678 18498 16721 4 15678 18498 20357 7730 2136 4796 636 5 871 4672 21810 18010 19860 4 18498 15643 14335 16468 16673 3393 5 18481 573 20 
9193 9743 15678 18606 0 8956 20402 31 22942 5 5 5 19342 6103 18716 20 15678 18498 17629 20402 21596 15138 10547 4 16630 10268 1393 28 21793 15678 28 4 16404 5360 20202 7914 10366 5 5 5 13325 18498 15678 19854 6103 11462 4 17304 20149 21858 15678 14466 17106 6103 1022 5 18950 4 15658 8995 20402 10544 7730 15658 20402 22385 4099 4 5739 9193 4 9193 4796 873 14335 7491 21 21 31 22942 9734 3610 21 21 5 15299 4796 22463 7127 1603 15678 16083 20 
3031 16404 10366 21 
21 15658 17304 21596 10648 866 14425 20 1027 15678 17737 4 1095 20 
1845 6103 16323 15138 20497 
9193 6029 8995 8095 21 
21 20402 2727 22985 4 21 21 9840 21 21 6103 28 20 
14539 22463 22688 13378 
21 21 16721 15637 22688 9131 5 5 5 21 21 21 
21 8995 18533 12780 16404 22463 13727 4 15894 15678 23577 2609 20402 7509 14133 5 5 5 21 
14425 23523 7509 1249 20 22805 
21 21 21 26 30 21 21 
8385 8386 3962 6103 15253 3558 6564 10657 21 
21 11462 4 18533 16318 22463 7509 16971 13909 8810 18498 17304 5174 20 
6679 22463 9808 1247 20402 15138 17556 4 16936 6103 22327 15678 18498 23135 14514 7730 6103 22327 15678 18498 9193 18533 16404 23135 5 18498 23135 1021 7730 23104 15678 7127 6103 11462 4766 8956 20853 7509 10279 8988 20293 7914 20463 19800 5 9193 22318 6679 22327 6103 3058 18498 11284 7850 15190 4 17458 20402 15678 15270 18498 9193 17511 7850 6679 5 7730 7850 6075 15678 16323 4 15658 21282 16673 20463 1247 4 9193 16673 15144 13892 18498 20402 5 20402 22463 11758 17605 7850 5174 5 15424 18498 8678 21793 31 16192 6981 15190 4 740 15658 17304 662 22327 18498 9743 17438 9193 7730 17438 9193 1095 5 23135 20402 22463 22823 1248 4 28 5 20402 9171 11043 1393 22318 5 18498 20931 22942 20402 19342 6103 20127 4 16580 4 1114 4 21021 4 835 4 21189 4 1097 4 8235 4 18498 20463 7127 20402 19342 6103 2725 21189 7730 11020 350 5 14058 6103 1103 7730 3870 17438 16440 6103 21793 1612 18498 4796 9193 18876 15678 17869 6103 22318 5174 5 18533 18498 18876 4 991 7509 23176 6103 9808 1247 4 15138 8208 7730 10268 4 16404 18498 23135 17511 8241 31 13749 7730 21154 21793 31 505 18498 9743 16440 7509 6996 6103 3450 22463 6103 15671 5 18498 28 7850 78 20293 20 20 
9808 1247 5 
14924 5144 
21 31 22898 4672 3058 6075 8561 4 16404 18498 4672 14426 17511 6075 4179 20 5 5 5 
22327 7850 21551 6103 28 21 
21596 4796 15658 1027 0 28 28 17831 10962 21739 28 28 5 
21 7850 14924 15658 14335 20357 22223 4 15138 14466 9808 5 5 5 7850 22821 9193 15658 19900 1393 4179 4796 14335 20357 4 17324 22327 8995 22463 11020 5152 20 21 
21 16323 4 28 20 
14604 1248 4 9193 15416 4 9193 1095 4 14604 1114 20 733 5 5 5 15658 9743 11644 7509 18481 9193 22318 1027 20 20402 15138 8810 4 28 5 19900 18498 17511 5108 7914 22318 7730 8840 18498 12861 15643 15128 7730 18498 9193 1103 20402 9172 20 9193 6679 6103 21793 5528 18498 8956 29 29 4 1920 4796 21793 15678 16083 18498 23016 4 20402 19343 6103 9801 4 18498 5219 794 20463 15699 4 20826 7730 559 5 5 5 8443 4 18533 7850 662 17438 22327 5 17438 14335 6075 10268 18476 13909 17629 4 17438 14335 827 18476 8995 22223 4 17438 20402 9193 15416 4 17438 14335 2133 4796 1095 4 17438 14335 9743 19698 18494 21793 1393 11518 4 17438 20402 8956 16971 12351 7730 9170 5 9193 7850 662 17438 22327 20 13909 22463 22897 21858 31 19335 6 19900 18498 20293 18498 17629 4 9193 7491 21 21 20293 21 21 4 17304 5320 4815 4 8995 0 20402 16404 6452 20670 15678 20463 7127 4 21932 4 9634 4 17877 4 10431 4 22225 4 13366 16066 2136 14539 20670 1612 9942 7509 16404 18498 16072 21752 8956 20853 13512 7509 20463 19800 5 9193 8995 8995 7509 20463 13131 4 31 21793 7730 18475 14924 4 8386 0 14335 4229 7850 28 4 14335 13480 4 14335 14018 22463 3928 4 26 4 11091 7730 19900 13761 13909 15678 18606 5 5 5 9193 5320 20293 4815 20 12783 5590 22318 753 4 20155 20931 13764 7730 4730 22463 20853 7914 20463 19800 5 9193 20402 11756 9808 7914 22318 21596 4 1095 20 17324 4 14539 15678 21551 16468 4 31 4672 15128 4 31 11636 2288 4 31 19478 3450 22897 13909 17737 4 740 1920 4 19900 18498 15643 16784 5323 4 20293 12783 9193 9594 4 6103 18475 10211 4 20293 20402 9193 15416 22 7730 9193 20931 15416 22 5 15138 16580 4 20127 4 1114 4 13909 7730 13909 7730 13909 5204 4 15138 10702 7730 22327 6103 14425 4 18498 23135 20402 20293 8956 14464 9808 5 18498 15678 20463 10530 4 1920 4796 15678 20463 17737 4 20402 3216 7730 18498 23135 15643 16784 8956 20853 17653 4 8956 21680 12939 8092 5 6663 18475 4672 18498 9193 21596 9790 16066 6256 6103 9743 17438 22318 4 20149 349 4 4766 21793 4181 4 15658 21596 12551 6103 22318 13895 4 17324 20149 21596 22463 4672 15458 15190 18498 6679 6329 20402 31 20931 9801 20 
9193 22318 1027 15138 5 
9808 1247 4 15416 5 21 
21 22327 12780 14426 4 9193 19900 18498 12780 4 17458 14604 28 20402 13905 18498 18475 7181 20 21 
21 11462 20402 7127 6103 16318 22463 16971 15138 8810 7850 9193 22942 5 14604 30 4 28 5 22 21596 22463 11020 453 16673 20304 4 14604 22765 5 20402 22463 11474 14149 4 11156 4 2336 4 16169 4 4766 22463 8322 5528 7730 22463 26 14149 20 20539 4 7847 20402 7174 5 16323 4 22805 0 20 21282 20402 16404 18525 17304 7730 15658 20402 16404 18525 18533 4 4289 31 9634 7509 21 21 20452 21 21 4 4766 21793 8956 20127 4 835 4 3058 11590 4 19801 7730 5574 6103 28 5 27 
8235 4 16630 1393 28 18498 5360 11710 20463 28 7730 7850 11165 16673 3058 3611 7509 22942 5 2336 4 20293 22318 6679 31 14426 4672 6981 15190 5 22318 1027 15138 7730 22318 1033 9171 5 
9808 1247 4 2336 20 
21 15658 14335 20951 4 1393 22898 14335 9743 6103 4102 16404 8474 13909 13667 5 21 
21 20402 29 23135 20 
13359 13359 13359 13359 13359 13359 5 5 
7576 7174 20402 20497 21 
16440 26 
21 6452 7509 21409 6 31 21 21 12329 21 21 5 
20402 15138 12329 7730 9620 6103 14453 16404 22463 23577 16971 4 22805 0 
20402 12094 4796 21793 21 21 12330 21 21 20402 15999 7730 8918 20 9193 4796 7491 6 20402 8561 18498 20149 1540 5 8443 4 22463 7127 9193 5762 22834 15458 3790 7730 1540 18498 15658 20149 7102 5108 7914 21793 15190 4 15424 21376 4 9743 6103 22327 16404 21793 5 7850 9975 7509 5320 4 23135 21282 21596 9790 16296 6103 11663 5 1453 20 
21810 5320 20304 5 21 
21 9193 9605 15678 18498 16721 4 23135 8386 4796 288 14425 5 
3058 7127 21 
21 15678 18498 16404 23135 17304 15658 20520 15299 4 16404 16083 4 17304 20520 
21 21 15138 4672 5 21 21 1453 20 21 
21282 20402 13748 18525 19900 13749 5219 14539 5 
21 9193 1027 31 21189 4 10765 20 
14604 5528 15658 708 16083 6981 4 4179 0 27 
14604 15138 15708 21371 4 1393 21793 18498 14335 14018 14469 6103 9808 1247 7730 22327 13909 4 23135 6256 8956 6086 8810 4 740 13909 8810 5 
21189 29 28 1027 21793 21 
21 16192 15658 17304 9457 5 5 5 
14604 7127 29 1393 13131 7509 14426 
1247 21189 
15708 17438 22327 23135 20402 6329 21 
21 15708 4 28 20 20 
13909 22463 1249 6103 22942 7730 13909 22463 1249 1393 13131 7509 14604 4 1114 20 14604 29 1249 7730 15576 29 15266 
20402 7730 20402 9171 11043 1393 28 4 17438 21596 14335 6075 23135 18476 9193 14466 8840 7730 13909 17629 20 1393 20463 13131 1540 18498 1027 20402 18533 8995 13026 2136 18476 15658 8995 6103 2727 4 20357 20931 9620 13640 1603 23135 12780 7957 4 15658 5219 7599 20244 9594 15424 18498 20402 29 20207 4 20244 7491 9193 22318 1027 5 5 5 4766 23135 9193 1540 7730 5360 1540 7127 1603 7127 4 20247 1603 20247 4 1249 1603 1249 5 8235 4 4796 20402 3058 21596 23135 20 15708 17438 21793 15678 14924 4 17438 9743 6103 9193 22463 16971 14425 4 17438 20402 8956 14464 2977 18498 21389 14335 191 4 9193 18498 9193 21389 1027 5 13055 1267 16673 18195 15266 4 1249 4 7707 5 5 5 
9801 1393 15671 20 
9808 14604 29 
9808 15576 29 
22318 1027 5 21 
21 16323 4 28 20 20 0 
11462 4 15458 7127 22385 13512 18498 20402 20463 23016 7850 6679 22463 9808 1247 4 4766 15138 16580 4 20127 4 1114 4 9801 7730 22327 7509 3058 7730 7509 14425 4 17324 20402 14513 20 18498 28 11710 20293 20463 3610 7730 78 2625 23135 7730 15678 28 22 4 19900 18498 16404 15678 17629 8995 1614 4 8840 18498 9193 1103 7687 991 7509 5459 7850 28 7730 18498 17511 9193 5174 16973 15678 13909 6418 17521 4 16404 18498 17511 19969 13026 4766 15678 15576 15311 18498 7192 6103 16464 4 20402 31 30 13909 4179 18498 13055 22805 15458 22942 20 
9801 1393 23135 20 20 21 
23 22942 3058 1463 5 5 5 
21 20828 4 23135 13055 17304 1421 20 20 
12513 21 
21 18498 7914 21793 15678 28 4 15678 1114 6103 28 5360 5200 20 6679 18498 8956 1249 20402 19342 6103 15138 18780 7914 9193 22942 4 6103 15138 1114 4 16580 4 20127 7730 835 5 
22318 1027 4 16378 
9193 19857 17642 21 
21 28 26 
1247 
1114 21 
21 740 20670 15678 1249 15604 
26 21 
21 21 21 9743 14425 4 20149 17714 16404 15678 17106 4 15658 8840 15299 6103 15502 4 7730 15678 18498 23016 20402 13717 5 21 21 
22657 4 9594 22 20539 20 21 
21 7914 22897 6103 18910 6103 22327 4 9743 22463 3058 9308 6103 5216 7730 22805 18481 4672 3058 23135 21596 5 12125 4 662 4 22667 4 17805 7730 5876 6103 22327 15678 18498 23135 21596 7730 6103 21793 4766 18525 5484 5 28 21282 9193 6075 1616 18498 14514 21596 5 28 19900 15678 18498 14514 21596 13909 7509 18498 15671 14539 5 
16721 15510 20 21 
21 9193 15658 5219 6256 16468 4 15658 6075 16404 14335 3532 20 18498 22225 4 18498 18655 4 18498 7594 20 15678 18498 13405 22463 16971 31 4730 22788 16404 22463 1229 0 15658 6075 16404 4915 4 15299 13045 5 20402 15138 5843 4 10401 5 5 5 
871 21 21 9158 21 21 4 21582 13045 21362 5843 4 7491 6 733 4 15658 10959 6103 10702 4 17324 20402 2822 18498 1190 15138 4 23104 7850 19856 4 18506 15678 21526 7730 17438 2371 12780 5 5 5 21282 18498 15299 4 163 15299 4 13045 20 740 13909 20149 22092 7509 14604 21 21 28 21 21 14604 10700 4 18559 4 15658 19969 6103 3962 4 7850 15252 7850 18582 9193 21282 14335 19509 13166 4 12255 20 
13909 22463 20149 12780 5 5 5 8956 20402 15678 20207 18498 16784 17438 5320 6103 22463 14975 20 8995 4346 4 8995 20738 4 7914 14466 6103 7558 1249 17304 22805 20931 9241 4 6981 22897 368 18498 12784 9901 5354 17438 15138 7730 15138 1249 5 14604 20739 12159 13905 20402 19900 18498 740 9387 21 21 8956 21743 6103 871 4672 21 21 18498 9193 15424 19900 8818 5 8995 8678 16404 6452 9193 22225 17438 22463 20402 23104 18498 653 17438 14764 16673 4387 7509 9193 3962 2136 5219 6075 20463 23575 21215 4 17438 13948 6103 22463 21 21 9158 21 21 14260 6103 12793 5 
8995 4766 15678 5528 16440 16673 20207 22897 20 21 
21 7850 9620 7509 18498 9743 4 12716 9193 13441 5 5 5 21 
21 16721 15658 30 16404 4778 5 5 5 9193 4886 7850 13690 20 
6103 15908 
15533 7174 
19921 21 
1575 20 
20402 28 20 20 20 
21 15299 15128 4 20149 23135 15658 15128 20 21 
21 6075 22463 17556 6103 21932 4 9193 9901 20497 20 20 16323 4 30 5 1027 
13647 6103 15604 21 
12780 7957 9901 10259 
21 12894 16784 20463 8522 4 17438 13909 10259 18498 20402 15678 22797 7509 21546 5 21 
21 10548 20 20 20 20 20 
201 16953 20688 2136 9883 22429 21 
21 5085 23255 9193 1027 23135 20 
8995 20007 4 14464 20 20 21 
21 15678 14426 5 5 5 
21450 28 4 23016 4766 22327 30 5 
5144 9971 6103 16953 
9193 13858 6103 5942 17923 28 15585 29 21 
21 740 18498 31 9193 14487 7730 15678 14604 5574 8238 4 28 20402 31 9193 10268 4 7847 20402 22327 15678 18498 9193 20293 17629 5 
19990 29 6 29 5 21 
21 20402 7188 6103 8386 7730 2136 6103 238 4 9193 11284 4179 4672 7914 9193 22942 18498 15658 349 7509 14031 18498 18533 4 9193 7509 14031 18498 17629 20402 5 31 4672 15424 20293 20402 4796 8840 4 9193 20539 4796 28 18533 4 7730 7914 15138 14924 15658 8386 15678 21 21 17458 21 21 6103 871 4672 21596 349 16066 8995 349 4 9193 28 20402 16816 7914 20463 17233 7730 19900 4796 636 4 7847 15855 13761 7850 10366 4 7730 19900 4796 7272 31 4672 16404 18498 20202 5133 20931 23167 5 8443 4 21282 14335 19509 8840 7730 5108 4 17324 21596 31 4181 6103 18498 13761 7850 10366 8386 15678 636 6103 28 7730 7491 6 22657 31 16689 8840 20 
28 5876 6103 264 22327 4 9193 5739 20 21 
21 16323 4 28 5 
18498 6086 8810 4796 9010 17511 20149 19335 17438 13669 1249 7914 22318 22942 4 7730 18498 20402 20293 14156 17438 15138 16580 7730 9801 5 23135 20402 22463 14464 18498 8095 7730 4040 31 16971 1393 20463 19030 4 4809 16673 20931 6189 7730 7071 
6679 18498 15678 20304 22318 11139 7730 5064 20293 31 22202 15678 14426 3611 5 3058 20855 15458 15576 15190 7509 21 21 28 21 21 4 18498 28 4980 15138 21021 7850 10530 17939 5 
16323 4 22327 6103 3058 20 
21 28 4 20244 2451 8956 1249 4 4179 0 19456 31 20931 23167 4 1095 20 406 4 15424 19900 20149 23135 19900 18498 11462 20402 20472 4 29 6103 7119 4 7127 7509 20463 1247 20 23 28 4 8302 20 27 
22463 7127 18498 8995 352 4 13359 8956 14469 7730 5121 740 13909 15678 18481 20402 20584 4 5018 4815 7914 11205 7730 15677 4 1522 20 
19900 4 9193 15424 10959 15138 6103 23135 4 9193 21596 18498 462 4 20402 22463 16971 15138 7491 16609 4 23135 21596 15678 7563 6103 14335 12834 4 23135 20402 31 1612 9193 1095 21 21 15480 21 21 4 18498 472 14335 14265 7850 22487 4 9901 3532 18476 7319 5 20539 4 20931 15478 14335 5608 4 9193 740 1920 4 20402 9193 1095 7730 14604 7102 20402 22318 713 5 
30 4 4672 4273 4 12505 4 15478 7914 16971 4 7598 4 14464 18498 15658 9743 16083 4672 1393 15658 20402 23104 12960 16673 3710 7509 22942 4 4387 4 2506 7509 22516 4 3585 4 1658 4 11011 7730 559 5 5 5 
18498 15458 6086 18498 14156 15678 12760 6103 20931 16464 16673 21631 4 21596 15678 14425 7127 7509 20931 22942 5 7730 18498 23135 17511 5327 23206 17815 20201 4 13667 4 2727 13667 6103 9193 20402 4524 20 27 
9193 21596 21389 4672 16404 7491 4 9193 9193 8995 20244 16192 4 15658 19900 4 16393 18498 7847 10447 654 14539 20 8443 4 20613 22327 4 18533 18498 19900 18498 14539 23135 15658 8995 15424 2371 16404 15678 15190 4 14539 18498 21596 15576 7947 18494 21793 15678 28 
14539 18498 23135 15658 9457 15678 1114 18498 20357 17438 20931 1095 1614 4 9193 22318 1027 20 15138 20127 4 1114 4 16135 4 16912 4 21021 4 14466 21 21 20828 21 21 4 14466 21 21 15478 21 21 7730 13909 16083 22204 6103 4672 3058 5 5 5 
20402 4273 4 9193 14513 5 
16323 4 14660 5 
9172 9801 20 20 20 
21 18498 6086 8810 4796 9010 17511 20149 19335 17438 13669 1249 7914 22318 22942 4 7730 18498 20402 20293 14156 17438 15138 16580 7730 9801 5 23135 20402 22463 14464 18498 8095 7730 4040 31 16971 1393 20463 19030 4 4809 16673 20931 6189 7730 7071 6679 18498 15678 20304 22318 11139 7730 5064 20293 31 22202 15678 14426 3611 5 
3058 20855 15458 15576 15190 7509 21 21 28 21 21 4 18498 28 4980 15138 21021 7850 10530 17939 5 
16323 4 14667 22327 6103 3058 20 21 
21 15671 4 6408 7509 18195 20247 20 6 15678 6 21 
21 16323 4 28 5 
11462 20402 7127 6103 9867 4 11462 20402 15678 20463 7127 4 7730 15458 7127 4 18533 22318 6679 15138 20127 4 16580 4 21021 7730 18780 7850 20931 22942 5 18498 28 4 5360 22318 11710 3450 7127 13909 4 18498 7847 23016 3610 20293 1393 20463 13131 5 18498 5360 20293 8956 15144 827 4 11156 4 3872 4 1095 5 5 5 15138 9801 5 
22327 6103 14425 4 10700 20 21 
21 17458 28 1027 15678 15190 6103 21340 14031 18498 6075 15678 20463 9942 22503 4 16404 18498 21793 1612 18498 15423 5739 15658 16807 4 9193 21596 31 22942 9172 5 
28 29 6 29 5 21 
21 18498 21409 14149 20 
29 1249 7509 9193 22429 5 
28 28 21 
21 8995 4289 31 11518 6103 21793 15190 9980 5174 15678 2689 13909 13512 7730 28 18498 16468 8956 15266 2377 20 18498 31 20931 11518 4 28 4 20402 14149 4 18498 28 12562 13026 4766 21793 15678 28 7509 6014 16404 18498 28 28 23016 4290 6103 22942 7730 20127 5 3058 16440 4 1095 20 28 8995 4766 23135 20 8995 15963 20 
23016 21768 4 23016 28 28 20 21 
21 9446 22429 29 1249 5 
20402 9774 8806 5897 5 21 
12780 30 6 29 22429 1095 13379 
21 24 4 14604 26 8995 9901 11669 11462 20 
288 18498 31 9193 1103 740 20402 22463 2689 4 9193 19900 18498 1103 15658 20402 6219 16673 21551 7730 20539 16673 14924 4854 7730 18476 9605 7914 14924 9193 5652 16721 7914 23135 5 20402 1612 16971 18498 15658 21596 4796 9901 22223 18476 8995 17438 16936 4 288 2136 18498 20402 15678 23577 18498 5219 14335 21752 20853 18476 8995 13923 7730 2136 9103 5 27 
8995 9193 19900 4 22318 14335 23316 17872 3807 4 9743 1612 3222 20244 11066 18498 21282 23135 19900 19900 2727 7509 18498 8995 9594 4 9605 2136 18498 15658 10959 6103 9193 4 14335 4229 6103 22617 4 14335 2647 5 5 9193 740 1920 4 19900 18498 20402 22327 7509 2988 16404 20402 7730 18498 23135 20402 14604 2778 26 5 5 10959 6103 22318 15537 20 
17438 12861 18498 9193 238 22327 18498 23135 21596 6103 19854 4 17458 21282 9193 19900 15678 18481 9193 17629 7509 18498 23135 21596 6103 14425 
12780 1393 17835 4 7850 6679 22327 6103 3058 18498 28 17511 22318 15812 4 18498 28 22318 11165 7730 22318 13405 7914 19859 1393 21021 4 17458 23135 19900 18498 14514 2727 13909 18498 12861 5 1575 8956 7127 18498 28 22318 6075 740 13909 18498 21793 15678 16083 28 5 15138 20127 4 1114 4 16580 4 18029 4 9801 4 15138 22327 6103 3058 20 20 
22318 1027 4 2778 5 
16323 4 30 5 9801 14667 5 21 
21 8995 4766 23135 15658 21596 17807 20 
9193 15416 4 9193 10605 4 14604 1115 5 21 
31 19857 13909 13512 20 31 14425 16378 5 
21 6103 22463 15533 21083 669 5 
10217 30 10217 6103 28 4766 14604 1114 21 
21 16323 4 28 5 
22327 6103 3058 7730 6103 14425 20293 4 15138 16580 7730 20127 20 18498 28 78 7730 11710 20463 3610 4 18498 23135 17511 20293 18779 21793 15678 20463 15699 7730 18498 20402 20293 15138 9808 20 15458 17556 21551 18498 9193 22318 5174 4 13055 6075 16404 16765 15678 18481 20402 22463 16971 827 7730 7451 4 5360 20402 20293 8956 16971 12094 20 16323 7730 1575 15138 15678 20463 7127 5 
2702 7730 9808 1247 5 21 
21 18498 9971 6103 1249 4 14604 28 20 20 6 22 
15678 14604 13909 20584 18388 5 9193 15963 31 28 16404 18498 22318 8147 16580 7730 16404 18498 28 6075 10268 7730 5139 21793 15678 9626 7730 1097 20 
9901 7850 16580 4 28 5 6 21 
21 16323 4 30 5 
18498 28 7850 78 7730 22318 4980 15138 1249 6103 22942 4 78 7730 9808 5 22318 5241 22463 16971 11025 7730 4766 3952 12712 4 7188 6103 8147 5 20931 14031 6103 20402 4766 31 16971 4 19563 20931 3076 5 9594 6103 23135 20402 9594 6103 16061 7730 6103 5334 4 8995 16404 15344 16971 13909 827 7730 6103 2727 4766 31 22942 20 7850 452 11021 4 16323 17438 20402 1920 5 18498 9010 28 10533 20402 21793 6103 15138 11259 4 20127 4 16580 7730 6684 18779 20 20 
9808 1247 5 
22327 6103 3058 20 21 
21 20149 15576 12954 15658 7545 
13909 5 5 5 6 
29 12787 21 
21 21932 1547 4766 21021 20 
30 30 10828 7799 21 
21 2371 14604 28 4796 20402 3058 20402 26 13688 5 5 5 
21409 3058 22782 9193 28 15671 20402 6103 11570 21 
21 15299 4796 22463 2725 2530 16404 19295 31 8208 5 
13909 22463 7127 6103 13749 21 
21 29 7127 7509 20247 22497 20 
1095 13512 8 29 6 21 
86 7509 20247 22497 5 
11891 9193 16066 8956 21252 8995 4766 3790 6103 7576 0 
21 22463 7621 6103 20869 340 6103 16580 7730 21981 4 17438 9721 20 21 
21 16323 4 9193 1095 20 
733 4796 18533 17304 22318 6075 22463 134 2727 1467 5 5 5 2136 22318 6256 20244 1623 4 16404 4867 21793 8956 21551 18498 8995 7396 5 27 20357 15138 17438 8995 22385 13667 22463 7509 16083 4 9193 15678 3870 17792 12515 4 7509 14539 12939 6103 18476 23135 19969 6073 5 6679 31 23135 22327 6103 23570 18498 31 22942 17304 7850 15812 4 17458 20402 14309 18498 14513 20 19900 18498 14539 7396 4 23135 20293 21596 20463 13727 18458 7850 14604 5528 5 8128 6103 835 1393 22805 19900 18498 23135 5360 31 14539 28 4 18498 9193 21596 15678 17605 6103 5174 7730 5484 4 1612 18498 20293 8995 4766 15678 14539 20853 8988 7850 19800 4 14539 7850 11518 13909 22223 7730 9193 14924 14466 9728 4 1612 15144 
4766 3790 6103 14464 2977 5 5 27 16323 17438 13909 22463 1247 4 1095 20 18498 28 6439 20670 22318 4 21793 31 3369 7509 6014 7730 7850 18009 21282 31 14426 4672 6981 15190 4 18498 20149 8147 4163 6103 15138 16580 4 20127 7730 15138 4 15138 1114 4 20293 20 20402 15138 8810 16404 9193 7730 17304 22318 9802 4 
14539 18498 7396 4 14335 9743 13909 9808 5 
23554 4 28 28 5 5 5 
21596 15138 20126 20 8840 18498 7914 3206 17511 8995 13026 15603 5 
9801 7730 13909 9801 4 16404 23135 20402 20931 13512 9634 5 
5876 20149 5 6 8 29 21 
21 7157 16404 18525 18533 7916 20244 21596 15138 21932 6 4730 1424 7730 9743 14114 20 
13923 22805 31 11518 6103 14335 13591 7509 12104 6981 9851 5 21 
22463 18565 6103 3450 22897 5 
21 16323 4 15460 20 
14604 23176 20402 18498 21596 15138 23091 7730 22463 28 7914 20931 22942 20 18498 31 9801 20149 9743 5266 7914 21793 15678 28 6103 20931 9388 7730 18498 28 7850 6075 15138 20127 4 16580 4 12537 4 21021 4 16135 4 18780 7730 13800 4672 5 5 5 
22327 18498 11284 6103 14425 7730 13909 3086 4 20293 5915 20 
23135 15005 7850 14604 8 29 21 
21 14604 28 4 18498 15190 20402 8956 18498 15671 8995 23104 0 21 
22463 6310 9833 16404 1575 22463 15299 7509 22942 5 6 6103 
21 16323 4 28 5 
15138 20127 4 1114 4 16580 4 21021 4 18780 4 1249 6103 22942 5 5 5 18498 28 7850 18009 15138 9801 5 
14539 9193 5174 11284 22385 17556 21551 4 20357 4796 20149 9743 16440 7509 20931 22942 11284 22463 9173 5 27 
6670 15678 17819 8147 22805 31 14464 8810 18498 20402 4 20463 12939 4039 6103 20402 5 5 5 8235 4 14539 4289 654 4 19900 18498 13055 21596 22463 13727 15138 8810 7914 14604 5528 7730 8840 18498 5360 17438 15138 21551 20 
22327 6103 3058 7730 12780 7957 4788 5 5 5 19703 
21 28 78 31 9193 22521 5 
1095 1115 6103 28 5 21 
9193 10959 6103 20402 7174 20 
21 16323 4 21 21 28 21 21 13512 20 
18498 28 7850 78 20293 7730 18498 7850 5459 6981 12939 18498 20402 20 18498 5360 20402 8956 1114 6103 16971 4 8956 14464 18498 5219 21752 22463 19703 10544 7509 19800 6103 15138 5 21596 21389 4672 16404 9594 20670 22318 4 9193 18476 20402 16404 17438 1920 4 15988 4 4179 4 15658 6075 20 20402 13688 20 27 
8235 4 20559 7850 6679 22327 6103 14425 4 17324 23135 14514 31 14426 4672 18498 31 22942 17304 15812 4 18498 20931 22942 20402 19342 6103 18780 5 5 5 19900 18498 3450 22463 6281 12780 22126 22463 20853 7850 21680 19800 7730 9193 15658 17304 9901 13909 9808 7509 18498 12861 4 22805 20931 9801 5 8840 18498 28 11710 3450 6152 21810 7730 18498 991 6103 22327 4 23135 20402 15138 15138 7730 15138 9808 5 9193 8995 20293 4766 23135 16404 4854 22327 12861 4 17324 1097 15643 51 22463 1393 16083 4 15658 20402 22821 0 20 
9808 1247 1393 28 18498 21389 1027 20 
7730 12780 7957 4788 5 5 5 27 21 
21 23 4 14604 1248 20 15678 7127 4289 4 15658 20402 0 23 29 1249 5 5 5 8995 23029 22463 11474 14539 20 27 
16323 4 28 20 
5360 8956 16971 12094 18498 20402 5 9193 7850 6679 22327 4 17769 2031 4 22327 15678 18498 11284 6103 3058 7730 7509 14425 15458 15190 4 17324 20149 21596 22463 16971 18498 14514 4 8956 16971 20402 23135 5 15138 16580 4 1114 4 3870 4 22521 4 18029 4 21021 4 5204 4 7251 4 18780 4 13054 7730 2964 2964 2964 5 18498 28 22318 78 4 7850 18044 7730 18498 22318 5235 8956 16971 4273 480 2136 15678 9971 5 
20402 1095 4 11875 6650 15678 21364 7509 14604 1114 7730 3870 17438 23135 5 20402 21389 14924 4 19699 4 3222 4 11665 4 18655 5 5 5 8235 4 9193 21282 18533 22318 662 17438 21793 15678 12459 18498 23104 7730 740 12783 23104 7730 17438 3450 22897 18498 23135 7491 21 21 23 4 21267 14539 4 4730 28 28 2371 5 5 31 10343 13909 7491 17438 23135 4 6670 18498 15678 15190 20402 15190 5 15708 17438 20293 14335 8720 4 14335 1502 871 22898 7730 2136 14539 17438 21596 15678 17605 6103 21752 15894 4766 31 9193 3790 5 
18197 6 15502 12780 20369 31 10765 5 5 5 21 
21 15708 4 20304 20 20 
31 22318 20402 11043 4 14604 16169 5 662 4 17438 21596 17525 22463 13759 7914 14336 31 21389 22179 5 7914 14336 31 21389 13749 7730 20739 4 9980 4289 22463 15599 14149 4 4289 15678 7127 22385 8840 17438 23135 7730 17438 21793 15671 6 15678 14924 7509 20931 4477 5 
13330 4 31 10547 7914 28 20402 15138 11861 7914 21793 31 23498 7509 9193 22942 4 17836 7914 22463 14924 22385 6305 4796 8956 4 9193 21596 10547 7730 17505 20293 5 28 20402 5354 4 21739 30 5 
22318 1027 20 8 29 21 
21 31 20126 20402 9172 7730 31 17743 15658 17304 13909 20402 20357 4 9193 31 13324 7509 3058 14924 23104 20402 22463 23570 5139 4 18498 16866 16404 20293 5200 5 15678 21551 15392 16404 21793 9010 7594 12780 7957 20402 12136 4 9193 19900 18498 8995 7914 22463 3058 13727 5 12780 4766 28 4 28 5 20293 13405 4815 31 13324 6103 22463 16971 12094 4 827 4 18498 15658 21596 21551 19854 5 5 5 22463 16689 15658 21596 14335 6917 6103 23135 4 9193 8995 20293 17737 7850 9193 14453 7730 7850 14604 5528 5 
18197 6 8956 10273 19363 31 10211 18498 20293 12783 13325 6103 23135 20 
13749 5 21 
21 15678 15576 28 20402 15678 28 4 18498 21166 4 18498 5064 7730 18498 18044 5 8329 11284 10547 11284 8838 5 
5108 7850 20304 5 21 
21 8995 3697 6103 8995 3697 4 17458 8995 3697 20402 3698 5 21 

