26 26 0 26 11617 20496 5 26 11617 26 5 26 11617 26 15803 26 5 26 26 11617 31 4245 20402 26 26 5 
21 6717 20402 20149 13446 20 8995 4 20402 22463 6717 10544 4 17495 20402 13444 14539 1920 5 27 21 
21 11731 9193 5758 15458 20644 20402 11949 5 
11731 16083 5758 21371 7102 20402 5 5 5 
7730 20149 20402 20463 9942 0 20463 12787 14465 4 20463 17822 0 21 
8956 3790 20402 11208 20 20 20 23570 5 5 5 
21 22463 7127 15558 4 15894 22463 1972 7509 19735 4289 6103 21189 7730 9847 4766 20463 7992 20 15138 3058 20 20 20 21 
9193 7730 14604 20826 20 
28 26 19900 2727 4796 20402 20 
14335 4229 18498 9193 12780 20 

26 12939 20 20 20 27 4796 15658 1027 5 5 5 
20474 4766 10405 23558 26 
21 8995 19323 14604 28 4 7730 31 9388 6103 871 16971 15423 4 12783 9743 22463 13501 13909 5797 7850 14539 4766 15697 6103 14335 13591 7509 16958 15036 5 7850 18195 15266 9743 8956 9417 5 15658 13405 16404 15678 13131 16972 3962 9193 15678 9343 4 1276 6103 9743 8956 17889 9743 22463 2284 6103 9193 11454 4 7730 19323 20149 18784 22657 31 16689 14106 7914 14604 4472 4 3348 18471 6073 7914 7148 5 21 
3058 7576 20 20 20 
15833 26 20 26 1983 26 26 10907 5 5 5 12863 22 20539 26 26 20497 5 5 5 
21 4178 4 8956 20402 14604 13905 5803 16404 22463 19205 20 21 
21 9193 20402 22463 5758 9522 14694 7730 1443 31 9193 4672 5 15138 13909 7509 18498 31 16971 4 7730 15658 21389 16673 22665 14273 4 9193 20539 17438 15658 5219 14335 4958 22385 2727 4766 16083 20402 11578 16066 17438 6670 16753 20402 6103 871 10211 13931 4 14604 3228 14335 8386 4 15658 21752 5015 7730 15658 23421 6103 9193 17438 9365 5 14604 16169 22805 18498 9193 8995 14335 21858 866 18498 9193 15658 7102 20402 4 4796 22463 21 21 7831 21 21 5 20402 14335 8361 1393 17556 31 6075 13909 22665 31 16971 4 8361 31 7459 4672 4 19456 31 12179 7730 20931 15936 7730 14335 7512 16404 31 22942 5 11462 9193 22805 18498 20402 14466 7831 14335 753 15138 7850 17599 7509 6509 20670 31 16971 7730 31 4672 4 18498 15658 20444 13909 7850 9193 22942 16066 18498 8995 14335 9743 13923 5 11462 19089 20670 15678 1961 9193 5219 4657 4766 3558 31 11644 6103 14335 6509 4 6103 6256 1616 18498 15658 14335 16933 21 21 12780 21 21 20244 20738 21389 18481 1276 4 9193 20402 4524 18498 15424 20293 20402 1920 5 17819 9193 1540 18498 6509 4 15658 20402 31 14539 4672 18498 15790 4 6509 20402 6256 6103 13131 16971 18498 13055 15658 22318 9743 2727 16066 15700 18498 22318 2087 7730 18498 15658 21596 13909 15425 22597 7850 20931 22942 15458 14924 5 20402 22463 17889 15894 23135 8386 18498 4 871 16971 15128 21389 9193 22942 31 17406 6103 9193 9743 368 18498 8995 5200 16404 20293 4 9193 18476 7847 6146 16440 16066 18476 23135 6146 12861 4 23135 16765 18498 31 23577 4672 3058 18498 18784 22657 31 16689 31 20149 614 4 20402 31 13324 2389 7509 16468 5 16673 14466 7850 14604 3962 4 12861 20444 16404 51 15243 4 6256 6103 5891 15678 16083 17438 17972 603 4 16066 9408 18498 9193 5762 20244 18533 4 16066 18498 5762 18533 5 7730 11508 7850 3962 6103 873 12780 7957 16066 21623 4815 4 9193 5762 7914 9193 22463 20352 4 15894 9193 6679 15678 14425 16404 8956 16971 4766 18475 16083 16971 18498 7847 20149 8464 7850 10530 4 7730 9193 15658 14335 20357 21 21 22280 21 21 17438 18533 18498 873 20402 9808 4 14539 15658 20402 4815 20 6509 20402 20402 8847 15678 21036 16404 8386 18498 15604 4672 20293 12780 1421 7914 9193 22942 4 23135 18533 16066 15658 5 7730 15299 18784 20149 16784 4 15678 22765 6075 13727 1393 15604 4 9193 22 20402 23556 18498 15138 19053 17304 740 349 7850 10530 5 23135 12780 21596 16083 21243 9726 4 16066 2136 14539 21596 23206 20 20 20 27 5 9193 15678 13185 2389 20402 18498 23135 15658 17629 20149 21858 8672 6103 15425 6318 4 7850 14924 18498 23135 8386 18498 22327 18498 8995 7850 20931 22942 4 8995 21556 4 14539 18498 8956 21551 20402 15138 4 15138 4 15138 13669 5 7730 1920 20402 4766 1115 4 14539 18498 20402 16816 4 20402 17521 18498 20149 18506 7914 871 14924 5 9193 15424 20293 20149 18506 4766 22463 14218 7562 7730 4180 4 31 22898 31 10765 21282 20149 8581 7850 16816 4 7730 15922 4 7847 3510 7850 4387 7730 15658 9387 17517 6103 5231 5 991 7509 13909 23135 1540 18498 22392 4 2384 4 20402 20293 20622 6103 18498 4672 15604 8995 16404 349 4 7730 18498 22765 4403 6075 13727 31 4672 15604 4 23135 16765 18498 18481 13909 23135 5590 2116 6103 873 4 13909 23135 5590 16404 13667 6103 18525 23135 20402 4 7730 6256 6103 9743 4672 6981 21743 8887 5 8443 22463 5220 18498 9193 6075 20402 9743 15678 18498 9193 8995 9743 4 10691 8208 4766 15678 18498 9193 21596 654 4 6256 16404 13761 4 18525 15658 18533 8995 1614 4 16066 31 4672 18498 9193 15658 17511 13909 21596 4 16066 18498 9193 16784 4 16066 18498 9193 18506 5 22463 11020 30 20 4 23556 18498 15855 31 16440 4766 22463 17556 6103 22225 4 17458 20402 4273 22805 873 16066 871 4672 18498 20402 28 17438 23135 12780 7957 5 21282 18498 2371 9193 14335 13325 4 18498 16784 22463 3671 9726 4 20402 1453 16784 22463 3671 5 7730 18070 22463 16083 7127 4 17438 2371 4 23135 8581 4766 16083 4 4290 6103 22463 6310 3488 20 4524 18498 15658 20402 7509 7127 16404 15533 18498 9193 1540 12861 4 7850 22821 20402 15138 15533 6103 29 16721 31 19456 4 2136 16765 18498 22657 15138 13909 31 16689 20402 14604 18191 1095 7730 14335 7459 16404 31 16971 8995 12526 4 7509 18498 3913 16963 6879 18498 14335 11810 6103 20402 1616 18498 9193 10959 18784 6103 20402 4 7730 15678 18498 9193 18533 20402 0 27 4 9193 19474 5 9808 4 15505 4 20024 4 2850 4 28 28 4 28 26 14522 4 16366 4 15258 6103 2473 4 12959 6103 14727 4 1545 6103 17950 6103 4112 5 27 15678 18498 11862 0 20 16367 6103 18533 21596 4672 7730 16971 4 16404 6256 18498 7847 16468 17438 9193 4 8329 9193 16468 17438 7847 5 26 26 20 20 20 21 
21 15658 9594 20670 5997 4 15658 22318 6256 11933 31 7544 5 5174 31 7544 7730 5876 6103 20931 20127 5 21 
21 15658 20402 6103 18910 7509 22942 4 9193 23135 19969 16404 12780 1393 20463 15258 7730 16404 4886 21793 20463 12261 1971 4 16784 20463 4122 4 8995 20244 28 20 20 18475 5322 7102 349 17438 11980 5 21 
27 5 4885 9193 7850 22942 20 
21 21 21 18476 873 20149 20357 23195 4 17629 21596 20931 7594 18950 4 15658 20149 20357 17106 17438 8995 4766 7594 5 21 21 21 
21 15678 28 28 9594 866 7730 9193 201 21810 16404 9193 4 21 21 9193 15658 11139 10273 4 16066 31 4730 7914 17471 4 1612 18498 8995 9450 15423 13055 15658 20402 13909 9193 5 15671 15128 4 15671 15658 9193 19335 5 21 
21 22463 22897 31 871 21551 9193 8720 22463 10343 18498 20402 13909 16066 14466 1920 4 21 21 20781 4 15658 20402 866 18498 20149 5929 4766 1114 7509 16083 7730 20539 4766 1114 18191 21 21 5 7730 9193 19089 20670 7730 4289 31 5015 6103 18498 20402 4842 21557 4 31 16971 31 20931 23151 4 20463 15311 4 20931 15311 4 20463 1097 4 20463 16169 7730 20931 15253 4 20931 2336 4 20463 3439 8235 21793 20402 4842 21557 4 16066 20402 21282 23135 20402 9172 16404 20500 14539 5 18476 15671 16721 15510 4785 31 16765 18498 7686 8956 9173 4 14514 20402 9808 5 8443 23135 17629 20402 22463 3058 4842 16404 20500 14539 20 9387 22463 10343 18498 7914 871 13727 9193 15658 14335 13325 31 10192 18498 7491 15678 20201 5 21 21 7850 22942 15658 22657 15678 21389 18498 21596 4 16066 21389 11862 15678 18498 20402 4 22657 15678 18498 18779 4766 1616 18498 17520 4 7730 308 6103 22327 11862 15678 18498 9743 6103 15671 5 21 21 7730 15678 18498 23135 8995 9743 6103 23135 0 23135 8995 4730 20931 9801 7850 15256 6103 16083 16971 0 17324 19900 18498 1453 23135 20402 19483 16673 20931 9801 4 20402 22463 11020 19478 23135 11731 18498 28 15658 3990 4 10447 6981 4672 6103 6996 4 6615 6981 4672 15138 17989 4 23135 20402 15678 5060 7509 20931 22942 4 20402 9808 4766 23135 4 1073 13909 4 1073 12171 4 10959 6103 23135 4 10959 6103 20931 4842 5 31 9801 15658 8995 9193 16083 7730 20539 6389 6103 23135 4 20402 4524 18498 15138 22898 20402 3058 21596 873 16404 20149 4854 15678 14924 9808 5 654 8956 9801 7102 8995 17819 7914 23135 4 7730 15658 7850 15256 6103 16083 16971 5 31 13591 8637 16066 13593 4 18498 9193 20402 6075 17438 28 4 20520 8637 14604 6996 4 7730 9193 8637 20402 9808 4 8637 20402 9808 4 8637 20149 9743 9808 5 5 5 21 
27 5 15078 20 20 20 
15678 18498 9743 18476 23135 13055 1937 866 14667 22898 7730 14539 1920 31 20319 20402 31 14539 0 
21 31 21525 5896 9743 16440 7509 9193 12319 7730 469 4 31 23577 7987 155 4766 5353 6103 18471 5 753 7850 9193 10220 7730 7850 6103 18494 21793 18498 9193 5174 5 20402 22463 184 18498 22463 16535 5897 6981 4 20559 6256 6103 9387 5 21 
21 15658 368 18498 20402 17438 228 4 18498 31 16971 8995 3450 22897 13909 1443 31 20463 1233 6103 9042 4 18476 9743 22463 1386 7509 20709 4796 22463 21793 4 16765 18498 15678 11578 8995 3450 22897 13909 7028 5 20463 7317 6103 23560 4 20931 19197 20699 7945 7914 16192 18498 4060 21641 5 462 15678 22564 7509 21 21 13048 21 21 4766 31 18191 15256 4 16404 4774 12368 4807 17438 16083 5 6679 15128 22463 15382 4 20244 15128 20931 17436 5 31 16971 8995 5150 4 20357 23560 7509 14758 4 19398 7509 7174 4 17438 20931 22897 15678 7174 20149 20357 7850 7277 6103 8748 7850 3790 7509 20709 4 20463 7630 5 8995 7914 11154 4 22463 11154 4502 4 15894 21793 6103 4179 10211 3348 31 14539 4672 4 9193 17438 22805 7176 4 18533 19456 4 15970 7730 11259 5 9193 15658 19456 4 15658 14090 31 15970 4 20402 6524 5 15678 15190 15658 23058 22463 3058 10530 3962 31 4672 3610 6981 10211 5 21 
21 1249 16468 4 22463 18533 1095 20402 7957 4 7730 7914 20931 9867 6103 6917 4 9193 16098 3532 7730 4766 2031 20463 7561 7314 20670 15678 18481 7847 20149 17703 4766 31 6152 6103 12780 7957 5 7491 20149 17703 4766 31 20126 1285 7509 9634 4 4766 31 22225 7914 6256 22463 1114 17872 22305 7730 4766 31 7594 6103 20149 538 7509 1097 5 7847 12784 7957 16404 28 4766 21389 12003 20670 5980 7730 13761 4 18498 15678 12571 13909 16393 22463 20343 1393 9536 5 
6387 7157 7730 5222 18947 6103 16083 1095 4 13334 6103 12628 31 7318 6103 10211 13909 10405 7730 18103 7509 18498 10959 6 
18476 23135 8995 6389 6072 2332 4 15855 17872 2442 7730 22805 21793 9010 7728 7730 6663 7509 21364 6103 10223 4 23151 31 9594 5 7730 23135 12780 8406 15324 2332 4 15424 18498 9193 14539 22318 4730 15423 5 
7847 8281 20155 7730 2462 31 3393 567 5 
16721 18498 7850 23523 17304 21596 488 15678 5220 5 9193 9707 20402 18498 31 9193 4181 20402 12801 4 22327 18498 7847 17629 20402 16925 5 15855 31 20644 6103 16083 23515 4 6103 4434 4 7730 22805 20463 7217 7730 17877 4796 18525 15855 15678 15190 6103 22463 2332 5 23556 4 9193 15658 21752 8956 9422 7509 3938 5 9193 4 4796 7847 4 13055 11284 20402 15678 10672 2079 16673 7728 6103 16440 4 6256 22327 17872 22305 19859 1393 6621 5 11462 19900 18498 15678 14378 15299 13909 20402 7509 18498 10433 7509 9193 9193 15733 7914 14370 2367 7730 20402 1912 5 7730 20402 21282 4766 15678 21551 7730 4766 31 4245 18498 14335 6075 18498 6592 18498 15658 11284 15299 13909 13444 7730 8626 7509 18498 15678 3058 7730 22765 21752 7850 8713 5 
11462 31 9193 1095 15658 21596 13909 7728 5 4110 31 22942 18498 7847 5762 17872 7847 14539 13761 7850 21631 7509 19169 4 7730 9193 13909 22463 22897 14335 8147 6103 10366 4766 31 16440 4 21282 18498 654 14604 6996 20402 15678 28 5 7730 21371 1920 4796 9193 7847 1540 18498 20402 17629 7730 12780 18533 15138 22898 22463 4179 7395 7509 15503 5 1540 18498 15424 21793 1114 1762 20402 1114 17872 22942 12526 5 18498 15678 1097 4 1612 6103 22821 4 17304 2136 8995 13667 4 9193 15643 7396 5 11462 7847 4229 15678 1341 9536 6103 13194 4 7730 472 16647 22463 2332 19859 1393 6621 5 16083 4 4796 9193 4 7730 4796 7847 4 9743 15678 14539 5 21793 8386 18498 20402 17629 12780 7957 5 
20402 17629 12780 7957 5 
12780 7957 20402 11861 16404 18498 23135 8386 18498 23135 15658 20402 22385 11861 1920 4 18498 31 22942 20202 4 4766 16066 20244 23135 17438 16936 5 16971 15344 4 15036 4 3962 4 20369 7730 19450 15678 17877 18498 1276 23135 368 21282 23135 19450 5 20402 4327 7730 13444 15502 17629 6103 23135 17872 20202 23104 5 15424 20931 15253 4 15424 20463 16169 4 15424 20463 9283 4 15424 20931 16647 4 15424 15502 5 16393 2781 4 9193 31 13907 6103 15671 21596 22463 15623 2727 7406 7509 11868 7509 18191 22466 15616 16404 18525 20738 6075 13923 6 15502 20402 12493 16066 11885 5 13471 4766 12861 5 
20402 17629 12780 7957 5 
12780 7957 20402 11861 16404 18498 23135 22805 18498 23135 20402 15138 11861 20539 20 20402 17438 29 14764 4 20402 17438 29 1249 4 18525 20357 20931 9620 15658 20357 14466 16066 13909 17458 23135 20402 7957 1453 20357 17438 13909 21551 20 15678 20352 15658 15128 5 871 16971 15643 12780 8918 7509 20463 1247 4 23135 8995 1614 16066 7850 28 5 8956 16292 6103 18498 20126 6103 23135 4 12780 9193 22805 22463 11518 20402 17357 5 18525 20357 20931 9620 12780 20293 20357 7730 636 5 7730 15658 20149 17703 4 17324 15678 9965 20402 15355 5 12780 21596 20293 1612 20232 7730 8810 11111 18498 12780 21623 31 10343 18498 20126 6103 23135 4766 17438 12861 8995 22318 14018 8956 23507 7 16066 17458 8995 21787 31 9193 15286 16066 8443 4913 22463 16464 16066 740 6582 654 18498 8995 16468 2371 5 
8443 12780 7957 5 12780 7957 7509 21932 18498 22318 2079 5 6072 19225 18498 23135 19900 15658 12780 6075 4179 5 12780 7957 7509 10606 18498 8995 17737 18476 5482 5 12780 7957 7509 3962 7509 21680 16169 5 7509 21680 16587 5 7509 19972 5 12780 7957 5 17438 14764 4 17438 1249 16066 17872 22942 5 20149 2164 4 15424 18498 20402 17872 8147 4766 23135 14539 5 18481 23151 7730 20149 23151 12780 22805 31 4672 6103 16083 16925 4 13761 6103 4434 7509 2332 5 
31 6663 7730 18143 20293 12780 9387 5 2631 23135 6146 8100 31 14539 4796 7847 18784 20402 7509 21364 6103 10223 5 
8956 21684 9193 6184 31 871 16971 18498 1920 4796 9193 14539 4766 14378 7509 16440 4 20149 12960 4885 7850 14133 7509 6621 5 21 
21 9193 20402 8361 6670 16753 18498 17629 20402 10259 16404 22773 7850 22942 20402 10259 20402 22463 14858 5762 7914 4434 7509 11729 6103 22463 16971 18498 14539 7148 7509 13905 7181 16066 3530 14103 3558 4 6103 3393 7883 7730 20853 7850 19800 
4346 8443 20402 31 13905 6357 6103 10341 
20852 21282 2447 4 6103 17659 4 21282 8583 22463 20853 
17458 15658 20852 10665 6256 10100 31 8208 12610 7914 10211 6103 835 8889 0 
4289 6103 15247 6103 9615 6103 9996 15658 20402 15678 18498 20149 20402 
7730 1920 4 21793 31 22898 18498 9193 15889 7148 6103 15576 6684 16066 9193 15889 6103 6355 15576 20352 
8995 5762 16633 6389 6103 15671 5 
1043 18498 12780 6487 7914 871 21743 6103 7544 
8995 6256 6103 20402 9808 7730 9743 16971 9808 4 8995 20402 14309 7730 12370 20402 22385 3058 20852 10665 
20402 22385 15392 4346 20 
20402 22385 3058 20402 31 10765 14539 20244 15247 20402 22385 3058 20402 9808 15361 
7914 17269 7277 6103 23104 20 20402 22385 3058 20149 16878 20402 9808 20 20 20 21 
21 21 21 13166 7491 4 9193 15671 15658 20402 13909 1097 16066 18498 18533 18498 21596 20402 5 17605 7914 22318 6621 4 18533 15604 9074 5 15708 14539 17438 21793 15678 16468 18498 9980 9901 17872 22305 5 13405 5219 4 7850 2419 4 31 14453 4 31 10279 4 7730 15678 17737 18498 13055 15658 9743 13909 16440 7509 14604 5 21 21 
14924 4796 8956 20402 18967 7914 9193 22942 4 9193 20402 18498 8995 17714 4 16404 6256 18498 873 18498 16084 9025 22385 17737 4 20149 12780 0 18481 16971 14096 7914 9193 22942 4 1453 17438 14378 6103 6624 17438 2371 5 18481 21 21 1097 21 21 7509 21551 6103 4761 18498 15658 22805 31 1249 4 18498 740 12430 7914 14096 7914 871 10713 9769 7509 18213 18498 9193 6075 5 22463 3227 1393 14604 18533 1097 6103 16083 21551 4 18498 11462 15658 17565 13909 14604 28 5 23135 21596 20463 14924 10901 4 1920 4796 9193 21596 15678 14604 7850 22942 6103 23135 4 9193 12255 31 13759 20149 1400 4 15671 20202 7914 10366 7730 15658 430 4 17438 13909 18498 20149 18533 4 9193 16753 2419 6103 15256 4 18498 13405 7914 9193 22915 16673 22942 4 15658 21154 15138 16958 4 7730 18525 9901 20402 18525 18784 3391 15423 5 14539 1920 4 20149 6953 7509 14453 20402 7562 18476 20149 16721 31 19456 4 18476 20149 16404 7730 19089 15678 17458 6072 18533 1095 4 21596 20149 21858 1453 22463 13324 5 6103 18525 20402 31 5891 0 9193 19474 20 6103 15502 5 5 5 31 22942 20402 1920 4 20402 16463 4 7824 4 7914 3450 9009 15619 19801 4 15604 9422 5 9193 20402 23556 18498 7850 14336 6981 1113 6103 16971 18498 20149 16784 871 4 20688 7730 16897 20931 14453 6389 15671 5 7730 15424 14539 31 7395 9193 538 5 21 
21 21340 4796 31 14886 21596 7558 13131 4 31 11454 20293 21596 13909 6103 22463 22861 5 5 5 20207 28 28 21 21 15894 31 10268 6103 23167 20402 11020 4 31 7181 15658 17304 21270 21 21 5 18525 19900 8956 21 21 5782 21 21 9983 2118 15658 21858 15678 3170 13909 5856 7730 5212 4766 15678 20463 23174 5 2136 17438 18498 6 15658 20402 31 5518 4 15678 15677 16066 15678 16440 17382 18498 12780 15128 15678 16587 7730 20539 15678 17563 20 21 
21 8956 15422 6103 9743 15678 18498 31 10765 1027 20402 18784 11861 5 
15658 20402 4 1453 4 22463 16292 5528 5 
1340 4 9193 288 18498 20402 17438 22463 18553 6103 5139 5 20402 10962 21932 4766 15678 18498 31 10765 5947 4 20402 4524 5 
11462 4 9193 8386 18498 20402 15138 13909 18498 12861 5 20402 22463 18553 6103 22942 16066 15041 5 
20149 23135 15658 21596 22463 15082 9524 4 20149 15658 21932 4766 866 18498 18784 22318 21787 4 20463 8048 15658 12780 21787 31 13909 15502 5 7730 12780 15036 5 
7102 9743 15678 18498 1027 15658 1453 17458 20402 6310 4 9193 21371 17458 8047 9380 21082 5 
20149 20402 13687 1409 16673 9193 4060 4 21596 871 4245 6103 9743 15678 18498 7102 20402 9790 7730 16916 5 20149 21596 21671 4 9239 4 1471 7509 16763 18498 20293 9387 5 
21282 22657 31 16689 20931 16673 18498 1027 5 21 
21 18470 20402 31 19235 7509 20463 17877 4 20402 7847 18470 20402 4 7914 4846 1393 22520 0 
31 9801 15658 20402 22463 6996 4 20402 22463 22915 5 31 9801 15658 20402 1022 4 20402 654 5 31 9801 15658 20402 22463 6402 4 20402 22463 6152 5 31 9801 20402 15678 18498 23135 20402 4 15658 15678 18498 23135 21596 5 
28 21 
21 18476 31 5782 20149 12454 7850 12476 349 31 17332 4 7730 31 16971 20149 7459 7914 29 11020 11112 7 15678 18498 4346 7730 15678 18498 9545 13351 5 21 
21 15678 22223 20402 18498 15344 4766 22463 14453 3058 4 7730 20402 19746 17438 16971 6103 14453 19854 5 27 21570 21 
21 28 28 29 6 29 6103 5459 7730 14539 1920 31 10765 15658 16404 6103 9594 15658 20402 12787 20 19900 15678 18498 13909 14335 6256 9808 4 20402 19900 15678 18481 23135 8995 9808 20 20 20 16971 4796 23135 14514 21793 31 3369 18498 17098 4 22318 1027 3790 7730 23135 19900 4 21596 31 20855 6103 8147 22463 12787 20786 17438 2371 7850 15190 5 22657 10765 3058 5 21 
15286 3058 20 20 20 
21 21 21 20670 31 11571 15678 11474 20402 15678 18498 14335 13909 14335 21187 5 17458 16784 31 20127 16404 13026 7251 4 6408 16784 7251 16404 18983 31 20127 5 7730 17438 16721 1270 7850 10530 4 8918 7509 17737 6103 21340 10211 18498 201 17438 15658 23104 15424 15678 17737 15424 15678 10530 5 7730 23104 4796 20149 15643 20402 15036 5 5 5 7730 15036 4796 20149 15643 21596 23104 5 21 21 
28 28 21 
21 1471 6103 20402 22463 23222 6355 15678 1789 13909 4951 7850 9971 7509 22942 4 4766 21793 4181 15671 21 21 12979 21 21 17304 21752 15138 18074 5 5 5 21 
21 14604 28 4 18498 184 4 16971 7914 11636 13105 21596 18498 21932 20 20 20 7914 4328 4766 12861 4 31 15894 20402 18498 8956 16587 12780 16367 4766 16971 21 21 21932 21 21 5 5 5 15678 20739 7509 4526 15260 14335 6256 7914 10324 4 18498 21743 6103 16169 4 15658 20738 22805 20463 9943 7914 11636 2058 4 21596 18498 21932 16404 2504 20463 9132 20 20090 5 5 5 21 
21 18498 4672 9074 20402 288 18498 22463 16971 20402 13909 18498 22463 16971 4 288 18498 8995 6103 10366 31 873 18498 19363 31 16821 4 9801 7730 1114 4 16971 8956 18498 7914 21075 21596 15678 17304 6103 22318 13405 31 13727 14426 4 1453 1393 7850 6075 31 15256 4 9193 15678 11020 13185 2371 4 20402 18498 12225 23135 8386 18498 16971 20402 20293 16971 4 7730 18481 13909 6103 16936 23135 31 15726 13909 18772 7730 11824 7847 20149 21858 5 7730 6981 10211 23135 20293 4289 1393 17406 15894 20149 10211 31 7728 4 21 21 7102 12780 4 16066 7102 9901 4 7102 9193 20357 10430 16673 11020 9645 18498 20149 20402 4 6075 13727 31 18774 18498 15658 20402 22385 2725 18481 1276 4 16066 7102 16440 7914 3348 6103 866 18498 15643 9387 4 9193 18498 9193 14096 10010 7914 20931 17908 5 18475 3610 18498 23135 21810 4 7850 22126 4672 3058 7730 4672 19854 4 23104 7914 22463 9645 15424 20293 20402 17106 7509 18498 23104 31 18774 4 22327 6400 7509 23569 16673 18470 23135 6679 15726 20931 22942 5 871 17658 8840 31 19630 7850 21613 1995 4 31 6159 6103 1114 12221 4 31 9336 1393 19150 5 9193 31 22898 10122 21389 7914 288 15576 9975 9808 18498 15658 1540 31 13359 15678 20577 4 31 7172 8406 18525 9193 18533 7730 18525 15658 9193 18533 4 8406 15678 18498 12780 9901 7730 15678 18498 12780 22318 6256 5 
7730 21355 8956 9975 9808 15658 12025 22463 1114 12094 5 
21355 20402 23135 21282 18920 15678 3446 7730 18931 4 9901 13591 16404 866 14425 7850 10530 16066 15658 5 
21355 15678 9975 9808 20402 21282 20202 7914 10366 5 
16066 21355 15678 9975 9808 20402 12861 6 
19900 18498 14539 4766 13481 20244 19553 7730 5528 16440 4 4766 21793 15678 8564 9158 7730 20577 13923 12620 4 4766 21793 31 22834 7730 21793 5283 4 23135 15643 16784 31 8838 5 5 21 
21 15678 18498 18784 17689 23135 0 
15678 18498 9743 4766 18498 6256 31 15941 6103 23104 16468 0 
7548 18498 9193 17689 31 22463 15190 18498 22822 15658 20402 15576 5 
19150 11876 4 22821 17269 18498 21282 9387 7850 15190 7509 16083 5 
11429 11876 5 
20352 6103 5891 11883 7914 15671 4 22822 5891 7509 16083 5 
16083 4 21793 1612 18498 6103 871 10211 9193 10795 20352 6103 5891 5 
17438 18481 22898 23135 6256 6103 18779 866 17438 7548 20699 4 5897 16066 19239 0 
16721 7914 17838 4 18470 0 9193 18498 23135 7491 21596 16066 9193 18498 20402 11857 31 23135 5 
17324 20402 4 15678 18498 15678 16083 12780 16721 20149 23135 20402 18784 23135 0 21 
21 31 13909 17942 10211 6103 6739 20402 8637 20402 16083 18498 15658 20500 14539 5 
28 28 21 
21 15658 19900 17438 18498 23135 20149 20402 
18481 20126 9193 20357 
7730 6103 22225 12780 23104 
7730 1612 425 15658 17304 6075 5 5 5 5 
31 22463 20247 2116 9193 18533 7730 28 23179 9193 6256 4 740 7545 4 740 20402 5150 5 20357 20931 9620 4 7730 5960 31 5739 18498 7847 15658 2017 15678 21500 18476 9193 13480 4 16066 18498 15658 8995 7914 3962 18476 9193 23151 5 15658 20402 10544 8386 15678 17458 7509 9971 4 9193 472 21596 13909 871 1249 1393 13131 6281 5 15671 23104 6103 10211 11663 4 15894 20402 17629 16784 873 16404 8386 18784 4796 1612 16971 20402 11861 4 15671 23104 4796 20149 31 22942 20402 9172 4 6256 6103 7491 21 21 9193 22318 1027 21 21 4 6256 6103 6075 31 2031 18498 15576 18533 8379 14514 4 15658 22667 15678 14924 18498 16468 1393 20463 13131 5 18481 21551 9193 4289 31 9901 13667 7509 9193 2336 4 20293 18052 23051 4 13481 7730 11518 13030 4 4730 14667 17840 7730 6256 6103 1575 4766 22463 7509 16971 18498 13909 1027 5 23179 8995 7188 12861 4 8995 21582 14096 15678 8522 4 9193 15658 8995 10544 20 20 20 1027 23135 5 28 13901 4 28 28 4 28 28 4 28 16386 4 28 28 4 28 28 28 4 28 28 28 4 28 20536 4 28 28 13901 4 28 28 4 28 28 16386 4 28 28 4 28 28 4 28 28 3888 7509 28 4 28 28 16386 4 28 28 28 4 28 28 7730 28 28 28 5 21 
21 7914 29 9051 15458 1549 4 16393 18498 20402 15908 4 15678 1792 18498 28 18387 14335 4060 18476 18908 21 21 15678 15502 21 21 4 15678 21551 20149 15101 7914 22463 22767 18498 14335 1966 31 22898 5 19229 15678 16468 20402 3058 20 21 
21 18498 9620 23135 14335 9743 23179 4 15658 8995 20402 10544 16468 17438 12861 5 5 5 21 
21 11462 21596 31 17819 11020 16780 7509 9193 22942 4 9193 18533 2336 9193 6256 4 4766 7847 1540 15678 1114 7730 31 3864 4 7847 20402 22385 11710 18498 20463 22771 20402 22463 21023 6103 11454 13512 6103 20931 16464 7850 21631 4 23556 18498 7847 8561 17438 20402 11570 4 9193 9193 7914 29 1249 15643 8720 22463 16195 4 22463 16192 7687 4 16066 22463 18824 6103 23560 16066 18655 5 9193 2336 15658 9594 13923 7509 16971 7847 31 753 4 328 7730 16793 4 7847 20402 7623 7730 954 4 7730 5284 22463 11020 9634 22507 18498 31 1027 15138 5 7847 20402 15138 18533 7730 6256 22463 18720 6103 1114 5 8956 15533 8720 31 11454 20670 7847 6592 4672 21181 4 4796 18476 7847 328 22463 9634 21793 7914 20931 3962 1492 15678 8147 7850 28 4346 6459 4 9193 18533 2336 12894 20149 2176 17982 17438 20463 3058 2073 4 16404 7847 3864 7730 1114 20402 4796 19466 1453 9743 7730 20463 16160 20402 31 9801 7509 16083 5 23179 23135 20402 14149 5 22318 1027 21 
21 9193 21596 2311 31 18525 9450 22327 18498 20357 7850 28 4 18525 12693 6103 16719 20931 26 4 18498 15658 17745 20463 14924 6103 12648 5 9193 11462 31 7594 8995 21999 4 15678 20352 6103 6739 17438 15658 17304 5929 1612 18498 1027 4 31 651 7509 17803 15258 20293 6502 5 9193 18533 2336 4 22463 7509 20402 13909 11710 7730 3865 18498 5174 4 18498 1471 6103 20402 11570 7730 4807 8564 4 20293 21582 20402 14425 7730 20293 9193 8361 15678 3610 7509 13759 7509 3864 7730 7509 1114 1393 18195 5 7847 15658 20402 16816 16404 15678 15190 4 9193 20402 31 2336 13909 16816 18498 873 17304 21596 4 20402 7623 7730 1121 4 3183 7730 4290 6103 5222 18476 17629 4 21932 1657 7686 20931 22942 4 15643 21681 17667 4 2136 18487 17438 23151 7509 14410 7847 740 8995 7850 2635 4 5876 7509 14604 2336 18498 21596 28 5 11462 7847 8995 12610 7850 30 4 21681 22463 16367 3849 7730 8144 7914 4796 5 1612 17304 15963 17438 7847 4 17438 9721 5 20463 15540 20402 28 28 5 21 
21 18498 2403 13512 4 1027 7847 20 21 
21 20774 4 21932 7914 8525 7730 5496 20 9845 8957 16404 15678 21021 6103 18475 8054 5 21 
21 21596 10765 18498 16468 31 22942 8840 866 4 18476 20149 6075 5320 31 23577 4672 18498 349 20402 31 22942 18498 16468 5 20207 26 21743 20474 26 28 17872 4809 5 21 
21 20402 3058 19900 18498 17438 13909 13667 18498 9193 12780 4 15299 7730 7396 6329 16404 15671 5 22318 1027 21 
21 21 21 12894 21596 14335 11731 4796 873 3735 6103 16784 21551 4766 15678 18498 15678 16083 16721 4 9193 18525 8393 20192 5891 201 12225 9686 16673 1434 5 21 21 
17629 9594 20670 15678 28 21 
21 15658 11862 15678 18481 21752 6103 15671 4 15678 18953 17438 15576 15262 20293 23016 20 21 
31 14426 4672 7509 22942 20402 6103 11066 5 31 20207 14426 20402 15138 3790 20 
21 16334 15678 9956 21 21 31 22685 6103 20402 12745 21 21 6 9193 14335 20357 12277 20 20 20 20 21 
21 7850 9620 6103 1027 873 4 9193 14335 1027 5 20402 13512 4 20402 18905 20 20402 21389 1114 4 20584 4 11509 7730 6961 4 7730 9193 201 6592 4672 12094 31 14604 19456 4 7730 15678 18481 7730 10544 1027 31 20500 14539 5 22463 5220 6 20149 6075 31 15941 7509 1114 17438 18525 20149 20402 4 7730 31 14425 19225 18498 20149 17304 21596 5 21 
21 9743 16066 15658 9743 4 21583 15658 9387 20 
14550 28 21 
21 14604 17819 1095 5 4841 7730 5113 5 14604 12787 4 16393 18498 20402 15908 18498 13026 31 3590 16404 7599 4 31 3222 4 15678 6719 4 15678 20826 5 20357 9620 6103 23135 14604 12787 4 16689 18498 31 10765 5741 4 7730 21681 18498 21787 31 22942 4 3450 22463 31 20931 14031 5 22805 8956 10273 4 14335 1788 6103 15658 21596 3224 13909 4766 23135 7730 3213 14466 5 23135 20293 20402 20402 6103 21266 4 14335 6663 20149 15658 20402 15678 14425 12787 4 9193 9193 20293 22318 5241 14604 14425 1095 5 26 26 26 5 21 
21 9193 19900 18498 23135 15790 20349 4 25 7730 18498 14335 288 15138 4355 7730 4273 31 22898 5 9193 21596 14924 18498 15658 6075 17872 15658 20402 20348 7730 14336 2981 27 5 19900 4 21596 28 18498 9193 15790 23135 4 28 18498 15658 8386 4796 17304 20402 22385 7176 4 7730 18498 6221 9439 23135 20149 17304 27 5 14539 1920 9193 15658 6256 6103 22318 15995 6103 23135 12787 4 15995 6103 4796 23135 15658 41 31 3393 7730 20149 14090 10010 4 15995 6103 4796 23135 12780 10484 7850 4672 7730 6592 15678 7055 4 15995 7509 20931 5936 7730 7509 10211 18498 23135 1540 31 4672 5 9193 19900 18498 23135 12780 15790 8956 9456 27 4 560 23135 7730 7692 4 9193 991 7509 15995 18498 9193 20357 6103 20402 20463 12787 13909 22765 4 20463 14425 1095 4 20463 26 7730 308 6103 22327 16375 6103 22942 5 14539 18498 9193 7491 15678 5431 18476 31 10765 3213 4 27 5 23135 20402 15678 14425 12787 7509 15190 4 14335 6663 20149 9193 15658 16393 13909 22765 7730 20539 15678 13909 15604 27 4 23135 19900 18498 9193 15658 155 15256 7509 9801 7509 16971 18498 9193 1027 4 23135 20402 15678 3790 13909 10748 18498 9193 5174 4 14604 15995 4 14604 11020 1095 5 15708 17438 23135 20402 8956 12787 18498 5876 4 18044 7730 9743 15678 18498 17304 17872 22805 9808 5 5 5 9193 21596 20855 6103 21596 12787 14149 7730 17438 23135 20402 22463 6318 5 24 21 
28 28 28 11731 20 20 20 
21 15941 15138 22898 2647 31 9193 17478 7325 6103 17877 4 7730 20402 23135 18525 8637 8100 6103 10366 16066 10447 20 20 20 873 238 4385 0 20 15678 14604 14604 3610 20402 13669 9193 8995 15999 17438 21596 4289 2136 1614 4 17495 9193 18533 13909 5 5 5 21 
26 26 26 26 26 26 
21 17438 12094 18498 16393 9193 5018 4766 15678 1840 4 560 21282 8147 31 14302 9983 7914 29 5 21 
21 15253 15708 16673 23051 4 20402 28 13520 4 22318 1027 5 12780 4766 28 5 21 
10696 
15253 9193 13512 23049 7509 15253 
21 3058 15286 4 7730 8838 6103 22463 20247 17504 20 21 
15108 3086 18498 16468 26 26 5 
30 30 15678 18498 20 20 20 7914 22039 5 5 5 
23 5 26 22 20539 26 20 20 20 20 
21 30 14566 20 20 20 15658 20402 6103 23409 15299 18498 20402 14744 19239 4 9193 8956 4127 13055 15344 17989 16404 21752 15894 5 5 5 21 
21 7730 17438 13909 18498 23135 12430 7914 15064 18498 15678 15190 17304 20402 13905 7730 14425 4 15138 6981 18363 13055 15658 17520 13909 11213 21036 16404 51 20931 10593 4 7730 20931 22821 20149 21858 31 22821 6103 18525 15678 16066 18498 15678 1561 5 21 
21 2277 5 7614 5 28 28 28 4 29 2372 5 20060 28 21 
21 19990 29 6 29 20 4796 20402 3058 4 4796 20402 669 
12787 23104 13030 7914 22521 20 26 28 12787 13909 22765 5 12787 13909 15604 21 
21 18482 4672 16468 7914 29 4 4672 8956 18498 14335 9743 4289 31 29 4766 16083 26 4 22463 3393 7174 7730 4766 21793 31 9193 12003 22020 7914 21 21 4181 21 21 5 5 5 9193 9980 5741 4 51 15678 21 21 28 16238 21 21 18498 23104 7914 9193 4 14335 19187 7730 8995 19187 21793 15678 28 4 16784 15678 14378 7509 10297 17458 8386 18498 18476 20149 9743 15678 18498 1027 15658 9387 14173 16404 15678 12494 5 8995 9808 4 8995 13591 5 5 5 23016 30 9193 19509 7509 9193 22942 4 18498 8995 17714 16404 15678 18498 6075 7730 23016 5 21 
28 12787 13909 22765 12787 13909 15619 15128 6103 4417 26 
7730 21596 7491 20 20 20 20 
21 28 7491 6 15678 6011 22822 16015 15658 20402 15678 18498 8474 866 15604 1276 6103 21793 15190 4 9193 15678 18498 15855 16404 4672 22765 7730 5174 4 13055 22886 7730 19635 17438 21793 4 4796 20149 20402 15604 5 18525 6592 866 20402 15562 9010 20402 20244 16016 7730 20244 6011 4229 20855 5 21 
26 26 9193 18498 9743 
21 23135 13055 16367 16404 16721 20670 15678 18498 20402 31 22823 1103 0 
31 16192 1095 20402 22564 6103 14031 15138 1138 16673 13907 6103 15671 5 
1547 4796 1097 15678 4697 6103 8632 16066 6103 9574 7 15678 4697 6103 21932 4 15678 1097 18498 5200 17599 8893 4 16066 1612 4766 18525 9193 19206 7914 23206 2060 5 
7730 20402 3058 18498 1920 20402 4 17324 1393 4229 6103 1097 4 6103 871 10211 15678 238 4 7730 16468 31 21582 5484 2727 4766 7847 5 
9193 20402 18498 8956 20402 15678 15576 22823 1097 0 20402 18498 15671 20402 15678 22823 1097 6981 16971 0 
15576 22823 1097 21596 22463 18772 5085 5200 5 20402 1612 18498 18784 10959 6103 15671 7730 6103 18525 15671 10959 22822 5 
15678 22823 1095 9193 238 4796 20402 4 9193 15658 6256 6103 9193 6075 5222 16404 18498 15128 4 20293 16404 14425 5 7730 15671 238 8956 5222 17458 19900 18498 23016 6103 18525 20149 11862 5200 5 
15678 22823 1095 20149 827 4766 9193 835 4 4766 15576 21021 4 7730 21842 16673 18780 6103 15576 20826 5 
15678 22823 1095 17700 18476 8995 22223 7730 4 10366 31 20644 7188 16404 15671 4 8995 20293 7360 31 753 5 
15678 22823 1095 15658 17629 8995 17737 7914 9193 22942 21793 15678 28 4 9193 19900 18498 8995 1393 15576 794 18476 20357 20126 4 18476 18533 19900 20149 7847 8995 2727 4 16066 18476 17629 6318 5 
7419 15658 8120 1103 21289 4 7914 22463 23523 15894 31 4962 20402 22385 10544 5 9193 4 14539 20244 22463 5322 5266 4 15678 20352 6103 550 15658 20149 47 5 
20402 7509 13591 15678 16753 18165 4 6103 28 6103 28 4 31 9632 10343 6 22318 22318 21858 9171 19483 17438 1616 18498 4040 5 
20149 4040 22463 1095 4 8443 20402 19481 17438 8956 1103 5 7102 19900 19567 31 2031 7730 15678 3870 18876 4 4766 31 14539 6189 5 
560 4 31 18772 1103 20402 4796 22463 9078 6103 7558 15256 6 9193 7558 20357 15678 20352 20402 20256 5 
4766 15678 22823 1095 21596 31 4245 6103 17599 15678 18772 1114 16404 4766 15678 18195 4 740 22385 7188 6103 17599 4766 21793 4 4796 28 18927 5 
21596 31 4245 6103 17599 15678 16802 4 17324 15576 3894 1095 21596 15678 7277 6103 8561 4796 18475 20402 11570 15678 21596 5 7730 4 20149 8561 5200 4 18498 15678 16793 4 17324 1022 21355 20402 15671 31 16630 16802 5 
28 7730 20463 1604 10211 22463 11111 6103 6184 1097 5 15138 6318 4 20244 20149 5174 17798 4 6728 4 15324 5949 22310 1249 7509 17665 7509 14550 4 22463 1103 18498 7687 2136 15678 9971 6103 20931 22942 5 
18476 4 1603 31 15041 6103 28 4 20149 23029 1427 21282 4 755 15232 4 6075 10268 22463 1393 16083 16404 31 7687 14799 18498 21596 16673 10366 5 21 
21 31 3076 20402 9336 5 20402 18704 5 7914 22463 15190 4766 22666 22385 7082 4 26 4796 8956 14335 9743 5739 18498 31 11571 740 17304 13909 5 5 5 21 
21 31 22898 8956 21 21 15299 21 21 7491 21389 4672 5 5 5 5 21 
12780 8386 5 5 5 
21 368 18498 29 7509 20709 20149 21858 23469 5 22640 17438 2371 20244 22942 4 20244 22463 10530 4 11761 7914 18774 22730 7730 20244 20357 4 7850 10366 6103 1425 7879 18498 15678 13612 5 21 
26 26 14387 26 26 26 20 26 28 
21 9193 15658 18533 23016 5 7850 22821 4 9193 18533 5 9193 15658 18533 20402 23016 1614 4 14335 1409 7730 21793 15678 28 12780 7957 21282 5 17458 20293 18498 23016 4 7847 8406 7914 9193 4 9193 15658 15005 5 7847 14335 134 4 9193 15658 14335 17689 5 7847 20402 14604 16312 4 9193 15658 9193 4841 5 7847 20149 6246 4 9193 15658 9901 5 7730 9193 5360 1614 21282 14539 20402 7558 5 20781 2780 5 15658 20402 10544 10959 6281 5 13055 31 18533 14265 21389 22898 5 9193 740 15658 15036 5 7847 14335 16630 22463 11518 7850 7127 7730 9193 13055 18533 7707 13030 5 7847 14335 16630 22463 21704 6103 18475 4672 7730 9193 13055 23016 4766 21552 4886 5 7102 20402 12861 5 14604 8561 20402 14523 6103 3393 4 8329 7847 740 14915 15678 21875 5 18533 19997 7509 2332 7730 7847 6679 1453 22463 4842 16404 18476 8995 7850 15653 5 9193 18533 22318 21596 4 16721 5 
15643 20402 1114 4 9193 12430 21389 7914 20402 5 5 5 21 
21 28 7491 6 21 21 9193 18533 6987 31 7018 7914 10720 17525 10273 7850 14604 26 9193 7850 28 31 16971 21282 15855 10273 6103 10702 21 21 21 
22463 17556 6103 18471 16404 15678 14604 21252 20 
21 3450 22897 13909 14335 18549 18481 1393 18498 20402 8047 4 7730 22463 14823 10380 18498 14335 6396 20402 15678 7509 21 21 22327 17629 8995 16816 16404 12345 14604 15422 21 21 15678 16817 9301 7730 20463 8095 4 17304 20402 31 17106 1689 18498 22463 8045 8241 7914 20463 4785 4 9193 14539 13749 21793 15678 28 16404 15658 3510 15423 7730 14335 16345 5 866 18498 9193 20293 14335 13325 20402 21 21 22327 17304 7730 17629 20402 14426 21 21 5 22463 9365 18103 7384 20402 15678 28 4 18476 4809 7847 15658 20402 16816 4 14539 1920 19650 21793 22463 12202 7730 5762 22463 9032 6103 22942 4 20149 15678 28 26 21596 8840 22463 17915 16816 4 2136 11462 15678 17915 15658 21596 20402 13185 7730 20559 15658 21596 22463 15604 4982 7914 4962 18498 18761 31 10211 4796 31 16971 20149 4958 7730 20149 4902 4766 20463 26 5 31 14427 20402 5360 4 7730 31 3450 15604 16468 4 23135 6592 13909 15678 17542 7509 20463 15422 5 21 
21 31 13441 20402 2727 13909 19671 
22327 18498 7847 18533 7730 18498 22318 4913 1616 18498 22318 10542 
20402 23396 
8956 20402 15678 13317 7509 20634 
16162 15678 21680 20015 7730 23135 10542 31 22318 18191 865 
9193 23016 2635 
20753 12780 10211 
9743 4766 18498 22318 15658 20149 20357 21282 
8386 18498 31 22942 21596 18020 13905 5 21 
21 20402 15671 18498 10010 31 2614 4 16468 17438 4434 7509 18494 
21095 31 7594 7509 14309 9692 17324 19900 7509 10547 18498 21596 
991 7509 15955 6103 16566 18031 11686 13064 
17438 13909 18498 31 28 2087 9193 19900 18498 22463 7127 7847 23016 
1150 21 
21 15678 18498 9193 13909 5947 7914 28 20402 15678 9707 6318 20402 15678 1845 6103 28 13909 9632 7730 21005 7509 11454 4 7730 21596 5219 4 7914 21551 6103 28 4 14096 31 20931 11647 7914 1256 2136 654 5 20402 9686 17438 26 1825 4 8095 17438 8956 22520 22385 21005 7730 11633 5 21 
21 31 6792 7850 15190 20402 22463 7544 11781 7730 7914 8995 2288 20 16066 15128 8956 4156 4 16066 15678 15190 21596 31 20149 21858 4087 20 21 
21 21 21 16404 20402 9808 11284 7558 22666 8957 18498 20402 163 12173 5 5 5 22463 20402 20214 7730 15678 16083 20402 13441 5 23135 15658 5219 20402 9808 7730 21596 22463 22942 7205 7850 2169 6103 22463 6318 5 20214 20244 13441 20402 8667 5 13441 20244 20214 20402 22463 4886 3720 5 23135 17629 7509 7558 5 5 5 5 3450 22897 18498 23135 21596 13909 20214 4 23135 8414 22463 17556 7509 20931 13441 5 3450 22897 18498 23135 21596 13909 13441 4 23135 8414 16440 7509 20214 5 8443 4 23135 10648 866 7730 23135 16784 866 21 21 21 
20126 6472 1027 18950 5 26 5 
26 26 26 20444 31 13055 
26 15253 28 29 26 5 

21 22327 18498 23135 1027 4 23135 9226 16784 4 9193 4 7850 9971 4 15678 1114 19553 7914 22463 10211 7174 5 31 11454 6103 28 7730 31 14464 18498 16784 31 3080 7914 28 5 21 
21 740 8995 7850 15404 4 9193 13055 238 20402 5241 22463 22938 20 21 
21 28 28 28 4 15658 21596 14378 4 15253 8995 1614 5 21 
26 20693 12787 
26 20693 12787 
12787 
26 
21 20402 10546 6103 18525 5947 15678 21932 18498 21596 4 15658 20149 11862 4766 15678 3858 4 9193 7730 20149 7451 15678 21551 21793 5 21 
8637 16971 18498 22318 13398 5 28 28 
662 15138 31 9193 9634 17438 21596 14335 753 31 4289 2136 1614 7730 21596 5219 18780 14604 20825 20 1027 23135 10606 5 27 
21 9193 10959 7509 16971 18498 21 21 20149 288 21 21 8956 16971 15658 19900 18498 20402 1453 29 7914 29 4 29 2848 6103 16971 7850 15190 21 
21 21 21 7730 20402 1920 18498 10473 4 5758 5 15678 1097 4 15678 23114 4 15678 16375 6103 2685 7730 16375 7850 5767 18498 23135 1027 21389 18476 20402 12979 4 31 14370 18498 15678 1249 16468 4 23135 16784 5322 5 23135 9901 4328 4 18476 6592 4796 20402 10544 20149 20369 7509 16971 16404 20293 5 7730 20402 17438 12861 18498 18476 8147 873 18498 23135 18533 14096 17438 16936 4 23135 9743 866 31 19456 5 21 21 28 28 21 
21 9193 10959 7509 16971 18498 21 21 20149 288 21 21 8956 16971 15658 19900 18498 20402 1453 29 7914 29 4 29 2848 6103 16971 7850 15190 5 21 
21 29 5 20149 17304 8637 18475 16971 7850 15190 4 18525 23135 5474 16404 12901 0 
29 5 10959 6103 20402 9632 0 4796 0 
29 5 1276 6103 9743 22463 13481 4 23135 8350 15678 18498 12780 7491 0 17438 18606 0 
29 5 15678 18498 20420 22463 7127 16816 16404 23135 0 
29 5 18476 20402 31 23575 22897 18498 23135 3702 16404 20500 0 7730 16404 16083 16971 0 
29 5 20149 23135 17304 23104 2136 15678 29 1249 4766 16066 31 14487 16066 15678 5574 6103 873 6103 29 1249 4 18470 7509 7558 15955 23135 8637 0 
29 5 23135 21596 22463 12689 20158 20670 4796 15036 0 
29 5 9605 22310 4672 18498 23135 7730 20463 16375 21596 7914 4951 
29 5 16673 18498 7914 20931 22942 23135 20357 13909 11036 0 
29 5 20149 17304 15128 871 4672 7850 14881 4796 20402 5762 4 15678 18498 20420 0 
29 5 22564 18497 14764 16404 5320 31 20463 16375 20931 11454 6103 22942 4766 15678 15252 6103 7055 17521 
29 5 20149 23135 17304 352 1022 7730 10648 18475 18471 16066 11213 4 18470 20420 7847 0 
29 5 20149 22463 3031 6103 5786 17304 5320 31 22821 20670 23135 4 20670 20931 22942 4 20670 15678 10530 16066 20670 18475 16083 4672 4 15678 18498 23135 10959 6103 19900 0 
29 5 11284 866 18498 23135 20825 7914 9743 11284 15138 21551 0 17438 18498 740 15658 9743 0 
29 5 18470 20402 31 13905 18780 6103 20931 22942 0 
29 5 15678 18498 23135 13909 22667 7914 22463 1103 0 
29 5 18470 20402 31 20931 14453 13909 18533 0 
29 5 18470 20402 31 20931 14453 13909 21646 0 
29 5 20149 23135 19900 18498 12780 15036 6103 19324 4 7914 22463 1249 4 23135 15128 866 7850 14881 4796 23104 11462 0 17438 18606 0 
29 5 15678 18498 31 1103 20520 16404 23135 0 
29 5 18470 15678 16296 18498 1114 7730 550 21596 7914 20931 22942 0 
29 5 7914 22358 4 7459 866 18498 23135 5241 22463 3802 17504 6103 20463 16375 5 4854 22463 21911 6103 4436 12868 5 
29 5 15678 18605 18195 7730 3872 20402 20931 9634 0 20357 18498 20931 12319 20402 13909 9808 18498 31 6103 16083 16971 0 
29 5 4796 23135 20149 20357 20670 20931 19225 4766 20931 15253 0 
29 5 9743 22310 10343 569 22823 20670 15671 5 17438 9365 6 15671 7558 8995 15458 19972 20357 5 5 5 
29 5 4886 31 10343 6 9193 6679 21596 873 4766 18525 9193 17304 7459 5 5 5 
29 5 20149 23135 20149 21858 22463 1095 18195 6103 20463 16375 4 17438 9721 4854 15678 18498 20420 11861 18498 7847 16066 7847 19900 5 
29 5 7491 31 20463 16375 15678 18498 23135 10959 15423 7 20402 2727 11509 6981 22897 4 7491 4672 18498 23135 15658 7491 31 873 18498 201 6103 5174 5 
29 5 7459 4766 20463 16375 22463 14924 7939 6103 20931 22942 
29 5 18476 20402 31 23575 22897 18498 4346 7850 10366 6103 873 0 7730 21282 0 
29 5 7491 31 20463 16375 866 18498 23135 13055 10959 15423 5 
29 5 15678 18498 4 6103 21793 31 15955 17521 4 20402 15138 21267 16404 18498 20149 9743 17022 0 
29 5 20149 23135 20402 15036 9010 15533 20244 21596 31 15941 6103 20149 4958 4 15678 18498 23135 13909 20149 1788 6103 15658 21596 9594 31 873 0 17438 18498 23135 740 15658 7491 0 
29 5 20931 3962 4 18498 5341 22327 15678 18498 17520 4 16647 10159 5 6408 6103 20007 18525 23135 1027 7730 20463 1233 6103 9042 4 23135 17304 20007 22463 23575 12868 5 15678 18498 20420 0 17438 18606 0 
29 5 6103 21793 31 16971 7914 20931 9634 4 18498 15041 23135 5241 13909 16937 0 17438 18606 0 
29 5 7459 22463 17877 16972 7730 16630 22463 5220 31 20463 16375 6103 4796 23135 7102 636 5 21371 16630 31 20463 16375 18498 7850 5320 4796 23135 16393 8995 20149 20357 20670 15678 17877 18498 4854 5 21 
21 27 5 9431 20 
9193 5099 18498 31 10385 18498 21596 2647 16304 4815 14539 4 21596 4809 31 14335 1966 5 27 21 
21 20402 17629 9380 6103 3450 22463 15678 18498 3450 22463 17304 6075 19344 15678 19169 5 31 2251 2619 7850 18736 5 
20402 7023 9380 7509 16083 31 8414 6103 866 18498 15658 7850 16933 5 15658 17511 448 31 17511 7509 16083 4 15138 14466 17304 448 31 20931 13128 5 1920 4 18498 9193 5876 4 8443 4 7509 9193 3954 20 21 
21793 15678 11474 21596 14378 5 18525 15658 21596 14378 15658 20402 15558 7 12861 15299 21596 31 22805 4766 31 5521 5 28 
21 15658 19900 9312 18525 20402 18498 7491 18498 20402 31 15260 7509 4436 16971 4766 18525 16468 13909 21551 4 31 11644 6103 12418 16971 14426 18498 15671 14426 7914 22463 20357 1138 4 16972 7730 20958 7914 15576 5662 21596 15678 17304 6103 14606 4766 31 14031 4796 21810 9193 6152 7730 1959 19702 5 21596 16971 8810 1393 15576 13131 18498 155 15576 11522 20402 11885 16404 15678 21021 5 21596 1393 20463 13131 16971 18498 5421 16404 20463 6731 4 20402 22463 1095 4289 4 22463 14492 17934 16066 22463 5221 5 7730 18498 21340 873 19588 21793 8956 18471 0 20 15658 20149 6256 13405 17438 16971 22411 4 20565 7730 16970 5 21 
1575 15678 7576 5 26 5947 5 
21 21 21 3219 15138 11462 16753 13759 4 18525 1027 31 9094 4 22463 7127 20149 21858 22463 6281 21 21 5 
7730 11462 9193 9769 9193 15533 4766 8956 10343 22385 18272 7730 12372 4 9193 4766 22463 17542 15078 12277 5 
3058 15533 5 21 
29 14577 6103 29 20 
21 9193 8637 15138 22898 20402 12793 7730 17918 16673 15576 20944 21582 659 22463 5348 9489 5 23135 9743 8637 4 15138 22898 16404 20149 412 31 22463 5348 20699 4 7730 18476 23135 8637 22463 3610 20149 2617 7914 11891 9489 4 31 21573 20402 31 10431 4 16066 23104 4766 14378 6103 8637 15678 18498 20149 6679 4 16404 15658 20738 21 21 5228 13909 21409 21 21 5 21 
21 5590 2116 7509 20826 4 16066 23110 0 8637 31 20207 15955 4 31 22942 9901 2727 13909 12577 18476 23135 15953 17438 20559 9743 1616 18498 6679 5 23104 15678 20463 20826 4 7730 15658 20813 5590 2116 5 21 
21 26 11617 26 26 
26 26 15678 26 26 
26 21776 26 26 
26 26 21776 26 10530 21 
21 18476 873 9605 21 21 4814 21 21 13055 11731 18498 12780 9901 4766 10183 7730 18498 20402 3894 27 5 9193 18498 8995 3086 4 8995 19703 21 
21 17819 14577 6103 29 6 22667 13909 7730 20813 4 16971 18498 18784 9743 7178 7850 9193 22942 5 12861 12025 15936 4 22088 7730 9170 5 5 5 
15658 18533 7491 18498 9193 12780 7007 16971 18498 15658 21596 16958 7914 9193 11454 4 21282 20520 18498 12780 18784 4735 7850 17509 18498 14514 8995 7730 4766 12861 15678 22088 4 19456 7730 9170 5 5 5 20402 16083 5 5 5 
3697 22463 17556 6256 6103 9743 15678 18498 20149 18533 17438 16083 16971 4 21596 18498 9996 866 18498 15658 20357 1453 16404 15658 13896 4 16066 20559 9743 22327 18498 17304 7730 15658 21596 22463 20520 5 
8956 15127 20402 13909 22463 18553 6103 20689 4 9193 19900 18498 18906 20402 13909 10544 4 9743 866 2389 17438 873 18498 9743 866 3058 17872 23135 4 20402 6310 5 
9193 7730 6097 4 6146 18498 9743 12861 4 9193 21596 13909 21551 16404 22667 4 5876 7730 1027 18525 20402 3058 17872 9193 5 13055 16784 15138 21551 4766 16971 18498 15658 22657 8956 21551 4 18498 15658 22657 22463 5459 4 22463 1995 6103 10747 5 7730 14335 20357 15138 20112 7914 636 1920 5 
15658 8100 12861 4796 13948 4 1453 4796 21 21 22463 1995 6103 7110 3058 4672 4 16404 18525 6103 3058 23167 14335 15812 3058 20352 21 21 5 21 
20402 22463 11020 1249 20 15708 17438 9743 16440 6318 5 
21 9193 22318 22805 7730 20357 15678 3219 6981 15855 4 18498 14335 210 7730 14335 22126 10268 16404 8100 5 21 
21 1549 7509 16032 20596 6103 28 4 17951 7509 15533 17520 11020 15540 4796 28 4 28 4 28 4 28 4 28 4 28 4 28 7730 28 5 9808 23562 26 7 17649 31 910 5 15107 5 5 5 21 
4766 11020 1097 20149 12780 2136 28 17790 17438 22463 5649 5 5 5 7 
9958 4766 14604 26 20 28 7730 28 5 
19611 15678 1097 7730 14265 31 20126 5 
21 13055 9604 4 15658 8406 7914 15425 19830 1341 9193 5 27 15424 17520 15299 4766 13909 6103 29 1249 5 27 21 
21 16753 15127 15138 22898 4060 11020 22023 5 15995 4 22649 7730 7830 5 20402 4672 18498 21282 9193 538 6072 18498 20402 22823 7730 11861 7914 9193 22942 5 871 16971 22657 31 15127 5 21 
21 6408 7509 1249 13909 12545 7509 9193 22942 4 23151 16404 3962 20149 2727 4 18498 15424 9193 19900 13909 15894 20402 9193 3962 5 5174 16971 472 15458 9193 12970 4 871 8995 17737 16404 20293 7850 9193 11454 4 16083 4766 16468 7509 21551 4 20402 13324 18494 8918 5 9193 3450 22463 4766 20463 16958 4 4766 20931 5422 7850 9193 22942 5 4796 15658 13325 7509 10672 4766 15860 22223 18498 9901 14335 15855 7509 16083 13131 19972 4 7730 18498 6933 7914 9193 14539 18498 17438 871 20209 22463 5936 12545 31 20463 19456 5 16066 7850 14464 18498 11284 20402 14464 4 7730 5590 2116 7509 1114 4 7847 20402 15678 14464 7509 5528 13909 7623 18498 13055 5174 5 6072 3959 18498 23135 1027 21596 4796 1097 4 18498 20402 11020 15658 21282 7850 21364 9193 7850 5528 5 16066 7509 4795 13982 6103 22463 21739 18498 14335 13325 28 28 4 7850 10484 7847 20402 21253 4 7730 3913 15138 9422 6103 22942 5 22463 18533 17930 7730 20463 20652 4290 6103 12301 4 9193 4766 20931 17705 20584 31 19456 6103 15576 10530 4 16066 7509 13981 6103 7766 4 18498 9193 8361 15678 22665 7509 6110 5 16066 4796 15658 452 31 3670 6103 22463 17931 18498 20293 16647 4672 6103 13909 16404 9743 4 17438 15658 19900 7491 15658 5 13324 7509 18533 9634 18498 14335 328 14539 4766 21793 31 20931 5782 7730 17877 5 16673 12979 7623 18498 201 20149 21858 9193 12787 5 16673 14464 7509 3842 2352 14185 6103 23559 18498 14335 9743 16072 20825 4 4766 18525 9193 7459 22463 16620 6103 17211 6389 7509 3906 18476 8995 20244 11029 4 18498 20402 15678 14425 12787 16066 20402 13761 15678 18498 20402 18498 21596 20402 7914 14924 18498 9193 8995 21282 5 16673 1103 4290 6103 5131 7730 14539 1920 7623 4 16673 20352 22823 5762 7730 16673 8838 6103 10530 5 368 20149 18533 4 12861 20402 1453 22463 17556 7509 11454 18498 23100 15458 1249 5 1471 6103 22327 9193 15658 14335 1788 6103 15299 5 20402 2389 4 20402 13512 5 5 5 21 
21 20402 16721 20293 7850 8806 
18498 9193 20357 15678 20463 6576 
4796 20149 15678 14604 18376 6561 
21282 17159 15658 17877 
22385 7396 
15658 8386 4796 20662 
31 22821 7509 20463 23221 
15658 16765 15678 18498 13895 
15658 14335 6075 15678 18498 9193 17629 
23016 4 18533 12780 7957 
7730 9193 9743 31 21793 11518 
21582 
15128 15678 9971 7509 11454 
15658 6075 21 
21 15678 1114 4 21179 18476 0 4894 6329 8962 13494 16404 15678 1114 5 1114 10773 16066 1114 6103 22812 4 20402 21389 15678 1753 17521 4 22463 22823 13102 4766 15282 3611 5 1114 13789 5 1114 7730 1443 4 5432 4 15658 20149 5150 4 16673 14466 7850 21592 5 17304 4654 15637 3058 6 1114 20244 1443 4 1443 20244 1114 7730 1114 4766 1443 5 15678 23575 3962 20402 15678 13909 17883 4 20402 18476 31 19225 6103 6402 20402 22385 17942 18498 18475 15127 17304 20402 4087 5 
7850 22942 18772 4 7850 19225 22337 4 20402 22463 22823 19939 19900 18476 8995 28 873 5 20402 18498 20402 21282 1443 0 31 10765 20149 16836 5 7850 13907 7509 3976 4 368 4 20402 21282 1443 5 12861 20402 22463 17556 22223 5 1443 20402 22463 6981 4671 18498 9193 9743 6399 5 1114 4 17438 16083 13131 4 10794 15658 11843 7914 22463 19225 6103 15390 5 9193 22318 1027 7730 17438 12861 6256 23135 16440 4 20402 15678 18498 7491 873 18498 1027 6103 22821 5 8995 1443 31 23135 7730 17438 12861 18533 23135 21282 16404 9193 4 19474 1612 18498 16143 6103 1443 5 
7914 21793 3962 4 15658 20402 10544 5 6075 22463 7594 6103 3393 6056 10959 6103 873 4 8995 4766 873 7730 23217 16440 5 22327 18498 9901 20402 31 20126 4 8956 3320 15416 6103 1220 7730 7594 5 733 4 15658 9303 20 15678 5528 20402 22463 3512 6103 21189 5 21 
21 17819 15678 12953 4766 22463 13405 12280 4 6408 22463 12660 17438 702 20051 5 3058 4 15678 12953 14426 4 9193 31 12660 14335 19283 22463 5782 6103 1870 5 21596 4181 18498 6408 6103 22463 9971 6103 20247 1920 4 9193 20247 12780 20402 21083 2389 20 20 20 20 17505 8840 17438 4672 3058 15678 18498 15658 22318 14265 22318 10252 5 21 
22657 15138 31 13311 20 4289 6103 20149 6663 17438 4672 18498 15658 7102 5 
12094 20 14425 4561 18498 13055 30 20 20 20 20 
21 9193 9634 13512 4 20402 4290 6103 16836 4672 1920 18476 9193 19589 5 15790 9867 5 27 21 
14425 13652 13284 28 5 
21 18610 5 11617 5 16404 28 26 4 15036 4796 22463 7432 20 20 20 27 5 21 
21 9193 12894 9901 3183 4 20402 22385 10141 5 1959 15678 8561 4 4676 20 20 20 27 21 
21 27 5 17106 20402 18476 9193 17229 15678 18498 7491 17438 28 4 7730 7850 11518 21 21 11211 21 21 15658 19969 15299 7509 18498 17229 5 21 
21 1393 22898 9193 18533 15658 21596 22318 5174 5 1920 9193 17304 12780 7599 1393 15533 20244 19900 18498 21596 873 4796 23135 17438 2371 5 
11208 12190 21 
21 28 28 4 23008 4 7432 4 10696 20 21 
21 9193 15344 1920 4 9193 5741 1920 4 7730 6103 9707 9193 15128 20539 20 
5136 20402 16404 12040 5 31 15127 20402 15138 13909 22463 18553 6103 23515 7730 16925 4 15894 23135 8637 15128 16404 2046 15669 13909 951 7730 15138 14466 6103 15713 5 
23135 8637 18525 6679 20402 4 20402 3058 16066 15658 4 2504 20931 8637 20 
23083 20402 4273 7730 8995 21916 20402 6103 14856 5 23135 12171 17520 31 22942 18498 6679 16404 20500 14539 5 15658 20402 31 22942 18498 8995 8561 4 20402 20931 8637 18498 22318 22126 31 15894 23135 8995 5 
20149 15658 8995 13278 1920 4 8443 15128 15603 4 15128 2136 8995 20112 5 
9193 15658 20149 16784 6103 18525 23135 4 20931 8959 20402 20931 1694 13909 17307 5 20402 15678 18498 22318 21858 23540 15458 15190 6103 16971 18498 23029 16404 5 21 
21 15678 18498 9193 17629 16404 22463 21409 10896 6103 20474 0 
11617 26 15005 28 20 20 20 20 30 21 
21 28 4 7730 20463 29 15596 12442 16673 15533 5 20402 11875 15658 1027 22463 15704 22385 11025 4796 8956 5 12620 28 28 4 22463 7509 13905 17020 12865 5 21 
21 1027 20402 18533 10795 7730 17900 4 7730 1920 15678 1025 3348 7730 20149 15781 7914 8147 31 4672 2725 7850 18470 17511 10795 5 5 5 15658 20402 1267 17438 4672 17989 4 4886 7730 5013 18498 15678 1114 8147 15678 20463 20520 4 9193 7850 9153 31 16429 7509 11206 6981 4672 5 15678 1114 20402 559 1393 22003 5 5 5 21 
21 21 21 16404 20402 9808 11284 7558 22666 8957 18498 20402 163 12173 5 5 5 22463 20402 20214 7730 15678 16083 20402 13441 4 23135 15658 5219 20402 9808 7730 21596 22463 22942 7205 7850 2169 6103 22463 6318 5 20214 20244 13441 20402 8667 5 13441 20244 20214 20402 22463 4886 3720 5 23135 17629 7509 7558 5 5 5 5 3450 22897 18498 23135 21596 13909 20214 23135 8414 22463 17556 7509 20931 13441 5 3450 22897 18498 23135 21596 13909 13441 23135 8414 16440 7509 20214 5 8443 4 23135 10648 866 7730 23135 16784 866 21 21 5 28 28 5 21 
21810 22463 2053 6103 5521 740 20402 15678 13909 6470 5 
21 8995 23104 9193 21551 6103 1115 13789 4 7850 18470 15299 20402 17872 7687 4 22463 7509 13909 16018 7730 16927 20722 7914 2060 4 15678 17368 28 28 4 8678 22463 13591 20670 6103 18498 10211 9193 19225 21852 3450 22897 13909 10074 4 10795 15669 6103 12409 20293 13905 5 4766 20931 22581 16775 9989 7730 1599 4 28 3348 8627 4 19140 7730 1535 6103 18498 10211 15678 11474 20244 23227 20149 5067 5 7850 28 4 8995 1920 23554 4 6103 21684 20670 15678 1961 5 871 2136 4229 6103 20402 26 4 15678 1488 8017 7914 10211 3962 17438 10268 6103 11650 15287 7730 18498 4 7850 9193 11582 15936 4 15658 16468 6103 22463 18298 6103 13676 1593 31 9743 28 1393 10526 1121 5 
9193 560 4 15678 18498 20402 22463 1114 13789 0 6103 15894 23016 0 7730 17458 20402 21793 410 20244 1393 14466 21596 5179 8070 20670 7847 0 
31 19484 20402 20558 4 9193 4 15658 20402 4524 5 9193 9431 6 16083 7127 4 7850 9193 22915 16673 28 409 4 9193 14335 6396 4766 15678 20201 22133 7509 28 28 31 11571 20402 22463 11020 8838 16784 5 3450 11474 8995 21972 6389 6103 20500 14539 7730 20931 910 20402 20256 31 22463 17569 15894 21282 15678 20739 23104 7730 20149 641 5 7914 16083 16192 4 15671 4 11578 4 15658 17629 6103 15138 16404 9193 17689 4 15658 18533 15138 8147 873 18498 17511 9193 10018 17438 12526 7730 20402 16819 11949 18498 9193 13010 17438 9193 8637 7730 4 17438 8956 18736 4 20402 18498 8995 3450 22897 13909 17689 7914 15671 14539 5 16404 28 4 15678 1114 13789 20402 19522 7509 14870 13789 16066 18423 5 8956 16953 20149 21944 15658 15190 3450 22897 13909 10308 7730 6103 22463 21061 3450 22897 13909 5150 5219 14539 4 4766 15678 8806 18498 15781 7730 4766 15678 21551 18498 15678 19746 5 7914 6202 7509 21535 4 15678 2248 21582 6219 31 15704 565 18498 15678 17835 11341 6075 13591 20402 15678 19205 11570 5 5 
7730 23135 17304 8995 654 14539 9743 3790 6103 22612 4796 18525 20149 18549 20149 12861 13055 349 5354 5 9193 19900 5 5652 7491 17438 2371 18498 4 6408 18498 8386 15678 20520 6103 1114 13789 4 31 9193 22942 1121 4809 31 9743 20357 7850 20463 10297 5 9193 15643 8644 18498 15658 20402 15138 3058 17872 6355 20352 6103 9707 4 1471 6103 20402 3872 4 9193 15424 20293 9457 4796 7102 31 11868 6103 871 16971 7850 9193 22942 4 1393 22898 8678 4672 18498 17304 19474 16836 17438 9193 7730 4 16083 4 2136 7406 15678 14604 2118 8995 20348 5 20402 15138 11761 7914 9193 14539 5 20402 21793 31 9408 18498 5762 5 16098 21793 31 3718 18498 9193 10959 18498 3702 7850 9193 12899 4 13761 16673 21389 5 13359 13598 18498 4882 31 9193 15936 16066 4 18498 31 15128 6103 22897 5 14336 21625 15643 20402 15138 31 9193 17583 5 9193 21596 13909 6103 14667 1097 7850 28 7730 6387 7847 4 17556 20402 10773 5 7730 12861 14335 9743 20357 3450 7127 13909 9317 7730 31 6432 7850 20781 4 15678 17877 17304 2136 20402 2098 31 21389 21480 1393 19030 16066 4 20559 4 1393 7830 6103 16933 31 20500 14539 31 17406 6103 15658 150 15678 16083 6389 7509 14604 22520 16432 5 
20402 8956 10305 6981 15619 13266 11578 18498 19525 31 11644 7509 1114 13789 4 8661 17438 8406 15678 15576 6193 4796 20149 15678 19205 20402 11351 4 21340 4796 702 7730 1658 7730 31 12409 18498 8956 6684 5128 10795 9193 19205 4 21389 20444 16404 9092 4796 16404 14107 10425 4 20572 5 21793 8956 4993 9193 21858 3450 22897 13909 7026 4 10074 7730 21282 7730 4 909 4 18525 7850 20463 13909 951 15669 6103 3954 13055 15658 20149 6256 13405 17438 18071 16463 4 19771 6103 22805 7850 2708 7509 17583 7730 5528 18559 17872 12726 12526 0 18525 13055 15424 20149 11862 13909 4766 31 17875 6103 8995 16066 15658 20788 7914 17269 3885 0 17324 4 9193 4 15678 14186 6103 12077 22915 18498 4 15138 22898 4 605 17438 30 6103 2031 7850 7284 4 7210 4 6670 18498 15658 201 31 2647 7509 14604 20655 4 9193 15658 14335 11862 7914 21596 873 5 
17438 13909 18898 18498 20402 15678 11637 19782 4 9193 740 368 18498 9387 15678 21340 7509 11020 1114 4 14539 18498 16404 12861 4 7847 15658 17629 20402 9457 7914 18449 16066 20149 21858 982 6103 12709 875 5 17438 13909 9303 18498 31 9193 16920 1426 20402 4 9193 20402 15678 21743 6103 16971 19558 4 18498 11139 916 16404 6246 7730 20825 13909 21409 4 18476 15658 13909 11284 11469 4 13009 7730 15855 7279 7850 14604 19800 5 7730 17438 13909 13553 18498 21596 20149 21858 8956 10796 7850 18470 11600 4 9193 740 8840 22261 17438 2371 4766 873 18498 15658 20402 22385 5133 4766 31 22942 7509 12939 18498 7847 8995 7730 18498 4 9010 873 4 15658 18533 20402 4796 21793 15190 20402 7730 4 21371 4 15658 18533 20402 7174 7509 16083 17438 20149 288 8810 6329 16404 9743 16440 7509 21793 5 7730 4 5482 18498 4 15678 1114 4 17438 13909 4891 7730 17571 18498 20402 7847 740 20402 15678 13905 6679 6103 21793 15190 15458 22942 5 
7850 9975 7509 5320 4 31 10765 15658 18533 22463 26 15658 26 6103 28 5 18533 15855 7850 15855 4 21787 4 3870 7850 3388 4 136 4766 345 16826 7730 17743 5 17836 17743 5 21 
21 16083 7127 4 7850 9193 22915 16673 28 409 4 9193 14335 6396 4766 15678 20201 22133 7509 28 28 31 11571 20402 22463 11020 8838 16784 5 3450 11474 8995 21972 6389 6103 20500 14539 7730 20931 910 20402 20256 31 22463 17569 15894 21282 15678 20739 23104 7730 20149 641 21 
21 20149 15678 6679 18533 5298 4 15678 1114 18533 17520 5 8329 31 18780 7509 6679 4667 4766 31 1241 6103 20463 15692 4 15678 1114 5741 4766 31 1618 6075 7730 20149 18779 7850 20931 7683 5 20149 15678 6679 20149 2221 4 15678 1114 20149 2243 21 
21 6679 20402 31 23167 6103 5298 5 169 4 7114 4 12323 7730 7195 1240 5 5 5 5 18069 4 9441 4 21858 9626 7730 7567 5 
15678 1114 4 17438 16083 13131 4 20402 31 23167 6103 5876 4 7730 6103 17745 15678 15692 5876 5 22463 11913 4151 4 1393 5431 7509 4152 6679 5 22463 11913 6103 9403 4 12780 991 4 794 15678 18498 8995 13761 20402 5 12323 4 169 7730 1922 15678 21061 7850 15692 4 7730 15658 22932 4 4796 7850 3962 7509 6679 5 21 
21 7850 6172 7509 20247 16468 12345 31 13311 7509 13591 21 21 1115 13789 6103 28 28 21 21 4 13055 11284 20402 1547 1393 9970 7730 20722 5 7850 13591 21 21 22942 16404 5298 21 21 5 
7914 22942 16404 5298 15678 20722 9743 22463 19563 2625 17629 7730 17416 7509 18774 6103 15576 21551 5 654 4 7914 21806 22463 17556 13909 4 7491 4 17942 4 28 110 1616 18498 4229 6103 1114 13789 5 20149 31 14870 13789 20402 3798 17438 15128 5133 31 14856 4 15678 1114 13789 16468 31 20402 8100 4796 31 10211 16673 18470 15678 19205 1121 4 7730 2136 14539 16972 4 8995 20402 8100 7914 9193 18424 5 
20402 1920 18498 7847 20149 19081 1393 14924 7509 11454 7914 18498 23104 5 15678 21551 20402 13789 17458 22327 15128 22385 18691 5 15299 20402 9790 16404 7687 4 16404 20402 21289 5 7384 19522 4 8406 16083 18553 4 31 15733 16673 5574 11637 4 15678 5893 1393 4112 4 15678 8190 10793 4 31 16356 4766 20214 7730 2136 31 12450 7509 19205 1121 5 20402 22463 15190 6103 12003 5 7730 3450 22463 17438 20500 5 15576 1182 20402 8839 6 18476 9594 6103 17956 4 20149 19081 1393 16925 6103 3450 7127 20402 14425 7509 18498 15678 1293 5 15671 8995 1966 6 17956 4 16404 15671 4 20520 22463 5266 1077 6103 20402 4378 16404 20402 6103 22463 3906 7914 250 
31 5015 18498 21752 20402 15678 1114 13789 20402 22463 1114 2136 20207 2322 4 15678 1114 31 16440 7509 16155 7509 2727 6103 5298 6 14094 8329 7847 22318 22126 20116 7730 15678 20988 17438 16083 18498 17973 740 13909 20116 5 15678 1114 4766 22463 8824 6103 7892 11751 7730 4 1920 4 21371 6103 1268 16867 4 16174 308 6318 5 7850 20931 10211 13789 4 15678 1114 21582 20988 31 18471 17438 18478 9193 12861 15643 17304 20402 9790 4 4796 20463 17598 13909 4099 16066 13909 21409 201 16765 5 20402 3058 13325 18498 15678 1114 15658 20402 22463 15692 8147 4 9193 22463 17915 6103 22463 13669 7730 15138 22898 7188 8744 7730 6103 3058 23167 5 21 
21 28 
26 21 
9193 12787 26 4086 20 
21 12621 9685 7509 13866 28 20 6075 17872 20357 7850 22753 15678 20044 19772 20 20 20 
18476 14335 16836 15678 17458 6103 9193 20402 9686 17438 23562 4 9193 12960 13640 7850 14534 28 4796 19484 5 27 21 
21 31 22821 7509 11571 15459 21264 4 20402 18498 31 11020 13907 7509 16971 20738 31 9620 6103 2177 5 15658 238 20463 5574 4 20463 6684 4 20463 7172 5 23104 22463 13749 5266 16404 20149 8084 7914 16155 21113 7730 12227 5 6679 9193 12418 7850 5348 20699 9193 14878 31 21340 17406 18498 9193 16784 7509 21 21 9193 21 21 16015 5 15458 5348 21596 15671 21596 7558 947 16404 15678 8522 11462 4 31 17819 20402 4178 20149 238 4 1027 18525 20149 20402 4 7730 5762 9845 6103 22668 7509 9193 12610 5 31 20207 20402 6256 18498 14864 7730 16155 20699 4 18498 18702 20402 794 20402 15078 7509 9193 9801 5 12255 15953 16673 20207 15955 23135 21596 29 6103 4245 6103 10297 7730 12253 5 21932 31 241 6103 18525 18784 23135 20402 4 7730 22667 31 20500 14539 4 20402 15392 16404 22463 22942 8520 7730 2260 7914 9801 5 15678 17889 6103 12780 5371 8956 5288 20699 4 18498 6311 18525 7102 20402 20402 15138 21936 4 3698 4 7730 17438 22898 2136 7562 5 9193 1393 9975 20149 21858 866 15138 11037 4 17324 15658 9387 13905 19695 7509 18498 20402 18525 20149 20402 4 7730 19456 31 7178 18498 9193 21858 8810 5 9901 31 7157 16972 20 5 21 
21 13359 22463 14307 20670 8046 4 22463 15144 18498 23104 7850 21263 30 5 8678 31 20463 2908 5222 20670 4796 8047 4 12094 4796 871 16971 20402 31 10366 6103 20463 21551 5 15678 18498 14335 15081 7850 20208 20402 14335 12442 7914 16971 18498 6472 5454 4 23523 7730 26 5 22773 7730 6256 20463 15540 14156 7850 11454 5 
15678 15190 8995 20293 7914 15102 7730 3391 31 15671 12716 1616 18498 21596 21021 7850 10530 5 20402 17629 12780 1276 6103 21793 15190 4 20402 7070 7730 10122 4 7730 6256 20931 12537 7286 20931 22942 5 636 4766 2150 5 28 28 5 10475 7509 26 28 5 21 
21 15678 8302 20402 18498 21596 16765 18498 18481 13909 9193 21932 4 14335 8017 4 16916 5 13909 20855 9193 21596 5 5 5 16066 20402 4 15658 20402 20559 31 18553 6103 21596 20855 16066 15658 4 20402 31 18553 6103 5762 20931 15941 4 9743 15678 15190 1393 20463 19030 5 21 
21 23151 16404 15678 18498 4229 654 6103 3962 7914 14613 5 7850 23575 1249 1540 15138 4672 4 23100 7445 9422 7176 4 5174 16971 18533 4 7730 6592 22463 21 21 13194 21 21 13667 6074 18498 4229 6103 21 21 13194 21 21 5 15678 1995 6103 16440 20402 20293 7562 4 17458 6256 31 16971 18498 13909 1027 16404 22305 4 20293 18498 12780 5 9193 20402 12130 31 20319 18498 20149 21596 1393 16721 18498 654 23135 20402 7589 6103 20931 22942 4 21596 20931 3962 4 20463 15700 7730 21810 5320 6103 30 14539 5 4796 7491 28 16971 6 31 4672 16468 4 7730 15678 14425 18498 9743 20402 6256 18498 7847 17511 12780 7957 5 6256 12780 7957 5 20786 5 6954 5 21 
14789 3058 20 27 
5947 4766 31 15253 5 
21 23135 17629 6103 873 18498 22318 6075 20214 4 20365 23135 6070 5 5 5 
7847 20402 15678 21340 4290 6103 14996 4 3058 26 5 16393 22463 10626 22564 23559 28 5 
21 
21 8995 15324 26 6103 16721 17819 7914 9193 20 9193 20244 20402 7831 5 
3450 22897 13909 9193 21596 4181 18498 17819 31 10765 20149 1027 4 17819 20149 5876 4 17819 20149 8520 5 17872 6408 1027 873 4 5876 6103 873 7730 753 31 16971 31 20149 8520 5 15678 11020 13923 7509 21264 20402 18498 31 16971 22385 8918 6103 30 14539 4 7730 15658 17438 96 7730 20539 17438 6904 7992 5 16971 6732 20402 3853 7914 20463 19205 4 10430 4766 20463 16375 4 7847 21582 20149 19913 15678 21551 21793 5 15658 5219 20402 9808 4 17438 15658 368 18498 17304 21596 873 22385 8810 1393 13131 5 10606 4 23135 17304 20539 20 21282 18498 17872 1027 6103 22821 4 4766 11259 7730 19456 4 7102 19456 31 15671 14539 4796 20402 5 16721 7914 871 1875 7730 17413 18498 7102 21932 16404 8520 9193 22942 20348 5 15678 17819 17406 7730 21371 15678 13909 4891 4 20402 19456 15678 16083 4796 12186 4 6075 8806 16404 31 12179 7730 19456 31 3802 18498 7179 20463 16375 6103 23135 5 15678 20207 17406 20402 6256 18498 15678 1114 18498 23135 21596 6389 6103 23135 7730 15650 17438 30 14539 4 17649 21371 15678 20463 16375 5 31 19225 21282 6075 4179 18476 9387 22463 22240 11509 7730 13043 5 20352 8526 7730 8520 4 18498 19969 6103 23135 4 16468 16673 20463 16375 7730 19553 31 23135 5 7730 4524 22932 5 15678 21613 17406 20402 368 7914 23135 4 17324 18476 368 7914 15671 14539 4 6075 8806 16404 368 7850 9801 1393 13131 6103 16083 16971 5 15658 430 368 18498 16083 16971 17520 31 4276 7509 20931 9801 4 23135 14539 31 17520 4 23135 14539 20402 3735 6103 20402 9808 5 22463 19205 16002 7730 8520 20402 31 13031 7509 21 21 20402 9808 21282 21 21 4766 15678 21 21 18533 16866 9808 13026 21 21 5 23135 15658 20149 21858 14425 4 13909 9808 16066 13909 4886 4 17438 8995 20149 19206 4766 873 4 23135 1453 7459 22327 12861 18498 23135 13055 17520 4766 873 18498 7850 20402 15138 18533 5 23135 17819 20149 20357 4886 4 6408 23135 7459 15678 18498 17520 7730 8147 4884 9492 18498 7850 9743 740 13909 9808 5 21 
21 26 4766 31 15253 4 18926 5 21 
21 4189 6103 4168 4 30 15678 18498 0 18498 1062 2389 20 20 18930 6329 5 5 5 21 
21 4443 21282 4 31 21551 15658 9743 12861 20 21 
21 31 22942 6103 15502 20402 19342 6103 14924 16816 5 7730 20149 20402 4 15658 20420 14924 16816 5 20420 1453 15558 5 4796 23135 5174 31 9801 20149 15643 16468 16673 9692 22223 0 21 
9312 20 
21 15678 1114 6103 22821 15658 20402 10544 4 7847 20402 7188 4 13822 4 9835 15576 15995 4 17438 22898 20402 3735 6103 9193 9743 18549 9193 20049 4 9193 16404 15678 18498 16916 7730 18784 16866 5 15749 15678 11020 18164 4 6103 17520 873 18498 8995 13591 16404 12780 18476 2727 8386 4 9193 18498 17438 23135 8637 9901 5 560 22327 18498 21596 18784 22665 20402 7188 4 20149 20402 18103 7730 10544 21793 21596 15678 21 21 1114 5 21 21 7730 15671 19900 18498 17556 20402 15678 18498 18784 5219 5 21 
21 21 21 16468 31 22942 12526 7850 13102 4 16784 4 16721 7914 4796 22463 7127 5219 8611 7730 7914 18481 20402 13278 5 11731 8956 10530 20402 15678 18498 9193 11915 16404 31 10366 4 9193 15643 9743 15299 5 20559 22564 15678 10530 16404 8611 7509 17737 5 21 21 21 
31 13441 18498 6075 1393 16083 19518 23480 18498 9193 670 5 
21 22463 6223 15658 8147 7850 7158 6 15658 12780 7957 6 1995 6103 5107 7730 1114 4 4952 6148 16673 18498 1027 6103 22821 5 5 
5 28 28 11943 31 14464 18498 19822 13598 5 21 
21 15678 17819 16468 16404 5219 15678 18498 6679 7850 22942 20402 6 6146 15678 18498 23135 18533 28 26 
1614 4 23151 31 9594 6103 9083 5 7730 13909 22463 10343 14335 23016 1393 3393 4 1522 18498 23135 21371 13055 7102 22395 16098 17438 2371 6 16404 18525 15658 19900 16404 15894 12780 4 18475 3610 20444 4 7509 9956 28 7850 16587 7509 14145 5 15678 9707 20402 18498 20149 23135 15658 16721 7730 308 6103 22327 6146 15678 18498 18533 4 7180 794 11020 5204 4 20558 1920 5 16393 10544 4 9193 740 9387 15138 10765 18498 6679 134 15678 15190 7730 201 17438 5219 22463 17556 6103 22327 7730 15138 6103 15299 4 17324 20402 5204 7824 7730 16463 18498 15658 18779 7730 740 22126 22463 20319 6103 10431 3450 22897 13909 5266 5 20149 9193 17304 19525 9010 10343 7914 1453 7558 16192 4 9193 7491 20244 20809 6103 7728 6 21596 10122 20 21 
21 17233 15658 16468 6103 3058 12551 4 31 14466 18498 20149 22020 11750 7914 21932 7687 28 28 
7730 18525 16072 7301 6103 28 0 9193 15658 20 6103 15299 430 9901 20825 7730 17229 4 20149 23135 15658 1776 31 14041 7730 20149 18443 31 21932 7687 16404 18779 15678 18498 18533 5 22805 2727 4 21932 7687 15658 20520 20149 14265 6103 21932 4 13667 7384 5 21932 7687 8995 15138 13480 31 23067 9084 4 16917 7730 898 16404 20149 4289 1393 19522 18498 6679 5 21 
15658 16072 14335 7065 5 5 5 
21 22463 22897 18498 23135 14335 19887 4 8995 14335 15398 28 28 
18476 23135 19887 873 13405 7914 5243 9021 20699 4 16972 7730 9170 5 23135 6256 6103 5174 15678 12186 7509 10211 4796 7847 18784 20402 20 21 
21 18533 20402 2727 21017 20244 21932 7687 20402 4796 18533 4713 20244 17239 5 28 
12861 20402 15678 18498 14335 15081 7850 20208 20 
15678 21932 11462 20402 31 4712 7509 21021 1022 5 21 
21 10606 4 16404 18525 20402 6103 28 5 14604 12787 28 28 28 8995 22782 20 
1631 29 4 29 4 20244 19702 20 7847 16647 22240 7914 1631 29 7509 16066 6103 13480 5 
22665 18610 29 5 29 5 
18525 21596 12578 4229 7847 11980 5 21 
21 18476 23135 1515 15678 6198 6103 873 11861 16404 23135 4 20402 15138 7188 11682 6408 5 9193 18476 23135 1027 15678 21036 8956 14309 11600 9901 7914 20207 17226 7730 20149 21858 10544 6103 8925 5 5 5 15658 18498 1114 4102 31 16971 4 9193 20402 18498 15953 17438 15726 4766 13909 12546 1616 18498 20402 3058 7914 18525 1027 5 26 11617 26 26 26 5 21 
21 26 14335 4573 26 26 14335 26 
26 26 26 26 26 
26 11617 7850 26 26 19795 
26 26 28 14335 4 26 26 
26 26 11617 4573 26 26 
11617 26 7850 26 26 19795 
26 26 26 14335 21776 26 26 
11617 22 13800 11943 31 26 26 
31 26 26 19795 26 
26 26 26 26 4 26 26 26 26 
26 26 26 21776 26 26 26 26 
26 26 26 26 26 21776 14335 
26 26 28 26 26 
7850 26 26 19795 5 21 
21 20149 15678 20463 15697 8045 4785 9344 4766 13717 4 22657 19323 20463 15422 17324 4 31 14886 6103 11462 20402 16083 4 2617 7914 11792 20699 7730 22023 5 21 
21 19701 5 
23104 20402 6717 7914 10179 982 5 
20149 15658 11284 19702 4 
11284 22731 5 
28 28 13270 5 21 
21 15833 26 20 
26 11678 11288 22 30 26 26 
11288 22 20539 11943 26 26 26 20497 5 
11617 26 26 26 26 0 21 
6408 6103 18494 21596 31 3962 11995 20 20 20 15299 14425 18498 19698 7509 6781 5 5 5 26 26 5 
28 26 28 20 
26 26 28 5 
21 17438 18498 238 19522 18498 15658 18533 0 
16072 13909 20 9743 13909 20 20149 8744 13909 20 21 
21 20149 23135 15658 23104 15678 20463 20825 4 23135 201 23104 15678 6103 873 20 21 
21 31 11020 22821 20402 18498 31 16971 20402 17668 20 17555 16971 21596 5521 6103 9743 15678 8744 15392 5 
11670 3216 18498 9901 1453 7850 16296 20402 21282 11670 5 1393 13669 6981 1249 5174 16971 12094 4 4766 17233 2143 4 4766 11454 11886 7730 20826 10874 5 9193 20402 17668 5 12027 9193 20402 22463 21 21 17668 21 21 21596 18498 8797 21793 15678 28 8956 9193 21573 7730 15658 14335 336 4 17324 20365 9193 12780 9901 15458 8806 13512 7730 17297 4 4229 21 21 23423 6103 5139 21 21 16404 20293 5 
20244 15127 5024 18498 16440 6103 23135 16404 15678 15190 9489 4 15299 12780 6075 4179 7850 20931 22942 5 
31 4245 7730 15941 20402 13494 4 1393 5431 7509 5734 17431 18498 17999 31 11705 7509 15941 5 
21793 7127 16784 20402 22463 7127 31 14466 18498 15643 13909 23151 5 
15458 17889 1005 18525 23135 20402 7730 1776 20931 14041 5 31 22942 15658 8840 22463 2053 5 7730 7847 15658 4980 15678 21021 31 10300 5 21 
21 15678 11861 15658 20402 15678 18498 9743 6103 9193 4 7730 20539 15678 18498 9193 9743 7509 18498 9743 6103 9193 5 28 5 5 5 21 
21 15678 14378 4 15678 14823 7730 15678 20826 21179 7509 14539 13727 4 16066 20402 4 7509 9193 3726 6103 892 4 17504 16066 15399 4 15678 14864 14485 18498 11328 1393 13669 7509 22942 4 15678 18470 21282 20402 15128 31 16440 7509 14924 7914 18498 21596 5521 6103 9417 22463 10530 15604 7730 7174 5 15658 9387 18780 20244 9418 1285 6389 7509 9193 18191 5216 5 15671 368 17819 7730 9359 7914 20202 5 23135 20402 7589 7509 20931 22942 3790 4 23135 17304 9743 15678 18498 6679 4 21596 31 9845 4179 6389 6103 15671 14539 5 20149 21095 4 368 7914 30 14539 5 
20207 28 28 15678 18498 16939 15678 20402 11570 7914 20500 15658 20402 31 4672 4 9193 15678 20463 13009 20670 31 4672 21 
26 5 5 5 

21 6256 6103 23104 31 22942 18498 10959 16404 6256 15678 16083 13909 9808 5 15678 16169 13909 9808 4 15678 1097 13909 9808 5 20688 4766 31 9801 7509 16083 7730 10447 7509 9193 5 368 18498 22463 7127 21596 10268 16404 9743 1616 18498 18784 6679 5 9193 15658 12861 15658 12780 349 4 20931 22942 15658 12780 15128 21 21 22463 7127 21 21 5 15658 4796 15138 10959 6103 14031 15355 4 19782 7730 20244 11020 5782 5 31 15127 7102 20402 12345 17438 23135 5 4809 462 16404 23135 14539 15678 20463 22823 6684 7730 20402 10259 16404 8241 15678 15745 5 9193 19900 4 15658 20402 10544 5 9193 22657 15138 31 16689 5 23135 4785 31 16765 18525 23135 20402 6103 22821 7730 4785 31 6679 20931 9801 5 21 
21 9193 18533 1095 8045 7730 11020 14493 28 28 14577 20402 4180 1393 1515 31 7178 8406 15678 18498 871 16971 3798 4796 21 21 20855 21 21 7730 15678 19522 15749 17438 15138 21932 7730 8744 7730 7071 5 
21 21 20855 20402 10648 7850 13683 5 23091 17934 20402 10433 6103 21932 4 23067 9084 4 6189 7730 1114 16673 18498 20149 9743 5 21 21 5 9901 2371 31 7157 16404 18525 288 18498 18784 15678 21021 18498 873 5204 20402 2617 7914 21 21 20855 21 21 4 10606 20149 23135 15658 1776 31 14041 4 15299 12780 6075 4179 7850 22942 6103 23135 5 21 
21726 26 21726 5 5 5 
26 7730 31 9567 18498 7847 21596 6103 14335 9743 9901 5143 5 
21 23135 19900 18498 873 22318 1027 15658 16673 18498 7847 9605 4 9193 16673 15678 18498 9743 5 15678 1114 15658 20688 6103 21592 5 21 
26 26 5 4809 4766 1235 5 
21 14606 9193 14604 1734 7850 4945 7730 19229 18481 9193 472 6717 5 19900 4 15424 13909 15894 20402 16367 15678 16015 5 9193 14335 13325 6103 4796 15678 9743 5 8956 20402 9790 4766 13766 6103 5518 1606 4 3678 26 7730 3678 29 5 29 5 7914 16296 28 5 21282 18533 19900 17458 6256 1393 13669 7509 22942 6103 9743 4 31 4672 18498 13909 1027 7914 4179 23523 0 6075 4 20126 4 18525 19900 15658 23151 31 6717 7914 3206 5 21 
21 9193 2384 4 9193 9051 19662 5 15658 12780 13909 5320 7251 4 654 12780 5320 9094 5 5 5 21 
21 15678 21551 6103 3450 22463 20402 22463 12103 4 9193 15678 19052 4 15138 7730 15138 22898 4 22463 4181 5 21 
21 20207 18498 4785 1920 4 21282 17304 20402 17765 6103 20247 18498 12780 20402 22327 6103 3058 5 21 
21 11020 1097 14604 20402 18203 7730 9193 15678 1027 6103 5528 5 
22463 6103 9193 11020 1095 20402 17965 18201 7730 9193 31 452 16673 10680 7730 10268 5 
15658 20402 17458 9193 20402 31 9721 7730 23135 20402 5371 7509 2118 10982 18498 9193 12780 1027 13909 16066 14466 23135 4 16066 452 13909 16066 14466 5 
308 6103 11654 17380 4 9387 866 4229 19456 7730 991 7384 9193 12894 22318 19525 31 22463 20517 16438 5 9901 1614 15678 14604 18852 20 21 
28 26 26 5 28 24 
21 11555 20434 15416 4 2304 7509 21409 4766 28 28 28 7730 28 28 5 21 
21 21 21 31 22942 20402 22463 17889 10097 7730 7914 871 13727 7509 3610 4672 6482 15770 5 17304 6256 4396 4 9193 31 22942 5360 31 10100 5 20402 4796 31 702 10097 4 18498 1393 8982 4 21848 17309 7 15658 16404 20 5360 3179 5 5 5 17458 3450 9422 9193 8361 22463 13606 5 21 
21 11617 26 26 15803 26 20 20 20 28 28 28 4 28 28 7730 28 28 5 
9193 18533 22463 6981 20 20 20 27 21 

21 8302 4796 22463 15286 9901 7850 9193 3393 4 4796 15678 19113 9743 21793 20357 7914 871 14924 6103 9193 22942 5 26 26 5 21 
21 31 15743 20402 16179 16066 16912 7914 15540 6103 15699 6103 13669 17605 5 15743 20402 21596 19441 4 20402 15658 155 15256 7509 10530 4 7127 1603 7127 15658 21282 17438 22463 7127 16066 17438 22463 15266 4 9193 17438 1249 16404 22020 1612 10530 7914 18774 5 21 
28 28 7730 28 28 28 20 
27 5 31 22942 15658 8995 10544 5 
21 28 5 28 22 20539 26 5 9743 16721 7914 21389 4672 4 15286 3058 21596 8956 17304 6103 9193 8095 5 21 
21 28 5 24 
21 
21 1393 13640 6103 9193 22942 8147 7445 16971 4 13909 1453 22463 20149 3798 17438 8956 9462 842 26 18498 20520 6 15678 21655 7509 6996 1393 13669 7509 22942 20 5 31 11020 13907 7509 16971 18498 16468 17438 9193 22942 20402 28 14149 4 7730 871 20402 22385 3058 7730 11861 16404 15671 18498 31 3798 4796 21 21 26 18498 20520 6 1616 18498 20402 18494 15678 18498 23135 6679 4 9193 18498 15658 22318 4882 5 1471 7509 13788 842 20402 15138 10259 7730 17438 22898 15658 22385 19782 4 8956 7558 9462 6075 22463 20520 15138 4886 31 8956 7558 20319 5 31 20319 6103 8995 4886 7914 21793 15678 20357 4 7730 31 20319 6103 22730 6256 17438 871 19225 4 14539 31 3058 5 
26 15658 20402 866 18498 20149 6728 4766 15678 21551 4 20402 866 18498 349 12458 4 2091 23135 4 17649 7730 9164 1393 14539 21551 5 23135 20357 12861 7914 21793 20463 5574 4 7914 20931 15256 4 7850 20463 5528 4 7850 20931 16668 5 5 5 20149 23135 13055 20357 12861 871 7127 4 15658 17629 16721 31 19456 4 21596 4181 5 21355 23135 15658 8147 15643 8956 20319 4 9193 9226 17304 349 4 18476 14466 20149 8840 5 23135 15643 19900 1393 4179 4 2136 20357 5 5 5 21 
21 15678 14616 28 3894 4 7850 23180 7509 28 26 20402 15138 13909 18498 8810 5 21 
21 28 26 4 15708 16673 13909 8092 15286 18498 13055 16098 20 7730 15708 17438 19315 21793 20463 5179 9328 4815 4 14425 5459 6103 21252 31 21409 18498 21596 9193 23575 1249 5 21 
4380 20 

21 7847 17125 4 4766 31 20319 6103 8995 17125 4 22463 4672 18498 15502 8386 20 5 21282 18525 20402 1271 19900 15678 18481 20402 4894 22463 7127 1603 15678 16083 27 21 
21 23 15678 1114 4 1612 1114 18498 23016 7509 13909 17942 18533 2727 20 20444 16404 15678 1097 4 15678 15311 4 15678 3962 5 1114 6103 22821 15658 21596 18498 20402 21282 6103 22463 21743 6103 19205 5 20444 16404 21793 15678 21743 5 21 
21 28 7914 871 14924 6103 20931 22942 17928 31 20201 10343 6 21355 9193 20402 8254 12763 22898 5 5 5 9193 15658 6256 6103 368 18498 7914 871 13727 4 873 14514 31 9193 5107 20 16718 5595 5 15678 11020 17877 20402 18498 7914 15138 3976 4 31 16971 20149 21858 22385 6647 17438 13055 21596 20738 4766 12306 7850 16468 18498 20149 15398 31 368 7730 6075 15678 7563 7509 5107 31 16083 4 12763 22898 14335 16647 19746 17438 19205 21113 4 15894 31 5107 7730 31 5905 20402 12227 4 16066 18476 9387 20402 22504 4 15894 1453 22463 16971 23111 7850 19225 15678 20352 7509 5905 7730 5107 5 15658 7491 18498 7102 5108 7914 21793 18498 5174 7686 9193 22942 4 9193 7102 22667 1612 18498 6355 3058 1233 16404 4766 31 10765 5 31 5107 20149 5284 4 20149 5762 4 349 4796 19522 6103 22463 20803 6103 23206 3058 9709 5 15658 349 7509 15299 4 7730 15658 7102 20402 6075 20244 15678 7102 21551 15392 16404 20149 5762 13266 21289 4 9193 3962 15770 4 16404 7730 9743 22463 1386 5 4178 12780 16765 18498 11284 866 6103 8561 4 21282 17304 5108 22822 4 18476 9387 22463 22240 4 22463 4853 20584 6103 20352 4 11259 7850 11644 7730 8012 16673 16083 5 20402 11043 17438 5108 7914 16971 8810 18498 14335 7115 20931 1103 20584 7730 20463 1114 5 
5 21 
21 28 4 22463 13340 7509 15286 28 5 15275 20 20 20 21 
21 21 21 18779 20463 18191 20826 5 7509 5431 4 23135 20402 5412 16404 18779 15678 6103 16083 16971 21 21 28 26 21 
5184 31 22318 14539 5 28 5 
21 20822 6103 20374 
6103 19324 7509 19703 9885 15678 17588 
20531 7730 3166 4796 31 3258 
7730 7509 2988 22507 9885 31 8904 
7730 7509 15256 8790 9885 15678 8797 5 
6103 19324 7509 3558 9885 15678 22797 
18498 7509 15860 6760 31 23575 4229 
7730 7509 16179 9885 15678 17759 
7730 7509 14924 11942 9885 15678 7630 5 
6103 19324 4 15658 13909 18498 6103 19324 
9885 6103 22223 15678 18498 20149 9743 1025 
7730 6103 21282 15678 18498 20149 9743 5335 5 
9885 7509 1095 18195 15678 7396 
9885 7509 22942 22463 2304 8560 
6103 19324 4 15658 13909 18498 6103 19324 5 
28 6103 28 21 
21 11036 20402 4796 22463 15284 4 21596 18498 9369 4 7730 12255 31 11020 13907 6103 9193 18737 13055 8995 2110 6329 16404 8386 4179 4672 4 17438 9010 15081 21596 9790 7914 9193 22463 9370 6103 11036 16404 4766 15678 14604 4 7730 16404 4766 15678 18195 4 16404 1612 6103 18498 6103 4179 10211 20402 9568 7850 14604 3610 4 7730 14335 753 31 14335 21095 7730 21095 31 14323 7509 22942 5 9193 11036 22458 14604 20402 7730 7110 31 1612 18498 14335 18533 2727 15678 14425 6103 9193 5 20402 11043 17438 22327 6103 3058 18498 14335 349 4 7730 11043 12027 17438 871 4672 18498 15658 20402 22385 2389 4 17324 7847 14335 8361 4796 17884 7914 20644 504 10530 5 15671 9743 9193 8637 7730 5762 15576 11600 4 9193 8637 20402 11043 31 22327 18498 14335 19746 7730 21371 5762 15678 11600 6389 6103 9193 7509 663 20 28 15708 9634 15708 31 21793 1542 18498 490 7914 29 5 
20402 9808 4 11043 7730 2727 21017 4 20402 15138 13909 22463 18553 6103 5762 15678 11600 6389 6103 30 4 7509 18498 8840 18498 12585 9489 9193 22020 7914 18525 18533 20402 5 
15708 16169 4 15708 28 4 15708 15253 5 23135 14335 6075 31 10268 4 16404 18498 9193 20202 14335 21095 5 21 
21 15138 16971 20402 12254 17458 8995 15138 17729 7850 16468 16066 23104 15138 13667 7850 10530 5 7847 8995 17729 7914 20931 15243 16066 7850 10901 7509 16468 4 20149 17703 15138 4766 31 4672 18498 18070 15658 12780 349 4 16066 4766 15678 10530 21021 4 17478 15658 17304 6770 7509 18498 13055 21596 5 31 23577 14031 18498 23135 17304 23104 22463 22942 9808 7730 18779 20402 23108 1393 15252 22463 7127 6103 3450 22897 5 21 
21 28 28 28 4 22463 2332 20 23 21 
21 1920 368 9919 18498 15678 20352 20402 9743 16404 20402 7226 7686 15678 19205 5 20402 4796 20149 20402 22463 4331 3058 4 23135 15658 17304 16647 7730 8280 21793 6103 22463 22897 4 23135 21596 18498 20357 15678 19907 7730 6256 349 5 
15678 11474 6103 17555 16192 20402 15678 14426 5 28 28 21 
21 4796 7491 15678 21347 28 28 6 18481 13905 15678 1845 4 13905 20402 15678 14924 6103 7728 7914 21858 6318 5 5107 11945 20402 866 10657 16404 15678 14466 21347 4 7730 16404 15678 10322 4796 22463 18164 6103 5257 21 21 
14539 4766 21793 31 7728 18498 31 16971 6411 7914 21858 7509 14604 17542 9193 20202 14335 21095 7730 3450 22897 13909 5741 5 
9193 14577 7730 15699 8995 20149 21858 3450 22897 13909 18195 7509 9193 18774 5 21282 21596 18498 662 31 28 17438 14335 2272 7730 14335 1129 7914 9193 5204 7730 20826 5 15678 21021 20402 13909 22463 18553 6103 4901 4 7730 14466 7509 10547 18498 15678 16083 6256 6103 6411 7914 23135 5 21 
21 6103 19324 15678 18498 16393 22463 9975 19854 4 17304 20402 15678 17406 18376 12342 16404 22463 4785 10896 5 18818 7730 15855 20670 16083 17855 15678 18498 349 31 20931 23151 7 18525 19900 23135 15658 16765 13909 4672 3058 15458 9975 7509 18498 4672 19854 5 20149 6075 15678 7277 6103 18931 20293 7730 17519 15128 20931 11454 5 5 5 21 

