8995 16429 7509 23174 7850 26 20 5174 15678 17960 7730 16429 23135 21371 5 
26 26 26 26 26 3261 19694 7850 4365 
21 28 28 4 31 9605 20670 15678 1961 9901 8406 15678 29 7730 29 14764 4 12780 16098 2371 6 
21 18476 8995 7182 31 86 6103 22463 8057 4 20402 15678 17297 18498 15658 5219 5741 7 13281 20463 15422 16404 18876 9986 16066 12738 5 18476 15678 8995 2156 11857 4 20402 15678 17297 18498 7850 9975 201 16162 4 20402 16673 2156 9193 17807 19318 16673 8057 16066 16673 16780 7850 18191 3047 5 18476 15678 8995 21440 17915 11862 4 20402 15678 17297 18498 15658 21596 5055 16404 9743 8479 7914 28 18498 16162 15678 13905 17807 16404 21596 17915 6103 18471 17918 13761 20402 5 18476 15678 10982 11898 7251 16404 16162 15678 9334 6103 10691 18449 4 20402 15678 17297 18498 15658 5219 1649 4766 31 12283 5 
31 13905 23231 7509 9002 20402 15678 17297 7730 15658 15678 19671 5 20402 17629 201 4766 8956 14823 6103 18498 15678 8995 753 15678 17297 5 21 
21 21 21 5 5 5 1920 4 20149 873 565 11462 1393 1097 20402 5431 1393 3750 4 11284 22463 8882 5346 31 7850 9743 6 22 19900 18498 31 17436 6075 17230 20402 11462 7118 22898 13905 18498 9193 16953 17618 1393 3750 0 19900 18498 21793 15678 11474 22583 11462 22463 16155 6103 22942 13909 7883 18498 15678 6103 20463 1182 1276 7509 502 7509 3750 0 7730 4796 23135 17304 21596 4181 6103 18498 4 20149 15658 20402 15678 3750 4 23135 8995 12521 31 7708 16440 7509 17436 20687 0 20931 14532 9388 20402 22463 18069 7509 23533 7509 3750 4 20402 18470 20402 15678 22665 18498 23135 2098 31 20931 18191 22942 5 21 21 28 28 26 31 20222 13606 21 
20402 15510 18498 6075 1097 5 5 5 
21282 4854 13909 22463 3287 7509 8933 5 5 5 27 
9132 565 18498 13359 28 30 9743 13923 31 20127 14480 20 20 20 
8933 9743 17998 6103 13591 14506 0 23 20 3293 10793 27 
21 8956 2038 21 21 28 21 21 8995 6329 4 15658 5219 15424 20402 13909 20734 3790 20 27 21 
26 5 
28 26 20402 23135 13512 0 0 0 27 
22612 0 
21 7914 15138 3976 15678 18638 7730 15678 17635 8995 7850 3393 6103 18525 8474 9010 4672 7914 22327 4 15658 7491 12862 1377 31 9388 7509 18638 18498 20402 22463 17877 18772 4 9193 18533 19487 18498 7914 15138 3976 9010 20402 31 18774 4 18470 31 15390 6103 5762 18638 15894 15658 9387 0 18470 31 15390 6103 5762 17375 7914 22327 0 16393 18498 15678 17877 18772 13055 15658 20402 21036 5 5 5 17563 7557 5 5 5 21 
21 31 23575 4 21282 17458 31 16633 8995 7509 11518 20 27 21 
19768 6103 11462 20 
17583 5 
6 
21 5651 1943 15678 17877 7509 23014 17599 17438 14465 1393 9620 6103 15941 6103 7804 10204 5 17495 4 21793 15678 28 4 17934 7509 7804 17931 20738 4766 31 23014 6103 14465 18498 8995 6389 7509 8632 18876 15941 6103 7804 5 31 11644 18498 17792 20402 31 7509 21 21 7277 21 21 5 15678 1676 7509 21 21 12029 21 21 22020 12186 17668 7730 12166 7914 23231 7509 14336 20699 21 21 7847 636 1920 17458 20402 9343 5 21 21 15678 12186 21596 21 21 7277 21 21 5 15658 20149 9380 15678 5910 6103 7102 20 21 21 2098 22463 15585 2442 16404 15678 969 12780 22106 5 21 21 15678 17930 20402 15806 4766 16195 16066 2046 17438 22463 3460 2050 17438 22463 969 4 12861 15658 10795 12159 15424 22104 20 21 21 15678 17930 7102 20402 4919 5 21 21 12730 22327 7730 15678 683 21848 23231 5 15678 17877 7509 23014 15658 8995 7850 9620 6103 15941 5 15678 17877 20402 15138 13909 4891 5 9193 4 22463 7509 9709 18498 5421 16404 31 23014 5252 7850 9620 6103 13494 5 31 23532 6968 9193 21 21 7277 21 21 7914 5409 4766 31 6974 7509 7102 5 28 28 28 21 
21 31 21161 5621 7509 8974 22507 201 6103 1570 15678 3960 6103 16971 7509 14539 20471 7914 21793 15678 4450 8974 1089 5 31 18103 13055 20402 238 7850 13907 7509 8974 4 17495 4 22168 8974 15894 11284 13909 9219 5232 740 17958 31 18103 5 654 4 4766 31 6152 7509 21161 5621 4 21793 15678 4450 8974 1089 20402 15708 31 238 15678 3960 6103 16971 7509 14539 20471 5 
8956 20244 7728 20402 22463 6152 7953 4 22090 7509 16587 13909 9219 7509 15190 5 20149 13325 18498 11284 1453 7118 1249 4 31 11020 13907 7509 8974 1089 19393 15678 3960 6103 16971 7509 14539 20471 4 31 4790 7509 2063 18166 28 7148 7509 21161 5621 28 15061 18498 31 23029 6103 12960 20402 14539 21185 5 
14604 17406 1614 15658 20402 22092 6103 7277 4502 5 20402 17629 18950 18498 4 16762 31 13301 4 21793 31 16971 21596 15678 14539 7277 5 7730 18498 4 20149 873 17785 3963 4766 18525 18533 18498 20402 4 7914 21652 4 8956 16971 21596 15678 21 21 7277 21 21 6103 9743 12861 4 6670 18498 15658 17669 16083 16971 7850 3962 5 1393 14539 21551 4 7730 12861 740 16393 20402 18774 9193 8974 22507 4 31 16971 7730 12476 19239 18498 7301 5360 21596 15678 7277 6103 7301 4 7730 4 18070 4 31 11685 15658 20402 15708 31 18779 8956 21743 6103 3960 22385 4099 5 
17495 4 15678 18498 14335 4229 2031 15458 3962 20402 13042 31 19871 15127 7850 16718 15187 261 6981 1961 4 7730 31 5259 7384 7850 13905 6340 5795 7509 15190 5 18476 31 13907 7509 17436 7914 22463 6340 20402 9728 31 22463 18103 4 31 21573 20402 18498 8956 18103 23016 31 20402 12472 5 20402 15678 3962 1614 5 7730 12861 15061 18498 15678 17307 22800 6103 15127 18498 4809 31 20844 13909 10260 7850 15190 6670 15678 9975 7509 21264 29 4 4766 31 18511 7509 15200 6103 28 17438 9365 4 8995 20149 12547 3450 22897 4 19271 4766 9567 28 1341 4 7914 17965 6103 22463 22498 7509 16161 7850 21631 5 31 20402 5795 8995 21623 5 7730 4 22327 12861 16393 21596 20402 14761 17229 5 
21355 20402 9312 12861 15678 18498 31 16971 8995 4788 7148 7509 21161 5621 28 5 22463 3929 7850 14336 7509 15157 7491 6 31 28 20402 15576 8701 5371 31 28 7509 12657 7730 17635 5 8956 20402 15678 17406 13909 5834 14335 16393 5 1614 8995 15678 22823 15081 7509 7363 4 15678 18470 20957 17438 7081 6103 21793 15678 6329 7317 5 
9193 15678 18498 4 4796 5795 4 17304 7491 7384 22327 0 18910 7730 9339 11530 9462 4796 6 20402 15678 9971 7509 21551 0 21355 20402 14539 4 7730 15458 3962 4 15658 7102 8995 11530 4 9193 4766 31 4181 12165 6103 18498 22327 8995 349 4796 21596 18498 20402 5 20539 4 31 20402 5795 17629 21623 4 17324 20149 7847 15658 21623 4 28 15658 23151 5 15678 1604 28 7491 18498 1276 18498 5792 23151 17819 21 21 17629 23016 21 21 31 1523 29 29 5 29 5 7730 15678 18191 5792 7491 18498 15678 28 18498 1280 20931 23151 18861 7558 11861 14924 7509 11454 3370 5 22463 7509 9367 9237 17438 5792 20402 13042 15678 28 6103 28 4 18476 31 16971 4796 4 2685 4 3962 7730 6091 7914 3960 30 29 5 29 5 18553 7914 19225 1393 3960 4 17477 4 8995 7850 4145 7509 618 7509 15190 13909 22463 22897 4 1276 7509 23151 6103 5792 5 7914 28 29 21596 31 6660 6103 16155 6103 3960 11949 17438 28 4 7730 12861 19522 7278 7850 7230 5 20402 12577 18498 15678 1652 18498 8995 7850 15653 4796 18069 7509 880 7464 4 654 8995 15637 2515 18498 5405 1616 18498 15678 18191 28 15973 4 17495 12472 7850 10211 7509 13301 5 9193 4 21355 12861 9743 28 20149 13325 13909 22463 22897 9193 4 15678 20207 14924 9237 17438 5792 20402 740 13909 7953 6 21 21 15678 14539 349 9193 28 6103 30 6 4796 4 2685 4 4913 4 22782 4 17239 7730 7786 7 9193 4 7850 7127 7914 18498 30 19969 6103 28 4 4356 7509 6014 10159 7730 8478 7730 7017 31 21793 5 1920 20402 7850 7127 7914 18498 15678 9942 7509 11474 20149 14055 30 29 5 29 5 7914 28 7730 28 4 22463 7509 13905 16605 4 18498 19522 7850 7018 7509 4417 4 20402 15678 19205 8406 16971 7509 14539 20471 20 
22327 12861 1515 16404 22463 12385 18774 7730 4 1393 9975 4 16404 22463 21185 8838 5 21793 31 2367 13969 7850 15190 4 7730 18498 8995 31 21793 22687 4796 17304 22805 4 21932 16404 31 11838 7509 16161 4796 20634 4 1471 7384 4 8995 6106 7509 7053 6072 18498 1380 15678 9971 6670 15678 4785 5 21793 31 4672 5493 16404 15678 2727 6072 18498 1027 31 28 4 6072 18498 20402 4229 20207 15678 20463 18020 30 29 5 29 5 9901 4 8423 4 15678 846 7509 20304 6 21 21 1612 4 17495 4 18498 16913 2136 15678 9971 4 8956 20402 20007 15138 29 5 29 5 21 
21 15678 23560 15658 17792 
7686 22463 5893 6103 15965 7850 23575 18486 4 29 6103 13022 4 15604 16971 20402 15036 12025 15678 16500 7914 22463 11685 15416 6103 26 7850 28 7509 21063 9194 18476 22463 2048 3166 155 10159 5371 15678 9918 5 15678 1893 20402 17729 7730 11649 4796 28 26 4 6103 29 1249 4 18498 21596 4807 15678 1987 17438 15082 18627 5 
7686 20453 17674 1393 13009 4 16404 8962 31 9893 7509 19881 4 15678 13004 7914 22463 1995 12046 16878 18498 15678 9626 7509 23231 20149 7286 1393 388 5 7730 12861 20402 15678 18498 7847 7491 5 21 
13055 16721 18498 7557 27 
21 7491 20149 9193 15658 20402 22463 3790 6103 20855 0 19310 2727 4 15855 8956 15144 5 5 5 7847 20402 9193 15311 4 3790 20863 9193 4 15658 0 17819 7127 7509 15311 18498 16468 4796 15311 15822 4 238 9193 20599 11477 5 22318 1027 6329 4 23135 20402 13512 4 14149 4 7432 4 16816 4 22463 1114 6103 16971 4 7730 21596 22463 5528 13909 13512 740 4 20402 20463 10546 21 
21 13512 7509 9193 22942 4 9808 7127 7509 15311 4 22318 1027 15138 5 7730 17872 4809 15678 7127 2727 4 12780 22463 15286 7914 11477 27 
7839 2371 22463 22008 5837 20 
21 21 21 733 4 28 14335 238 4796 20402 21 21 5 
14487 20 28 22318 238 4 1471 7509 18498 20402 5 16404 18498 18876 22463 14487 19295 7730 22463 15604 5528 4 6256 17872 22305 15678 18498 20402 7730 20149 21858 20256 1393 18498 5792 20402 5 28 28 12984 5 21 
21 21 21 20149 28 8995 15036 4 15678 11474 21371 8995 5 21 21 21 
21 21 21 23135 15658 19900 18498 15678 16947 15658 11328 15678 19173 6103 28 0 15658 20149 6256 8254 6 15424 11781 4 15424 11673 4 15424 517 4 15424 11503 16485 16066 2064 7730 4 15424 13135 4 15424 2290 4 15424 809 4 15424 3574 4 15424 22075 11328 15678 19173 6103 28 5 21 21 29 28 29 6 29 21 
21282 13359 14512 20 20 20 20 20 
29 28 20 
9193 2561 8995 9901 19857 2928 20 26 26 
7277 11578 0 3472 0 
2473 26 3148 27 
26 5 
26 5 13909 22463 17872 4711 20 
23151 7509 26 27 26 26 
21 23135 20402 13909 7509 18498 19900 4 20402 13909 18498 16721 4 20402 13909 18498 8840 2384 5 5 5 23135 20402 866 1920 4 20402 22327 17872 9193 4 20402 4796 9193 20825 2384 21 
26 5 26 26 26 26 1825 26 26 26 26 
26 5 26 26 26 26 1825 26 26 
13055 19310 18498 18481 13909 23135 19335 22463 16192 13909 9074 7847 16393 0 
21 7730 17872 15658 2110 4 8995 2371 20 22137 17411 20 27 26 26 26 26 17411 26 26 1825 26 21 
27 
21 14425 2510 7509 9193 22942 8 29 26 
21 23032 
21 19240 20402 15678 23563 7509 17563 14539 4 9193 4 18498 184 20 20 20 21 
27 8956 12787 20402 7948 20 
15678 20703 7687 2136 201 15678 7251 7509 16083 
21948 17872 4796 0 
21 20402 4796 7491 1612 22862 13761 6 21 21 18525 20402 6103 22821 19900 18525 20402 6103 14487 5 21 21 21 
26 5 5 5 
21 19310 4796 15678 21551 16468 19871 4 13055 20149 16468 29 29 7509 15576 1249 4 7730 23135 2371 4766 31 17022 4290 6103 13699 20 21 
21 20402 0 
21 27 23 2818 
26 28 5 28 26 26 26 26 1825 26 26 26 
29 28 20 26 
29 21806 6103 28 7509 16705 27 
21 26 5 
26 26 26 26 26 26 1825 26 26 26 26 26 21 
21 740 2727 18498 15658 21596 13088 17872 28 26 4 11300 20 27 21 
21 14604 3702 5 
30 26 26 26 26 26 1825 26 21 
26 26 26 20 26 26 26 26 20238 23558 
26 5 26 26 26 26 26 1825 26 4193 1229 26 
21 28 9901 3017 6408 6981 4 23 20 2478 2478 30 20 
19795 30 5 19795 26 26 26 26 26 1825 26 
21 1150 20 27 
23 30 
21 21 21 7730 18525 7491 18498 28 20149 11862 4766 15576 13697 0 20149 7847 18533 22463 13697 2727 9790 4 4229 15678 28 17872 9363 5 15678 13909 11861 15658 20402 31 15286 4 9193 31 16971 13026 5 7730 12861 17304 349 7914 16083 15759 14466 10211 7509 18498 7686 31 1549 6103 22463 14757 17934 6103 13697 5 909 4 15424 9387 14757 6103 21 21 13697 21 21 7850 28 5 21 21 28 28 12984 21 
26 5 26 26 26 26 26 1825 26 26 
21 12094 4796 31 16192 21 21 17640 21 21 20520 9312 12861 4 15658 20402 0 15894 8995 15678 20463 13593 0 
17324 1612 18498 6103 1287 5174 4 21371 15678 17640 16404 20402 5133 1393 11729 6103 20463 9942 4 31 9971 6103 18498 7847 20402 15678 17823 8406 15138 12787 5 7730 1393 18498 17640 4 21371 4229 7 1393 18498 4229 4 21371 13045 7 1393 18498 13045 4 21371 10894 19772 29 6 29 21 
20402 15658 20402 
26 5 26 26 26 26 26 396 
21 21 21 7850 15965 4 20402 14425 21596 22463 5528 20244 16192 7509 18498 16192 20244 22463 5528 5 21 21 28 28 21 
26 26 5 26 26 26 26 
9324 27 
238 15678 1114 18498 288 18498 14514 0 
19795 5 26 26 26 26 
841 
1194 20 26 26 26 26 
4672 13512 20 8 29 
21 30 21063 28 4 
30 21063 28 4 
30 21063 28 4 
30 21063 28 4 
30 21063 28 4 
30 21063 28 4 
30 21063 28 4 
30 21063 28 4 
30 21063 28 4 
30 21063 28 4 
30 21063 14703 4 
30 21063 28 5 
30 21063 28 4 
30 21063 28 4 
30 21063 26 4 
30 21063 30 4 
30 21063 30 4 
30 21063 28 4 
30 21063 30 4 
30 21063 28 7730 
30 21063 28 21 
15604 10211 6103 9901 10389 15459 22805 5 27 
21 18481 13909 9074 4 13909 8871 20402 20 
21551 20402 22463 7509 18379 18498 15658 20149 7102 12960 1393 17446 20 
16286 18618 20 26 26 26 1825 
21 15138 15708 16673 1506 6103 21793 4 662 1393 1097 7730 1393 21793 18498 14335 11998 15458 3610 4 15708 28 8 29 22782 28 7850 17583 16440 10999 21 
21 14058 7914 20402 28 6 29 14676 6103 14054 5 
16673 5982 7509 17286 6 29 16971 
27 21 
26 20 26 1825 26 26 
7730 2371 20 
21662 31 2422 26 15769 26 
21 21 21 5 5 5 15678 15190 21355 13055 8995 7914 4229 5 4796 20402 1453 5795 15036 4 15502 6075 3031 5 21 21 
21 21021 15643 20402 22463 17838 5795 16404 31 11685 4 31 11685 15658 20402 4229 16404 5741 4 9193 20539 16404 20402 9918 5 21 
26 22886 6103 16936 20 26 26 13837 
21 17324 20402 4 17324 20402 20 20402 22463 18834 1959 20 20 20 
13909 22463 20 26 1825 26 26 28 
7710 6103 2031 20 26 1825 26 26 
21 14010 20402 18476 22463 10943 31 8995 9743 22463 21083 7166 7730 18476 19450 6075 22463 21 21 10175 21 21 4796 871 2781 4 16468 873 817 7730 16721 21 21 17438 12861 18498 8995 10943 31 20 21 21 5 21 
23558 
21 13923 16673 16195 4 9193 19698 6329 27 21 
26 26 20 
654 12780 27 26 26 15286 
21 18533 662 31 21793 18498 14335 14018 22463 9808 16323 4 18533 7491 18498 23135 20402 15138 7509 11518 5 18533 662 8815 1393 21793 15678 1097 18498 23016 1614 7914 3962 4796 6103 11066 7730 21340 20 8 29 21 
21 7509 26 26 26 0 
21 17511 9594 6103 9193 18191 9422 7730 4 4766 2614 15510 4 5321 31 7181 6103 15963 31 28 4796 9193 7102 5 12861 20402 21036 16404 9743 11474 3884 4 17297 7730 4102 8426 16719 9077 31 14604 19456 5 18481 1393 14604 5528 4 18476 12780 15963 4 297 22385 19242 7914 3348 31 28 7 7730 18476 7847 8995 7850 17743 6103 28 4 20149 15061 22385 19242 7914 16866 4766 7847 4 18498 15138 22898 20402 10268 4 7914 9193 15965 4 31 17818 11849 31 28 18498 16647 15678 14604 5528 7730 10043 15423 14539 4 7914 5792 7 7730 4 18476 14604 5528 8995 879 4 16630 31 28 18498 15678 14096 879 30 29 6 29 5 15963 4 15138 22898 4 15658 19900 16673 18498 15963 20402 22385 4102 4 15424 19900 4796 15963 20402 22385 11679 5 20813 15678 8908 2745 11066 9193 1937 7914 9193 10341 30 29 6 29 5 
15833 20 4 18481 7181 12345 15678 5528 9417 7850 21551 6103 15965 20 15502 19900 18481 7410 7730 7046 13405 15678 5528 31 20149 538 7509 17743 6103 28 5 18481 15995 21371 11284 4 20149 20402 3730 4766 16484 0 18482 11429 4 20149 8995 7148 7509 16083 0 7730 18605 17556 5216 21596 7509 15965 8406 28 7730 31 910 4 7914 20158 4 20149 15678 8908 6103 21297 30 29 6 29 4 15658 8995 879 16404 753 0 
28 28 21 
21 24 23 4 654 20402 28 20 654 12780 28 21 
21 21 21 15678 18498 31 20931 15256 21596 18498 9743 4 18498 15678 9743 4766 21793 31 20931 10268 4 17324 7850 20380 4 16404 15894 23135 12780 4 15658 11284 2060 15424 17228 4 15658 11284 5179 15424 19898 5 21 21 28 29 6 29 21 
21 21 21 15459 22942 20244 20357 9193 13055 22805 6103 22327 6 22463 13043 18498 15036 1471 7509 20931 13048 4 7730 22463 23542 18498 21681 22942 13669 1471 7509 20931 11833 5 21 21 28 29 6 29 21 
21 21 21 15643 3213 4766 22463 17446 5 15678 7558 9901 4624 6103 13152 5 21282 18498 15678 17446 10959 6103 13152 5 5 5 21 21 28 14334 28 21 
21282 26 4766 26 5 
14604 17819 3031 27 
20480 6963 20 14335 6663 16673 22101 
4346 27 15658 17304 20402 22821 
16967 7859 7730 17998 7859 20402 17596 31 14539 4672 20 
20215 8956 2818 27 
21 15036 16673 4060 20402 21 21 10544 21 21 4 7188 20402 23104 17438 7847 4 21282 20149 15036 22463 22897 4 23104 20402 21793 7127 5 20149 827 4766 31 835 7509 20463 12787 4 7730 20149 8431 16673 22225 7509 14539 4 20149 7512 16673 20463 18195 14539 18476 7847 14514 15678 20463 23560 4 17458 12861 20402 11066 186 5 15138 22898 11680 31 20931 9321 16404 21582 753 31 18525 17629 4 7730 17836 4 13749 16404 18498 31 22821 17792 4 15138 22898 308 7509 16580 5 18784 4 20402 7188 23104 16673 4060 5 21 
21 19900 18498 23135 15658 12780 13359 15678 14604 20912 4 9193 3790 4 9193 15424 21596 22463 12916 17872 12780 13761 7730 14335 9996 6103 4130 20 21 
21 21 21 15678 16605 7850 13405 13909 13667 7509 18498 23135 18533 12780 4 7850 20215 13909 21551 7509 18498 23135 18533 9901 4 7730 5960 13909 3894 7509 18498 23135 12894 18533 16162 5 21 21 21 
288 18498 9901 2727 6103 20699 15658 20402 20 
21 7850 17743 7509 23454 4 2136 31 22225 19997 6103 835 5 373 29 6 29 21 
21 1393 14604 22805 4 15678 3664 7509 7858 5795 15658 17629 20402 15389 5795 4 5241 18498 15678 28 15658 17629 6103 22463 10982 5795 4 9193 20539 6103 22463 3058 10982 4 18498 31 22898 4667 4766 31 14996 5795 5 22463 3058 10982 18498 19456 31 21793 7730 20931 7178 4 22886 18498 15678 28 15658 20402 866 6075 15190 4 7730 15424 16404 9010 15190 4 7730 18498 31 11685 7730 15678 5795 20402 4229 16404 12287 6103 10211 18498 12780 15894 15138 22898 31 17380 15658 12780 4 4796 7850 2367 20699 4 15658 17629 15389 20149 8464 7850 17380 5 21 
21 28 20402 13909 3086 4 28 20402 13909 13278 20 
21 15658 20149 22240 15678 18498 20402 4179 4 16673 18498 6075 4179 20 21 
21 26 26 27 
21 21 21 21850 4 17324 4 17598 7509 16192 7730 15658 20813 16097 4 8253 31 22318 14539 5 21 21 28 29 6 29 21 
21 21 21 15678 28 18498 9743 15678 15190 7730 22327 15678 18498 15423 11284 20402 15678 20304 7509 6014 7730 7509 21631 7730 15658 11219 7914 20061 9743 17438 15256 11570 5 7847 15658 20402 20444 17438 15256 6103 11474 4 4796 20149 15391 6103 866 4 17458 7847 14539 6075 31 21793 31 22942 4 15678 10563 7730 31 6329 4672 5 21 21 2073 29 6 29 21 
21 9956 13278 4 18930 6 
21 21 21 9193 1612 18498 17805 13909 20931 22942 7509 18498 15678 5910 7509 23167 6103 28 13055 8995 15036 16404 31 23577 22942 22823 21 21 5 15678 19173 6103 28 8995 7914 22318 28 21 
21 21 21 1445 4766 10012 1393 8838 18498 17929 4 17324 1612 18498 17973 20402 9918 21 21 5 11292 29 6 29 21 
21 1612 18498 7491 6 21 21 9193 15678 5174 21 21 4 9193 15658 15684 1393 20463 14016 4 20402 14489 4 7730 31 22821 15658 8995 15423 5 29 28 29 6 29 21 
18098 29 6 29 
18926 5 5 5 
27 14069 
21 21 21 15678 20304 20402 15678 14604 16500 4 9193 15425 16500 20402 15678 14604 20304 5 21 21 28 14334 28 21 
27 
21 15678 19939 6103 5792 13055 20402 13909 18498 21036 16404 31 9193 13441 4 18475 377 31 12861 20402 15678 14539 18498 12698 5 21 
15658 11284 5564 20244 5846 20 
21 15658 8840 15678 14425 6103 28 17872 20931 22942 4 17458 15678 14425 13055 23016 5 31 17268 7509 11066 8995 7914 5792 28 4 20149 12861 15658 20402 21036 4 15299 12780 20402 20 21 
21 21596 5876 16404 18498 15502 15678 8670 31 9963 23209 7730 8258 4 18498 20149 10480 7850 21942 11570 7730 9193 17838 7862 6075 15190 4 7730 15658 7914 5792 5 28 29 6 29 21 
21 8742 16404 8406 16673 17478 9090 4 17458 9193 7491 31 23135 18498 15138 21582 8406 7730 15658 5219 5 28 29 6 29 21 
1150 16066 15658 1150 0 
21 1027 4 15658 5739 7914 18475 8908 4 9193 9311 15678 8908 16404 22805 20149 7847 17884 6103 28 4 17458 15138 9617 17932 21596 19969 16673 15190 5 29 28 29 6 29 21 
22463 20007 17872 23135 18498 288 18498 5792 20402 15678 20675 6103 28 27 
21 21 21 9743 22463 880 4766 28 6 18498 7847 15658 14335 14018 23067 4 15424 20826 4 15424 14539 28 5 8995 20112 4766 15678 7563 7509 8683 19961 4 18498 14335 6075 12488 186 7730 22327 15678 18498 17629 5174 21389 16404 9010 22942 18481 16404 15678 18498 11284 6103 23016 5 21 21 28 28 21 
21 17324 23016 15678 21551 7914 18498 15658 21154 31 21260 7617 7 1393 5431 4 20357 4631 9193 16098 4 13026 14550 16404 20500 14539 4 20207 15678 20463 18191 6684 5 7847 20149 18988 31 6075 16098 1393 22821 4 23150 16404 15678 14823 5 29 28 29 6 29 21 
20149 28 28 18525 4161 4766 30 
27 
21 21 21 28 15658 23016 5876 7509 12368 20699 5 28 15658 18006 1393 11474 19695 4 1276 846 18498 7850 15190 15678 11474 20402 16491 6103 573 21 21 5 9130 3370 5 15983 13950 11331 21 
21 21 21 20149 21793 15678 11474 7509 21631 9901 4102 4 12861 15658 7235 31 10901 7509 20749 4 7509 28 7730 7509 9094 5 20149 21793 15678 11474 20149 21858 2038 4 12861 15658 7235 31 10901 6103 28 5 21 21 21927 21 
27 15036 
21 18475 8360 18498 15658 20149 8328 7850 8683 7102 20402 19198 4 14539 18498 9743 4356 14668 21793 15678 28 5 28 28 21 
21 11514 4623 20402 11668 10268 4 11514 4623 20402 11876 20 21 
23 14464 27 26 26 1825 26 
21 21 21 31 14469 6103 28 15658 20402 14668 4 9193 4854 15678 20044 6103 28 5792 18498 13501 16603 11586 4 7730 18476 14668 20402 8223 4 28 20402 15398 5 21 21 21 
21 21 21 1920 4 20149 21793 31 11685 20149 19589 7730 9594 7914 13788 7730 871 15658 12479 16066 6647 8406 4 15658 7491 18498 23135 8995 13688 0 21 21 29 28 29 6 29 21 
21 21 21 20149 9193 8147 7914 9193 22463 6679 18498 15425 9422 6981 15190 17511 20112 4 31 9433 13909 18097 20402 18498 9193 20402 9790 16404 22463 16083 15190 5 5 5 21 21 23135 5 20539 28 21 
9215 21113 10795 5795 21113 7730 21804 5 
21 21 21 20825 18498 8995 352 4 9193 18476 352 21596 201 6103 352 5 21 21 21 
21282 1614 11731 20149 28 1380 8956 9215 18498 17664 11462 20 
5179 21589 3370 7730 21596 22862 6168 15643 12780 20988 19205 23551 4766 28 5 
17872 18525 288 18498 31 28 21596 19907 6103 14413 27 
21 13688 7730 7557 14907 
25 
21 21 21 16630 16404 18876 4 17908 16404 8147 4 2647 16404 31 17478 20149 155 5 21 21 28 26 21 
11284 11474 18498 20149 12578 6103 21340 10211 7914 18069 31 9388 6103 28 18498 201 20149 6815 17438 4886 16673 18191 28 5 5 5 4796 20149 15678 3058 20304 15299 21596 31 9743 991 6103 9387 5 23135 5 20539 5 28 
30 28 
21 15678 9215 15658 9193 22020 7914 16971 17358 5595 16066 5900 14878 4 15678 15540 7384 20402 7804 5 28 28 21 
21 4796 15658 16765 18498 31 9462 18498 23135 
8840 18498 9193 20402 4 
20402 17872 18525 14335 22805 17304 22318 22805 7914 9193 5 21 
21 23558 4 18533 23558 27 21 
21 21 21 21793 1027 22 9422 6103 473 22 4766 28 5 9193 15678 15697 7509 17563 6103 28 1393 20149 19589 15658 20402 20559 6103 20357 3099 7850 9156 4 9193 22805 7730 13325 6103 866 4766 22823 546 5 8956 22 866 22 20402 31 16192 4 31 15704 7730 31 10901 6103 28 4 8815 7850 18498 7847 19604 6103 20500 14539 7914 28 5792 29 28 29 6 29 5 20149 9193 3348 1453 1793 16066 17040 6103 8003 7686 22463 5893 4 28 20149 21858 20559 13909 22463 7509 15641 15955 18498 9193 17511 8637 5 21 21 
2975 28 21 
15976 27 
6075 30 17872 18525 18533 20 
21 13688 
21 15658 20149 8256 5 20149 871 6103 23135 16721 18498 20402 21253 20207 15678 16155 6990 20402 4 7102 21860 21 21 13688 21 21 16404 18498 20149 21858 21253 5 
17458 31 19898 6075 15190 20402 13690 1393 15860 6103 28 5 17324 8995 8678 6 21 21 7847 1414 15678 21253 7850 1982 6318 21 21 7 
7730 21371 6 21 21 15678 20304 5174 15678 16719 7509 21253 7730 19900 4796 20402 10567 21 21 5 
29 28 29 6 29 21 
18498 15138 13688 12787 27 
21 21 21 28 15658 20149 19525 7850 18498 23135 17304 9743 17438 28 4 9193 7509 18498 7847 13055 9743 17438 23135 2092 7509 11066 5 21 21 21 
21 21 21 20149 873 20149 8455 6103 9193 7730 7509 9193 16192 15459 10796 517 7730 16603 4 15678 9942 7509 11474 20149 8455 6318 18476 23016 7850 10901 6103 20463 16169 4766 15678 28 28 5 21 21 28 29 6 29 21 
21 21 21 7558 13763 18498 20149 8147 15658 20520 7558 5528 18498 20149 22507 21 21 5 21 
21 26 15604 4 22657 31 29 11518 6103 20453 4 21282 21596 31 662 1393 14084 28 16673 21969 4 21095 31 9408 12787 26 21726 3356 16286 17299 66 21 
16440 18618 
21 18533 4854 866 4766 23135 4 14604 28 30 22110 20 21 
3031 22295 7509 16169 27 
26 26 
28 26 23016 2371 10606 27 
23 27 
21 13981 4 18533 16083 20497 27 
21 15658 19440 3790 4 21596 18498 17525 4 17819 21583 6103 9743 26 7914 3962 4 7730 6075 4179 27 26 10967 10942 26 21 
20126 2837 20126 
7 23135 
21 21 21 20149 873 20149 5241 19239 4 9193 15658 19106 31 20931 13788 4 8251 31 20500 14539 5 20931 19240 15658 21596 22665 871 20 31 19240 18498 28 4 15678 15576 16169 4 238 4796 18328 7730 11728 20402 9010 6 5876 7509 23566 7730 7509 23092 7914 20931 7181 7730 15658 20149 6256 5609 16673 15190 5 21 21 28 29 6 29 21 
20463 19768 6103 11462 8995 14156 4511 7509 14406 28 26 26 6933 
918 7850 28 28 15658 368 10765 29 368 3790 11095 

