21 21 21 26 26 4 26 26 4 26 26 26 11617 26 5 21 21 3058 5 21 
21 21282 22463 16207 4 14539 17458 15424 22463 23222 7509 15286 4886 17304 22053 15678 20352 6103 8995 13761 5 21 
21 15658 19900 20149 9193 20402 3341 16066 21491 4 21582 21 21 31 14539 4672 21 21 16673 21613 22897 21 
21 29 28 4 8956 20402 15678 21551 18498 5219 9901 20244 3488 5 21 
21 21 21 11617 26 26 26 26 
31 26 26 21726 648 
15833 7850 4 26 14335 21 21 21 
21 9193 20304 7509 26 4 6439 20931 3369 20670 14604 5255 16404 18498 9193 17511 1022 12960 14604 12960 5 1150 21 
26 26 26 29 5 5 5 
26 26 26 5 5 5 
18498 1249 5 5 5 5 
21 12780 21596 19735 22 15658 22 26 15604 20539 4 7730 20149 15658 10959 7847 12780 21787 17438 13909 29 1249 21 
23 31 14453 5 5 5 
14819 20402 13325 31 20303 7509 26 6408 6103 7707 20244 22564 5 
4573 26 20 
21 21 21 26 26 26 26 11617 22 13800 26 26 21 21 21 
15678 
22463 7127 9193 5174 15678 9975 5 
22463 20247 5 5 5 
21 8956 12960 12780 20402 19651 4 26 8840 18498 31 4964 18498 30 12967 20402 3058 21 
733 15678 22805 5 5 5 5 
26 29 28 
26 20402 12863 24 
15678 18498 9743 31 29 997 6103 22463 21252 6 7319 14587 6103 8361 4766 20931 17931 8 29 27 
14069 
11731 7629 
21 8956 12780 20402 15678 14425 12960 7509 10332 4 14156 9193 16192 21 
21 26 4 26 4 26 21 
21 26 26 4 7850 4 20920 21 
26 0 
27 
6 22 26 26 26 
7166 7509 527 6 9193 28 29 26 7914 29 14764 5 
21 8956 28 12780 7573 15678 15190 4 26 8840 5 21 
21 3790 4 9193 21596 17525 16066 22886 7914 871 13727 15678 21953 6981 9956 5 7847 5219 13026 7251 7730 9743 15678 9956 15678 
21 26 26 2 4 4 4 21 
26 28 
7148 7509 16780 6103 11462 22463 3058 15588 
21 26 26 26 29 4 26 31 26 21726 5 21 
6408 6103 29 15266 22318 19900 18498 20463 26 14426 18476 23135 5219 9743 20463 16630 7850 11246 13085 6103 17819 
21 9193 288 18498 8995 13909 12022 31 288 11066 7509 18498 9901 12158 24 
15658 7509 13909 16404 8386 15678 18498 8995 349 7914 26 
26 26 26 
21 27 4 7451 21 
29 6 29 
21 19900 18498 21596 22463 22157 7176 4 20402 13359 6592 18498 21596 15138 22157 7176 21 
16367 22223 8956 13185 7509 28 9901 19505 18264 22 
26 
6324 6103 21551 3790 
21 4346 5 5 5 5 13575 5 5 5 5 21743 4 21267 14539 21 
28 28 28 14156 28 28 28 28 28 
30 19735 11943 19698 9193 12780 5 5 5 5 5 5 21596 18494 4181 
21 9193 15658 12780 4854 9193 6097 7847 4730 22463 26 21787 7850 10484 4 6097 15658 21681 12939 21 
21 13909 22463 7509 21266 6 15005 21282 5 
26 26 6 21 21 12863 22 20539 14335 28 5 5 5 21 21 9721 4 15658 18533 19900 15678 18498 9743 16404 5219 8956 26 21 
21 16404 22702 22463 17556 4 22886 6103 28 21 
26 4496 
21 18498 9956 7509 3805 4 9324 4 29 29 21 
9808 17815 
26 26 5 28 22 20539 26 
21 9542 26 
26 26 6 10795 29 18352 6103 13362 7914 13788 9069 7850 16953 6103 29 
21 28 4 2945 4 28 4 30 4 28 5 16673 22521 7509 20463 17304 4 3759 30 5 
21320 31 23575 9907 16404 21582 9901 13909 29 15266 26 26 
21 12790 20402 23135 18876 15941 6103 8051 7850 9477 7850 13566 7509 9574 4 7730 9193 15658 5219 15299 5 21 
26 
7847 16393 22385 16753 6073 
26 5 5 5 
21 26 29 26 26 5 5 5 5 15833 4 26 4 31 26 4 21 
9193 21596 18498 4854 26 16673 9975 6 22 6103 
28 26 26 
5320 26 26 26 
21 2371 14604 5528 4 18498 12960 7509 3805 5 5 5 21 
17819 21083 26 6103 15138 10907 26 
5603 31 15599 18498 21355 23135 21596 22886 2371 9193 12971 
2974 6103 18498 15481 16404 3805 
21 21 21 15678 12979 6103 11462 7914 7127 20402 15138 682 21 21 21 21 15678 26 10628 11998 4901 23004 21 21 2936 2936 21 
26 26 
21 10110 7509 19830 6 
13945 9 13247 9 20154 9 13945 21 
21726 21776 10907 26 21776 26 
20840 7850 18374 8 29 
21806 15803 26 
21 26 26 4 22657 16673 22886 5 21 
11617 26 26 18772 26 0 
21 15678 12960 20402 22385 3058 18498 4766 29 11518 6103 26 5219 14335 6256 20244 10171 7850 30 21 21 9975 21 21 21 
26 26 
26 26 
22657 28 16673 14924 5897 7509 7127 5 
28 0 20 
26 1631 26 16105 5 26 26 21776 26 
26 26 26 
22657 28 5 
21 10632 4 15678 18498 20420 7509 15190 20149 23135 8 29 21 
21 21596 22463 2154 18498 20402 18494 1920 4 26 7491 21 
26 
23 
28 
10273 6 28 28 28 
28 20402 23135 0 
11563 28 
16468 15678 28 654 20402 11518 7509 26 
21 18525 12780 0 
28 28 4 28 28 4 28 28 28 4 14156 28 28 4 28 28 28 28 28 28 21 
17819 22897 18498 22805 22463 26 4766 28 
21 13919 22 20539 26 16404 29 4 9975 7509 28 4 22406 7509 15604 9956 7509 20909 26 4 21953 7509 26 4 26 7850 21252 5121 5 8956 18498 20247 4 18498 13923 201 4 20402 13688 21 
23 2939 20 20 20 20 20 
29 6 29 26 0 20 
28 22 20539 26 26 28 26 1983 26 6 26 
26 26 26 6 22 22657 28 
21 15658 11862 15894 4 21793 15190 19900 18498 7914 12780 31 28 20402 31 29 21 
1612 14924 18498 20463 26 6103 12675 31 17951 21596 13909 13539 18498 15678 6103 26 26 5 
21 21793 15190 9594 20670 15678 14539 1961 4 7730 9193 1614 4 16721 7850 12901 5 21 
8995 9901 13909 3341 0 15450 29 
21 9743 31 5320 17438 4434 4 9193 12780 17629 6103 29 16404 19745 15678 21662 7509 17819 16440 7509 14604 17960 5 12780 20402 13909 1114 8 29 21 
21 3790 4 9193 13055 9743 15138 10632 15458 9193 22942 6103 17949 4 9193 8956 14335 21187 21389 18498 14514 2136 22463 26 16404 20402 18962 5 4229 22463 10502 4796 5055 6103 22463 26 5 
26 20 26 10628 10568 4 26 7 21 
21 17989 15253 4 9193 26 15658 8406 17458 9193 15658 18533 5621 9934 5 21 
21 9130 16404 31 18069 6103 1022 21438 9901 10131 4 2136 4809 31 21787 21 21 26 15803 26 26 21 21 7850 28 5 21 
26 11617 26 
15658 19900 9193 13055 8414 8956 14307 16404 28 16066 20149 9193 4809 31 8386 871 4672 14539 5 
21 7127 29 6 11462 16468 7850 10628 26 4 5219 19969 20244 4913 15299 5 22463 11020 28 5 21 
21 26 26 6 
20925 31 21 21 26 21 21 7 
11678 31 21 21 26 21 21 
26 5 11875 9608 7 
26 26 26 26 11943 28 29 4 11617 26 11617 22 13800 26 26 21 
29 5 5 29 5 5 29 
21 26 28 4 26 28 21 
26 26 21776 29 26 5 
16404 15658 7491 18498 9193 15658 9130 
26 
26 26 20 20 20 20 
10158 28 
18498 9867 21596 8956 22886 0 
9743 9193 31 16192 7509 28 
21 29 30 1614 4 26 21 
26 26 
21 9193 13325 6103 18476 9193 288 7188 18069 30 29 5 13923 19900 9193 15678 18498 8995 17438 23016 4 20126 6981 28 21 
26 21726 26 26 

