21 21 21 1027 1393 18195 4796 31 22318 14539 5 21 21 28 5792 21 
13411 20 
21 8012 4 10347 4 21801 4 5485 4 3076 4 4839 5 5 5 21 
21 21 21 9010 15658 20402 22463 21684 7914 6202 6103 17382 871 5 20402 1453 871 13539 21582 18090 22463 19094 20670 31 15390 6103 15678 3170 1540 31 5484 4766 31 6340 20244 16468 7509 17406 4 20244 3510 7850 2442 11046 4 20244 417 31 15942 18498 676 7730 15658 9193 13405 31 2288 871 5 20149 15658 20402 3735 6103 16721 31 19456 4 15658 13359 4 17438 10767 5 21 21 21 
4380 3058 20 20 20 
15678 16559 21596 8918 4796 20402 31 4380 20 20 20 27 
21 16404 18525 18533 16098 11644 7730 15936 12577 20 1393 12755 6103 9901 14018 31 17753 21810 7850 5859 4 20244 21596 31 14465 15623 7509 18498 8995 349 7850 28 5 21 
3058 11644 20 
21 26 26 21776 26 26 26 4 26 26 26 
26 20 21 
9808 7127 7509 12787 20 20 20 20 
21 8329 15678 10980 19440 7914 15812 753 7730 15658 368 18498 20402 17521 7459 4 15678 17563 17599 31 20774 7730 15678 1114 954 20 21 
18525 20402 17872 28 28 5 5 5 20402 15678 14425 20 20 20 20 
21 28 23135 20402 7509 21743 6 
7894 6103 13749 
23135 20402 22463 16971 7279 4 15658 15775 20463 16718 4 9457 20463 20352 21916 5 9193 1393 22898 20402 7279 6329 7730 15806 15678 16083 5 23135 21371 20402 22463 16971 18498 28 21935 4 9193 16429 7914 18470 21596 31 22805 4766 11514 7730 13048 5 23135 15658 28 7181 4 20402 7070 7730 16915 5 13749 2136 9975 4766 16083 4 23135 20402 22463 7894 6103 13749 20 26 16673 14466 29 5 21 
15860 6103 23488 20 20 20 
2727 17438 2371 20 20 20 17438 12861 31 11868 6103 9369 31 19094 20 
21 21048 31 21793 18498 8995 18784 7360 31 4774 31 5614 7914 15576 16587 4 18498 13359 4766 2031 31 14370 1614 18006 7730 1505 4766 20931 1927 5 
20402 22463 2053 2727 13909 17912 20 20 20 21 
21 9193 4796 15658 20402 15678 18250 4 31 11020 15267 15658 7480 20 
7730 2371 16560 4 3472 31 16255 0 16066 8995 21793 15190 20112 4766 15678 22065 18449 6990 4417 0 
3058 20247 20 
21 31 12301 4713 7850 2149 17304 20402 22564 16404 31 12463 6103 12392 5 8406 15678 10126 7509 2149 8995 12735 20149 31 14080 9790 16673 19901 9000 6103 20034 22126 19702 1393 20127 18449 7730 20149 7847 4060 22463 21 21 19751 3635 21 21 6103 702 7914 20402 28 5 
2149 18449 
15894 6 2147 28 9942 4 7850 20402 7509 14757 18449 8977 28 28 4 29 4 4145 4 20402 28 21 
4380 3058 20 20 20 
21 10268 28 31 6256 15678 3858 20244 9231 5024 6103 8564 4060 11051 6056 1393 6340 18498 23016 20149 19102 11284 29 1249 4 20244 18475 2750 4868 5 7730 15299 21048 18498 15678 13786 1393 8900 9743 22463 14425 21932 7850 7766 5 
15658 11284 7728 6103 18498 15678 3172 8241 21551 7188 7730 10429 4 7730 31 4672 18070 12780 17107 1276 6103 14426 5 28 21371 7102 20738 15138 13909 5856 7730 17877 5 9193 31 20794 15658 7102 20402 14703 31 12476 6345 4 18498 4 560 4 20402 31 10657 6103 8964 4 5721 7730 10982 11509 5 21 
16219 16404 9193 3339 20 
21 9193 4796 20402 18250 4 31 15267 15658 7480 5 21 
9193 18533 20 
31 21525 5896 20402 22463 7509 17555 7987 18498 1547 5353 6103 18471 20 
21 15678 17819 17653 18498 22805 20402 28 4796 22463 14599 14875 7730 11837 14370 16721 7850 2727 4951 7730 7850 21223 20 9743 15678 18498 7102 20402 9790 20 7730 21596 4 15603 4 15678 14604 23174 20 21 
15678 10982 7102 8720 20 20 20 
16468 31 16468 5 5 5 
29 20 20 20 20 
18930 1097 20 20 20 
21 8995 23151 17872 3962 4 24 5 5 5 21 
21 22463 5936 6 18494 21793 31 3962 7509 19143 21596 8956 7558 21922 21275 6103 10268 9193 21526 20 19363 31 2614 7509 3959 4 15678 883 7509 9634 5 31 5846 20520 18498 879 15005 22463 9634 4050 5 21 
21 6917 6103 28 4 23051 31 871 11685 7730 5453 20 20 20 21 
13909 14981 20 20 20 18195 1393 28 20 20 20 
6103 23151 17872 28 5 5 5 13512 14981 20 20 20 
21 28 28 4 15855 4796 20954 951 20 31 19869 8995 13761 7932 5 7730 13055 9901 15658 13727 2727 951 20 20 20 21 
21 11462 4 4730 1393 18069 9193 19441 5 5 
20954 31 22202 11982 20 20 20 21 
19869 6103 28 28 20 
16971 18533 6329 20 20 20 
3610 17872 28 28 5 5 5 
21 6842 4 11686 31 22463 5758 4 4766 21389 16175 13512 20 20 20 21 
21 9980 4 28 28 20 20 20 21 
21 18476 4913 22463 1830 4 16721 7850 22665 7509 21932 7509 1832 7730 15658 7850 5 5 5 1832 6103 28 20 22657 19961 28 21 
28 28 7 11758 19695 5897 20 
21 6766 6103 5758 6103 18120 4 7914 4790 1393 23032 6103 26 5 20402 29 28 6103 9869 5 28 22657 19961 5 21 
28 20 20 20 20 20 20 
16721 7850 12523 6103 22463 11111 5 5 5 27 
21 15678 17563 6103 28 19900 1575 31 22942 20 20 20 2433 7850 17608 4 7576 1393 21409 20 20 20 22327 6103 3058 20 20 20 26 17478 4 28 28 28 4 28 28 28 4 28 5846 4 28 16811 5 21 
7127 6103 20749 7730 13909 4796 3058 5 5 5 15855 2371 21806 5 
11462 20402 7127 6103 1540 15138 11454 20 20 20 5896 18104 11982 5 
23104 28 28 
4796 15138 3058 20 20 20 
28 5 5 5 5 18159 7730 13727 21185 20 
21 16440 4 28 28 5 5 5 21 
28 17304 20402 31 23577 8838 20 
15678 21752 19969 16673 5880 20 20 20 27 
20402 31 29 10796 18498 21596 15678 18987 7730 21480 16404 19038 7730 7890 31 17298 5 9193 20402 31 23575 10796 18498 18070 17304 11810 18498 31 15127 10883 7509 4554 7017 22327 15678 18498 21596 5 
21 21 21 30 21063 7894 21 21 27 21 
2727 14425 18498 16257 20 20 20 
1150 5 
9370 7509 7145 20 20 20 
19094 5 5 5 
15678 7809 4689 5 5 5 
11454 20 
20402 7509 8933 26 5 5 5 
20558 1920 5 5 5 5 27 
13512 20 28 28 7 28 17577 
21 20202 15678 28 6103 17228 22805 7850 10808 16404 9743 22463 19592 4766 15678 17931 4 31 16630 7509 5498 7509 8632 4 16404 1547 15678 5353 6103 22463 13591 18498 9743 16440 7509 2805 6103 5037 5 15988 15678 8806 4 7845 14273 4 11284 28 7509 19592 7730 15678 28 20 20 20 20 20402 13278 7730 15678 17563 10959 5 11036 10808 20 21 
13909 1114 20 20 20 20 20 20 20 
21 13909 22463 7509 4526 15258 18498 20149 288 22385 28 20 20 20 20 
13909 22463 22897 6 3472 31 16255 0 0 0 21 
21 11036 16673 9388 6981 14464 4 7730 4766 4181 6103 15138 16083 20 20402 31 8838 18498 20149 19295 20 21 
21 31 21793 15678 11218 6075 17230 4 20244 7403 6103 18737 4 5518 4 20471 4 13788 4 19240 4 15936 17380 16066 6103 16083 15364 4 16014 15291 16066 20699 4 19695 4 28 16066 18475 16083 5055 6 
21 21 740 18498 9193 9594 31 13788 7509 11474 7730 7509 28 4 7730 15658 21596 1114 4 20420 4796 15678 14565 18498 20730 16066 4796 15678 20606 18498 26 5 
7730 740 18498 21596 15678 7563 6103 17927 4 7730 5174 21793 15678 14811 7730 21793 31 4509 4 7730 740 18498 21596 21793 31 10547 4 6103 14031 21340 18498 22065 15678 14984 4 7730 15658 21596 1114 4 15299 20420 5 
7730 740 18498 7414 21793 31 9193 10265 16404 21225 7509 17297 4 7730 740 18498 8414 15678 14604 5574 16404 20402 18516 4 7730 15658 21596 1114 4 15299 7384 14335 1575 5 
15678 1114 20402 20737 4 20402 2757 7 15678 1114 15658 20402 12711 7 15678 1114 15658 22092 4766 13412 4 15658 20149 8371 5 
15658 20149 17478 4766 12114 4 15658 3348 15678 20463 12578 4 15658 20149 12834 4 15658 21211 13923 7 
15658 10175 4766 31 12368 4 9193 10175 4766 31 22821 7 
22327 20738 4 22327 5739 4 22327 8840 4 22327 21154 5 21 21 
29 28 29 6 29 21 
15678 16328 7509 15576 26 28 17629 20402 15128 22541 20 
17462 20 20 20 20 
21 22805 2371 4 30 28 4 15678 18498 8995 9594 15908 5 5 5 27 5 21 
21 29 6103 13022 7127 15187 7509 14336 1062 
21282 16404 13325 5 5 5 5 21 
21 15855 2371 28 28 4 28 28 4 28 28 21 
16404 16429 7730 15061 1393 5167 18498 8995 6103 15855 20 
288 18498 8386 6 15678 16083 29 29 9901 4766 15678 28 5 5 5 27 
3058 20 20 20 
15855 15678 28 28 5 5 5 27 
21 15678 18498 11284 6103 13909 2725 7850 28 8995 7850 3222 7730 15678 17960 21639 7509 3224 20402 5097 5 
11462 7850 4466 6103 9956 4 29 29 9193 4443 21 
21 9901 15678 846 20 
21 21 31 21579 17304 10648 5370 22304 20149 4 2136 13761 4 15678 10985 9774 4 8977 7730 15193 5360 6256 15678 28 21282 7850 6202 7509 10091 5 21 21 21 
21 7757 22463 11091 6103 20725 21 21 15658 22053 21 21 23016 7509 7850 9193 10091 5 9010 17877 21596 2046 31 28 21793 20 21596 18498 9743 1138 21932 6103 7481 4 23206 17962 7914 6731 5590 15678 19701 6103 6507 16673 2367 5775 7509 13851 18498 20149 1575 7509 7395 7730 7509 9620 6103 10017 17438 16440 7509 23567 10978 5 21 
21 5741 20402 22463 17889 14803 7730 15242 
31 22942 15658 9901 7914 19356 
7847 20149 22020 
7730 20149 9193 6256 13405 17438 7847 
20402 5359 22020 
17495 4 12861 15658 349 20244 7594 
17324 4 9387 7914 15671 10268 18498 21535 15678 1006 
17438 12861 4 16404 5741 7730 1005 
20402 17629 8744 7730 22463 4524 6152 
28 28 21 
19049 20 
13909 22463 18498 20402 7934 15678 6014 
28 28 
16404 21793 15678 21743 6103 19205 5 
8525 2352 20 28 28 
16083 17413 6103 22886 16404 19094 20 
20149 15658 20149 5876 23029 23221 5 5 5 27 
15253 20 20 20 20 
15678 13278 20402 18498 31 5758 17304 16429 7509 5090 7509 18191 3228 20 
22463 16257 18498 22657 31 16689 20402 16098 20 
21 15678 15190 20402 14149 4 9193 1190 13923 10372 5 21 
20244 16192 20 20 20 5 5 5 17872 15658 7491 15678 13905 16195 20 20 20 20 20 20 
9193 21371 1506 20 
21 21 21 7728 13535 6 6670 18476 20149 6219 21 21 5147 21 21 31 4127 6068 6103 17931 17931 20 6521 1414 3263 6103 17343 4766 3724 4 8703 4 3982 4 1694 6103 21793 15678 21743 0 21 21 
28 26 21 
21 22463 16587 18498 18533 19038 31 13908 16683 5 22463 16587 18498 2647 7914 20463 17931 5 
18498 16587 20402 8956 0 0 0 0 0 0 0 21 
5 5 5 
21 21684 6103 30 28 
15678 1203 1487 20402 6333 10259 4 3735 6103 14096 15678 5574 20699 12217 4 12149 31 18475 684 5 9010 1203 20402 31 6677 4 6592 11284 21264 7730 1487 4 7850 28 4 20244 14869 5 
9193 17304 20935 7730 7491 18498 20402 22463 17563 16330 4 18498 4 1393 14539 21551 7914 18498 7491 18498 31 7804 20402 15678 13905 13284 18498 22463 16169 17304 6256 16404 15678 9943 7 16866 12149 31 5055 7509 8632 18449 6 21011 4 8918 4 20244 2807 4 4766 17931 20939 4 21083 6746 4 15894 21793 970 4 17931 4 16169 4 10982 4 4964 9996 18498 15678 18498 20149 9743 15324 1062 19961 7509 8632 20402 7804 4 18476 4 7850 22821 4 20402 31 13909 5842 7509 23014 6 31 7027 5 
31 7027 4 18498 20402 31 16780 7509 3726 6103 22805 15678 16083 4796 22463 20402 11570 7730 4796 21340 7205 6103 19456 7730 6103 7277 4 20293 20402 17229 7730 2727 9359 1393 13669 6103 21793 9193 11454 17438 10985 20979 1393 7894 3341 6075 16587 5 
15678 18498 20402 3735 6103 13045 31 9193 12759 7148 7509 23014 18498 15678 17931 7509 28 23016 20738 4 20365 9193 7027 0 
15963 4 20402 21371 31 7027 9010 11988 6103 22805 15678 16083 4796 12787 4 4796 14443 16428 6103 22463 14539 4526 18498 13045 9193 9620 6103 20774 1393 17931 4097 18476 20402 7847 676 10019 17438 17288 4 7850 16232 7509 103 4 31 14018 7509 5570 28 28 5 17531 12145 14753 7509 7804 
31 7027 4102 4 21389 1920 4 18498 22463 15952 676 1393 16083 4 20244 16765 18498 20931 10268 7102 20149 23151 5371 15678 15950 5 15678 14539 17341 18498 676 10019 22463 17930 4 8918 18498 20463 9942 20402 7802 17438 1612 4419 11586 4 23004 4 6977 5 
15678 17286 8918 7850 22821 4 15678 20634 15658 16878 18498 7847 22805 18498 17341 7730 17930 20402 31 14539 16971 4 7914 17939 7402 6 1067 20402 21931 13923 19275 4 4766 12970 6103 21932 9319 4 15952 17438 22463 3857 22185 5842 18498 20402 6996 1393 5614 7509 17307 5 
20149 11284 740 7914 15671 871 19485 6103 11571 4 9193 6838 21793 17288 4 17931 7509 6329 8974 4 10668 4 630 6103 20127 4 15258 4 512 4 8051 7583 4 18034 4 21442 4 15092 5 5 5 16404 31 17608 18449 7509 9193 4417 7914 6357 6103 20774 7730 11857 18498 1393 21931 20149 15812 7277 7730 15658 2478 6103 3109 5 20402 4524 4 871 20149 20357 14425 18498 31 18339 18910 7509 17743 6281 5 
9193 12861 15658 15770 5 20402 1453 22463 6325 14604 5 871 14335 4229 6103 22610 4 7031 5 9193 9193 19900 4 12861 20402 17521 5 21 
21 12791 4 15908 20402 15678 7127 15187 7509 7804 20 21 
21 20402 1920 18498 15678 10980 7509 15576 16587 22667 31 7804 20 20 
22834 21911 20 20 20 20 20 21 
7730 654 0 18525 12780 9193 18090 0 0 0 
21 12780 6075 22463 6103 16447 7730 16836 6 17438 18498 31 11020 15267 4 23029 7730 14606 4 9743 21 21 19349 21 21 20670 31 11868 7509 7804 16404 15678 6731 7509 16587 7 20670 31 22668 18498 7102 20149 6075 1393 17931 7 20670 31 15390 6103 13905 12738 15459 23498 4 9170 4 9170 4 9170 4 7730 4 15459 14924 4 7914 18498 15678 17931 7509 8995 13909 19671 7509 9778 8995 16367 19196 21793 8956 14427 4 15658 9743 20385 22463 14307 6133 4 8429 15678 17931 7730 16083 8812 7850 23498 7799 16404 18498 31 20709 8386 18784 15678 15083 7509 15102 11078 0 0 0 0 0 
16404 18525 13055 13359 20670 31 21592 6103 1543 4 20670 4796 20149 5284 15678 5179 7730 31 14997 4 4796 20149 6075 31 10220 6103 4419 5212 7730 16430 4 19900 18498 7850 2131 5055 9122 7509 8632 18449 4 20802 15678 18391 12738 7850 23498 4 9901 11875 6728 22463 7804 6103 18471 4 21340 4796 9193 8361 31 15138 21592 20 
4491 1453 871 5055 7509 8632 4 7914 17269 30 5 23343 4 18498 15658 5054 4766 22327 18498 1540 4766 31 21592 6103 1543 6 
22356 4766 29 31 29 970 4 15637 19972 5879 8806 11872 31 4473 7509 970 7730 17930 5 
15658 11284 13108 16404 18779 18475 21743 6103 9417 10555 4 18607 16066 2872 18498 2272 4 7730 15138 4 7850 8388 7509 5353 8361 5 8995 7850 21263 5 23343 20 20 20 20 
15658 11284 19972 8810 16404 15678 6731 7509 1826 5 8995 7850 21263 5 23343 20 20 20 20 13325 18498 31 28 9743 16440 7509 5896 4 18498 20402 22385 11861 18481 31 7804 5 
20015 12039 4766 15678 15669 6103 10220 7509 17934 7509 7804 4 20149 4843 4766 16083 17939 18498 9380 15678 14539 15669 6103 10220 5 15669 21121 4 7850 15270 
17304 4491 15138 13909 4 17495 15678 1961 20402 9474 7730 4891 20 15658 8918 7509 9708 12738 20 20 20 20 
21282 15658 8386 17438 18498 15658 11284 7499 8406 31 16440 5 17438 18498 31 15267 4 22385 2727 12541 7730 17703 4766 15678 19860 7509 15382 20402 12790 20 15658 155 8806 7730 17982 22463 1138 7730 21267 7499 8406 10982 4 20709 7730 17934 7509 7804 0 
7730 15678 10982 0 7730 1920 18498 18533 7144 0 21 
21 28 7509 28 28 28 30 
28 20336 17608 7850 4067 
7730 9193 8995 9808 17458 9193 21371 20402 7509 20931 4842 
9193 8995 22886 4766 31 19830 7730 31 1694 6103 28 
16404 18498 14604 12353 21596 18376 4 15658 14335 794 
16404 18498 14604 12353 21596 15256 4 15658 14335 16647 4 15658 14335 21787 
16404 18498 14604 12353 21596 15860 7730 15658 14335 22805 
7730 15424 14539 22463 16718 7847 17511 21596 16404 14335 9743 13923 
1694 6103 10159 4 14604 5574 15658 794 
9548 4 13185 20149 18506 4 20244 15678 14604 5574 21787 
5531 4 5588 20149 1765 4 20244 15678 14604 5574 1045 
17324 9193 8995 22886 4766 31 19830 7730 31 1694 6103 28 
28 20402 6103 28 4 23104 28 20 
28 20402 6103 28 4 20007 28 20 
16912 4 10648 7509 21290 9995 
7730 7384 22327 15344 15678 1114 
16912 4 10648 7509 21290 9995 
7730 7384 22327 15344 15678 1114 
26 21787 17872 15832 
26 21787 17872 15832 
26 4 26 21787 17872 15832 
28 20402 7509 28 
28 20402 7509 28 
28 20402 7509 28 
28 20402 7509 28 
26 21787 17872 15832 
26 21787 17872 15832 
28 20336 17608 7850 4067 
7730 9193 8995 9808 17458 9193 21371 20402 7509 20931 4842 
26 21787 17872 15832 
26 21787 17872 15832 
21 31 11868 7509 6933 4 16404 31 5485 11570 20 
16689 18498 31 16971 15658 10959 6103 13359 21684 13669 20 21 
21 17753 4 6428 4 20300 4 17653 
10976 4 20161 4 22830 4 13004 
17904 4 17979 4 6283 4 12438 
7280 4 22463 18852 17872 20304 7730 15678 20304 6 
9193 19456 20 20 20 20 20 21 
15678 22823 18058 6103 9193 10091 20 
8956 12780 17872 23135 18498 12960 4302 7850 4387 5 5 5 
21 288 12094 4796 31 16971 15658 20149 5214 7509 11059 6103 4179 2053 20 
28 28 4 28 28 4 28 15528 15528 4 28 28 21 
21 5508 9010 6407 6103 22463 1095 6103 9193 9942 4 28 4 17324 9457 9312 15678 18498 16721 7730 20357 1393 22805 15678 7536 15678 19971 7509 21631 20 
2725 16192 6 
21 21 11462 5913 22463 17972 9790 31 9193 14539 6 15658 16784 15678 9956 21 21 15678 19971 7509 21631 21 21 4 7536 20670 28 19983 5 19969 7509 4443 2078 5 
15138 16673 21932 6103 10289 4 18498 5174 21115 11284 1249 20402 22463 7509 14604 23539 4 9193 17836 16673 20402 11570 4 18498 18876 4796 7703 15678 15855 7730 4796 14799 15726 15678 11474 7730 7480 20931 14323 5 
7850 4785 7509 9956 4 22463 12201 21065 7491 31 7847 18498 21 21 28 12784 8458 22463 11474 16404 9193 15726 7850 21631 7730 762 31 6146 18525 12784 16404 15678 6014 16066 15658 21 21 4 7730 18498 8956 11474 20402 7847 5 
31 11729 20402 7687 4 9193 1393 14539 21551 4290 6103 17316 5 
22463 19210 15424 20293 6305 7509 22823 5055 11570 6103 871 17563 5 
19983 21810 16404 20500 31 21412 6103 15061 1393 15190 15678 18605 5842 7730 9158 17304 20402 15678 11474 4 20402 7850 11154 4 20402 7850 5590 16673 16067 4 16673 10653 4 16673 23560 23301 18498 8670 7730 14265 5 
9193 15678 18498 14335 6256 5274 15658 20402 12861 5 7847 15061 4 15658 17960 18498 15678 13398 7509 1436 7730 6648 7850 11571 1603 21389 6781 19563 4 18498 15678 14539 11474 5842 17304 20402 21371 15678 19011 6103 20500 14539 4 3735 6103 22020 15678 13909 12762 7730 23499 1062 7914 22463 16119 6103 13759 7730 16580 5 16468 6103 23539 31 11341 5 6221 4 22463 20402 11710 5 
20149 23135 20402 10289 4 1937 5 
20149 15658 20402 4 1937 5 
20149 16784 21916 31 5734 7850 18737 11570 4 1937 5 
20149 740 21596 871 8838 6103 18498 11284 13759 7850 9971 7509 22415 4 1937 5 
7730 20149 22327 15678 13909 9604 4 16673 14466 23135 22805 2725 11729 5 21 21 21 
18525 18533 0 5 5 5 
21 21 21 15678 17106 1162 20402 15678 1162 17382 5 5 5 5 21 21 21 
21 18533 7491 18498 31 28 15658 16162 18004 17872 15502 0 0 0 0 0 
31 7514 20402 7509 13717 7509 8057 0 0 0 0 0 
5320 8956 11454 7277 4 28 20 20 20 20 20 7730 31 10889 21371 20 20 20 20 
21 5097 15678 6428 18498 23174 5371 15678 7277 7509 21931 7730 7509 21931 20 
21 21931 7509 28 4 22489 20 20 20 
29 5 31 7280 328 16673 17217 15677 29 5 29 29 4 1393 16878 31 10744 7509 21612 16404 21793 31 7766 7730 31 20709 4 4178 18090 11055 13370 20699 6103 7277 20699 4 21934 7730 17799 7850 16587 4 4766 31 17543 6103 18090 31 14663 14254 6103 14676 6103 21931 11462 8328 4796 7817 7509 8057 7730 12476 21809 6103 20446 7914 7284 31 22463 15604 8327 4 4796 21931 21608 4 6224 11886 19039 6103 22666 4 7277 7730 10657 21934 7730 20699 5 
15459 20357 4 15678 17960 6103 13301 9164 15678 4982 5275 7730 13278 6103 4023 4 16878 22020 31 11020 13907 6103 21931 20559 7914 22 17768 6103 20446 22 7730 15658 13909 22 2507 22 4 22 14568 22 4 22 4805 22 4 9170 5 
4796 20149 19900 18498 15678 7277 7730 10657 7509 21931 21608 20402 14053 12256 1393 7509 8051 7817 4 17836 16673 15669 6103 19276 7730 5413 20521 13909 14876 4 15678 19522 20402 15678 17942 7730 19871 18825 7509 22665 20699 7509 21932 7850 22942 7772 7730 20699 3170 4 8464 17545 14676 6103 16971 5 
29 5 15678 18825 7635 7509 19276 5416 6103 14676 6103 5003 4 991 6103 4929 15678 2727 8995 12178 7730 20699 6103 20402 11578 7730 9634 3170 4 550 10260 4 6103 14031 15400 4 15678 14506 12610 6103 21932 7730 6103 5298 4 4929 22463 7509 17835 7863 6103 6987 7850 6731 7509 16587 5 4766 15678 6178 20522 7509 19283 7509 21932 9901 4929 31 18279 7509 14506 12610 7850 28 5 21 
16404 4967 20 27 
21 1393 14604 1097 18498 21596 12578 5 5 5 5 
18476 21932 13030 20402 13909 10259 7730 17304 794 15576 15699 12183 5 7850 17950 10808 6728 18471 7730 1540 9845 16404 11649 7730 2011 31 15390 6103 21793 4 21932 13030 5 6256 10808 
22805 15894 349 31 22356 7509 17950 10808 29 7914 11560 6 26 5 30 30 29 
4854 20 7480 20 5947 9193 26 20 
21 11462 20402 15678 7127 15187 7509 702 20 
7102 5876 15138 2727 6075 7863 4 4809 16673 18059 7509 15342 20 
15678 15274 7491 18498 15678 28 20149 14055 7850 702 7623 13787 5 5 5 17297 28 5 5 17297 11474 20 
21 18852 7509 15911 1393 21 21 3172 4 4766 15138 15995 4 4766 15138 1114 21 21 20 20 20 20 21 
21 22327 2727 14056 7730 15061 12401 4766 31 20644 7509 16587 4 9193 9743 4766 5179 6103 4060 20 27 21 
21 16404 15678 18498 8995 16630 12641 14684 4 13332 18498 18476 15678 14684 10982 15678 16587 15658 11284 31 13441 6103 9462 18498 8995 17599 2126 20 7730 16083 26 9193 20 20 20 20 20 9130 31 9193 11454 4 17438 9721 20 20 20 20 20 20 20 21 
21 7730 13761 20149 12780 13909 22463 7127 5 5 5 9193 15678 20826 15658 8448 20 20 20 
17438 18498 20149 4229 15108 
21371 20149 4229 9078 
22915 6103 22796 
15424 13325 20149 15855 16404 22305 
31 17819 16468 1892 1892 5 5 5 
17438 18498 20149 4229 11474 
21371 20149 4229 20826 
7730 20826 15658 8448 
7914 14336 31 21389 11199 13122 
9901 3559 3559 3559 5 5 5 
7730 13761 20149 12780 
13909 22463 7127 
733 733 5 5 5 
7730 2631 5320 4860 
7730 2631 5320 5219 
18498 31 4229 15658 21596 16573 
6103 22327 20149 9743 3718 
7730 15678 5528 7850 5951 6103 22463 19698 19698 19698 19698 5 5 5 
6103 22327 20149 9743 3718 
7730 15678 5528 7850 5951 6103 22463 19698 5 5 5 
7730 13761 20149 12780 5 5 5 
9193 22463 7127 
7730 15678 19698 6103 1862 7730 10765 
8398 16673 13130 
8435 15678 14336 9894 
8946 13909 6103 22463 14676 
18533 22805 8443 31 10765 10765 10765 5 5 5 
16404 18525 288 18498 15658 21596 13441 6103 9462 20 
21 20402 18498 15678 16972 7509 16257 5219 16367 16404 19089 4 21282 22463 17556 20 20 20 20 21 
20244 13909 20 
21 7127 12604 7509 15144 20 15678 19456 12780 21282 2136 31 18352 7558 20 20 20 20 27 
21 21 21 20149 11091 16647 13135 4 15658 20670 22463 14604 12787 21 21 27 
12780 9901 6103 15855 15458 17563 2371 20 20 20 20 17438 8329 20402 12372 4 2136 18498 20149 18069 15678 5431 20 22805 20 
31 13566 17438 16440 6 
17287 
28 28 
28 28 
28 5915 
28 13614 
28 28 28 
28 12989 
28 28 
28 28 7509 28 1733 
28 28 28 1733 
18250 
28 28 
28 28 
28 9743 
28 14492 
28 28 
28 28 
28 28 1733 
28 28 
18252 
28 28 
17572 
28 28 
28 28 
28 15528 
28 28 
28 19668 
28 13889 18670 
28 28 
28 28 
28 28 
28 6103 13558 
28 28 
28 30 
28 7509 10192 
28 28 9743 
28 28 
28 28 
28 23 
14798 28 28 
13770 28 
28 28 28 
28 28 
28 28 
28 28 
28 28 10805 
28 28 
28 28 
28 28 
28 13424 
28 28 
28 28 
28 28 
28 28 
18201 
28 28 
28 15481 1733 21 
21 21596 22463 17563 2371 18533 4730 16404 20402 31 9193 17751 4 6342 7855 16673 23174 7279 20 20 20 20 
9193 16393 18498 31 6802 20402 11020 17324 22805 15678 18498 7491 31 13291 6 
21 21 7914 17819 13727 4 11284 18498 20149 7172 31 20990 7509 21023 5 31 17819 20149 6075 9193 3976 6103 22626 4 7914 3952 6222 15041 4 19304 16066 3980 4 8329 31 23575 20149 6075 9193 3976 6103 11808 4 7914 3952 21557 7544 16066 10548 4 17438 9365 5 5133 15678 7361 21159 4 15678 22929 20402 15678 20992 7730 15678 21022 11751 7730 15355 7509 4768 15252 7509 17304 9360 5 
17304 15770 4 16085 4 11808 16066 22626 5016 7509 3858 6103 17753 7730 23118 5 15458 20357 4 17797 31 28 9774 4 7914 20463 1825 5 29 4 18498 7914 3962 6103 11808 7509 17753 7730 7509 22929 4 16066 22626 7509 19455 3858 4 
20402 21019 4229 1393 9370 7509 17757 
15678 17753 7509 5993 7509 6428 4 15678 7509 20299 9774 7730 15678 7509 21161 22181 9774 5 
7730 15678 18498 22805 11462 20402 18498 20402 4491 4796 16428 7509 8927 6103 5614 7509 3962 28 15678 17753 7509 5993 7509 6428 7730 15678 7509 20299 4 9010 23575 13055 18533 13591 20931 3790 4 16762 31 20709 21810 2053 5371 31 17751 4 15908 7850 20299 20 
20402 18498 20402 12861 18498 15678 17563 6679 0 4730 8956 5611 7850 17304 0 
9193 22805 15894 6075 22327 12861 5 5 5 17458 31 15241 13761 7914 4434 20402 11020 20 20 20 20 20 27 21 
21 31 14370 18498 21 21 17669 21 21 15678 21931 15658 20402 7110 4 1393 5431 6990 18498 15897 31 8057 20 20 27 20402 22463 17022 20 
17458 31 11020 15267 15658 15061 12861 0 20 
21 7850 15364 22327 20149 22020 20 
9193 8637 22463 10053 16066 22463 12779 1034 20 21 
19698 21371 20402 3058 20 
15963 20402 3058 20 
21 20293 452 31 23067 18498 9010 8062 21596 7509 15190 7730 7509 22942 20 
18525 21596 16135 1937 20 15138 3058 9010 8429 20 
21 21 23104 15637 14930 15894 15678 11020 14929 20402 15678 13085 26 21 21 27 16816 20 20 20 11561 6 23273 5 28 5 4766 26 0 22615 29 5701 18498 21 
21 21 21 15678 17819 23168 21 21 16404 1067 15678 16918 20 21 
15678 9172 7217 6 20214 23274 13441 20 
5947 7730 11099 5 5 5 9193 22823 20 
21793 22507 16673 3432 7509 9634 28 6103 28 7730 28 7509 28 20 
8956 15254 20402 7509 3058 5 5 5 27 
9901 16721 5 5 5 15637 6340 15678 17563 7102 20402 22092 6981 14031 6 1393 2478 7730 20890 6103 17068 0 
16967 28 5 5 5 
21 18525 21596 6103 16630 16802 7730 18525 17304 16081 0 
18525 17304 19474 20 21 
19698 6329 20 20 20 20 
21 7730 740 11284 15678 18498 368 7850 11799 7509 15267 20 20 20 
14335 5446 5 5 5 27 21 
28 20 20 20 
21 22657 31 16689 13359 5 
16098 20244 17635 20402 20402 14791 20 
31 9462 14792 21596 16014 13229 4 20402 10211 16673 13031 6103 14790 21596 4839 4 7730 5538 5528 5 21 21 21596 4839 7509 5528 21 21 4 20520 21596 3726 6103 20357 1616 18498 31 16083 16971 20357 4 1585 20463 20352 7509 20352 6103 873 4 20402 20780 4766 31 16971 5 21 
16083 16192 5 5 5 27 
21 31 18774 20402 18498 15678 28 8995 7850 15256 6103 22463 7894 941 11781 4 1502 17438 17382 11645 20 20 20 7730 11284 18525 21596 31 12322 6103 368 18498 12862 20402 22463 9707 18886 20 20 20 20 21 
21 7850 18498 8995 16721 0 
15510 5 5 5 
9193 4417 20402 3853 6103 23498 6103 13264 20 
7730 31 18093 5360 5 5 5 
15374 20402 17629 20 
4672 9074 5 5 5 18498 16673 1190 7509 3924 5360 9077 20 20 20 20 
22463 23048 20 20 20 27 
21 20402 28 4 23151 5 5 5 9193 31 10548 5360 20 21 
31 21418 12780 16404 15678 14133 5 5 5 31 14461 9897 5 5 27 
1614 15678 28 20149 41 22463 17556 17872 9193 15658 16393 22385 2442 5 5 5 27 4796 14604 15460 20402 3058 20 20 20 20 20 
22463 3822 5 5 5 
21 9193 20402 26 4 7850 14370 7914 18498 15299 4 9193 15299 14539 4 13045 22463 20402 11570 21752 31 22942 6103 16083 4 13055 18498 4 20402 13761 18470 20402 15678 28 5754 6103 3450 22463 4 20402 21793 12787 20 20 20 20 9193 15658 20402 26 18476 16765 22463 20709 9208 11443 4 18498 20293 20149 288 7850 7277 6103 6075 20463 2530 6103 20044 21 21 4507 7914 16083 17563 5 22463 20709 18498 15855 20813 16404 15678 18191 22466 7730 20739 7730 19214 15678 4982 6103 13441 7730 19456 1393 7178 6103 352 4766 20463 12578 5 21 
21 10548 4 12780 2727 7090 5 5 5 15502 8995 4591 20 13800 17758 21 
21 11721 18498 4 20244 9376 22463 16192 20385 4 22126 17942 19094 20670 15678 5662 4 909 14336 6422 20 19703 21 
23104 20402 7188 5 5 5 
22463 13606 16404 15138 18498 20149 7491 11474 20 20402 13520 20 20 20 20 
18525 20149 11215 0 0 27 
21 20402 15392 14055 9193 12159 16762 31 3261 12657 7730 1393 10477 4 20293 4102 20 11731 4 7850 28 4 20402 1893 6103 22463 21282 22897 15678 28 4 15678 28 4 15678 28 4 15678 28 6103 28 7730 15678 13055 9601 4 9193 16673 20931 11868 4 15678 28 7730 15678 28 4 8406 21389 16083 20 20 20 11731 4796 15678 10323 8995 20149 20357 20 21 
21 14604 7558 16630 
654 17511 5320 5 20402 9193 18498 5219 31 28 7509 12604 7850 3623 15187 12567 4 7850 28 4 7914 29 5 
20402 1920 5 18876 22463 15816 7509 7132 16673 9193 910 5 23016 17438 7733 4 6103 20855 18498 15424 22805 31 20931 3790 5 7847 17908 7850 28 16971 7360 31 22240 20931 910 16673 18498 18533 5 19484 16404 29 5 4766 5 31 16971 8017 20931 910 1393 7132 4 16404 8414 7850 19969 4 7730 7914 22240 17304 16630 7558 4672 5 9193 21282 7558 4672 5 
16836 4796 9193 17304 21596 4181 18498 7847 5913 31 20931 16440 7850 22092 5 6408 7509 9193 910 8017 4 5412 1926 4766 20044 9170 5 4 7847 17304 20559 15658 2011 1393 14604 16630 5 7847 18006 18498 9743 22463 21662 5 18498 9193 16630 871 4672 11875 5 18498 15678 14604 16630 20402 22463 6325 4 866 21916 20402 7509 18774 5 20149 7847 5913 15678 17973 4 9193 19900 18498 20931 15816 20402 16404 22657 5 7730 21282 8443 7850 8414 31 9193 910 5 5018 5 
18470 20420 15678 14604 17819 16630 0 16721 11750 7850 12604 5 8995 4179 4 1276 16721 7850 28 28 4 9193 2371 288 18498 17304 6075 5152 5 7914 20202 16721 7850 12604 5 22463 3623 7509 15190 16404 15678 12604 20 6152 5371 15678 28 5 20931 19484 23016 15658 7733 5008 6 
9790 5 
7730 20402 15678 18498 20149 22805 5 28 20670 15678 28 5371 21793 31 17875 5 12552 3625 7509 15190 5 15678 22092 4766 15678 7132 20402 4 17438 1920 7491 4 18527 5 7730 9193 17304 9743 14604 20207 16630 5 22463 2810 7509 15190 16404 15678 12552 0 5013 18498 8995 20402 7831 6329 5 8995 16721 21282 7850 835 7509 4750 7730 16463 4 17324 15658 17304 16630 23091 7509 12604 7914 21793 15678 3623 4 16404 20293 7730 8918 15678 14604 16587 5 7102 16630 4 16673 9193 910 4 866 18498 6981 835 31 21793 4 12027 11074 5 15678 18606 0 18533 18498 15678 28 20149 22020 15658 16587 8605 5 654 20 22463 16587 15988 4 20244 5767 4 20244 10183 4 20244 12368 4 20244 5131 4 13885 4273 5 20402 12861 6 9193 910 17438 22463 16587 112 20 
20402 15678 18498 3124 7850 14604 7733 16404 15678 7132 5 7847 19474 16836 20149 9193 21596 16721 2727 7850 18498 8995 16630 5 9193 7102 19900 18498 31 403 20420 7188 5 31 5463 7509 14886 4 31 13788 4 15678 10405 4 15678 11600 7176 7730 18498 20420 11875 17745 22327 15678 18498 9193 9743 20566 4 7730 5764 4 7730 7451 8235 4 3172 7850 3058 20357 20244 31 2429 7730 15678 14309 3952 5 16066 20402 8605 21282 7686 15678 9409 7730 3170 6408 7509 20222 5 20402 14539 15678 18498 9193 18533 0 
20402 4 19474 5 4289 6990 12819 22273 4 6990 12114 20699 7325 6103 3087 4 6990 12816 5775 18498 16468 17438 532 4 6075 9172 426 6103 22327 5 9753 8605 4 13055 20 15678 7132 6 21596 4181 0 13055 0 
9193 6 3058 6408 7509 3885 5 28 28 28 21 
21 11462 4 4666 4 1937 1393 7524 5 21 21 29 4136 21 21 5 20402 12577 19611 4796 31 17436 20149 18832 7730 16647 10159 16673 19856 6103 20402 28 7730 6103 16083 3755 3170 20 15678 17835 11091 6103 11154 20402 6 21 21 15678 10839 352 21 21 20 20 20 9901 16721 15894 8995 21793 1612 17563 22385 5212 7730 20149 7491 7589 7509 15382 5 5 5 5 2371 14335 13325 7509 15576 11341 3170 4 22385 2727 5284 17438 28 6103 28 28 7730 8443 8386 18498 7847 21371 352 7730 8446 20931 6008 10343 6 21 21 23 4 18498 17667 20 20 20 20 20 27 21 
21 26 9956 15138 3058 5 5 5 22463 2304 20670 31 4891 19225 8406 21551 7730 8806 7730 17836 20670 31 11022 7509 8208 7509 20352 1114 20 9743 22463 22915 12553 16404 17304 1934 4 15908 5 5 5 27 4 9193 22657 15138 31 16689 20 20 20 21 
21 22463 1249 3058 16404 21793 14604 1097 7730 9626 20 
21 21 31 3450 7127 6103 9193 22942 
1540 4766 9193 6446 7730 9193 23091 
15678 11861 20402 19900 18498 21793 15678 28 23104 866 15604 5 
18498 15678 15604 1249 18498 20149 12345 4 
17511 23104 12544 3450 14924 
4766 15138 16580 7730 8838 4 
17324 31 22942 20402 22463 7703 
7730 3450 12459 20402 22463 3369 6103 28 5 
18498 22463 4380 6103 16580 4 8838 4 
20774 4 835 4 5496 4 
20127 4 4839 4 11036 4 
9801 7730 1114 3510 1393 20463 19030 
7730 9743 3256 3058 20258 
6103 18029 16404 22463 15604 1249 5 21 21 21 
17583 7509 21823 
918 26 7914 22212 20 
31 15144 7509 9193 22942 20 27 
20149 31 15267 20402 13591 7730 6345 15671 19900 6981 15102 2092 7509 15589 7509 11884 15291 20 21282 18498 15658 5 5 5 
21 31 21793 31 9193 18533 1095 20 
20402 22463 11020 1249 20 15708 17438 9743 16440 6318 5 21 
13909 22463 18498 20402 827 15678 30 20 
21 9365 15252 7509 4673 7509 20402 11570 20 
1393 20149 4730 4796 22463 15692 4 7847 18876 22463 19484 1393 955 20 21 
21 7847 6355 20402 13909 4506 4 5212 7730 4649 7509 18498 15678 3156 18498 22444 12701 15678 5168 20 21 
23029 15599 20 20 20 20 
21 2371 4 18498 17667 20 20 20 20 21 
21 21 21 6103 15299 430 1393 11474 10648 15678 15190 20149 7847 16784 31 20931 910 20 21 21 21 
21 15995 7509 5762 20 20 20 20 19703 
21 20402 17629 18945 4766 31 22942 4 22541 20 21 

