21 20149 23135 20402 12979 740 4 12979 740 4 12979 740 
1022 22765 20402 4 22765 20402 4 22765 20402 20 
31 14466 18498 15678 5528 4 18498 15678 5528 21225 
31 13052 18498 15643 15036 20 8 29 21 
21 22657 31 13311 7 
20402 23069 18498 23135 20149 14096 4987 7850 17226 6103 28 4 15658 7850 20463 17877 16066 20739 5 20402 1920 18498 28 21154 15678 20739 7850 5846 4 7730 20402 9398 31 20202 15678 20463 9365 6 14096 15678 15855 10010 7914 28 4 15576 13786 7730 16003 5 11292 29 6 29 5 
26 21596 3058 4 18498 20738 7914 22463 3629 6103 4988 15381 4 9431 15678 17304 7509 4988 6 20149 23135 15855 16404 15678 15190 4 9901 571 5 20149 15855 16404 20500 4 9901 6423 4 9193 20149 15855 16404 5792 4 9901 6564 20 5 
20463 8236 7070 20463 20352 5 15678 20191 7509 19441 20402 13327 6103 18498 15678 20739 20402 21557 4 9193 20931 18937 20402 9172 5 28 725 22463 22942 6103 17877 4 18483 1249 7850 6734 4766 1583 22463 14676 7730 22169 14667 16971 4 22463 15382 4 17458 5327 31 20931 18937 5 11292 29 6 29 5 28 21154 31 505 7509 14539 10211 5 7847 7491 6 9193 7181 20402 16753 7730 15658 7687 15138 7730 740 17918 16404 15671 10901 11759 4 18498 7687 16404 20293 5 29 5518 5 29 6 29 
30 20149 19283 31 5243 6103 5947 17605 5 7491 31 16192 6103 28 6 7730 4 20149 20402 15678 20463 9943 4 8443 16429 7509 20463 21657 17324 22327 18481 6075 1393 20463 9942 28 20402 15576 21371 5 9193 4 20149 18533 16429 7509 20931 10901 4 17629 16429 21371 7509 20463 20739 5 5432 4 1616 18498 20738 654 20402 12423 4 20149 4843 4766 31 10901 18498 7847 9193 6075 13909 21409 5 19772 29 6 29 4 29 5 
9533 7730 665 5 31 16192 6103 20304 7491 6 832 20293 7850 20304 28 5 29 6 29 5 7847 15658 7491 6 832 7850 20739 5 12861 20402 14241 5 23135 20149 827 7850 20304 5 15658 11862 15678 18498 349 23135 17304 20149 827 7850 1114 4 7850 2031 4 7850 19898 4 7850 17304 7730 7850 9913 6103 28 5 9901 4290 6103 835 18476 12861 15770 4 17324 11284 22463 11020 18937 8840 17438 23135 7850 6014 5 28 29 6 29 
18990 31 6820 5 20402 16126 7730 16915 5 31 28 7491 6 8386 18498 15678 17877 23016 16404 7850 21662 31 10547 7730 10795 7914 23135 16912 5 9193 6256 18498 8956 17889 5360 2136 18498 31 16912 20149 6728 4885 4 7730 6592 18498 20149 21858 11474 6103 3952 13861 4 6103 12524 4 20244 15425 17406 10296 5 28 29 6 29 4 29 5 
31 5288 7509 3952 20402 22463 17889 13347 5 20293 18498 21582 9233 16066 8611 7509 7181 7509 22942 4 12702 15678 17889 4 2087 15576 5742 7730 7850 22821 201 4766 22463 21743 6103 20739 740 17106 15678 21743 12764 4 18498 340 31 15404 7730 31 19200 5 
18476 23135 4915 31 5228 9172 7509 6731 7509 20463 3952 4 9743 14466 15965 7509 21743 5254 9743 18498 9193 14335 20357 14425 7730 20402 9790 13909 15965 7509 21743 21847 412 22564 12861 16404 21859 13909 20256 31 22318 5 
23135 19900 18498 8995 1005 18476 4785 31 22805 31 15256 6103 28 9193 350 817 7730 5150 7730 7850 4475 7509 22942 1427 20244 20357 5 
20149 23135 8995 8241 17877 15459 9314 14924 4 15658 16836 17438 18498 9193 0 5 7914 22897 7384 4 16836 6 15678 18498 23135 18533 18498 9193 1540 0 5 8443 5108 7914 28 7730 20202 9743 15678 18498 20402 4179 5 23135 17629 16913 4 6103 14881 18498 4 18476 21596 9790 31 23167 6103 28 4 18876 15678 18498 7847 17973 5 15658 6820 5741 20 21 
21 20293 19900 20 4346 18855 12353 
28 28 28 28 4 28 3996 4 28 28 7730 28 28 21 
21 26 20 26 29 4 29 0 0 20 20 
288 18498 13055 17511 22782 14604 14676 6103 7726 20 
27 6 21 
21 24 28 20 20 20 20 17872 201 20 
15658 9743 13909 12861 1095 21 
21 23050 26 6103 28 7730 7509 16373 27 
10606 4 4796 20402 3058 8995 4766 23135 20 
23151 20293 21 
21 7730 11462 20402 7127 6103 9956 4 4766 15678 12979 13909 13520 6103 28 20 27 10796 6103 471 
21 21 17458 16673 11066 20402 20007 21 21 26 5 29 6 29 
18498 17511 1027 3450 7127 13909 15678 15576 18195 5 5 5 21 
21 28 4 15678 17226 16816 8 29 21 
21 9193 9634 4 9193 22942 20 27 
1027 8 29 21 
15708 10606 20 20 
21 12787 20 
1027 13909 18498 2358 21 
21 9193 17831 20 20 20 
23135 20402 9193 18704 5 662 31 28 21793 15678 28 16673 17869 6103 20402 12787 5 
28 3996 6 31 12787 13909 22765 3872 4 13512 7730 12094 6075 15190 5 5 5 9193 10854 9726 27 
28 28 6 31 12787 13909 15604 18498 18533 22057 20402 7692 4 7850 8377 4 20402 11875 20 17324 20931 7624 20402 15138 13905 20 20 15576 16332 9726 27 
9193 1027 15138 23135 7730 4796 9193 20293 7491 4 15678 13727 6103 3450 22463 7914 14604 5528 20402 12493 5 5 5 
16378 10259 14150 21 
21 15678 6398 6103 4913 7730 22782 7509 30 7509 28 20402 6 9328 4 20311 20 20 20 27 
15138 15708 16673 14149 17737 16972 4 9901 15138 9808 4 6103 22821 8 29 
13591 6 15678 17304 7509 11600 4 17438 28 28 19403 12736 7509 26 28 21726 5 21 
21 18533 20402 4796 5758 4 22318 1027 16673 18498 20402 5 5 5 23151 31 28 
1114 13909 20584 20402 6103 22463 5758 9193 17831 8 29 21 
27 
21 9743 3790 6103 19671 10765 20 20 
1097 8810 6329 17872 9193 21 
21 1247 21189 16404 9193 22695 13512 20 
28 1027 23135 1095 21 
21 1095 4796 5219 20402 22385 13512 0 0 0 
1027 23135 20 20 20 8 29 21 
21 9193 15253 20 20 20 27 
1027 23135 4 8995 13512 7850 9873 8 29 21 
21 21739 12787 7730 15253 20 20 
16378 10259 27 21 
21 22463 11020 11454 20402 9790 6103 11020 6474 18498 20402 5204 4766 11020 8747 4 10211 6103 11020 20826 7730 22986 6103 22463 11020 28 5 21 
18498 20126 20 20 
21 8956 19592 17629 20402 19815 20 
21282 288 27 5333 13909 13512 21 
21 28 13512 20 
16378 10259 20 21 
21 28 4766 15678 1097 8810 13575 8810 20 20 27 
1027 23135 20 21 
21 20149 9193 20402 2136 15678 6014 
13761 8995 
20149 9193 20402 31 17943 7509 14133 
21371 8995 
20149 9193 20402 1393 13909 8713 13727 
14335 8147 
15658 11284 4796 8611 
7509 21680 15855 5 5 5 
20304 22318 14335 20818 
7730 14335 5174 
22318 19900 18476 6246 7730 13398 
7730 13359 14604 16719 
7730 18476 15855 17872 6389 6103 9193 
9193 20357 14378 
17438 22385 16603 18498 20402 
7730 14335 1788 5 5 5 
17438 12861 8995 1614 
17872 22318 16630 16802 
7491 18498 15658 20402 15299 
20244 22318 18059 
20244 15678 21680 1114 
9193 15658 5219 23104 
9193 15658 19547 14335 9193 
15678 21680 8908 
20402 22327 18498 21596 
20402 15678 18498 9193 17629 
9193 15658 5219 20304 
23104 20244 21680 1114 
7730 31 22318 17743 20304 
18498 14335 18443 6103 18376 21 
1114 7509 21739 8 29 
21 4796 9193 1027 9010 17831 5 
9193 28 484 9726 20 27 8 29 21 
21 9193 18498 15190 16753 15658 28 0 0 20 
9193 1027 22318 22805 4 8995 4766 20126 20 
13512 21 
21 31 13909 13909 5 9193 17831 4 1095 7730 12787 20 
1027 23135 20500 8 29 21 
18498 1114 20402 9010 0 0 0 0 0 0 8 29 
21 27 
28 28 30 21 
11429 6 20402 14999 20244 20402 14996 20 
21 27 
10765 4 
20402 12226 15658 13325 7509 3265 15658 20402 0 0 27 
28 28 4 28 28 4 28 28 4 28 28 
28 28 21 
21 9193 20402 21739 14539 20 20 20 20 20 20 20 7730 6097 0 0 27 
3058 7127 20 1027 15138 8 29 21 
7730 11462 20402 7127 6103 19768 4766 31 10696 8 29 
21793 15127 7102 20293 15770 7850 14487 5 20931 10211 6103 16721 7070 20931 10211 6103 20357 7730 15678 18498 23135 20357 12287 20931 10211 6103 636 20 
21 16200 6 9404 7730 5782 7509 7766 10883 4766 15678 7280 9360 7509 10116 4 28 28 5 
20402 15138 3058 20 20 
28 26 15708 16673 18894 14149 6 21 
21 22327 17304 15324 18498 9193 10252 20 20 
5893 78 16404 4809 31 20247 21 
20539 5 27 
21 7847 5360 20402 3058 4 7847 5360 20402 28 
17438 21793 20293 20 20 18476 22327 1393 20463 19030 4 21582 7850 5446 7509 5431 4 13330 28 20402 3058 5 31 4475 1393 15576 19030 17304 15128 4 15678 8995 7509 15576 5528 17304 15128 4 9193 28 16866 15678 14539 4 7847 15658 15128 7730 17438 21793 15678 20293 7847 20402 3058 5 7 21 
23 9193 2336 13512 5 5 5 13909 13688 7730 7451 6075 15190 20 8 29 
27 
21 27 13909 21801 7730 1114 20 20 9901 6103 3058 20 
3058 7127 6 6103 7 21 
21 28 28 4 28 28 7730 28 28 
27 20402 12861 17919 0 20539 16066 4524 0 0 21 
21 23570 1840 20 20 22657 31 13311 7 
20402 3058 6103 7319 4 9193 19854 16404 1676 5 17107 740 16404 15128 6103 11644 5 21 
28 28 27 
21 21 21 7509 22232 1393 18511 20402 1453 22463 16468 5 17304 5269 4 7850 13905 4475 4 18498 22463 15299 20293 6146 15678 13905 350 21 21 5 
28 28 5 21 
21 28 28 4 28 28 28 
20402 12861 17919 0 27 21 
21 16721 0 19089 0 15658 20 20 20 6075 15138 21932 20 12780 22602 15678 9021 5 20402 22385 13909 10544 5 7730 23104 1393 15190 7509 12657 5 
22805 7850 21 21 16721 4 20402 11115 21 21 5 21 
21 8956 22133 7509 1840 4289 6103 23014 20 5371 18525 0 18263 16673 15727 7509 11884 4 19525 15678 18498 16721 20670 13908 16683 5 22657 31 19094 7 
31 18006 6103 19039 7509 13908 16683 4 18498 23206 9132 15658 3697 6103 6355 4796 18006 12206 16404 4774 15678 5767 4 17304 20402 22886 4 21371 4 6103 16083 10211 5 22087 4 7850 3962 4 6103 5041 7677 18525 13055 20402 18304 4 6670 15678 28 4 17438 22463 20709 18498 15658 15812 7804 4 20127 4 14994 7730 20015 7205 16404 31 13907 7509 17436 5 18498 9343 7730 15658 1129 31 13905 16440 7509 3172 7850 278 1393 19283 4 15658 16587 18498 4 13667 6103 20402 17297 4 8995 8406 31 7118 13905 7766 7509 15190 5 16066 20402 4 15458 20352 6103 22989 4 31 20709 18533 18304 18525 7847 51 7730 15952 5 21 
3058 7127 7 
21 23554 16169 7509 2287 20 
16375 17872 22942 12526 1027 23135 21739 28 8 29 21 
288 18498 21282 6075 4179 31 16440 7509 11590 27 
21 29 15266 6103 1103 18498 16393 1249 20 20 
1027 23135 1095 8810 27 21 
21 17191 6103 10765 18498 1027 15138 20 20 
28 21768 30 27 8 29 21 
21 15678 11875 
20402 17872 18525 15658 21596 22463 20825 
7730 15658 5739 18498 16673 10547 22327 20402 3735 
11961 
20402 17872 18525 15658 21596 15678 7563 
6103 22020 6684 7914 17406 17872 4289 
7491 17872 22942 9193 20402 13909 9193 
7491 17872 982 2371 12780 9193 
10068 22768 7850 15256 6103 28 
12780 7914 10366 15678 15190 20402 20463 
17324 20402 31 10547 18498 9743 15678 11341 
15855 17872 6389 6103 23135 
21282 18779 18525 5284 11617 
31 10765 15344 17872 22773 
11742 
20402 18525 9743 6103 3450 13749 
22463 6240 17872 10258 794 
12714 
20402 18525 15424 16721 7914 6820 
9743 7509 8865 21970 17872 4289 13761 
15678 17308 20402 20539 15678 21680 13727 
14780 7850 982 8443 17872 5204 
15678 17308 20402 20539 15678 21680 13727 
20402 31 10068 18498 12780 31 22463 13727 1393 20749 
21 
1095 8995 4766 20126 6103 23135 20 8 29 
23135 10959 6103 23135 0 
21 9808 1247 15253 20 20 
20357 22463 835 11758 17438 13909 22463 1249 6103 22942 18498 15678 20304 9193 4980 1393 20463 13131 5 
31 20304 20244 7728 20402 31 14425 15253 18498 9193 17304 21596 4 20293 1121 4 6184 4 11156 4 15138 5875 4766 15678 9943 27 
15658 11284 15299 18498 6650 15678 18498 20357 18476 8995 1393 20463 13131 4 23135 20402 14604 17478 20215 4 18476 31 4672 15658 12780 2727 16066 16393 18498 15299 7509 4179 4 23135 20293 8995 879 7509 14604 13131 4 14335 6075 10268 4 9594 21 21 12780 6075 22327 4179 21 21 9193 368 7914 23135 20 20 
22327 18498 9193 20402 11462 20402 11066 31 20304 7730 9193 9743 6103 22327 16404 20293 22318 11514 7730 20402 22463 9942 14425 31 3450 7127 5 
21 21 15658 5219 12780 991 7509 21680 15855 
22327 15678 18498 9193 5219 20402 11731 
31 19695 18498 9387 6389 6103 23135 
15678 16067 9193 5219 21282 452 
9193 22318 15855 9193 17511 31 28 472 
20931 910 20402 22463 2727 18498 15643 8448 21 21 
15253 23135 20402 9193 18704 20 20 9193 22318 1027 15138 8 29 8 29 
9808 1247 20 20 21 
21 4796 7491 31 13576 4581 4 8147 22463 1095 20402 22463 14668 7730 22463 3369 5 1027 23135 20 20 7957 11284 871 22157 15658 20402 27 28 22821 951 22157 835 26 21 
21 17382 3172 4 1540 4766 31 28 20 20 5 
8329 7850 28 15678 17960 6103 13301 18498 1133 31 17517 6103 21612 6103 15256 6103 15704 16404 31 2061 7509 8057 20402 1570 7850 5993 7509 6428 7730 20202 654 16404 15678 20299 4 7850 28 8956 14860 6103 5413 20402 17958 31 16440 7509 1249 18498 23016 5 
6103 352 4766 15678 28 15678 9971 7509 21612 20402 22463 11020 15995 16404 15678 20591 19867 4 31 18103 15658 2156 31 15816 6103 8051 7850 16587 4 1393 14539 21551 18498 19038 31 1769 6103 11857 7730 21371 7235 20015 7730 2750 7509 21931 4 4796 10548 19275 7730 108 6103 9971 6103 1249 5 15138 8057 21606 15658 18920 5422 17799 7730 7914 3962 6103 305 20463 8051 9901 20244 19283 4 373 15678 20590 5 21 
27 
21 16721 0 19089 0 15658 20 20 20 6075 15138 21932 20 12780 22602 15678 9021 5 20402 22385 13909 10544 5 7730 23104 1393 15190 7509 12657 5 
22805 7850 21 21 16721 4 20402 11115 21 21 5 
28 15481 5 21 
21 28 6103 28 13325 15138 6103 23135 7730 7509 28 27 
14335 8793 20 6 6 21 
21 15678 13923 15658 8995 19519 1393 11154 16066 1393 4475 7850 18470 16971 2131 20663 5055 6103 4651 9524 5 11462 4 7847 20149 19604 4766 10385 7850 12413 7500 7148 7509 20739 7509 16083 4 7850 11988 16066 18988 6103 4918 7730 7850 6679 6103 5426 31 17857 875 5 31 13948 7730 31 14772 28 20149 15775 15325 18498 5241 4951 7730 2497 7850 22942 5662 5 21 
21 15577 19703 1027 8956 15286 
15671 20402 15678 15190 4 15671 20402 31 5758 4 15671 20402 1612 18498 9743 22463 7127 11710 5 8443 4 12780 20149 7512 20 20 
1114 20402 22327 18498 31 10765 17629 20 8 29 21 
21 15658 11284 15299 14425 16404 15678 11474 7509 18498 20402 9808 7730 17599 15678 2727 8329 23104 5 
28 29 6 29 21 
21 28 22942 13688 27 
16323 16673 5204 20 7 7 21 
27 
21 9193 21282 288 18498 28 4 31 9193 7730 15678 15802 7509 28 7102 6820 6981 11154 5 
31 20063 7850 14604 17406 6103 22886 4 15658 12780 16928 28 31 5446 15678 12506 20372 31 6409 20931 1694 7730 8120 15678 1987 5371 15678 20753 22420 5 31 28 15658 16393 15424 22463 17556 7360 31 6820 7509 20372 7730 5360 2128 4 2092 6075 4 7850 5129 7850 21639 22420 5 
31 28 15658 20149 12650 5 31 9193 15658 19363 22463 1077 4 17324 7847 740 6400 2625 7509 28 6 7847 10795 4163 6103 22463 21649 7509 8208 5298 7850 28 7730 20402 19483 17438 20559 29 4 29 7509 9453 6103 22829 7730 29 7509 6103 10433 22985 7509 9193 5 21 
21 28 28 30 15855 21282 20 20 
9743 20931 18394 13761 7850 28 6 6103 6 6103 27 21 
21 31 11020 9634 20 
18498 20855 31 9193 28 3996 4 28 3996 4 28 28 7730 28 28 6103 21596 15678 28 28 7730 31 28 3996 4796 15576 16169 5 6 6103 
1114 13905 7509 15190 8 29 
18197 5 6 18498 20126 7509 14604 3388 6 21 
21 28 15855 15678 18498 9193 8147 
14604 2689 5741 20 27 1027 23135 20 21 
30 18563 27 15658 19900 17458 13909 13325 6103 23135 20 27 
6 
21 28 28 28 7730 28 28 
27 21 
21 27 
12254 22821 20 6 21 
21 15658 11284 13909 17668 20 27 
8 29 21 
21 20015 15270 16404 22120 6103 20402 28 5960 4163 6103 18610 29 14676 1393 4656 18449 7914 29 5 
20402 4 8995 4179 
15576 16587 20402 31 3962 7509 15253 28 14539 20 21 
21 31 573 7730 22179 18498 16468 1614 4 12894 12780 20149 4843 4766 31 10901 18498 11284 6103 20149 19604 21 
21 4732 1393 13131 6072 18498 20825 4766 22463 15190 13591 7509 14378 4 7509 7594 7730 7509 1220 4060 16673 23014 4 16673 17635 7730 16673 12657 5 21 
21 16323 23 20 20 20 
9193 23135 8995 9901 15138 22765 6 9193 740 20539 5360 13512 6 6103 27 
9193 28 4 9193 22318 1027 15138 4 23135 15658 17629 9901 4766 4499 4 7730 7491 18498 20357 20126 6103 18476 9193 22318 22790 27 23135 20402 4 7730 20293 20402 873 15138 8810 16404 9193 4 9193 15643 4 7914 14924 871 6256 6103 22318 452 7730 14335 8832 7914 23135 5 5 5 5 7914 871 4672 8995 4 15658 20149 20357 19703 5 
9193 22318 6679 22327 6103 14425 4 18498 15678 20463 20826 7730 17962 20149 18779 6 
7730 18498 23135 5360 18028 3450 7127 13909 4 9193 10530 447 4 20402 21284 20500 20 20 
2702 4 9193 22318 1027 20 8 29 
9808 1247 3415 21 
21 20402 22385 22223 31 18774 3170 5 15138 4766 21389 4 16083 4766 15299 5 
18784 15658 16468 6103 4419 6103 16296 5 15424 21793 18498 8995 7850 19856 4 8995 15423 17438 4060 7509 7645 5 31 22898 4 9193 9901 14335 16836 4796 871 20402 11578 4 20149 20402 18498 20402 4 17304 20402 22385 10637 7730 7828 4 31 17406 6103 21752 7509 16971 15678 17556 18498 17520 5 20402 21389 7046 4 5614 4 11857 7730 17807 21083 951 5 7730 21793 8956 11857 4 16404 15658 21596 15678 7277 3365 6103 4416 1901 5 
22463 14995 6103 28 20402 13909 7509 18498 22463 20402 6560 4 13900 4 1075 7730 13923 22886 5 20402 31 18069 7509 3954 6103 4416 6103 21793 22463 16587 4 15894 22463 11758 18478 6103 10657 15658 19969 7509 16296 7509 28 5 8840 18498 7850 10530 15678 14995 6103 28 20402 22886 4796 11462 22805 15678 8672 20 
6 6 21 
21 22463 22942 20244 6474 15658 22657 31 16689 20402 23104 5 
28 21 
21 8956 3790 9594 22327 20 
31 7804 18449 7509 8361 10476 7730 15260 8995 22463 22834 4 22463 11020 16208 5 871 8632 15424 17931 16404 21793 31 14307 21596 20 15678 970 20402 13439 17596 21793 15678 28 13909 4099 17438 9620 6103 17931 5 
22463 3058 16440 6103 12979 7730 468 6103 11462 7914 7127 4 15658 16721 7914 17769 22463 22882 4 15658 21596 1066 17438 866 14425 5 
288 6329 31 16440 18498 28 28 19487 21 21 15678 8062 15658 16765 31 5228 7384 16404 31 17919 17438 9620 6103 21931 18472 4 15678 7589 6103 12971 15658 16765 18498 9901 20244 13310 5 15678 28 12526 16784 21 21 5 9312 12861 20 
18498 10982 20402 8956 4 18498 15658 6362 11868 16404 866 22385 11885 16404 20709 6 31 7804 6103 18471 5 21 
21 13909 21801 4 17438 9721 20 20 
22773 31 12657 20402 22463 7509 13905 6474 6103 22463 20709 10883 4 7850 18470 15678 16083 4 20293 6219 17438 22463 11111 4796 15678 21 21 16083 21 21 4 21848 23068 7730 22040 6103 10211 18772 7730 23040 17438 21793 15678 4156 17521 5 31 18511 6103 2595 10555 7730 20713 4060 22463 9456 13905 1393 7442 5 5432 4 31 2595 11658 5360 5 15658 20402 1453 5897 4 13055 18498 18475 2060 5212 11570 20402 5896 5 20402 2595 11658 4 6103 5652 4 10547 4 21942 5 
22805 15678 16083 4796 7174 15658 20402 22463 17877 5 15658 238 31 7442 4 15398 15678 16083 17438 20402 7174 4 9010 20402 15678 11020 17406 31 20402 4774 5 7730 4 16404 14604 21539 4 22805 18498 31 12657 20402 8361 4796 31 23577 9845 23579 7850 4774 1393 12657 5 31 11154 6103 21793 5371 21793 20149 21858 17521 7850 14924 7914 18498 21793 21810 5216 6103 22463 9388 10883 7730 7445 4 9707 18498 20402 5740 15458 21264 5 31 15127 6103 16328 20402 10476 15458 14924 6 15658 8995 13909 7850 21264 30 4 16568 7914 22463 11637 6103 20665 15291 18627 7 15658 8995 13909 7850 21264 30 4 16568 17438 22463 11644 6103 20634 20713 15939 5 8995 7850 21264 23343 6 22463 21264 18498 7102 20402 5284 31 16440 7509 15623 6103 18498 15678 16083 20402 22463 20402 11570 5 15658 1471 6103 20931 7178 5 1393 5431 4 7847 20402 22463 20402 11570 13042 16673 20931 7178 5 
7839 22463 16296 10476 7509 7801 7850 21264 23343 5 5 5 15678 8360 7509 21801 5 
28 15481 21 
21 13055 18498 12780 6361 17872 28 3996 14335 6075 22463 28 4 15678 12939 20402 482 22463 20 27 
28 13512 20 20 1027 6329 8 29 21 
8 29 
21 9193 20402 1409 17438 8956 10273 7730 12780 17525 6103 15604 20 27 
1027 13909 18498 2358 8 29 8 29 21 
21 15658 19440 7914 14156 23135 20 27 
17836 23135 28 28 9193 19900 1095 20402 4273 27 9193 20402 16404 15678 20463 2727 7 21 
27 20402 2727 12861 14539 20 
21 13688 4 13688 20 20 27 28 8 29 21 
21 1095 13512 20 
1027 23135 8 29 8 29 21 
21 17147 18498 15658 23104 20244 20 8 29 
23151 13640 4766 31 9193 4256 20 20 27 21 
3962 6103 15604 30 27 15577 
9901 16404 22305 5 5 5 
21 20402 2727 23016 29 20 20 20 
20402 22463 1249 6103 15138 18780 7730 5204 29 21 
21 17629 20402 16126 4 9193 15658 1393 17406 6103 16784 15678 6679 7 7102 20402 1271 4 9193 15658 1393 17406 6103 15658 19900 8840 
28 28 21 
21 23 16169 15678 16659 18498 9193 16647 20 20 27 
21 21 1612 18498 21596 16135 21596 30 6679 21 21 6 16404 21 
21 11742 
20402 18525 9743 6103 3450 13749 22463 6240 17872 10258 794 5 
12714 
20402 18525 15424 16721 7914 6820 4 9743 7509 8865 21970 17872 4289 13761 
15678 17308 20402 20539 15678 21680 13727 
14780 7850 982 8443 17872 5204 
15678 17308 20402 20539 15678 21680 13727 
20402 31 10068 18498 12780 31 22463 13727 1393 20749 21 
18498 13278 6 6103 27 
28 28 15855 12861 20 20 
21 10700 8 29 
9808 28 6 21 
22318 1027 15253 17307 8 29 
21 2336 13909 10696 6075 15190 8 29 
1027 1027 8 29 8 29 8 29 8 29 21 
8956 10273 9901 22385 13512 20 19703 8 29 
21 5947 27 
7157 7509 7127 5 21 
21 21739 7627 8 29 
10273 21752 7850 7127 7914 18498 31 14464 20149 21858 12714 7850 15039 26 27 21 
21 18476 6592 18498 163 15299 20402 6222 4 12027 31 22942 4 4915 31 12696 7509 15995 4 31 21803 7509 7363 4 31 9138 7509 10653 7730 31 12031 7509 21804 15243 5 5 5 21 
21 10765 4 4796 20402 19395 8956 16971 18498 288 18498 20813 15678 17406 6103 22886 6281 20402 15678 4179 7730 18498 21793 31 16083 11644 20402 22463 3119 5 
18476 20402 18498 12780 5219 8386 18498 15671 20402 22495 0 
16098 15138 11091 17438 9620 6103 19456 4 9193 15678 11092 15658 2046 31 18191 23180 4 17438 15658 17599 15678 18498 11091 20 21 
21 28 20402 3058 4 7847 20402 3058 5 18476 22327 1393 20463 19030 4 21582 7850 5446 7509 5431 4 13330 28 20402 3058 5 31 4475 1393 15576 19030 17304 15128 4 15678 8995 7509 15576 5528 17304 15128 4 9193 28 16866 15678 14539 17438 21793 15678 20293 5 17438 21793 15678 20293 7847 15658 15128 7730 17438 21793 15678 20293 7847 20402 3058 5 21 
8095 6 15678 8 29 
18253 7509 21423 8 29 
21 871 16971 23133 23560 7730 23014 5 20340 308 6103 22327 7730 6103 21793 4 20340 18044 17438 22463 22406 4 22463 20675 4 22463 11326 16066 22463 3858 18449 5 17495 8918 4 18498 20402 22463 8406 29 4 29 2848 6103 12186 4 16932 31 22463 23577 8905 4 8406 16083 22310 14676 6103 8905 4528 4 18498 23104 7914 22463 17230 4 18498 10855 7914 21858 6103 22463 9093 4 18498 20402 22463 8406 29 2848 6103 9094 18498 4897 22463 10625 4 18498 20402 22463 8406 16083 29 2848 6103 10625 7914 22463 7509 22520 17521 5 
15643 20149 20357 21121 31 15502 4 15658 22092 16971 6103 10211 7174 5133 20931 17509 20699 16066 5133 1616 18498 17304 15812 5 
1027 15678 18195 7 21 
21 15855 26 1097 7730 17931 2570 4 1755 7850 28 22602 8956 416 12695 20 27 21 
21 22463 7127 4 7914 22463 16468 15658 22385 7396 4 15658 11284 13441 5 11474 15658 20402 12787 5 9193 15678 18498 15658 20402 5241 4796 11686 4 15678 18498 20402 22092 4796 12256 4 14162 7730 3702 7914 22525 5 17438 23206 22898 4 15678 18498 20149 565 4796 21121 4 4796 18328 7730 20304 4 21582 3532 31 23180 7730 15678 20826 6072 18498 1393 19030 6103 20463 18303 22886 11082 5 18303 9193 18470 7102 11284 13266 6103 10347 5 
7847 15643 6820 5 
11462 4 871 740 23133 23560 7730 23014 5 20340 308 6103 22327 7730 6103 21793 4 20340 18044 17438 22463 22406 4 22463 20675 4 22463 11326 16066 22463 3858 18449 5 
6202 31 15041 4796 20149 7847 20402 20622 6103 22942 4 7369 31 23014 7914 15540 7509 16580 4 5150 16404 18498 20931 14487 15658 20402 6592 5 
17495 4 31 13749 15658 20402 22110 4766 31 1694 5653 22602 16673 18498 15398 1393 18195 31 5055 6103 11570 5 15658 4807 15678 14539 8564 5 31 23014 4 3962 20402 22602 4 20402 1995 7509 15256 18498 6439 20044 11284 21389 21551 18498 13055 15658 20149 11888 4766 31 12794 6103 20931 2367 4 9605 7730 11644 5 
8060 31 16192 6103 22463 3718 26 7509 23523 7509 11154 4502 28 29 4 3702 16673 15416 6670 8443 4 3702 17438 21793 18498 8995 17737 7914 29 29 29 7730 18498 16098 22463 11474 4730 7914 16192 15678 20825 6103 15138 6103 15671 5 740 21596 8956 20825 5 7317 23005 6103 16412 15658 9193 1966 5 1453 20444 4796 10192 6103 10268 16404 5360 368 18498 15678 20825 15658 20402 11875 5 4732 1393 13131 6072 18498 20825 4766 22463 15190 13591 7509 14378 4 7509 7594 7730 7509 1220 4060 16673 23014 4 16673 17635 7730 16673 12657 5 
28 15481 21 
21 28 26 26 20 20 
30 3526 7730 31 1095 27 
1027 23135 21739 28 8 29 21 
21 21 21 654 4 17324 4 16866 31 10547 4 31 8838 7730 15678 1114 4 9010 22310 4 9193 15678 13905 6075 20402 15678 1114 21 21 5 
23 9193 12780 20357 15138 20126 20 20 
9743 2287 20402 22463 9422 12094 4 20402 15138 3058 5174 16971 1920 4796 23135 4 18498 8474 991 4 7509 20463 6684 4 991 7509 18191 9193 7730 20149 7545 16404 16083 16971 4 21582 761 6103 871 10211 4 20244 10648 15299 7914 22240 5 4796 20420 3058 20149 7850 15190 11284 13909 16971 1920 4796 15678 17931 7509 2287 4 7914 22385 17556 21551 23135 5219 9193 15061 15678 18481 23135 20402 14149 7730 6933 7914 15671 22463 8322 453 17438 21793 4 20244 9336 20 20 15741 5 8995 9620 15138 10765 7850 10273 27 
9193 8235 4 12780 16367 4766 8956 4343 15658 20402 0 20 27 21282 18533 6256 19140 1614 9193 11036 7730 453 17438 21793 7509 5942 6103 9634 2287 12027 16673 15576 21739 28 28 30 18498 21371 20402 15576 22301 27 
1097 18498 11139 16404 20293 8 29 21 
21 3267 28 28 28 28 27 
1095 13512 8 29 21 
21 21 21 31 22823 14370 7509 1114 20402 15658 21596 14370 21 21 
20060 28 21 
21 21739 2501 4 
20402 15138 3058 5459 4766 23135 20 12780 20357 20126 20 20 21 
21 9604 15658 20402 22463 17877 5 31 9604 8361 5 5762 22463 10796 20244 6275 9604 20402 11810 15678 6731 6103 20931 2242 4 6103 20931 3726 6103 11905 7148 7509 12221 5 12221 6 3802 10476 7509 22942 5 13640 4 15678 14378 6103 13895 15576 9943 1393 9470 1393 9604 12216 1393 17889 6103 1006 11810 18498 7847 5741 7730 22202 20463 18191 3611 5 
1027 20402 7802 5 7802 20402 8361 4796 20402 2270 4 4796 5284 20794 4 4796 23104 7914 22463 20709 15894 15678 16083 15658 20402 22463 5021 4 873 17106 18498 7102 20402 7017 4 9193 20539 873 4766 18525 17304 3610 7730 5284 22463 10530 5 
538 7509 5758 31 17517 7509 9604 20402 4 15138 22898 4 15658 17721 16404 5741 4 19522 7914 22463 10796 12242 18498 15658 19900 13471 4766 15678 13494 6103 22463 22942 498 7914 20709 5 
18553 11861 5 31 10796 23351 8995 5741 4 8448 5 20402 18498 8995 1005 0 
28 15481 5 21 
20244 22834 6329 8956 3439 20 1027 8 29 
5 
1271 16404 15678 15576 7127 1022 14464 8 29 
28 28 
28 3996 9193 15424 22318 1027 20 20931 4273 8 29 8 29 8 29 
27 
31 22942 5 7847 15658 8995 10544 17872 15502 5 
21 31 9634 20402 31 9193 19695 20 
1027 23135 20 21 
21 20149 28 20402 16753 15678 21036 16404 20402 8386 4 7847 15658 20420 11020 15678 21036 16404 20402 472 5 28 26 21 
22318 1027 15253 17307 8 29 
21 12856 0 27 21282 20149 20402 7850 13291 4 7850 18103 23104 13909 7914 22463 20709 4131 20 22223 19645 5 21 
21 28 28 4 28 28 7730 28 28 
22805 8956 19349 20 21 
21 14813 5 10183 20 
14482 1612 7594 7850 2601 18498 23135 21596 18476 8995 4766 10183 7730 15658 8147 15678 18498 2723 5 14482 0 20 654 14482 8956 7594 22463 22942 12526 20 
9193 15658 15036 6103 1115 16673 28 4 2136 17458 15658 23174 15423 20 9193 4766 21389 23299 4 19653 18498 21596 15726 7850 19415 20699 4 9901 16721 4 19089 4 16967 7730 5 5 5 19450 4793 866 20670 12861 5 
23135 13055 16367 17872 16721 31 12763 5758 7730 468 18498 13055 21596 18498 16367 6103 9130 16404 5421 7850 21225 7509 3962 0 21355 9193 7730 23135 15658 19900 4796 20402 12861 4 560 4 21596 31 15941 6103 10377 31 8632 4 5174 1612 16971 3086 4 15576 1097 10141 5 8235 4 21596 22463 3962 18191 4 22463 13194 4766 22463 3590 18527 16404 7599 5 15658 19900 15678 18498 20402 16468 28 7730 15266 4766 8956 26 7594 7850 2601 17438 15658 21596 15678 18498 4796 4 2371 1421 22463 10606 18498 20149 288 7850 7277 6103 13010 31 16971 13909 11581 17438 23174 7850 18250 5 
15658 17304 15398 18498 31 10183 7730 16083 6981 4672 4491 308 4 21596 7235 5242 4 20402 4524 18498 740 9387 4 9193 15658 7850 14539 18010 18498 11284 21551 2116 4 21596 15138 740 18498 13749 4 18055 7730 5204 4 9193 15658 21596 15678 7277 6103 22092 20402 11578 4796 20149 15658 20402 20402 11578 20 
20149 13480 20 15678 23174 20402 12178 4 20402 22495 7730 15658 22500 4 21793 21596 20463 18166 7730 5371 4 3391 31 23135 7730 20813 23135 8637 15678 18498 20402 14425 7850 20931 23067 5 
2702 7 21 
21 31 2717 670 1393 15860 4 9193 20402 31 7624 7509 2367 18498 8095 31 910 5 21 
21 15604 28 4 22463 16587 18498 740 12780 5174 20 20 6 6103 21 
21 14604 4 15658 7509 17872 368 20 20 18476 23135 288 18498 13055 22805 6103 22327 5 
18498 9709 9312 11810 18498 8956 16971 8406 7850 22516 18449 0 20 20 
12780 5762 5658 16404 31 13900 4 10943 4 5548 27 21 
7 
21 31 23167 6103 20149 17714 21596 18498 20402 13905 18498 31 23167 6103 22773 5 22773 20402 5227 6103 3058 17718 5 
28 21 
31 7804 20402 15678 21535 4276 16404 14426 22463 16587 20 
16323 20 20 20 
21 27 5947 
22805 12861 28 28 30 20402 21743 22463 15039 28 20 21 
21 28 28 
15678 18498 29 3827 6103 15256 6075 8995 9743 4766 29 11380 7850 11685 0 21 
21 18533 23135 368 18498 5219 9743 22463 4672 16066 15658 4 23135 8995 4179 5 21 
7 
21 4372 30 4 20402 23570 20 20 21 
21 20402 19395 8956 3665 21056 21793 31 4417 4766 8956 16296 5 21282 288 18498 3450 22463 6318 7850 9975 7509 7861 7102 16647 22463 22722 4 7730 19932 6103 13600 16404 13501 21793 4417 20 20 26 21 
27 
21 21 21 31 19695 6103 22463 15382 20149 14370 16673 19695 7509 17563 7730 15658 16673 19695 7509 18165 21 21 
28 28 21 
21 23174 28 28 28 27 
9962 7850 9193 19007 27 21 
21 26 20539 4 28 20402 16083 15669 20 20 21 
21 1097 15138 8810 20 20 
1027 15138 23135 4 20402 15138 3058 14265 31 20126 21 
15253 10696 20 20 20 1027 15138 8 29 
1115 7509 9193 22942 20 
21 16292 10696 4 1027 23135 20 20 21 
21 15299 14425 18498 22463 21409 6103 9132 4 6408 6103 22463 14049 7850 17583 6 23274 21 
15678 7127 12780 20402 18527 11462 29 
17583 20931 13512 8995 4289 20 20 6 6103 
21 21 21 15678 11486 5278 29 7509 15041 23004 6103 9193 5758 5 15678 13243 6362 18498 7847 21596 20402 23231 6103 9484 21 21 5 
22133 7509 19220 9975 7509 5700 7509 5993 15193 5 
1471 6103 23104 7914 22463 16587 21 21 6345 21 21 4 7847 15658 10657 15678 7277 13909 7862 6103 22463 12186 4 15678 7277 1393 22942 5 
8995 17703 4766 30 14539 0 0 20 21 
13512 20 
21 21 21 11284 22463 21551 7914 18498 5758 21535 15139 4 2818 16307 4 1949 18498 15344 7850 13340 3170 5 11462 15678 14975 15344 7850 18774 3170 5 21 21 15678 4419 6103 16296 5 
20402 11952 4796 871 3172 2617 20931 6152 6103 23174 7914 1962 22385 10567 4 8329 11284 12763 16083 17877 7914 15576 16587 16404 9193 17703 4 8329 31 22823 6340 4 1612 18498 11843 21911 7277 11578 4 8995 2625 13667 7850 28 5 
17629 352 20 20 20 20 20 20 20 20 20 
3058 7127 7 21 
21 9010 2371 28 28 20244 14125 4 15658 9743 15138 7178 27 
6472 6 28 28 28 4 28 3996 4 28 3996 4 28 361 21 
27 
21 21 21 22463 14464 6103 28 20402 13909 7509 18498 22463 20402 6560 4 13900 4 1075 7730 13923 22886 5 20402 31 18069 7509 3954 6103 4416 6103 21793 22463 16587 4 15894 22463 11758 18478 6103 10657 15658 19969 7509 16296 7509 28 5 8840 18498 7850 10530 15678 14464 6103 28 20402 22886 4796 11462 22805 15678 8672 20 21 21 21 
21 28 28 4 28 28 4 28 28 4 28 28 4 28 28 19691 4 28 28 30 19691 21 
21 21 21 15658 20402 10544 8147 15678 3610 4 9193 20402 3058 15855 17872 13131 7730 22805 18498 15658 8995 21282 5 5 5 21 21 21 
21 9808 7127 7509 16169 14604 2603 20 20 27 
9193 22318 1027 15138 20 7730 20402 11043 31 28 17438 21596 22318 8637 16404 20402 14604 16169 4 1027 20402 20931 9942 4 16098 20931 11454 4 23135 20402 22463 11474 9652 4 21931 4 7730 16911 7914 22327 18498 9743 5 5 5 16404 20293 7730 20293 15576 11341 24 
28 28 21 
21 22915 16404 20022 20879 
1027 23135 20 20 21 

