20670 31 19007 7509 28 8 29 
8 29 8 29 8 29 
9808 7127 7509 17931 1393 14604 14550 8 29 
31 18339 7509 28 26 14265 31 20126 28 17769 2031 7850 10273 20402 15671 7850 10273 
21 17458 12861 20402 16378 4 20402 5948 4 20402 13690 7730 15138 1103 13532 28 26 22575 15138 1114 8464 21 
26 22 20539 10907 28 30 31 2685 18498 31 10765 17163 
20474 9789 4766 9867 8 29 
8 29 8 29 8 29 
5483 7 
9193 22942 8995 2727 7509 12861 
21 16971 10959 6103 2322 18498 8995 20244 28 26 17438 22463 21551 4 8443 20149 9193 11680 873 15658 20402 17438 13923 7730 18475 4672 11980 7 21 
20149 8995 7188 17872 9193 4766 22463 22886 6981 5 11731 17872 23135 20 15708 7730 3058 15533 27 7 
14425 16378 8 29 8 29 
23522 
21 21 21 21596 1453 7558 15256 7730 15678 20352 7509 15190 21 21 5 
28 28 6103 28 8 29 21 
21 5311 19154 28 9620 29 28 
5311 19154 28 9620 29 28 8 29 8 29 8 29 
21282 9620 288 15678 14182 27 28 28 28 28 28 28 
15855 12861 28 28 28 28 28 28 
28 28 9808 7127 7509 12787 20931 17147 11105 8 29 
21 13055 22805 15138 4672 184 7850 22516 5 9193 8956 15771 4 7914 8810 14335 9743 20357 4796 16721 15138 18498 8995 31 10366 7509 10220 6103 15619 17934 7730 18498 7491 368 7850 15127 5 8956 4229 8933 4078 18498 23104 1453 6103 7314 7730 17556 17944 7914 2367 5 
21 21 15678 970 17297 7730 6103 8632 18449 19440 7850 22575 7730 9743 7509 9193 7594 4 9193 13749 21 21 5 
28 28 12780 0 0 17438 9721 0 0 
13909 22463 16404 31 4711 6 16404 
27 20402 2727 7509 12861 
21 9808 7127 7509 21 21 15678 18498 9193 9743 17872 23135 20402 22385 19646 0 21 21 27 
31 19484 8995 7850 10211 9509 7914 18498 23135 14335 7802 4 14335 8361 31 8241 14604 14378 4 6202 4766 22487 7730 6383 7730 1393 22898 2136 20402 3393 7687 1616 18498 9193 368 7730 14335 8361 31 20202 21793 15678 14604 20826 4 17324 19900 18498 1471 6103 23135 15658 5018 4766 15138 4672 4 19900 18498 12780 8995 20293 7509 14604 13131 5 15708 17438 21793 15678 21154 4 1114 7730 3870 5 9808 7127 7509 16169 8 29 22318 1027 8 29 21 
6 16404 
9808 7127 7509 19735 8 29 
8 29 
21 21 21 3450 20207 20402 21551 16404 15128 22327 16404 20293 21 21 5 28 28 5 21 
26 20 18525 20402 14539 5371 15678 17478 6103 28 0 16393 18498 654 21596 22463 22685 4799 16404 15678 10530 5 703 15678 18195 3784 6 6103 
740 9387 8838 
21 15658 430 12641 14684 4 15658 430 2944 21793 15678 3919 4 15658 430 19038 31 13908 16683 26 6 12861 15643 430 7914 13727 15425 7509 15190 5 21 
22385 9193 
21 16378 20402 16378 4 7914 18475 20644 4 7914 18475 13727 4 31 18475 11518 8 29 21 
9193 21371 21596 22463 28 26 8 29 29 6 
5762 4766 28 5 4766 26 
15138 9193 7730 23135 28 28 
21 8995 3697 6990 20709 13820 4 9996 18498 20149 11862 4766 31 11688 6103 11205 6 21 
288 18498 31 9193 17766 3510 8 29 
10959 17556 8 29 8 29 
27 
21 10959 6103 4854 15678 18481 8956 6086 20402 8810 17872 9193 7730 1920 662 31 21793 18498 14335 6679 15678 13909 20584 20352 7730 17505 4 6103 871 10211 16066 17438 871 14336 6103 4962 5 6086 4796 8956 14335 9743 13325 7509 18481 8995 4163 6103 16971 18533 4 7730 19078 31 12861 14335 13325 6103 22463 10343 18498 16098 22463 22897 7730 11462 14335 9743 15138 20357 
21 21 15678 3058 14924 9387 16404 18498 4 16971 8810 4 20402 9172 7914 15576 5528 21 21 8 29 8 29 21 
28 28 28 28 28 28 28 28 28 28 28 28 28 28 28 12780 0 0 
8458 20931 10273 13909 5764 16404 5022 
288 18498 31 9193 17766 3510 6 22 
22996 8 29 
20126 7509 19768 9620 31 6097 16323 1095 29 
21 9808 28 7509 15253 4 20931 14149 28 28 8 29 8 29 8 29 21 
6 6103 
8956 4127 1453 6650 21389 4672 8 29 
7839 31 22942 6 
4059 7850 19768 8 29 
18533 8 29 
21 27 6663 2371 4 20709 6 6103 21 
22463 17380 18449 13909 18498 15392 16404 21582 20791 22463 17877 6103 20127 18449 6103 951 21440 6103 15040 6103 15144 18498 18779 8956 17885 6103 10211 4512 7 
8995 16429 7509 23174 7850 26 20 5174 15678 17960 7730 16429 23135 21371 5 
21 21 21 3450 18470 19900 1027 31 20463 14881 7 15678 14881 4 17556 11862 7 15678 8957 20402 18498 19900 1027 21 21 5 
13817 6103 28 8 29 21 
19637 
21 20060 3364 6103 22 15802 21282 1421 7850 21525 17872 15061 6781 4 18339 18498 16404 6 21 
21 20402 21793 11824 4 13749 5371 22463 3804 6103 11870 5391 4 4982 11875 4 16155 11971 4 7730 8995 21793 9743 15576 14425 5 21 
16475 5897 28 29 15678 14425 7509 19143 
21951 6 
8956 20402 17872 23135 8 29 28 28 
21 18476 31 17380 18449 20402 2727 11840 4 15678 19522 20402 17508 7 21 
873 14335 7491 18498 12861 20402 14487 6 6 
21 6408 18476 7491 18498 20402 22463 15267 20313 4 9193 18498 20402 31 13688 21 
27 
26 22 20539 8 29 
27 
28 28 28 28 28 28 31 10765 21282 17304 12780 
288 15810 28 28 27 
28 28 28 28 28 28 
9634 26 22 20539 8 29 
15138 1114 8464 28 29 1249 
21 16553 7850 5859 7509 22575 4 9193 20402 28 8 29 8 29 8 29 28 29 1249 21 
17458 31 10765 21438 17872 5767 6 16404 6 16404 6 16404 28 29 1249 
12861 20402 20402 31 9721 7509 9634 6 6103 
15138 12861 
8 29 
28 17438 9721 14265 8956 16971 9 6 
15424 22327 9010 16784 
21 18476 15678 18055 20402 7509 7894 7772 18759 4 23192 7277 4 15658 21596 19369 17341 21 
28 20402 28 8 29 1190 6103 22144 17872 4289 7850 28 20402 21282 16404 15678 10259 7 
21 8 29 8 29 8 29 20149 3454 7850 17983 18498 20402 6103 11115 20 20 20 
28 28 28 28 28 28 28 28 28 20088 28 28 28 28 26 28 28 28 21 
3960 20088 28 8 29 
23575 20687 3960 7509 20088 21793 31 1095 3962 20788 20539 9193 21282 15643 15658 16647 15678 3319 
21 21 21 31 22942 20402 14149 20149 15658 20149 21596 14378 6281 21 21 
28 28 21 
27 17304 14426 15678 19284 8633 21371 6 
28 28 28 28 28 28 28 28 28 28 288 18498 21596 18498 23151 16404 31 11685 27 
21 3885 20622 6103 20692 4 21282 18498 15658 21 
8840 18498 7847 15036 7730 873 20019 17438 4434 7509 3471 6318 23351 
22996 8 29 8 29 8 29 
27 
8 29 
27 28 10967 6 6103 
27 19761 19761 19761 
27 
21282 13325 6103 23135 20088 28 7730 28 28 
8 29 
26 6 11560 6 21298 5 4591 30 28 30 13800 
21 17438 18498 0 17458 4 7850 20931 3393 4 7847 16933 31 7847 5 17458 1920 20293 20402 4 20402 1920 18498 20149 8361 7730 20402 1540 5 20402 31 21942 4 15963 20 7730 15678 7314 7509 21942 4 15138 22898 5284 6103 4434 16404 2442 16404 14096 873 20961 31 16083 15658 17304 20402 18549 5 18525 16072 19969 6981 16155 4 17304 20402 23231 6103 871 5596 20699 22 22 5 
17438 13909 11474 4796 28 28 8 29 21 
28 8 29 
28 28 
9193 15458 10548 
21 12861 14335 13325 4179 16971 4 4179 22897 7 21 
26 6 11560 6 21298 5 4591 30 22615 29 10568 29 
9808 28 5 18498 15459 7127 21793 17511 8995 7850 4842 6103 16971 8810 31 18525 1027 5 14425 28 7914 9634 8 29 8 29 8 29 
21 20402 22463 11020 1249 4 15678 14425 20 15708 17438 9743 16440 6318 16673 2304 7730 17438 23104 4815 4766 15138 12546 8 29 5 21 
21 14425 10343 6 21 21 31 16971 9130 29 1249 7914 8632 16432 7730 5891 22463 5663 6103 21596 19822 31 22640 0 15658 20730 18735 21 21 21 
8 29 
20472 23575 18069 10548 8 29 20402 31 22942 23151 31 20402 2725 6 16404 
27 
21282 1485 20 20 20 
15658 14335 19363 
21 15995 8 29 
6 6103 
14604 28 8956 16971 15658 21596 13494 5 15643 13359 21389 8692 13820 7850 22942 
10959 1920 4730 15678 3790 7850 13727 6318 28 

