6141 7914 15424 18533 12780 13909 5 5 5 
27 
12861 18498 9193 7491 22463 19205 21267 4766 31 28 27 5 
26 28 
3058 15533 10606 14604 9943 13055 20402 7599 654 18498 15678 5528 9010 3558 7957 7599 21371 1276 18498 7847 352 17872 3224 5 
11066 31 28 9193 14413 4289 13822 9193 9010 23104 654 12780 5876 6281 17324 15253 6103 10696 20402 1920 5 5 5 1027 14604 2822 13909 18498 22327 15458 22942 17324 28 14335 6075 7847 17872 18876 1114 7730 3870 7730 20402 12861 18498 20402 20402 15253 5 5 5 
21 21776 17703 17324 9193 10696 14413 19969 17872 6075 22463 3103 7730 15658 23151 15658 5219 7599 6103 21389 17705 13055 4346 4 13055 1190 7850 19856 7730 2136 654 15299 20149 873 19900 6281 23016 1614 9193 2322 17324 1027 15138 21793 14604 10702 1114 12051 21 
18533 12780 15138 9193 7730 31 26 
14466 22463 13979 15576 2822 5 5 5 
9867 7509 28 5 5 5 
10151 5 5 5 5 
15678 14604 12780 18344 15678 16169 7730 31 15253 1027 2822 5 5 5 
1114 1114 7730 13909 15299 5 5 5 5 
21 7957 1937 7127 29 29 
12750 7509 13923 29 21 
15658 22657 31 16689 14523 22385 10484 7914 10765 22385 18706 5 
15855 28 28 7509 28 5 5 5 1920 8840 20 
15855 6103 15604 28 16811 288 18498 8956 1249 20402 15671 5 5 5 5 
27 
23 5 5 5 5 
15855 28 16811 20402 9808 13026 20293 5 5 5 24 
21 18476 28 21810 10366 7509 20931 22942 4 22327 15128 
15678 5528 10648 10268 4 15678 11875 
349 7730 15678 9660 18498 20402 16958 20149 21858 13405 5 5 5 5 
28 30 21 
15855 12861 22805 20149 17304 0 
16169 20463 13512 
10959 5 5 5 
5 5 5 5 5 
13512 5 5 5 
7730 9193 21371 5 5 5 
15138 3058 5 5 5 
21 18376 18498 3610 4 22271 9193 20293 20202 7914 10366 5 5 5 21 
15266 7509 14604 1247 5 5 5 
9942 7509 18339 5 5 5 
27 
18533 22463 17872 9193 
15138 17304 16647 8956 9365 17872 29 
14335 1027 13909 18498 7914 29 15138 13909 12780 18498 12780 29 
9620 29 28 16404 9193 15678 14604 6103 19324 22213 27 5 5 5 5 
28 29 
1150 
3960 16440 29 9867 23 5 5 5 
3960 7509 28 
3960 7509 28 7730 7509 28 
3960 7509 9193 1095 28 5 5 5 
2371 9193 6075 22665 17872 8956 3790 17324 15061 15678 1114 5 5 5 
23 28 28 
14797 6103 28 5 5 5 
13512 5 5 5 
8956 20402 31 9193 15253 5 5 5 27 
1095 4331 5 5 5 
16440 28 1095 4331 
20559 13512 5 5 5 
7127 3058 
15855 18498 13512 5 5 5 
18533 18498 15458 28 21793 15855 16404 20463 12787 18498 8995 15391 4766 1114 6103 28 17324 8956 20402 15678 22823 28 15894 28 15344 9193 5528 7730 15658 7914 17737 5 18533 21596 7251 17872 9743 22463 4096 7174 22463 4096 1393 15391 16404 1612 18498 8995 7850 28 20244 9634 7730 17304 13405 15678 18374 18498 23016 7509 6014 7730 18498 9010 17737 8406 9193 20149 3450 22463 7509 14604 1097 23044 8956 26 18498 8995 8678 7730 21787 7914 3450 5528 17304 18779 8956 28 14335 20357 18779 7914 753 22463 12787 18498 15458 7127 22385 8810 16404 9193 6256 9193 6103 13131 15678 17737 7730 9016 31 15256 16404 20463 12787 5 21623 4766 15860 4290 6103 22 702 7730 15678 5528 1467 17438 15658 21596 18987 16404 18779 8956 28 6213 5 
20402 2727 1920 14539 
10548 20931 13512 23016 7914 9193 5 5 5 
23575 18069 16468 23 11066 31 28 
20402 2727 1920 14539 5 5 5 
11462 7850 3962 7509 16169 7127 7509 835 5 5 5 
3126 6103 28 5 5 5 
10217 7509 9193 558 28 1027 13909 18498 4331 5 5 5 
16323 16404 15671 5 5 5 
21 15855 18498 13512 9193 15533 5 5 5 5360 31 9130 4 5360 31 9130 4 5360 31 9130 5 5 5 5 21 
14604 16678 18498 9193 1027 5 5 5 
21 654 9193 22886 31 3616 7509 8838 4 10547 7730 3864 17324 11462 20402 316 654 17511 7491 5 5 5 20402 22935 5 5 5 5 23 
5 5 5 5 21 
9130 11387 
9193 317 6103 20402 28 6103 28 11462 9193 20402 5301 7730 22935 5 
18498 4672 13909 10138 5 5 5 
7957 12780 7850 4576 
740 2727 18498 9193 15658 5174 20463 1341 7589 17324 7509 23167 6103 9743 4672 17106 740 2727 18498 1421 28 7850 22942 6981 6006 7730 11462 7847 20402 9808 4766 20931 15604 9634 5 
19698 2136 29 27 
21 11462 7850 14797 21681 22463 20402 8810 31 23051 31 3962 7509 16169 8956 3439 8406 7730 9901 31 14797 21793 879 18560 18533 17304 21596 22463 13727 16404 7847 9193 15894 15005 15658 20402 14604 7730 15658 17511 13420 7730 15502 18533 13420 21371 5 19900 18498 22463 7127 9193 21596 15678 14604 20825 18779 22463 13194 20813 16404 7847 15894 13761 21596 15678 1114 4 3870 7730 9801 17324 18481 13909 16721 13909 9193 1027 15678 1233 7509 18498 31 16971 5 21 
7850 3962 7509 16169 11617 7576 7509 502 5 
18498 23560 18476 22805 12861 18498 14335 7509 6981 11663 7509 23167 6103 13405 22463 16971 6981 15658 13727 2727 951 7730 9594 654 2647 31 1868 7730 23123 9942 7509 18339 5 15790 16971 18498 15658 1027 18525 15678 13909 1027 17324 7847 21596 1114 17872 6075 7730 22782 5 5 5 12158 4766 12861 5 5 5 17989 9594 5 5 5 
3058 15533 20 
6103 19924 4290 6103 10765 18498 21282 20149 19900 9743 6103 4676 5 352 3610 4766 20931 16882 12780 17872 13749 5 5 5 9193 4766 21793 14604 17877 6103 20127 9983 15658 14335 9743 6103 4676 12780 17872 13749 16784 15138 2635 9193 14335 13398 7730 12780 17872 18195 11154 4290 6103 11307 9193 12780 17872 13749 15658 6820 12894 17324 22463 3058 20753 15658 20149 10447 31 13749 20202 7914 10366 5 5 5 352 17872 22942 
1027 20402 21596 7847 6103 4842 3224 4766 31 15253 14539 7847 8995 3183 4815 17438 9193 18709 15678 20743 20954 7850 21526 7730 6582 7914 4434 7509 30 7509 3906 7509 16292 20402 12780 17872 9574 4290 6103 18384 7730 14539 1920 1027 7730 1027 7730 1027 9193 1027 14539 5876 14539 19456 4796 14604 9942 7730 9942 17324 20402 10704 4766 1114 7730 15138 6189 5 17989 9594 5 5 5 
9193 18498 29 
15855 8956 5631 
14604 18376 18476 2689 5 5 5 
21 28 28 4 28 16811 4 28 28 4 28 28 15855 12861 5 5 5 27 21 
28 28 7509 28 
9808 1247 5 5 5 
17240 7850 18582 7509 3962 7509 14604 16169 16721 15894 14604 16169 4730 31 15256 10089 15256 78 5 5 5 
7730 15576 7576 20402 1920 7914 9634 5 5 5 
19900 18476 23135 20357 31 15390 6103 4796 4331 8443 8956 16971 20402 9193 5 5 5 
30 15253 21596 8956 15215 2136 11462 27 
18533 18498 31 16971 20402 13909 11581 22463 4766 15678 16083 7730 13909 1027 20402 18498 8956 15190 9010 16784 0 18533 368 18498 15658 5 5 5 
15924 26 7509 28 5 5 5 
7730 15678 19136 7509 13359 20402 17872 19924 27 
15855 18498 1114 
3058 15533 21776 22385 3697 15253 18498 7599 2136 6103 18376 5 5 5 

