7424 21535 
27 
22463 17382 21012 20402 8956 6 28 
31 26 20402 22463 4585 4984 7730 4766 23570 17934 5 18930 20 
27 
11462 21596 23469 23502 29 7850 28 28 28 30 
27 
26 28 26 10268 7297 8522 1542 18471 6103 22942 
2154 6103 4468 26 28 4468 7447 8522 16367 6103 15256 10268 
31 2060 18498 15678 28 15812 28 23469 26 26 26 4468 753 31 14096 31 14487 13909 21978 7730 20134 5 14426 20931 20931 18471 6103 22942 9743 22463 2060 28 627 22463 2154 9416 29 
28 28 11686 1393 28 20 
28 28 
17537 4468 26 26 4468 16404 21793 375 28 
17537 6103 26 4468 4468 16404 21793 28 
4468 26 4468 16404 21793 28 
4468 28 26 4468 16404 21793 
26 28 4468 9193 969 28 7730 5474 8810 17930 28 20 16323 20 
4468 26 28 
9975 7509 9193 21083 2154 6103 23469 4766 5474 8810 28 7730 9193 21083 12487 30 
18482 10151 20 
11462 21596 23469 7850 28 23502 29 7850 28 28 23469 20 
21 9193 2154 6103 23469 20 
23469 28 6070 28 21 
4468 26 28 375 28 627 22463 2154 9416 20 29 
28 375 28 26 4468 
28 28 
21776 19698 15138 5 5 5 5 27 
28 28 16721 7850 28 5 5 5 
472 20 8995 17737 20293 
28 28 
23 18498 20126 7509 16753 20 
18498 8995 3894 17872 3807 20 27 
21 5215 7850 17583 4 18920 20463 13600 4 20149 3450 22463 9743 20931 16440 31 15364 662 7730 15678 1233 15658 20738 5 9901 15138 22223 18476 22805 31 21418 28 15036 5 5 5 
17438 22463 17583 13909 13501 21 
23 20 
21 16972 4 8956 29 13520 3439 17629 6103 22463 13194 20 7847 8995 7850 19749 6103 12596 7509 28 4766 31 11764 7850 13090 29 5 18525 21596 12578 4 17304 9594 4815 5 
11036 21 
21 18498 6324 4 23206 16680 20 21 
21 15855 31 10765 2371 7850 10530 4766 9193 26 
28 28 4538 
28 28 
28 28 21 
18498 17461 20402 8956 20 0 17458 238 23014 20 0 18498 13690 5 5 5 733 20149 9193 22805 22463 4672 6981 15658 9901 1453 1937 5 5 5 17438 13909 1114 7730 14466 23014 5 5 5 
20126 20 
5843 20 15658 4913 22115 4766 16689 6103 1233 5 5 5 18481 20739 5 5 5 18339 18498 16404 
2727 9193 5 5 5 19703 
18498 13514 20 
21 18498 2389 20 7850 28 23135 8147 2154 6103 28 4766 12487 9415 7730 2008 20 
627 22463 2154 20 
21493 5 29 29 21 
21 1022 20474 9789 29 29 12780 21596 22463 2154 155 6103 4468 31 29 4766 31 17931 28 7850 28 20 
5474 21793 31 16429 20 21 
21 28 28 4 8956 20402 31 4127 18498 9594 16404 23135 20 2702 21 
12861 18498 20402 8995 10461 5 5 5 5 19703 20 20 20 20 20 
28 28 
15874 12861 28 28 4538 20 
23 20 
21 23 6324 20 
28 28 21 
9193 20402 20 
21 17983 15266 7509 28 7850 28 20 
16404 13905 12301 6 
21493 5 29 21 
23 
21 16209 5 5 5 15538 4 18525 20402 31 9721 6981 3790 4 8995 20112 4766 31 10211 6103 7847 13471 4766 31 5614 7730 559 20 0 20112 20 0 15678 15081 7509 28 19969 20402 16673 5614 15658 20402 4 9193 15658 9010 349 15299 6103 12780 5371 5614 15458 2118 10982 7509 21535 5 7850 22821 4 8995 20539 15678 19575 7850 11454 7509 28 4 21 21 7974 21 21 31 17436 4 17324 1920 15678 17563 15658 5219 16721 7730 13010 22463 10982 22385 8696 5 5 5 20402 21535 21 
3472 15678 16257 16972 20 0 
21 9224 11046 6389 7509 4576 28 20 
21 15855 12861 28 28 
27 21 
20293 20 
28 28 
9193 17831 20149 17714 16404 1547 7850 9867 20261 7509 8632 20 
23 
13055 8995 1614 20 20 20 703 4809 31 2154 20 
21 2154 155 7730 11046 7850 28 6103 26 5 5 5 15678 20320 28 6103 28 9743 22463 6357 6103 2154 20 
23016 16429 20 
27 20 
24 20 20 20 20 
2725 18872 7509 13194 
352 17563 20 15855 18525 23174 7850 11802 5 5 5 5 5552 
20402 21535 7730 21793 15678 5611 
28 28 
21282 17304 20402 17022 5 5 5 27 
13909 1114 17438 9721 21371 16673 1233 20 
18498 10696 13909 10962 20 
21 28 28 4 12780 482 22463 20 21 
28 28 15855 18498 13520 20 1027 20 20 
18498 10151 20 
28 28 4538 20 21596 18498 12780 22463 7127 20 20 20 
22463 17382 18498 7102 20402 12735 5 5 5 20402 28 
18498 10141 20 
28 28 
27 
27 
17438 12861 20402 5371 4913 1233 
28 28 
21 28 28 
28 28 4538 21 
9334 6103 10963 7730 10153 
21 18533 4 17629 6103 12147 6103 17931 6103 28 20 18525 19900 6103 873 12578 4 14335 14018 11980 20 20 20 20 11036 21 

