6916 6103 28 4766 10941 5 5 5 662 16673 3870 6103 21793 18498 5174 8 29 
654 15678 3564 4289 15253 6 6103 
21 21 21 15481 16066 15658 15481 4 15894 11284 1097 31 22942 20402 13405 21 21 4 28 28 21 
7730 13761 12780 15671 5 5 5 5 18494 4289 27 
7957 14156 16083 7127 5 5 5 6 16404 
28 28 28 28 28 28 28 28 14212 28 28 
15105 29 
8 29 
28 28 
28 28 26 28 14212 27 
27 7 
28 23135 18498 20402 28 15658 20402 0 6 16404 27 
20402 15138 13278 20 20 6 6103 6103 15908 
12577 5 5 5 
27 
20402 21282 22463 17556 13688 27 
27 28 28 
15855 15678 18498 9193 288 14464 5 5 5 23135 13325 15894 31 10765 8995 0 
28 28 14212 26 28 14212 15855 15678 18498 9193 288 27 
21 472 
28 28 12780 0 21 
28 28 27 
28 28 28 28 27 
28 28 28 28 28 28 
28 28 7730 28 28 9980 4289 20 6408 6103 29 1249 5 5 5 27 
28 28 27 
13325 6103 23135 5 5 5 27 28 28 28 28 
27 28 28 23135 20402 22463 11208 7730 15658 19900 5 5 5 6 2372 
27 
28 28 
28 28 20402 6981 12939 18498 349 4766 31 10765 27 
21 11560 6 28 5 4766 26 5 11559 
28 28 21 
21 28 28 4 28 28 5219 21787 0 6 16404 
22805 21282 5 5 5 28 28 
28 28 28 28 27 
28 28 28 28 
28 28 
21 28 28 740 21596 21738 19969 7509 14604 16098 5 5 5 6 20539 
27 21 
28 28 28 28 
21 28 28 4 28 16423 28 4 28 28 
12780 20357 20126 5 5 5 21 
21 28 28 4 28 28 4 28 28 21 
28 28 21810 5876 5 5 5 27 
16673 14466 23135 21582 26 28 28 
15658 20402 28 28 27 
23135 9743 28 28 0 27 
28 28 
28 28 
21 
21 21 21 3450 20825 18498 23135 6256 17872 22305 4 20402 22463 16620 7509 20463 10530 18498 6256 6103 9387 5 21 21 28 26 21 
13949 23498 23015 5 5 5 5 
21 16323 4 23135 8995 16784 20463 21551 13359 12861 20 20 20 7 21 
1575 2727 31 16753 4672 5 22463 7127 23135 12780 19900 15678 18481 7847 20402 11020 5 5 5 
6 6103 
19969 
9193 21282 18533 20402 20402 9808 5 5 5 
6 16404 
19969 

