15855 21282 18498 20855 20 17812 14265 9634 
26 26 28 5 4766 26 
21 18533 4 10514 14604 4122 5 5 5 
20149 17629 9594 4815 4 4229 17438 1614 17438 9721 20 21 
21 20670 1027 15138 7558 16971 20 8956 17583 20402 17556 4 16936 7509 18498 23135 14514 21 
17458 31 22942 9901 2727 14425 1920 20 20357 31 26 14425 4842 
18498 7722 
16721 15658 14907 9786 20 
21 7730 20402 3058 0 
20402 23570 5 21 

21 16647 3031 18476 8995 21282 4 28 27 21 
21739 23135 6 
21 15855 15678 17563 7850 14133 4 17812 27 21 
3959 13909 13512 7509 15190 20 
21 9193 18533 2060 26 4 9193 16971 21596 14378 5 5 5 21 
21 21 21 15678 16659 8995 20149 580 21 21 
28 4 28 21 
21 2371 2371 4 15678 20749 6 29 21 
10943 20 
16393 22463 17022 5 5 5 15908 9743 7118 1249 6670 31 23575 22897 18498 9193 22318 15855 9193 15860 
21 21596 1190 7409 4 11787 7730 12112 5 7730 740 8995 5150 4 21282 18498 654 20402 7174 5 5 5 8995 22385 21987 7730 22385 5335 5 21 
26 8 29 15678 14425 17737 7509 15190 20 
9980 10211 15678 
21 24 4 28 5 10211 3807 20 27 24 21 
20149 6981 17872 9431 5 5 5 24 
21 26 7585 22 21298 26 26 26 26 1631 5 11617 26 21776 9971 6103 20247 26 4 26 26 11617 26 26 21 
21 9193 21282 18533 7491 18498 23135 7102 9743 3222 6103 468 22 22 27 5 2523 4 18339 18498 16404 5 21 
21 28 4 22385 31 10765 6 29 27 21 
21 
21 4796 31 4672 7850 26 26 20402 2553 4 18339 18498 16404 20 25 21 
9312 6 20539 
28 3341 20 28 3341 20 27 4289 17438 11462 23135 6 
21 31 7178 6103 22463 16971 18498 19900 3224 4 7730 6103 16083 18498 15658 19900 27 21 
21 20559 1409 4 18339 18498 16404 5 21 
23135 6 
8 29 
21 12787 4 15658 5219 16367 6103 16098 5 7730 15678 13909 13278 20402 18498 31 17923 3702 7850 19709 30 8561 27 21282 7850 6070 7509 15880 29 27 21 
26 6 29 
9193 21596 8956 7563 6 
8956 11474 6 29 
21 10765 8995 201 4 8995 201 4 30 20725 5 9620 22463 15266 17872 8956 14512 6103 8361 15260 201 4 7730 9193 8995 22223 27 21267 5 15658 18533 9901 13667 6103 23135 4 9193 15128 6103 11644 7730 7850 9574 21282 7102 21596 16971 4273 4 15658 18533 12780 17872 13761 6 12780 16367 6103 9130 7730 19335 15678 29 1249 21282 16404 9901 13909 22463 1249 13030 0 27 26 4 9303 23 
9193 21282 18533 7491 18498 9193 1027 23135 4 7730 18498 15658 9387 4672 14425 7850 15190 7509 18498 21596 23135 1393 14604 13131 4 9193 12780 20357 9620 6103 3450 3213 4 7318 4 3790 9786 4 7730 17836 7509 11665 4 19699 4 3222 7730 7509 8322 18478 6103 14512 18498 9605 27 8 29 1027 23135 20463 22280 8 29 21 
9193 15036 17872 22805 12861 22 22 
6 29 
26 8 29 
23016 28 6 
21 28 4 15855 12861 27 8956 26 20402 7557 26 22 22 21 
30 
21 654 15643 4 15643 5219 13501 31 2429 7914 18498 14335 14577 5 7730 7545 20293 18498 9769 14604 15860 5 5 5 21 
1614 23135 21596 18498 16630 6663 17438 21596 9790 13909 18498 15678 16083 5 5 5 
7 
21 11617 7585 22 21298 26 7850 26 26 5 2384 12863 22 20539 26 26 11617 22 13800 26 15803 
6 29 21 
27 15036 20 
21 18498 7127 13512 20 16066 15658 4 15658 20402 28 28 0 27 8 29 21 
21 14604 3388 21596 18498 8995 2429 4 20365 15658 20420 9193 5 5 21 
26 5 
21680 15855 11710 5 5 5 
22 22 
21 17605 4 28 6 27 21 
2727 20931 3790 9743 12861 28 27 
6 
21 8956 15144 15658 20402 6103 22821 4 15138 16821 4 26 12861 21 
21 26 4 16404 6103 9901 2647 16292 4766 31 28 7730 23016 3702 17872 10765 4 22627 8 29 21 
21 22444 31 10765 8995 22385 1920 22 22 8995 22327 9901 22765 27 28 4 28 4 28 7730 28 21 
9193 15658 18533 14539 23 28 
6 
21 21282 17872 5268 18498 1022 9193 12780 13405 16578 6103 4331 18350 15671 23 14079 4 20149 871 15416 9620 12780 13405 21394 7850 28 6 21 
11212 5 
22223 20402 15658 17304 20902 22463 16971 17458 7847 15658 17525 15299 22 22 
10535 20 27 
21 14069 4 7850 3058 4 20402 9786 23 27 8 29 21 
21 15855 2727 7850 10484 7509 14604 15860 7730 20357 31 8003 18498 15344 4 18476 14335 15855 20 6 29 21 
21 20853 20402 13520 4 9193 21596 871 26 20402 6103 16083 15669 5 20 23 6 29 21 
6 29 
17304 12861 28 0 
21 23 18498 651 18498 6075 21282 6103 16721 18498 6073 871 15266 9193 15658 12780 13909 15855 17872 8956 3790 9786 6103 23135 21793 14049 5 14604 4 4796 23135 12780 23104 20244 9193 0 20 6 22 27 15658 9193 8235 4 20402 17438 17556 21551 15658 20402 4 17458 12780 15005 13030 7730 2136 1920 4 6103 17055 9193 12780 22805 23135 21793 15678 28 4179 0 27 2727 18498 9193 18533 23 29 22 
21282 18533 7491 13909 22463 22897 18498 23135 20402 4273 4 11663 4 9786 4 19676 4 12505 7730 9193 1027 23135 17872 3807 20 27 8 29 21 
23167 15036 23 
16816 8 29 
9312 5 20 
6 22 3402 5 
8 29 
28 7730 28 
21 11139 20244 21596 17460 4 15424 17438 18736 16066 4672 16083 18475 5 5 5 21 
21 654 15658 17304 13909 15398 4 21793 12780 22805 18498 10959 6103 9193 5 20 24 27 21 
21 18525 19900 4 21355 4 9226 4 17438 228 4 17491 4 18599 4 17519 4 10263 7730 11904 9193 5219 8386 4 22463 7127 4 31 16971 5 5 5 21 
8 29 
733 20463 9786 23151 17872 9193 654 6 22 
21 28 7509 6014 4 15658 9387 15144 13909 16816 18498 8956 5 20 27 21 
17872 9594 31 22821 9193 21371 15424 19900 5 5 5 
21 1937 2371 5 20 28 4 28 4 28 4 28 7730 28 5 21 
21 472 9743 21932 7914 11111 4 9193 20402 22385 3058 20 25 21 
21 20402 15678 9943 7509 19652 4 20402 3326 20244 19240 4 20402 15678 10530 7509 15382 5 10796 4628 21 
21 23 3086 4 8995 15036 6103 20126 6103 23135 5 20 18476 9193 19969 6103 13761 7509 28 9193 15658 9743 11644 7509 18481 23135 9743 9620 7850 9193 21409 7 2371 31 22898 2647 22463 1789 19900 0 20 9193 12255 20402 17629 5 5 5 19900 18498 21075 4 9193 15658 8918 6103 23135 15658 7730 8840 18498 23135 15658 8918 7509 8980 17658 7509 21083 1614 20 15658 21282 8980 4 9193 6256 17872 13761 20365 31 3086 9901 4766 4499 27 22 6408 18498 31 5590 6981 1249 16468 21596 18498 14156 22463 14334 22 6072 12939 4 4766 22327 9500 20 20 20 27 2702 7730 20126 24 21 
21282 288 18498 16393 31 28 15658 20402 15658 28 0 27 
23104 31 9193 28 5 20 29 13727 15658 20402 17872 18475 7418 5 25 
13520 8 29 
28 9193 22942 9901 13909 22223 18476 9743 12861 6 27 
6 
14413 10962 20 27 23 20402 15138 3058 28 7730 28 
3058 7127 17872 18525 12780 7599 654 27 

19611 16066 23151 31 9594 4766 1097 1341 20402 22385 3058 
21 26 4 30 26 30 5 27 21 
21 28 4 15658 19900 17458 4 13909 12861 14335 13325 31 9193 7318 19703 21 
21 12787 4 9193 1027 4331 21 
24 13297 24 
21 20244 20924 17511 7491 4 3058 7127 21 
21 7730 2371 20173 4 352 4766 7594 7850 5574 17438 6070 26 0 27 9193 352 5 20 21776 201 27 22 21 
5 5 5 
21 24 15416 4 13055 22805 8956 23222 0 6670 5758 4766 12290 6103 22463 15253 20722 7730 9962 27 15138 20931 3790 5 20 21 
21 15658 20402 21282 22805 4 7730 13010 4 21596 26 4687 5 20 21 
21 10523 20402 22463 3119 4 7730 16971 18498 1027 21726 20402 13909 3119 740 5 5 5 21 
21 23029 5897 15855 8956 18352 26 14464 4 21596 15678 28 7509 23029 5 20 21 
21 23 14464 4 16404 6103 9594 12787 5 20 21 
21 26 4 1937 5 20 15138 13278 5 5 5 21 
27 22 
21 21776 3697 6103 21389 2376 4 21389 3856 6990 9172 9620 7509 26 9594 5 20 21 
6 
28 28 7730 28 28 27 

14069 28 28 10568 5 10568 13903 21596 18498 4289 13640 20 
12577 5 5 5 
21 18476 15678 16164 13909 14440 9743 20357 4 8995 13480 0 1409 4 8995 16784 5 5 5 13325 28 28 4 9158 5918 4 3702 15678 3610 12526 4 15424 21596 16765 5 5 21 
5 5 5 
17511 9901 1271 16404 31 9867 6103 10217 13055 0 11617 22 13800 26 26 20 
8386 7 
21 19969 7509 5942 4 9901 13909 6103 29 6389 7509 23572 7730 740 21596 26 713 20497 6103 28 15678 3610 21793 20402 28 5 20 21282 17304 20402 17872 6256 9193 15533 3058 4 21282 18498 15658 30 21 

6 
21 16822 26 20402 22385 4 22385 28 22 22 21 
27 9193 14378 26 5 26 
28 28 15424 21596 4796 7319 13909 27 
24 6215 24 6103 24 5680 24 27 28 28 
23 26 23167 6103 7599 13909 5 
21 23 10859 4 26 22 26 0 21 
26 26 
28 28 13325 6103 27 22 
11617 26 26 26 26 11617 26 12863 20444 14335 26 5 11617 26 26 26 26 26 26 26 26 
15658 5150 4712 4766 17240 5 20 1022 20402 7127 26 5 26 
21 7419 1095 4 15658 20402 23206 30 4 18481 22898 23135 8995 7396 14539 21389 7509 13131 0 
24 24 16468 14604 1247 9130 24 24 1027 5 20 
21 20149 873 20149 12578 4 21282 4229 7850 26 27 21 
7730 
15678 14425 12787 5 20 
21 19900 18498 9743 12861 17872 8918 4 9193 6256 31 15894 14335 264 4 7730 15678 22797 12780 13405 22327 7957 5 5 21 
9312 5 20 22627 30 
22 22 
16971 13512 26 9901 3702 7850 14604 16098 27 24 22318 1027 5 20 
21 8443 1022 9193 21596 26 12780 17872 8632 4 7730 6408 23016 17872 3962 0 20 15299 6103 21969 7730 26 0 26 5 26 19900 15658 20149 12780 10959 7509 22942 6103 6700 27 22 21 
21 28 6103 21260 28 28 24 4 15678 30 21 
7 
21 23 7594 4 18481 21551 15658 22318 22805 20 30 21 
21 866 7850 20463 12939 6103 20149 14606 4 9743 4766 18498 9193 368 15658 20402 17521 23104 20244 23135 5 12861 14335 13405 7509 4785 1393 9971 21 
21 15658 8995 10544 15658 23 5 20 9193 26 4 15678 15422 20402 21582 18481 22898 17629 5 
13055 20402 11518 7509 12960 23029 4 31 15576 9721 15658 20402 0 21 
21 3450 7127 20402 22463 4245 17872 20402 14425 18498 15908 4 15678 20749 18069 12861 18476 5849 15678 11522 21 
26 11617 26 11617 22 13800 26 26 
9193 2136 26 20402 3086 5741 23 28 28 28 15678 
21 2442 15678 26 21 21 5528 21 21 4 7509 30 17989 4 22463 5625 26 9648 5 5947 3058 15286 31 28 20402 15671 21 
21282 18525 21438 13761 17872 8386 31 8208 3058 26 19761 15458 20497 5 20 

21 735 18498 20126 6103 23135 4 20463 18339 24 21 
21 15708 17438 4847 7914 9193 19433 11462 28 28 7730 28 28 4 13278 19900 18498 23135 15658 6256 22463 4380 11810 12861 30 21282 18498 15658 21 
17458 14335 352 0 17458 0 27 20931 7645 
21 26 9801 17304 753 7914 13909 22463 5204 7509 9193 9634 5 20 15678 1027 15138 23135 4 16169 7730 15253 24 21 
21 9010 22327 6075 22385 4179 27 15658 14487 4 9193 21282 14335 10131 15458 14512 22 21 
29 7730 9193 288 26 17511 352 21409 11462 5 5 18454 26 5 20 
7585 22 21298 26 26 26 26 5 20 15833 23 23 
9901 4766 22463 20853 2977 15678 7127 21793 22318 1027 21389 17790 5 20 
21 2371 2371 4796 8956 17563 20402 9786 20 20 27 26 4 4796 23135 9743 7178 7850 9193 14049 21793 31 14512 26 15678 28 9605 4 31 7318 4766 31 28 4 15678 4308 7509 7509 2836 26 7730 31 4272 7509 26 24 22657 31 16689 352 4099 26 17438 22805 23135 4 20463 18339 4 9193 1027 23135 24 21 
21 21282 13909 29 11518 7730 29 14764 17872 9193 9901 9808 9975 6103 20247 20463 13512 4 23016 20 21 
21 2136 2727 17556 21551 2116 4 17304 15128 15678 15190 4 18525 19822 9193 5521 0 21 
21 24 4 13055 15658 2626 8956 3564 4 740 8995 22463 18339 22307 30 9193 9980 4289 7914 3962 15678 15678 21 
12780 20402 13909 5764 15678 27 21282 18498 15658 
21 26 7127 13512 4 21793 14335 23316 7730 21752 22463 4766 9193 3790 5 20 2136 14335 7995 4766 21389 3870 5 21282 18498 15658 27 22 21 
27 5018 17267 
21 21596 1190 7409 4 11787 7730 12112 5 7730 740 8995 5150 4 21282 18498 654 20402 7174 5 8995 22385 21987 7730 22385 5335 5 20 21 
20149 6075 21551 9193 18533 20402 9808 5 12125 7509 17807 5 12125 6103 4796 5 20 
21 24 20500 4 7957 0 21 
21 7730 20126 4 8995 201 4815 21 

