28 28 
28 28 
21 26 8956 28 18670 20402 16678 11300 4 8995 11686 22463 22553 27 21 
15855 2371 1114 18498 6324 28 28 
15855 2371 1114 28 28 
28 7850 26 20 20 1027 13909 740 
30 7850 26 7850 13727 7509 28 28 2136 18498 10959 
21 20402 12861 28 7730 28 15036 
17106 9975 6103 15609 18498 22805 15458 23575 21551 21 
18498 9786 28 8840 18498 12861 15658 2084 7850 28 
1027 16098 12861 20 20 
15678 14604 6075 26 17068 
15855 2371 1114 28 28 
21 28 28 
18533 30 20 20 
3058 13055 22318 6075 14604 16323 7850 15533 6103 21252 
18533 22318 6679 21793 9801 7509 15190 18498 23135 5360 20402 8956 28 14464 4766 21793 8956 20931 835 19898 3870 18498 9193 8095 20293 5 
15458 29 1249 6103 5485 8147 7914 23135 22463 1095 3872 3058 5221 7451 7730 18498 14335 9743 19698 20293 5 
18498 23135 8147 13909 10095 7509 18498 16633 7730 8865 7914 20931 22942 
16323 22318 472 
2702 
18197 6 8956 20402 9193 17819 10273 7850 30 6103 15138 18498 23016 
5 21 
3058 7127 20 20 
201 6103 21810 22463 21026 6103 2784 14331 16746 7730 13505 19450 21810 21026 2727 15355 16673 14466 7686 31 20247 
2442 2371 20 20 
8995 7850 28 14335 17908 13761 
15855 2371 1114 28 28 
21 28 23572 12780 16404 28 8147 14604 1114 28 28 
3058 7127 7730 22463 23570 7576 17872 21793 20 20 21 
21 15855 21282 28 10361 15678 18498 1421 7850 14604 28 4 7730 6103 1103 20402 29 1249 7730 18498 30 15138 13909 17324 472 23135 
2702 21 
16404 18525 1937 7448 15855 21282 18498 12960 10138 27 9193 21776 472 20 20 
15669 29 873 13055 4289 15458 9692 0 
17159 7850 21396 20 20 
28 28 
21 3058 7127 20 20 7576 7914 17269 29 14049 7730 9193 12780 21932 16404 8414 29 4203 6103 3488 7509 14049 4 9808 7127 7509 16169 20 20 21 
17872 23135 18498 472 22463 28 28 28 28 10361 28 28 28 28 18930 12780 5174 15678 7509 20495 4417 20402 28 7850 2301 16559 1062 343 2022 16816 23135 12780 10959 20 20 
9193 7730 14604 1114 28 28 7850 28 20495 4417 20402 28 
23 8125 31 16286 18533 19335 1114 28 28 27 
21 26 20866 6103 5728 28 4766 15671 5813 30 20539 26 20673 7730 23135 26 26 7730 26 6103 3674 4624 4766 4250 15002 7730 3541 6103 3810 20402 6103 8125 15678 15860 7730 2156 31 2601 5 
11186 9193 18498 2727 22985 20 20 21 
15658 20402 4341 7730 4385 26 7850 3671 6103 4341 27 
19908 14604 26 28 23 20 20 
6324 6103 26 28 11242 7509 28 20402 6103 13161 15678 2702 20 20 
4331 28 18498 10648 7509 14604 1114 28 28 
9808 26 28 7730 28 20 20 
31 20751 7509 14604 18376 1276 6103 4809 31 14606 9193 17413 20402 10731 7730 3156 654 22385 22843 18527 7730 15678 3561 22385 18494 21075 8995 9901 14425 7730 13909 3086 20 20 
21 16098 28 7730 2647 7509 31 13905 20126 4 15678 21551 3058 7509 469 20 20 21 
21 11462 9743 3031 6103 4130 7850 14645 18884 7509 28 28 28 7730 15658 20402 18498 9901 3058 7914 29 21438 17989 4 21282 15658 12780 17525 10273 18498 13055 4796 18494 22327 27 21 
21 1424 16404 1467 15678 17413 7509 18376 16404 14426 22327 18498 8995 19854 16098 4 15336 4 15855 4 12645 9170 5 
8995 9743 12861 29 17438 7127 
20149 14426 9605 17872 23135 6408 21 
21 21396 16404 17159 7730 9743 14249 9193 18376 4 17438 8329 7545 17872 3807 15658 5219 9901 13909 18498 29 20209 16367 7914 4434 4 9193 18476 14604 15984 14426 5219 16367 13909 21551 7914 4434 21 
873 13055 4289 15458 15669 7850 28 26 16066 9193 20402 31 17819 
20244 11066 16721 18498 12780 22805 31 28 2352 7509 28 27 
28 28 
28 28 21596 18498 12780 18475 7127 6981 1027 16494 
6717 16404 16429 7509 5037 7509 28 28 6221 15658 19900 17098 27 
6221 288 18498 15658 19900 17098 27 
3132 7509 16753 18165 18498 10648 7509 14604 20693 28 28 472 20 20 
916 6103 28 10648 7509 14604 1114 28 28 1027 20 20 
5588 16122 26 7730 28 
16440 7509 5648 7509 3618 
21 20402 5758 7730 6097 20 20 3618 7509 28 4 4913 7850 9872 7509 28 21 
16440 7509 5648 7509 3618 
14717 10700 7509 28 
8956 20402 15678 10076 6006 7509 4098 
8956 20402 31 28 4796 20293 4796 20 20 
8956 20402 15678 3964 27 
31 28 18498 3086 20 20 
8956 20402 15678 28 4646 7509 28 
15855 21282 15678 4098 18498 3388 4924 27 
1027 31 22356 7509 28 7730 7914 22861 12910 9193 1027 20 20 
7102 31 7237 7509 22767 7850 14178 31 19749 28 28 16468 31 20149 4229 28 28 27 
15855 12861 28 28 
21 28 28 
9808 7127 7509 1095 20 20 
17872 23135 14604 1114 18498 20402 14604 14425 4841 18498 14335 7509 5222 15138 1114 3870 7730 8995 1393 14604 13131 9193 14426 7730 17107 14924 
22463 1095 17872 21793 22942 
22318 1027 20 20 21 
21 28 28 7850 951 11518 3702 15678 14604 20044 9858 17438 23135 5 
15138 1114 21 
21 12333 20497 26 13055 4913 20 20 5311 19154 2136 15678 7127 29 6103 20460 5 
997 28 28 15708 21 
264 20 20 
21 28 31 5 28 17478 7730 28 17478 5 
10959 6103 7491 18498 9193 7730 15678 14604 1114 28 28 1027 31 26 26 28 4 15678 22996 20402 23570 7730 31 17211 14149 5947 6329 15678 8806 4 22463 16689 18498 15658 15005 7850 19143 7509 527 20365 12784 20402 17211 21793 9971 6103 20247 1920 18498 6075 23151 7730 13405 1097 21371 5 
30 12780 9594 7509 17214 16404 21793 15678 14604 1097 
2702 21 
20402 2727 1920 14539 20 20 18525 15643 9743 12861 27 
28 28 
21810 22463 4331 18527 6103 28 4766 28 20 20 15138 3058 20 20 
21 15458 10405 26 12910 4 12901 15138 3058 472 20 20 21 
21 4796 20402 3058 10648 17738 6103 15311 10138 28 28 4 20244 15425 6086 8810 
1114 22318 1027 20 20 21 
13055 7850 23572 21793 8098 12780 8147 14604 1114 28 28 20 20 3058 7127 20 20 
10700 7509 23113 7599 7914 4796 7509 21526 7509 9193 3962 
21 8956 20402 3058 20 20 
15678 18498 20402 1611 10883 0 
20402 15678 5193 6103 17950 7509 10889 21494 18527 21544 15252 3542 7509 26 7730 8930 27 
19484 6075 7850 28 8147 4766 28 28 21 
12780 23029 28 27 
14604 1114 28 28 6075 22463 3897 16404 15678 21083 11341 28 10223 27 
9193 4766 30 1095 15678 21083 11341 28 10223 
28 28 
21 8956 28 8995 13512 21793 4751 4 9193 1506 21916 15678 3960 8406 11503 20 20 
8840 18498 22463 7127 12861 17511 349 7850 28 4 21596 23206 1097 10716 7730 21842 15138 16673 9801 6103 21793 7847 5 
15128 28 20 20 21 
5762 4766 28 5 4766 26 
28 28 
15855 2371 1114 28 28 
21 1937 11462 8956 6717 1027 20 20 
7451 14487 21 
3058 7127 20 20 13055 7850 23572 12780 16404 28 8147 14604 1114 28 28 
21 17819 21252 6408 6103 29 7730 29 15266 6103 15311 18498 9193 16468 20244 8147 4766 14604 1114 28 28 14335 20357 8382 4766 20126 20 20 9193 7914 3962 20244 9743 15299 7730 14604 1114 20149 14265 6103 21932 2136 31 15604 7509 15533 20402 
9542 5 5 5 5 5 27 4 4289 13640 7576 27 21 
27 8956 20402 3058 
18498 17441 17658 14667 22898 1937 22821 20158 7509 18498 8956 5505 28 7730 8956 15090 9648 20 20 
11518 7509 18464 20 20 
15678 2700 6103 1114 20 20 
31 11518 7509 14604 20539 20 20 
31 11518 7509 20539 20 20 20 20 
4289 31 11518 7509 3960 20 20 
5947 31 9867 20 20 
16960 13030 20 28 
14604 1114 7850 16960 28 28 
15535 7730 5474 17872 9867 20 20 
7127 6103 3960 20 20 
21 15855 12861 1114 8918 6103 22318 9594 
28 28 21 
21 16468 15311 6103 965 7850 20453 7509 21409 4 6070 7509 227 27 21 
28 28 
1027 8956 20420 7102 6103 16468 15603 20 20 
9193 7730 15678 3873 28 28 18370 
18370 7850 21525 7914 10366 1393 20495 26 16559 
18498 21340 15678 14604 26 6103 15534 16404 15678 3960 7509 18464 7509 26 26 15458 21252 20 20 
21 6408 6103 29 1249 16468 7914 10366 1393 4761 18498 9130 18476 15005 7850 28 5 
4761 20402 28 28 21 
12780 8147 14604 1114 28 28 20 20 
21 3058 7127 20 20 28 28 28 28 30 28 28 28 10361 7730 23104 28 28 20825 4766 23135 8956 15533 4 15658 13325 15138 2727 7509 20825 9193 352 9808 5 
14335 2647 22463 20126 20 20 21 
28 28 
21 18498 4672 4273 4289 7914 3962 7730 22805 18498 8956 17441 6103 26 29 20244 8208 6103 15604 4 9193 18533 8930 15678 918 7730 21596 18498 17908 10271 17458 15678 10164 20402 7912 21371 20 20 21 
15604 22386 7509 28 20402 5547 4796 1920 0 0 27 
21 19900 6103 22463 4672 2727 18498 15678 10523 7509 28 17304 603 13026 4766 31 9922 7730 4089 20420 22385 3058 15658 9387 13909 21726 6103 10523 17458 15658 1613 13909 21841 11679 14541 18498 15658 19900 21842 20128 7730 19969 17438 2371 7850 19856 7730 7850 19415 20699 15806 31 21842 507 4 21776 16721 20582 7914 6256 15678 10523 6103 13131 9193 18784 20402 13909 9808 18476 20402 9653 17438 10230 29 340 15678 28 20 20 
17458 10523 7730 1920 9193 16083 8893 15502 19969 15806 7730 14265 15678 16083 5 
20582 3697 14335 6663 1097 21841 18498 21842 16404 20463 21726 6103 22463 10211 20134 4 17458 6981 16083 21743 6103 21841 9193 13055 8995 6103 19924 4290 20 20 
20149 873 20149 20244 21739 15806 17304 14335 6292 7509 28 8995 14335 9743 22463 8322 9721 5 
20244 13909 15708 20 20 21 
21 28 28 22782 20931 9925 19335 17872 9193 0 0 27 4 21793 2504 18498 9193 12780 18876 31 14539 19484 201 4 6981 12939 15658 12780 8125 14604 23489 21 
3058 7127 20 20 29 6 29 7509 14049 17269 7576 7730 9193 13055 7850 17406 6103 23572 12780 8147 14604 1114 28 28 
21 6663 28 28 9193 8956 9193 19698 27 20 20 20 20 
28 28 28 28 28 28 28 28 28 28 28 28 6103 28 28 28 6103 28 30 28 28 28 28 28 28 28 28 28 28 19795 28 28 16811 28 28 28 5915 28 28 21 
21 18533 9925 27 4 10889 17458 23135 21596 18498 7480 15678 23489 7850 15609 7509 29 2381 654 8995 7188 6103 8147 21 
21 4270 11462 1190 31 2301 16559 21793 6103 2504 7914 2504 7730 16098 31 14539 19484 31 9925 7509 29 6103 15609 201 4 654 4913 21282 1022 21 
873 8995 20444 20 20 3058 5735 6103 28 4766 15002 
15855 12861 28 28 12780 10691 22463 7251 4766 28 16102 15658 20402 
21 8956 28 28 13055 23029 17022 4796 17304 20402 22385 19676 13055 432 31 1518 6103 15604 4 20149 15658 12780 20149 1519 15658 1380 27 21 
9193 18533 20 20 
21 28 28 
11462 7127 6103 4788 15678 28 7509 16971 18498 15458 29 7730 29 30 21858 31 16971 13909 11861 7509 9193 22942 20 20 
1114 6679 17872 23135 21793 31 9801 7509 15190 18498 23135 18779 21793 15678 20463 20826 7730 15699 
18498 5360 20293 8956 15311 10138 7451 15444 3872 7730 18498 14335 4886 5 
8840 17304 4788 8956 6086 4766 23135 17438 15138 7730 15138 1249 7730 22318 9743 31 16971 13909 9808 6981 15190 
22318 1114 15138 20 20 20 20 20 20 20 20 20 
2702 21 
9193 6103 15604 4766 31 28 14145 
9193 7730 15678 14604 1114 28 28 20402 9463 7850 17171 7509 26 7850 20497 7509 28 14145 27 
8956 17159 21596 20402 7850 9193 3962 27 
27 9193 13055 9743 15138 12861 20 
4809 9193 4711 17583 28 28 7509 19635 3790 20 20 
28 28 
21 22564 31 11733 4 15894 15671 8995 0 0 0 27 21 
26 28 28 7850 951 11518 3058 6329 20 20 
9193 9925 19335 18525 12780 18533 0 0 0 
28 28 
9193 18533 20 20 20 20 
21 9605 21267 15678 17563 20244 15623 8956 16223 10765 13055 6075 15658 20402 12780 9901 9594 7509 13444 7509 12959 7509 28 2136 18476 0 9605 4796 20149 7847 28 21596 12960 31 13444 27 5 
20149 15658 2626 654 12780 9901 4843 31 21842 7509 28 4766 31 7509 2988 26 12780 17908 15678 18498 9743 7730 20149 15658 10959 17304 14335 6292 7509 28 20 20 
17989 9594 20 20 21 
28 28 15678 28 18670 19969 17872 9193 7850 17819 16137 27 
14604 26 6103 9925 20 20 21596 873 4696 2371 0 
21 14604 1114 28 28 20402 22463 10138 4 17738 6103 1247 18498 10648 6318 21 
13055 4766 14604 26 6103 9925 29 1249 6103 15609 20 20 
12780 16404 20023 4913 17737 6103 1247 7509 14604 1114 28 28 
21 13055 18498 31 13444 13055 20402 4 14425 13405 22327 7850 3058 11590 5 
11111 7509 15041 20 20 
22327 15036 27 21 
21 15658 23016 23135 20402 28 23409 4766 31 9193 3790 4 18525 21596 22685 7850 12960 20402 23135 7914 4434 7509 5851 5 
9193 6670 31 18584 9789 16468 13055 9594 30 15658 12780 6075 17872 28 18498 10648 6103 29 12784 20402 7689 14539 7850 1662 28 20 20 
17438 8956 7730 28 12040 20402 23135 18498 14539 7914 22685 3511 20402 7509 13444 
22657 5851 20 20 27 21 
8995 13026 27 
21 1614 20402 28 7730 20293 20402 20 20 
12780 3702 17872 21726 10648 
12780 3702 17872 21726 10648 
9193 22318 1027 28 
9193 22318 18533 2727 
12780 3702 17872 21726 
12780 3702 17872 21726 
9193 22318 1027 
9193 22318 472 
14604 1114 
31 20247 12526 5 9901 8840 
17872 22318 22805 28 17872 22318 22805 12960 
18476 31 10765 1027 
15658 14370 8744 5 22318 22805 12960 
22318 22805 12960 22318 22805 12960 20 
15658 21596 3222 
12780 22886 14604 14090 
14090 979 
21596 18498 21596 19456 
1114 31 3616 
12780 4766 15678 28 
7914 18475 13727 21 
21 26 18494 12247 1614 20 20 
12780 28 20 20 21 
21 12780 28 20 20 
13055 9808 20879 7890 7509 13444 4 14539 20149 15678 21726 9901 16673 3610 13055 8995 9808 27 21 
21 13055 6146 11462 15658 12780 9901 20738 4766 15678 30 7509 28 7850 13444 5 
20149 2136 15678 29 7509 17819 21551 15658 21596 22463 10916 15128 6103 3643 16066 6830 31 21525 4 20738 17872 18498 15658 20402 20149 20402 17555 31 4245 7509 21726 16468 16404 31 18487 6103 9975 20 20 21 
9193 18533 20 20 
21 23104 28 28 22805 4796 9193 1540 31 2685 7277 27 
3058 22318 30 15908 23570 20247 20 20 21 
28 14145 20402 5758 31 10273 9901 13512 1027 
20402 21083 662 27 
21 472 5174 31 28 14145 4 31 1549 20402 23570 19229 16440 7509 12319 5 
21752 31 5666 8067 28 7850 18376 7730 22463 16247 7850 12953 18498 9010 7545 2136 654 5 
20402 3058 12780 31 26 26 22657 28 15460 7730 21793 31 16971 8464 21 
1393 1097 28 23135 13817 12984 5 28 12780 30 28 30 28 20300 30 28 28 26 28 28 28 28 28 28 28 28 10568 5 28 28 28 28 28 28 15460 28 28 28 30 17438 9743 16440 7509 9193 4790 6103 1247 22657 20 20 1027 21793 23135 
21 28 28 30 7730 28 28 17304 6256 18498 18476 9193 20402 9743 31 9867 6103 765 4766 15678 14604 1114 28 28 9193 2322 23135 4 15708 16673 5222 6103 15908 20149 20402 18498 23135 14335 8386 27 21 
21 28 28 28 28 30 28 28 23104 28 28 4 23 4796 20402 3058 19611 23135 6408 6103 21389 21551 7730 19229 15678 22765 21551 6103 30 15894 21596 31 835 6103 5174 23135 20 20 
15708 16673 8322 3870 6103 20293 7730 19900 18498 23135 15005 7850 14604 0 28 28 20357 9620 6103 23135 7730 20402 4524 23135 21371 15005 7850 14604 5 
17438 9721 15658 21075 31 9620 6103 23135 20402 20293 15138 11020 20 20 20 21 
11462 31 15533 17973 4790 7509 14604 1247 7850 26 26 19746 6103 1097 13909 18498 18533 
7525 7509 9867 20 20 
1400 31 22765 20 20 
28 28 
28 28 
23 472 12780 4696 15678 23489 29 1249 6103 15609 18498 31 19415 10889 12780 13185 31 16440 7509 7127 29 29 7850 2504 20 
654 8386 17458 15678 28 10327 7850 30 6103 15908 27 
18498 14512 20879 29 
12780 5851 20 20 
20149 5360 12960 6981 12939 21726 3510 20402 13055 7850 18195 12960 29 11122 7509 28 
20402 3058 15678 28 16162 15678 20015 7509 20463 12959 17458 12862 7102 8995 14606 4766 31 3393 7730 15678 19284 6318 4796 22385 12960 13923 20 20 
9193 12861 20402 15678 10326 9605 21267 28 20 20 
12780 28 20 20 
28 5360 4766 6373 27 
21 28 28 
1114 17304 20149 17714 15678 26 11111 6103 30 28 12780 23016 1393 28 7914 656 4 16404 20497 23135 12780 4815 27 
4 21 
15138 10138 8956 6717 20670 15678 28 
3211 6103 3031 6103 4130 20 20 23 7558 4672 18498 1027 20 20 
4676 3081 15036 20 20 
28 28 6103 28 15894 11212 871 1249 6408 9193 3956 26 26 20402 5284 20 20 

