27 
27 
13909 22463 9169 5913 5 18498 23016 15678 18195 6474 5 
21 11284 1249 4 15678 28 15658 16098 22463 17993 12538 6103 22463 17753 5 21 
21 15855 31 15941 6103 12780 17872 28 4 2371 5 21 
6717 7509 28 28 5 
7730 31 3213 17438 17382 5360 27 
15936 6103 18525 8386 7509 1961 
21 28 4 3526 4 26 4 29 18513 5 5 5 7509 17872 20357 15678 4292 6073 5 21 
21 20244 1066 4 15658 20149 4785 15299 4 20244 21932 4 15299 17304 20402 21623 5 15678 18164 15658 20402 8458 16404 23135 5 23135 21596 18498 5208 5 
28 28 28 5 21 
21 18476 31 16971 7491 23135 20402 20863 4 7847 15658 19900 15678 18498 8995 9594 5 16912 20402 31 4276 16404 15678 21021 4 7730 8443 4 18476 23135 21596 21021 4 31 16971 21582 13045 16404 23135 6103 14031 20558 17458 23135 15750 21021 5 9193 19900 7509 18498 20402 3735 4 9193 19900 15678 18498 12780 9743 4 7730 9193 19900 15894 9193 18533 8995 7730 15299 12780 14335 16367 5 21 
28 28 
27 
21 14487 2727 5320 4 21596 18498 20402 1920 27 21 
15128 31 15286 6103 19854 16404 14425 28 7730 15978 
3172 20019 7850 2708 7509 17626 5 
13278 
21 11462 20402 15678 1247 6981 21 21 16971 21 21 18498 13909 1027 15458 22942 4 14604 9942 28 28 5 11462 7847 20402 15678 1244 4 9193 15678 13905 17737 18525 10648 20402 9193 4 17438 22397 20293 1393 14604 13131 7730 14335 9743 20402 22463 16971 3450 7127 14425 5 22318 1027 14604 9942 4 18498 23135 17511 5741 7914 19898 7730 11066 4 7148 6103 28 7730 7509 11474 5 9808 1247 20 21 
8329 7850 28 15678 14753 7509 13048 7491 18498 10628 2617 7914 23014 11998 31 5769 5 
21 15855 18498 12861 1614 8995 15138 3058 4 12861 1614 8995 3058 6329 5 5 5 21 
9010 20402 31 9193 19576 6103 29 5 22805 31 20931 7914 28 5 4766 26 5 
21 31 13048 3170 5219 2958 22463 1488 6103 14469 4 9193 15658 5219 2958 31 13481 7509 3459 5 21 
17106 18498 29 20244 28 20402 29 20244 702 7914 3626 11020 5 
5915 20402 15678 11474 8561 7850 13727 4179 636 6103 10211 4179 16673 15081 8561 5 17438 28 28 
20402 1247 6103 3626 11020 16066 7509 2366 22765 0 21282 22805 10273 7509 2366 6 16404 
21 18525 7491 4 18525 7491 5 5 5 21 
21 18525 8995 9441 31 17436 4766 22463 9495 4 5960 15678 15860 7509 3790 5 5 5 20149 13210 27 22564 4796 15038 654 4 21 21 14793 21 21 5 21 
21 22327 7850 22942 20149 19295 5 18498 23016 3665 15487 7730 21389 13729 18481 28 4 20434 5 5 4 18498 6256 8807 16404 15678 15605 5 21 
7251 7509 17563 20402 14265 5 
21 21282 9620 654 4 15678 20592 7509 15244 6103 8678 17889 15678 4945 17438 5023 6824 21 
27 
21 11505 20402 11686 15914 17098 4 21793 15190 288 3086 4 6202 5 5 5 9193 15502 18533 6389 6103 3962 5 21 
4766 7847 22327 9901 14425 20 
347 1393 5036 15658 20149 3664 9193 5037 7509 17377 5 20402 1800 15678 16962 17438 15138 17556 5 
7157 13278 20 
21 19698 6329 4 9193 20402 18328 22821 5 21 
1540 28 20 
19456 5 
21 18516 4766 31 18397 7509 16083 20402 3058 6329 5 5 5 19671 6329 4 20244 17877 7772 7730 20670 18987 5 8956 20402 15678 7850 28 5 5 5 5 5 5 5 5 5 5 5 5 5 5 5 5 5 7509 18250 21 
21 1471 6103 15658 8386 15299 7509 18498 7847 18533 7491 5 7850 23575 10343 7846 20402 20584 4 18476 7847 10648 5 21 21 12780 21793 15190 16784 21 21 21 
15643 21582 9233 15678 20463 2087 7850 16778 16404 15678 6996 5 20149 18533 20402 17416 19969 13909 4099 5 29 11211 17304 9743 22463 11020 7178 
9324 4795 20 
21 20402 7384 18498 9605 18476 7491 6 9942 21596 18498 21596 19478 6670 16753 4 20365 23029 6315 4 20402 19671 16066 17297 5 21 
21 18533 22805 18525 12780 18069 4 18476 22463 13943 18533 8406 7914 22463 2532 9818 7491 18498 20402 10716 5 12861 12780 6075 13359 7509 5 5 5 21 
21 20149 15678 15190 9901 21282 1937 4 8956 3790 12780 21810 5320 6103 22327 5 21 
2727 4203 8956 28 5 5 5 12861 8995 4766 4292 6103 17211 
21 21 21 15643 3213 20149 15678 507 8995 31 13909 6103 7558 7046 16155 6103 23135 7914 18475 7233 6 5179 4 11654 4 12537 16066 17478 10555 5 21 21 6 16404 21 
21 15005 7850 16587 7509 18334 4 15894 22327 17304 5 5 5 16404 871 5 21 
7491 18498 15678 3790 18498 13501 22954 7850 20294 7509 12477 7509 4102 7730 7850 2301 3643 13055 21596 6981 5 654 7491 18498 8995 20244 22240 5 
21 9010 20402 13909 22463 4526 18498 15671 14532 15039 21225 21 21 20244 19900 21 21 21 
11686 1393 18366 7801 5 
15855 15678 18498 8956 15144 9594 7850 3621 5 
2371 14076 6103 22386 6103 3634 5 
21 654 20539 7847 9743 16138 4766 15678 21 21 6006 21 21 27 21 
15658 19900 18498 1729 21596 11934 16404 20402 16367 7914 2945 5 
21 16468 7914 22463 17525 654 7730 21596 22463 9934 6103 22463 29 3919 5 4796 3170 7730 3341 5 4796 20149 31 10688 7509 21386 15658 201 13909 5 12780 7770 29 4 29 18772 5 5 5 21596 4181 18498 879 21596 7850 15270 22463 29 18498 23174 7730 23174 7850 18250 21 
20402 17438 12861 18498 7491 6 15658 430 7319 4766 16987 5 
21 16673 4795 6103 16987 4 18498 22805 7850 28 4 15658 16393 18498 7847 16162 8208 702 4 4913 10688 4 16162 11876 4 12861 20244 9594 9193 8725 7730 7043 6103 2848 7850 3393 6318 4 20402 14487 7509 15267 4 12861 15658 9387 5 5 5 5 18339 18498 16404 4 15894 8956 17563 22805 21389 4672 3058 0 16066 9193 8995 9901 7557 0 21 
27 
21 15678 18498 20402 18498 4289 31 18610 29 4 29 17819 0 15678 18374 4 31 10688 16066 2367 7509 28 0 21 
21 2176 21036 4 22463 16587 6103 21793 4 5528 22654 4 20402 14604 8933 20 21 
4491 29 16169 4967 7850 13566 7509 14426 16587 16404 20149 23104 30 5 
11731 20149 20402 28 28 0 27 
21 18498 20149 5913 31 13301 5 7120 6103 9634 20402 7017 17438 16971 4796 9010 5775 5 20149 1614 15658 21596 13301 4 13761 21596 5 21 
21 8208 29 13909 3790 4 2156 4782 4 5621 6103 2750 7509 21931 4 5621 6103 22816 7509 7804 4 14604 1095 4 7509 7804 0 740 288 22463 10982 6981 21267 0 7730 19900 18470 20402 31 9433 18498 21596 22886 15678 16987 6075 16404 15678 3720 7850 10982 0 21 21 238 18498 7545 14466 21 21 5 5 5 5 14604 28 20 5 5 5 5 5 5 5 31 13905 23042 6103 22463 16971 20402 462 22463 8561 5 5 5 5 5 7730 31 28 7730 20463 7858 15658 5219 462 5 5 5 16066 17106 5 5 5 15658 21596 3726 16404 11649 22463 17877 5 5 5 5 5 21 
2136 18498 8235 873 16721 7914 201 4766 12861 5 5 
21 4369 4 16987 5 21 
27 
28 28 5 5 5 3702 15138 20 
21 17304 9594 15678 18498 18533 7509 9194 4 9193 18498 13761 21596 15970 21596 5 5 5 21 
18021 17438 13909 29 15266 31 15711 7509 9495 7509 28 64 5 5 5 18533 18481 6103 1522 18498 6073 31 22310 15266 12780 8995 8956 651 7509 14539 12939 0 15678 17563 12780 20149 336 7730 6256 17872 4913 7850 23575 7127 5 
13055 19450 14604 17877 7509 9495 5 5 5 
28 20402 20127 17438 29 21759 6103 3685 5 7730 15658 264 15425 20 20 20 5 5 5 
15678 28 13055 16468 9193 8995 22657 31 14469 5 
12780 22463 14673 2371 0 
6408 15678 16987 23016 14335 9594 6103 7424 5 5 5 5 8995 4179 20 
21 18250 4 7277 21282 16404 22632 4 21931 18498 20149 9439 20 21 
21 5487 9509 16404 19592 6103 1962 7509 23172 12578 5 9901 5486 16404 31 20756 19592 4 28 26 4 28 4 28 28 4 20908 28 4 28 28 4 28 28 5 15678 15658 4848 20244 31 7102 13046 4 8995 21061 31 12029 7509 20463 7850 14335 7850 30 3454 6103 9244 1097 5 20244 13909 5 21 
21 8956 21 21 4841 21 21 18784 20149 17703 4766 31 20214 7850 16587 5 21 
21 19822 4 2136 19930 28 9743 14668 4 14604 1095 5 5 5 21 
22463 1249 20244 28 28 5 5 
21 7850 8593 7509 15190 4 11578 20402 12808 5 5 5 21 
21 15678 15697 7509 18250 7730 7509 6329 16440 4967 20402 2727 20558 5 18481 13905 15678 15677 6103 13301 15658 16587 4 14466 7847 20402 5913 5 1920 31 9083 20402 6 21808 22463 1840 16683 7730 15678 20948 7914 15282 13301 16066 20936 1840 4 21858 31 13301 5150 7730 11968 5 15678 5767 6103 11486 17438 9365 4 18498 17438 20500 21282 128 31 21793 20402 11570 4 16468 31 20402 15166 7914 12763 13301 8799 4796 12239 4 9815 4 15417 4 10811 4 3157 4 2815 4 13364 4 9170 5 15678 18498 20149 8840 4713 4766 12862 20402 2727 20558 5 20149 11284 1453 22463 13301 18304 18525 14265 22463 20402 11570 4 31 13301 20420 6103 10544 1489 7730 21596 29 14676 6103 16971 9380 15678 5910 7509 13301 5 18290 31 13301 21371 20149 18290 31 15157 5 15678 11111 12853 18498 23016 31 20402 12034 7730 23016 31 9380 15678 5910 7509 13301 4 8995 21282 4 20402 14465 7730 20244 10268 4 7730 15658 21596 21021 7850 20931 17787 5 15678 6329 14443 7509 20709 15658 15678 1502 4 17324 15658 20402 22463 17877 6318 5 9010 18291 7509 13301 21371 9569 31 6202 7509 5775 4 15678 512 17304 20293 1676 18498 15678 19881 20402 5041 16673 13301 8561 7730 1377 15678 17889 5 15678 18250 7730 15678 6329 4967 2748 1920 1393 5775 18498 8995 13591 16404 636 5 31 14577 6075 15430 20402 9493 31 13301 7730 15678 8995 5 31 13301 20149 21858 22385 5150 7730 12206 18498 15678 17563 5018 4766 31 9496 6281 5 13909 22463 22897 9569 31 2367 7509 5775 5 28 28 21 
9845 18498 740 9620 16404 15678 21932 10100 5 5 5 5 31 3671 6103 3488 5 
29 1249 6408 6592 18498 2387 15658 20402 22463 16659 20 27 
12729 6103 22666 20 20 20 
14604 16375 20 
15855 2371 28 26 5 5 5 
21 14269 4 18636 6103 702 15658 19450 7914 15299 15678 17877 5 21 
28 5 16169 7509 13301 18498 18044 2524 7730 5041 4419 5 

