21 4563 7850 10273 7730 5947 15678 26 16015 4 17438 9721 4 15643 16630 15299 17872 23135 20 27 21 
19768 7509 7127 6 21760 
13405 31 1095 17872 13727 817 6 16404 
8956 17563 6103 28 15643 14335 8254 
8956 20402 31 10606 7509 2332 20 
26 26 26 
21252 6103 20749 4766 15678 10943 5 
18498 13512 
27 31 22942 20402 8956 
14335 362 4766 8956 21966 
18525 20149 11862 4766 18165 18476 9387 31 17517 6103 21596 31 3962 13501 17438 8944 0 27 
21 9193 18784 9130 29 1249 6103 18607 17872 21596 18498 16098 31 2725 28 7491 18498 31 18060 7509 13307 20402 22463 15937 0 873 2322 31 28 4 17438 9721 20 21 
21 13055 18498 15658 28 26 7850 28 4 19761 7914 28 20 26 21 
13043 7850 7127 18498 9193 9901 13667 7509 28 31 26 9901 13512 1920 0 21371 18533 20 27 
21739 28 7730 21739 28 16468 17872 6679 22463 9808 7127 7509 18607 31 21793 20 
21793 4346 
21 9193 4 7850 22942 5 21 
17819 22897 7914 26 1249 18498 5219 8995 17737 7850 22385 8840 9867 6103 1247 7509 30 15658 17304 9620 9193 10273 20 
21 21 21 15253 4 9193 19900 15678 18498 9193 21776 9743 20 21 21 15658 4 8840 20 27 21 
7847 4289 20 13512 7730 14149 5 4766 7277 31 10273 9032 28 27 26 26 26 26 4913 16673 26 
21 20126 18607 4 20126 29 5 29 28 20 21 
21 21 21 26 26 22 21298 26 31 26 26 26 26 5 11288 22 20539 26 26 4 28 20 21 21 27 28 4289 15708 4 30 21 
23104 7730 1540 27 
21 26 26 7509 26 26 26 26 21776 26 26 28 0 
26 26 29 16073 15803 29 26 20 
26 26 11617 26 26 26 26 20 
26 26 16105 31 26 26 26 26 26 26 26 26 26 26 20916 26 26 26 26 26 20 26 26 31 28 21083 26 26 26 20916 26 26 26 14450 15803 26 26 5 11943 26 3962 15803 26 26 4 26 26 26 26 31 26 5 
27 18498 7728 20 21 
27 18498 7728 
29 7730 29 6103 9883 6103 29 
2947 7509 22765 7730 9193 9087 7914 3885 6103 28 5 
9867 17556 3058 0 
9901 7432 20 
9193 13512 15458 14924 8810 8 29 
26 11617 26 7509 26 26 26 7509 11943 28 
21 13909 22463 1095 20158 1393 7419 5013 4766 21021 20 15138 15708 4 28 28 8 29 28 28 28 26 21570 7509 15253 28 21894 6103 13505 21 
21 8235 4 18607 20 4549 15678 26 4 9193 15658 21596 23489 6103 10217 17872 4730 31 10273 6103 4257 6 16404 21 
28 13512 
21 29 1249 6408 4 7730 31 14426 12551 17521 20 29 28 7850 28 21 
21 20311 20 22385 20558 4 23556 7730 7279 18498 4289 31 20402 7188 6103 368 18498 873 17629 8678 12861 5 7730 18498 31 10765 17629 13359 6 16404 21 
20559 28 8 29 
21 28 4 22126 22463 18374 0 21 
18498 6329 8 29 
28 5 26 27 
21 31 11644 20402 8125 15678 28 4766 3058 15286 5 21793 18498 5947 8956 26 18876 22463 13375 5 5508 8956 21684 7730 18263 22463 9 15286 8 18498 4809 4766 31 13375 6075 5 
15678 28 28 14335 6075 31 13375 23135 5 
21 10700 17790 6103 28 6075 22463 16468 17872 6679 9808 7127 7509 3267 6 6103 
10273 6 3364 28 21 
21752 6103 6 11560 6 23273 5 28 5 4766 
27 4796 15658 1027 13909 740 14604 28 0 
9808 7127 7509 17931 31 21793 1612 18498 9193 12442 7730 15081 6 6103 14539 18498 20402 17872 20202 31 13909 11907 7509 3916 
4711 17815 22805 425 21572 
17458 16454 6103 26 12863 10907 15643 20402 6329 20 27 8 29 
21 18476 31 12319 10648 22942 5 21317 16553 4 18294 20 21 
7576 21371 20402 5896 6 
20402 17908 10273 6103 5758 17872 10217 7730 6592 18498 13055 20402 10211 5 
873 15458 22520 21596 17233 6103 12780 7850 20497 7509 28 7914 28 7127 29 0 11043 6 
22463 19525 7509 18894 6103 15908 5 
15138 1114 17872 22463 10273 21282 
201 6 
15002 20536 6 
4809 15678 29 5 29 4766 20749 7509 14406 6 6103 
28 13325 15678 18607 20670 15678 23174 6103 17298 20 27 
28 20 
21 28 6103 9801 4 7730 15678 4074 7850 21546 5 5 5 21 
26 26 28 26 
17819 7127 7509 15253 13667 6103 22318 20 19900 18498 15036 6103 20126 7730 13640 8995 6103 23151 5 22318 1027 15138 6 
21 7839 18498 31 22942 6146 22318 6075 22463 17737 6103 1247 1285 20 23016 30 9193 4 20931 13512 8 29 21 
21 7839 18498 31 28 8147 8956 19563 15637 3962 1341 7850 28 20 14378 6 16404 
26 26 26 26 9971 6103 20247 26 26 11943 26 26 26 11943 28 20 21 
8 29 
28 20019 5 20402 18498 20402 3058 0 27 
835 7509 7127 
21 21 21 26 26 26 21726 26 26 31 28 26 5 26 28 26 0 26 15803 26 5 21 21 27 26 20 11617 20916 26 26 31 28 4 26 11617 26 22 21298 26 26 26 26 5 21 
8995 21916 26 28 11462 
21 7914 11477 31 21793 15678 9943 18498 13055 3511 15458 6 11462 4 7850 9193 3962 4 9193 15253 8995 10541 7850 5153 7730 4 5935 4766 22463 18904 4 13055 20402 155 7730 16836 15678 18498 20402 5 7839 18498 20402 9785 4 7730 7847 18533 20866 5 31 22942 20402 22463 3512 6103 21189 14539 20 27 21 
10273 17438 3364 28 
21 14335 6075 10083 7730 16323 7850 14604 1247 5 11462 15658 20402 4790 5 11462 20402 7127 6103 13749 4 7127 6103 10268 4 7127 6103 6628 22463 20634 18498 9193 15952 5 11462 20402 7127 6103 21596 23180 5 13449 4 11091 4 9380 15678 20463 8806 5 7127 7509 15144 20402 21793 15678 28 5 21 
20825 20 26 26 8 29 
29 28 
23051 11719 6 
27 26 6 6103 
3494 20 
13311 15712 17872 15138 8299 17438 2371 20 7730 17872 18525 8995 12578 7914 20149 12296 13909 
21 27 4 5219 20 27 
26 26 20 
8 29 
22463 18376 7914 3450 13131 7509 6019 17330 23500 20 
2637 18899 4766 3884 6103 19278 20 
3564 
13512 
7509 26 26 21776 26 31 26 0 
9927 11719 18498 8147 17438 1614 6 
27 
17511 3962 4815 14539 0 27 8 29 
21 17737 6103 1095 20158 31 7419 21021 21911 20 15138 15708 4 14413 6 6103 21 
21 26 26 14335 26 4 26 22 18740 26 26 26 26 6 6103 21 
9808 28 7850 9032 10000 20 
28 
28 20 
23284 6103 3267 
17413 7509 3962 
26 3344 

