19169 7509 14604 28 28 
28 28 288 22823 
21 28 28 28 13759 28 28 28 28 28 28 28 28 28 28 28 28 28 28 28 28 28 28 28 28 28 28 28 28 28 28 28 28 5052 28 5052 28 3996 8406 16083 1097 18533 21793 15190 9743 23 4 6075 4331 17872 17819 13727 21 
28 13759 8995 1045 7850 15422 7509 1114 22327 
20402 18498 14514 28 28 0 
21 28 13759 28 28 654 20539 4 22167 20293 17438 9721 21 
28 13759 17458 9193 20402 13353 4766 1857 7914 28 7730 28 7914 11203 
21 28 13759 28 28 28 28 28 17438 12861 18498 9193 7491 18498 21596 18498 22805 21793 31 21552 20 
21 15138 4672 17520 17807 4 9193 17555 22665 4796 23135 7558 20 21 
28 3996 26 8 29 
28 28 6075 8561 4181 27 22318 1027 
28 28 28 28 28 28 28 
28 28 
28 28 18498 21340 15144 0 
26 26 26 26 26 20 
21 28 28 4785 31 22782 31 29 1095 4 15678 18498 9743 0 21 
12780 8443 28 28 
28 3996 15658 20402 5541 9193 5 5 5 27 
28 28 23135 20402 3148 15658 20402 1095 0 
21 28 28 17171 26 4 21282 12861 1095 20 8 29 21 
28 28 9193 7730 23135 14660 
21 15424 368 18498 5219 4 26 16073 3143 8 29 21 
7839 18498 21752 22463 10273 28 5052 28 5052 28 5052 
28 3996 4346 
28 28 28 15678 3388 17872 20497 7509 10118 7730 15424 14335 7491 14660 0 
21 11561 6 23273 5 28 5 4766 26 30 29 30 26 30 30 29 29 1614 28 28 28 28 28 4 18533 22805 15658 19900 6717 654 20 21 
6408 7509 11837 28 28 
28 28 
26 26 26 26 20 
15855 4796 31 10765 21438 13667 27 28 28 
26 26 11617 26 26 20 28 28 
28 28 
21 28 28 28 28 28 28 3364 
28 3996 28 5052 28 5052 16721 7850 20644 
28 5052 28 5052 
28 28 20931 14307 9726 
21 28 3996 28 5052 15855 12861 20 
28 28 17629 12780 7 
13909 29 1249 13026 1095 20 28 3364 
21 11560 6 23273 5 28 5 4766 26 0 22615 30 30 
28 28 26 2384 
28 28 
28 28 
28 28 28 15678 18498 23135 14335 7491 20670 8956 22834 15416 0 27 22318 1027 8 29 
21 9193 4 472 20 9901 15138 13512 8 29 21 
21 28 28 13059 19703 9176 
28 28 27 
21 28 28 20931 2868 28 20 27 26 1095 4 22318 1027 24 21 
28 28 28 28 28 28 28 8995 2371 20 
28 28 28 28 
21 28 28 
28 28 27 
28 28 27 

