18533 26 22466 5 28 
21 26 28 4 1453 5 21 
21 26 4 20149 12406 7730 1937 5 21 
20244 31 15256 20 
5627 3635 5 
26 5 
21 26 4 26 26 26 26 26 26 26 26 4 21282 18498 15658 5 21 
9965 6103 17311 5 
2975 8886 21842 16673 21951 5 5 5 6 
28 
10520 7509 28 5 
21 26 11232 4 28 5 21 
7205 6103 26 5 
26 26 26 11617 26 5 
21 3166 4 2352 4 22805 7730 22843 5 21 
29 26 15803 26 5 28 20 
2836 26 26 26 22466 5 28 
26 26 28 5 4766 26 
13909 29 20207 7730 31 10273 9901 15668 5 22466 5 28 
6451 1983 28 26 20 6 
21 28 4 26 11943 26 26 5 21 
26 26 1983 4165 26 26 5 6 
28 26 5 
11617 26 12863 26 31 26 2914 26 26 11943 28 20 
26 26 28 5 
26 15803 28 
26 26 20402 28 5 
21 22327 2352 4 21793 15190 15626 5 21 
21 21752 6049 4 2717 5 5 5 22466 5 28 21 
26 26 17211 24 
21446 5 
26 26 
21 26 4 26 5 21 
26 31 28 26 5 28 20 
10083 
26 26 
2566 15244 7509 21551 5 
30 17872 18498 9965 
16890 5 
26 26 26 31 26 26 5 26 
26 15803 28 5 
26 28 22 20539 26 28 
28 26 
21 15678 15190 29 5527 4 2352 4 3166 7730 7055 4368 5 28 4 29 
28 21 
21 29 14595 5 5 5 21752 31 10273 7730 20688 16404 17525 7850 28 20 6 
28 26 21 
28 28 
21 11943 28 26 4 26 26 26 26 26 5 21 
27 20 28 
7850 26 26 5 
21 26 26 26 5 28 28 8405 20 6 
28 26 
11347 
26 26 26 15803 28 28 20 28 26 28 
26 26 26 26 26 20 
28 26 26 
26 26 28 26 7630 26 22466 5 28 
28 
26 26 5 26 
21 17478 5 
16083 10273 6103 28 7914 6 
21 7850 17478 7509 19961 9634 4 28 28 5 
13909 10273 7850 28 6 
26 26 
22828 6103 28 
21 26 29 7914 28 4 6408 6103 29 11518 6103 22915 20 201 21 
23501 7509 16421 28 26 19547 20 
28 26 
20932 26 22320 
22825 5 
19961 9634 28 
20912 6 21932 6103 9148 7914 28 5 
22873 
26 26 26 29 26 
21 28 26 
13909 10273 7850 26 6 
21 20402 4766 15138 15995 18498 1547 15678 28 20 
22463 1488 6728 17438 9193 7730 16673 14604 1097 28 4 28 4 28 7730 28 20 
4766 15678 28 15678 8744 16404 434 15604 16971 7850 28 20149 19038 31 22463 15102 4 7847 20402 15138 23579 7914 20644 4796 9867 7730 9224 17934 20 
9901 20759 20463 15540 20402 4672 7509 16468 5 5 5 
20149 23135 21596 28 4 23135 13055 17304 2442 7730 21662 15678 28 6 11560 6 2914 5 30 29 21 
21 15355 26 26 20 
26 26 20 6 
13909 30 6 
28 20 
31 21726 26 4766 20870 3241 20 6 
21 28 20 
17583 4 20855 7730 20749 5 
13909 871 10273 7850 26 6 
21 17872 9769 4766 4276 6103 16067 5 
23575 10273 6981 3621 4 9193 18533 19169 28 5 
15678 2332 19969 31 29 4 21810 18498 6103 22327 4179 5 6 
20238 
21 28 28 4 5174 16918 7509 13576 3241 4 4766 4181 4 12780 16468 16673 19856 18498 7847 5652 12735 5 
21 16647 31 13539 22825 7730 31 1034 4 11462 5 5 5 21 
21 21 21 7850 4 7850 4 7850 4 7850 7850 7850 7850 4 7850 7850 7850 7850 4 26 28 5 21 21 26 28 5 
6592 18498 14604 19800 7730 15678 7509 28 28 28 20402 2727 7176 4 9193 4 16673 14466 4 6075 17872 8386 18498 20402 22463 7509 28 5 
276 15678 28 6 
13523 
21 23016 4 15458 7127 8810 4 19604 31 11647 20158 7509 9193 21083 15253 20 
7686 21793 8956 1249 4 7847 9025 7325 4796 17341 9818 7730 17556 21596 15678 17869 6103 5174 20463 21083 17304 14279 5 5 5 
9193 4 9193 23575 1249 4 15678 20463 1721 4 4229 1518 19193 4 201 4929 15678 7325 7509 9193 11335 5 5 5 
8443 17438 12861 17304 5320 8956 20191 4 19900 18498 7847 13055 8995 1959 16083 7325 4 16404 5360 20402 9193 21083 15253 20 21 
6246 7850 702 20 
5521 8988 7850 3790 20 
21 8956 20402 21282 22463 21662 4 16404 22805 20149 9193 9901 2727 4766 31 2561 13923 9790 4 22564 15678 28 28 4796 14900 27 
18533 19229 18498 8956 14980 20402 22463 3621 6103 4790 17438 9193 21596 16468 7850 12571 16404 28 20 7 
276 15678 28 6 
10273 8302 7509 3117 13901 5 
21 17658 28 5 5 5 
13761 7847 15658 16647 22144 21793 7127 20 
6 21 
21 8956 20420 15678 26 28 4 20149 22463 7127 7847 19969 7509 9956 26 26 7730 21582 22463 3916 7914 15609 14608 5 
13909 22463 16404 31 4711 6103 3241 9632 20 
4730 14980 7176 7850 28 6 
26 26 4766 15678 1097 
29 5168 7509 21663 6103 28 5 
21 18281 3885 4 11686 31 8956 11081 2371 5 21 
275 15678 28 6 11560 6 26 5 28 5 4766 
21 13909 22463 3241 9632 4 15502 14466 18498 26 26 26 9193 20 
16468 22463 3058 21551 9743 7730 19698 6981 14980 
21810 18498 23135 19698 21371 20 6 6103 
21 4289 6103 12477 6103 18230 5 
18533 9193 28 6103 23151 20 21 
21 21 21 4796 2322 21793 15190 18498 9193 16468 7850 12571 0 21 21 4 20402 15678 18498 16721 5 
4730 14604 19800 7914 16971 9632 28 4 14335 16393 22463 3058 11644 6 
21 12780 16404 22463 12571 7914 28 7850 14336 6981 1249 20 20 20 6 
17785 21752 23206 10273 6103 13761 4 8443 19450 5762 8956 28 
15678 26 20402 22463 14810 6103 10060 7730 19094 20670 31 11454 17438 22305 7509 10273 18498 9193 21752 5 
15458 29 15266 18498 14335 19509 4 17525 871 14980 13284 20 7 
28 7914 4458 5 
22463 9365 6103 8045 5 
19768 7850 3633 26 5 28 
26 5 5 5 
21 22463 17406 7850 6014 5 
28 20879 21 
21 20749 4 23501 6103 28 21 
31 263 
21 28 5 
9692 6 28 5 
15669 6 11031 5 21 
21 21526 6103 1628 5 
28 20879 21 
21 29 4 31 3610 5360 20 
28 20879 21 
21 9193 835 15658 3391 15637 10273 21282 20 
18498 23016 22463 9808 29 20 21 
26 26 20 6 6103 
21 22463 28 20444 4 28 0 21 
21 28 4 11710 14539 31 15533 13909 4458 5 21 
19924 10753 20 
14425 16440 7509 30 20 7681 12714 20 28 30 
26 22 20539 7850 26 26 31 31 26 26 5 26 1631 26 26 26 5 26 28 
21 28 4 23523 6103 16468 15637 13652 6103 3228 7730 9417 4796 22463 15049 8474 5 6 21 
16494 7850 14506 5 
21 28 17105 4 1614 15678 28 13055 4289 20 21 
21 19937 14561 7509 14604 19800 4 17438 8956 20853 20 21 
21 4796 13055 20402 13512 4 9193 4766 31 6170 7509 28 4 7847 23029 15704 6103 28 20 21 
21 16200 7509 26 26 7850 28 20 
740 31 21551 4 4785 31 29 6 29 20 21 
7730 654 28 0 
4766 7847 22327 16393 13909 20558 20 6 
21 26 4 21793 8045 21596 22463 4 20402 21793 15138 12577 20 21 
17438 22463 6014 13909 4751 20 20244 9965 
15344 7509 20749 7914 28 5 20244 9965 
18533 22463 5995 6981 20 
2570 28 2837 30 
21 3807 4 20559 10753 20 
15643 11284 14335 13480 18498 15678 22553 15643 22805 15678 28 20 
15138 3058 31 19924 5 21 
21 678 22665 1393 20931 22942 5 5 5 21282 18498 15658 
9205 20 
26 30 29 
21 15458 21551 18498 21596 6103 26 4 1540 31 12960 10523 1089 20402 21282 31 17406 7509 11629 20 21 
21 28 4 23135 17629 6103 22463 6981 17872 20931 3962 5 
17408 17872 17408 20 27 21 
21 3267 20 
23577 9433 16404 8956 9756 2790 20 21 
21 12406 20 7 
8956 9224 17973 20 9901 31 7157 21 
21 8956 12780 16404 15678 14741 6103 17244 28 4 28 7730 28 21 
21 24 15146 4 28 7850 28 20 
7491 31 14309 13788 18498 15678 16199 22126 22463 3227 5 5 5 15678 5 15678 
27 21 
21 7730 15678 19522 16379 7509 26 20297 20402 5 5 5 
29 4730 20 6 6103 21 
21 29 23151 22575 20 
5590 13026 4766 18525 23135 10959 20402 20293 13909 10544 20 7 21 
9193 15678 26 7730 15678 14604 15505 
28 23192 13115 
10753 20 
21 28 4 22463 14810 6103 2561 4766 4010 5 26 28 29 21 
17377 
2136 18498 31 11076 9193 20369 
21 15678 26 26 15036 12659 7850 28 4 22304 20 6 21 
21 15658 17304 4766 7847 4 13028 31 7847 5 5 5 16066 5412 15678 26 28 4796 7075 20 27 21 
14335 5241 22463 16971 13909 9808 654 20 
21 19869 7509 28 4 14539 6408 6103 21389 21551 8956 5288 740 16468 22463 4554 16958 5 21 
15282 5320 6103 15282 20446 5 5 5 24 
27 
8995 13761 20 
21 28 28 13325 18498 9594 6072 9224 4 15678 26 26 0 
12780 2371 4 22126 15678 16972 20 21 
21 12780 5417 17872 9193 9867 1249 18498 23016 20 
21793 19969 14681 20 21 
28 20 
21 12577 20 
1820 4 14878 7730 14426 4672 4766 8956 21 21 14245 21 21 5 
15658 9901 15138 3086 4 9193 20402 10469 20 21 
28 26 
29 14335 5 
12874 9193 22318 16647 5 5 5 
9193 9 26 
8840 9193 19969 16404 21752 31 10273 5 5 5 27 6 
21 28 28 28 
12780 20 
15678 
21 29 18264 20 
15576 21932 6103 19448 6103 17877 20444 4796 14860 16404 15678 970 6981 1249 20 6 21 
10475 7509 28 20 
21 28 28 9743 7730 28 9743 4 17629 4913 22463 6981 5 21 
1953 26 5 18525 14335 5174 19900 18498 9193 10959 6103 1954 2259 
30 28 11237 20 15138 10765 3058 20 28 
4935 18498 23135 9025 7850 29 
20402 13278 15678 16292 5 29 
9193 18910 7509 23 23 
19871 
4189 20 29 13581 7850 13236 5 
29 28 20 20 20 
6788 6236 2501 28 28 30 11273 7 
21 22564 15678 5942 6103 6088 18498 23135 9743 20 
20149 12406 15678 13909 19871 17521 20 29 21 
16404 15678 8918 6103 17244 5 
15678 
17556 740 
21 21340 16169 4 21340 9942 5 21 
22463 7127 8810 20 
16429 20 
21 29 4 29 4 29 4 29 5 21 
3224 4766 15678 16849 
21 21 21 28 10261 21 21 21 
21 26 26 4 26 21726 28 4796 20 7 
21 15276 15577 12861 4 23206 26 18498 9193 15424 13325 13909 5 21 
21 9980 17511 5947 31 10548 4 4766 5216 7730 10993 13501 20 30 21 
1729 8274 
22463 2154 7174 7730 6470 5 
10753 5 
21 28 22782 31 1649 4 4913 15678 26 7730 8995 19097 20 28 26 7229 21 
21 28 4 11288 26 26 20 21 
21 26 12863 4 7509 12863 5 21 
27 1937 20 
20402 22463 22897 22463 2332 18498 23029 22463 10350 10804 
21 20126 6981 26 7509 4587 4 21596 22463 29 18498 7847 13055 8995 4687 7850 2532 9193 5360 288 13278 5 5 5 6 21 
17478 7850 20207 1190 20 23570 16404 970 26 5 5 5 28 9971 6103 20262 
21 21 21 201 15678 20262 21 21 21 
21 21 21 22463 281 18498 16878 22009 8208 8406 20656 7730 18498 7480 31 7514 6103 20044 5 21 21 
10959 4 12780 7850 28 21662 7 21 
21 13667 7509 4945 5 5 5 17950 15678 21932 16673 4122 4 15658 8995 10544 17872 15502 5 
9975 6103 20262 21 
20402 10225 14539 5 
21 17998 7509 28 7850 14594 4 288 21083 13278 5 21 
27 5 5 5 
28 16476 23016 16404 31 28 20244 6525 15678 3388 
21 11729 5 20558 4 19871 7730 9432 4 22463 23570 10211 6103 20149 9457 5 21 
17286 
16429 20 
18374 6103 14413 20 

