9975 6103 9833 19611 14604 3959 9726 5 15708 16673 1506 6103 20293 5 19169 7509 2504 11780 
17872 9769 8956 20247 20852 26 26 28 
21 22463 21083 16323 17872 3790 18498 14335 6075 31 15941 6103 4809 31 21932 4766 15678 14604 20825 6103 12319 20 15643 11731 18498 21596 8956 4245 5 6075 26 4 15658 21596 16192 21036 17872 6355 9193 11036 5 23135 14514 8956 18953 7730 15138 13909 20 20 21 
28 18494 1190 6 
17458 3031 6103 4331 17790 20402 16404 15678 10300 5 15138 15708 16673 14425 3031 7509 11454 20 
4796 871 4672 18498 15658 14335 9743 15138 2727 
9980 20 15678 14425 18270 23151 8 29 8 29 8 29 
21 22657 10606 20 
14425 3031 4 14425 5692 27 5 21282 9620 1421 15678 26 7730 31 28 6 
15708 14539 4 654 9193 15658 20402 13909 468 6 26 13505 21 
21 20244 15481 4 9193 4766 3439 20 21 
28 20 

