20293 20 
13512 5 5 5 
22805 21282 28 28 9 
20402 15671 1097 20 
21 6421 20402 7544 20 15658 20402 10391 4 15658 12780 16468 21282 20 
21596 18498 17908 753 20 21601 20402 20293 22463 3610 20 21 
27 
20293 20402 21551 5 5 5 
10959 20 27 
13512 20 
27 
21 662 31 21793 31 9803 4 16719 17508 7730 3870 6103 21793 6 9634 7730 1097 16673 14604 1247 20 
9193 15678 21596 7914 14604 5528 7730 7914 9193 15965 20 
18498 28 15678 78 7730 18044 31 21793 23135 7730 20931 9634 20 
7730 18498 21793 31 8208 17504 7730 15678 3870 19553 31 23135 7914 7521 20 
15138 15708 20 
2702 31 21793 20 21 
21 31 14231 20954 4 15678 22797 2156 5 5 5 2371 18498 10405 20 20 20 21 
21 918 6 3590 31 14670 4 1815 31 11069 4 18332 6103 2637 7 3884 6103 20749 7730 18332 6103 741 4 19706 6103 17374 20 21 
918 7914 28 
16404 4809 6 3964 6103 20626 5 
21 11462 15678 18498 9193 21596 16404 7491 20402 6 15708 20 
15708 17438 22327 6 16673 22942 7 16673 9193 9634 4 31 18498 9743 16440 4 31 18498 5284 7 16673 1097 7 16673 835 23104 7 16673 7594 18498 21095 20 16673 1542 20 15708 17438 22327 18498 21596 4 13909 18498 4672 14273 7 16673 1114 7730 3870 18498 18876 7 16673 16192 6103 11998 7730 1506 7 16673 15965 7730 14483 17504 5 
11462 4 21282 21596 31 662 4 31 28 4 17836 7730 31 21793 23135 6 1097 7730 9634 4 17438 8995 4815 7914 21793 15678 14924 20 
18498 17511 5360 13030 16673 1249 18498 23016 20 
21596 21793 7914 14604 5528 20 
15708 20 21 
21 31 12202 7509 15150 20 
14604 16169 18876 22463 15150 17438 8969 7914 13616 12139 5 31 15150 23016 4766 15678 15677 7509 17218 6318 4 9193 15678 3906 20402 22463 28 4 1249 29 4 18498 7847 15643 21681 20 7847 21596 7730 21596 2136 11462 22463 10520 29 4 8235 7847 18968 5 439 0 15658 10648 5 5 5 17304 0 20539 15459 16587 17304 20 21 
21 16816 20 
8361 15678 9943 31 23104 7730 31 20402 16971 12125 20 21 
9808 7127 7509 16169 31 21793 20 
21 9808 7127 7509 16169 4 28 28 28 20 
18498 23135 17511 8995 20293 1393 15576 13131 4 1502 4 8361 4 1515 3611 4 8995 17737 7914 21793 15678 14924 4 4796 23135 21596 9790 2136 11462 20 
15708 17438 20402 22463 16169 6103 22821 20 
17438 16429 7730 5947 22327 4 6670 15678 12459 18498 19900 18498 20402 16169 2136 11462 7914 18498 15576 9943 13055 20402 468 20 
18498 28 7850 18044 7730 6075 20127 4 16404 8995 17737 9193 18195 1249 18498 740 8995 17438 23016 20 21 
21 9808 7127 7509 16169 20 
31 14604 16169 4 14604 14425 1095 20 
9324 16169 20 7730 654 22463 2336 14149 20 
18498 14335 8361 31 20402 18525 20402 5 
3952 4 11510 4 10268 4 10547 7730 16912 4 20402 871 4672 18498 7847 14335 16468 20 
1540 15138 4766 7847 7730 5360 1540 20 
18498 28 5235 31 20931 20127 7730 18498 7847 17511 8995 5200 17438 13909 871 21551 20 21 
1027 20293 5 5 5 
7994 20 13512 23180 20 
21 19900 15678 18498 20402 15678 28 0 
28 21 21 5327 31 10095 21 21 20402 15678 5652 21939 12910 6103 5327 31 2717 7509 10095 4 20402 18498 21 21 10083 21 21 15459 3962 18494 20293 20520 28 10083 6103 4169 16066 30 1082 16066 28 5 
7509 9971 6103 14230 1393 4785 6103 13903 4 15678 28 10089 17438 21793 15678 28 4 7730 7914 13909 7509 14561 7509 16587 4 15678 16953 6103 10090 7509 4169 4667 4766 15678 4785 7509 1249 13374 7730 7509 1249 10015 5 
15678 28 20402 16017 22564 16404 4788 31 4712 7730 16404 1380 31 9009 6103 17240 6103 1815 5 31 16971 368 7850 26 28 7850 12589 7509 23501 7730 9743 15815 5 6408 4 7847 16468 31 15812 20083 5 
17313 20420 8678 13695 31 6305 10095 4 18498 20402 22886 4796 22463 14601 7509 18191 22942 4 3216 7730 3086 9193 7824 7730 22042 5 15138 17313 20402 8678 4796 22463 1167 8406 15678 8908 20024 7730 31 10095 6103 4169 4 22463 9365 20402 15678 18498 7491 18498 15678 20024 7102 21596 31 5521 7730 6955 7509 28 4 7730 15658 7102 20402 4796 31 10095 6103 28 18498 1497 9193 18670 5 
31 22942 20402 5947 7730 2725 4 7730 7102 20402 23104 20244 14378 4 4796 15678 10090 6981 10095 5 
8956 23067 21 21 21557 21 21 7509 22942 20402 15138 17431 7850 5896 12910 7730 20402 15562 5241 4796 22463 457 10211 6103 9388 5 21 
5621 6103 3388 15604 5 
13512 6329 20 
16404 827 20463 7127 20 
21 15253 7730 9943 22463 13481 18498 12780 991 7509 21787 4 7509 4292 5 5 5 21 
21 4676 20 21 21 4796 15678 28 7730 15678 28 21 21 5 5 5 5 27 21 
21 16404 21793 15678 14604 1097 20 
23135 8995 20293 7914 14604 5528 4 16719 7730 15965 20 
15708 17438 22327 20 16673 1506 4 16192 6103 3870 4 16673 15965 4 17438 8995 4815 7914 21793 15678 14924 4 17438 20357 7730 20402 1095 20 
15658 21596 16192 16404 662 20 
18498 28 15678 78 20293 7730 18498 17511 5360 22942 582 20402 1097 20 
15708 20 21 
21 13727 15604 16404 5174 20 18525 12780 14335 13405 17819 0 28 30 28 4 28 28 4 28 28 28 4 1097 0 27 21 
21 11462 9193 13512 9942 9743 29 1249 20 
15678 21551 18784 23123 4 17324 31 17556 21551 7847 740 20402 22463 13512 2689 5 
9193 4 11462 9901 15138 9808 7730 15999 7914 22805 31 16971 18498 7847 8995 20149 21858 5 
991 6103 2717 4 7847 21596 15936 18191 4 6200 4766 15138 10680 4 15658 20402 17636 4 20402 20333 4 21347 4 12534 4 3872 4 6184 4 8235 9193 15658 17304 16630 22463 9942 14425 5 
3224 4766 7847 7491 18498 7847 20402 22463 21189 7914 9193 22942 4 22463 13512 21189 4 22463 17737 18498 28 14018 4 18498 21858 9193 22942 13909 827 7730 11710 5 
16323 9193 9942 20 
18498 23135 28 28 20402 15138 4 15138 9808 20 
6679 18498 23135 21596 6 20127 4 16580 4 1114 7730 21021 20 
18498 5219 18779 21793 15678 20463 20826 4 21596 4181 18498 5219 20 
18498 23135 5360 1920 4 11710 31 22942 6103 21389 4 4796 11710 31 22942 6103 20931 9634 20 
18498 28 31 18044 20293 20 
1027 23135 20 21 
21 3058 7127 4 28 28 20 2702 20 21 
16972 18983 15678 15677 6103 21500 7509 4122 1341 5 15708 20 
9010 16494 6103 3590 7730 15678 20032 6103 15038 20402 22463 6324 20 
472 20 27 
12780 19662 22463 2295 16404 21793 18498 5947 20 
21 15658 21596 21282 22463 17406 9726 7914 20402 28 6 16421 7509 28 7 2277 5 16559 7 14243 7 17458 28 7 14506 15193 7 22913 7509 4385 7 21468 15193 7 17608 7509 23135 20402 7 9009 7509 13759 7 17075 7 2439 7509 13441 7730 20931 9788 7 28 28 7 12916 3136 5 
1027 20402 28 20 31 4417 21793 20 21 
6146 20293 7730 6820 12894 20 
21 10959 6103 662 1393 1506 7509 1097 20 
7730 21371 8627 18498 15658 8995 7491 18498 31 23014 8995 4987 21282 1614 5 8995 12255 7914 21793 15678 28 5 
17304 20402 18498 9193 21596 21596 20855 7914 15658 20402 1889 2136 654 5 
31 9193 12159 20402 21596 20402 10514 6389 6103 22463 13652 7914 22463 20495 7730 15299 20402 9790 16404 20025 15678 17877 5 20149 9193 21596 10514 866 7509 14539 13652 4 1522 18498 1421 20214 7730 31 17377 5 8443 9193 17511 20402 14941 16404 15658 10514 15299 5 5 5 5 9193 16083 17304 14335 10514 0 0 0 0 0 
31 9193 23167 6103 23151 31 20402 28 20402 17458 1614 20402 22463 7509 17107 13727 18498 15005 7850 28 5 
31 13907 7509 16971 7730 17934 15658 19456 11538 16066 4932 5 
15658 21596 7804 4 19456 4766 15678 16083 5 
15658 20149 12034 7914 19456 15678 8806 10555 7509 16083 4 20149 23135 15658 7043 16468 17438 4434 5 
11284 15286 951 7914 3962 4 7850 28 4 7850 17583 5 5 5 
15299 10473 7277 4 20149 23135 17629 6103 873 16404 5231 866 4 20402 15678 18498 20402 4 20149 17714 16404 8840 9171 7730 15678 20446 20402 13923 9790 5 
9010 20402 871 7509 15083 18498 14335 9743 18533 23151 4 16404 31 9193 3962 6 20402 28 4 15894 15344 4 5741 4 21932 4 23104 5 
15894 19900 4796 31 16971 20402 7730 4796 22327 10473 16066 4796 21596 6103 17884 5 
15894 5108 7730 19900 7914 18525 5108 5 15894 21596 9193 9634 7730 1097 1393 14604 13131 5 
15894 9193 19900 4796 14335 17478 4 9594 7730 3348 14604 7277 20149 17629 5 
15894 20293 19450 15678 17877 18498 21596 31 5335 7730 7914 21551 18735 5 
18533 23151 4 17324 21596 9010 17517 7730 17460 20149 9193 21596 18498 16468 17438 17877 4 18498 20402 7914 22463 13727 18498 9193 19900 18498 12780 20402 19450 5 
18533 23151 4 17460 15658 20402 15708 31 23104 7914 22463 13727 18498 15658 14335 20357 2727 4 17438 14676 6103 18736 5 
8995 9594 17438 9193 4 20149 16083 16971 20149 20357 2727 15005 1614 4 3058 16404 7847 20 
20149 873 7301 6103 9193 7730 288 18498 8995 9303 4 9743 22463 5483 6 13202 22327 20 20931 22942 2371 15894 23135 15005 7730 23016 15005 1614 5 5 5 
7850 13909 4 15502 17304 19900 7509 22942 7509 16083 20149 15658 16468 16673 14539 20644 5 5 5 5 
733 20 16404 14426 8995 20244 28 7730 20244 21500 10041 5 17877 4060 16673 22473 18498 20954 7509 20751 7730 5608 15678 10003 5 17877 18967 31 3450 29 31 29 15266 5 5 5 
662 1393 1506 7730 3870 6103 21793 20 
6663 15678 6452 20 27 21 
20402 17629 21596 10547 7730 15138 16135 5 17458 8995 7188 5 5 5 5 
21 21596 22463 15599 16404 6075 6 
20402 19822 7850 13652 28 28 4 6389 7509 20495 28 5 
18498 20402 22463 7509 13905 20495 6103 28 5 
8995 9743 4913 4 20402 1393 18068 4 15658 155 31 3047 7914 15425 14924 4 23151 7730 9193 9942 14335 9594 18498 11284 13480 5 
155 31 3047 7730 21189 4 15658 8147 14604 4122 20 
9193 740 20402 1393 18068 288 18498 21355 15678 21596 16784 4 9193 19900 18498 15658 8995 13761 20 
15585 1393 155 31 3047 18498 15678 23477 8995 155 7850 16440 6103 22305 4 20402 18498 7509 14336 7509 3047 16404 10366 15678 23477 5360 9769 5 5015 4 4730 866 16404 155 15678 23477 21282 7850 16440 6103 22305 4 794 15678 4122 7730 13420 5 
13055 9743 15678 2947 7850 23104 4 2947 15678 11634 7509 4122 4 9743 22463 3026 7850 20495 7730 9743 7850 6282 22805 23040 5 
9193 18533 2322 31 21793 18498 740 15658 18983 15678 15677 1341 7850 23104 5 17324 15678 20634 8995 20402 7509 1623 5 5 5 23 13727 3058 6103 15005 21282 18498 15658 7730 9193 21282 17304 9743 7914 22463 13652 7509 23104 7914 28 4 17324 7914 28 4 4417 15894 15005 15658 21596 13652 7509 23104 20 7730 21282 15678 9743 7850 21252 18498 23016 4 17458 15658 21596 21551 16404 9901 12780 31 28 21793 11518 5 
8995 4766 22463 15677 18086 18144 18498 16468 1393 14604 1097 18498 13055 21596 15678 14604 15677 1293 5 
16630 31 21793 18498 14335 16468 15678 15677 4122 6103 23135 4 17324 16784 31 13907 7509 15677 4 22805 11944 5 
662 31 23135 20 
20725 20 18476 20402 15678 18195 23123 16404 20402 28 0 0 0 
7914 13909 6103 29 1249 15005 7914 20402 28 7730 29 1249 15005 20402 6103 20402 28 12861 15643 14335 349 5 7491 15678 13909 6013 6 20855 20931 20 5 17304 20402 20 
11066 31 28 18498 15658 20402 31 15256 1694 4 18498 15658 13405 22327 6 3906 4 4122 4 3047 4 3930 7730 7535 20 
11066 31 28 15502 20149 9835 5 9193 18498 20402 22463 184 20402 1889 6389 6103 22463 13652 18498 21596 5995 7730 20214 4 6389 7509 20495 20402 20 
12254 7509 13727 4 7509 16587 4 18498 21596 6103 6075 11066 17438 21282 9193 19822 20 21 
21 16404 871 21 21 16169 21 21 20402 13909 10544 6075 19277 7509 18498 7802 20 18498 16169 20402 8956 0 20 21 21 18498 16587 20402 8956 0 20 21 21 18498 16971 8995 6256 16404 9010 15190 0 21 
21 17438 28 28 
15390 6103 1027 
8956 15390 6103 1027 5 5 5 
20825 4766 2702 5 5 5 
20357 7850 16668 31 835 15033 6103 20402 9808 20 
1612 3564 18498 1610 15678 5528 
18476 11284 16179 5 5 5 
21630 18498 6933 15678 14604 15855 
18476 5849 4766 15678 20463 5 
733 20 8956 11871 6103 20402 
8995 1393 14539 21551 20 
8956 12277 21551 18498 
6103 19324 23123 
20244 18498 17511 11144 5 5 5 
31 10444 7509 3058 18963 4 
31 14487 5150 5 
22345 6103 20352 5 5 5 
22463 22897 9808 4 
20293 20126 20 
29 29 29 21 
21 17438 28 28 
22225 
28 23016 7914 18498 21793 15678 6014 16866 15628 4 
1471 7509 20749 4 
1471 7509 4521 4 
1471 7509 20853 5 
28 23016 7914 18498 20357 22463 17942 16958 5 
14539 18498 11284 19703 4 
14539 18498 31 19795 6460 
7730 4796 20149 12861 15658 2626 4 
13764 19761 16673 28 5 
20357 18498 15678 15190 14335 15952 5 
17908 8147 22463 19484 4 
22716 13598 4 19856 4 16719 4 13324 5 
9193 4 15658 5219 126 31 7594 5 
17629 6075 22732 31 21793 9010 1220 4 
1276 18498 7847 21810 17511 6103 9193 5 
16721 8443 7914 23135 
7730 18525 19900 4 21355 4 
11284 22463 20794 20 
20149 11284 1612 7914 18498 31 910 20149 19089 7850 5528 4 
20402 9312 6990 16971 18498 17629 5 
15658 9901 31 8840 6103 18498 22327 12861 15770 5 
9193 20149 228 4 871 7127 4 23029 18498 7914 14604 15860 31 22225 20149 19089 4 
15658 16878 18498 9193 14335 16784 5 
28 29 21 
21 7994 20 23104 15678 17563 11069 20 18498 21596 31 3726 6103 20149 22507 4 14539 7914 14336 31 13905 5782 6103 20463 16587 7730 4110 31 21942 4 31 6070 6103 20463 16587 20 21 
15138 3058 8429 20 22657 31 16689 13359 2136 15678 9975 20 
21 13512 20 
31 21793 23135 18533 4 18498 14335 1129 4766 16192 7730 10826 6103 1114 7730 3870 20 
20420 12370 20149 4491 21282 871 4 9193 19900 18498 23135 19900 7914 20463 5528 18498 14335 19081 31 23135 20 
15138 15708 20 
18498 28 7850 6075 7914 7521 15678 18498 23135 9743 17438 9193 20 
7730 18498 9193 17511 19567 7914 871 14924 15678 3870 6103 23135 17438 9193 20 21 
21 16404 23135 28 28 20 
13325 7509 10765 3702 9010 15286 4 22463 16440 6281 4 7850 3962 6103 9193 20744 5 13325 0 20 2702 20 21 
3058 7127 20 
21 1471 18498 12709 20402 866 18498 31 16971 21596 5 6103 22327 6 7509 18498 23135 21596 4 7509 18498 23135 20402 4 7509 18498 31 16971 288 18498 23135 21596 5 8235 4 15678 11861 20402 7110 31 8208 18498 22318 14018 4 20402 3058 16066 19854 20 7110 20 21 
15678 20520 20402 13278 15678 15540 21371 20402 3086 20 27 
13512 7730 7994 20 
3058 7127 20 
21 871 4672 6103 9193 22942 21282 15671 7730 28 19900 15678 18498 16468 7730 20357 5 15424 430 21582 9431 4 15502 12780 8386 20 21 
740 20293 7850 4554 7509 1114 20 
21 1027 20402 10544 4 21225 9010 1114 7151 15658 20 
16468 13909 6103 29 1249 4 8995 1614 22507 5 
15658 20402 10544 4 9193 15855 16404 22305 4 22657 15138 31 16689 5 
7730 5360 15678 7558 15855 7850 14539 7284 20 21 
15855 18498 10141 28 28 20 
918 19511 15765 7914 28 
3964 6103 20626 
15855 18498 13278 28 28 20 
21 15855 18498 10138 4 28 28 20 21 
3058 7127 20 
21 16404 23135 28 28 28 20 
18498 28 78 23135 7730 20931 9634 20 11710 7730 15678 18044 15459 15604 3610 6103 20931 22942 20 21 
16404 272 9193 15604 18352 6 7623 17316 5 
31 21793 14604 1097 20 
12901 7850 21633 28 7914 20402 28 
9193 12780 5 5 5 21582 5 5 5 27 
21 3058 7127 1097 20 
1575 15678 7127 20 2702 20 21 
15855 18498 13512 776 28 7730 28 28 20 6075 2136 16404 20357 15678 16826 5 5 5 5 
21 12577 5 9193 20582 4 9193 17658 8840 5 5 5 21 
21 13512 21932 4 4796 20293 20 21 
14604 23222 7850 28 
21 18533 1097 4 4730 15604 17316 6103 9193 2250 4 991 7509 17316 6103 16083 2248 5 
20149 23135 10959 6103 17316 4 16468 13761 7850 9193 18352 7730 5947 20 
8000 26 
7623 17316 
13591 29 5947 
10273 6103 7623 17316 5 21 
21 31 23135 18533 1097 6 
15658 12780 4491 15540 4 20402 15138 7730 15658 18533 8918 6103 15502 20 
10959 6103 662 6103 21793 15678 14604 5528 31 21793 6 3870 4 16719 4 8208 17504 4 15965 4 1506 7730 31 13512 16192 18498 21793 23135 14335 6184 20 
15459 14924 7914 18498 31 20126 20402 11758 4 31 22225 21810 5320 7509 14604 5528 4 15678 18498 14335 5255 20402 19900 15678 18481 23135 14335 1027 20 21596 31 4181 18498 20402 19002 4 20402 15678 18498 9743 31 22657 31 16689 23104 4 15678 1114 20 
21793 23135 14335 753 7730 5360 14335 753 5 21282 7914 19900 18498 23135 8995 1393 14604 13131 4 14335 9743 20357 328 7730 5255 20 
19900 18498 15678 21551 1085 9010 7594 7730 18498 20357 20126 4 9193 14335 13325 21282 7509 3058 14924 18498 16468 4766 9193 1095 28 28 20 
21596 23135 4796 1097 20402 14149 20 
15708 20 
18498 28 15678 78 20 11710 20463 3611 7730 15678 18044 4 11462 7730 20293 20 
2702 7850 5528 6103 21793 20 21 
21 23135 14335 8361 12861 1095 4 28 28 20 
15138 20126 20931 5 5 5 
31 22942 14335 8361 5 5 5 
31 7491 425 1393 16971 18498 1027 4 20244 21763 7509 14604 5528 7 
20852 1393 16971 18498 15658 10959 6103 9193 4 
16404 15069 18498 20402 7174 7509 18498 7847 16721 7 
9743 6103 5320 18498 22327 8995 2727 18476 12861 15658 20402 22821 4 16404 18498 9193 17511 368 18498 22327 12780 15128 7 
3533 16404 16098 7 1540 4766 14604 8564 5 
560 9193 17511 20402 20293 14425 5 
31 13749 5371 31 12368 7 20852 18476 15678 18498 13909 6679 20402 11091 21793 31 9193 7594 16404 15678 15190 5 
31 20402 10259 18476 15678 18498 1027 8995 4766 17877 7 
20402 3872 4766 21793 18498 17629 7509 14604 3870 7 
16098 31 21793 18498 21282 17629 6452 7 
1027 1393 18498 14335 13822 16066 18533 9743 6103 9193 6429 6103 20931 10431 7730 6469 7 
16793 12052 4 17324 13055 17629 6981 16802 7 
1027 12052 4 17324 21371 17629 6981 1114 7 
31 827 31 18525 17629 7 
31 16630 16802 7 
31 20825 352 7 
31 352 16404 31 18774 20293 18498 20402 15392 7 
31 1575 3450 12459 6103 9801 7 
31 4346 6103 20126 20244 22834 6103 6355 7 
14335 8361 31 21596 15860 16404 21 21 22805 7730 16098 9094 21 21 4 
7957 15424 20293 5219 8389 7 
31 22805 15678 8095 7509 18444 7 
31 20357 31 7594 7509 425 7730 7509 18498 20149 201 4 20293 13749 16404 17745 22327 15678 18498 20402 11861 16404 31 9801 7509 14604 20402 7 
31 155 9193 12899 16404 15678 1114 7 
31 15658 21535 15678 10530 7 
14335 8361 7730 8995 14335 8361 31 1575 15678 17737 4 
4796 22463 17737 18498 7509 22942 18876 4 7730 22591 4796 22463 7146 18498 9193 14539 21596 18498 13189 4 7850 6075 10211 7509 14031 18498 9193 8637 5 
28 28 21 
21 19295 9193 18352 6103 17316 4 654 18449 17316 6103 9193 2250 4 991 7509 17316 6103 16083 2248 5 20149 23135 10959 6103 17316 4 16468 13761 7850 9193 18352 7730 5947 20 6 6103 
21 16404 20293 28 28 
18476 9193 19900 18498 23135 8995 7542 4 15658 16721 7558 22898 7730 19969 7509 9193 3962 4 6256 14604 9943 7730 14181 7730 23123 16404 20402 28 5 
4796 9193 22318 7491 6 21 21 9193 15658 17304 8995 7914 16083 13727 4 20365 1393 20463 13131 20 21 21 
288 18498 22327 16468 4 18498 21282 20402 13909 22463 15745 7914 20931 22942 20 
7730 23135 15678 21681 21389 7914 20931 22942 20 7730 15678 21095 21793 20 20293 20402 22463 11020 11156 20 7730 15678 20402 2136 15678 9975 20 
12255 9193 8995 8561 7730 9010 20402 20931 23575 2635 20 
31 16971 20149 21187 4766 9193 2053 4 9193 15658 17304 20402 7174 4 15658 4766 23135 20 
9010 15190 8995 4766 15678 22666 22240 4 31 16971 20149 8918 7509 13909 11861 6 1027 15678 18195 4796 31 22318 14539 20 
7730 23135 18533 1095 4 19900 9743 12861 15138 2727 20 
23135 4766 20931 13759 21787 15678 5528 6103 15138 16971 20 
9193 22507 4 20931 1095 4 1393 20463 19030 4 17438 1114 7730 1103 31 23135 5 9193 8361 15678 22823 20520 7509 16192 7730 7509 20352 6 1103 20 
21596 15678 17869 6103 5484 4766 23135 17438 29 1249 20 
1249 6103 20826 4 22225 7730 835 20 
1249 7914 18498 17304 20402 1506 7730 5255 22463 16404 31 16083 20 
14539 18476 31 7419 28 20149 12618 8406 15671 4 15658 16784 5322 7730 20293 6075 22463 12939 6103 9193 9594 7730 21793 1249 9193 8147 4 16673 14466 22463 22897 5 7730 9010 8155 20402 4290 6103 3870 4 1114 7730 835 20 
15643 14335 8918 6103 20463 20853 7 6103 20931 835 7 6103 20931 10665 20 
7509 20463 3870 7 6103 20931 16192 4 20293 15078 5 
6103 20931 14031 16062 6103 8100 15678 17877 7730 6103 8474 31 22942 20 
12894 14335 8918 6103 23135 7730 7509 18498 23135 20520 7914 9193 22942 20 
15576 3611 11462 20202 19860 7176 4 9193 13640 13909 31 10366 12780 9193 19052 4 21596 4181 20 
11462 20931 13759 8995 740 13909 3216 7730 19900 18498 31 20357 7914 15576 5528 4 16404 20293 20 21 
28 28 28 28 28 28 28 28 28 28 28 28 28 21793 28 30 
21 28 28 
18498 23135 8995 7914 16580 4 1095 20 
15576 23575 8147 13026 4 7850 28 7509 20495 28 13611 5 
23135 8995 22385 13512 7730 9808 20 11710 20 4796 23135 20293 20402 20 
15138 13759 7730 16580 7914 20463 3610 20 21 
662 31 21793 18498 15963 17438 9193 1095 28 28 5 11462 7847 6564 5 7730 9193 12780 14335 6917 6281 16673 23575 22897 5 9193 21596 4181 18498 22463 7127 12780 9193 8147 5 
21 23104 9193 22942 6956 16066 17703 6329 5 
7730 6103 19324 4 18476 22327 12780 2727 4 866 349 5 
31 22942 9193 21187 20 15424 20293 20402 22463 3058 21189 5 
15138 22898 20402 22463 18716 20 15138 22898 9193 13822 4 15138 20 
9193 4766 4181 20293 1540 5 
18470 20402 15678 22823 22665 7509 22942 0 20 
16404 18498 23104 0 
15678 18498 13405 7850 9975 0 
15678 18498 9193 19900 20402 18498 15678 1114 22823 4 9010 16866 20293 9193 5528 6103 18525 15812 7730 6103 18525 18876 5 
11462 8995 4766 14604 5528 1467 20 
9193 21596 4181 18498 28 20293 9743 15678 14425 17438 21793 15671 20 
20402 12861 18498 8815 11462 16630 31 7847 5 
7730 31 21793 14604 1097 4 9193 16630 18498 20149 17304 4 9743 22463 15965 17438 9193 1095 28 5 
15708 20 21 
28 28 
21 28 28 28 4 28 28 28 28 28 28 28 28 21793 28 30 21 
13512 7730 7994 20 
16404 23135 28 28 20 2702 20 
16404 4809 15678 9971 6103 20247 6 28 26 20 23 5 5 5 5 
16404 4809 15678 9972 6 28 26 20 23 5 5 5 5 5 5 
16404 6075 19699 5 5 5 27 
27 
16404 23135 28 28 
21 20402 12861 4 3726 6103 20149 22805 7850 16083 4 20774 20 
15502 19900 31 7594 7509 16083 4 20463 6474 4 20463 13494 4 21282 17304 11731 5 5 5 
6256 15576 17877 6103 13131 17438 871 14924 7730 9016 31 15256 1393 16083 4 16098 15678 16083 4 22385 17556 9193 5960 4 9193 6103 11020 11868 20402 31 18525 20402 16098 20 21 
21 31 21278 7509 21 21 4676 21 21 20 15502 20402 21 21 4676 21 21 4 21793 21596 10268 6389 6103 15671 16404 19969 6103 18475 17877 4 15502 20402 10296 4 15502 20402 21 21 4676 21 21 20 21 
21 22821 28 28 0 20 27 
472 4796 14706 20 7730 14604 9943 21371 20 21 
21 18525 21596 21346 4 21596 5 5 5 5 9010 20402 7509 9193 9942 5 21 
16404 4809 2136 18498 9901 3086 20 27 

