21 21 21 20149 21596 6103 14335 8918 4 14335 8918 5 9193 2727 7090 21 21 5 
28 28 21 
28 16811 
21 14539 18476 22327 16630 22463 17556 13909 6103 3558 
2136 18476 15678 5574 16630 22463 17556 13909 6103 910 
31 22942 15658 16404 
8329 15678 21551 249 7730 16630 17758 
9193 14335 18988 9743 11518 12780 7850 22673 
31 22942 20402 22385 18705 
8329 21793 15190 8840 31 5929 7509 13923 
7730 31 13690 9996 18498 12861 22327 20402 15558 
9193 9996 21596 16135 
7730 15678 15190 12780 10855 3450 22897 13909 22768 
31 10765 8840 7509 15190 7730 15678 15190 8840 6103 15671 
22463 17556 13909 6103 16135 
20402 18498 20402 21551 18498 7850 9620 17872 16765 
20402 18498 21596 8956 21551 17872 16784 
7730 18525 18533 19900 
31 22942 20402 22385 18705 22385 18705 
14539 18476 22327 16630 22463 17556 13909 6103 3558 
2136 18476 15678 5574 16630 22463 17556 13909 6103 910 
9193 19900 4 31 22942 15658 16404 31 22942 15658 16404 15658 
20402 18498 20402 21551 18498 7850 9620 17872 16765 
20402 18498 21596 8956 21551 17872 16784 
7730 18525 18533 19900 
31 22942 20402 22385 18705 22385 18705 
14539 18476 22327 16630 22463 17556 13909 6103 3558 
2136 18476 15678 5574 16630 22463 17556 13909 6103 910 
9193 19900 4 31 22942 15658 16404 31 22942 15658 16404 15658 5 5 5 31 22942 15658 16404 21 
21 28 4 28 4 
20402 22463 7563 4 
22463 4179 13873 
22463 10268 18498 9193 846 
22463 15144 18498 14514 
23104 7730 1027 
4796 16083 18475 
7509 17230 
28 4 28 4 
20402 15678 20799 4 20402 31 5518 4 20402 15678 21082 
20402 31 7603 13909 10259 7730 13347 
6103 22463 10765 18498 
18476 7102 4346 
7730 15658 23104 4 1453 708 
9193 20402 17629 21596 10268 4 
20402 17629 21596 18737 
20402 17629 21596 10650 20293 
18525 22126 7850 5574 31 14156 
28 4 28 4 
14810 31 7594 7730 31 835 
9193 20402 17629 21596 14049 4 
20402 17629 21596 11066 
20402 17629 21596 20825 20293 
18525 22126 7850 16668 8956 14156 
17520 31 9074 14069 
6103 21596 10547 7850 22942 5 5 5 
28 28 21 
29 23146 15138 3058 
10959 20 20 20 20 
21 22805 
15658 7491 18498 31 3718 8995 16784 
21596 10547 7914 28 4 21596 10547 7850 22942 
21582 16083 22897 
2685 
17324 31 702 23104 740 8995 7850 10192 
23135 21596 7558 18376 16404 5849 31 17406 
15299 201 4 15658 15658 15658 15658 
21582 
13398 20931 15256 20172 7730 18931 31 1190 
15658 16721 18498 31 3393 732 20149 23135 16367 4 
15658 15658 15658 15658 
11284 22463 23180 18498 3702 4 
22463 23180 18498 6070 4 
22463 23180 18498 10855 
2433 7850 1623 
18533 
2631 20402 20584 7730 6679 17942 
23135 20402 3735 6103 19943 15678 15190 4 12780 
21582 16083 22897 
21582 
7730 15658 7491 18498 31 28 8995 16784 
20149 20402 6103 2635 18498 20149 23104 31 22942 
21582 16083 22897 21 
21 15855 28 17090 4 28 28 288 3086 7730 31 3790 6103 23135 21 
21 18533 662 31 21793 18498 14335 8458 31 13512 14469 6103 9803 16673 14604 1247 4 31 3450 22463 21596 22463 3870 8810 7730 8995 21793 7914 14604 5528 4 18498 28 78 31 3450 22463 4766 3369 6103 11066 15138 2702 31 21793 21 
10548 20402 2727 22985 7 
6 
17942 20 20 20 
20402 22463 11020 1249 20 15708 17438 9743 16440 6318 5 
28 28 7730 28 28 
21 6256 16440 
15678 18498 15658 22318 16933 13909 
6256 20202 15678 18498 15658 17304 23151 
6256 15036 15678 18498 31 22942 13055 6917 
155 31 17478 7509 18487 7730 31 12899 
18498 15678 17521 7509 22942 22318 8840 
23016 6418 18498 31 22942 17629 5360 
15678 18498 20402 13055 15658 20444 20402 16468 
7730 15678 10530 740 8995 7509 16083 13131 
7730 15678 17737 20402 15678 17737 18498 15678 21551 18533 22318 8414 
18376 28 6103 14418 21 
17629 1540 
21 3960 4 9634 21 
20497 20 20 20 
21 21 21 4672 20402 13909 18498 4672 4 4672 20402 4672 18498 9193 9743 13325 5 21 21 
28 28 21 
21 21 21 21282 22271 7850 3610 18525 20149 18006 31 3610 21 21 21 
21 11560 6 23273 5 28 5 4766 26 0 22615 29 29 
21 7730 20149 31 3450 22463 3391 5876 6103 22463 5528 5 5 5 16083 0 
20149 7914 3450 16083 16654 11284 18083 991 6103 11036 0 
15678 21468 15242 21 
21 23104 20402 28 18498 6075 21282 4 14539 4766 15138 1393 15576 13131 7730 18498 16468 17438 15671 4 23104 20402 9422 12178 7 20352 4 19492 4 14453 4 18498 22126 7850 13909 17942 6103 9193 910 5 4672 6103 10765 11020 7730 10765 16753 4 9193 4672 11570 18498 21282 18525 21596 5528 20357 5 21 
21 1027 4 23104 4 18498 1114 20402 20825 20 
28 6103 28 21 
31 20126 20402 9942 7509 21551 5 
21 7730 31 20809 21282 9387 18476 3219 871 13759 5 
16148 28 6103 14418 21 
21 21 21 9769 15678 15860 7730 16630 22463 9721 1393 22797 6 13405 22327 18498 20402 6879 5 1190 3697 6103 2419 16958 5 5 5 6073 16404 10366 13405 1453 15678 18498 3391 7850 3047 7730 7850 5528 5 21 21 
5527 5525 21 
21 15138 22898 2631 20402 6 4687 18498 328 4 3192 18498 8464 4 16192 18498 5139 4 20537 18498 19456 4 835 18498 5313 4 13764 18498 5590 4 15855 18498 222 4 6679 18498 19931 4 1114 18498 17982 5 
7730 12861 15658 20402 4672 6103 16083 15190 4 20402 15678 18498 6075 20357 1393 22942 5 20402 15678 18498 9743 4766 18498 7847 15658 20402 15424 5947 4 15424 13669 6329 4 9193 18498 20402 12545 4 22823 4 18328 8329 7687 5 9808 1612 18498 22009 15678 18498 19900 7730 1540 15678 18498 8361 5 
5527 5525 21 
21 21282 15678 1114 9193 6075 5055 6103 5876 7509 16083 2136 15678 9971 5 
18376 5 28 6103 14418 21 
21 20293 18498 7883 13697 1393 6014 
20402 15678 28 18498 8414 7850 15256 6103 28 
7730 28 15678 78 4766 1114 7730 4766 22524 
7730 15678 28 22126 22327 12861 1393 15576 5528 21 
21 18533 662 31 21793 18498 7354 22463 17556 7509 20463 21551 16404 8678 4 14335 13480 4 14018 14469 16673 14604 1247 4 19900 18498 3450 22463 6103 23135 20402 8810 17872 9193 4 1097 4 16399 4 5174 4 23114 8235 16971 18498 9743 16440 7509 9193 11454 7730 3871 14335 6679 23176 6103 9801 4 16630 31 15576 28 18498 6075 7914 7521 31 3369 18498 7847 6439 7850 9193 22942 16404 3450 22463 6103 23135 4 15708 14539 4 20149 20357 21793 134 17438 9193 10765 13512 21 
21 20149 362 4766 31 9801 
20402 12526 7730 15658 16673 14561 21 
21 11462 9193 352 13909 4099 
7730 9901 22318 15855 7599 
11731 871 21153 14378 
16404 18498 22385 13640 17304 22318 4624 
21596 5876 6103 23135 21793 8956 21551 
23135 9010 20670 14604 134 7730 9193 18059 
21596 22886 23135 8561 7730 5741 4 1027 7730 23123 
23135 19900 15894 17562 
1393 352 13055 21596 16440 
9901 6103 13667 8644 
9193 20293 16936 4 6103 4179 4796 20149 20402 11570 4 23104 
23104 17872 22318 5876 4 22318 18044 4 20244 23135 14335 22805 
20244 19900 18525 20402 
20149 20402 1248 16066 20149 20402 20463 1114 
560 4 18525 9193 20402 0 
20463 1248 4 16066 20463 1114 0 
21596 1868 0 28 1421 12745 
11578 21371 4 18476 1027 
18533 7491 18498 13055 15658 11862 
13909 4 19900 6103 15894 9193 23016 
20149 22327 18498 20402 17872 23135 4 20402 1114 
7730 20149 740 1920 4 18533 23123 
22318 13405 4815 4 22318 15061 31 9094 
16083 776 4 28 4 31 22942 4115 
7730 6408 23151 17872 9193 3962 
2136 9193 1027 
2136 15036 
16404 7491 18498 20402 20463 15678 1198 
20402 20463 1114 7850 21631 
7730 20463 1248 7850 6014 5 
28 28 4 29 21 
20402 4796 20670 5 5 
3029 
21 8995 417 22463 9032 7102 13909 13405 4 4987 7850 4672 3058 18498 31 22942 14335 6075 7730 740 6075 5 16721 4 9743 7730 9594 4672 3058 7730 17504 4 21282 14335 22126 16580 12589 7730 16718 7914 28 18498 20402 15678 18498 17629 16404 9193 22942 4 21282 1920 12780 2082 16404 16936 6103 9193 31 16971 18498 20402 18784 11861 7730 14335 9743 2727 5 5 5 8995 13667 6103 22225 7730 10765 18498 15658 10959 6103 22805 31 9801 875 4 15678 20304 78 31 21793 4 9193 20402 17629 21596 10547 17324 7847 21371 16630 9193 4682 4 7730 15658 11284 15299 14425 18498 20255 15678 1114 7730 16580 16404 18498 9193 19568 23016 7914 21911 9801 5 21 
21 22463 7623 9634 
18498 21596 31 14069 
6103 288 835 
15081 7730 18736 
15894 7491 18498 15658 
2371 18498 8995 31 15242 4 14604 12787 21 
21 8995 17629 22463 17556 13909 5 5 5 
21 21576 7491 12862 4 16404 18498 7914 9193 21596 16580 7 7850 15190 21596 573 4 9193 21596 3058 1233 7 9193 22773 15678 15190 5 
16192 7509 20304 28 5792 20207 15678 9215 8678 17438 28 29 5 29 21 
21 21 21 28 15658 7850 6075 13909 7509 18498 23135 17304 3913 5 21 21 
28 5792 5 21 
21 21 21 18498 9193 15658 16784 31 2717 7730 31 835 6103 22805 4 14539 19900 18498 15138 13764 3256 7509 14604 15860 7730 8661 17438 9193 910 5 21 21 
28 28 21 
21 31 22942 15658 20402 9790 6103 14924 9509 7730 14774 4 9193 15138 4 15138 7730 15138 14924 16753 7730 6103 11020 11868 18498 22305 16580 1393 5528 4 835 7730 2727 15658 20149 17908 9193 20149 5204 6103 3450 2717 17239 7730 5892 7686 31 22942 5 5 5 22463 3058 15533 31 21793 4766 15138 16580 7730 2727 1393 5528 6103 21793 5 21 
21 8995 17629 13359 12861 11462 4 17324 18910 7509 22942 20244 6075 22665 1393 18498 21596 6103 13909 17623 5 16630 4672 31 28 7730 8918 6103 662 15678 18498 13055 21596 7730 18498 20402 18784 11861 4 17324 20149 7847 14335 6075 20402 17458 19900 18498 17629 4 20149 15658 14335 6075 20402 18498 15658 14335 20402 23579 15459 14924 4 238 15678 21551 18498 15658 20402 14604 20402 7188 4 9193 368 18498 16404 28 20402 15138 13909 22223 18476 15658 662 16673 18498 21596 7730 18498 20402 6075 4766 21389 1114 7730 3870 5 21 
21 21 21 31 9801 20402 22463 8995 6103 8908 5 
20149 31 20931 14487 740 8995 15658 8995 
6103 5152 7730 642 4 15678 2727 14273 
15658 12780 7850 18009 9801 5 
9801 20520 16580 6103 8908 21 21 
28 13152 21 
21 21 21 5892 8974 14485 17508 4796 31 10747 7730 31 4839 6145 5064 31 14425 20127 14480 7730 31 9801 21 21 
28 13152 21 
21 9312 12861 27 

