28 2606 28 28 28 28 8995 17304 23 27 5 5 5 5 
16404 28 28 28 28 28 28 28 28 2606 28 28 28 30 28 28 28 28 28 28 28 28 28 28 5 5 5 5 5 27 
21 15855 1114 28 28 4 288 20931 3790 5 5 5 5 27 21 
12861 20539 20402 15039 28 28 28 28 30 28 28 28 28 28 28 28 28 27 
16404 28 28 28 28 28 30 
21 871 1103 16468 19871 4 15658 17163 6103 15860 5 
16083 20402 9790 16404 7687 2136 18498 23135 17163 16673 23575 22897 5 
20149 5876 28 28 21 
21 201 6103 1937 26 26 5 5 5 
14335 12442 7730 9743 22463 2725 28 4766 16102 17872 15502 3124 6198 5 5 5 27 21 
15855 2371 18525 7491 18498 9193 15658 7916 5 
21 15138 15708 28 28 17438 8995 1393 14604 13131 9193 14924 13909 7188 4 17458 18476 9193 15005 15658 2585 23135 8995 13761 4 18476 9193 8406 7914 6421 23135 8995 4 18476 9193 9901 20244 7251 23135 8995 13761 4 14604 23135 20402 15138 2345 13909 14539 1920 9193 22318 1027 5 5 5 27 21 
21 11561 6 23273 5 28 5 4766 8995 3086 26 26 31 5 29 5 29 5 29 29 0 26 29 
16404 28 28 9193 28 27 5 5 5 5 5 21 
15855 18498 12577 28 17406 28 28 28 30 28 28 28 28 28 
15678 1845 7509 16292 5 5 5 
21 23570 4809 15678 7127 16098 21 21 7585 22 21298 26 26 26 21 21 17872 1233 15678 7127 5 5 5 21 
21 3450 7127 13909 9808 5 5 5 5 
11462 5219 4730 22463 2769 18498 15658 8408 7914 9193 31 13909 6103 7558 1249 5 5 5 
3450 22897 13909 5105 18498 17511 22327 18498 6679 13909 12646 5 5 5 21 
21 22463 13324 16404 15678 1249 15604 
21 21 20149 9010 14924 20402 9808 16066 15658 4 6400 6103 23135 5 20402 23135 18498 9743 4766 18498 15678 14924 20402 9808 5 15658 20402 15678 14924 18498 22318 9743 9808 5 4766 2031 17269 4 4988 7730 7294 4 18475 14924 17304 20149 21858 22463 14924 9808 5 31 9801 20402 22463 28 5 21 21 
28 30 28 21 
20402 22463 11020 1249 20 15708 17438 9743 16440 6318 5 
29 
21 21 21 18475 18498 20402 15678 3058 21932 18498 23135 9743 4 8995 21061 31 8147 17877 7730 15745 5 17438 12861 20402 11861 22838 31 20931 15082 5 20402 22823 7730 11509 6 20149 1616 18498 18533 9743 20402 3058 16404 15678 16083 4 20402 3058 16404 23135 21371 5 21 21 
28 13152 21 
21 11284 1453 7558 4672 4766 18498 23135 7102 20149 17703 4 20149 23135 9010 2727 16066 20149 23135 9010 7542 5 5 5 
20149 23135 9010 2727 4 15658 11284 4766 15678 18498 20149 17703 20 
20149 23135 9010 7542 4 11284 7558 4672 4766 18498 23135 17629 20149 17703 5 5 5 
20149 23135 12780 20149 5876 16066 20149 23135 12780 15036 5 5 5 
20149 23135 12780 20149 5876 4 15658 11284 4766 15678 18498 20149 17703 20 
20149 23135 12780 15036 4 11284 7558 4672 4766 15678 18498 20149 17703 5 5 5 
20149 23135 12780 16404 15678 6014 16066 16404 15678 12261 5 5 5 
20149 23135 12780 16404 15678 6014 4 15658 11284 15299 4766 15678 18498 23135 20149 17703 5 5 5 
654 20149 23135 12780 16404 15678 12261 4 8995 22385 15781 5910 15678 22765 1097 18498 15424 21596 21551 6103 20149 17703 5 5 5 
8443 20149 17703 17872 18606 0 
18098 4316 5 21 
21 6152 8995 20402 21810 654 5 31 16836 20402 6 23135 8995 9741 16404 20500 14539 4 16066 23135 8995 6256 18498 15678 16083 9743 17438 23135 0 21 
18476 20402 31 23575 22897 18498 23135 16765 15678 20799 6103 20931 18191 19468 0 
23135 20402 15678 21743 6103 1095 18498 23135 18533 21596 4796 1095 0 
21 17438 18498 23135 4 20402 23135 0 21 
23135 13055 22805 12398 15894 13909 21409 22805 31 5763 0 
28 28 28 30 28 28 28 28 
28 28 28 30 28 28 28 28 
15855 2371 28 28 28 30 28 28 15678 7645 18498 9594 5 5 5 
12861 7102 20402 22463 17950 6103 21525 5 5 5 
2371 28 30 28 28 28 28 28 28 28 28 9743 28 28 28 28 28 28 28 28 28 28 28 28 28 
1920 2136 9193 8100 22463 215 20 20 20 20 27 20497 6103 3031 20 
28 28 28 30 28 16811 28 28 
21 21 21 18476 15678 15855 15658 8995 2958 4 15678 19522 20402 31 23067 5 
18476 31 14487 15658 8995 2958 4 15678 19522 20402 31 19898 4 7730 18476 15678 8908 15658 8995 2958 4 15678 19522 20402 15678 1114 5 21 21 
18098 4316 21 
21 4766 18470 23135 20149 11649 0 0 28 28 7509 28 28 28 28 30 28 28 28 28 28 28 28 16811 28 2606 28 28 28 28 28 28 28 28 30 28 28 28 28 1421 28 28 28 28 28 16689 28 28 28 28 28 28 5979 19668 28 28 28 28 28 28 28 28 28 28 28 28 28 28 7509 28 28 28 28 28 28 28 28 28 
22 1024 5553 22 
22 1024 20744 22 
2116 7509 19924 
2461 2818 
4346 7850 16553 
5255 5553 
28 7509 17047 
5929 22735 
7850 3315 
7850 23332 21 
21 15855 15671 2371 28 28 4 27 21 
8995 3058 20 4766 8956 17420 740 8995 7850 7363 20 
8995 3058 20 4766 8956 17420 740 8995 7850 7363 20 
8995 3058 20 4766 8956 17420 740 8995 7850 7363 20 
16404 28 28 
21 1393 970 7509 30 
28 28 28 28 28 28 28 28 30 28 16811 28 16811 28 28 28 28 28 28 28 28 28 28 28 28 28 28 28 28 28 28 28 28 28 28 11462 15658 11284 2154 21 
21752 15894 20 14018 2727 6329 7850 28 20 
21752 15894 20 14018 2727 6329 7850 28 20 
21 29 2750 7509 20471 20 
29 5 21596 19225 20475 907 7594 6103 3393 5 3450 22897 18498 23135 9743 1114 4 13439 31 21579 7509 22753 7509 6011 5 
29 5 22463 11020 15677 6103 19225 20475 17304 13501 15678 15336 8435 5 20471 20402 22463 1309 15355 5 7847 753 31 4774 1870 7730 844 6103 17815 5 
29 5 9743 1114 20402 22463 22088 6103 2717 8852 5 15678 4425 6592 18498 18476 22463 15144 9743 20471 4 17918 11020 18478 6103 9125 18498 6075 3219 7730 13826 1393 3388 5 
29 5 15678 20471 20402 22463 7509 8893 13909 20215 5 9743 1114 18494 21793 15678 21806 7730 10252 15678 15284 7509 5574 9818 7730 14239 5 20402 13909 669 7509 18498 15299 29 23151 7850 17165 7730 15658 17629 6103 22400 8810 20 
29 5 9743 1114 7090 4 20932 7730 19221 19038 31 4245 6103 20738 6434 4 8570 7850 16668 7730 320 5 15678 21082 17918 13501 15678 17455 7730 9743 20931 16668 3219 5 
29 5 9743 1114 17304 18516 21793 31 3566 18498 23135 381 15458 12901 19782 1276 6103 7599 5 
29 5 20471 20402 22463 20060 19277 16404 31 6421 5 7847 13439 8197 7850 5588 20047 4 5762 22463 8995 6103 9201 7730 6256 15144 7730 11474 4766 22463 20357 6103 20402 23577 5 
29 5 15678 20471 20402 15678 21984 7730 19223 15210 13909 20215 7509 15190 5 20402 14667 22898 13909 7819 7509 18498 15678 28 5 
29 5 18481 13909 20471 14425 4 17324 22463 5574 20479 2058 13439 2727 13909 9842 5 9010 16826 15355 7509 10900 7509 15576 5574 20402 11820 1393 15576 15336 4 9193 18498 9338 2625 31 15144 20 
29 5 2700 21793 28 14096 23135 13909 21551 13667 7509 6386 5 31 28 6103 2700 9743 4766 18498 31 19987 13501 15678 6383 7730 7235 31 18478 6103 23482 18498 4060 31 5987 4 11810 17521 17877 3271 4 20244 5320 18498 14096 15678 11601 20293 19295 20 21 
1755 6670 4099 5 5 5 27 
2371 8995 1446 23 5 5 5 
8995 3058 20 4766 8956 17420 740 8995 7850 7363 20 
27 
17458 2647 7850 20402 28 5 5 5 
184 15678 28 17304 20402 9467 7509 3623 17438 11493 5 5 5 
8995 3058 20 4766 8956 17420 740 8995 7850 7363 20 
8995 3058 20 4766 8956 17420 740 8995 7850 7363 20 
21 27 5 5 5 
30 28 4 28 28 4 28 28 4 28 28 4 28 28 4 12780 5947 15678 26 5 5 5 
27 5 5 5 5 21 
21 11462 20402 22463 7127 15138 8810 20 20 20 
17458 31 29 1249 15344 7558 16971 15138 8810 16404 9193 14604 17812 28 28 4 7730 9193 480 8897 28 28 5 5 5 
17438 12861 662 31 3450 7127 6103 22942 17438 17304 21596 16971 22385 14149 7850 14604 3610 4796 23135 5 5 5 
16323 20897 29 29 29 5 5 5 5 5 5 5 5 5 5 5 5 5 5 5 5 5 5 5 5 5 5 
31 7730 15658 8918 6103 288 15678 22310 29 7850 14336 7509 20539 5 5 5 
27 5 5 5 21 

