21 21 21 13055 15658 19900 23104 13909 20244 15678 20463 3564 17872 14335 1610 21 21 5 8 29 21 
21 12861 14335 19525 2727 11462 19703 6 6 
3058 7127 21 
21 8956 12780 17872 23135 28 4 13325 6103 23135 7850 11518 20 21 
22126 16580 29 7730 15138 1114 20 20 20 26 26 26 
15678 18498 7847 16630 18498 9193 15658 9743 0 8956 19830 17458 7847 10959 8 29 
8 29 
26 
10901 31 28 7850 955 7730 16580 7850 21631 1393 11474 17438 7847 1027 20 3702 15678 28 4766 15678 28 6103 28 20 20 20 9808 28 21551 6103 1114 
21 7599 4 352 4 7599 6103 15604 5 4796 4 19969 7730 7599 20 20352 3058 10548 21 
16816 20402 9193 1027 17819 20 8 29 
21 22223 15658 20402 18476 31 16971 15128 4 9193 20539 18476 7847 15128 16404 17106 5 6 21 
16404 12578 7914 12406 15678 9942 7850 4026 20 
15678 23575 7127 6103 4026 6075 1249 21623 22463 6324 20 4766 10845 7730 9867 20 1027 15576 23575 8147 7730 3450 22463 18498 9025 7850 5 9010 1249 20402 14149 7730 15678 1249 18498 23016 20402 740 14425 5 15708 31 3450 16169 7730 15253 16673 5107 7730 31 9010 5758 18498 21858 22327 18774 5 11043 17438 22327 20 19859 31 29 17819 9196 
31 4026 11462 20402 20670 15678 21275 7509 28 20 11066 31 28 13909 22463 7576 78 4766 9010 5758 18498 14335 8125 6103 835 20 20 10548 4289 7730 31 20126 13055 8995 2647 27 5 5 1027 13909 18498 4331 8 29 
16404 17664 31 16580 20402 17629 18498 1276 21596 7847 7914 23135 
1022 21596 4026 7730 20402 7127 6103 21793 15678 28 20 4796 21793 15678 28 20402 23577 7730 8810 15299 14425 7509 22463 13324 6075 7127 20 9193 17716 20 20 20 13324 6103 20402 28 
15658 19900 17458 9193 10959 27 
27 
21 15658 21596 4796 15658 1027 9010 9193 20060 28 20 20 7730 8956 740 7914 3080 4 4796 1027 21 
21 7730 2371 4 15678 18498 20402 18498 31 10765 12780 9743 0 21 
21 12780 16916 15325 18498 28 8637 17872 9193 20 6 
3058 21409 21 
21932 7914 11111 20 5090 6103 3929 20670 15678 15266 7509 14799 20 1027 5758 20 20 13512 20 20 
21 20402 17930 20402 13909 18498 22463 17939 4 20402 22463 23132 5 20402 753 4 20149 6184 4 1027 7730 20402 8832 16404 20463 969 20 
16323 31 21793 15678 17931 17438 9010 14799 20 20 8 29 21 
3058 14539 20402 20402 9808 4766 15678 18498 21596 7730 20402 20 20 20 9808 4815 14539 14335 28 20293 
21 9193 15253 28 4 5865 4766 21680 14090 6103 1114 7730 11130 7850 16580 6075 15855 20 20 
9808 7127 7509 5758 31 21793 9010 10141 5937 7730 21793 18498 15643 6256 15036 31 5758 18328 18498 9387 7914 15671 20 20 
7127 6103 9193 20304 28 
7127 7509 5758 21 
21 16192 1453 4 16192 16753 4 16192 5 5 5 1393 22797 20 7 21 
21 23 4 472 20 20 21 
28 7730 15678 13424 20 20 23135 20402 6329 5758 20 20 
17458 11462 20402 7576 20 20 17458 11462 20402 7127 7509 4029 9901 15999 6103 23135 20 20 20 16323 31 23135 18498 3702 20 20 1027 20 20 20 
21 1190 7850 17743 6103 28 4 13026 31 7847 7850 21631 7509 23106 5 19990 29 
3058 7127 20 20 20 21 
17458 16404 28 7730 14604 4027 4302 9193 9743 22327 20 20 20 16440 7509 4156 7509 21468 6103 28 7730 15678 13424 
4380 3058 17872 9901 7914 3962 5 5 21282 18498 21596 18498 9130 27 20 16611 18498 1027 8 29 
21 22463 16718 17504 16673 14049 4 17304 15128 21793 20463 7127 20 
3058 7127 21 
20402 15138 3870 18876 14604 4030 7914 3962 16404 14335 17739 16673 7127 7509 4029 20 20 1027 28 20 20 15138 15708 28 
21 17629 1540 662 15678 17556 4 16404 18498 28 9193 4980 15678 15138 18498 6679 20 21 
21 15658 11284 16083 18553 4 18476 20149 20402 5795 15658 20149 16404 6103 13749 20 21 
21 2371 28 4 21282 23135 14539 27 21 
21 7730 14539 20244 20127 4 15678 18498 15658 14335 9620 20402 31 10547 5 31 835 18498 23016 6103 28 7730 6990 5758 20402 13905 18498 22327 5 15708 20304 17438 21793 15678 28 14335 17739 4766 9010 28 4302 27 21 
21 1540 18498 20402 4029 20402 22463 7563 4 22463 4229 6103 28 5 7102 8995 2027 7730 17989 16404 20293 7491 15576 20539 31 28 7730 1393 28 18498 7847 9193 5108 5 1393 18498 8995 7730 8995 1393 14604 5876 9193 19662 4 7730 19662 740 1393 18498 8995 16404 18498 6670 13055 28 78 7730 11139 20 
7127 7509 4029 20 13909 18779 11875 8 29 21 
20670 11462 6 4026 20670 15678 28 4766 21468 6103 16217 20 20 20 1027 7730 7847 1033 20 20 1027 20402 4029 7730 9010 5758 18498 14335 21187 31 3450 7127 
21 15678 7576 11462 4809 4099 9193 4290 6103 8208 7730 10547 20 20 20 4026 78 7730 1248 22117 4796 20293 4 1027 20 20 20 8 29 21 
17738 16404 14604 1115 20 20 20 13591 6 28 7730 28 20 20 1027 18498 1027 13909 18498 22327 8 29 
5521 15108 20 15678 15190 20402 22385 16753 7730 23135 22385 12979 5 5 8 29 
17812 13512 472 22463 20238 4672 10138 18498 9193 1027 20 20 20 8 29 
4029 6103 10548 20 20 21932 13909 740 1114 7730 5763 16217 7509 11454 6 28 7730 28 20 20 8840 18498 7847 10959 20 15708 28 16673 753 
19900 1612 14924 7914 18498 22805 15678 20853 6281 7509 1612 20319 3058 20 20 14335 20357 31 14425 12787 
21 22318 20402 20304 4 15678 14604 16500 20 17438 12861 15299 7914 9193 22942 9620 20 21 
8 29 
17819 7127 6103 10548 20 20 20 14335 20357 17668 7730 11187 
21 26 4 472 20 20 8 29 21 
21 21 21 5 5 5 15678 20402 11570 20402 9604 4 11462 14539 9193 9604 5 15502 15344 19900 4 8443 14335 6256 21582 5 5 5 21 21 8 29 21 
21 15057 4 23554 20304 22318 3076 4 7730 31 22318 20009 9193 4980 20 20 19990 29 21 
7127 6103 9867 20 3504 
21 21 21 9193 12551 20402 8125 15678 28 4766 21083 11341 17872 18506 31 20118 6103 11729 7730 26 15403 5 20149 5947 8956 26 4 9193 8637 22463 21083 11341 17872 23135 5 21 21 21 
21 28 28 4 13325 6103 23135 20 20 20 27 21 
22318 13325 866 0 27 
21 20402 14539 0 27 21810 18498 20402 4766 15138 20127 4 7730 21810 18498 6387 9010 22310 21596 16673 14466 22463 14464 5 5 5 27 21 
21 31 9193 6917 20402 14149 20 20 15708 20304 17438 22327 20 20 15708 28 14604 1114 4 28 7730 28 16673 753 20 1393 16169 7730 9010 5758 20 3058 10548 7730 2136 656 20 20 21 
21 4026 6103 1022 6 10845 20 20 20 14388 8041 20 20 6917 6103 20262 5 5 5 3031 4 19110 4 7623 7730 3222 22327 4766 15138 1114 20 20 14604 28 11710 16404 18498 22327 5590 2727 7730 20402 78 17438 22318 20 20 15708 28 4 14604 1114 17438 20293 14335 753 4 17836 654 4766 31 15286 27 7730 31 28 7730 15678 28 18498 20149 9743 17737 1022 4 28 78 11021 21793 23135 20 20 21 
12861 18498 20402 15253 20 20 20 6202 20463 9943 12118 20 20 
21 10268 18498 8995 201 31 20247 20 20 22327 6075 4179 11066 31 28 20 7850 15260 7730 20244 9308 23 27 15708 20304 20 20 22327 662 31 22318 20 20 10548 4 23016 13640 20 20 20 20 
23570 7127 20 20 21 
21 20402 0 27 4 21282 18498 14604 15540 15658 20402 15299 12046 5 5 5174 21389 10765 4766 14539 15540 18498 9193 27 21 
21 6097 11066 1393 20304 4 17458 7847 20402 3058 20 9172 20402 31 20931 14792 20 30 29 
3058 7127 20 20 20 21 
21 15855 4 22805 0 20402 3058 20402 7557 20 20 27 21 
21 15658 8386 17458 28 20 20 27 4 9193 18498 14464 13512 20 20 14604 28 4 20402 18476 21596 20402 18784 14464 4 21793 21662 6075 14464 27 5 5 288 18498 9193 22356 21596 13909 14464 4 13055 20402 22136 20 20 20 27 21 
21 2727 1920 14539 4 17836 15678 12939 6531 20 20 27 21 
4026 6103 11462 6 28 20 20 9956 4766 19982 7730 19110 20 20 1027 15138 8956 5758 15708 28 16673 753 20 20 8 29 
11462 20402 7127 6103 9867 13023 20 20 472 20 20 
21 15855 1114 4 2727 31 10765 14539 28 8 29 21 
21 7730 15678 7576 20402 1920 4 4290 6103 8838 6103 22463 7127 14425 20 20 4029 20813 17438 1114 4026 78 17438 28 4 15708 17438 22327 14604 20304 7730 78 20293 21793 7847 7730 18498 16866 22507 20 20 21 
3450 7127 13909 13647 7730 3450 7127 28 13909 20 20 15708 28 6 
21 21282 17304 6075 22463 3058 7127 1612 18498 352 4766 15678 3058 7127 7914 20500 20 20 20 20 352 9808 7730 4766 8838 6103 22463 13512 7127 20293 
8443 4 3058 7127 20 20 20 20 20 21 
4289 13640 9193 18533 20 20 20 27 
21 6408 6103 15138 21932 4 15576 21395 9901 17989 20 20 15708 31 21793 16673 4682 6 21 
2727 1920 20 20 20 27 
21 14604 28 4 15138 15708 17438 9010 7127 20 20 16673 4380 7730 16673 7576 6103 10405 9193 18498 740 1920 18876 20931 3369 4 15708 16673 4026 7730 17438 21793 9010 28 2428 7730 9593 18498 14335 5108 27 4 662 17438 22327 20 20 21 
21 15855 1095 4 16404 31 10765 27 21 
21 15458 7127 7509 134 4 10648 15678 14425 134 6103 21793 20 20 15678 20463 21 
21 15658 21596 12939 20 20 9193 15658 14335 724 20 20 9193 20402 9522 1409 17438 21793 4027 18498 13055 20402 14604 4 7730 15678 18498 20402 14604 20 20 20402 9176 7914 14604 5528 4 7730 19662 21793 15678 28 17438 21793 23135 16404 18498 28 15678 18044 7730 13591 6103 21793 13923 20 20 20402 15138 15999 6103 21793 7730 14335 1409 20293 1393 22805 15678 3870 17438 9193 4 15708 14604 1115 20 20 6665 15678 18498 15658 14156 4 21596 13494 1614 6 4 9193 21793 21596 7914 14604 5528 8 29 21 

21 1114 4 17304 18069 1920 20 20 9193 6256 27 8 29 21 
21 22327 31 22805 14539 20 20 20 27 4 17836 15678 6489 27 21 
21 15678 18498 7491 6103 22463 16971 18498 991 6103 20463 15311 4 20402 20463 1095 7730 4841 6103 21793 31 11518 4 18498 22318 753 7730 1498 7914 18475 4475 4 18498 20293 8995 1393 20463 13131 7730 9743 6103 22327 17438 23135 21282 16404 14335 22805 20852 5 5 5 21596 15138 18498 662 31 28 17438 14335 6075 23135 4 873 18498 20293 14335 4915 7730 753 4 19900 18498 20293 17511 5320 7730 12780 8995 13761 4766 15678 3192 9016 16404 14335 134 20 20 15708 14604 1114 4 17438 22327 20 20 9193 22318 1027 7730 5360 22318 28 3450 22897 13909 20 20 8 29 21 
21 20402 6472 17438 28 28 28 18670 4 16673 20207 22897 27 20 
21 21 8443 28 7491 6 9193 22318 13695 4 23554 16169 4 20304 7509 6014 7730 7509 21631 4 17458 8644 9010 4672 7509 21253 7730 19604 1393 16752 5 17324 1920 20402 6103 21680 670 21 21 5 28 29 4 29 
15678 6472 20402 17525 22463 22862 17438 7127 7686 29 28 5 7730 31 3450 7127 6472 7558 1097 31 9743 15678 14539 5 11462 6472 28 28 4646 28 7730 28 28 21 
21 20402 6472 16673 9193 13512 28 28 28 20 
21 21 15678 20304 18044 15678 9069 4 31 23092 7730 15678 23566 5 9193 10430 15678 18020 7509 23542 21 21 5 19990 29 
15678 6472 20402 17525 22463 22862 17438 7127 7686 29 28 5 7730 31 3450 7127 6472 7558 1097 31 9743 15678 14539 5 11462 6472 28 28 28 7730 28 28 6 21 
9808 7127 7509 15253 4766 21793 3870 31 21793 20 20 6 
14265 20126 7509 558 13512 20 20 20 28 6103 26 20 20 
18498 13514 20 20 14335 1409 8 29 
21 23 4 18498 13512 21 
21 15855 2371 1114 27 28 28 4 20402 5762 1920 27 8 29 21 
15678 14604 17658 20 20 
21 26 4 472 20 20 21 
21 18784 20 20 4796 6329 27 4 472 4796 20 20 21 
21 7730 11462 4 22463 15599 827 14604 7127 20 20 22463 16630 6 18533 20402 9193 13858 6103 5784 0 20 20 23556 18498 9193 238 14604 1114 20 20 9 8 21 
21 12787 7730 9193 7850 13905 7509 17667 15459 9833 20 20 20 17667 3058 
3058 9833 20 20 20 21 
18498 28 5235 15678 7127 11462 4766 16580 7730 3558 20 20 3058 7127 20 20 20 
21 14604 28 4 22318 662 16673 7127 6103 11462 20 20 20 17438 22327 18498 21596 14335 6075 7730 31 16971 18498 21596 4730 7914 9193 22942 20 662 17438 3450 5758 18498 21596 14335 5108 7730 18498 5741 20293 4766 22318 19898 20 20447 17438 1114 4029 20813 17438 1114 
23570 7576 20 20 20 20 21 
16393 873 18498 5174 20 20 15658 14335 11810 9193 15036 6103 4499 27 28 28 8 29 
11212 22463 1249 2116 31 9193 4086 20402 22385 16753 27 1027 23135 17822 9 8 
21 21 21 23 4 20149 15678 15190 12526 14335 17304 16098 4 21596 21389 17872 5320 5 7491 18498 1540 5 21 21 21 
21 23 4 472 21 
13055 18498 23029 14856 15658 20402 5 5 184 20 20 20 
2727 1920 27 9 8 
9193 10696 20402 2727 1920 14539 27 
21 22327 4179 7850 4026 20 20 20453 4443 31 19502 6103 28 20 21282 9620 14539 31 10273 19703 4 9193 20402 22463 3369 20 15708 1393 18498 4680 6 
15138 9808 15708 14604 20304 21 
21 31 15041 15658 20402 15678 9971 4 20402 15678 4785 7509 22942 9172 20 31 16971 6103 3058 5528 12780 16404 16936 6103 28 13909 4099 4 7730 9010 20402 15678 20463 3962 28 5 28 15658 22805 16192 4 9193 22805 5528 7730 2367 4 7730 31 20931 4766 31 20931 11580 20402 1484 17438 28 7730 7847 4766 21793 4181 5876 6103 23135 9193 6014 20 2136 15678 7127 7914 18498 21793 8995 16936 6318 20 20 21 
21 15678 8880 7509 19169 7017 31 22163 7509 15190 20 20 
78 21252 20060 20 9 8 21 
21 18525 20402 8956 28 18498 16673 20931 15041 4 22942 9193 6075 0 
78 20474 9789 20060 20 20 21 
21 21 21 18481 31 15671 7102 10893 7850 5846 18498 20402 15576 20304 28 5792 20 9193 20009 4 9193 22942 20 9193 8838 6103 19502 20 20 20 21 21 
9808 20247 20060 20 20 21 
21 14604 28 20 20 20 20402 15138 1114 20 20 20 15424 8995 6075 5320 6103 23064 22327 18498 23135 8995 5947 7730 4793 14604 1114 9 8 
22318 1027 20 20 20 20 21 
13598 16404 17960 13311 4766 31 5758 7509 4026 20 20 8041 20402 31 17819 1549 6318 
21 15643 9901 22385 9808 6103 20402 352 29 6 29 7509 14049 17458 23135 8995 14616 7850 12899 5 5 23135 23151 20 20 20 20 8995 4815 
11066 31 28 23135 8995 2727 20 23151 19826 7730 13900 6 15658 19900 15678 18498 349 9193 8995 7914 3962 20 20 20 7730 13640 8285 6103 15604 27 
7127 13909 18498 9808 17438 22318 8147 9 8 
3058 7127 20 20 8 29 21 
13649 20 20 20 28 6329 
21 18498 20126 18498 23135 9743 17111 20 20 8840 18498 8995 2727 4 18498 8995 23104 7730 23151 5 5 5 8840 18498 15502 21596 7850 9790 15425 13923 5 9193 10700 13512 4 9193 17831 20 20 20126 6 21 
4796 15658 20149 7995 20 20 20 1920 31 4029 4346 
21252 20402 7127 6103 9901 13909 13647 740 20 20 20 1271 1027 20402 13647 
21 4672 4 9193 4672 5 21282 9193 4672 13909 13512 7730 16816 5 14604 4672 20 20 20 14604 4672 20 20 20 9193 1027 23135 20 20 20 15708 17438 9743 6103 14604 28 13909 827 4 4672 18498 1027 20 20 20 20 8 29 21 
21 15658 19440 20 20 8956 7558 20072 18560 16404 22805 21525 4 7491 18498 22463 8995 5876 7509 16083 20 20 28 558 13909 13512 7730 28 17812 13909 13512 1027 23135 16752 20 20 8 29 21 
21 9193 4672 17658 4 9193 4672 13512 
22318 1027 8 29 21 
15658 11284 15299 13909 13512 18498 1021 15658 7127 6103 7576 7730 13325 18498 21596 23135 20 8 29 
15708 16673 3870 7730 16673 14699 16673 14604 1247 20 1027 15678 17737 28 28 7730 28 28 28 28 20 20 20 
21 2727 1920 27 4 17438 12861 18498 6408 201 9594 6329 27 9 8 21 
20670 15671 13520 16612 18779 4766 31 8637 6 
21 9193 4 9193 21 
21 20402 4 14335 8346 5 15658 19440 20463 15855 4 1612 20463 20853 7730 20463 12939 10138 5 27 22615 5 31 5 8 29 21 
9193 20 20 20 18498 3058 15599 20 20 20 
21 17738 6281 20 20 20 9901 22765 20463 13131 3058 27 4 1027 14464 20 20 20 15138 15708 14539 21 
21 23 14604 28 20 20 20 15678 21551 8995 16468 19871 6329 7847 15424 5590 7847 23123 5 15678 29 19997 16404 15678 29 4 18498 5590 15678 13909 22768 16404 8235 4289 1393 29 20 20 21282 21596 14539 20402 18498 662 17438 9010 29 1249 6103 22942 18498 28 14335 16878 7730 16630 16404 18498 20293 20402 9790 31 23167 6103 28 7914 9193 22942 4 18498 31 11636 15166 16404 20149 15166 31 18780 6103 28 2092 6103 9193 5 662 31 9193 9634 18498 20293 14335 1502 7730 31 21793 15678 1097 18498 17745 7730 20402 9743 1393 13669 7509 1249 5 5 5 18498 23016 13909 7730 13909 4 7730 18498 20402 5286 20 20 
9808 1247 16404 9193 21 
21 15678 18498 7491 20670 15908 0 1027 31 9574 20 20 20 8637 4179 1027 16611 28 7850 10366 
18498 11462 20402 740 14425 20 
3058 7127 20 20 20 21 
15708 20304 17438 8956 7127 78 6103 4026 20 20 20 
4766 4181 20 15138 11861 20 20149 21793 9743 15678 15190 20420 2727 14425 6 
13325 7509 9193 10696 20 20 7847 20402 2727 1920 27 
7545 22805 9193 3726 6103 20402 3341 7730 368 7850 16971 5 18476 20402 18498 1540 20402 13909 10259 7730 15658 368 4766 21340 12546 0 
12787 18498 9193 1027 13909 18498 22327 20 20 20 9867 6103 3885 16404 4026 
21 3885 4766 15138 3222 7730 13697 16404 31 5758 7509 4026 20 16440 7509 14604 16753 4 9620 15138 740 19703 1027 15138 8956 10141 21 
21 20402 28 15018 4 8995 9901 22765 20 20 20 16066 14425 4 8995 490 13909 9422 7730 19898 18077 6103 28 20 7914 16721 18498 22318 5174 1393 7118 1249 7730 654 4886 20463 29 9193 288 4 20149 15658 14335 8256 19703 4 20149 15658 20402 14335 16793 27 5 5 
14464 4 23135 20402 22463 7509 9094 18498 28 14335 17739 7914 29 4766 1612 22356 22385 78 18498 2136 11462 23104 7914 14604 5528 4 15658 201 7914 29 9193 5360 20293 23104 7914 9193 5 
22318 6679 18498 5360 16911 7850 10547 4 7730 8956 16971 13512 18498 23135 20402 5 18498 28 15678 78 20293 7730 15678 4624 20293 6103 835 7730 18780 5 18533 22318 22805 20293 16936 6103 15576 20304 28 5792 7730 17304 21596 31 4181 18498 1920 4796 22318 22805 18876 5792 16673 17819 22897 5 22318 22805 5762 10959 16673 4672 6103 28 14335 827 15138 1393 22318 22805 3610 15459 3610 7730 20444 31 28 4796 5563 5 12894 51 31 28 7730 20293 7491 20463 20539 31 7847 5 31 20931 4029 7730 1095 1614 22318 1027 15138 7730 20293 18533 20463 2727 5 
9801 4 7730 15138 1249 6103 22942 20 20 20 
9808 1247 20 20 20 20 20 20 20 21 
21 20402 472 17872 20293 20304 4 18533 22318 1027 4796 28 9193 20402 5 7730 22508 31 22318 20 21 
14799 5913 20 20 20 4026 17989 
14388 9808 4766 31 4913 16404 31 4026 7730 4766 15678 12760 7509 14539 20 20 20 18498 20402 22327 11710 17438 28 20 
14604 28 20 20 20 20 13923 17511 368 18498 20402 1022 18498 12780 5174 14604 13909 15619 1248 20 20 20 18498 23016 21252 1271 16404 5174 23135 5758 
15427 7509 13858 8995 5741 7730 23029 15109 20 20 20 13858 1027 6329 8956 4672 8 29 
21 3450 7127 14335 22805 13909 1409 16673 13311 7730 16673 19900 20 20 20149 873 740 15658 19900 15678 18498 14335 6075 6103 17737 6103 1247 4 14335 6075 22463 13591 5 22463 3058 13591 20293 20402 22463 9324 8637 7 21 
4809 31 4289 31 4672 16404 9193 15604 22356 6103 4026 20 20 20 20 1272 20 20 20 20 20 
21 12094 14539 20402 9193 3726 6103 9743 22327 8561 4 6103 14335 13895 6408 7730 6137 4815 14539 5 6 21 
21 18498 31 16580 11219 7914 20931 22318 3962 4 18498 31 16580 8995 7914 22318 20 20 21 
21 22805 15678 15540 7509 14604 15619 970 6103 4026 4 6103 14604 15619 1248 8414 17438 28 20402 15081 6103 15138 9801 20 15658 22805 31 11518 6103 4809 21 
21 288 18498 31 16611 14335 8637 14539 27 4 15604 16612 20 20 20 8361 7730 1540 4 7730 13909 740 21596 31 8838 6103 22463 7804 7730 15190 14425 20 15138 9808 21 
21 14335 9743 6103 7188 31 21778 4 9193 20149 20402 17872 9901 7850 3058 9193 9901 4766 23135 20 
3058 7127 20 20 20 21 
21 21 21 20402 22385 11741 4 20402 22385 12410 5 5 5 21 21 21 
21 9594 17872 21793 15190 18498 21438 4766 7722 6103 9193 4 15855 15678 12939 18498 9193 8995 7 
16440 1575 8956 21252 8 29 21 
18533 13640 9901 13909 13647 
4380 20 20 20 13512 
7730 11462 21282 16630 18498 14604 20826 20402 15678 20826 6103 28 20 3058 21409 
15678 20853 18498 14335 8095 
21596 16971 18498 9193 12834 16673 20558 9707 6103 9387 5 
21 21793 26 4 13512 4 13405 7730 20786 7 21 
21 14156 7509 18498 20149 20402 4 20826 18498 12780 21596 5 4796 21793 7127 15344 15604 7914 3450 1021 20 
22463 23570 29 31 21793 20 20 20 21 
21 14425 9692 7509 9193 22942 21282 17304 20402 9010 6 13591 4 13405 4 20786 7730 6795 5 1453 28 31 9193 14539 20 20 20 21 
21 22487 7509 20247 4 1027 20 20 20 21 
22463 2725 7730 9808 28 31 21793 20 20 20 
20402 22463 11020 1249 20 15708 17438 9743 16440 6318 5 
21680 20577 14335 5150 7509 3393 1393 18376 9193 17438 6389 22318 7114 20 7 
21 2727 9193 4 20293 20 27 21 
8995 1409 24 
21 1612 7127 18498 16765 18498 21282 28 2631 20 20 20 20 
3058 15533 20 20 20 20 21 
21 15678 18498 7491 6103 22463 16971 22385 8810 4796 23135 0 22463 10083 6103 16971 4 15138 8810 7730 18498 14539 14335 51 9193 1027 15138 20 9193 10083 4 1095 13512 4 13858 13909 18498 16816 7730 18498 13405 7914 14604 5528 4766 15138 3870 20 20 22318 1027 1095 4 6329 20 20 22318 6679 22327 6103 14425 4 15138 16308 7730 2702 27 4 15138 9801 7730 18498 20463 20826 20402 18779 20 16323 7730 15138 9801 20 20 21 
21 20670 15908 4 1027 16468 4766 23135 15138 3058 5174 10765 15604 4766 4181 20 20 6 21 
21 13647 4 1027 20 20 20 21 
7730 9193 8637 31 9193 5 5 24 
740 2727 18498 20402 21282 7558 27 
21 9193 21282 15658 4346 4 9193 14335 7995 1393 22805 23135 18876 28 16673 17819 22897 20 20 7102 5913 4 7730 18498 23016 13909 14799 20 21 
21 9193 1027 3450 22463 7509 17737 1920 4796 1027 15138 3450 22463 6103 23135 20 20 14604 13520 4 15708 16673 3870 20 20 21 
21 22463 7509 28 13909 7994 6103 9193 22942 4766 4181 20402 11462 4 15894 1612 18498 11284 7558 1249 22805 5741 7850 10547 5121 20931 5734 7730 21596 5792 5219 20 20 9193 9801 20402 11758 4 16630 31 28 18498 18044 8956 29 28 18498 4730 7914 9193 22942 20 20 5758 26 15658 20149 8918 18498 31 17819 4956 20402 23577 9193 31 13909 11861 20402 31 17529 17438 21793 15678 28 6103 20931 22942 20 20 21 
21 3058 7127 31 21793 1612 18498 1920 4796 9193 352 9808 4766 31 22942 20 20 7127 13909 18498 13512 4 15894 9193 5758 8235 18876 28 7914 5574 7730 20044 20 20 18482 8003 21 
21 22487 7509 20247 4 16404 31 17819 9196 7509 9193 5758 21 
21 20149 1114 20402 6152 4 9193 6146 22318 1027 20 21 
15834 28 20 9193 9743 22463 23222 16404 662 31 23135 17438 20931 1103 5 23135 21371 17304 9743 22463 7914 28 5 4766 26 15708 
22385 3058 20402 17739 740 13909 18476 9010 10648 6103 16971 8810 16404 15671 5 5 9193 5758 7730 20463 16169 20 15708 
21 14604 1115 4 1027 15138 20 20 6917 15138 3058 7730 13055 20133 5 5 5 21 
21 9193 28 20060 28 4 20293 22385 13512 7730 12545 7914 22327 15678 18498 7491 7730 23104 5 21 
21 4509 5441 8995 13640 879 4 21776 7850 3610 4179 27 21 
21 15658 21596 4796 15658 20149 7995 18476 11284 7558 1249 28 22318 6075 6103 17737 29 28 16404 23135 5876 7730 1027 4 1027 13909 18498 31 9193 14539 5 4796 1027 23135 14604 28 4 14604 1115 5 20 6103 22821 4 8840 1022 23135 7850 9193 9867 6103 6917 4 7730 18498 23135 22202 20293 15678 3610 6103 28 5 5108 7914 3450 22463 6103 23135 20 20 21 
21 29 6103 15612 4 7127 6103 20060 28 20 16151 7509 15286 7730 21371 7509 15535 5 9193 20060 28 4 1095 5113 5 21282 28 7730 7847 19900 15678 1114 7730 7117 18498 21596 4 15678 4724 18876 7730 13764 8482 4 31 23180 3702 7730 15678 3870 20357 5 9193 20060 4 9193 31 1027 5 22760 20293 7730 12562 17438 9193 31 28 20 21 
8039 16404 15678 19547 1022 20 20 20 20 
20559 1027 31 22487 7509 20247 20 20 
21 31 16971 7102 6256 6103 13010 21389 31 16083 4 7730 4809 31 6256 18498 21282 28 9743 12861 17324 21282 31 7847 3391 15678 13009 5 21 
21 28 15643 7491 18498 20420 10544 4 9193 21371 15658 7491 18498 15658 5219 5 20402 16673 13749 5266 18498 20149 22773 4 3058 7127 20 21 
21 31 19795 20402 2725 7730 6305 4 9193 13330 6103 18498 21793 7847 21596 8865 5 21 
21 18476 9193 15658 19900 4915 31 22942 4 22318 23016 4915 17438 9193 5 18476 14335 8918 18498 20402 873 18498 20402 873 7850 22942 21680 1114 23016 14335 19229 18498 28 14335 1027 4 18498 15658 8995 4 18498 28 5876 6103 9193 18476 9605 16673 22318 23180 7730 14335 7491 5521 20 21 
3058 21409 20474 13512 
3058 7127 20 20 18498 8956 7576 23016 4290 6103 3369 7730 835 28 7850 10366 20293 
1074 
21 4438 17111 7850 4026 6 21 21 28 4 15253 7509 9942 6103 28 21 21 13512 
15708 28 18670 7730 28 28 17438 14335 753 21 
21 14436 15604 18498 4289 4 1027 21 
21 20402 18498 20402 22385 12045 7491 18498 19240 4 10959 7730 17380 15658 20149 7319 0 21 
21 31 9193 23167 20402 20402 3450 22897 13909 22318 4 3450 22897 14335 1585 13909 6103 22318 14604 28 20 20402 22463 1248 21680 4 22463 20447 22318 17872 20293 20 20 
3058 7127 14604 18533 20 20 21 
28 7491 18498 7286 27 10700 13512 7509 17812 20 20 
201 6103 4289 15678 9956 18498 16468 31 5758 7850 18195 4026 
21 21596 4672 18498 22657 15138 13909 16673 20520 7509 18498 16673 22665 4 8956 18288 20402 22463 6281 5 20402 4766 15138 3870 18498 18876 7730 20402 9522 11043 5 28 78 21793 23135 16673 3870 21 
21 8642 7914 22318 28 6103 1114 4 28 14604 4 8897 14604 20 
3058 7127 20 20 15299 14425 18498 15678 1114 6103 28 16404 15576 7127 20402 16816 20 21 
288 18498 12780 8406 16404 15678 21726 7509 13647 26 5 26 
10405 3058 26 5 26 
21 9808 6329 17438 22318 22805 11462 7850 11685 14604 1248 28 15018 4 20202 15678 3610 6103 28 7730 4809 31 12970 6103 5563 7730 20447 7509 20304 20 18498 9193 20304 20293 22318 4624 6103 15138 3369 21 
21 21 21 7850 26 26 20149 22318 13405 26 7850 20041 21 21 21 
21 21 21 9193 21282 16630 31 28 13759 16404 14604 3610 4 16404 18498 15678 14604 28 20402 21680 21 21 5 21 
21 368 4 18498 15425 6103 15671 13055 15344 4766 12939 17872 21083 11341 5 15576 20826 31 10765 20402 18498 5284 5 22773 15678 13494 4 8593 31 10258 4 5204 15678 11875 16673 10547 5 21 
21 15458 7127 6103 9193 15253 28 4 21282 16630 18498 7847 9193 18044 7730 9193 11139 77 20293 20 20 11139 17836 21793 9010 5758 4 16404 18498 5741 20293 7914 11066 7730 19898 20 21 
9193 21282 16630 31 28 18498 18044 9010 9971 6103 15533 7730 78 9010 14799 6103 9217 14604 16752 5 
21 1030 13909 18498 31 9193 14539 4 1030 13909 18498 22327 15678 18498 11284 1614 5 1030 13909 18498 1393 13909 18533 4 1030 7730 6075 31 22942 21282 17438 22318 5 28 21 
21282 16630 31 28 15138 3558 7730 18059 15459 7127 20 3058 7127 20 
15299 14425 18498 8995 4766 31 12787 15459 9975 6103 20247 
20559 1027 9193 22487 20 20 
2136 18498 8235 6146 31 9574 18498 9743 6 4509 5441 
6103 19324 14604 5528 4785 31 20149 17703 23 28 14335 7491 16404 20813 5108 5 
7491 14604 20539 31 22318 14604 20304 16404 4028 9010 5758 30 15678 18498 14335 21858 14425 5 15678 21680 1114 14335 21225 2136 1614 7730 9743 16440 6103 9193 5 31 22318 11066 7730 14335 2631 7730 20402 9193 10192 6103 8208 16404 20202 5 31 5758 7730 20463 16169 14335 7995 7730 14335 9743 20402 31 4029 13909 18779 6075 15190 5 15708 20304 17438 9010 14799 20 
21 22385 19854 18476 21582 9193 15658 5219 7599 17438 21596 29 17705 4 18533 5219 7599 19703 21 
21 10405 3058 5 7127 3058 20 15708 20304 17438 13909 22463 7127 6103 22942 4 78 9010 19549 9975 7509 4026 14604 28 4 78 15678 7127 6103 1022 6670 13055 20 21 
17714 22463 4026 21083 7451 16404 14604 1115 
21 6408 6103 22463 21252 2727 3698 4 20149 1820 17872 19969 31 15533 20402 22463 23570 11644 20 22385 3058 8995 2727 5200 21 
15678 3058 20402 18498 11462 20402 20474 9789 
21 16793 20402 7464 5 
3058 7127 20 20 20 21 
21 14604 1115 14335 8125 6103 15995 4 17714 31 1549 7509 20290 5 3962 11111 4766 20931 5763 5 1027 20 20 15999 6103 23135 21 
21 31 22898 9387 4672 18498 15424 7102 4 9193 9193 6256 22223 5 7730 12861 8840 18498 22463 7127 16468 4 18498 22463 7127 14426 5 21 
10405 3058 16404 7599 
21 21 21 11462 9193 17298 20149 8147 7850 942 4 4766 31 22318 11022 20304 20 9193 22942 16784 7850 22996 7730 7850 18374 4 7839 31 9193 15816 6103 1114 21 21 20 21 
3058 7127 31 21793 1612 18498 31 23167 6103 23104 7730 20402 9808 20402 2727 13905 18498 18475 17877 20 20 7127 13512 20 4026 14149 15708 17438 22327 28 
21 4913 20069 20402 18784 14604 17406 10296 4 15658 19440 19703 5 5 1027 31 20068 28 28 4 7914 3206 9743 16083 4913 21 
21 21 21 20149 22318 12279 15678 14604 5528 4 20149 22318 20813 20402 31 9193 18736 6103 23104 7730 1027 5 5 7914 22318 15256 9193 22942 8995 4 21680 5528 20402 15894 18533 15005 7730 22508 7914 1114 4796 22463 10159 130 21 21 21 
21 21 21 22463 15286 15658 23104 20244 31 20931 15286 4 20402 16440 6318 21 21 21 
3058 15533 31 21793 20 18498 28 9193 6075 20931 11066 7730 20931 3369 20 
21 4796 9193 1027 20304 31 22318 13301 4 22318 16192 5 29 
21596 21793 22463 3058 7127 20 21 

