2154 13889 7509 17950 6103 14548 7914 22350 7509 28 
22354 7914 20879 28 28 26 29 13441 26 
14425 9456 7509 1249 
26 26 
18069 6103 10694 26 26 26 
14799 28 4886 20 
31 10828 13909 2725 7509 28 12984 5 
28 26 26 26 
8406 28 22 20539 26 26 
6981 22897 21596 22327 9785 22270 
15061 7509 6987 7509 29 28 
4886 31 4711 11462 7730 18498 23016 31 21266 29 28 26 26 
1820 22463 1095 16404 7599 4815 26 28 16680 26 
3472 15678 2403 0 7730 15678 5728 6103 13307 0 10694 13812 3824 26 26 
29 28 4766 31 16003 13909 10138 
28 26 15036 6103 3564 
26 26 26 26 
31 14436 13055 8995 17989 17872 7599 26 26 28 26 
26 3078 
23135 15424 20402 7730 9193 13055 21776 4766 20126 23151 13640 26 
2510 28 28 28 
31 15315 7730 31 11212 28 10648 22463 12787 9807 20 26 26 
21 11462 20402 7127 6103 21596 15995 7509 1097 20 17819 8956 13512 11477 17872 26 4 9175 31 16464 6318 16673 28 7730 17438 9193 22942 4 31 18470 20402 11043 17438 3450 14924 5 7730 6408 16673 28 18498 8995 2230 15678 13591 21 21 31 5505 16784 7914 3962 21 21 18498 7847 13185 8956 1249 20 26 21 
15855 2371 28 28 26 5 26 
28 
1095 28 28 26 22915 26 
14425 11550 26 28 26 
18481 11518 7850 9934 0 26 28 
28 28 22575 
28 28 26 26 28 22575 
30 26 28 22915 
28 28 28 17720 16404 9417 9193 15604 8811 18476 23016 1614 7914 3962 26 10940 
20402 28 20402 22327 6103 3058 20 30 23051 22386 
31 16971 288 18498 9193 10959 6103 4751 16066 18498 9193 8995 9103 0 27 12780 4751 
2154 6103 9224 6 6103 
204 7509 21356 6 6103 
21623 15678 10700 28 
9971 6103 21409 7850 28 
14265 31 20126 
21 6408 7509 4443 21596 18498 21596 26 6103 12769 4 13055 20402 18494 21942 7 21 
21 22318 6075 22463 20247 17872 23151 15036 6103 20126 7509 10765 20 3222 31 16440 4 15138 21021 15458 15604 9692 7730 23151 17872 9193 23051 7730 4796 21894 7730 3031 7 6103 21 
23 31 28 28 20402 10138 14464 28 28 28 28 28 
28 22 20539 13512 
7127 6103 26 7730 15678 2519 8995 3058 0 17629 14156 13909 22898 27 28 
8047 20402 6 9743 16440 7509 30 28 
28 8995 4766 20126 20 20 20 15097 16312 6103 22720 
23 28 12984 5 
1575 31 22915 26 20 20 20 7730 23151 19900 5695 26 0 
18533 13909 2930 11686 1393 28 7914 29 20 
17583 
21 15833 14604 1248 4 23016 17872 13264 21371 27 21 
28 27 
3058 7127 28 6 6103 
20852 30 27 204 28 15097 
21 
26 26 26 26 26 26 26 26 26 26 26 15803 26 4 26 26 15803 26 4 26 26 15803 26 4 26 9783 15803 26 26 26 26 15803 26 26 5 21 
21282 10765 13512 15458 28 12984 20 20 
14413 23135 15658 288 18498 31 16971 6103 22825 20402 13909 20566 0 15097 204 28 
26 20 20 
21 21 21 26 26 31 26 15803 26 26 21776 26 28 22 20539 26 5 11288 26 11943 26 26 26 11943 14839 4 769 21776 26 26 26 26 26 26 11617 26 11943 26 26 11943 26 11543 5 26 15803 15678 7509 26 26 28 4 26 26 7509 26 26 26 26 5 11288 11617 28 26 29 26 26 5 11288 11617 26 26 26 4 26 26 4 26 26 15803 26 26 26 26 31 31 21 21 26 15803 26 21 21 5 11288 11617 26 26 26 31 26 26 15803 26 11288 26 21776 26 5 26 4 11288 26 26 26 5 26 26 26 26 26 21776 26 26 26 15803 26 26 26 4 26 26 26 26 26 28 26 26 26 5 26 26 20402 26 26 20402 26 26 4 26 1631 26 26 20 21 21 21 
21 16972 17438 9721 753 20 20 7730 8458 16719 17508 17872 28 19969 6990 7730 23151 13640 17872 5980 6 6103 
13543 16404 5421 6 11560 6 22616 5 4766 5 3148 22616 5 30 0 7730 29 

18533 31 753 31 4854 8956 14843 16404 1767 15678 22665 16404 753 31 15253 7509 18533 28 19668 4 31 5219 22918 7730 20149 14096 9193 9194 16404 5876 7509 15576 3216 9128 7509 22575 4 18498 22918 16404 16429 6103 22463 5168 7850 26 26 26 4 15894 21596 22463 21932 1570 5 9193 15678 15576 1248 20149 580 4 20402 8147 6466 7850 10484 7509 17165 7509 20463 11555 7914 14839 4 28 4 9194 5 
7730 20402 13405 16404 15678 11543 14839 26 4 15894 20149 8147 654 12610 7850 22596 7914 4796 17942 7914 8995 11051 5 
9 17438 9721 753 20 20 20 15963 17438 7847 20 20 20 4854 20 20 20 
15599 20670 15678 28 6 
29 11560 6 23273 5 28 5 28 5 4766 5 3148 26 5 30 0 29 4 29 4 29 4 12973 4 4 9128 3170 7730 12610 1492 20149 580 7914 17165 9193 9194 
29 11560 6 15198 5 28 5 28 5 4766 5 3148 29 29 29 12979 6103 28 9130 11793 7509 22350 7914 9719 
29 11560 6 23273 5 3077 5 4766 5 3148 0 11634 3077 29 29 29 29 
29 11560 6 15198 5 28 5 28 5 4766 5 3148 29 29 29 9128 6103 28 18498 22918 1393 9194 9010 7914 4796 1492 579 
21 21 15576 11156 17629 23151 4766 20463 9632 28 4 23151 31 3219 7730 5360 4766 20463 17962 7914 753 31 14426 31 20709 4 23151 17989 16404 5284 20463 3988 4766 31 16633 1767 7914 20463 3610 21 21 
9 13543 16404 5421 6 21 
23151 28 
23151 31 12319 17438 22463 7127 3988 7850 14615 
31 28 7573 15678 30 
3058 7127 28 20 
21 16972 15658 16784 4 15671 7509 8057 28 6103 13264 7730 22350 28 22575 8995 15988 31 21 21 19745 7509 5505 21 21 4 22463 9224 6103 16958 16404 7319 15678 13284 7509 5505 7509 15190 9922 29 20 22640 13494 4 5590 20 20 21 
21 23575 7127 6103 16967 4 22657 8525 21 
26 26 26 
30 23135 9901 7850 10366 7509 28 26 5 26 27 
21 21 21 11678 26 26 21776 26 26 26 4 26 26 21776 26 26 26 26 21 21 26 26 11943 26 26 21 
21 21 21 9128 6103 13264 7730 22350 15658 17304 20402 17934 6103 10577 20 21 21 21 
16967 6103 3629 7850 1662 28 6 
20207 15678 12971 11462 15678 5942 6103 13264 7730 22350 20402 22463 7509 13909 17976 28 
26 1869 
13264 7730 22350 4766 15138 15995 20 28 22575 8 29 
352 4099 17872 21932 7730 740 20852 

21 15658 21596 13539 29 4 17304 20402 13539 29 0 20 27 21 
15097 15102 20402 22942 6 
26 6 
28 13512 
28 28 31 2908 7509 26 12984 5 6 
15658 20149 8414 7730 15658 6256 31 14231 22318 13405 
17872 23135 18498 8995 7850 16421 28 27 6 
21 21 21 6103 23394 31 7118 0 7621 20 21 21 28 28 4 29 6 21 
28 27 6 
28 28 9193 18533 22463 7 21 
9456 14149 20670 15678 9956 7509 28 28 
28 28 28 28 
13325 7509 2154 7509 28 28 27 22 

28 28 5 5 27 22 
20 20 
28 28 27 23 
16375 7509 14676 6103 21935 27 22 
21 12780 17872 9574 21282 17872 4796 16494 
22 22 4 22 22 22 22 4 21 
28 28 15855 18498 13512 17812 
201 15678 19448 6103 17877 7730 9193 15658 20402 18516 27 22 
18774 654 23 28 28 28 28 30 30 28 28 28 28 
26 
27 22 
6 
28 28 13055 12780 9130 23 
26 21726 26 26 5 5 5 5 5 5 5 5 20 15678 20 
13264 20402 13909 13278 20 27 22 

21 21 21 31 26 15803 31 26 26 26 26 31 26 26 21 21 28 21 
26 
7730 201 31 23523 7914 18498 9193 352 21409 7850 9833 7730 21282 6075 22463 19631 7850 14307 6 

21 28 28 28 28 4 28 28 4 28 28 4 28 28 21 
15658 3510 23 27 24 22 
21 15924 26 26 4 26 26 26 26 26 5 5 5 6 21 
4913 13909 13598 27 22 
9980 21623 6103 13359 15678 13591 15712 
15678 28 17304 16367 6103 9743 2125 6879 5 5 5 
9130 12327 7730 1393 14539 21551 9594 7914 12910 16673 28 14335 9743 14810 22327 5 5 
4181 18498 31 28 28 7730 31 3364 26 28 20975 15678 14130 17872 15658 12780 2136 28 26 26 
23 4913 15138 13598 6103 6 
9193 23151 4766 22463 14348 5 5 5 23 
1022 13055 20402 20207 7730 9193 15658 9743 14561 7509 18498 21596 18498 9743 6103 6 
26 26 26 28 26 30 29 
21 21 21 26 22 20539 26 26 4 26 11617 7585 22 21298 26 26 26 26 21 21 26 26 21 
14604 28 8956 28 8995 14336 3853 22805 26 26 
28 28 
21 13055 20402 19854 9743 15678 14119 4983 4 654 21596 18498 8678 22463 21684 20670 7847 6103 6 21 
9193 15253 7730 31 20583 6281 5 5 
9193 7730 31 17667 6103 23151 17872 9574 6408 6103 29 28 7914 3962 11300 5 5 
23 
9193 31 3450 29 16971 18498 16468 7914 10366 6103 3962 29 20402 22781 6103 26 5 5 
9743 21840 7730 26 17872 28 23 11560 6 21298 5 4591 30 29 29 29 
26 7730 17211 4766 15678 17563 4181 18498 12780 10648 23 27 22 
21 14676 6103 4672 17872 9743 4 9193 9193 8995 1937 28 26 31 26 26 26 1983 28 26 26 23 27 22 21 
21 31 16971 21596 22463 12787 11203 7730 15658 14335 2322 4 13278 12861 5 5 21 
21 23 28 28 4 28 28 4 28 28 4 28 28 4 28 28 4 28 28 21 
21 21 21 9224 15658 349 6103 10211 1640 5 5 5 21 21 28 26 21 
28 28 28 28 27 22 
7730 201 6103 6592 18498 14604 17812 20395 14604 26 6103 6 
17812 24 22 
17566 13055 21776 17629 6103 22463 6981 5 5 5 5 5 
4809 31 14335 4987 17872 14984 15678 14119 4983 6103 30 22 
8720 13297 22535 7730 8918 7509 15190 27 22 6 
19652 7850 5942 6103 12327 27 22 
21 15678 13905 17877 15658 20402 4913 15678 13591 4 20402 8147 22463 13591 18498 21596 17872 22782 6103 6 21 
21 21 21 21582 16083 22897 4 15643 20149 20112 4766 15678 3058 5 3348 15678 14425 5 21 21 21 
31 23104 6103 11076 1614 22 
1937 22463 23222 7850 2154 4766 22133 6103 26 7730 13325 7509 13512 28 29 28 24 22 


