1920 18498 15344 22463 1114 20 20 27 8141 11943 28 16673 28 16066 28 29 29 21894 5093 21892 4331 6324 26 7623 3972 26 29 28 
26 26 20 15658 14606 4766 15671 20 
21282 15678 3531 16468 5590 27 
21 15018 22275 
9193 18533 21680 19907 
2371 20 2371 20 12771 20 12771 20 26 28 28 15018 22275 21 
21793 20060 7127 
21 10606 5 5 5 4687 13761 7850 204 28 2605 28 4 8525 20497 6103 3031 4 22657 31 16689 5097 20 20 22140 6103 20186 1393 26 20 21 
7730 15658 11284 15299 17106 18498 21409 6329 5 5 5 30 22765 13688 20 
14924 6243 5 5 5 28 7509 6014 20 20 26 6324 21894 26 21892 
21 15138 1114 8464 20 20 20 
11462 21596 21894 6 18899 6103 4331 3166 4766 15002 7730 3986 6103 3519 20 31 6103 4331 1393 13307 13055 20149 20402 21793 8141 11943 28 20 0 0 21892 21894 5695 4766 1114 26 21 
31 9801 14335 8147 26 15003 26 10433 10389 15256 31 15704 
21 3058 15533 4 20402 28 15585 20670 7847 17316 21 
23135 2082 15678 18498 23135 22053 5 5 5 8208 17504 2082 8208 17504 5 5 5 
21793 15190 20 8 29 
21 9193 7850 22942 20 21793 7127 4 4766 14414 7730 22327 15678 13909 18498 21596 16673 3610 27 6 16404 21 
21 8 29 
27 654 20402 20 20 1027 20 20 20 
13909 21894 19969 20 20 20 8141 11980 16066 16673 28 21371 20 20 20 29 29 21894 21892 5695 4766 1114 4331 7730 15002 
26 26 
26 26 20 26 26 472 20215 15671 
15138 1114 1114 16404 20293 14604 17790 26 26 26 
26 22 20539 26 26 26 22 20539 26 5 26 22 20539 7850 13433 11943 26 26 5 5 5 28 26 28 26 
21 21 21 15678 1114 8995 20293 2128 16404 20149 14055 7914 21793 15678 20402 4 7914 21793 31 4672 7730 7914 21793 31 4475 6103 20931 22942 5 20149 17304 482 9010 5734 4 7730 20149 5892 22463 11600 6103 17908 15678 1114 7914 21793 31 4672 4 31 20931 22942 4 6103 19324 4 12780 20149 21858 22463 6070 6103 1114 5 21 21 7850 21631 7509 3277 26 5892 4672 3058 21 
4672 13909 13512 20 20 20 13055 18533 1937 20 20 
21 4179 7127 21596 31 15941 6103 6075 2154 16404 871 17556 970 5 5 5 20402 879 18498 1540 18498 16404 20402 17930 20402 17629 15138 4672 4 31 17819 6281 7730 31 13909 11861 20402 7573 31 28 6103 8361 4 8361 991 6103 15138 16083 4672 9380 16135 7730 15138 1114 20 9808 7127 7509 17931 16404 21793 15678 14550 20 20 21 
21 16404 18525 10959 6103 3080 4 21389 16404 4711 4 18481 16404 17739 873 5 5 5 1614 12780 22463 16753 16440 7509 21935 18498 9193 15253 9743 4 4766 15138 3870 4 909 5 5 5 21 
27 31 10606 15658 16793 20 20 26 23454 26 26 
21 9193 15658 19900 15678 18498 14335 7573 
7730 14539 1920 15658 16721 7914 14335 13591 
15658 9691 6103 910 11203 
23135 7914 9193 5284 15678 20463 13727 
15678 1114 20149 9743 14335 13405 991 15894 15502 13909 
5762 18657 4 1186 6103 22897 4 9743 6103 9193 20463 3510 
13359 31 19804 7509 9094 
15458 134 20149 9743 22463 4403 
18498 15658 21596 9971 7730 20402 21793 15678 14604 23104 
20402 4796 794 15678 12277 
19089 7914 9193 7730 23151 17872 23135 5 5 5 1114 26 26 14335 
1103 18498 23029 1114 
6103 16083 22942 28 21 
16721 15637 2818 9786 27 3222 20 20 16721 15637 2818 3086 7730 20134 20 26 26 15253 26 1114 26 702 6103 6034 
17790 5 5 5 15855 18498 13520 20 20 20 
13909 22463 10963 20 20 20 21891 26 7623 4331 21894 
28 28 28 28 27 
21 20402 8956 21743 6103 23014 18498 15671 15144 13055 7102 8995 362 9193 22805 21282 4 31 10765 15643 12780 20149 362 4766 12861 6 19038 20463 7630 2136 18498 7847 9901 7509 21364 6103 22463 15585 15658 12971 7 1400 20463 15540 7509 19142 7730 22318 22020 15637 15144 4 15637 9128 4 15637 15416 7 22318 5887 16673 20463 18191 5767 4 22318 8066 7509 3460 6103 23231 16404 31 14534 7509 19881 7 7730 17438 9971 4 9743 4766 18498 21793 20931 11454 23029 18394 31 20402 20844 16673 21908 7509 15604 10796 5 21 
21 31 22821 20402 18498 15424 20293 18525 8125 15678 5528 4 4886 31 910 5 2745 5867 26 1114 26 20402 22463 21 
21 21 21 21793 15678 22520 8995 6389 6103 23135 5 21 21 26 22520 5263 23135 2082 15678 18498 22053 7850 21631 7509 3277 26 21 
11438 11438 26 26 26 20852 20293 
3058 15533 28 15585 20670 9193 17316 15585 20670 7847 
21 740 2727 18498 15658 5174 15502 18498 5947 8956 2508 13600 5 5 5 27 15144 21596 18498 20402 7509 12939 18498 18533 4 15678 21 21 2458 21 21 20402 14604 7730 22564 2727 20786 7730 18481 13909 4290 14425 20 20 20 21 
26 28 7730 31 13905 3393 7509 21631 27 
910 6103 16472 13591 5 5 5 14757 7509 14336 1062 7127 7509 2294 26 15364 
21 21 21 15658 15963 16404 18498 22327 20402 16816 4 17324 368 18498 22327 13055 20402 16816 7914 3450 15102 7850 22520 4 8443 15963 16404 18498 17511 18950 8956 16821 4 14539 9193 14924 7188 4 16404 18498 4 14539 18498 15658 4915 4 17511 8995 7914 16580 7914 15576 5528 5 21 21 28 28 21 
1612 14924 18476 20931 1095 12910 22318 15061 4796 18784 20149 9743 22463 2332 6103 16296 27 4270 12910 20605 30 
26 5 5 5 26 20402 22463 9548 15678 2727 20244 15855 31 18525 
9594 18498 23016 4672 3058 17438 2371 27 14464 7730 14464 7509 14604 28 5 5 5 8995 9743 16404 22782 21894 6103 4331 4766 15002 5 5 5 13640 13909 16468 15678 19509 7509 26 20 20 20 21894 9790 4766 1114 4331 21894 6103 4331 4766 15002 6324 
9193 20149 20402 9743 5 5 5 9743 7277 20 20 28 10343 28 28 26 
21 4181 6103 18498 11219 7914 14604 5574 22463 910 1341 20 20 8 29 
20402 10766 7730 15678 15190 21371 20149 21858 5 5 5 20402 10766 17239 15678 2727 18533 15678 2727 
10765 28 20 27 18533 368 18498 23135 20402 15558 9193 8995 7188 20 
21 15018 20402 8995 6103 8908 4 12939 6103 22805 31 22942 5 20402 31 15018 7509 3718 20402 21596 19709 6103 20019 7850 1190 5 20402 20402 13405 4796 31 3232 7509 17583 4 12545 4796 31 2647 7509 8632 6103 20019 7850 3885 5 22463 17556 28 5712 7730 3674 6103 28 28 4 22463 17556 8299 6103 28 28 5 
20402 155 15256 7509 14125 16066 12780 7491 18498 23135 11731 18498 8956 15018 16404 18525 15678 3606 3702 8995 22327 2727 4 16066 15678 2474 5474 16404 15005 7914 28 8995 4766 4436 18565 6103 2614 0 4 1959 15678 26 7509 3388 7730 6256 15678 20853 20402 31 14903 7509 19800 7730 7509 22942 5 
15018 20402 31 3802 13909 3086 6103 22463 15144 5 15658 20402 22463 7901 1393 2717 28 4 15424 22463 16192 2499 16673 3702 2553 5 15018 20730 17571 4 21596 17555 19685 7730 15138 19114 5 15018 20402 22463 21218 1393 18376 7509 16098 14539 18498 3702 1393 18497 22800 5 18481 13909 15355 14425 
2717 9818 21 
21 9193 15658 19900 15678 18498 14335 7573 
7730 14539 1920 15658 16721 7914 14335 13591 
15658 9691 6103 910 11203 
23135 7914 9193 5284 15678 20463 13727 
15678 1114 20149 9743 14335 13405 991 15894 15502 13909 
5762 18657 4 1186 6103 22897 4 9743 6103 9193 20463 3510 
13359 31 19804 7509 9094 
15458 134 20149 9743 22463 4403 
18498 15658 21596 9971 7730 20402 21793 15678 14604 23104 
20402 4796 794 15678 12277 
19089 7914 9193 7730 23151 17872 23135 
15678 1114 20149 9743 14335 13405 991 15894 15502 13909 
5762 18657 4 1186 6103 22897 4 9743 6103 9193 20463 3510 
13359 31 19804 7509 9094 
15678 1114 21179 4796 22463 7914 14667 4 17438 23135 9193 23016 
7730 1920 20402 31 14335 5064 4 20244 14018 7914 9193 
4796 15678 22797 7730 15678 2573 31 22760 4 18498 9193 13405 20244 9971 5 5 5 8 29 6 6103 
7 
21 21596 10765 18498 21596 4292 6103 16472 18476 3702 5 6103 20749 18476 352 5 6103 10083 18476 19698 5 1393 13131 6281 4 31 10765 20149 20357 7850 2462 6103 22463 19415 18498 6070 10962 15637 21409 11020 4 20244 19250 7730 20244 618 5 1393 13131 6281 4 31 10765 20149 20357 4796 17111 7850 17608 5 13163 15678 18519 6103 20866 5 14418 15678 6193 4766 867 7623 7509 5518 13909 7623 18498 21596 17872 8637 5 15678 21551 20402 16083 5 7730 31 22942 9901 4766 31 3790 18498 7847 21596 6103 22821 4 9193 18498 31 10765 6514 6103 22805 5 5 5 8 29 21793 13759 7509 15190 17872 23135 28 5 5 5 22318 1027 8 29 6 6103 21 
21 9901 4815 
15311 4815 
3962 4815 
23104 4815 2136 15678 9971 
17458 20402 20463 150 
15658 21596 13909 16849 
9901 4815 
15311 4815 2136 15678 9971 5 5 5 8 29 
21 16971 4 8995 20244 28 7 21 
21 8 29 
18525 15658 18533 22463 1114 1920 0 6 8 29 
9193 21596 4181 165 18498 15425 20207 1393 20463 13131 20402 17438 228 8 29 8 29 8 29 
21 14604 21726 6103 2934 20 20 16323 20 8 29 
21 21 31 16971 18498 8995 21582 9743 9010 22463 15190 17106 4 15658 21752 10175 22463 23577 7127 4 4796 17511 9193 0 11710 31 8715 21 21 2975 28 21 
24 16323 16404 18525 21582 21793 15678 28 134 15678 15190 4766 15678 5528 8 29 9808 7127 7509 2934 20 20 
27 6 16404 
6 
8 29 26 26 5 5 5 
6 
21 11580 7914 18950 8564 14096 16936 6103 15671 10765 18498 22657 31 16689 5 7730 10765 18498 22657 31 16689 4 21282 1190 4766 10765 18498 22657 31 16689 5 11580 20402 20149 4730 7850 13727 7509 16083 4 16721 4796 7847 7730 9743 15678 18498 20402 14425 17872 20149 14096 16936 6103 18525 20149 1027 5 20402 11581 20402 20402 11570 4 20402 1027 4 20402 15658 238 12780 5 20402 20559 18533 9901 5 
28 28 21 
7850 14334 28 22 20539 6103 28 15658 21596 13601 15658 16972 0 0 15678 17563 8147 15678 3610 7509 21083 14334 28 22 20539 9193 15658 8147 15678 3610 17872 4289 2136 31 13601 5 5 5 27 
21 20497 6103 3031 20 20 20 
19887 20402 16404 13236 4 15658 16404 16971 5 21 
13909 19871 5 5 5 17438 9721 20 
21 9808 7127 7509 6 21 21 9193 21282 12780 20149 23135 20402 5 21 21 
21 21 9193 2647 7850 17478 7730 23135 9605 5 5 5 21 21 
8235 4 9808 7127 7509 1095 17872 18525 21596 20 8 29 21 
16971 5 5 5 21083 18930 20 20 7 
9193 14974 8 29 
21 5 5 5 
23104 7850 22942 20 6 
21 1614 21282 6103 3058 4 21787 22463 23001 27 21 
27 6 16404 
27 12780 9743 30 28 0 0 20 
21 11907 4 22463 8855 18070 3058 5 5 5 4766 14335 1115 8 29 6 6103 21 
4385 4766 9193 10700 
21 11617 7585 22 21298 26 26 26 11288 22 20539 26 1983 26 5 5 5 
6 6 6 6103 8 29 
21 5 5 5 8 29 
21 1614 8995 22463 3790 18498 10959 6103 14464 7730 14464 13026 4766 31 20931 2510 5 5 5 18498 21596 12027 15138 28 3058 20 6 28 28 28 20 
18525 14335 6075 4 1393 14466 22463 22897 4 
18069 18498 18525 21596 13909 7509 18498 17629 21596 
18494 20293 20149 5446 18498 15658 21596 15678 2625 
7730 9605 6329 17438 15658 21596 15299 31 7491 
18525 14335 6075 4 1393 14466 22463 22897 4 
18498 15678 13909 20558 20402 22886 4796 15678 13909 11861 
9193 9193 6075 8833 
7730 23016 22463 15190 7542 
18525 14335 6075 4 1393 14466 22463 22897 4 
8386 4796 22463 21282 28 1393 14539 21551 20402 22310 
7730 8956 14539 28 20402 15036 17438 23135 
20402 21282 13948 8443 4 6256 22463 28 22385 22223 5 5 5 
5 5 5 18525 14335 6075 4 1393 14466 22463 22897 4 
368 17438 22463 12459 7914 22327 18498 9387 
7730 368 18498 15678 15190 20402 16816 
7730 18498 21793 31 16971 20402 9808 5 
21 15311 18498 14335 1027 4 15138 5 5 5 27 20402 22463 22897 7850 14608 18498 15658 21681 9975 15138 9808 6 16404 21 
21 8956 20402 17872 23135 18498 22805 22463 14457 7730 15128 6103 3585 4 17872 23135 18498 20293 18498 873 16630 22463 16137 6103 3015 288 18498 7847 12780 22782 17872 4913 7645 7730 17872 23135 18498 288 18498 31 22942 6103 22463 11503 20149 19525 7850 20931 16192 7914 21 21 6075 15678 23135 20 21 21 5 21 
21 31 28 7491 6 22 1027 1393 18195 5 22 
12861 17304 20520 866 4796 6 22 6265 7914 16580 5 22 
28 28 21 
21 31 16971 16605 18476 5150 21596 10547 4766 19240 7730 1114 4766 3960 5 5 5 2371 18525 10447 8956 16155 8995 5041 1393 12261 4 20402 910 16784 4 18476 7850 22821 22327 18498 17629 20402 238 15678 18195 4 14539 18498 7847 15658 20149 16393 7914 15299 4766 31 10765 6 21 
21 9193 17629 22318 7491 18498 9193 20402 13688 7850 13907 7509 22898 7730 18498 20825 4766 5767 16480 7730 15658 352 1966 5 18498 11284 871 4672 18498 9193 21282 5320 1393 8832 31 18470 4 5226 4 23135 15658 19900 5 7730 18498 9193 15658 20402 15678 21743 6103 16971 18498 10959 6103 18876 10095 16066 6159 6103 1114 18569 14335 9743 13909 9808 18498 23135 5695 17872 9193 16066 20149 13325 7509 10765 15637 3718 5 
9193 12780 15726 15138 18494 22327 5 6670 31 20931 16041 1393 14881 4796 23135 20149 4902 4766 31 20931 9278 4 7730 4 12751 4 9193 20967 31 16971 31 21662 7501 6103 16920 5 
8 29 
22657 9594 23351 
8 29 
23351 7 
21 26 11617 22 13800 26 26 
11617 22 13800 26 26 26 7964 
2384 11617 26 26 26 11238 
26 26 26 22 18740 26 26 28 
26 22 18740 26 11617 26 26 15005 
12863 22 20539 26 26 16105 26 28 
2384 11617 26 26 26 11238 
26 12863 26 22 21298 9579 26 5 5 5 8 29 
6 6103 
15671 21596 15138 17872 1540 4766 31 15364 5 5 5 
8 29 17872 8956 7127 22385 19782 20 20 20 
21 22463 14984 6103 10765 7491 9901 4766 873 18498 9743 12861 4 18498 9743 1616 4 18498 22318 6103 12861 4 18498 15658 19900 15678 18498 13909 5 
8956 14984 6103 19150 7730 9381 4 20402 4672 5762 16673 3393 5 
7730 4 14604 22765 4 15658 19900 20149 23135 19900 9193 15678 1114 20402 5762 16673 5528 5 
15678 19509 4 20402 11723 5 
8443 4 368 5 5 5 15678 1114 4 1114 4886 20402 18476 23135 18533 15678 16083 20293 16936 5 
21282 12861 5 5 5 30 9808 7127 7509 15311 30 6 6103 21 
22463 4672 9901 4524 6 15671 17629 19611 9193 18103 892 5 16673 9193 20127 7730 7509 15576 9943 5 8956 29 20209 17304 9402 15678 5179 6103 15138 16971 20670 8956 11861 21535 5 
9193 10696 8 29 
31 3267 28 8 29 
8 29 6 
9193 7730 22318 17790 27 8 29 
7127 7509 3267 20402 21793 7127 18533 20 20 
21 22320 3166 5 5 5 
21 28 28 4 22463 7763 14185 7509 22516 7509 26 28 4 7850 28 4 7491 1393 26 26 22 20539 18498 4289 31 8147 6103 29 31 14667 9094 14185 7387 7914 22463 16475 6103 29 14595 16673 17583 5 
31 8491 6621 8995 550 23206 8905 6103 9094 14185 4 7730 31 28 26 26 4 9193 9194 4 8995 9594 7914 22463 21 21 8491 6103 13888 11455 21 21 18498 1077 4060 31 15041 6103 21793 31 17436 6103 9095 15772 7509 28 7509 8995 4 13055 18498 29 31 29 7509 1233 7850 19143 8995 12251 4766 31 7544 5 2934 6103 22516 15569 7491 15658 21596 11644 20670 15678 18498 8995 4060 31 15041 7509 1233 4 7730 18498 7847 16393 8995 21 21 1497 21 21 5 
27 15299 31 6157 
21 15678 1097 20402 18191 6103 9692 6 7509 28 4 7509 8361 10476 4 7509 8361 15260 4 7509 9574 4 7509 10523 4 7509 17316 4 7509 8051 4 7509 6070 4 7509 5943 6103 12327 4 7509 3763 4 7509 204 4 7509 2949 5 20522 7914 3450 9169 6103 10220 5 15658 8995 7914 9193 10366 7151 4 9193 8995 7914 9193 16920 4 7070 4 6103 14881 11820 4 31 9193 2053 5 
18481 13033 20402 9790 7914 2547 31 1097 4 3367 7730 22316 0 1095 20402 15678 18498 9901 6408 7509 19486 5 20402 10879 7850 20044 5 31 20414 5 
28 3900 21 
18498 20126 6981 21551 27 9193 29 18565 13909 16958 5 5 5 7730 4179 16971 191 6103 9193 5 5 5 19703 
21 6 22 10138 20 20 8 29 
21 8956 13944 14076 6103 10444 27 
3058 7127 20 20 6 
21 21 21 7847 20402 22385 10141 21 21 6 4672 10138 7509 5660 28 5 21 
15968 15604 28 
21 15678 3058 9942 20293 19553 19703 5 5 5 15708 17438 20293 14335 18876 7730 22092 22385 2727 5 5 5 15708 17438 20293 7883 9193 2224 4 17438 14335 1547 15604 16971 4 8235 16673 3870 5 5 5 5 21021 20293 20 20 8 29 21 
21 28 28 17438 22318 5891 13055 16098 29 22898 8 29 
27 28 6 16404 
21 7850 26 6408 6103 22463 22137 1893 20 8 29 
6 
27 
21 4672 13909 13512 7509 15364 8 29 
21 15678 20402 11570 16784 31 15623 14539 4 5684 6650 20 21 
21 26 26 12863 26 5 5 5 8 29 
21 26 26 28 11617 26 26 26 0 
31 26 31 26 26 11617 26 21776 
26 26 26 26 5 5 5 8 29 
21 20670 15678 16753 10826 5 5 5 8 29 
31 20402 7509 10940 201 11462 20 20 20 6 16404 
16393 18498 20402 15908 5 5 5 8 29 
21 8 29 
6 23273 5 28 5 4766 26 0 22615 17016 29 29 20539 29 21 
21 21 21 20149 23135 15658 23016 4815 4 15299 7384 21596 22665 4 6103 18498 22657 15678 16373 20244 1114 5 5 5 21 21 8 29 7750 14604 15416 21 
27 
14425 15311 5 5 5 14699 6103 22463 9975 6103 20474 8 29 
8 29 
21 26 11617 26 26 26 31 26 26 
23 
11678 11617 26 26 26 
12863 22 6103 26 31 26 26 
20497 14335 26 26 7509 5 5 5 
27 18498 22389 20 20 20 
18533 22805 18498 11518 18498 15671 7558 12780 13398 1022 18498 13055 20402 11462 11212 11212 27 28 28 
21 3510 7509 6014 4 20149 19604 
1248 7509 15533 7730 7509 14049 
17872 1021 7914 16312 4 7914 16580 
7730 18481 13909 4 14425 4 23135 
20749 6103 22805 18498 9743 4356 
20799 7509 14231 4 20402 13759 7730 5518 
17872 3058 7509 22942 349 
15894 18498 12701 20402 15678 1114 5 5 5 
17872 20202 7914 22463 21252 10962 7730 17668 5 5 5 6 
21 28 28 7730 28 26 7850 14539 15286 4 28 20 20 20 8 29 7730 8956 4561 20 20 
21 15678 14425 6103 22327 20402 5 5 5 9743 22463 14980 21083 2389 16673 4122 7730 5 5 5 14145 4 9901 23554 22463 3119 27 15678 12939 20402 19068 20 20 20 
1095 5 5 5 19900 18498 13055 16468 7509 11518 4 9193 23135 19900 4 15671 19900 15678 18481 9193 22318 6679 22327 6103 3058 20931 19952 20 20 20 8443 9808 1247 4 22327 6103 3058 7914 21793 15678 28 18498 9387 7850 20931 22942 7730 9193 8840 18498 20402 15138 7730 4290 6103 4672 3058 4 15138 13759 4 18498 28 8995 20293 7509 20463 13131 22318 8125 6103 5521 7730 10268 4 18498 7850 20931 22942 23135 8147 16971 3058 7730 11710 18498 22318 9743 9239 4 18533 18498 23135 20402 13909 9808 7509 18498 13055 20402 5 5 5 15678 14924 18498 16468 13026 9193 7451 15138 4766 4181 4 4524 18498 4796 21793 15190 7914 21793 19225 31 22898 15671 9193 3697 7730 201 9193 13979 4 9193 12861 22327 11066 31 28 20293 16468 7730 2136 11462 7914 1249 8995 2371 4 15424 20293 4766 21551 20670 7730 4766 1612 22765 7730 5654 19814 6103 9193 22805 21793 7127 4 9193 9193 15658 14335 3697 6103 22318 6679 31 3450 14763 14539 20244 22318 22805 15138 13759 7730 21021 20 20 8 29 26 26 2384 6 21 
21 18533 15678 2727 4 9743 15678 2727 7730 15678 19509 23016 20 20 6 21 
26 26 5 5 5 3386 6 
15678 18498 31 14453 1027 9901 9172 8 29 6 
21 25 5 5 5 21793 15401 5 5 5 
27 28 3996 28 8 29 
15678 1114 11284 20293 6103 20402 16126 6 
21793 15190 17629 6103 22463 17478 20215 8 29 4690 6103 11048 28 28 6 
21 18498 15678 3610 6103 3450 22463 6103 15671 20402 4897 17438 16971 14149 4 17649 4766 13759 4 18498 31 10765 19900 20293 18950 8956 16971 18498 9193 9743 5741 7730 20825 13909 951 20 22356 6103 28 28 10209 29 10211 2874 28 8995 11139 17872 20293 21 
27 26 
12861 18498 349 18476 20149 20402 2374 20 20 7 
8 29 6 
4796 17304 29 29 20402 11686 31 29 5 5 5 
20497 6103 3031 20 20 20 19456 7730 1114 20 
27 10943 20 20 6 16404 
21 8 29 7914 22463 20207 9789 6103 15138 21932 7730 15138 11036 21371 20 20 
7730 20202 31 21942 5 5 5 13909 22463 1249 21793 15190 22918 7730 9193 7914 3962 14145 20 20 20 
21 21 21 20402 21551 6103 3610 20244 14378 6103 20149 16784 5 21 21 
28 28 21 
27 31 3790 7509 13944 20 20 20 
26 20 6 
26 26 20 20 20 7 
21 28 22 11617 28 26 26 22 26 
26 26 22 18740 26 
2384 26 26 26 20916 26 31 26 
1983 26 26 
11617 22 13800 26 22 26 26 
26 26 11943 26 11943 26 26 
26 26 26 26 15803 31 26 
14335 4 11617 26 11943 26 26 26 26 26 26 5 5 5 8 29 
13543 6 11560 6 23273 5 22637 5 4766 5 3148 28 26 16073 26 21945 5 11559 30 29 29 7730 
21 20402 9634 15658 20402 21282 21435 21 21 28 21 21 7850 5574 7730 6408 13202 7850 1866 5 5 5 20402 9634 20402 15678 13265 8871 13909 3086 7730 7464 4 20402 9634 20402 16404 991 7509 22942 20 20 20 7 21 
21 14604 15311 4 21282 17304 5 5 5 17458 9193 4796 17556 4 11686 22463 17831 11212 11212 21 
2371 20931 1095 13512 22318 30 7850 18352 18498 17525 8956 10273 7730 7491 18498 13325 6103 23135 11288 11288 6 10648 31 15533 28 29 28 
21596 10765 18498 9901 452 31 10765 8647 20 20 6 28 28 
21 15833 2384 26 14335 26 15005 4245 5 5 5 8 29 
4672 13909 13512 8 29 
21 2371 23135 6246 17872 7599 7730 9901 28 7850 3590 2136 31 11518 6103 352 4 3058 20 20 20 21 
21 20126 4 21282 12861 4 4785 6103 9574 5 5 5 12106 2727 18498 9193 3790 8995 18494 1400 7730 8956 3388 11526 15201 27 21 
21 9193 15658 14335 3697 6103 452 31 22318 2717 4 15364 20 20 20 21 
21 11617 7585 22 21298 26 26 11943 26 20402 26 26 5 5 5 8 29 
21 288 11066 15458 17563 18498 21 21 15036 6103 20126 21 21 9193 20293 21596 22463 6663 17989 18476 31 10765 4229 17872 19969 16066 14425 21282 21596 21551 17872 18525 18533 2371 2371 5 5 5 12780 22805 7277 8956 20126 2371 11300 20 7 21 
23 2371 18498 14487 20 
21 26 26 26 26 26 26 11678 26 26 21776 
22 4060 11617 26 26 26 26 5 5 5 8 29 
20402 18498 18784 8995 9239 0 0 20 
27 7730 22225 20 20 20 
21 15128 31 9009 4 15299 15128 5 5 5 9193 9193 19900 18498 871 4672 349 5 5 5 
3472 15678 20828 0 20 
21 26 11617 26 26 11617 22 13800 26 26 5 5 5 8 29 
31 3903 20 20 20 
21 26 11943 13700 5 5 5 
21 3766 15416 4 19703 6 16404 21 
21 8956 16972 15328 4 18498 18533 22327 7509 20463 12939 4 17872 13055 7730 740 17438 4434 4 15425 20577 6103 7804 19703 5 5 5 8995 21596 20 20 20 21 
21 6 3219 7914 22942 4 20852 1393 21778 21282 22923 1114 7730 16580 8 29 21 
15253 27 28 28 28 28 28 7509 28 28 28 28 
14018 2727 20 7 
6 15678 
21 21 21 16404 15128 15678 15190 20402 17629 15128 31 10211 6103 15344 5 21 21 28 28 5 21 
21 24 4809 29 4766 31 15297 7277 4 16323 14090 7509 28 20 20 20 21 
9634 20402 9634 8995 9620 10765 20 20 
28 28 27 2371 4229 31 12787 13909 15604 6103 15533 7730 15658 6256 7847 7599 2136 9901 6103 7127 19703 6 16404 
31 20852 9193 17785 13405 31 22942 5 5 5 6 6103 
20402 31 15127 18498 23135 18533 22805 7850 15190 5 5 5 28 9808 29 16971 20 20 20 
21 21 21 31 22942 20244 21630 15658 20402 13761 11020 4672 21 21 5 14604 18376 6103 13195 28 15708 17438 8956 1114 13512 18498 22318 14335 6075 4 15416 21 
21 18498 29 20402 22463 1249 14425 17872 21793 15671 5 5 5 18498 17511 9193 16878 7459 14924 3058 4 15138 3058 7730 15678 15424 22385 3058 21371 4 18498 15658 9193 9620 10268 6103 23167 7730 15083 16404 12780 991 4 18498 20402 3058 4842 4 18498 31 10765 19900 16098 13909 7730 14425 4 18498 15678 1249 20149 12345 4 20149 14096 7730 21623 4290 6103 13759 4 15138 16580 7730 1114 20293 5 5 5 15678 19509 4289 4766 13909 9567 20149 4854 4672 3913 6103 8208 17504 4 22463 23570 9975 6103 1249 7730 22463 9808 1249 15604 17872 21793 15190 20 20 20 21 
21 3459 892 4 16393 18498 31 10122 19745 26 21 
19900 20293 31 18525 662 6 
21 31 8632 201 4 15678 8361 15260 201 4 31 9574 201 15678 4403 20149 8120 7730 2371 20402 18498 31 10765 22805 18525 18784 23016 17872 20803 5 21 
21 15658 20402 17872 12861 18498 15671 20402 5762 20 20 
21 15678 4425 8794 28 30 26 13473 9130 16404 15678 17819 14119 7509 13600 17285 7850 15190 7730 15726 18498 31 14012 18195 1393 28 21063 20402 22463 7509 13909 14155 5 9193 31 8525 8147 2727 14466 4988 6103 17285 7509 18498 17797 7730 12861 15658 20402 22463 3058 15599 5 4766 15678 22797 4 31 15894 7730 15678 20749 4 15678 17285 20402 18506 7914 16620 18494 12745 31 15855 15626 4 15678 18498 17304 10795 5228 2872 12224 7850 3459 892 5 1603 9412 6103 29 15266 4 20402 1164 29 1127 6103 702 7730 15729 18498 11284 22463 17743 258 6103 10310 6103 17285 2136 14539 31 14673 6103 18570 6103 7419 7509 5355 5 15678 11020 15081 6103 17705 20402 18498 7847 20402 8147 7850 9156 6103 16659 18498 20402 10192 17828 6103 892 16404 15678 16659 9441 4802 4796 15678 2132 4 17438 9365 5 15678 4425 3348 19900 15894 13909 8995 8956 10310 5 8956 9130 17674 17304 20402 13471 7914 12327 16673 6 2914 5 30 9130 17285 15761 
10192 6 26 26 21 
21 15658 9743 4766 15678 16083 1616 18498 23135 15658 10959 18498 9743 4766 23135 4 16066 9743 4 9193 6408 15658 18910 20 7 21 
21 7576 4 7576 4766 10765 3058 7730 7509 2727 21 
18525 2371 13055 16468 7730 8995 7850 9032 6981 17015 20879 5 0 27 
21 17438 12861 18498 9193 22318 1027 20931 6056 4 12094 20 20 20 8 29 21 
21 3058 26 4 26 26 11943 26 26 
26 26 26 26 26 26 26 26 26 26 26 
3058 26 4 26 26 14335 26 26 
4796 26 21776 14335 4 4796 26 21776 14335 5 5 5 
21 14604 28 7509 6014 20 20 9193 15658 21776 368 4 8840 1612 23575 15585 7509 6781 19969 4 2124 31 18352 29 22898 5 5 5 13055 20402 10606 2934 28 20 20 15708 31 21793 15190 18498 340 8956 13688 22708 7730 6739 18498 9193 20402 7730 20402 4 1393 14604 16169 17836 4 14604 12787 4 1393 14604 15311 7730 1393 14604 1097 4 1393 13688 18498 20149 13026 7850 2807 4 7850 3709 4 7850 5584 4 7850 13860 21282 17872 9130 13909 4436 14764 6408 6103 21793 31 13860 4 22657 10606 8840 8147 15138 11020 2934 17438 2371 20 20 8 29 11036 20 20 21 
15299 15299 20 20 20 
21 15678 21932 5360 20 20 
31 14090 8995 13667 4 9193 18533 6276 2727 16936 6103 23135 5 2136 15678 18195 15266 4 8995 4766 22463 9456 6103 10273 7850 1619 6103 28 5 20402 871 7509 14426 11729 19140 16673 15576 16966 7686 15678 21935 9193 23575 1249 5 15678 28 28 4 7509 9193 8525 6103 16967 7730 6103 7804 1059 4 9743 15678 5483 5 8995 6103 2979 0 6075 22463 18281 13761 20 
15678 17960 14090 7509 28 21596 28 28 4 17438 14336 7509 17950 28 21285 5 
14090 7509 28 13141 23104 1619 6103 28 21 
21 15138 22223 18476 15658 11284 18953 4 31 16971 15643 6075 15678 20463 3192 31 21842 5 5 5 21 
21 15416 13512 20 20 3702 15138 20 20 20 6 
21 15658 15190 22385 1836 4 21282 31 5758 14539 18498 20149 20007 5 5 5 31 15127 7850 5574 12780 6670 1868 4 15978 2727 17421 4 2988 6103 22320 4 16882 6103 11153 7730 4052 6103 20408 2136 15678 12277 19703 22 21 
7839 18498 4289 15678 20463 23575 7127 6103 2154 7509 9574 5 5 5 20402 13512 7730 1393 14539 21551 1964 20 
21 28 4687 3929 9594 20670 1909 19418 7730 19456 5 5 5 5018 5 5 5 9193 15894 9901 15678 19456 18476 23135 9901 13909 6103 22463 11518 21886 7850 17406 7730 15678 15092 16468 7279 17324 15678 23572 8995 8435 4766 13909 7509 14561 7509 16463 6103 18376 7730 4687 7850 22954 0 16066 18476 15678 23572 15424 16468 0 13909 19456 4766 15678 11669 4 4766 15678 21931 4 4766 15678 9128 4 4766 21793 15190 20 21 
11462 20402 20244 7728 15678 14425 7127 4766 31 5758 7914 17010 5 5 5 20402 18498 21596 15138 14522 7730 2934 14188 7850 10530 0 
21 21 21 8956 20402 15678 15576 15697 4 9743 4766 18498 31 16971 5174 4 10959 5 5 5 17872 17304 17745 20 21 21 14090 7509 28 21 
21 15678 22665 6103 22463 1114 15658 20149 17304 4913 
15894 8995 31 10192 18498 8644 31 22942 
18652 6103 20749 15342 3256 31 20258 5 5 5 
21 7730 18533 22318 22805 3450 7127 13909 8 29 6 
21 21 17304 9594 6103 18476 22318 22805 16673 17819 22897 20244 12939 6103 19324 22318 22805 4796 20149 15658 20402 22805 15643 13909 7730 20420 3058 18498 9193 15658 21596 22886 15643 13909 17458 6103 19324 22805 16083 22897 7730 16083 7730 16083 7730 8329 9193 22318 22805 15344 22463 12916 7850 9193 9550 21 21 
30 21 
21 31 7861 6981 1249 15061 15513 17458 15678 28 7730 15678 15190 20402 9312 7509 12939 18498 20402 5 5 5 15502 19456 31 15936 6103 15502 4 20670 15299 4 22805 22463 14984 6103 10765 7542 4290 6103 11644 2932 7730 17636 5 21 
21 6256 1614 14604 663 31 21793 1612 18498 6103 871 12939 14335 753 31 4289 2136 1614 4 13909 16936 6103 22463 20825 3450 7127 13909 5 5 5 21446 9978 4766 21021 20 20 20 15708 1393 14604 16169 28 28 7730 9203 17438 21793 1506 4 1393 14604 12787 17438 16429 7384 21371 28 28 4 28 28 4 28 7509 28 28 7730 28 28 7730 21793 31 9634 20244 8918 7509 5915 7730 7509 28 28 18498 14335 20007 11518 1276 7509 5168 4 26 5 5 5 1393 14604 15311 17438 14335 21154 7850 14336 6981 7553 7730 14539 1920 9901 7509 14604 13131 28 3996 28 1393 14604 1097 18498 15658 6256 6103 13131 866 18498 16393 15138 4273 9193 20402 11861 16404 9193 21793 18498 15658 12780 4491 15540 17458 20402 15138 9193 31 23135 22463 15708 10840 15138 15708 31 9193 16003 28 28 6103 28 31 10765 20293 20149 6908 7850 14336 7509 3610 6103 871 12939 7850 14336 7509 5590 7730 7509 7127 31 7127 14539 4 15138 15708 16673 1506 7730 16673 16135 5 5 5 7730 4524 31 9193 7681 28 28 5 5 5 22657 8995 13909 16936 7509 7259 3450 7127 18498 16468 7730 11462 13909 740 21 
6324 6103 22463 7576 5 5 5 14984 26 
21 26 26 26 26 26 19848 0 0 20 5 5 5 26 26 7 
21 8406 21389 1249 
8406 21389 16083 
18498 20855 31 9193 23 0 
8406 21389 16179 
8956 8147 15671 7558 4 8956 1114 5 5 5 8 29 
21596 8995 4766 16971 18498 6439 4672 3086 17438 15894 16468 6 6103 
2371 18498 7594 20 27 
21 6 21 21 20149 8256 18525 288 18498 19695 7730 20912 2082 12709 5 31 16971 12709 14539 20402 15678 20853 10544 4 31 13759 18191 4 31 9801 20584 4 31 835 9303 5 15678 18498 12034 31 16971 20402 31 1103 18498 15678 16083 2082 4 31 3058 8208 18498 22053 4 15678 3219 15826 7850 15855 4 31 20583 8889 4 15678 1114 22823 4 31 17505 16673 22942 4 31 13411 7850 1190 7730 31 16580 12589 5 20149 8256 18525 288 18498 22463 5574 16816 4229 2031 4 18498 2717 2082 4 18498 23206 5951 6075 21671 5 15299 7384 21596 22665 20149 15678 18498 21596 17438 6389 15658 20149 892 6103 4672 3058 5 909 4 7251 15425 16162 15678 18498 10795 31 22823 12709 4 17458 31 13905 19695 7509 22942 20149 8644 7850 910 5 5 5 21 21 21 
21 9193 15658 18533 12960 26 26 19956 4 16404 4766 8956 12261 20 26 20 21 
21 5 5 5 
21 26 26 4 18044 15678 15761 7509 14539 12939 18498 21582 18044 31 21631 20 7 21 
21 17819 20247 4 5013 4766 21021 20 7 21 

