6 
21 17458 15678 21551 16468 4 9193 15678 4840 5360 8 29 21 
21 21 21 20402 15678 18498 9743 4 17836 15678 18498 9743 16404 15128 15678 18498 20402 5 21 21 
28 28 21 
2176 19094 7730 9241 5 
11625 7730 28 
21 21 21 14335 13405 17872 19969 
18498 15658 20402 13909 6073 5 
15658 5174 13909 8956 10765 
18498 20293 5174 5 
14335 13405 17872 19969 
18498 21282 22318 16098 9594 13055 14335 9743 22385 2727 5 
4766 23135 
18475 13727 20402 31 9193 3962 5 
14335 13405 17872 19969 
7730 12780 8561 21793 31 17218 
7730 352 7914 18475 16083 13727 5 
17458 15658 11862 15894 1021 
6670 18498 9193 8995 4766 23135 
20244 21596 18498 15855 16673 12899 
20244 18533 
20244 18533 
20244 18533 23104 5 21 21 21 
19698 6103 12897 19719 20402 0 21282 18498 15658 
21 21 21 15678 15190 8995 4290 6103 4672 23556 18498 15502 12894 15726 21 21 21 
13909 22463 16404 31 19094 20670 15678 28 5 
21 10982 4 13782 8995 6103 20402 28 21 
21 19094 15643 20402 6329 
21 23570 19094 16404 17931 5 
28 28 14212 4 28 28 4 28 28 4 28 28 
21 1393 14604 5174 18498 5799 31 3047 9634 4 9901 31 16836 5 
20402 15678 15576 10982 9774 4289 1393 16083 16587 0 
1393 16083 4 9901 31 19094 5 21 
28 28 7730 28 28 28 
4809 4766 31 14161 
1393 5174 
23570 13324 
5018 
28 0 18498 0 
13909 6103 29 1249 20 
21 20402 0 
12672 8956 16967 6 16404 21 
12094 20 30 20331 
2982 
8 29 
18779 15678 11875 20402 21282 18553 6103 23167 20 
17819 4372 7914 3962 20 4766 15678 1097 5 
21 18476 23135 288 18498 31 4672 8995 14426 4 21596 20293 866 18498 22318 6448 16404 13909 10484 740 20 21 
7850 2635 6103 26 26 20 20 20 
21 26 6103 7127 4 26 6103 15533 20 21 
21 21 21 22666 12046 20402 22463 23042 4951 21 21 21 
19698 28 31 29 7509 14049 7730 29 11048 6103 3564 5 7730 740 21596 10765 7491 18498 16468 20402 5 11952 20 
21 18494 14561 7509 3610 2136 20402 28 20 
16175 14149 4 8956 28 11758 18498 23104 7730 15424 5174 5 21 
6 
17458 1190 6103 2824 15458 11757 7509 17226 17065 20402 22463 6472 
4289 20 
21 29 1249 2116 4 20402 5758 21 
6 
28 28 20293 19900 27 
20126 7509 4257 
30 16404 23449 26 
17458 29 20402 13909 13278 
20293 19900 
4809 31 15533 6 
16721 7730 19089 20 
7576 
9422 7730 4840 
28 
14425 11246 10967 
28 14976 
11702 4924 29 20 
14425 6223 
28 26 7509 28 11302 26 3058 7850 4096 6103 28 5 8956 20402 16404 23135 28 28 
21 12901 6103 10548 20402 16083 4672 5 
13660 4766 2637 17438 6 28 28 7730 1815 17438 28 28 6 21 
21 16404 19224 31 15533 
21 1114 20402 22463 13591 5 5 5 
1114 20402 20855 5 5 5 21 
21 18498 15678 5688 23016 20 13909 29 1249 6103 18376 21963 17872 23135 4 3600 20 29 21 
21 14604 2530 4 9193 22942 20 16404 21793 7509 8995 6103 20879 21 
21 22463 7509 14426 17737 20 20 20 
15708 28 28 21 
17458 20852 9743 2727 31 20127 
21 15834 4 23029 7991 5 21 
20402 20480 
20559 2725 
20559 2725 
26 6 
22993 7730 4189 7850 28 20 
4289 20 20 20 
17458 22355 20402 7451 6329 
17458 22355 20402 7451 6329 
6 
22356 9980 4886 20 20 20 18498 4809 15678 16477 5 5 5 
22356 9980 4886 20 20 20 18498 4809 15678 16477 5 5 5 
21282 9620 23135 28 28 
21282 9620 23135 28 28 
21189 20 20 20 20 
4289 5 5 5 
21 15678 4785 5 5 5 
28 28 4 28 28 7730 28 16811 2136 13055 20 21 
5855 28 28 20 
17458 20149 9193 15658 2075 15678 3906 31 22915 15658 21596 7447 5 15658 20402 14539 28 28 0 
17458 20149 9193 15658 2075 15678 3906 31 22915 15658 21596 7447 5 15658 20402 14539 28 28 0 
3011 0 
21 8956 20402 16404 21793 18498 12960 29 20 28 28 14212 4 28 28 4 28 28 4 28 28 21 
8956 20402 16404 23135 28 28 14212 7730 21793 15678 1097 18498 12960 29 20 
6324 
29 
29 
17458 19229 15678 16468 20402 23104 15678 17737 20 
21 8956 20402 17872 23135 28 28 14212 4 28 28 4 28 28 21 
21 26 26 5 26 26 0 
1471 6103 15658 10959 7509 15678 10889 5 3391 31 23570 19094 20 
21 22463 16836 4 22463 18553 
15678 18498 20402 18498 23135 22126 7914 20463 5528 0 
18525 20402 18498 8995 13640 2116 6103 23135 
18476 15678 6739 23016 7914 20931 7284 0 
18525 20402 18525 20336 7509 16083 13131 7509 14534 
8125 31 13236 4 340 23135 0 
18476 15678 3699 22318 10928 7850 3790 
18525 20402 15678 3790 18498 8995 13761 17872 22318 8546 0 
18525 20402 15678 3790 18498 21371 15061 31 3790 
18476 15678 21394 20402 21282 17872 23135 0 
18525 20402 15678 3790 18498 20215 20931 2605 
20244 18533 19900 15678 18498 12780 349 0 
18525 20402 18498 20336 7509 16083 13131 7509 14534 
8125 31 13236 4 340 23135 0 
18476 15678 3699 22318 10928 7850 3790 
18525 20402 15678 3790 18498 8995 13761 17872 22318 8546 0 
1097 4 1097 4 1097 20 
1097 4 1097 4 1097 20 
26 1097 21 
6408 6103 18494 29 352 5 4289 31 11518 6103 7599 20 
13688 7730 7557 20 
2547 7509 10020 20 4766 15860 3216 20 
2547 7509 10020 20 
21 18525 12780 0 
28 28 14212 4 28 28 4 3364 28 4 28 3996 0 21 
21 28 4 28 4 13688 5 5 5 5 21 
23 
1021 0 15424 22805 20 
16753 
21 28 28 4 8956 20402 16404 23135 20 21 
28 10967 20 
9789 6103 17939 0 
5680 7509 16753 28 28 0 
15855 31 7447 
30 23104 0 15833 26 
17458 21596 21389 8806 8406 31 16971 0 
2547 7509 14365 0 
21 28 3996 7730 3364 28 15855 18498 6324 20 20 20 
23 8995 16784 21371 28 6103 28 28 21 
31 14425 10273 7509 29 11300 20 
15995 20 
21189 20 20 20 
29 3885 7914 28 
21 6324 7914 17269 20474 5 4369 11625 4 18584 7127 20202 20 21 
28 28 20931 5891 8956 13822 20 
22657 31 19094 
21 28 28 14212 4 28 28 7730 28 28 21 
21 31 17485 
11341 7509 14133 4 15520 17563 4 
15382 22654 4 11783 4 
13398 11462 6103 15604 
15678 8880 6103 28 20 
8406 31 3258 7509 14453 4 
23554 18366 4 20339 31 23180 
7509 21680 7834 2336 4 
18498 30 11167 1393 28 20 
1393 1694 4 1393 1694 20 
20670 31 21631 4 20670 15678 14133 4 
1393 1694 4 1393 1694 20 
16673 18366 13749 
5371 15678 3685 14162 4 14162 20 
4904 
28 30 4 28 28 6103 28 
1540 22463 17556 7509 9193 5896 5 13055 5174 15678 11402 0 21 
21 28 28 14212 4 22463 15604 10211 6103 8361 5 21083 12577 17438 20577 5 21 
21 28 28 1393 23104 4 16404 15678 5937 5 21 
21 18525 7491 18498 31 2510 18498 9193 21582 21787 9901 13341 5 
29 15286 7914 29 
3058 21551 20 21 
29 3633 26 20 
21 3488 7509 14049 18899 20 
4369 8956 28 28 5 18476 12780 0 21 
21 3488 7509 14049 18899 20 
4369 8956 28 28 5 18476 12780 0 21 
21 9193 17819 23051 1393 4468 4766 15678 3959 14145 7509 28 4 7730 15678 28 28 20 
15741 6 8956 20402 16404 23135 28 28 17125 21 
21 8956 20402 16404 23135 28 3996 4 9193 12901 6981 20474 20 21 
9193 1506 20 
21 4796 17304 636 
18476 9193 362 
31 20336 7730 1937 0 
31 13606 7730 15678 5179 
8995 7850 18458 5 
31 22821 7730 31 20009 4 7850 942 5 
7730 31 11729 7509 22942 7850 21494 5 
15671 22240 15678 6684 17438 241 5 
15364 20402 5129 5 
20709 20402 20970 5 
636 15658 20402 1453 9743 871 4672 5 
9193 2367 5284 
7730 943 31 18774 5 
16404 18498 7730 16404 18525 8995 636 0 
31 16971 21596 20463 16296 
7730 23135 1540 15678 20463 7850 12971 16066 7850 8632 5 
1540 7914 3962 4796 20149 4902 4 
16404 20402 22463 21931 16483 4 
16066 22463 4284 12414 16066 22463 13135 5 
12862 20402 7804 4 6103 18475 10211 5 
9193 8361 15678 6996 4 9193 15658 6103 15894 18084 5 
20402 1453 4601 
15459 8855 7730 21355 12862 9431 
31 9388 6103 11341 6 
16971 4796 15643 12780 20402 4 
13591 7730 10259 5 
21355 12862 9431 31 9388 6103 23539 4 
16971 4796 15643 17304 20402 5 5 5 
23135 1540 15678 18498 4913 16404 8918 
31 9620 6103 17304 7730 13441 5 
20931 22942 12780 7957 9193 23135 19662 
16404 15678 21551 16468 19871 4 
2136 15678 18195 9971 6103 20247 5 
7850 9975 20402 1453 22463 18553 
6103 238 31 19150 4 155 15256 
6103 871 4672 16404 21596 16083 5 
15364 20402 5129 5 
20709 20402 20970 5 
31 5452 20149 11857 20670 31 13441 
7730 15678 17304 20670 31 23167 5 
18525 5284 31 22821 5426 20931 22942 5 
3697 6103 16784 871 
21582 15128 17438 6389 5 
28 15678 17304 7509 16718 15400 21 
21 15533 6103 9132 4766 26 26 
21 23 11625 
21 7693 20 
31 30 26 15291 6103 6030 20402 2727 7174 7509 22516 3170 
21 19859 31 28 28 20 20 20 
28 3996 15658 8918 20463 7623 20 21 
21 28 28 4 28 28 7730 28 28 
7730 2371 4 20402 18498 22657 31 8840 0 
21 20402 18498 15344 13909 22463 15604 4982 6103 8361 0 
14018 20463 21935 
21 21 21 16836 31 22463 17930 20149 8386 31 14031 4796 20463 970 1540 8530 31 16836 31 22463 4478 3849 4796 15678 9130 7509 5528 17304 15128 20931 18103 21 21 

28 28 21 
21 28 14780 4 15833 15678 10530 2371 5 21 
21 15658 8995 10544 17872 15502 6 
21 23135 18533 5942 7297 15954 7730 15678 28 26 15658 6256 20 
18137 15658 12418 6 23135 13055 5913 15678 15677 6103 5855 7914 15954 13591 9380 16673 20463 5942 4 7102 19410 14299 7914 22640 19251 7686 31 19545 19448 7509 5220 6103 10999 7850 5 29 4 22942 26 5 28 5 22575 5 3148 5 20 21 
21 28 28 28 6 
9801 4 30 26 21 21 15678 29 1249 6103 10999 7914 28 
2879 7509 22516 6103 20402 28 21 21 11212 20402 26 16404 20402 
17737 26 26 9224 29 12970 1668 6103 28 18498 26 
13727 26 29 26 6030 5 
26 17438 5241 30 26 26 9010 9224 5 21 
21 26 20 26 26 26 11943 26 26 0 
11678 26 1631 13585 13433 
26 20 26 26 11617 26 26 15803 26 
26 31 26 26 0 
21 21 26 21 21 28 
26 26 26 6 26 11617 31 13433 
20402 26 26 26 
21 21 26 21 21 28 
26 26 6 26 26 
26 26 26 
26 20 28 26 26 21776 26 26 26 26 0 
11678 26 1631 26 26 26 
26 20 26 26 26 26 30 22 21298 31 14247 
16105 31 26 0 
26 22 20539 7850 26 21776 26 26 26 11678 26 7509 26 26 26 26 
26 26 26 5 26 21726 21776 26 11617 26 20 
26 22 20539 7850 26 11943 26 26 26 26 26 26 1631 26 22 15658 22 26 26 
15924 26 26 5 26 18772 26 11617 26 20 

21 21 26 21 21 28 17520 16673 6006 21 
28 13023 
28 13023 4809 
21 15678 14425 21684 18498 9193 13359 15458 28 5 
21 21 20402 22463 10839 15138 8302 20 
15658 21596 8933 4 15658 21596 16568 20 
15502 22126 2515 15658 4 
20365 9688 20336 31 15256 5 
3702 15678 11402 4 22385 12372 5 5 5 
16630 11802 7850 17753 5 5 5 
31 15267 23016 9743 23 23 20 
17872 15658 15061 15678 18498 11284 879 5 5 5 
15678 17563 20402 9790 6103 11663 4 
16673 7314 6103 16536 21 21 21 
21 7730 2371 0 6103 18498 13131 23135 8995 0 
21 8329 12861 
9789 7509 13591 28 28 6 
28 20 
21 1027 9130 16404 18069 20 20357 4796 20149 20402 22463 7509 14426 4672 7509 22942 4 12862 20402 4 9130 16404 866 2497 20402 14425 18498 22327 7 21 
15138 19699 4766 8956 7558 20 
15138 19699 4766 8956 7558 20 
21 15138 19092 
21 22463 15286 16404 16721 
21 8956 20402 16404 19229 31 23523 6103 9132 7509 29 1249 4 28 28 4 28 28 4 28 28 28 7730 28 28 
21 15286 16404 7934 31 15533 6103 9132 5 
21 10998 7914 28 2879 7509 28 
6 21 
7467 
2371 20539 20 20 20 
17458 6408 7509 29 15678 7127 15658 8995 13909 17914 4796 1340 0 
31 22942 15658 20402 10544 
21 4796 7491 15678 7426 6 10943 21282 9743 10942 5 
9193 15908 31 15533 9193 5219 14335 21095 4766 9193 11665 21 
17716 17872 1247 7509 28 
21 16633 7730 31 20931 7672 4 26 5 5 5 21 
23051 15678 15215 7509 13788 17485 
4817 28 28 17125 7730 28 28 13817 
21 3016 4 3016 5 5 5 5 20336 7850 8946 8840 22318 16468 951 11518 7509 14285 26 3439 4 26 10700 5 5 5 5 5 4766 15678 8927 21793 1694 7 5 5 5 7 21 
21 15643 7491 18498 866 20402 11875 5 
31 4672 20402 7850 15252 11903 4 9193 15643 20402 11875 5 
15643 6820 1276 6103 21582 5 
7730 4 20149 23135 20402 20149 1788 6103 866 4 15658 20149 1788 
7509 18498 23135 9743 7730 20539 7509 18498 23135 6256 6103 9743 5 
17458 21582 7730 8561 4 20402 1393 14466 1540 4 
8329 15424 14539 21582 4 20402 6930 5 
15658 6928 15425 4245 7509 20931 22942 560 4 
31 20855 15658 2647 21793 7127 1393 20931 17478 5 
3348 31 20931 9801 5 17910 5 
7847 8995 6389 6103 23135 20 
7730 4 4766 4181 4 23135 31 14514 20 
5590 2116 6103 20463 20826 17438 18498 
20244 7847 15658 4289 31 13727 15425 5 
15658 20149 5133 5 12780 2116 7509 18498 23135 18533 5 13749 20 20 20 20 
31 22942 20402 2725 7730 31 8838 15643 7102 201 5 
1920 4796 21371 15658 7102 201 
15678 1114 18498 9387 6389 6103 15671 5 
19900 20688 1393 22225 5 
19900 20149 8546 1603 3450 18511 7730 19900 1027 20244 14378 4 
17324 15678 14378 15658 9193 22126 15299 4 1453 13405 5 5 5 5 
19900 20149 8414 17438 12526 5 
1027 6103 5574 7730 910 4 14539 18498 6408 8956 1114 201 5 
1575 3450 14924 4 3450 20207 7509 20463 23104 4 
17324 4 7850 9971 4 15678 18498 5320 4 15658 20402 15678 1249 6103 20931 22942 
9193 20539 4 31 22942 7914 20463 1249 5 21 
15790 16955 20 20 20 
26 26 26 26 26 9971 6103 20247 26 26 21776 26 26 26 5 
21 22657 6103 19094 16404 21793 18498 20202 16066 6679 20202 31 3916 7528 6 
28 28 28 4 28 28 4 28 28 4 28 28 28 4 28 28 14212 4 28 28 4 28 28 4 28 13270 4 28 28 

