18498 21340 22463 13812 1393 3039 6103 13349 26 0 
21 21 21 17458 31 28 13446 20 21 21 21 
2449 6103 7558 13126 7730 5675 7850 14091 5 
19096 6103 28 4766 3269 1393 14915 10951 
21 31 1571 7509 17960 6103 13301 29 7850 5993 4 18498 22092 7509 21612 6103 21793 31 21412 6103 22463 8057 4 5320 4766 15678 20522 16958 7509 2504 16543 4 10211 17438 6428 9776 18498 20402 18017 6103 4971 4 12202 4 16066 7509 20188 19864 7730 21596 4796 16568 31 6202 7509 4229 20462 17914 5 7509 29 23176 9728 1393 17960 4 29 20402 6075 17438 12520 16066 19362 7509 20188 5 
13359 7850 19349 6103 28 28 28 7730 28 28 11560 6 2914 5 30 29 30 2372 29 21 
21 9142 7914 9009 4141 8601 5782 7509 28 
8057 7730 10982 16559 21582 40 12301 4 18498 5121 6 6126 7509 20634 7730 21612 20242 13055 4929 20214 7509 16463 7730 10474 
9987 12973 6103 17944 5 16083 29 11560 6 26 5 30 30 29 29 21 
21 31 18006 16404 31 7237 7509 13908 16683 7850 28 4 1570 16673 4821 6103 28 7730 13048 7509 5993 7509 6428 4 10473 13909 4796 22463 9083 17437 7148 7509 20709 3697 7509 23014 6 15138 7509 6211 6990 16601 22564 15678 20739 7509 16971 20244 15812 1679 21289 5 
13359 7850 1840 6103 28 7509 28 28 4 6428 9774 7730 9276 7509 7277 11578 21 
21 21 21 21389 22318 20786 
18498 23135 14335 18533 
7914 21793 13727 21 21 21 
21 15678 1249 6103 29 8406 16404 31 11454 4796 22463 7509 13909 20042 7914 20402 28 5 31 17377 7509 10976 28 28 14265 13909 9193 23575 29 15266 29 2136 15612 7509 18498 7914 21793 15678 1249 6103 29 4 18476 31 17377 19625 15678 4229 1987 7509 16591 7730 4107 29 22942 5 15678 10976 4 4050 9862 4 18506 20463 18191 18962 6 11560 6 2914 5 30 29 29 21 
21 6 6 22463 1249 6408 4 21282 29 7509 16463 22564 15678 2846 14470 
7914 23206 15759 4 31 17654 20149 18519 7509 951 20995 16404 14096 31 21413 5156 4 18498 13055 4289 31 18494 29 2848 6103 18772 5 9193 6981 22665 4 29 14676 20402 21282 16404 14096 15678 2846 14470 4 18498 22463 1249 1603 31 11841 20402 22564 17438 1453 29 7509 16463 20 16404 15894 12780 15678 7251 7509 2846 14470 4 20149 17556 8995 22602 0 8956 7251 15658 20420 14425 6996 16404 7235 31 21413 16404 21793 17436 0 
8329 12861 4 7850 23575 20247 31 17654 7319 20954 6103 15604 31 21413 5 18475 2156 20402 22463 19822 20 13359 13909 6 11560 6 20402 28 5 30 5 15983 5 3148 29 29 29 15425 4136 31 13909 
6670 15678 12760 6103 29 15678 28 1515 15678 17877 7509 2846 14470 5 13359 13909 6 11560 6 16468 16192 5 12301 29 29 29 
15425 4136 31 13909 20 
15102 16468 13591 20402 28 28 21 
8361 31 6582 7850 5605 20 
21 20879 20244 702 4 29 31 29 29 31 16882 15138 5947 7509 14487 
15604 18511 7850 15669 7509 19361 4 7914 14336 31 4380 4 6852 1679 7509 10976 7730 6355 6 4060 8957 7509 5782 20402 10828 5775 7509 20634 6103 59 5 
17438 28 28 6103 28 
21 21 21 28 7509 28 7730 28 7491 18498 31 14487 21596 13909 22665 18498 31 22821 5 31 22821 20402 14991 4 21596 22463 21282 13311 5 13055 31 14487 22126 22463 8322 5193 6103 12301 31 20402 16967 4 31 12551 7509 14489 4 31 14031 4796 31 14487 20402 14984 5 21 21 21 
22805 31 10273 20 
21 18498 3733 184 20 12780 6391 17872 21793 15190 18498 31 19635 23274 20402 14489 20 
19676 8956 19349 7509 21525 21340 4 20402 15138 21569 20 12780 6582 15678 16553 20 
8956 4758 10450 20402 22463 11743 20 12780 201 4766 7847 7850 14604 16822 20 
17304 1522 6 31 19635 23274 4 31 21525 21340 7730 15678 4758 10450 662 6103 5528 31 20931 7481 5 11066 31 2053 1920 7847 20202 10010 7850 4145 7509 6110 5 21389 9743 20149 18525 7480 15678 1570 16066 5799 5 31 3450 26 7850 4854 7509 28 7847 16568 13909 10765 4 12027 23135 7730 31 20931 19415 6103 5174 5 21 
21 17438 7071 7509 10976 28 28 4 7850 1249 6103 29 15678 20892 5 28 28 4 19483 16673 8057 6103 21632 28 4 19547 31 3551 7509 19698 28 7730 21793 15678 8434 16021 7509 6350 7509 17782 7509 28 7730 15678 12960 7850 23498 15894 11462 8995 12454 31 28 13359 5 
18525 18784 4770 0 
21 15678 5298 9333 4 18498 9193 13405 31 4913 3962 13905 4 3919 13909 3894 4 19830 13909 21995 7730 21480 13909 9685 17973 9801 4 9193 15643 8414 5 1453 18090 15678 6679 6103 13909 4 20293 13909 5 7730 1393 17556 4785 31 19822 20931 22942 7730 5298 15576 18987 13494 28 28 21 
21 21 21 31 12708 6103 16587 20149 6075 7914 10793 16404 18044 31 17436 12118 4 31 7424 16404 20007 31 6340 4 15678 1987 20475 20402 9743 7509 955 14996 6103 18525 22564 15678 3321 4796 20149 7102 5 21 21 
21 21 21 5 5 5 26 1631 26 26 20909 
26 11617 997 26 26 26 21 21 21 

