18339 18498 16404 
21 4289 9193 22897 5 20402 19822 5 20244 4122 4 3930 4 15299 5 21 
18533 22805 18525 20402 2038 18476 31 13680 8406 7850 17171 9457 7509 28 20 20 20 
21810 18498 10473 
9840 20 
20126 7509 23575 3616 29 7509 11454 27 

21 9193 15253 4 9193 15253 
14335 8361 31 20215 31 2605 
6103 22318 1027 
28 28 
6 15678 
21 26 12863 4 26 12863 4 7509 12863 4 26 15678 21 
21 13761 12780 15671 2442 15678 26 7730 15678 23181 22327 6103 15604 11066 31 13909 22463 13004 6103 14512 18533 29 14764 6103 9624 5 5 5 
21 9193 20304 20 
20304 20 20304 20 
9942 7509 18339 20 2524 20 
5611 20 13135 20 
9942 7509 18339 20 2524 20 
5611 20 13135 20 5 5 5 21 
21793 7127 20402 22463 29 7174 5371 8956 9942 7509 18339 5 5 5 15658 3697 6103 16468 22834 9743 15260 17872 18449 2374 18498 15678 20202 5 5 5 
4766 18525 18784 11862 5 6 
11208 5 
21 17872 9769 22463 22915 13688 5 5 5 22657 4 28 20 20 
21 14604 20060 8995 3697 
15658 12780 7491 18498 21596 19979 20670 
15658 8995 7102 4 9193 31 22942 6103 11474 20402 1920 14539 
22463 13664 6103 10359 1614 
22463 15091 9743 22463 2609 879 
15658 12780 7491 18498 15658 14487 5 
14604 20060 8995 3697 
18498 20402 21793 7277 
19900 31 11518 6103 20402 5682 
15658 17304 20402 22327 15678 18498 18533 
1694 22463 7730 16083 
21810 4 6075 23151 
4796 15678 7642 20244 15697 
18498 20149 16784 991 7509 13539 13222 
4796 7642 20244 15697 5 
14539 20244 3930 2352 4 20293 20402 21931 
1393 22898 31 10765 19662 31 3935 7730 19969 6103 3240 
1393 22898 31 10765 5590 2116 7509 9989 
21596 12960 4 12780 4 18498 4785 201 5 
13055 13033 4766 6193 5849 
15658 8995 1614 17872 20402 11341 5859 
17872 16162 6103 16065 5 
15658 8995 1614 17872 16162 16553 17872 9660 2352 
1614 15658 21596 3393 2442 
21371 15658 21596 17758 
15658 20402 2680 6103 702 2759 
20149 13480 15458 4 12780 
746 7730 19662 
14604 20044 13909 6103 22463 22897 20954 
4796 6014 2352 4 14604 6014 2352 6103 153 
13501 4 13245 4 3219 7850 6014 13909 3086 7509 8806 
6408 7509 702 6103 14230 5 
14616 
21 28 28 28 4 28 26 21 
16065 5 
4796 9743 17872 21752 31 15591 6103 11663 18498 8995 9743 22049 1393 23104 0 
17818 3058 7127 5 
20 20 20 
23167 5 5 5 5 
15658 20149 17304 20402 11509 7850 28 6 
9193 18533 20 
20149 15678 9971 6103 20247 20402 3058 0 20 0 20 
13055 8995 4766 20126 20 20 
21 26 11617 26 21776 26 26 26 
26 26 26 26 26 26 
26 26 26 26 26 22 20539 26 
26 26 26 22 20539 26 
11617 28 26 26 26 26 
11617 28 26 26 26 26 21 
6 
17737 6103 28 5 15855 21282 4796 15678 10982 20402 7820 18476 18533 5 
19662 29 17438 7127 17872 7847 3510 5 
21 26 26 11617 22 13800 26 26 26 
26 12863 26 26 26 26 
26 26 26 26 26 14335 26 21 
21 15658 20402 6103 4854 8956 4672 4 9193 8956 14514 5 21 
21 7850 19349 8995 8678 18498 21 21 15678 5767 349 21 21 7914 21340 13727 5 
18470 5767 0 15678 1889 4 16066 31 2367 11342 7509 17286 0 21 
21 1276 6103 1937 1393 23222 16721 6 1522 18498 7850 9975 12780 1421 31 9927 6103 22463 11474 3166 4 17458 20149 4730 22463 15416 12780 1421 22463 14984 6103 10765 2374 7491 18498 15678 23222 20402 17636 5 
1937 8956 26 6103 29 17872 22805 20149 9193 8995 4179 16066 8561 5 5 5 5 21 
15678 21551 21793 5 5 5 
21 18784 8956 20097 22126 22463 19701 8322 17872 20709 5 5 5 5 8995 17729 4 17458 654 31 2522 8995 7850 19856 19698 31 21778 5 21 
18339 11998 17872 9193 14335 10211 13640 7730 21075 6073 
21 26 26 26 26 26 
26 26 26 1631 13585 26 
26 26 26 26 26 26 26 26 0 21 
21 21 21 11617 26 26 26 26 26 4 26 26 15005 21 21 21 
19714 21282 6389 6103 3629 20 15995 6103 21596 22463 19713 22385 11020 20 8840 18498 16083 4576 20202 15678 9365 5 
21 7102 8995 11541 7850 26 
28 28 21 
873 1614 21596 28 7730 8995 11284 22463 20247 20244 29 0 21596 871 13727 18498 1393 18910 7847 19450 14604 17877 0 17458 13480 7850 28 7730 7847 7491 18498 15658 17304 9743 15299 5 5 5 
6 
6 
21 16836 31 17886 7509 2156 7509 5065 4 
16836 31 17886 7509 2156 7509 14506 4 
16836 31 17886 7509 13038 9499 4 
16836 31 17886 7509 21266 6103 12283 4 
4181 6103 15658 18306 
9942 7509 18339 18498 5022 31 7861 
8995 191 7509 9193 15382 20 
11778 15291 
6103 352 4766 15678 17753 7509 1945 3170 7509 630 7509 17377 9774 4 22463 8394 15658 15818 6374 6103 4770 6323 4 6219 17438 7847 18191 4796 10542 6103 17753 4 2131 7850 5426 21911 7509 20634 3170 4 
21596 12027 18779 22463 19592 16404 31 8637 6103 28 28 28 5 
9010 8394 20402 10211 16673 11474 13909 17307 7509 16587 5 4796 11020 7589 6103 19415 6103 21525 4 11020 12971 4 12476 9983 4 12202 9670 4 8055 4 8406 16083 23498 6103 12290 4 
18498 20149 16836 20670 15678 1961 4 12792 7730 15398 2136 15678 9971 31 20931 9388 5 21 
14425 19484 7509 15190 17872 8956 16673 19924 6 22915 11046 7686 8956 18055 19676 
13909 19676 11875 5 
13909 22463 10916 7509 28 5 
21 14604 7127 8995 10648 6408 6103 22805 9010 23222 5 21 21 20244 16192 5 21 21 21 
21 11617 26 21776 26 26 26 26 
26 26 26 26 5 5 5 
21776 26 26 26 26 26 22 21298 28 
26 26 26 26 26 26 
11617 26 21776 26 26 26 26 26 
7509 26 26 26 1983 26 0 
11617 26 21776 26 26 26 26 26 
26 26 26 16073 
26 26 31 26 
26 26 26 15803 31 26 28 2384 22 20539 26 
26 26 1631 11943 26 26 
11617 26 26 26 26 26 
11617 22 30 26 26 11617 22 13800 26 26 26 
26 31 26 26 
15803 26 26 26 26 26 
26 11617 7850 26 
26 11617 7850 26 26 26 
26 26 26 26 5 5 5 
11617 997 26 26 26 1631 14703 
26 26 26 15803 26 
26 21726 5 5 5 28 26 
26 26 26 26 15678 26 
26 11617 26 26 26 4 26 5 5 5 
26 26 1631 11943 26 26 
11617 26 26 26 26 26 
11617 22 30 26 26 15803 26 26 
11617 22 6103 26 12863 26 4 26 4 11617 22 6103 26 12863 26 
20402 31 26 4 31 26 26 4 31 26 26 
26 11617 26 26 26 26 
26 26 26 
26 26 26 
11617 26 31 26 
12863 22 20539 26 
11943 26 26 11943 14365 
21 21 11617 26 31 26 
26 26 14335 11943 21 21 
26 26 1631 11943 26 26 
11617 26 26 26 26 26 
11617 22 30 26 26 15803 26 26 
11617 22 6103 26 12863 26 4 26 4 11617 22 6103 26 12863 26 
20402 31 26 4 26 26 
26 4 26 26 21 
6 6103 
13803 5 5 5 
15658 12780 15424 9594 15299 6981 19535 5 
21 6472 238 4 7730 14799 6075 20402 14799 5913 5 21 
3459 9942 7509 18339 20 
21 26 26 26 26 26 20 20 20 
26 26 26 26 6103 26 26 21 
20402 6103 21266 6389 7730 20402 6103 3629 5 23539 5 
1394 9193 12780 20402 20293 1920 5 5 5 27 
26 26 26 10266 5 
21 3058 20 
27 21 
21 21 21 31 28 11773 31 22942 5 21 21 21 
9956 6103 21641 17872 4809 2727 31 20247 6 6103 
27 
21 6670 31 17819 22897 18498 13359 8956 21592 4 15658 8147 22463 13909 9652 7730 12440 5 21 

1540 4766 7847 31 14335 17703 4766 31 15936 7509 16083 5 5 5 27 
22657 14613 20 
21 22463 17556 6103 15364 9743 2727 1393 14487 5 5 5 
6 21 
7730 15658 20402 18498 6766 7850 8350 9975 7509 10715 0 20 27 
21 20293 23104 7850 14453 
9743 16440 7509 9193 11454 
15299 12780 9193 20369 
31 1103 20402 22327 20 
20402 21596 873 17872 5320 
7850 12113 
15643 20149 6739 
20293 879 17872 9016 31 15256 
7730 13905 22665 15658 11284 20 
20402 9790 22463 12787 20 20 21 
6 
8956 20247 8995 9542 5 5 5 
10544 7599 4766 8956 3564 5 5 5 5 
23363 18498 20149 17805 22092 1986 1920 6 
16587 6103 13800 5 5 5 
21 21 21 8329 7847 14577 31 15256 7850 13905 3790 6103 16553 
15658 12780 9901 3532 17458 8995 22327 8561 
17382 5849 15678 3192 7730 15678 16587 8995 22463 14512 4 
5 5 5 5 7730 31 5891 20402 6103 18525 0 0 0 21 21 21 
21 26 15005 11617 26 4 26 26 11617 26 4 
26 15005 11617 26 21776 26 12863 10907 5 5 5 5 5 21 
21 21 21 31 10765 20402 12764 5 21 21 21 
21 15643 20149 8918 7509 29 6103 20460 5 5 5 6103 29 5 
21 21 12780 9193 13325 6103 23135 5 8840 18498 23135 20149 13325 6103 15671 5 21 21 21 
21 12861 9431 15678 21 21 21076 21 21 6103 871 16971 7850 28 4 7730 18069 18481 15678 26 17872 4122 20402 11532 5 21 
21 11617 22 30 26 26 11617 997 
31 26 26 
31 26 26 21 
21 1247 9600 28 20 20 3058 6329 7730 15678 9975 6103 20247 21282 8995 4809 20 20 
6 6103 21 
22327 16066 15299 5 18498 31 20855 20402 13185 5 
21 20149 31 10765 9901 4328 4766 15678 18498 31 15267 15061 20670 15678 1987 7028 6981 17563 6103 28 4 11731 4796 31 10765 9901 20149 6592 15678 18498 15658 20402 15061 16673 15267 0 20 16066 873 288 18498 8956 14247 20149 19525 31 3067 0 
873 288 18498 8956 5775 15658 8995 21898 7730 9441 21371 0 1471 6103 18498 9441 7847 9743 12861 11284 2625 21551 7730 15502 9605 15299 15658 20402 0 20 5 5 5 
7055 6 2136 654 15658 16098 9594 15678 18498 15678 18191 17563 6103 28 8995 288 6981 14247 5 1522 18498 21596 15138 10765 18498 15658 1498 5 17872 15658 7491 18498 20402 21569 5 21 
7730 2371 28 0 0 
21 26 26 26 11617 26 11617 22 6103 26 26 
26 26 4796 26 
26 26 26 26 26 
26 11617 26 22 21298 26 20402 26 20 21 
21 29 4 29 5 22101 9172 5 21 
8956 3928 20402 15678 14425 13284 18498 21596 7509 5505 5 22657 15138 31 16689 13359 7730 19089 5 
21 31 5758 13055 8995 5741 4 
18494 15658 20825 4 
20738 6103 12513 5 
20149 13325 7509 21551 7914 18498 7599 21978 5 5 5 
20244 19900 18498 31 22942 7850 8840 4 
11897 4 7687 7730 2725 
1694 4766 16553 16633 
20244 19900 
18498 31 12322 16784 7850 6172 7509 22942 15658 23151 15643 13909 5 5 5 
15658 23151 15643 13909 20 21 
9193 3790 5 5 5 
21 155 15678 20463 15860 22327 15128 4 
23135 4713 15678 18498 17239 
21409 6329 4 22327 15128 
23135 4713 20 21 
21 12787 4 15678 26 7102 21596 22463 20855 12094 7850 1114 5 5 5 17458 7850 12960 8995 10131 5 21 
21 27 
14425 10837 7509 5505 20 21 
6 
21 14335 6663 1612 18498 7301 4 9193 28 28 16468 7509 13494 15459 23575 17993 19676 4 21113 7730 9608 5 
909 13055 288 18498 8956 20402 15678 17993 9790 17438 22463 19362 7509 17563 13909 19676 18498 13055 22805 5 7730 15855 18498 9193 22805 15678 28 28 7491 21 21 9142 9193 15658 14265 21 21 5 
7847 16630 12429 15658 21282 15459 17993 16404 18498 15678 3172 22092 2727 15678 9070 5 17324 2727 4 15658 5174 15425 3170 18498 13979 871 11088 4 9335 31 2522 18498 15678 19822 4 7730 12861 15658 20402 19450 4766 22463 17993 2374 4796 9010 4 9193 20539 6075 5055 16404 18498 31 10268 1694 22092 7509 1961 7730 12861 12025 15127 7850 6026 16683 5 
7847 7491 18498 15678 527 8995 17989 5 15658 8995 5 
7847 19674 7730 4085 31 8491 6103 6373 18498 2046 15138 4417 5 9193 4 18498 5174 17556 10765 4 5174 29 16971 18498 21596 6373 8956 1249 5 871 15081 18498 15658 23016 1393 3962 9387 16404 18498 31 15267 21596 8918 7384 15458 23575 20247 1276 7509 5505 5 
7847 7491 18498 9010 20402 31 5505 7509 21801 4 7509 7499 7730 7509 8388 5 15658 16393 11284 15425 7509 29 12868 18476 873 19450 19196 866 5 
8927 6103 20214 3735 6103 18044 31 21793 0 8956 9193 13033 18498 15658 8386 5 
7847 7491 18498 15678 9145 8995 17989 5 20149 15678 9145 7509 86 7509 15187 21596 15138 4672 12027 31 4615 11947 4 11731 15678 18498 9620 9193 16083 9145 5 17658 15424 9594 7509 15704 7850 8398 7509 9145 5 
21 21 19415 6103 4962 4766 15678 18498 11284 6103 13909 6103 14875 5 21 21 7847 15658 11731 31 3213 18498 20402 17872 5219 20577 6103 21503 16066 29 7509 4122 4 18498 20402 21480 13055 22458 5 
21 21 22805 6103 22307 19871 7730 2288 8927 6103 22065 18449 5 21 21 27 5 
2156 7850 8051 7730 7850 19283 0 7730 20670 31 12283 0 7730 20670 15678 13581 7509 10688 31 18610 29 0 7730 20670 15678 965 19430 7730 11857 20670 15678 17915 0 15658 11284 31 14426 7850 18471 6103 22942 8840 17438 15671 5 
21 21 9145 14875 6103 15567 31 21063 7509 16587 5 21 21 18481 6318 5360 10795 19283 1603 31 5505 0 
21 21 12738 6103 29 22204 7730 29 2848 7914 20127 7730 7804 5 21 21 26 4 15658 16967 9193 15658 7693 5 17495 4 15658 17629 16967 20670 16404 19900 18498 15678 7251 20402 9522 13923 1487 16404 8956 23498 5 
21 21 31 5320 7509 5505 8995 20402 10016 14761 16673 23567 6103 10017 5 21 21 7491 12861 18525 8995 20402 12735 17438 10016 7730 16429 7509 4913 6103 22463 19086 5241 22463 18381 15422 16404 15678 16587 5 
21 21 7957 21596 16468 11284 17555 7707 17438 22463 7424 4 21596 11462 22463 6340 12979 4 7255 7730 18278 5 21 21 13325 31 23135 18498 15678 5363 20402 866 18498 13405 1393 7424 4 7730 11284 18481 21551 23135 4770 15678 16587 0 7730 18498 6340 20402 8956 18498 4134 31 15267 7850 1386 7730 4795 17382 0 
21 21 31 20237 8995 308 7509 12578 6103 18475 11111 5 21 21 21793 19900 7509 12578 8464 8406 31 19415 10889 7730 31 4089 4 16404 4491 1453 22463 12578 5 21 
21 22657 16673 670 28 5 5 23135 20244 10421 4 20244 20577 7730 4766 3790 6103 11743 5 21 
16468 21793 15678 13494 7509 3339 5 
18250 5947 12861 5 
21 12255 15643 22805 22463 9867 22385 13512 1920 7914 22463 9145 3170 5 
15424 20149 8840 13909 29 1249 5 
2136 17458 15658 6075 17872 8840 15299 6103 22463 21631 15894 22463 28 13307 16066 22658 17429 9743 21021 5 16721 7850 15286 18498 9743 21021 1614 7850 28 4 20402 2136 14425 18498 31 10765 15658 21582 9743 22463 9867 6981 4 11731 20463 21726 10648 22463 22406 15291 7730 23135 21596 18498 22805 22463 14984 6103 11743 3702 4 17438 9365 4 22463 15286 7509 13229 5 5 5 21 
21 28 21596 20402 22385 3058 4815 18498 22020 9193 3393 15637 2429 5 1612 2429 18498 15855 22327 17438 11518 4 28 5 5 5 7730 15658 19900 17438 15894 4785 31 1820 5 21 
28 28 20 20 20 20 20 20 20 20 20 
28 28 20 20 
21 31 18020 4 13310 6 20293 18498 23135 9743 22463 3415 10840 17438 8561 6103 5982 4 14309 10547 4 17556 11862 4 15658 11344 6 7491 18498 31 4475 4 7850 14924 7914 18498 23135 9743 31 2781 4 12145 20402 1612 15678 3610 4179 5 20149 7847 15128 4 18498 5891 21596 23135 0 22805 2727 21389 28 4796 28 2282 31 4475 7730 288 18498 15678 4179 20402 2288 19859 1393 28 5 9193 2371 23016 15678 12726 4 31 4475 15128 4 7730 15678 19509 7509 11454 23135 5174 5 13949 4475 20 
21 20247 15604 4 3790 22765 5 21 
21 27 
19671 9743 19696 5 21 
21 7730 740 1920 21596 22463 14984 6103 9942 7509 18339 18498 23174 15423 5 
8995 17908 15678 23507 6981 14307 4 9193 22657 31 16689 6075 22463 13471 5 21 
21 31 23575 20402 31 14425 6 
21 21 20402 22223 4796 21596 21389 10765 18498 368 7914 15599 14489 6103 28 19844 6973 5 21 21 
2371 20402 15678 9971 7509 15190 20 20 20 
11518 18498 7102 6075 20828 6075 7362 17872 5590 2136 31 20402 20536 5 5 5 12513 13949 5 
9980 5 
5360 288 16987 22463 5997 7850 9193 22942 5 7730 15083 15658 9620 5 
21 18533 21752 7509 14995 13909 22463 10192 6103 8425 4 1920 4796 9769 22463 7509 8632 18498 20402 21275 1614 7850 2439 7730 21582 6448 15576 4576 5 654 18533 21752 15576 21954 5 15658 17304 6256 20 20 20 21 
21 11617 26 26 11617 26 12863 22 20539 26 
26 22 20539 7850 26 11943 26 26 
26 7850 26 
11943 26 26 28 21 
21 21 21 20402 15678 14539 18498 14018 31 17436 15658 19969 7850 28 17438 5320 6103 15138 2524 1393 20786 5 21282 1614 14539 5 5 5 21 21 
4809 31 20474 7850 11543 5 5 5 
11617 28 26 26 5 
21 20149 8474 4 12787 5 
20149 9743 20463 21932 7277 4 15658 17629 5799 15678 6103 15502 5 21 
21 11462 1421 31 21340 7509 19576 7850 14604 28 7730 9193 22805 15678 18481 8956 14512 20402 12764 7850 9193 22942 5 28 20402 15138 13909 11861 4 20244 7728 5 21 
21 4524 18498 21596 10765 18498 13405 15678 3885 15637 3058 4 17836 18525 20402 2660 4 16481 6103 8632 6103 20019 4 15416 4766 10850 9193 18376 4 22353 1089 4 7589 6103 11555 3873 4 17382 7509 20644 5 
20019 4 17583 7730 10523 6075 4264 17872 8956 16587 4766 10183 4 7544 7730 19369 5 
28 28 28 5 21 
21 15138 15708 17438 22327 15678 9743 17438 9193 20 20 17438 21596 14335 753 21389 20 20 20 20402 9171 11043 31 23135 4 12780 20357 20126 20 20 
28 28 4 28 3674 4 26 26 6075 28 4 28 28 28 4 26 26 6075 28 4 28 28 4 28 28 28 4 28 28 28 4 28 28 21 
9193 9605 18498 8956 10474 7509 20214 7509 527 21596 22463 26 14465 18498 15678 6103 22463 16058 9193 15502 368 5 5 5 20149 28 16468 17438 1614 7847 12780 6075 19699 5 5 
27 
21 26 14335 20402 26 11617 26 26 
26 26 26 31 26 15803 14335 
26 26 11617 22 30 26 26 26 
11617 26 26 26 26 26 26 21 
17304 21596 4181 5 5 5 10101 9942 7509 18339 
15138 3058 20 
21 12780 20402 15678 14425 20262 7509 15190 20 20 
20262 4766 29 4 29 15266 6103 2154 5 20149 871 3645 9743 11076 9193 14265 20 20 20 20 21 
13949 14069 6103 8458 31 14469 1276 6103 5097 15678 9066 9790 16673 5598 2240 5 5 5 
23032 5 5 5 4766 28 28 
21 21 21 12863 26 26 26 26 
26 26 26 26 21 21 21 
8956 9634 20402 31 17835 18736 17872 10765 6467 7850 28 5 5 
14307 15138 3058 5 
13480 15678 1623 2371 7914 4434 3420 20 20 20 20 
15643 9417 9193 1522 18498 15658 12780 6361 5 5 27 
27 
21 4289 31 11518 5 5 7957 21932 4 560 4189 15658 3510 7509 6014 5 5 5 21 
10523 4289 1393 9971 5 
21 21 21 15678 15190 20402 11020 4 13923 4 4290 6103 19630 5 31 16971 5652 17163 7730 16784 22463 14924 5 15678 14924 18498 17304 15128 22327 5 21 21 21 
27 8956 20402 10131 6329 
7491 15678 18498 0 0 0 1097 7509 21551 6103 4761 5 5 5 19658 20402 8810 6329 20 20 20 
21 740 1920 8995 22463 184 20 20 20 9193 21596 10547 18498 7914 9883 13055 12780 8147 17438 29 18772 
6 6103 21 
21 7850 18069 18498 9193 288 18498 12780 21752 22463 29 16066 29 9193 21752 29 5 7850 18069 18498 9193 19662 17872 21752 22463 4 1421 14802 22463 29 5 18784 8995 7914 5129 4815 14539 5 21 
4894 5 5 5 5 
21 4796 9193 22805 871 16971 6 
21 28 15658 18876 20015 4 18876 22657 893 5 
27 21 
21 7914 12960 6103 10523 4 15678 11861 15658 20402 15678 10523 0 20 13359 12861 9901 4524 22463 4672 6 8918 7509 10523 5 20149 9193 18498 20402 19713 15658 14335 20357 15806 16673 28 22564 22463 22499 9743 971 1393 9193 20237 4 17458 20402 18498 22463 17441 6103 14156 7102 20149 20357 1920 0 12861 21282 2156 14604 15538 16673 28 4 16673 438 7730 17438 18525 10959 6981 29 14156 5 
21 17511 2136 8995 6075 22463 21752 7850 18191 18376 4 9193 288 4187 31 2053 5 21596 22886 15138 2053 7509 30 15658 21282 7831 4 9193 9440 5 13325 21371 18498 22327 15678 18498 20402 9790 879 4 12027 31 4913 7509 527 4 20402 4766 15678 15576 7251 5 21 

