21 11617 26 12863 22 20539 26 19735 22 15658 22 26 4 26 11617 26 12863 5 21 
30 29 12780 20402 23522 
21 26 4 15678 28 14165 15637 5588 5 20402 7188 288 22463 11729 6103 16822 0 2625 4 9193 15678 8744 4867 17458 6 
29 5 31 4060 18498 31 5588 17982 20402 13043 7 
29 5 22087 7509 10672 8943 4 15299 14466 18498 15678 20402 13909 17307 7509 22520 4 20244 25 5 8840 18498 31 11729 9605 17438 20500 5 
16404 15658 18506 31 5588 4 7839 15678 8446 6 
21 21 20931 14799 20402 15128 20931 11729 6103 16822 17438 29 11518 16404 15678 16918 18498 9193 2099 5 7914 20202 4 8678 4796 20463 20912 6 17785 17565 15678 28 4766 11341 6103 18468 16404 31 20247 7509 5215 7509 5997 12240 5 7715 22463 5947 7730 9193 12780 2099 22463 16918 5 21 21 21 
21 26 4 12861 20402 22463 5588 4 26 15803 5 31 11644 20402 18498 31 10606 7509 28 8995 15138 9306 4 16784 31 1103 17438 18494 15299 4 8443 12780 8435 12861 4766 10273 6103 21088 4 21275 7509 8838 17438 21551 14426 5 
15678 21085 18498 15678 28 14335 6075 20402 15678 26 4 13909 5174 4 17438 18553 13284 4 4796 26 5 15361 4 15678 28 19900 18498 9193 20402 22463 13310 7509 14539 5 15678 16918 20402 22463 6029 3241 7509 3759 26 8443 28 4 11462 4 16673 14539 15083 13284 5174 4796 21 21 28 21 21 6 22463 10672 18498 4 8329 14096 12515 20463 20326 6103 13048 4 17304 22021 15658 20402 6103 3726 21090 1393 12749 22463 16192 15242 5 
15678 16918 19969 7509 13489 7794 9193 1249 29 4 18476 15678 8443 12979 28 28 22574 16404 19650 15678 11205 6103 21088 4 4766 17685 7730 22386 15339 2136 8443 12758 5 28 28 20402 15678 2248 6103 21 21 26 21 21 4 5241 22463 7509 13905 15704 13577 7509 20207 14561 7509 21264 30 5 
20149 23135 10959 7509 5588 4 5947 31 17523 7730 18876 22463 21085 7914 22240 4 14092 23104 5 21 
15138 15708 31 21793 31 16971 18498 10691 20463 21551 17623 15908 11462 16404 6682 22463 9808 1247 20 23135 20402 21793 20311 20 
21 21 21 15253 4 9193 8995 7850 10273 5 21 21 21 
21 28 20060 5846 6103 7850 26 7850 16580 28 28 28 0 
20539 4 9193 15658 19900 21752 10273 5 5 5 21 
28 20402 28 5 
20497 7509 1214 
21 1427 4 15678 28 15658 21596 15678 17107 12477 6103 16967 7509 15190 5 21 
21 28 28 28 28 20402 22463 7614 5 28 16936 6981 5 
9193 10993 11538 16404 15678 18195 20262 6075 26 26 16073 15803 26 26 5 7102 8995 21596 2154 7850 17819 9789 8406 31 29 6 29 7730 31 29 6 29 5 
21 15138 15708 31 21793 18498 14335 6679 9808 1247 5 5 5 2727 4 7850 14604 1247 20 
9193 10959 6103 19474 3450 22463 12182 4 9193 15658 5739 18498 21596 5763 16404 21389 5 23135 20402 6329 20 6 6103 21 
21 11462 20402 15678 7127 12604 7509 11339 5 7686 15678 7127 21793 4 9193 10273 6103 3733 20402 14604 3178 16972 5 21 
22949 11806 5 5 5 7730 4796 8956 13375 6650 22385 2727 15678 7127 18498 8995 21596 20 
21 31 7255 10473 7509 20201 14031 6 6075 22463 26 15458 18264 4 10648 15678 15540 6103 22463 1845 4 18263 22463 22949 6981 1845 7914 20931 13539 7509 21551 4 21048 22463 15540 16404 3450 22463 18498 5947 20931 18264 4 7730 1920 21019 5 9193 2031 6 21282 1845 21347 7730 15286 3058 5 1920 4 8125 15678 28 6103 15286 3058 20 
9193 18876 26 26 7509 28 28 5 2727 4 9193 15658 20402 22463 2251 7914 26 26 4 10959 7509 2510 9193 15658 31 5174 31 10484 5 9193 14335 13325 6103 16098 871 15286 6318 7850 28 10115 7850 23523 7914 18498 21596 15678 5652 6103 12780 16404 1393 8632 31 18376 16098 15286 20126 7509 14604 28 6103 2647 12277 20 4 8815 8956 4581 6 
30 20497 6103 22 30 7850 28 5 
26 31 26 5 
21 28 28 28 7730 28 28 4 654 19900 15678 15081 5 21 
21 4945 19499 4766 21021 20 3664 31 150 22463 28 16066 22463 15924 28 4 18525 19900 5 5 5 
16404 5 20539 5 4796 8995 20738 14604 4945 5 5 5 21 
21 28 7730 28 4 8995 7914 29 13727 4 1471 6103 22327 20 22463 16323 1393 8525 21793 4 9193 22463 13333 6 11284 740 15138 17438 23016 5 
15138 13278 20 
21 6103 3058 1614 7850 21 21 9574 21 21 4 23051 7509 4945 28 5 21 
21 20497 6103 22 15678 21629 4766 28 28 5 20311 20 20 20 4766 4181 4 22463 7509 2510 13909 12369 7509 4156 5 21 
28 28 28 15460 16323 16673 20463 7127 20 22318 1027 15138 20 
22821 15775 7509 22520 29 5 
18525 7491 5 5 5 
21 15658 10691 20463 7251 20931 4766 22065 4 4913 22463 12959 7509 5161 20 21 
21 7914 21793 15678 14604 1249 6103 22588 7509 28 4 15643 21596 19310 18498 7847 14335 6679 9808 1247 5 21 
21 9808 1247 4 15253 5 7 6103 6663 15678 6717 15658 9901 17989 31 21551 5 21 
21 6103 3058 7850 18069 6103 5982 4 2136 18498 9542 23274 29 29 7730 29 23274 5 21 
21 18610 5 11617 5 16404 5 28 28 
21 733 4 15658 20 21282 17458 15678 7127 8995 20402 9808 5 5 5 22463 7509 14604 13905 6146 9601 5 
18610 5 11617 5 16404 5 21 
1481 1095 5 5 5 28 5 5 5 8995 4179 20 
21 22463 9808 7127 7509 15253 16404 9193 15253 18533 4 28 28 4 7730 21793 31 14004 7509 28 5 2702 20 21 
28 28 20402 2727 5 5 5 9769 15678 23515 7850 4378 7509 16526 27 5 
28 28 15458 9193 13325 6103 23135 5 5 5 27 
20149 13480 7850 20207 21430 5 
21 23151 7509 20495 28 10322 4766 855 4 28 4 28 4 28 4 28 4 28 7730 26 5 21 
7558 18491 9652 5 
21 8956 28 28 4 18476 21582 8125 15678 19924 4 20149 21095 5 5 5 13055 16721 7914 17239 4635 7850 28 0 21 
21 6408 6981 4 20149 9193 20402 15678 28 15520 4 6349 15678 16200 7730 5284 22463 20495 26 5 21 
1612 14924 9074 18498 23135 16765 18498 31 3726 6103 18449 7509 9738 5549 20402 13905 18498 31 7509 22971 28 5 
21 18306 4766 4181 4 9193 16404 18525 0 21 
21 12780 23409 4 28 7730 28 5 5 5 22575 20402 29 9094 4 28 20402 29 5 27 
11454 16404 13305 5 5 5 
21 31 7178 20402 18498 7847 21596 28 4 28 4 14815 4 28 5 5 5 21 
21 15599 22540 6 7102 1393 21021 7509 3550 13903 4 20402 1380 18498 22463 22206 8995 7914 6731 5 21 
10559 16404 22463 19205 16816 5 5 5 27 
17017 20 
28 3625 20 7730 15424 17629 12701 15678 22888 7509 28 5 
21 15678 15619 28 28 20402 15144 5 5 5 18525 7491 0 
21 18610 5 11617 5 16404 5 
21 29 6103 15612 4 7127 7509 5216 15416 5 21282 16404 15658 16468 7914 3166 5 5 5 
26 26 5 
21 22805 4 28 28 0 15678 18498 23135 14335 7491 654 0 21 
22463 20007 16404 15678 16223 17458 11462 20402 20207 20 
21 1022 4 28 21 21 26 21 21 28 7850 21830 7509 22637 20 21 
7157 16404 18525 12780 21932 1022 5 
21 7850 19972 15894 9193 9743 15678 28 4 11284 29 16971 29 20 7730 21793 7847 20149 4229 28 29 20 5 15658 11284 20385 22463 15144 9743 18069 5 21 
21 18525 12780 9743 15678 28 1022 0 13055 13359 15678 11165 15818 6103 19007 0 
28 0 20402 9840 15459 8893 20 27 
28 28 14335 13325 6103 23135 5 
21 10648 3047 6103 29 7850 28 4 9193 21596 18498 5121 31 14299 2136 20474 5 7728 4 7728 5 5 5 21 
21 21741 19867 5 5 5 
28 28 1022 21596 12960 20 12780 9193 19589 1393 29 6 29 7850 3962 7509 28 28 20871 20871 5 
21 6 15678 26 26 21776 26 26 3050 20 
21 733 4 740 11284 20009 20 
21 19310 7850 11429 6 18525 13909 18910 7509 10523 4 7491 18498 20402 8255 7509 17563 4 7447 6103 16971 12793 4 20402 15678 14539 18498 7491 18498 15678 28 15658 12780 16404 10366 17458 15678 10982 15658 12739 15424 9193 20463 2066 15877 5 15678 10523 20402 4 1393 14466 4 15678 8425 7509 17563 4 9193 7730 15678 11612 6103 11011 16066 15678 11420 0 15299 20 21 
26 8 2372 28 
21 14335 6075 6 26 26 28 
20402 7850 20497 6 7850 23575 22897 18498 8995 7850 28 4 20402 15138 12979 4 9193 20149 23151 4 9193 12780 20 
14425 15286 6 7188 5 5 5 21 21 26 12863 26 21 21 4 20202 6103 21 21 31 26 10907 26 21 21 
6103 18525 13325 6 28 28 4 28 6103 28 28 4 9193 15253 0 20 
15585 6103 29 31 29 6 29 
10959 6 6329 
18525 5947 10641 22463 1845 16066 2510 5 21 
21 29 1249 6103 26 28 20 8956 11454 14514 19456 5 
16404 5 20539 5 19310 7850 26 4 7850 3702 4 21787 26 5 21 
21 28 28 7730 28 28 4 31 14425 6223 6103 28 18498 9193 12894 22805 6 21 
15658 17629 9594 13909 15299 5 5 5 
15678 10259 5549 8386 5 
21 11560 6 23273 5 28 5 4766 26 0 26 11634 26 29 22615 30 29 29 30 26 30 29 29 26 29 
16689 18498 31 18471 7509 23507 15658 20402 15138 3058 5 5 5 21 
21 12130 20 
18328 22821 5 
21 26 26 4 28 26 20 
21 28 28 7730 28 28 4 654 8995 10544 20 
21 16979 26 7730 28 28 13030 20 15299 20402 11875 5 5 5 
21 11560 6 23273 5 28 5 4766 26 0 22615 30 29 7730 29 
11288 26 28 26 4 26 13136 26 26 26 4 26 26 11943 26 26 26 26 26 26 5 
28 13265 26 26 26 26 26 26 26 6 31 26 26 26 26 11288 26 26 5 
11288 26 21776 26 26 20402 26 5671 26 26 13085 4 20402 26 26 26 26 26 5 
26 26 26 26 6 21 21 26 4 26 31 26 26 11288 26 20 26 4 26 31 26 26 11288 26 20 21 21 
31 26 26 26 26 4 26 26 26 31 11288 26 4 7850 26 26 26 26 4 26 11288 26 26 26 11288 26 5 21 
21 11477 31 28 26 29 5 29 5 29 29 5 29 5 29 5 
21 29 1249 7509 17819 7291 6103 2975 28 14336 21264 5 5 5 
21 26 11943 26 26 28 26 26 
21 21 11617 997 26 26 11943 26 26 26 1983 26 11617 26 26 26 26 11617 997 26 26 15803 26 26 26 26 11617 26 26 26 26 21 21 
21 28 28 28 14334 28 28 28 28 20909 28 28 28 28 5 26 26 26 4 26 26 5 
16404 5 20539 5 26 26 21776 26 26 15803 29 26 26 26 19735 22 15658 22 26 5 21 
29 6103 6075 30 5 29 6103 23168 6103 20069 5 
9707 7509 1249 
21 11560 6 26 5 15678 9542 29 26 29 5 28 
23135 8386 31 17022 0 8443 26 7914 5947 20 21 
21 20149 23135 8386 4 23135 21681 22463 12319 9808 5 21 
21 9193 28 28 15658 20402 15678 14425 11182 28 28 18498 9387 20 21355 28 8995 20829 8956 7127 5 27 30 
21 28 28 20402 15678 13905 11182 9032 28 28 7509 15190 20 27 
21 9620 15138 7509 4581 12691 6103 28 5 11284 28 28 4 26 4 9193 9620 21806 26 4 28 28 4 28 28 4 26 26 5 5 5 21 
21 11560 6 23273 5 28 5 4766 26 26 28 28 26 1983 29 29 
21 28 28 4 27 4 9193 12780 20 8956 20497 12780 20402 23522 20 
29 29 4 9145 7509 28 4 20402 28 20879 21 
21 12861 6075 15995 6103 20402 3170 20 
21 20402 22385 3058 22805 21389 10765 3058 19589 20244 14196 4 21282 16673 7447 6103 9743 3058 15286 5 
21 17230 21631 29 6 26 26 4 26 26 4 28 5 5 5 7730 9193 15658 12780 25 
21 9808 7127 7509 5758 4 16404 1612 18498 740 12780 5741 7730 16404 1612 18498 5741 4 9193 15643 8918 31 8959 7509 12319 5 
21 21 21 26 22 20539 26 12863 11943 20402 14335 4 26 22 18740 26 26 11943 26 26 
26 12863 11617 11617 26 26 22 6103 5966 12863 16073 26 26 26 28 11617 26 26 26 
5 5 5 
26 26 31 26 26 26 26 26 26 12863 3590 21776 14335 
11617 26 22 21298 26 12863 11678 11617 22 13800 26 
5 5 5 
26 22 20539 26 11617 26 4 26 22 20539 26 11617 26 4 26 22 30 9971 6103 20247 16073 26 26 26 26 26 
5 5 5 21 21 
21 21 26 28 21 21 4 2975 28 21 
21 19824 5 5 5 
29 7509 468 4346 20149 22805 28 28 7914 18376 7850 21830 6103 22463 1747 28 31 19997 5 
20149 23135 20402 15678 29 20336 879 4766 17111 7730 23559 29 4 11091 21 21 18281 7730 6075 22463 15039 21 21 5508 7730 4687 7850 20463 15198 5 21 
21 11875 15658 16721 7914 26 26 5 
21 11560 6 23273 5 28 5 4766 26 26 26 26 26 26 26 26 26 26 15803 26 21726 29 29 28 28 26 26 21487 26 29 
15658 4 31 23 28 3702 15509 4 15658 6075 20 21 
21 20539 4 31 11571 21596 20794 20 
21 3789 20 31 28 28 15036 20 28 28 4 11020 4841 6103 22942 4 16866 1393 13131 7509 7432 2136 15678 23575 12459 5 21 

