29 29 29 20 
21 1421 31 86 7509 26 7850 9193 26 5 5 5 
12861 20520 0 
20520 18498 28 16098 12861 15678 7127 21793 5 5 5 5 21 
21 9980 20207 6103 1114 4 4766 28 10095 20 20 
9743 21551 18498 12861 15658 349 4 14604 5528 13055 8995 20155 20244 1114 21 
26 
21 9193 21932 
21 4796 9193 14335 20357 18476 5219 3219 7850 21412 7509 9833 
21 28 28 28 28 28 28 
10765 15036 20 20 20 
18533 15678 7558 654 21 
26 26 21806 26 26 26 26 
21 26 26 4 9743 16440 7384 8 29 21 
21 9193 17629 9743 12861 22463 7127 
30 28 28 28 
21 29 21793 4 13909 6103 22463 22897 5 5 5 19900 21793 31 15286 12327 7730 7914 28 5 5 5 
7730 7914 3450 14924 7847 20520 866 15138 11861 16404 9193 8 29 21 
8147 15678 26 10223 7850 9833 20 7847 2136 14335 4229 16404 16429 7509 9956 5 5 5 18525 19900 0 
21 7730 654 4 22463 17313 20 20 20 21 
21 733 4 15678 1114 20 20 20 8 29 21 
21 6592 31 13873 7509 20626 4 7730 7686 15678 15576 16292 155 15678 14604 5528 7730 11999 19761 20 
15708 20626 21 
30 5 5 5 5 
21 9743 11454 4766 28 
15708 21 
21 15678 18498 9193 13909 10959 7509 30 0 
7509 2828 6318 26 8 29 21 
21 28 6 21 21 15678 18498 23135 18533 6103 7127 7509 15311 0 21 21 
9193 6 21 21 18498 15678 7127 201 13640 5 5 5 21 21 
15708 17438 20803 9193 7178 20 21 
21 8 29 
21 16721 15510 21793 15678 28 4 9193 13033 18498 12784 15036 19871 5 5 5 9193 8995 2371 20 13055 12780 14335 17794 21 
21 26 0 20 
8995 10544 0 
26 14076 5 5 5 
12780 12739 0 
21 10122 7850 21450 6103 14796 20 
21021 6103 18449 7730 5799 20 21 
26 1631 18772 20 
8 29 14425 19362 20 
21 26 26 11617 26 22 21298 26 5 5 5 
1825 26 28 28 21 
28 26 26 26 20 8 29 
26 8 29 
21 9193 3702 20 20 20 
17458 15658 20402 0 15678 3711 15658 7509 5320 21282 5 5 5 5 17629 753 20 21 
26 28 21726 20 20 
21 15855 15671 20 
26 18498 15995 6981 14604 14464 20 8 29 
20402 15678 18498 7847 9594 16404 9193 5 5 5 25 
28 4886 13909 22463 4403 20 7914 20931 4790 20402 6103 19914 6103 13759 7730 22463 17556 6103 22 26 26 22 
26 14335 21776 26 26 5 5 5 5 
14550 28 
21 26 12863 10907 20 20 20 
21 8 29 
26 5 5 5 5 30 20 20 
28 7509 28 
16404 9769 15678 28 
21 28 28 28 28 28 28 
18533 22463 26 16404 15908 21 
26 26 21806 8 29 
21 14335 26 20 20 20 20 
21793 15678 28 4 20402 17438 12861 18498 4778 7730 17629 9901 13030 7730 23104 9808 16404 20293 8 29 21 
26 15803 26 26 
26 26 22 20539 26 
28 
22327 9010 6075 4179 5 5 5 5 8443 15678 18498 9620 20402 6 
21 17438 18498 18654 5943 6103 8046 4 16200 7730 10560 20402 7914 11538 11532 0 20 
2136 16393 18498 8045 15658 21932 5 5 5 5 21 
18876 22463 23049 7509 28 
8 29 28 5 5 5 5 
20402 9193 20 20 20 
21 9193 5 
18476 31 4672 6075 4179 20 
26 26 26 20 8 29 
8 29 
21 18784 22463 11208 4 18498 14514 21793 15678 1485 20 
21 21 26 26 1631 26 21 21 21 
5947 7509 28 30 8 29 
21 9193 15936 20670 11142 7509 10625 20149 19525 7914 5 5 5 5 
7790 
654 21596 26 20 
15658 17629 14335 5335 20813 4766 15678 10837 20 20 20 
21 21 21 17438 18498 22805 4 9193 10959 15138 6103 2637 5 
9193 15658 20402 22463 2637 21 21 26 28 28 
7847 20293 14335 8361 31 4672 11861 7509 22942 5 21 
21 19698 7850 3790 7509 20709 
11617 8 29 26 26 
21 28 8 29 26 
28 
14604 1095 7491 29 1755 
26 
28 
21 9010 20402 15678 28 28 21932 6 
21 8956 20402 31 15286 13909 10544 6103 20149 3702 26 20 
21 3488 20232 21596 5 5 5 5 5 5 5 5 5 5 4766 21793 15678 3870 8 29 
20402 15678 3488 20232 20 20 20 20 
21 7073 18476 8561 15678 14604 15540 4 17836 17458 15658 368 18498 7847 20402 22385 7188 6103 20402 17994 8678 4 9193 15658 20402 0 
15658 5219 28 5 5 5 30 
28 8 29 
26 26 5 5 5 5 11560 6 7547 29 5 4766 8 29 
21 28 28 18651 14212 28 3996 28 28 28 28 28 28 28 3253 28 7509 28 28 28 
15833 26 10908 4 20007 15678 3759 20 20 20 20 21 
23 7850 21726 21776 26 20 26 21776 26 26 26 8 29 
21 16323 28 20 20 20 
9808 29 1249 6103 15311 20 20 
9901 15138 9808 17438 991 6103 4854 21389 4672 7914 20931 22942 4 15671 21371 4854 4766 21793 15678 15576 1097 20 20 20 
1097 4 20149 15671 20402 15138 9808 11462 4 23135 5421 15138 16404 12861 20 20 
4796 17438 9365 21793 15678 15700 18498 4897 31 10273 8 29 
15708 17438 22327 20 20402 15138 9808 21 
21 11474 1628 23016 21371 16404 1540 5 
28 4229 15678 26 16404 2462 4 21582 6103 15604 23135 12780 10959 
7730 23016 15678 28 5 5 5 5 
26 20 
26 8 29 
21 21776 26 28 28 4 26 26 22 20539 26 20 20 20 21 
21 20402 1575 15678 22805 9193 8918 18498 31 10765 15658 9010 7850 22805 5 5 5 7730 20539 7850 12261 20 20 
15658 19900 3224 5 5 5 5 5 
11272 6 17438 12861 18498 9193 1027 15678 10405 8 29 21 
21752 31 9620 6103 10122 5 5 5 8147 15678 16083 8561 15459 10273 
18525 20402 8956 28 0 0 0 30 
13030 20 
21 18525 20402 8956 28 0 
21596 18498 3102 20 20 20 30 21 
28 6103 11462 6 30 
28 30 
3102 6103 28 
21 28 28 4 28 30 4 18651 14212 7730 28 28 5 5 5 18533 3224 7850 15481 0 8 29 21 
26 26 26 26 20 20 
21341 31 26 31 21726 
21 31 26 20 20 20 
29 21726 26 26 20 8 29 21 
14387 26 26 26 20 20 20 
21 28 28 28 28 28 28 
14604 5528 6443 20 18533 21793 20 21 
21 21 21 13641 21 21 15658 9387 20 21 
26 26 26 28 21776 28 26 0 
21 8 29 
15833 26 5 5 5 7730 6103 18506 7847 23029 22463 7629 20 15963 16404 18498 12861 1421 7914 29 21 
12780 16647 31 10273 6318 7730 9743 22463 14980 21371 8 29 
8 29 
8 29 
21 23 3716 5 5 5 5 5 
28 4 2371 14604 5528 20 8 29 
21 16440 20 20 20 20 20 20 20 20 20 
8 29 8 29 8 29 8 29 
26 
28 28 28 28 28 28 28 28 28 28 21 
26 8 29 8 29 8 29 
8 29 
21 28 4 6070 26 7730 3702 22463 28 28 5 5 5 21806 28 16404 9193 8 29 8 29 
21 28 28 28 28 28 28 28 7509 28 28 28 28 28 28 28 3253 
7730 2371 12780 0 8 29 21 
21 15833 26 5 5 5 5 8 29 26 
21 28 7509 28 28 15818 7509 28 26 26 20 20 20 8 29 
11462 9193 20402 13909 13512 7730 9808 11066 31 9010 13512 10095 18498 1421 7914 9193 22942 20 20 15708 8 29 
21 9193 472 12780 22805 20 20 20 8 29 
13512 13512 13512 20 20 20 
15604 1095 8 29 
21 28 28 
12780 4913 16404 4778 0 
26 26 21 
28 28 7730 28 28 8 29 
21 28 7509 28 4 28 28 7730 28 28 
18533 21389 21389 21389 22805 20 20 20 8 29 21 
21 26 11617 26 20 20 20 8 29 
15678 18498 12780 9743 6103 3058 0 0 
30 28 7509 28 21 
31 20474 9789 29 4766 26 20 20 
21 31 3267 7509 14133 7110 9193 23180 4 15678 18498 20520 18498 9193 17511 23151 31 3702 16404 15678 14604 18165 20 20 8 29 21 
21 26 26 7509 11617 8 29 
21 28 7509 28 20 20 20 
14604 18533 4841 6103 2304 20 
16323 16673 20463 7127 20 20 9193 7850 6679 22327 6103 3058 7730 7509 14425 8 29 
8995 15138 5335 18498 2126 23135 9010 7914 20879 16404 16468 13909 21551 4766 15678 1097 20 20 20 
1249 16468 15678 1233 7509 14335 3702 16404 23135 5 
9010 1249 15671 21596 31 28 20751 7730 15678 28 8 29 
22318 1027 1095 20 20 20 20 21 
21 15833 26 5 5 5 28 8 29 8 29 8 29 
21 17438 9721 4 22463 16404 9193 7730 21371 16404 15678 28 4 28 7730 28 8 29 21 
15833 26 5 5 5 26 26 5 5 5 5 
28 28 8 29 
21 28 7509 28 
21 28 28 4 28 28 7730 28 7509 28 
8995 17629 6103 22463 5 5 5 8995 4766 20126 20 21 
21 16753 26 30 28 28 4 28 28 7730 28 28 21 
20402 28 5 5 5 15658 9010 10544 16404 15502 20 
28 28 7730 28 28 18498 21340 0 0 
15833 7850 20 20 20 20 
21 28 28 4 28 28 7730 28 28 
15855 8956 4264 0 20 15658 6075 16404 19440 20 20 20 21 
8 29 
21 8956 28 10095 4 21282 9193 14699 4815 8 29 
20149 9193 14335 362 4 13055 20402 20 20 20 
15708 1095 20 20 20 21 
21 20149 13480 26 20 20 20 
9193 20 21371 15658 5 5 5 5 
21 17438 18498 18498 9193 15658 14335 17229 16404 12780 0 20 
25 21 
21 15855 28 7509 28 20 20 20 20 20 
12897 6103 29 20 20 20 14156 7850 20931 618 2371 20 21 
11617 22 13800 1983 28 20 20 20 8 29 
15855 21282 28 7509 28 
21 28 30 4 
10907 26 20402 14335 20 20 20 8 29 21 
17989 20 654 20539 28 29 7850 20463 15669 20 20 27 
21 20207 16440 4 5649 4766 14915 6103 21812 7730 26 26 21 
21 9193 22897 6103 17525 10273 6103 4796 20 20 20 
8956 20402 22463 14915 6103 14331 4766 14413 4 15678 4292 20402 14149 20 20 20 21 
21 28 28 4 28 28 7730 28 28 20 20 
22463 28 20 20 20 21 
28 28 7730 28 28 15855 18498 13520 20 20 20 
21 26 15658 20402 21282 31 1235 7730 20539 4 22805 18498 9980 23135 5219 8386 22463 17556 6103 12910 20 20 20 23 
26 28 7509 28 15855 2371 20 20 20 8 29 21 
28 28 8 29 
26 26 20 
21 28 28 7730 28 28 4 15855 18498 10141 
21 28 28 4 9193 288 26 4 9193 8956 18737 9387 0 20 20 0 21 
2136 15678 28 9130 7850 28 26 28 
21 15855 21282 28 28 4 28 3996 7730 28 28 20 20 20 8 29 21 
14464 13512 20 20 20 26 30 28 
1386 6103 18446 4766 15678 21739 6103 9847 
26 26 20 20 20 20 
13043 20 
15708 1097 20 8 29 
11462 31 13566 21776 7509 20402 11020 7730 12780 17629 6103 23206 21812 8 29 
21 28 7509 28 4 28 28 23 19969 20 21 
26 26 26 26 28 9130 7850 28 
26 26 28 26 28 
28 23016 14335 753 15458 20402 28 28 4496 20 20 
21 4796 9193 15658 10959 7509 7127 7509 15311 4 4815 10473 1920 6 
21 21 15834 28 20 9808 7127 7509 23501 5 12780 4796 5676 21 21 21 
21 15855 15678 18498 4289 13761 7914 3962 20 20 20 
28 4 15138 15708 20 20 
703 31 9193 19484 7914 3206 20 
8995 15036 6103 20126 8 29 21 
21 1249 18498 23016 13359 13909 18468 4 12960 13909 22951 7730 6717 4766 13909 10385 8 29 
21 23 3716 20 20 20 20 
28 7509 28 4 28 28 4 28 28 4 28 28 4 28 28 4 28 3253 21 
21 15678 21953 6103 26 26 29 4 18494 14335 9743 4346 5 
7730 21371 12780 19969 15678 26 4766 26 18498 20420 14149 10648 6103 17737 30 28 28 21 
20402 22463 22897 5 5 5 5 
14604 9943 5947 15678 14604 15604 13591 20 20 
26 
21 26 20 7509 23167 6103 22805 21793 15678 9956 
9193 16673 14049 5 5 5 21793 31 14049 
26 26 20 
21 21 21 26 26 26 1631 5 5 5 21 21 21 
21 16404 23135 28 28 4 18498 1027 26 20 21 
26 15803 26 28 20 28 28 
21 28 28 7730 28 28 
15855 18498 10141 20 
21 15678 3870 8810 4 23016 7509 16753 2073 6103 18525 13909 1027 20 21 
28 28 7730 28 28 8 29 
21 28 4 8995 21596 22463 5459 21267 4766 15678 28 10095 20 20 20 15678 21 
21 26 26 26 26 26 26 28 26 21776 14335 11617 31 26 11617 31 26 26 26 26 4 26 15803 26 28 4 26 26 26 26 26 26 26 15803 26 21 
21 28 28 4 28 10095 7730 28 28 5 
22942 6103 28 20402 7188 15658 20402 0 8 29 21 
28 28 15855 12861 
21 21 21 20149 22318 23016 31 18497 7509 21409 4 6670 31 22310 4785 31 20402 9808 21 21 
28 28 28 22982 8 29 21 
21 28 28 4 28 28 4 28 28 
15855 21282 4796 22463 26 17304 20402 14388 10141 21371 21 
28 28 22463 19083 10138 16404 23135 20 
21 23 26 26 20 
8 29 26 20 
21 7558 15266 13055 20149 16468 4 9193 9193 740 5360 10648 17737 6103 1247 20 
8956 20402 15678 7509 28 3996 20 20 20 
654 6717 2727 20402 21282 22463 18553 6103 28 20 20 20 20 
11560 6 23273 5 28 5 4766 26 0 22615 12347 4426 30 
15708 23 20 20 20 8 29 21 
21 28 28 28 7509 28 28 28 28 28 
22385 10141 20 20 20 
15855 15678 26 6281 6 11560 6 28 5 26 5 4766 21 
21 4796 1920 7730 15658 14335 4229 0 20 
23 5 5 5 5 7614 4766 8956 17831 22540 20 20 21 
11617 26 5 5 5 5 5 5 
28 28 15424 16721 7914 9743 13909 12861 
21 15855 28 28 20402 21 21 7750 21 21 9193 22463 21 21 7750 21 21 10141 20 20 20 
17458 9193 1027 22494 20 27 
21 26 26 13922 22526 20 20 20 20 
15855 28 28 
21 2126 21596 7599 2727 17556 7730 14335 20357 15678 28 28 7850 4576 7509 11185 5 8443 17438 228 4 20149 9193 5762 22463 4576 17438 2371 5 5 5 5 31 17819 19150 20402 0 21 
14425 5645 6103 28 26 20 20 20 
28 28 12780 4913 16404 15678 15576 0 
28 28 15855 15678 26 
21 26 20402 26 28 6 
29 31 16633 20149 4229 6 16633 7509 19169 4 17324 15678 19169 7509 1233 15005 13761 5 
29 15678 4403 20402 20244 9971 4 7850 17271 6103 866 11948 5 1920 4796 31 21023 7509 13424 31 22942 7730 31 15041 4 18498 349 7914 22463 4403 20244 9971 5 21 
26 15855 19670 20 
15855 28 28 4796 20402 15678 7509 28 20 7957 15671 0 
21 20402 15678 18498 349 4766 21793 15459 15190 4 9193 9942 5 5 5 21 
15658 9010 10544 15424 16404 15678 26 5 5 5 5 

