9867 7850 2689 20 20 20 
16475 4766 15678 14604 1114 16673 4417 11455 
16067 17790 20 
20402 13520 20 20 
8855 19169 13424 
21 9867 6103 9975 6103 1249 2504 7509 28 7850 9150 951 7509 20434 5 
20497 14149 20 20 20 20 16340 7509 21021 5 21 
9867 10217 26 10999 5 
10217 
10217 18394 450 
13055 22805 8956 4127 5 5 5 
3058 20247 31 21793 
8443 31 18737 11570 6073 871 1249 8995 31 2708 7509 9496 5 
27 5 5 5 9193 21596 22463 30 6056 5 
5018 20 20 20 20 
18498 20126 7509 14604 16292 5 5 5 
22463 7509 14924 13909 3086 7509 9193 22942 5 5 5 
16475 7914 11011 

