21 16323 4 28 20 20 15576 512 21 
15678 1249 16468 7730 9193 1103 5360 3450 22897 13909 10259 20 21657 7509 9193 22942 8 29 
17438 13909 28 1920 20 8 29 
15533 12222 20402 26 26 
21 16323 4 28 20 20 22318 472 7730 22318 6679 15138 21021 4 1114 7730 20127 20 20 20402 22463 11514 21596 31 20931 1103 7914 9193 22942 21 
21 28 7730 28 4 16323 16673 3960 4 8995 22327 14149 20 20 
991 6103 19611 11020 1097 7730 6075 3058 19699 4 20402 13512 7730 7994 16429 6075 14924 22385 8810 7850 22942 6103 23135 20 20 16323 20 20 8 29 21 
28 30 
21 20402 22821 14539 4 28 28 20 21 
21 28 28 4 13325 7509 9193 5459 20 20 7 21 
17525 20 20 1097 6670 20293 20 7730 16404 20293 20 6103 
21 13060 14309 20 15138 15708 16673 7525 6103 28 20 20 20 472 20 20 
20402 6329 22318 19052 20 20 
13055 8995 8840 15576 18195 8147 27 20 2700 21 
20126 20402 15678 1114 18498 9901 20 
27 
21 28 4 28 288 31 9193 3790 8 29 21 
21 28 4 13325 6103 23135 21 
28 
21 28 4 15658 21596 4796 15658 13325 6103 23135 20 
20126 20 20 21 
28 12780 6103 15604 20 20 20 
28 
12780 28 0 6 
9867 6103 3960 7509 15576 18533 1097 19698 28 
21 22463 15533 15138 13688 21282 4766 31 14464 6 6103 
16323 4 19698 20 20 21 
17960 23162 7850 5717 6103 28 6103 
21 13325 6075 7127 4 28 0 6103 
8995 13512 20 20 21 
18498 15995 7509 16292 20 
21 15138 15708 13858 4 22318 7730 28 20 14335 7451 15138 4766 23135 11462 20 9808 29 20 5320 4766 31 1103 6103 23135 20293 20 15708 16673 3943 20 472 21793 23135 20 21 
18533 1097 20 9808 28 20 18498 28 20293 11710 20931 22942 20 
11020 15941 20 20 
8995 21793 5474 20 
28 28 28 12780 20 6103 
7127 21083 8810 7730 12222 20 
19698 9193 16468 7914 10366 7509 3126 28 8956 28 7730 13325 6103 23135 20 6103 
21 654 20402 15818 9 28 4 2371 12780 9193 20 21 
9193 18533 20 6103 
21 2442 4 10606 20 20207 26 17872 28 9790 16673 28 30 20 6103 
21 20244 4795 5 5 5 5 
8995 4289 20 20 
21 20402 14149 19656 20 28 28 4 28 28 4 28 28 28 4 28 5846 4 28 14876 4 28 6103 28 7730 14464 7509 14604 24 20 6103 21 
21 28 30 4 28 28 4 28 28 4 28 28 4 28 28 10765 20 10273 17525 20 20 22657 17438 22327 20 6103 21 
15138 8840 20 6103 
21 28 4 22657 17438 11462 20 6103 
12780 20357 20931 9620 15458 20247 21 
1920 9901 7188 12780 17872 9574 5 5 
21 28 28 4 28 28 9193 22805 13761 7850 5826 6103 30 7730 21596 18498 8414 31 17819 16440 7509 9370 18103 8956 20474 13055 5 28 14018 31 8819 7509 8057 7509 20463 1095 4 6097 13055 430 22463 17556 15678 21932 20 6103 21 
28 28 23135 12780 23016 7576 17872 20023 15658 20402 0 7 6103 
21 28 28 4 23135 4913 15678 12333 7509 20497 7914 18498 20462 1095 0 7 6103 21 
16323 20 20 23135 14514 20 7730 15138 20 20 6103 
21 15138 3058 5459 4766 23135 6 28 7730 28 20 20 472 20 6103 
28 6 21596 18498 19969 16404 5360 31 5459 16973 20 6103 
28 6 21 21 13444 20402 11686 31 28 6 31 16440 7509 11518 18498 18475 11663 17304 5219 4 16781 15678 12578 5 21 21 20402 15678 14425 20 6103 21 
21 28 4 4289 2727 15908 7850 20931 3962 0 22657 16673 753 22805 0 6 6103 
2702 21 
20402 15138 3058 17304 21596 8956 21551 4766 7847 20 
21 3058 21409 10765 6103 
12780 4854 1614 22463 1488 16404 18525 10959 6103 15286 16404 28 9790 16673 28 30 20 2442 20 21596 31 22861 13572 11046 7730 31 22861 17872 29 4 29 20 
17872 26 6 11560 6 26 5 30 
13572 26 6 11560 6 26 5 30 
8840 18498 23135 10959 7730 20149 18533 9193 753 4766 15936 7730 21050 16404 14426 7730 10533 1488 4 8995 31 7362 20 
2702 7730 3058 9833 31 21793 20 6103 21 
21 28 28 21282 17872 19229 31 23151 6103 11462 6 9193 10959 6103 13198 4 28 28 20 16404 21 
21 28 28 472 22318 5174 20 23135 20402 15138 20566 
12780 6103 15604 16404 15678 28 20 7509 18195 22897 12780 13405 3031 4 17458 12780 21596 29 1244 6103 21 
21 23174 7850 21932 41 4 10606 20 
5320 4766 15678 1506 6103 21793 20 6103 
19525 6103 28 7914 1188 20 18487 8995 7850 2804 15603 9130 20 
21 1575 15678 9958 4766 28 4 28 4 28 7730 28 8 29 21 
21 28 30 16468 31 18884 6072 6310 26 16404 14604 26 6 28 5 28 28 5 4766 0 6103 
2702 21 
21 23067 14149 20 21 21 6103 21 
28 3790 20 18476 17304 9743 31 21647 7850 26 0 12780 4778 20 20 2702 
10606 7509 22512 28 29 20 4289 2727 0 0 14018 15599 20 
9193 18533 20 
15658 8995 15424 7558 20247 7914 28 7730 31 20306 28 28 7730 9193 13055 8995 4766 20870 20 
31 22968 6103 28 15908 20402 20311 20 20 
28 28 7730 28 5846 31 17819 4956 20402 6329 20 6408 5320 21793 15678 7055 17872 23135 20 15708 17438 22327 20 472 15138 23135 20 2702 
20402 15138 7994 6103 
14149 20 6103 
21 21613 7127 7914 28 4 23051 15678 15215 7509 22727 18498 20402 14149 4 1190 16673 19856 6073 7730 9743 4908 20 6103 21 
21 17819 7127 7914 28 6310 4766 31 28 28 4 991 7509 10405 18498 8995 9743 6103 
1022 21596 16972 7509 22512 28 29 16404 4886 31 835 20 6103 21 
21 28 5846 15708 17438 22327 20 16673 1001 4 16673 16135 4 16673 15941 6103 21596 2154 4766 23135 4 17438 20402 22463 16971 22385 480 7730 4039 20 21596 15138 15995 6103 21596 22463 1095 4796 23135 20 6103 
10959 15138 6103 22318 21 
18533 15138 18498 18487 4289 13640 20 15138 1268 6103 28 28 
21 28 28 4 8995 22385 1271 17872 8956 21252 20 21793 15678 28 352 4766 22463 9801 1095 20 9620 14466 6103 7558 20247 654 20 12780 19363 2727 15678 28 4766 31 14464 15658 20402 
22318 472 15138 22805 0 23135 20149 21858 22463 16971 12173 7914 9193 22942 6103 
2702 21 
21 28 28 4 20126 6103 23135 0 
12780 22137 22463 15286 0 6 6103 21 
21 28 28 4 22657 17438 15908 20 20 15138 15708 20 472 21596 9901 7850 20931 3962 20 6103 
2702 21 
21 28 28 4 28 28 4 28 28 4 28 6103 28 4 28 28 28 4 28 28 4 28 28 4 28 28 4796 9901 31 14299 16404 8956 20262 0 
5219 20149 14294 7914 21793 31 14307 0 
2702 10765 6103 21 
18498 15995 15658 20402 28 28 20 6103 
9808 1249 15604 20 6103 

