21 15855 18498 4672 13909 13512 20 8956 20402 31 7589 28 4 15253 15138 10138 7509 28 20 7589 28 13405 15678 6472 29 31 21267 7730 13055 7890 6 
29 4 29 13080 
29 4 29 4586 21911 
29 4 29 10948 5576 
29 10948 23045 
18498 15995 6981 16971 22385 18533 20 15708 17438 5108 7914 9193 20 18533 22318 753 15138 13909 20 16323 16673 19522 20 28 1103 15652 22385 3058 18498 2136 31 15253 21810 21 
21 26 20 28 4 28 4 28 7730 21793 1097 10025 20 16323 16673 15576 7127 20 21 
21 11462 20402 7127 7509 10026 20 7730 9193 4 1471 6103 20402 10211 7914 10020 4 8995 13909 17872 21 21 9848 18498 22564 8854 6103 16553 21 21 20 15138 15708 21 21 7616 21 21 28 28 16673 2031 7730 5876 20 7730 15708 21371 1393 21 21 7616 21 21 28 28 16673 16431 8810 20 9808 7127 31 21793 10025 20 20 20 20 8995 3058 2700 21 
21 18481 1249 21596 8956 10273 4 11300 4 14604 1095 20 16673 14466 29 1249 20 21596 18494 29 1249 6103 1103 20 15458 10273 4 20402 14604 1247 7730 11462 21752 7847 7509 2667 17872 4788 15678 20463 20 9193 19900 4 8995 22463 17556 2087 4 16721 21389 7914 23135 15908 20 20 20 6679 14484 18498 23135 8995 2727 4 18498 20402 15138 9808 4 18498 21596 15138 3369 7730 835 20 22318 472 15138 14604 18533 20 21793 9801 7509 15190 17872 23135 20 14667 2702 20 21 
21 17819 18884 8995 13761 7850 14604 28 20 18374 6310 20 20 20 28 28 
16647 13761 20 21 
21 3058 7127 20 20 20 20 18525 1614 21681 22463 15533 6103 20474 17914 7850 5695 0 0 0 0 27 20 21596 3036 6103 4629 4 6103 10433 4 6103 2501 7730 18374 20 22327 26 7730 9989 20 20 20 16468 31 18884 1393 17556 4 17872 15658 21596 16107 20 20 20 21 
1150 20 
21 9634 20402 866 20311 5 5 5 15138 22898 9193 6722 4 3213 4 9901 21 21 6103 2812 21 21 5 5 5 9193 18476 11284 15678 1114 4 22327 20149 19450 4 22327 20149 745 20 21739 28 4 17872 23135 14265 22463 17556 31 20126 5 5 5 23135 20402 13325 4796 16630 10476 7850 18780 6981 19296 6103 7589 28 5 4766 31 22521 6103 21793 4 20402 22463 14924 14452 20 21 
21 29 4 29 4 29 20 6075 17438 11462 20 6075 6103 10273 20 18687 1103 21 
21 13909 6103 15908 5 5 5 1027 23135 4 20931 22616 18526 18687 1114 1103 21 
21 15840 1249 6408 4 7850 14336 6103 22463 14984 6103 1932 6103 14279 21 21 7509 1341 21 21 7730 21 21 7509 15604 21 21 5 5 5 16393 18498 9193 740 9743 16440 7509 18458 6103 10474 4 4796 20149 15643 21596 19969 6103 13761 5 5 5 15533 10962 6329 20 21 
15855 18498 6324 20 3031 15416 13981 20134 20 4687 7850 14604 28 7730 5508 31 18884 20 17872 9743 13055 20 28 28 
21 23135 15658 21596 15623 6103 4796 20402 18947 22805 8956 3906 15459 22640 7730 19900 18498 15678 15092 6318 8995 20954 16673 7882 4 7278 16404 15678 14604 3192 5 5 5 14604 17478 20215 23151 17872 3962 6408 6103 28 13667 6103 3962 31 21932 5 5 5 21298 5 31 5 13800 5 13800 5 31 4289 14604 1114 14604 28 21 
21 3058 7127 20 20 20 13055 21810 14604 26 11462 20 7730 23135 0 11462 4 14604 28 21596 37 7730 10750 20 10962 7730 9743 2727 20 28 15652 6472 29 21 
1027 20 20 20 20 31 4964 20402 31 13909 8302 20 
9193 19969 18494 1920 11462 20 
21 8840 18498 15678 21551 16468 
8840 18498 31 20247 201 
17872 18498 9193 17511 22318 22805 6103 15604 
8840 18498 15678 21551 23123 
16404 18498 23135 19553 
17872 18498 9193 17511 22318 134 7730 22318 2700 6103 15604 5 5 5 
21298 5 31 5 13800 5 13800 5 31 20 21 
21 7730 15678 14604 7127 201 5 5 5 13055 20402 7127 29 20 9193 20402 22463 7127 15138 8810 20 15138 9808 20 19698 15138 4 14335 7995 4 4346 13581 5 5 5 662 31 3450 22463 18498 21752 22463 14764 7509 20463 7127 16404 14335 16318 4 20402 17438 1614 4 17438 28 4 13481 4 20658 4 16973 16066 2136 7914 16718 5 14604 20584 21 21 15138 15708 21 21 20 23135 9743 14604 7127 13909 13405 7730 9808 20 21 
21 9193 19900 18498 15138 10765 15658 12780 13359 8956 17523 4 17458 9193 19900 18498 12780 9901 22463 21389 4924 4 9193 9193 17629 8678 5 5 5 
9193 15658 10959 18476 31 16971 7491 18498 21 21 656 20402 15678 15266 7509 6777 21 21 4 22463 22897 18498 8956 20402 15678 15266 18498 9193 8637 15344 20 9193 1027 656 20 9193 8956 1249 4 15678 14604 15266 21596 20402 22463 21389 18481 7188 5 2336 28 20149 20402 4 21739 28 20149 20402 7730 4 7850 7127 7509 14797 6103 21269 7127 7509 2336 4 9193 18533 1095 28 20149 20402 21371 5 5 5 18498 7562 5 5 5 
8235 4 19900 18498 31 22942 20402 22463 4403 7730 18498 31 15041 23016 16404 21793 5 17304 16393 26 4 17050 7730 22327 13909 4 9193 288 18498 21596 18498 23104 12544 5 6355 15576 1114 1393 18195 5 1022 4 17304 16784 31 16971 18533 7730 1276 6103 4346 17438 15658 21596 28 6329 4 17438 15658 21596 16630 16802 16066 16793 4 4346 1453 16673 2169 7509 16083 4 17438 15658 21596 15678 16083 17438 16936 5 21 
21 9808 7127 7509 16169 20 16169 4 22318 1027 15138 20 21 
11462 14604 5528 8995 4766 22463 16620 31 14466 5 5 5 2336 28 20402 6564 5 5 5 11139 7914 9193 14453 20813 15678 3058 14924 7730 13324 7509 9193 12319 5 5 5 15708 17438 21596 20402 31 2336 4766 15678 10326 1892 7730 13812 6103 7576 13909 10962 7509 15190 21793 5 5 5 
3058 7127 20 20 20 20 15344 7509 20749 
21 18498 15995 6103 21596 5484 7730 4854 16440 7509 9193 13052 4766 22463 20402 22385 9509 7730 6146 20 28 28 28 4 23135 20402 22463 9365 31 20402 20202 20 15995 9171 4125 9365 21 
21 7730 31 15364 4785 31 14335 17739 1283 16673 14604 1247 20 
15678 12779 20402 22463 23501 18498 19363 16819 15678 4403 18498 9387 7914 9193 22942 5 6408 18498 16784 31 10095 4 16393 15036 4 20155 5 5 5 7914 20202 4 21179 20931 10179 4 22805 7730 23104 5 9010 3510 7730 21179 12763 3137 1036 5 5 5 7730 28 6408 4 20402 17739 4766 8956 189 1034 20 9193 18784 15344 7850 23523 4179 20 15138 10765 9605 20670 15678 12261 1971 4 1612 16953 11750 1293 1393 1247 5 18476 13909 12979 4 9193 16721 20402 22463 9692 15894 22327 6075 8561 20 11462 22805 13909 4796 22463 16953 6103 19094 5 15678 18498 9743 6103 3058 16066 19854 4 15678 18498 14335 6256 9808 16066 8431 4 15894 17511 14426 7730 17836 4 15678 18498 21596 6103 3058 7850 9193 22942 6 9634 4 1097 22823 4 1114 4 20127 5 5 5 8956 19094 10794 14335 9743 4346 4 6103 22225 16066 6103 9801 5 9193 15678 18498 18784 11862 20402 21596 8956 22942 7730 20402 18525 9193 20402 4 14569 1068 4 1114 18498 15658 3391 7914 9193 5 5 5 21 
23 5 5 5 18884 6103 3031 6103 2501 20 4011 13761 7850 28 20 28 28 
1103 18498 16866 16404 20293 20 
18884 6103 18374 6103 18512 26 20 201 6103 17525 7850 28 20 28 28 
21 6670 18498 9193 14335 8386 17438 10765 18498 22564 12935 4 15658 14335 18962 6103 21596 22564 22463 3585 14465 18498 15678 15677 29 5 6981 15677 4 20402 20954 4 20954 2136 4289 7850 21364 29 5 5 5 
11462 4 8995 20559 18643 4 17324 8956 20402 9193 17819 3585 21364 29 20 20 20 7957 14426 4766 15678 6472 29 28 7166 20244 20738 10122 21 
21 20402 22463 16689 18498 14604 7209 6038 28 28 28 15658 12780 13359 8956 1840 4 17324 21596 4181 18498 7847 5018 4766 21793 31 16192 20 20402 7557 14539 21 
21 21282 21596 31 662 1393 22942 17438 21596 4730 7914 15576 3611 3058 16971 5 5 5 8810 5 5 5 23577 20 11462 20402 1247 6103 22463 12186 18498 4 7850 12760 4 9193 15036 6103 4499 5 5 5 20402 22463 21340 6103 21 21 14604 10943 21 21 17872 5980 7730 17872 13761 5 5 5 15855 4 15658 20402 10544 20 27 20 9193 16765 18498 8956 1103 6103 23135 20402 22463 13056 18705 18498 7102 20402 17745 17438 15138 7730 15138 1249 20 7730 18498 1920 20402 20 18498 9193 1103 7730 22521 16801 2136 15678 9975 6103 9193 22942 20 28 4 9808 1247 20402 17556 20 1027 15138 23135 20 1471 7509 7419 8956 21 21 9267 21 21 21932 6329 20 27 20 4 23135 8995 7914 15576 5528 20 21 
16816 20 
21 9769 15678 15860 17872 15658 22805 16468 15678 21551 
20357 9620 6103 23135 
1248 3058 4 1114 16816 7850 14604 16654 
20244 23135 15658 19900 23104 
8443 23016 
18498 9193 5320 15678 28 
5320 31 11518 17872 22318 22805 
9193 15658 5219 22318 8918 
3450 14763 20402 15138 21551 20244 23135 
9193 15658 12780 19900 14335 362 
20244 20931 15256 17872 14335 134 
20244 20463 15855 17872 14335 8386 
20244 20463 3870 
1114 4 20244 23135 
23016 14335 21752 7509 20781 
9743 9808 14604 5528 
13055 15658 11862 18525 8561 
15678 18498 16468 4 16468 
8443 4 23016 20 
9620 17556 1114 1248 21357 21 
20311 22136 4766 31 12094 28 26 20 4766 31 4842 6103 11020 1097 20 28 1103 7146 
26 26 28 5 4766 26 
21 18931 
18498 7127 20402 11462 0 14425 7127 20 20 20 
17458 15658 9387 7127 4179 17872 4809 20 19859 1393 14425 10211 28 6103 21793 31 9193 22942 20 31 3585 13055 8995 10424 4 8443 12780 14426 8956 21 21 5353 21 21 20 7127 29 29 
6472 23015 29 28 20127 28 15652 2727 8995 10948 23016 23135 21371 21 
21 7558 7557 7850 19719 5 5 5 4290 6103 20826 4 14378 4 7728 7730 4181 5 5 5 31 22942 20402 9074 7730 8302 20 4730 31 16971 4179 7850 15576 3610 20 30 4 22318 6679 22327 6103 14425 18498 31 22942 17511 15812 20 18498 17511 13026 4289 1394 20825 20 22318 472 15138 20 20 20 20 28 1103 7146 9634 10530 21 
18498 16821 20 27 20 
29 8147 3170 6103 2176 1341 
21 15678 18498 21596 18498 20402 4 20402 20 2136 15678 1488 19900 20 27 20 21298 5 31 5 13800 5 13800 5 31 20 21 
918 20 20 20 20 
13909 22463 8147 6103 3919 1341 20 
21 28 28 28 4 28 3996 20 15855 18498 7509 11518 20 21 
21 846 6103 19522 
31 9193 18533 30 28 6146 490 15619 11600 20127 7730 4 7914 14466 6103 22463 15266 4 7890 29 4 29 7730 22463 21911 6103 29 4 29 6103 14370 20 20 20 16323 4 28 20 5320 4815 20 28 15652 2727 8995 20127 4687 4815 1103 7957 20155 21 
21 9193 2725 1095 28 4 22602 15678 17915 7509 28 21371 21681 19522 7730 10648 22463 13512 5505 20 16323 4 1095 20 1103 20127 26 21 
21 15604 4552 23015 18498 6146 8406 7850 14425 10211 28 6103 20931 22942 20 16323 17438 20931 6152 4 28 20 5320 4815 20 28 15652 2727 8995 20127 4687 4815 1103 21 
21 7914 13014 6103 29 4 9193 16958 29 13080 7730 22564 15678 21364 29 5 18476 20402 1393 30 7509 18533 28 7730 28 13985 4 9193 14577 20402 22564 15678 21364 29 5 17324 2727 4 22463 1249 7730 18497 15266 6408 4 8995 4766 29 13080 7730 22564 22463 3585 12935 21364 29 5 5 5 18498 8995 13202 20 20402 18498 4913 22463 29 0 0 27 20 7730 15658 20402 18498 654 9193 18533 15138 13909 0 28 20127 7957 20155 2727 8995 26 21 
21 13512 20 9808 7127 16404 15671 4 21793 15678 28 20 20 20 21 
21 9193 18533 28 7730 28 8995 14426 31 3450 7127 20463 11600 20127 20 31 3450 338 4 22463 3058 19522 20 10648 22463 13512 5505 6103 3227 20 24 20 16323 4 20931 13512 20 20 20 21 
15678 2750 7509 26 20 28 15652 2727 8995 20127 4687 4815 
20670 15678 22136 12094 6103 15908 11036 1103 9634 21932 28 7146 
21 7730 11462 4 16098 8956 1614 4 14335 13325 6103 23135 5 5 5 7730 6103 21389 4672 18498 23104 13026 5 5 5 28 21 
30 17753 3749 20 13909 22463 22136 20 
16098 8956 3718 11462 16673 14049 7730 21282 5219 16721 7914 23135 5 5 5 28 7730 28 5 5 5 20126 20 6 
20207 9789 14149 4766 9193 18533 20 5947 31 3962 7509 13512 13647 18498 9193 1027 6329 20 
21 20402 15138 11043 17438 22327 15678 18498 21596 6 9193 3962 4 14604 3919 4 14604 21932 7730 21793 31 15941 18498 21179 7850 9193 22942 5 9193 15299 7384 21596 11066 20244 31 16971 18498 16468 17438 9193 22942 5 20402 11043 16673 9634 18498 21596 4 16673 1097 7730 4697 5 5 5 9193 11462 4 9193 13909 18328 7730 4886 11036 12780 16404 22463 20402 18498 14335 708 31 29 1249 6103 19205 7730 29 6981 1249 4 3962 4815 20 14604 1248 4 14604 1114 20 22318 1027 6329 20 15708 17438 22327 20293 20 20149 17714 16404 13909 22463 29 1249 20 6 21 
7127 29 29 7509 14604 6472 23015 29 28 20 1233 4766 14604 28 26 7957 20155 14425 10211 28 
21 6472 23015 29 28 21371 20402 5896 20 29 29 20 13359 21 21 15678 17304 7509 16718 17504 21 21 
5876 7509 5574 5876 7509 14487 26 26 21 
21 20402 17521 5426 31 2988 7850 9975 6103 20247 0 0 0 20539 20 740 13909 20149 23135 8995 10122 7850 6472 23015 29 28 
13055 21810 21793 14604 28 4 17872 20155 9193 2601 20 21 
21083 1233 16404 15678 21083 14387 20 1103 15422 1114 28 5741 
29 29 4809 15678 6472 23015 29 28 4796 21596 18498 20402 6 29 893 7730 29 2060 28 20 6557 7730 20931 6408 6103 22463 6310 2154 6103 23469 20 7957 9901 13512 20 
238 15678 6472 20 17989 16404 8406 7850 14425 10211 28 7509 9193 22942 20 18525 21830 0 0 0 0 6472 23015 29 28 
18498 2717 20 20 20 20 20 
21 27 20 
9193 20293 288 8302 5 5 5 27 20 21 
27 20 
17872 18525 15643 22805 22463 6006 4369 14041 5 5 5 8995 2371 5 5 5 7730 15658 20402 9786 20 
4766 4181 20 6 
21 10765 20 15855 15678 21364 7509 14604 3192 20 7730 31 2601 0 28 14604 19522 20 4766 19042 892 28 20 2136 654 14466 29 20 8995 15138 9808 20 14335 703 29 20 
28 
7957 20155 
28 21 
21 3450 1249 18498 16468 4 9901 14425 20 21 
8147 7509 15921 6103 28 20 
21 28 26 26 4 23135 20738 1920 21371 0 14335 22805 15458 15109 20 20 20 21 
21 12861 20402 18498 20402 1114 20 31 16971 4289 7509 2154 6103 17061 7730 9743 21894 20134 16404 15678 1114 5 5 5 7730 740 352 4099 17872 9743 21 21 18374 6103 18512 6103 21397 21 21 4 16404 15678 13176 7509 14049 7509 1114 5 5 5 21 
3058 7127 20 20 20 20 20 20 
21 15138 9808 20 14604 12787 4809 31 22602 15678 17915 15908 7730 13055 21681 19522 20 29 4 29 13080 31 14466 7730 22463 21911 6103 29 4586 6103 14370 31 14466 20 20 20 23 20 20 20 
7957 20155 
28 
19522 
9808 21 
21 9193 4 1114 28 7730 28 20 20 20 20 21 
9193 20 
4766 4181 20 
23 20 20 20 20 
23 20 20 20 14604 21026 7077 20155 2601 6103 11462 21596 15003 20 20 20 20 6310 20 
15138 9193 20 20 20 20 20 
28 9901 11686 1393 7509 30 20 12780 21932 4766 23135 20 27 20 6 16404 26 7957 20155 22942 20134 
21 11644 18498 31 1095 28 13985 4854 20 28 20149 201 7850 15882 10138 20 
26 
6324 21 
27 20 20 20 
12780 22805 20 6 16404 
27 20 20 20 20 
23 20 20 20 20 20 6 15678 
21 21 21 9193 12551 20402 8125 15678 28 4766 10095 16404 18506 8956 20118 6103 11729 7730 23222 15403 5 20149 23135 5947 8956 26 4 12780 8637 22463 10083 16404 23135 5 21 21 21 
21 18876 8956 21 21 7901 21 21 6103 22897 7914 18476 7509 28 3996 5 5 5 5 21 
23 20 20 20 20 20 18533 3962 6103 15604 20 20 20 20 20 20 20 
9808 7127 7509 17931 20 
4372 4766 1097 7509 21932 7509 1114 20 
21 9193 18533 21596 22463 5995 10282 15138 9542 17872 19140 8956 28 6103 11462 20 4796 9193 15658 21596 4 12780 4766 31 7509 4122 14539 20 21 
27 20 20 20 20 22652 14604 28 20 20 20 
1027 31 3790 6981 3439 20 20 20 20 20 
26 5 5 5 
21 28 4 28 4 28 7730 6329 22938 7914 10628 20 7957 9901 2727 22765 0 0 0 27 20 21 
19335 7730 19335 22898 5 5 5 
21 2371 4 4796 20402 7188 5 5 5 21 
4380 20 20 20 24 20 
22463 17556 6103 2304 20 
21 15460 7850 10793 
2371 4 28 5 5 5 18498 7509 11518 20 27 20 21 
21 28 4 9193 6256 23135 14335 6075 6103 17737 20 21 
21 21810 4 28 28 20 201 6103 352 20 27 20 13055 18498 9193 15658 22564 14125 20 6472 28 13985 4 28 28 4 28 28 5 5 5 20149 2727 18498 15658 21596 4796 8956 2371 9901 9786 20 6 21 
14604 13520 5 5 5 
22463 17556 6103 7576 5 5 5 19592 6103 16200 20 
21 28 7730 28 20 15708 4 14604 13520 20 1027 23135 20 21 
4766 15678 15814 6103 28 7730 28 3996 20 15138 15708 20 
20293 20 
1453 5 5 5 
21 13688 4 13688 4 13688 20 20 20 21 
21 20402 15671 4 28 28 20 27 20 21 
21282 1920 17872 8930 5 5 5 13055 18498 15658 21596 13199 20 27 20 
21 14604 18533 1097 5 5 5 662 20582 17438 21793 31 14469 4 13481 4 21883 4 20577 6103 10462 7730 6026 28 8458 31 9193 7850 7127 6103 15908 5 5 5 662 17438 21596 7340 22463 14764 16404 6679 21389 4672 3058 16404 9193 5 5 5 23135 9743 31 9193 22942 14425 7730 13909 20932 5 5 5 2702 31 21793 20 21 
4788 4766 15678 1114 20 
21 28 4 28 4 28 4 28 4 28 4 28 4 28 7730 28 6 8995 21582 4793 31 20931 3872 14469 6103 1247 4 9193 14716 28 15658 8995 4680 20 21282 18533 662 16673 3870 7730 7491 18498 23135 4 13025 4766 14604 6329 1097 18498 19418 22463 21551 16404 14335 16318 20 23135 9743 14604 7127 15138 13909 8810 20 21 
3058 15533 20 7730 18498 9193 20247 20402 4290 6103 8838 7730 23091 20 
9971 6103 20247 4766 26 20 
22487 10141 6103 11462 9790 16673 28 28 20 
21 20402 2727 23016 4 656 20 21 
21 28 4 28 4 28 4 28 5 5 5 17872 23135 20 21 
1027 20 
21 28 4 28 4 28 4 28 5 5 5 18498 6324 4 15658 20402 0 27 20 21 
28 28 28 20 23032 20 20 20 20 19698 11020 7509 21063 20 20 20 20420 22463 14469 20963 0 27 20 
16007 7509 4841 28 28 28 20 3058 7127 20 9324 20474 9789 31 21793 15671 20 
27 20 
8956 20402 9193 5 5 5 
3058 7127 20 
16673 1114 20 12780 15963 16673 20127 6318 20 13909 22463 15658 6075 20 20 20 
21 15658 22463 4 23206 20 21 
16816 20 12780 23104 31 22942 20 
21 1027 15138 23135 4 14604 28 5 5 5 11462 15138 13909 18498 15908 7 1022 4 15138 13909 18498 11462 20 21 
18498 9193 17511 5 5 5 
9808 7127 1393 18533 7730 22823 1097 20 
21613 1249 5217 7850 8147 7509 1097 7509 3906 1341 20 
21 22318 22805 8561 4 12861 15658 20402 16605 4 9335 18476 9743 16083 16971 20041 5 5 5 7730 15658 430 15424 14335 17908 7914 16083 21724 4 16083 19703 5 5 5 9193 8995 1614 15678 21551 21793 4 21282 23135 15658 22805 5 5 5 21282 17438 11462 15658 18533 13909 22318 22805 4 21282 17438 11462 15658 12780 21810 9193 7603 6103 23135 5 3697 6103 4346 9835 18498 15658 20149 9769 4 15658 20149 5929 5 5 5 7730 8956 175 22463 11518 12780 16468 5 5 5 21 
31 20207 16780 12812 7509 20247 5 5 5 6 
3058 7127 20 
3058 7127 20 2288 20293 20 
27 20 
23 20 
26 20 
4369 26 
12780 28 20 
16753 20 
11036 
18498 7722 7509 28 28 20 6 22 
19969 15678 6103 11514 20 
21 15678 28 264 20 16784 17872 28 5 5 5 9193 7850 8503 7509 5505 4 15678 17218 20402 21 21 21282 21 21 29 17872 7847 5 5 5 15658 29 20 21 
21 27 20 3621 15658 4913 28 
12780 19698 4 10765 20 21 
21 8995 9542 4 9193 21596 18498 4854 20 21 
28 20 18498 18498 12861 0 0 0 
23 20 
14604 28 20 22318 1027 20 
21596 873 20402 8765 7850 11518 7509 12960 5 5 5 26 6056 20 
18533 21282 22805 31 18306 18498 1612 12959 9942 7509 18339 12780 21596 20 28 10349 22463 23211 20 18498 11529 20 
21 7188 6256 31 18655 20155 4 17495 20402 15392 20 21 
3058 7127 20 
3058 7127 20 5521 20 6 16404 
1114 4913 22463 17006 7509 15920 5 5 5 
23570 8147 6103 3919 1341 20 
13909 22463 8147 6103 3919 1341 20 
26 22 15658 14267 20 8766 3086 23 8766 28 28 7509 20247 
7594 9074 5 5 5 
3348 15678 17812 28 28 20 20402 2727 23016 20 
3058 15533 5 5 5 
3794 20 29 20209 6103 12960 20 10916 20 8974 22507 20 
9594 18498 12780 14335 753 31 9743 15678 12901 5 5 5 9193 20336 7850 4945 7730 8995 17908 16630 16404 15678 15920 5 5 5 9743 15678 18498 0 16179 15658 20149 7319 20 9193 21371 20402 1409 16673 28 5 5 5 
23104 7730 1540 20 26 14069 20 8766 3086 23 15187 26 
23 17461 20 20 20 20 28 6075 22463 13253 6103 29 31 29 7850 28 20 20 20 20 2725 12960 20 
21 28 4 18498 23167 6103 8995 4766 23135 654 5 5 5 21 
21 17737 6103 7127 7509 15311 20 22318 1027 4 14604 1248 20 23135 13909 18498 14335 4886 4 23135 20402 16440 6103 9193 20 21 
15619 17233 20 
21 5405 31 9009 7509 1249 4 22463 22487 17815 22805 20 8766 3086 23 15187 26 21 
27 20 
3058 7127 20 20 20 20 
9193 21596 12861 20 20 20 20 15787 20 23 20 
14604 18055 20402 7850 22548 20 9193 5947 10523 20 
20402 18498 8995 10405 13761 20402 16066 18527 1614 6389 0 22954 7509 12899 21793 14915 20 
27 20 16816 20 31 12787 28 264 13909 22463 22897 20 
1027 20 20 
2727 23016 20 3058 7127 20 
23 20 20 20 21810 22463 4378 9193 6383 20 
6324 20 16816 20 
3058 7127 20 6256 31 3832 16404 22305 20 
3488 5728 20 15187 26 8766 3086 23 
27 20 
15678 18606 0 0 0 0 0 0 0 0 0 13055 8995 16468 13923 20 
15286 20 
21 20539 4 28 20 20293 20 6 22 21 
20402 2727 12861 20 
23 20 20749 8406 16673 12899 6103 3962 5 5 5 18498 6324 20 
27 20 
18498 23167 20 20 20 20 
22996 4581 7509 28 20 13512 20 9790 16673 28 28 20 
27 20 
28 20 15855 15678 18498 9193 288 20 20126 5 5 5 
27 20 28 20 18498 18339 9620 6103 19922 20 
3058 7127 20 
3058 7127 20 
23032 20 8995 1806 20 

