7127 6103 9743 13040 31 15585 18498 10648 20 20 20 14577 10122 11036 15127 20402 15392 8637 12780 18498 12780 22463 10273 17438 7127 29 29 29 
21 16098 8956 10343 11462 7850 11518 18498 21438 18494 6820 7509 9193 14577 20 20 20 7730 15678 13909 2389 4 20402 31 23180 12610 20 20 20 10122 14577 12780 18498 12780 22463 10273 17438 7127 29 29 29 21 
31 20855 7509 7127 4854 20 27 15989 7297 22463 10273 17438 7127 29 29 29 
15658 5219 19440 20 20 20 28 6348 9833 4380 3058 10405 6106 7509 4614 22463 10273 17438 7127 29 29 29 
21 7576 23213 6103 9833 4 4766 4380 7730 10405 5 5 5 7127 16816 16404 17667 7730 3610 20 20 27 12780 18498 12780 7914 10366 22463 10273 17438 7127 29 29 29 21 
9867 6103 6917 7509 30 20 20 20 9324 22915 1573 22318 1027 18491 3855 2136 13640 22463 10273 17438 7127 29 29 29 
11590 7509 7127 20 20 27 15658 14606 4766 18525 8995 18559 9193 2322 6408 18498 16468 31 10765 19698 22463 10273 17438 7127 29 29 29 
21 31 22942 20402 9790 6103 8637 4 7730 8995 7914 3348 6103 9743 31 14426 17438 9193 20 20 10122 11036 12780 18498 12780 22463 10273 17438 7127 29 29 29 21 
6103 23151 7850 17171 20 20 20 23 10122 12780 18498 12780 22463 10273 17438 7127 29 29 29 
21 22805 8956 14469 11284 22463 1249 4 7730 7850 23523 4809 22463 15127 20244 21596 22463 19859 4 7730 201 6462 5 15678 18498 15128 6103 22463 1249 17872 5980 0 11568 5 5 5 654 19900 18498 17511 9743 12861 4 7730 3450 7127 13909 12780 1540 31 22129 31 19804 16404 2046 15678 14604 15699 20 20 20 20 20 15658 20402 10544 20 6075 14378 20 20 20 7730 22657 15138 31 16689 20 20 20 12780 18498 12780 8241 7914 10366 11036 22463 10273 17438 7127 29 29 29 21 
9193 5 5 5 21596 29 1249 15458 15266 20 20 20 21450 656 23016 20460 22463 10273 17438 7127 29 29 29 
7286 1393 13131 6281 19283 3058 19699 7730 3058 15286 20 20 20 27 5129 15218 19699 26 28 30 15678 21551 16468 15678 21551 23123 22463 10273 17438 7127 29 29 29 
21 15533 6103 19699 4 11454 5 5 5 3058 6329 20 20 5311 19154 15127 12780 20402 6329 22463 10273 17438 7127 29 29 29 21 
11518 6103 155 14604 17737 20 20 20 740 7509 21551 15127 14577 9769 9193 20402 3735 22463 10273 17438 7127 29 29 29 
12780 13761 5 5 5 30 10122 10021 13530 22463 10273 17438 7127 29 29 29 
19525 2727 15678 7127 20 20 22463 10273 17438 7127 29 29 29 
31 22898 20402 17629 16784 22463 17556 7509 5426 16404 23104 20 20 20 20402 22463 11020 21412 7730 21596 7850 22942 16971 18498 14335 753 13302 15708 31 9743 12861 20402 740 14425 20 20 27 11036 12787 6103 5528 19699 15092 15585 29 22463 10273 17438 7127 29 29 29 
4633 8329 8840 31 2154 4809 20 20 3790 6103 20828 22115 2963 4614 20828 16468 3058 11590 23151 22463 10273 17438 7127 29 29 29 
17872 9769 8956 7576 4766 4276 6103 16067 20 20 1027 23135 22463 10273 17438 7127 29 29 29 
7730 12780 18498 12780 20 20 20 17918 19695 22463 10273 17438 7127 29 29 29 
21 7730 1920 21623 8956 7127 14336 19900 13761 4 8386 0 20 13359 17872 7409 22463 10273 17438 7127 29 29 29 21 
6408 6103 13909 6103 22463 1249 8344 7730 15138 7730 15138 1249 6103 23559 5 5 5 14335 19283 31 13347 6103 5322 20 20 21282 8840 14336 9074 15127 22463 10273 17438 7127 29 29 29 
21 15726 1393 19030 4 5099 18498 8995 7995 7914 22805 4796 871 15253 23029 22463 13424 16404 6202 7730 5876 7509 20463 9942 20 20 21267 14539 4 14539 18476 15678 9942 15658 22805 22463 19969 4 288 18498 8995 22327 16784 4 31 15253 8995 13761 9594 21 21 12780 20 20 21 21 4 21 21 9193 19900 18498 23135 5219 20 20 21 21 4 21 21 9193 22318 753 20 21 21 5 
15708 28 17438 21596 22463 15253 1920 21371 20 21 
21 21 21 16721 9193 19522 20402 22463 7509 14409 13909 7819 7359 16404 21858 20463 6684 7914 18774 5 21 21 28 28 22463 10273 17438 7127 29 29 29 21 
21 13324 6103 18525 9193 20402 4 7730 15894 18533 4289 4 20293 4766 15138 11036 16673 13759 7850 14604 3610 7730 16673 5204 13055 794 4766 15138 6189 20 20 11036 17068 2485 5528 3099 20520 11861 22463 10273 17438 7127 29 29 29 21 
740 6075 21551 20 20 20 20 
11518 6103 9743 31 13606 20 20 7914 4434 7509 11518 26 22463 10273 17438 7127 29 29 29 
27 9707 18328 12578 22463 10273 17438 7127 29 29 29 
6564 22463 10273 17438 7127 29 29 29 
9193 9193 9193 5 5 5 20149 5590 15678 2818 16647 20149 9901 15678 2818 4796 4796 20402 9808 22463 10273 17438 7127 29 29 29 
16566 16404 21810 22463 3488 7730 2124 31 13566 6103 21412 16692 18779 20 20 28 26 22463 10273 17438 7127 29 29 29 
20402 12861 2371 5 5 5 7914 10366 8241 22463 10273 17438 7127 29 29 29 
21282 21596 18498 662 16673 7127 6103 11462 20 20 20 11036 22463 10273 17438 7127 29 29 29 
21 7730 11462 20402 15678 7127 6281 4 18498 20402 22463 15144 21129 20 20 22463 15253 4 1095 4 12787 4 21739 4 2336 4 9942 4 8897 4 17931 4 5696 4 15242 4 5221 4 15258 4 1845 5 5 5 7730 21389 16083 4672 18498 15424 3391 1614 20 20 
15253 4 18498 8956 1249 18498 20149 12345 7850 20931 22942 20402 14149 20 20 18498 28 5360 11710 15678 20463 3611 4 7730 18498 15424 15678 6014 20402 15678 13494 16404 15678 20463 20826 20 20 20 
9193 1027 15138 23135 20 20 20 16323 15253 29 8995 15604 3224 17458 22318 1027 29 22463 10273 17438 7127 29 29 21 
21 20402 22385 11686 7730 22385 7176 18736 7509 20463 3388 3156 20 20 27 
15708 17438 20293 9193 6075 7730 8361 15678 20463 14425 20 20 20 9808 7127 7509 16169 20853 8889 20402 6103 9634 22463 10273 17438 7127 29 29 29 21 
7127 8810 4766 15138 20749 7730 9078 16673 10366 20 20 1027 7286 28 14613 13055 8995 4289 9620 17556 19699 3058 6329 15253 13512 18533 13909 28 1920 22463 10273 17438 7127 29 29 29 
21 17908 31 10273 7509 7127 4 15678 14924 6103 6987 5 5 5 15855 31 10095 4 17769 2031 7914 23206 20644 18498 15678 15770 1393 19030 4 8443 14335 6075 5320 18498 15678 21 21 14924 21 21 20402 9193 15678 7127 21793 20 20 10122 8832 14587 22463 10273 17438 7127 29 29 29 21 
23104 8918 12861 5 5 5 18328 22821 
22463 10273 17438 7127 29 29 29 
16721 7850 835 7509 16971 18476 6592 18498 21596 31 15286 7509 20420 28 7850 28 20 20 26 26 28 3702 13026 22463 10273 17438 7127 29 29 29 
21 6011 5 5 5 23135 20402 2389 4 9193 20402 19921 20 20 20 16722 18533 20402 22463 19728 22463 10273 17438 7127 29 29 29 21 
21450 17667 20 20 20 8241 7914 10366 22463 10273 17438 7127 29 29 29 
21 20402 1937 20244 8840 15299 4 7730 201 14335 21187 20 20 11474 10223 26 10959 22463 10273 17438 7127 29 29 29 21 
17438 2371 5 5 5 1190 7730 15726 22463 10273 17438 7127 29 29 29 
20673 6103 11462 21438 3058 20 20 3031 6103 4130 28 3058 10548 28 22215 12042 22463 10273 17438 7127 29 29 29 
21 21 21 31 9801 20149 9743 4 15658 20149 288 5 21 21 7914 10366 8241 22463 10273 17438 7127 29 29 29 21 
21 10826 20558 4 18498 31 22898 16468 6927 4 9193 11462 14335 6256 15138 9808 20 20 20 15708 20 20 20 9808 11036 22463 10273 17438 7127 29 29 29 21 
3697 16066 9103 0 0 0 
21582 16083 22897 7914 10366 8241 11036 12780 18498 12780 22463 10273 17438 7127 29 29 29 
21 21 21 15658 16721 18498 31 3393 708 20149 23135 16367 5 5 5 21 21 21582 16083 22897 21787 28 7286 7730 3702 22463 10273 17438 7127 29 29 29 21 
14425 11518 6103 1190 7850 20495 20 20 27 13652 9769 7766 10657 7127 9808 22463 10273 17438 7127 29 29 29 
918 3766 11462 20 20 15708 15253 20 20 20 13209 14335 20357 15678 28 15138 3058 22463 10273 17438 7127 29 29 29 
18498 15533 10962 20 20 1393 13131 7509 16971 18498 1027 15138 20 20 20 28 13512 13055 8995 18494 7850 9574 558 13520 1027 15138 22463 10273 17438 7127 29 29 29 
21 21 21 15299 20402 17438 228 7730 15424 17629 21596 18736 5 5 5 21 21 12780 18498 12780 22463 10273 17438 7127 29 29 29 21 
21 4766 15678 10405 18498 8995 4 15678 12939 20402 21752 10273 17872 19698 7730 8930 20 20 20 19699 918 10731 1190 7730 15726 22463 10273 17438 7127 29 29 29 21 
1652 7850 13142 20 20 1190 7730 15726 4417 6103 28 22463 10273 17438 7127 29 29 29 
20293 288 18498 15678 1097 20402 4796 22463 9634 18498 12780 8637 7730 10211 1393 13669 7509 22942 20 20 7730 17438 23135 22657 31 16689 6443 20 20 9193 1027 15138 23135 20 20 20 11036 1103 1027 15138 7127 7509 1095 26 28 22463 10273 17438 7127 29 29 29 
6103 23151 7850 21551 5 5 5 26 29 7577 6103 9956 22463 10273 17438 7127 29 13055 20149 20402 29 29 29 
17438 2371 5 5 5 22463 10273 17438 7127 29 29 29 
15658 21596 4796 15398 22463 14886 17872 8956 17446 20 20 20 19703 17560 17446 28 6103 18506 12780 18498 12780 29 29 29 
7730 11462 20402 15678 7127 7509 13502 20 20 20 6361 9193 13501 22463 10273 17438 7127 29 29 29 
18799 31 9743 31 8637 5 5 5 9193 20402 3735 12780 18498 12780 22463 10273 17438 7127 29 29 29 
7730 2116 7509 15653 15678 20749 5360 3219 20 13759 1034 7728 15127 7286 17438 2371 16721 3702 12780 18498 12780 29 29 29 
9707 
21 21 21 26 26 26 11617 7509 0 11617 26 26 20 21 21 12780 18498 12780 22463 10273 17438 7127 29 29 29 21 
22463 7127 15138 3058 1393 13131 6281 20 20 11036 19699 20019 1114 12277 22463 10273 17438 7127 29 29 29 
7127 6103 1937 9956 6106 7509 4624 5 5 5 15678 1114 15658 21752 10548 10405 9956 6564 22463 10273 17438 7127 29 29 29 
18736 23274 5528 5 5 5 22463 10273 17438 7127 29 29 29 
31 10765 21932 7730 20149 7451 7850 9833 20 20 20 13098 19699 10323 12865 8794 22463 10273 17438 7127 29 29 29 
21 14466 21 21 7730 20149 5 5 5 21 21 4 7730 13909 21 21 12780 18498 12780 20 21 21 20 20 20 
9193 20402 3735 11036 12780 18498 12780 22463 10273 17438 7127 29 29 29 21 
31 4790 18498 9620 20 20 20 9634 1027 15138 13055 23029 21942 740 20670 15678 29 22463 10273 17438 7127 29 29 29 
21189 13640 6103 14049 20 20 20 3031 17872 4788 15678 1247 7850 21932 20 20 20 21189 740 20670 15678 29 3031 22295 3058 6329 11036 8525 28 26 22463 10273 17438 7127 29 29 29 
7576 4766 7277 31 4443 5 5 5 14604 16468 14335 5041 29 29 22463 10273 17438 7127 29 29 
21 7730 11462 20402 15678 7127 6318 7491 21 21 20539 20 20 20 21 21 5 28 9801 22463 10273 17438 7127 29 29 29 21 
23 5 5 5 27 4790 8995 13030 29 1097 9634 1027 15138 28 22463 10273 17438 7127 29 29 29 
7730 15678 918 6103 11462 20402 4766 7847 20 20 20 20 15253 22318 1027 8995 13030 29 
11462 9193 14514 5 5 5 26 21683 3058 6329 21450 29 17304 23016 29 22463 10273 17438 7127 29 29 29 
21 29 15266 7509 17960 22463 10273 17438 7127 
18482 4672 13055 16468 5 5 5 28 3058 7730 19854 4 641 16066 21988 5 5 5 4290 6103 1542 7730 21189 20 20 20 
654 20402 11518 6103 20202 7914 10366 4 29 15266 15619 16673 10366 703 16404 20402 23104 4 7730 19900 4766 4181 18498 8995 17989 16404 3450 7127 18498 23016 20 20 
11036 12780 18498 12780 15678 21551 16468 15678 21551 23123 17558 28 29 22463 10273 17438 7127 29 29 29 21 
21 7850 14336 7509 3610 11284 22463 17021 4 11284 22463 17021 7850 14336 7509 3610 5 5 5 20497 15138 3058 21787 15138 20495 7849 16367 16404 1937 22463 10273 17438 7127 29 29 21 
28 5 5 5 20149 14604 10520 9594 20 27 10520 13909 13278 6103 21793 28 29 22463 10273 17438 7127 29 29 29 
21 7127 18498 21187 4 14539 4766 15678 17233 20402 943 5 5 5 12780 18498 12780 22463 10273 17438 7127 29 29 29 21 
14539 4766 31 5590 6075 21551 6103 5097 15678 26 7850 4443 20 26 2501 7914 3348 7509 4284 22463 10273 17438 7127 29 29 29 
26 26 20 20 4788 28 12780 3962 19699 20840 17068 28 11454 26 29 22463 10273 17438 7127 29 29 
21 7730 15576 8155 20293 19283 19699 4 11454 4 7730 4524 5 5 5 15138 10273 20 20 27 1027 15138 28 13512 22463 10273 17438 7127 29 29 29 21 
27 13948 5 5 5 
866 6103 4751 7850 21409 15628 20 2515 28 20402 28 22463 10273 17438 7127 29 29 29 
6592 15678 18498 7847 21389 15855 5 5 5 27 14550 6103 15704 23048 17998 28 19699 11518 7509 918 22463 10273 17438 7127 29 29 29 
9971 6103 21409 8810 5 5 5 9193 1027 15138 8956 7558 16752 20 20 20 28 13512 28 13512 20853 20584 1027 15138 22463 10273 17438 7127 29 29 29 
15138 3058 20 20 20 27 
15678 18498 15658 9743 16673 9634 0 20 17111 11124 5454 19699 22463 10273 17438 7127 29 29 29 
21 15658 11862 15678 20352 4 6670 18498 31 835 6075 22463 10267 20 20 20 4443 7448 835 22225 14378 18655 15538 15138 3058 22463 10273 17438 7127 29 29 29 21 
21 7730 17872 8120 31 20247 4 18498 18876 15599 3058 7509 16971 18498 1027 4 21282 21596 18498 662 20 20 20 15708 4 15708 4 15138 15708 20 20 20 9808 11036 22463 10273 17438 7127 29 29 29 21 
21 28 12780 1937 4 15658 20402 0 20 0 27 21 
12901 17872 4730 31 5459 7914 7127 20 20 20 2136 18498 8235 3058 15604 15127 21026 6103 22611 21282 18498 15658 19699 22463 10273 17438 7127 29 29 29 
7730 7850 14336 7509 22307 5 5 5 15128 15678 10122 22463 10273 17438 7127 29 29 29 
19969 7509 19814 20 20 20 6 9193 14514 472 4443 4766 17111 6256 19761 22463 10273 17438 7127 29 29 29 
5360 4766 15678 14539 16718 20 20 20 12780 18498 12780 
1612 7127 18498 21282 22463 134 18528 20402 3735 6103 210 31 12387 7509 18736 7730 7509 8003 5 5 5 134 18528 9193 18533 22463 10273 17438 7127 29 29 29 
7127 6103 21810 22463 20749 7730 16475 7850 16421 4766 7277 31 1190 7850 21631 7730 20336 7850 11011 20 20 20 27 15708 16673 4842 28 28 22463 10273 17438 7127 29 29 29 
21 17458 7847 20402 31 9193 2614 4 22463 7509 15083 17872 9193 18533 20402 20293 14425 20 20 1114 12277 15146 13512 9634 22463 10273 17438 7127 29 29 29 21 
15535 13909 13512 20 20 9867 13023 28 
20866 17872 488 8956 20474 20 20 2700 17022 12610 21438 3058 22463 10273 17438 7127 29 29 29 
22463 16566 7850 5590 5 5 5 28 13512 1027 15138 22463 10273 17438 7127 29 29 29 
8147 6103 9634 20 20 20 20 27 10095 13512 14171 19699 12787 22463 10273 17438 7127 29 29 29 
23 12780 18498 12780 22463 10273 17438 7127 29 29 29 
1190 17438 2371 5 5 5 27 17218 5763 19698 21282 22463 10273 17438 7127 29 29 29 
21 20402 22463 10138 4 9193 2371 9594 21 21 12780 19969 13761 17872 20402 20 21 21 14265 15678 28 9971 7509 11454 21 
20558 1920 5 5 5 22463 10273 17438 7127 29 29 29 
16647 9078 4766 8956 22886 5 5 5 8637 18444 20311 22463 10273 17438 7127 29 29 29 
11462 20402 7127 6103 3029 20 20 20 27 31 15144 13473 22463 10273 17438 7127 29 29 29 
7730 11462 15678 9833 201 7914 17211 20 20 20 22463 10273 17438 7127 29 29 29 
21 15458 22307 7509 9833 4 7957 16098 3702 28 4766 31 9193 15253 20 19703 22307 21787 28 28 9193 20402 22463 10273 17438 7127 29 29 29 21 
22463 16566 5 5 5 6 11036 20826 12780 18498 12780 22463 10273 17438 7127 29 29 29 
21 19551 31 13311 5 5 5 21 21 15678 20191 7509 21021 20402 20402 11570 21 21 20 28 12780 18498 12780 22463 10273 17438 7127 29 29 29 21 
21 14924 22385 21 21 9193 7730 15678 8832 21 21 20 20 20 472 8956 10273 20 20 20 15708 30 20 20 20 
11036 9193 7730 15678 8832 9971 6103 20247 8810 22463 10273 17438 7127 29 29 29 21 
22463 3227 31 15127 7730 23151 1393 22203 7850 29 7127 7509 1249 20 20 20 20 20 23 20 20 20 1095 12787 4841 12780 18498 12780 22463 10273 17438 7127 29 29 29 
7127 6103 4788 20 20 20 22463 3227 1393 8155 7730 15127 7509 22942 20 20 20 15604 9692 9193 16098 22463 10273 17438 7127 29 29 29 
7914 3348 5 5 5 22463 10273 17438 7127 29 29 29 
2136 18498 8235 22463 10273 5354 20 20 27 28 1027 15138 22463 10273 17438 7127 29 29 29 
20402 17438 23135 20 20 20 22463 10273 17438 7127 29 29 29 
1393 15451 6103 17244 5 5 5 9808 7127 7509 21777 20 20 15995 15444 9808 7127 7509 21777 22463 10273 17438 7127 29 29 29 
21 31 22942 20402 11686 31 22463 8590 19760 6 15658 20149 7102 5590 16066 1190 7850 20357 5431 1393 10109 7509 8590 19760 7 15643 20336 9193 6240 7509 8590 19760 7 
4846 7557 26 8241 7914 10366 11036 15604 9692 9193 20402 3735 12780 18498 12780 29 22463 10273 17438 7127 29 29 21 
14469 13909 8840 7730 13909 21936 20 20 20 14333 28 21450 21446 12760 14336 7730 9971 11036 1543 15604 9692 15604 15941 12780 18498 12780 22463 10273 17438 7127 29 29 29 
13359 8956 10343 15908 7730 9743 21389 20357 5 5 5 11036 1543 20402 23135 14539 12780 20402 1920 18476 5741 29 22463 10273 17438 7127 29 29 
7286 16098 3058 15286 5 5 5 1027 20 20 20 26 11036 26 7957 17918 12780 18498 12780 22463 10273 17438 7127 29 29 29 
15138 19699 2116 7509 5995 17872 5219 22463 20853 6981 16752 13512 20 20 20 28 13512 20851 30 22463 10273 17438 7127 29 29 29 
9324 16836 5 5 5 
16816 8956 11729 16404 11462 20 20 20 951 16304 11036 12780 18498 12780 15678 13591 7509 2727 22463 10273 17438 7127 29 29 29 
21 16404 871 5 5 5 22327 201 7914 17211 4 9193 15458 3962 5 5 5 22327 4809 7914 17211 20 20 11036 9808 12780 18498 12780 26 22463 10273 17438 7127 29 29 29 21 
17872 4809 31 20247 4766 15678 18376 7277 20 20 20 23222 9324 20 20 20 
15708 17438 22327 15253 20 20 20 23135 20402 31 14425 15253 7509 15190 20 20 20 22318 1027 
22463 4443 17872 201 8956 9971 6103 20247 20 20 9193 14514 22463 10273 17438 7127 29 29 29 
21282 19699 17872 21752 8956 20238 20 11474 6103 9847 19699 8155 7509 22942 29 18533 15678 3759 28 17812 13512 22463 10273 17438 7127 29 29 29 
17737 7509 28 13909 10138 20 20 4687 26 28 1027 15138 29 22463 10273 17438 7127 29 29 
7730 11462 20402 7127 6103 4730 15678 23575 21935 7509 14333 7914 7127 20 20 10122 8995 201 8678 7850 3467 14561 7509 13566 12780 18498 12780 22463 10273 17438 7127 29 29 29 
21 3467 15604 4 18352 7914 3166 5 5 5 654 17629 4809 31 8678 15423 20 20 20402 3735 15127 11518 20149 636 16722 11036 22463 10273 17438 7127 29 29 29 21 
18498 20126 6981 7127 20 20 20 18779 20825 9808 
20749 7730 4380 5 5 5 1652 14174 17090 22463 10273 17438 7127 29 29 29 
9324 4842 20 20 20 27 28 22463 10273 17438 7127 29 29 29 
7127 7509 15253 17872 13761 6103 8810 4766 7847 20 20 20 1027 15138 9808 7127 7509 15253 22463 10273 17438 7127 29 29 29 
15678 7589 6981 10520 20402 15138 5875 20 20 20 18525 19900 22463 7127 9743 12861 0 20 27 12780 20402 1920 18476 5741 20244 17478 2647 22463 10273 17438 7127 29 29 29 
21 15855 15678 15669 6103 1103 5 5 5 2125 7509 23575 3784 7509 15609 22805 28 8329 8995 7850 2154 20 20 
15708 1239 951 1971 23575 3784 22463 10273 17438 7127 29 29 29 21 
28 6075 22463 15855 20 6 
31 13909 18328 22821 20 20 20 
23050 7509 7127 7850 6398 20 20 20402 22463 20577 0 0 0 3099 4081 6103 3099 15127 7914 10366 8241 12780 18498 12780 29 22463 10273 17438 7127 29 29 
7730 7850 14336 7509 22307 31 26 14335 21187 20 20 20 28 26 26 22463 10273 17438 7127 29 29 29 
15604 13311 5 5 5 8522 22463 10273 17438 7127 29 29 29 
23 28 20 20 20 21596 18498 1937 17872 5121 18498 7847 15036 14539 20 20 28 26 4346 22318 15790 28 22463 10273 17438 7127 29 29 29 
7576 5 5 5 7127 6103 1815 7730 9785 20 20 27 20402 7509 5371 9673 22463 10273 17438 7127 29 29 29 
16474 17642 20 20 20 13591 5896 31 11518 16468 23123 472 22463 10273 17438 7127 29 29 29 
21 21 21 20539 20 17458 0 0 21 21 28 10138 6329 26 21 
9833 4766 7277 31 17111 7730 14142 6103 20420 20 20 9620 15678 11124 2087 4766 31 21266 6564 26 26 28 22463 10273 17438 7127 29 29 29 
7730 1393 155 15678 13591 5 5 5 14469 7509 7127 15678 13591 7509 2727 22463 10273 17438 7127 29 29 29 
11462 15678 7127 20402 1920 5 5 5 11089 1190 6560 21810 10731 19969 20244 2963 10343 6103 15253 14905 18498 15424 28 14905 22463 10273 17438 7127 29 29 29 
17872 1233 31 15533 6103 2060 20 20 27 17211 12345 15678 21935 17918 10940 
7730 12780 18498 12780 5 5 5 17918 22463 10273 17438 7127 29 29 29 
22463 20853 15458 15533 6103 20207 20 20 27 22463 10273 17438 7127 29 29 29 
9193 7730 7847 5 5 5 7847 7730 9193 5 5 5 15253 13512 1027 15138 22463 10273 17438 7127 29 29 29 
7730 7850 14336 6103 22463 7127 14336 16367 7847 21179 17872 827 22327 20 20 19703 28 13512 18476 9193 5741 18482 8208 22463 10273 17438 7127 29 29 29 
3058 6329 19969 7509 19814 7730 8147 16971 22385 18533 20 20 20 30 28 29 22463 10273 17438 7127 29 29 29 
19592 1233 7509 21446 20 20 8995 201 14333 28 22463 10273 17438 7127 29 29 29 
10273 7509 14604 5483 15818 20 20 20 23 20 20 20 15708 16673 5483 20 20 20 13858 28 28 8995 4289 9620 29 22463 10273 17438 7127 29 29 29 
7127 6103 4730 31 4672 7914 15970 20 20 13566 6103 21412 15970 7850 3962 12780 18498 12780 22463 10273 17438 7127 29 29 29 
20931 3790 28 28 20 20 27 
21 19699 4 26 4 28 5 5 5 14924 28 20 20 1027 15138 28 13512 22463 10273 17438 7127 29 29 29 21 
7127 6103 21468 4766 31 14426 4842 20 20 20 20 6 22657 8095 15823 28 23151 31 20402 5758 22463 10273 17438 7127 29 29 29 
16175 7509 4417 20 15688 20402 28 22463 10273 17438 7127 29 29 29 
21 21 21 8995 12780 6103 23151 17872 3962 5 5 5 21 21 12780 18498 12780 15253 21776 12780 26 20402 28 22463 10273 17438 7127 29 29 29 21 
15855 15678 20853 7509 5758 20 20 20 9193 23151 26 30 1027 9010 13727 22463 10273 17438 7127 29 29 29 
22463 23147 7850 28 26 26 22463 10273 17438 7127 29 29 29 
7730 13761 10484 5 5 5 22463 2515 20 19703 26 22463 10273 17438 7127 29 29 29 
7127 17914 4766 16200 12577 20 20 26 30 
11462 20402 7127 6103 4796 13144 20 20 26 26 5980 22463 10273 17438 7127 29 29 29 
8995 8406 7850 4554 20 20 27 28 26 5980 22463 10273 17438 7127 29 29 29 
1575 31 21409 17872 4730 31 4672 7914 7127 5 5 5 17438 2371 12780 18498 12780 20238 16155 22463 10273 17438 7127 29 29 29 
21 7730 13055 20149 16468 29 28 5 5 5 15138 2389 17304 15855 31 10273 4 7730 13325 6103 22463 14924 14155 6103 3450 7127 18498 16468 20 20 
7730 18498 23016 15678 16083 29 28 20 20 19703 
29 11036 9808 12780 18498 12780 22463 10273 17438 7127 29 29 29 21 
21 16784 31 5320 7509 22898 18498 16647 22463 10674 4766 8956 14469 4 9193 15678 18498 7172 21596 22886 11462 20402 18498 31 14469 9743 20357 20 20 20 19296 15127 12780 18498 12780 22463 10273 17438 7127 29 29 29 21 
15678 7127 4809 13512 11462 20 20 20 15138 13759 17872 21793 11462 20 20 20 15344 7509 20749 16175 13512 13909 28 1920 3502 12780 18498 12780 22463 10273 17438 7127 29 29 29 
21 11518 6103 8100 31 20644 4 238 4 17229 15678 18195 28 7730 20202 7914 10366 20 20 
21 21 8995 20293 9743 1616 18498 15658 20402 3735 4 7914 22463 21583 6103 1540 4796 9750 20 21 21 
472 8956 11729 12780 18498 12780 1542 20402 3735 4289 6103 14487 15398 31 1434 7325 31 9231 13325 7509 15286 7509 28 7730 23327 26 22463 10273 17438 7127 29 29 29 21 
21 11462 15658 21596 13909 4796 10447 4 7730 15424 4796 1751 6663 5 5 5 4908 26 15392 15678 3365 22463 10273 17438 7127 29 29 29 21 
12780 18498 12780 
15576 918 6103 28 20 20 9808 28 14924 8810 22463 10273 17438 7127 29 29 29 
23 5 5 5 12901 6103 11462 20 20 20 26 28 22463 10273 17438 7127 29 29 29 
21 1612 14924 7914 18498 23135 8995 7850 14561 6103 22463 13591 7730 15658 18533 18498 201 4 7730 12780 7914 3348 6103 16083 13591 17872 17304 7409 16066 2136 14539 20444 6103 5255 18476 15678 16083 201 20 7850 15190 7509 28 28 28 13359 16066 15658 13359 13591 7509 7127 22463 10273 17438 7127 29 29 29 21 
21 7957 22602 15678 15263 4842 4 18498 1540 7850 2154 30 4 7730 4796 15658 17511 15128 15678 22307 18125 4 12780 16098 3058 15286 5 5 5 8995 16367 8995 1190 15286 817 3702 15263 4842 22463 10273 17438 7127 29 29 29 21 
9193 18533 20 20 20 20 19703 
8147 21189 4766 31 4646 6103 28 20 20 20 28 13512 4646 1027 15138 23016 153 22463 10273 17438 7127 29 29 29 
19549 9975 17872 5013 13909 22463 9169 20 20 20 14333 28 1542 7471 6103 702 11036 22463 10273 17438 7127 29 29 29 
9743 21551 18498 15658 19310 7850 16175 5 5 5 21282 12780 7730 23016 7850 17065 2240 20 18444 3610 17872 3962 991 7509 11522 22463 10273 17438 7127 29 29 29 
11462 20402 15678 7127 6103 17918 5 5 5 10343 12780 18498 12780 22463 10273 17438 7127 29 29 29 
23 31 15533 9858 20 20 20 13909 22463 14348 17872 4711 20 20 20 26 29 31 15533 12780 9858 12780 18498 12780 22463 10273 17438 7127 29 29 29 
21 3058 5 5 5 20149 15658 8147 22463 19969 4 15678 12939 20402 12716 22463 20 20 20 27 17218 19969 7914 10366 12780 18498 12780 19699 22463 10273 17438 7127 29 29 29 21 
28 6103 11462 5 5 5 15855 16393 18498 21596 22463 15336 5 5 5 19703 28 17406 6103 22886 11733 10550 
22463 16566 16404 6638 7730 7235 15678 20924 20 20 27 21752 1393 982 264 21793 21282 18498 15658 19698 15138 26 22463 10273 17438 7127 29 29 29 
18491 7279 7509 22415 7509 21551 5 5 5 1027 23135 20 20 18491 6103 15908 3962 7509 28 20853 8889 22463 10273 17438 7127 29 29 29 
15678 12939 20402 238 20 27 
21 21 21 14604 18376 5 5 5 14604 18533 18376 5 5 5 18498 14335 708 15678 7127 12526 5 5 5 21 21 5 17819 6717 6103 18376 19698 6103 9193 19698 7509 15190 17840 11036 12780 18498 12780 22463 10273 17438 7127 29 29 29 21 
7127 6103 20238 20 20 9634 28 28 29 22463 10273 17438 7127 29 29 29 
26 5 5 5 22463 10273 17438 7127 29 29 29 
15256 7850 19800 12780 23029 21942 7850 9634 28 20 27 26 22463 10273 17438 7127 29 29 29 
15299 4796 8147 22463 1095 17438 228 20 20 15855 15678 3058 11590 20 20 20 27 26 1095 13688 22463 10273 17438 7127 29 29 29 
21282 21596 18498 662 31 28 17438 21596 7850 9193 22942 16971 18498 20149 11862 7730 14335 1500 7850 11518 18498 15424 9193 368 18498 20402 3735 20 20 20 15708 11036 3080 16215 28 12780 18498 12780 22463 10273 17438 7127 29 29 29 
10959 21389 18498 22657 4796 10273 7509 7127 20 20 20 11036 20402 31 15127 12780 18498 12780 22463 10273 17438 7127 29 29 29 
7730 2371 0 0 18525 20402 31 16971 2116 7509 5995 0 0 16722 22463 10273 17438 7127 29 29 29 
20207 4766 4380 5 5 5 22307 10657 20 28 22463 10273 17438 7127 29 29 29 
7127 7509 17667 5 5 5 22463 10273 17438 7127 29 29 29 
22463 23104 1393 228 7509 22942 20 20 5459 7914 7127 19699 17812 13512 1027 15138 22463 10273 17438 7127 29 29 29 
22463 16192 6 20474 22463 10273 17438 7127 29 29 29 
12780 28 28 0 0 0 27 
13606 7509 20247 20 20 20 23104 1800 12780 18498 12780 
21 10273 7509 28 9978 18498 22805 7850 7127 29 29 4 15894 15678 1845 740 8995 17098 5 5 5 9901 17989 871 28 6408 4 9193 21282 14335 13325 6103 21752 31 10273 11462 20 28 7850 28 28 20879 21 
20794 16404 16308 7850 22307 20 20 3943 4766 15678 15677 7509 21500 20 20 20 15138 5763 7914 22463 21409 6103 22307 12545 20 20 15138 19699 1095 13688 5528 4766 3321 22463 10273 17438 7127 29 29 29 
21 11462 20402 15678 7127 6281 5 5 5 7509 21768 28 20 20 20 23135 20402 22463 16971 8810 7730 15138 11710 20 20 20 20293 4766 22463 20853 4 22463 10826 6103 3870 7730 22463 18346 6103 15978 18476 20402 15392 20 20 
15708 17438 22327 4 6670 9193 5459 2136 31 11635 1393 20497 6103 26 7730 28 20 20 23135 20402 11156 20 20 27 
9808 1247 20 20 22327 6103 13909 14149 17872 23135 4 17458 23135 14514 20 20 20 9193 1027 15138 23135 20 20 20 18498 28 20293 22318 11710 20293 20 20 
22463 2700 7509 20931 28 28 17642 20 
16323 28 22463 10273 17438 7127 29 29 29 21 
7730 8956 7127 13669 201 7914 14807 20 20 20 14809 22463 10273 17438 7127 29 29 29 
7730 15678 22385 8840 7730 20825 3031 6103 15671 20 20 15678 14425 3031 6103 15671 28 22463 10273 17438 7127 29 29 29 
14401 28 9193 20402 12780 18498 12780 
23 5 5 5 7127 6103 5521 20 20 20 14401 28 9193 20402 9634 28 28 29 12780 18498 12780 22463 10273 17438 7127 29 29 29 
20402 5 5 5 9193 15253 8995 4179 20 17918 19695 12780 18498 12780 22463 10273 17438 7127 29 29 29 
4289 7914 3962 7730 22805 8956 14469 5 5 5 15658 21596 17807 20 20 20 1027 15138 23135 20 20 12787 13512 28 13512 1027 13909 18498 4331 
4443 15458 20474 5 5 5 9956 20559 349 22463 10273 17438 7127 29 29 29 
8637 5 5 5 13176 7509 7127 12780 18498 12780 22463 10273 17438 7127 29 29 29 
21 21 21 3610 18498 31 22942 22318 8147 20 21 21 7914 10366 8241 12780 18498 12780 22463 10273 17438 7127 29 29 29 21 
21 21 21 18475 4672 18498 349 4 1959 31 19478 21 21 5 
2154 19205 12616 14245 6103 23151 31 12319 21 
21 6408 6103 22463 20453 21083 17914 4 23016 17872 2154 7730 5360 9441 9010 1961 5 5 5 20402 20311 20 20 20 26 30 4385 19205 12616 11036 1542 5266 9193 20402 3735 22463 10273 17438 7127 29 29 29 21 
21 201 4 9193 9808 17438 21095 13909 22463 14577 20 20 20 9193 20402 3735 12780 18498 12780 22463 10273 17438 7127 29 29 29 21 
20402 15678 18498 21596 17872 11462 20 20 20 23016 14156 12780 18498 12780 22463 10273 17438 7127 29 29 29 
21282 15749 19522 7176 18476 636 7174 20 14333 28 21252 22463 10273 17438 7127 29 29 29 
19751 12910 11462 20 20 20 21438 3058 19699 26 9620 31 28 22463 10273 17438 7127 29 29 29 
21 6408 6103 22463 17556 13909 6103 29 1249 4 8995 9743 15603 31 19745 7509 22942 4 7730 22805 15678 18481 9193 9239 5 5 5 21596 15138 9078 16673 10366 4 9193 22805 18498 13055 8995 7850 3610 20402 20110 6329 20 20 11036 20402 31 16192 17872 19525 22327 12861 20 20 20 
15708 4 15708 4 15138 15708 20 20 20 
12780 18498 12780 9193 20402 3735 9239 26 19745 7509 22942 21 
21282 15678 10259 8386 20 20 27 16292 28 8995 6103 3990 10122 22463 10273 17438 7127 29 29 29 
7127 6103 4788 15678 1247 2087 7509 1239 20 20 16323 28 1095 13688 22463 10273 17438 7127 29 29 29 
14335 20357 1920 5 5 5 9808 16722 11043 
21 7730 4289 15678 7127 6281 5 5 5 16323 1239 20 20 20 18498 20463 7127 7730 8956 15604 1249 18498 20149 12345 7850 20931 22942 20402 14149 20 20 20 23135 14514 22327 6103 14425 20 20 15708 16673 20931 1103 4 20931 16135 7730 17438 6256 9193 22942 22463 17556 13909 13688 20 20 27 5320 4815 20293 20 20 24 16323 28 8995 22765 22463 18487 6103 21264 1095 13688 22463 10273 17438 7127 29 29 29 21 

