27 20 20 20 
21 21 21 26 26 26 26 26 26 26 21 21 21 
25 20 18498 184 20 
1575 31 15364 4766 14604 1114 5 
21 9193 10959 6103 662 11756 1393 14425 15311 7509 15190 20 24 
22318 1027 28 28 28 20 
15658 368 7850 11518 18498 23135 14335 15061 5 
15138 15708 16673 17737 6103 1247 12094 20 
17973 18498 23135 17304 21596 20931 19972 6103 20069 7730 3047 5 654 21596 8806 5 21 
21 9193 5 20149 18350 20402 22463 7509 23575 22898 18498 12960 26 5 5 5 10568 5 10568 
18494 15036 20 
2136 18281 17872 6830 15678 5255 5 23135 20402 13688 3436 5 5 5 30 21 
21 8626 4 7850 15270 5 21 
15138 13278 20 6 6103 
21 7730 2371 21282 12780 20670 15678 26 20 
27 20 20 20 21 
21 26 4 10765 5 26 20 21 
28 6 
30 26 26 29 29 29 10061 26 2947 29 
4886 15678 15669 29 7914 26 26 20 11560 6 26 5 4766 26 26 26 26 24 
7879 7509 22942 5 5 5 
27 20 30 
15658 19900 20149 15678 5943 20402 3058 5 5 5 9193 31 11644 20402 5 
21 9193 18498 6361 20 6103 6 
26 8 29 
12577 20 
26 26 
6 22615 
27 20 20 20 
21 23575 16200 7509 17280 4 15988 16673 30 4 15061 18498 28 14365 15658 20402 21282 16967 16066 1386 4585 5 6 21 
21 18525 8995 17629 6103 11540 11115 6 
9193 8995 22564 17872 22463 17960 7730 8995 10473 5 20244 17998 5 21 
21 16972 6103 20500 4 9901 13480 15510 4 17438 9721 5 20402 11861 5 21 
28 21282 15658 20402 14425 18498 15678 28 28 5 6 16404 
25 5 
27 20 
21 23032 28 20 
654 20539 4 23 4 10061 26 20 
21 15678 14425 18498 9193 22805 2136 654 5 30 
27 20 
21 20244 16192 5 
16098 20 16098 20 

27 20 21 
15230 7201 
21 31 14198 13909 2727 16162 7509 11454 5 7509 11518 8956 13749 6103 3141 5 
21282 5121 22327 5 4796 20293 5 21 
21612 
21 9193 5 2136 15678 20313 8995 9743 18211 10507 5 
15894 9193 15267 12780 16367 0 20 
15678 21307 15658 14487 4 31 15267 21939 15658 9605 31 22821 5 5 5 21 
21 18498 3086 20 12299 20 
9193 19450 15678 5755 7509 15052 6389 7509 18191 14600 15502 18533 4 15658 20402 0 21 
21 15678 15190 17629 22564 26 26 20 
19900 1612 5459 10840 18498 23135 21282 18533 22805 18476 23135 8995 8464 0 7850 26 6075 20 6 16404 
26 5 15983 21 
21 9193 5 26 26 20402 15138 3058 20 
22657 4 28 20 
23 20 15678 21386 21438 4290 20 
21 20402 3058 10407 5 
15425 21189 5 
3058 4 21355 6103 871 16440 15658 13566 5 21 
21 27 20 20 20 
21 21282 17872 19229 5 5 5 
17438 12861 18498 10061 26 20402 22463 2510 7509 11518 20 
21 20497 1393 23104 7730 6103 11066 16673 28 20 
26 22463 5097 20 7 21 
21 2371 14604 28 5 5 5 30 
21 20244 13909 5 
21 21 15678 5221 6 28 28 
23135 13749 16673 16580 7730 17908 6728 7730 16006 16083 16971 5 23135 22667 15678 2181 7730 31 3348 7509 2727 13905 5 5221 23104 20931 22942 4766 11020 7809 7730 6183 31 4060 18498 368 10011 5 21371 20402 3798 16673 20931 3726 6103 20149 5074 4766 31 8959 7509 16083 7730 31 3726 11975 16404 11649 15678 17413 10259 7730 10341 7509 16971 5 21 21 21 
21 5942 6103 16614 7509 11111 28 5 29 29 
28 28 28 4 28 28 7730 28 28 28 28 21 
20402 5 5 5 15658 8995 10544 5 15424 17872 18525 7182 5 30 

21 16971 5 21267 5 15678 1961 20402 21267 7730 8464 22327 7730 21793 5 5 5 
16673 14466 20402 3058 19900 15678 18498 20402 5 
7730 7491 18498 31 1077 22458 15138 31 8733 7509 20446 5 5 5 
10061 26 7850 19870 28 10115 29 5 29 20 30 
27 20 
21 20244 15519 7730 20244 17000 5 7730 31 9193 7766 12780 5360 20402 6103 11020 686 4 6103 4764 20442 1393 14599 5 21 
21 21752 5243 12577 20670 31 19225 7509 9194 4766 15678 19509 7509 15190 6103 22463 21684 18498 4 1427 4 15658 21596 15299 31 22805 4766 12861 5 5 5 21 
27 20 
27 20 
21 20402 15678 14539 3790 18498 9594 18887 18498 21 21 21793 1249 20402 8956 15609 21 21 18476 15678 17931 16630 2156 6103 20015 5 31 821 20402 6103 18498 31 5320 7509 10982 8995 1467 5 
9193 15678 1806 15658 20402 17872 21793 4 15658 20402 10976 0 
21 21267 14539 18498 13439 15678 2959 0 
31 15286 7730 31 2510 20402 3058 5 
21 13278 20 6103 
21 9193 12780 5320 22463 11454 11720 4 18772 5 9193 15658 11862 5 5 5 21 
21 27 20 
21 21 20149 15678 28 20402 19043 4 12780 17872 28 21 21 5 21 
21 14425 21551 9193 15658 10648 5 5 5 30 
6440 7557 7850 13072 7850 4380 6103 20247 2116 5 21 
27 20 20 20 
21 21 21 16083 11020 14811 20402 18525 20402 15678 13905 5297 6103 702 5 20207 22463 21302 15749 16673 26 16169 4 11284 22463 5297 5879 5412 17797 15678 22564 6103 29 4 29 14676 6103 13581 17438 15266 7730 16083 18498 5298 4163 6103 29 4 29 14676 6103 13581 17438 15266 5 16673 14466 29 8057 5298 13909 6103 29 14676 6103 13581 17438 15266 5 18525 20402 7847 0 15658 20149 19900 5 21 21 
7730 9193 4 23135 7730 15678 28 28 21596 18498 16162 15150 17438 5298 6103 22 702 4 7730 9901 20244 5 
4524 18498 8956 8057 21596 702 20293 7359 5 21 
21 21 21 15658 7491 18498 31 16971 15658 21596 18498 21932 4 17324 18525 15658 21932 8995 23104 1393 5960 6103 16083 18498 21932 5 15678 18498 18533 7491 20402 18498 31 22942 15658 20402 20813 16404 21932 7730 15678 18498 15678 3750 18533 20402 18498 31 22942 20402 16404 21932 4 5298 7730 21450 5 7730 15671 7102 13749 16404 18498 31 22942 20402 31 13909 9808 17521 4 17324 20402 31 23577 18498 20149 21596 5 21 21 21 
21 21 21 23016 5980 4 7730 8443 18470 20420 31 5891 7509 17751 4 16066 7847 20559 15658 21596 5891 871 0 5 5 5 9620 31 7847 21346 17382 16404 15678 7499 4766 15678 5168 7730 4766 15678 8058 4 1612 11205 6103 5459 18498 9743 6103 13729 22463 14550 7850 14307 5 9620 2284 2027 7730 17629 7850 8637 7509 17835 4679 5 21 21 
21 21 11284 22463 4893 4 20402 23556 5 31 15932 13253 12922 4 991 7509 13909 6153 16673 15267 4796 20149 31 5614 20402 15704 9347 7509 18250 4 6103 28 4 6103 13729 5 15963 4 15963 4 13253 12922 4 14473 4 4913 6103 23176 7850 5168 4 17864 16404 8339 1416 4 26 26 9170 5 9170 5 21965 4 9599 4 15678 16534 12219 7850 16587 18498 1393 22898 20149 1853 31 20402 7509 10530 4 21631 6103 29 1249 6103 30 7730 15894 31 8667 4 15821 8120 6408 6103 22310 21264 7730 14336 4 740 15658 21623 7850 18103 7509 5662 5 21 21 21 
20402 0 20 6103 6 
21 15678 17563 18498 12780 18055 7127 29 7850 16559 20402 15678 14539 17563 18498 18910 6103 14054 7850 16559 5 
30 21 
28 28 28 
21 5026 6103 22463 12446 17398 15459 12979 7277 9874 0 
18070 5 21 
17438 12861 18498 6 26 28 8 29 
9193 22765 20 15894 20402 12861 0 20 10568 5 10568 
21 22 28 28 4 7509 30 4491 7914 9883 16673 19635 26 26 4796 6211 7509 13591 14506 7850 28 4 9431 18498 15678 1995 20402 21 21 22463 2367 17416 4 15658 22463 22521 7509 11112 21 21 5 22 
9193 19698 22463 17556 5 21 
20402 14856 5 5 5 
6075 21932 13055 7850 16440 10544 5 5 5 
11181 14860 26 20402 9790 17438 9193 20 30 
21 22 21 21 15678 10982 28 8995 7914 5782 17438 7446 15083 6 31 20644 7772 4 15678 8725 7509 28 7730 16673 9707 6103 31 17753 15658 20402 22463 3058 15408 5 28 15658 20402 17380 4 7847 20402 13909 21478 7730 8241 15138 7181 16404 15409 4 565 15678 4425 17382 842 28 28 4 7509 12477 23536 4 6103 28 5 22 
31 28 8995 6103 15855 7914 15671 5 5 5 18525 13909 12780 18533 15678 19517 18498 12780 20670 0 21 
20402 3058 5 9743 2727 5 
17819 7127 7509 26 5 
21 18525 17304 5947 31 18352 4 12780 662 15138 5 
31 7481 12780 753 31 5219 28 5 
15708 5 21 
21 27 20 
28 28 28 28 28 22248 
21 26 26 20 6 29 
21282 9620 15678 10866 5 5 5 21 
21 26 20 23351 
30 21 
15855 15855 15855 15855 15855 15855 15855 15855 15855 
4796 20 
21 2937 28 2937 28 5 
16404 6103 1937 21282 10889 7730 13359 21282 22805 5 21 
25 5 
21 4369 4 15190 20 30 21 
15658 20402 21282 7914 20023 5 5 5 
21 22657 31 16689 16673 23469 20 30 
27 20 20 20 
21 28 20402 10131 20 23351 
21 15138 13278 20 
21 21438 16098 26 26 7730 13325 6103 16083 2510 18498 14604 1095 28 14335 15061 5 6 
21 9193 13055 10959 6103 29 26 26 5 17438 4060 7509 26 6103 21 21 11678 26 26 26 21 21 7509 2510 26 16468 31 5174 13909 15678 21969 7509 28 28 5 
2371 23135 22805 18498 26 15658 8995 4766 15299 5 6 16404 
21 22463 3227 20 
21 21 18498 31 10192 15643 20155 20 21 21 21 
21 25 5 5 5 2336 9901 15678 7127 21793 15510 5 7730 21596 23222 16404 3805 2371 5 6 
14069 20 30 
21 202 15678 17877 4 4697 20 
4796 15678 6996 20402 22463 4672 8302 5 5 5 21 
9132 7491 18498 5 5 5 
10061 26 19969 7850 19415 21525 20 23351 
1614 4796 22463 2501 6103 3058 13802 15416 9667 28 4766 2501 15316 
23575 2154 7509 1249 5 
18475 4672 5 5 5 6 22 
21 10061 26 4 17461 20 21 
21 20497 10131 20 
16323 16673 5204 4 3790 20 23351 
23 20402 10061 26 20 30 21 
21 27 20 
7730 17872 753 7850 21213 4 6075 17872 16098 15678 13310 20149 8744 17872 19745 15678 4092 5 21 21 23 20 23 20 30 4 30 4 30 20 21 21 21 
21 10753 20 
14335 9743 13325 6103 6086 6103 8414 6103 21935 5 30 21 
25 20 12780 20402 3058 6329 20 
21 8386 18498 5614 9387 7914 18475 13727 7730 7914 18475 21551 5 
15678 11861 20402 4776 5 21 
20293 20 20293 20 
21 11561 6 23273 5 28 5 4766 26 0 22615 29 30 26 
27 20 21 
29 29 29 
2510 10061 26 20 6103 
2510 10061 26 1022 7850 3488 28 5 
21 28 11617 26 15803 26 26 15906 26 20402 26 26 26 5 
28 29 28 28 
26 28 26 21 
21 17819 7730 23575 22897 4 6103 14881 19525 5 17973 15658 4793 7730 15424 5947 15299 19206 31 12861 7850 26 6990 9193 23499 22942 17836 1614 7914 20023 4 6408 5 9312 17438 9010 15081 16630 20931 2031 1393 9193 15936 5 288 12577 4 20402 23135 31 9721 16066 5371 5 17973 15658 13185 15256 6103 2382 16066 3588 6 
14604 23174 12780 20402 16673 9574 9987 7509 14604 12787 7 
16673 3962 18191 9987 16673 3512 18498 15266 19562 5219 18594 7 
16673 28 4 18498 17629 14426 20539 4 9193 18498 6075 31 15138 16971 31 15941 6103 5942 15678 8361 21121 5 12027 31 9193 7 
16673 15941 18498 21596 7730 21596 4 1097 7730 4697 4 6103 5742 16972 4 5897 4 206 7730 17934 6103 9130 7914 16083 16587 7 
16673 9496 7509 28 7509 21 21 14119 7509 10183 21 21 7 
16673 17950 20699 4 4796 15678 21 21 3047 9634 21 21 7730 15678 21 21 9193 3962 4 9193 22942 21 21 4 16404 4491 17556 7 
16673 8964 7772 5 20539 6 8964 5 560 4 20402 16066 15658 20402 22463 21 21 14205 21 21 16404 15678 3172 31 5782 7772 15187 0 7 
16673 6700 2447 4 18498 21282 7235 4 12027 18476 16587 6103 17819 15190 12780 1393 2505 7 
16673 5521 6103 8474 7850 28 7730 7914 28 4 18498 20738 22463 7942 7772 17438 7707 4 22463 15941 17380 7730 7767 12577 5 7730 1578 7 
16673 15258 11862 16404 21166 31 15390 7509 20634 6103 20127 6103 19143 12853 7509 15576 16587 5 7730 15658 20402 21282 5861 5 15678 17950 12025 3172 4 21371 4 991 6103 16083 15292 7 
16673 7237 7509 6853 7 
16673 11870 17380 7509 15576 16587 7850 4156 12604 4 14539 18498 5431 1393 12578 7509 17554 7 
16673 6202 7509 12578 15291 7850 19592 4648 18498 20402 31 7509 15911 7 
16673 12738 21481 18498 20402 31 4913 7509 4084 21035 4 18498 2748 15678 26 3170 7850 2317 14684 7730 4 18525 19900 4 2136 7850 4502 5 1340 20149 4913 21010 20539 4 525 22564 7730 22765 7509 28 7730 7509 9194 5 
15658 5219 13325 6103 13909 18736 5 9193 7847 9387 5 21282 15658 288 15392 16967 13909 4 991 6981 18498 9193 13325 4 16404 18069 14604 17406 5 
7730 4 1276 18498 16836 4 9193 18876 20539 7509 10982 7509 18250 16404 7491 12861 5 18876 17478 155 4 18498 1276 8995 9769 16404 15678 14604 16169 4 17438 9365 5 20149 15658 8386 4 19232 15678 17819 29 17413 21158 4 17438 9721 5 
14604 23174 12780 20402 7850 28 17438 9010 18736 17504 4 18498 5219 4 12027 4 20677 23206 17413 15403 6075 23575 1249 6103 10982 16987 5 7730 18498 4 740 13909 11861 4 20149 15061 13909 2764 18498 15678 9367 18203 18498 21596 4766 28 28 4 20434 7730 28 5 
662 20931 2031 5 21267 5 15708 5 
7730 18498 15678 3172 10648 13909 7509 18498 16784 4766 15678 19522 6990 7861 4 31 16440 6103 29 5 
368 17019 18498 31 19046 7509 28 20520 12861 5 
6103 18475 10211 6 18498 15678 15576 6679 20149 21858 18774 5 21 
21 20402 2727 7174 7491 18498 15658 1498 7070 3664 8329 19198 16083 6103 7491 18498 20402 5371 31 17332 18250 18201 7730 4 18476 16784 15678 17819 22358 4 14018 22463 21 21 3928 6103 9381 16404 1506 21 21 21282 17872 18201 5 5 5 
28 20402 13909 7509 18498 4649 5 
12861 349 9743 21551 4 9193 22805 4795 17438 2371 20670 5 5 5 21 
21 21 21 31 28 21596 5614 5 7850 28 21596 5614 1920 4796 9193 9194 7730 7850 28 7730 4 12255 4 12861 15643 12780 15128 4 15658 11862 18525 8995 7850 10982 5 9193 20149 11284 22463 16587 18498 8241 31 5782 15187 7730 14426 31 22942 7509 16971 4796 15425 16083 7850 15190 4 8956 20402 15678 28 5 7730 12861 7102 20402 13405 7914 5320 5 21 21 21 
21 13359 4 17438 9721 6 
20497 7509 22875 5 5 5 15658 2336 22805 5 5 5 
9130 7730 4633 30 
11626 7730 28 4766 17630 7730 5721 4766 14173 6103 8561 6103 29 16404 13909 16066 16404 14466 5 
12861 20539 20402 11861 20 
21 15658 20402 4970 4 17458 21596 10765 18498 16721 9312 1920 5 21 
27 20 20 
21 3750 4 15678 14425 20634 20 
13038 951 17304 6103 4913 7235 
12283 951 17304 6103 4913 7235 
21282 18498 4 17872 5603 31 12283 4 23135 17629 2156 15678 13038 5 5 5 
17477 6 
17304 6103 4913 7235 20 30 
6256 18498 15678 14506 20149 2258 20 23351 
2670 12125 4 13055 20 31 14425 18006 20 21282 18498 15658 
21 3805 5 5 5 12973 17872 18606 4 15658 20402 0 20 
23 10606 4 6103 10142 7730 21501 31 28 13055 8995 4290 5 15658 17629 31 11020 15267 4623 17872 9743 15678 14539 5 21 
21 20402 22836 14539 7855 15678 15576 11722 10976 28 28 5 
9193 20402 11861 15585 15678 18498 349 4766 31 5993 7509 6428 7509 15576 8995 4 21371 5 
15948 0 17872 18606 0 20 
1920 15678 10976 17438 9743 15678 18498 18533 20 6103 
21 13055 4289 17041 6103 4359 7730 22678 5 1880 6103 18394 13026 20402 10131 4 23 5 5 5 21 
2510 10061 26 
21 21 21 7858 18498 9743 22 20238 22 7850 14924 7509 23174 17304 20402 17689 5 5097 16083 19520 18498 21371 7102 20402 15726 16673 7858 16404 9233 17877 15459 7576 6 21 21 21 
21 27 20 
21 9193 20 18498 15616 20 31 22805 14487 16066 22755 9138 20 15678 
21 21 21 17106 4 31 5125 6103 22463 9014 12975 4 17458 15678 9014 7859 20402 13294 16673 11884 4 31 14539 11884 18498 641 4 15678 18481 17304 4 15678 9648 6103 22463 1404 7912 18498 17304 19283 10437 17382 5371 15678 10982 9774 5 21 21 
21 23206 6103 15671 9193 20357 1920 4 28 5 7730 15424 20402 21282 20670 8956 18553 5 5 5 21 
21 17872 18525 8995 12112 16066 8254 4 21355 753 6 
21 21 21 20149 23135 8995 15458 20474 20244 22202 20833 4 16098 9193 20237 6103 15286 6103 11462 20 
15678 21535 20402 19735 26 26 20 
29 15286 4766 10343 14155 6103 5382 5 
5947 15678 20799 2371 5 
17438 15970 7509 15576 2446 4 373 22463 15286 6981 22897 4 7509 13566 1293 4 18498 21596 22463 20751 6103 2442 16937 6103 22385 3058 6 26 26 7509 26 26 20 21 21 21 
21 9193 19900 18498 15502 12780 22805 15678 14604 20912 4 9193 1393 22898 4 18476 8995 8382 4 9193 12780 16404 15678 12916 4 14335 4624 6103 21631 7730 9996 18498 20402 22463 4130 5 21 
21 18476 22463 26 20463 9743 22463 4795 16934 10753 4 7850 3962 7850 26 6103 16083 16971 18498 23135 15658 5174 5 2371 23135 9901 20244 17304 5947 16066 4793 5 5 5 21 
21 21 21 31 16377 6103 29 6103 21608 18876 20015 12256 23479 7509 5412 7279 16404 31 14539 10502 4 21596 14466 2750 4 8995 13909 21061 31 305 4 1393 23002 6103 7277 21934 7730 1393 21932 7914 5055 1387 1393 7509 8667 5 21 21 
16393 22463 3058 15422 4 15658 0 21 
9808 20 6103 
28 13611 
20828 
21 17022 7509 7127 6 
4796 9743 17041 6103 4359 20244 702 0 
19484 23174 15423 20 
11212 20 11212 20 
21282 17872 2322 6 28 15658 20402 31 947 4 8995 0 
15678 3790 18498 604 15678 20301 4 6103 21911 12578 7509 12202 4 9743 17106 4766 15678 18498 15658 11862 17872 7847 5 21 
28 7730 28 
2371 28 5 5 5 30 
21 288 7509 11518 20 
21 9980 22463 9365 17872 15061 15678 18498 16721 5 
1471 18498 22444 21596 16721 7850 6860 4796 22463 4672 3058 16404 15678 17343 5 31 5055 6103 21932 17304 20402 2727 14426 20149 7847 17304 21596 20592 4 9743 11076 4 9170 5 21 
21 17872 20149 16721 4 7850 15270 5 
26 21 
14464 17687 
21 21 21 23135 22564 26 26 0 12780 22564 0 23135 10959 6103 8386 13909 20670 26 26 4 6862 20931 4890 4 9193 15658 17304 16066 15658 18533 6184 23206 28 6103 22136 0 
9010 22136 6103 26 26 20402 21100 7730 20402 16404 23135 20 
20244 2084 20463 7127 31 7127 4 7914 1453 22463 21252 4 20244 31 7410 5662 4 23135 21596 22463 23067 127 7509 26 26 4 4766 21793 15678 20463 17542 7730 21371 31 15941 6103 22805 9367 18772 5 
991 7384 4 3450 16428 7509 5942 21596 22463 26 26 26 4 9347 4 5762 16404 22564 17438 29 28 1603 15678 5942 16404 9369 20463 1542 5 21 21 21 
21 22575 4 20060 3962 4 19901 4 14600 4 17377 14684 5 5 5 22327 3494 5 5 5 
9193 20 18498 4668 20 20402 21793 10803 16673 10982 7509 15576 8995 20 15678 21 
21810 18498 4289 1276 7509 22805 20 30 
21 10061 26 4 17461 20 30 21 
9605 21267 5 5 5 

