26 26 26 11943 26 26 5 
15678 17877 20402 18498 9193 22318 1027 5 
21 27 4 5174 871 3976 5 21 
21 26 28 28 6 
28 21932 11284 29 1249 4766 7804 9983 7730 8678 8956 7451 1840 4766 9346 16404 15678 28 5 11560 6 21298 5 4591 30 30 21 
21 26 28 6103 28 28 28 6 
26 26 15803 20742 26 11560 6 21298 5 4591 30 15834 29 21 
28 6592 15678 4376 5 5 5 6103 28 5 
26 26 5 5 5 
21 26 28 26 26 6 
28 26 26 20 11560 6 21298 5 4591 29 30 21 
19013 15678 1114 17438 21932 6103 13860 5 
21 1393 4948 6 
18610 29 4 29 16404 12407 7850 8147 3170 7509 14425 13530 6103 17951 13055 9790 8995 6103 11066 5 733 4 21596 23135 21371 5 21 
21 4292 6103 16077 5 
15128 31 9009 5 21 
21 21 21 4425 9743 5741 3388 22602 6010 21 21 
740 11284 8838 4 15658 6256 31 4229 20149 1400 20 
21282 22463 14533 6103 9783 5 5 5 
1624 5231 5 8661 22463 13764 5 
21 1840 2727 12577 7480 22463 9130 20670 5758 18498 9130 871 12482 15218 5 31 11099 14881 4 15678 6011 6990 5758 6729 6103 14881 31 10658 13905 3726 6103 2031 4 5426 6103 1268 7730 7992 5 15678 16966 21371 21048 18498 15678 7809 15770 21371 7914 14197 5 
26 26 26 15803 5 5 5 
21 26 26 22 20539 26 6 21776 17257 4 31 26 20 21 
21 9193 5 5 5 
18498 21474 20402 8956 0 20 20799 20 21 
21 29 26 15658 13359 5 
28 4 26 26 31 26 5 5 5 21 
21 4796 20402 3058 20149 1409 17438 22463 20799 13640 7850 17819 22897 18498 15678 8720 20 20402 4796 16179 6103 468 4 9193 20244 7809 4689 5 21 
16373 20 
21 15678 28 20402 22385 20558 7730 22385 2725 4 22327 20149 19525 7914 1114 5 5 5 
15138 29 6 29 
21 21 19474 28 6 1027 1393 20304 21680 28 6103 21793 15678 21680 5528 4 6103 21793 31 22318 910 4 7730 6103 21793 15678 21680 8388 5 9010 20402 15678 11020 7730 17819 14016 5 7730 15678 20207 4 20256 31 9010 4 20402 6 1027 1393 21680 18195 4796 31 22318 14539 5 21 21 21 
21 20402 4 15678 13185 20402 22782 30 31 14506 1022 7850 17819 11538 5 21 
21 1840 15138 12577 18498 110 31 5782 11609 16559 16673 16925 6103 18498 8386 9130 15678 1961 5 15678 21684 16393 5121 31 11444 6103 18498 31 8959 7509 17877 20402 31 10828 18449 6809 5 6811 4 12027 4 16393 20402 31 13905 14156 7509 10985 3172 2131 5 6810 16404 15671 1393 14466 5 21 

21 21 21 26 26 3590 11943 26 26 26 26 26 26 21 21 26 28 4 28 
9010 15286 6219 18494 18498 17628 4796 9193 14335 20357 18476 23135 15344 5 
31 22821 20402 18498 23135 15658 1453 15128 14604 15190 4 9193 15678 21810 17438 4886 4 
7730 9193 20402 1453 22463 20124 21680 5 
22318 1027 7509 21364 6103 21793 15678 17230 13030 20 
9808 1247 4 14604 9942 18533 20 21 
21 733 4 20427 5 5 5 
20931 6056 20 21 
2727 13667 5 5 5 
21 18737 6103 23220 20 27 
20126 6981 20799 5 21 
20402 20293 23135 20 
14604 28 8113 14425 16440 14425 1095 
7850 2824 17737 6103 28 
21 21 21 15678 16385 8147 3962 4 7730 31 1194 4 15503 16404 20500 4 15894 328 20463 9948 7 9193 4 15678 21680 942 4 20304 7509 9535 4 19169 14604 7730 28 14604 20 21 21 
21282 9808 5 21 
2112 22463 14054 6246 5 5 5 
21 15678 21684 2136 18498 20402 13278 4 9193 16404 9193 15678 2248 4807 15678 14539 8561 6103 21793 18498 1453 1532 15286 5 8995 15138 4951 31 4846 8406 15678 21 21 10495 21 21 3873 7730 15678 10495 6103 28 28 4 21389 18498 15678 2248 19378 12519 31 13375 7509 15286 26 26 7509 28 5 9010 15286 20402 22602 17438 21793 6211 7509 21 21 10495 21 21 3873 17324 20931 13375 20402 18784 20564 7730 1547 11644 20552 23479 9450 7850 21 21 10495 21 21 3873 5 15678 17877 20402 18498 31 16971 18498 1453 1532 15286 15658 5219 12780 991 6981 1386 5 
28 28 17596 12716 22463 9032 15218 4 7914 18498 31 13375 15658 20402 15389 20463 883 10476 5 7850 8377 4 15678 19709 4 15678 26 4 31 14437 6103 14577 4 20539 4897 15678 883 10476 6981 9032 5 8956 3802 20402 10480 7850 10495 5 
7730 12861 20559 15658 9387 7850 21 21 10495 21 21 3873 5 2136 15894 17511 16765 4 15678 883 7509 21 21 10495 21 21 3873 20402 15678 21 21 30 30 30 30 30 21 21 7730 31 28 18498 9306 16057 7730 31 2060 20475 5 
6981 10211 4 15658 20402 17521 4843 28 28 4766 14334 28 5 20402 4843 878 4766 3291 5 
22463 16083 17406 11861 7914 19225 1393 21684 4 20402 18498 7847 9605 18498 15678 19735 15344 4766 28 20670 15144 4 23491 7730 15678 18191 19735 5 1614 8995 22463 16083 8536 5 7914 20931 9692 12342 4 17438 23151 6103 29 4 15678 19735 20402 18494 18498 8958 2961 5 7730 31 28 6981 2961 7730 7509 26 7509 23523 15658 20149 13494 31 9594 6103 15144 4 23491 7730 19735 5 9594 6103 20739 4 6103 21935 9193 3630 6103 867 4 6103 9867 4 6103 15144 9170 5 
16404 9193 4 8956 21684 6355 15678 17556 1556 18498 9387 7914 19225 1393 15286 1614 7850 28 5 22463 21684 18263 7850 3928 3749 16066 2949 7509 3928 3749 4 21389 9743 9743 22463 1386 18706 7730 12085 20670 7176 9035 15220 5 
8235 4 9010 20402 22463 6452 6103 873 18498 1532 15286 4 9226 21787 15286 4 7730 31 22602 4796 22463 14336 6103 18323 14480 5 21 
21 18525 472 3885 7102 472 4 16066 16673 14466 16098 4 8956 20799 5 
21 21 21 
1190 7850 16421 16083 7127 4 2689 4 439 15678 18498 9193 22805 0 
15157 6103 16971 20336 7850 11011 4766 10095 9193 3388 
21 21 
12861 20539 20402 22463 21 21 19768 21 21 4 17324 21596 22463 11654 740 18498 18552 5 
8956 10606 18498 12780 31 8956 21 21 19763 21 21 20402 31 9231 13909 13220 7509 12228 6103 7804 7730 5896 8406 8956 12979 5 
20670 15678 18498 9605 15678 10495 0 20670 15299 5 7730 12861 20402 9312 15678 18498 15678 9010 12979 21596 7850 3393 5 21 
26 26 20 
21 17872 18525 5947 22463 19735 4 8995 28 22463 17950 6103 26 7850 26 26 19735 654 5 8995 12577 4 26 26 21787 26 4 16598 26 21787 2385 15678 22 28 9170 5 21 
21 8956 20402 22463 3058 21684 16404 18525 13010 13299 31 14058 7850 22575 4 18498 20293 17619 1249 6103 7861 5 
20402 11861 15726 15678 15697 7509 12476 6103 16967 18498 15678 5420 8977 9987 5 21 
26 20 
21 26 4 22463 15599 21083 12577 7730 15678 16972 7509 28 10179 8678 1453 29 16451 5 5 5 21 
21 16162 15678 3027 6103 11857 7850 7127 20201 7509 17211 7850 28 6330 15138 15286 26 4 1163 7730 18525 19900 2136 22463 28 5 15678 16587 5 5 5 21 
21 11077 1022 7850 28 6 15102 9129 21 21 1983 26 26 21 21 20 
6075 2136 16404 9594 6103 22463 6193 7509 13729 28 2371 5 5 5 21 
13591 13278 16404 18525 18533 3224 4766 28 5 
21 8329 9193 21932 16066 21582 4 15678 28 3224 6103 21 21 17377 21 21 4766 22463 11303 14388 2611 5 2371 7847 20149 3697 7509 11303 7730 12780 21787 2647 4 8329 4 15754 4 15678 11303 16866 13480 20 21 
12861 15658 12780 6075 4179 5 5 5 
21 12577 5 4796 9193 288 15678 14860 6103 8632 22463 22823 19924 4 18475 16083 14860 14335 16393 17976 5 21 
21 1229 20 15678 3790 9743 22463 8927 16404 31 2647 7730 15678 17021 21787 5133 15678 1188 7509 12960 20 26 20 
21 1229 20 15678 14907 15658 1453 21787 2727 4 9193 21596 14213 21371 20 21 
21684 15138 3058 20670 3916 7914 22318 1614 7850 28 5 
21 15678 14425 4795 18498 13055 13359 7914 22463 15599 6 
21 21 15658 6256 18498 9010 7544 22318 22773 5 10268 17290 20 21 21 21 
21 16404 18525 17629 4913 11258 9193 18930 31 28 29 4 13055 4913 22463 14984 6103 4672 7730 15643 21596 17877 5 
7847 7102 21596 22463 16378 3058 4766 15678 5585 4 4913 22463 11286 15908 7730 4289 7914 14466 6103 29 20 
26 5 28 5 4766 5 3148 21 
15678 20191 7509 15253 11446 7730 7509 9193 15253 21371 20 
21 12094 5 5 5 
22463 20304 6103 29 4766 28 7914 9146 2288 4 18498 15424 5219 13325 15678 15540 7509 15460 4 740 13319 6103 4796 21787 17021 5 
7055 6 1603 29 1249 20244 21787 5 
31 15286 20402 12094 20 21 
21 11731 23135 21596 7914 20463 4122 22463 22823 4945 4 2626 5074 14940 4 21474 7730 15096 20 8956 20402 15678 28 26 20 21 
14142 6103 8678 6 11284 15286 20 
21 12861 17304 16393 8561 31 17838 9193 8995 6615 18498 14058 16140 15658 10795 19522 4 16066 15658 10795 19522 9459 5 15678 17382 17629 20357 14378 7509 17436 4 9193 15658 14378 6103 20402 12735 4 14378 6103 20402 13508 20 1471 6103 17821 4 16393 20402 22463 3058 19277 16404 8956 21061 5 
368 18498 31 18884 11637 7102 20202 31 19150 7509 29 29 5 29 7509 14058 16140 4766 29 6103 14054 2727 9306 5 21 
873 8995 19900 6103 871 17877 4766 15678 26 6103 28 4766 15678 8974 22507 0 8995 6670 6103 14049 8840 22463 4569 6103 22463 19353 21623 5 5 5 5 
21 7730 18525 12780 5320 16404 15678 13729 0 
9324 20 21 
8995 16429 7509 23174 7850 26 20 5174 15678 17960 7730 16429 23135 21371 5 
21 26 26 3702 7914 19456 1393 23575 7314 7509 28 5 5 5 
20149 23135 17769 2031 7850 13375 12780 22805 18498 20149 8084 16819 7850 14924 20 
21 
21 9193 17511 8995 6256 16468 871 17406 1614 4 9193 15658 20402 13909 2553 7730 7820 21752 31 16971 7509 23498 20155 4 4726 7914 13727 4766 5055 9728 1393 20689 4 1393 12755 6103 10691 2848 6103 7223 21582 7730 18070 9604 13405 5055 6103 20689 23479 23498 0 21 
21 17438 9721 17751 4 12739 7914 7804 6 21596 29 1249 7730 740 15658 8386 7277 31 19150 6103 22564 7509 17460 20 7730 21596 18498 9901 22564 21 21 17324 21 21 7914 21793 15678 21684 5 
19150 13949 8956 5 5 5 21 
29 28 16971 7850 19698 20149 14055 15458 14924 13512 20 
21 9193 18784 15658 8386 31 16971 18498 7491 15658 8386 15678 18498 9312 8995 20402 19196 5 15658 11284 15299 6103 4891 1614 5 4785 19196 31 18511 7509 21413 7509 22065 5 19196 21371 31 20794 7509 17877 7509 7804 7850 28 5 19196 21371 31 20794 16404 15678 17877 6103 20127 7850 28 5 19196 31 19643 7509 16601 29 18498 20402 22463 17819 16468 5371 31 5614 5 
18470 20402 31 7181 6103 8386 12861 0 733 4 11284 21371 18525 19196 17438 20214 5 
16066 20402 4 16404 8386 31 19197 20402 21282 155 15678 15860 16404 15678 17877 7509 28 5 7730 12861 16393 6355 31 889 6103 871 9927 17380 5 21 
12780 17872 28 20 
21 15643 14335 20357 22385 4419 5 17304 14055 14604 19405 1393 7645 6103 10828 18449 4 7914 8810 1393 17877 7509 22065 7914 20879 5 13909 11861 4 17304 14055 13026 6103 29 14667 4419 20244 16440 4 20244 23014 4 4766 19456 4 4766 22765 4 15619 4 17297 4 19671 4 4526 26 6103 22327 5 
7730 4524 4 4289 7914 3962 17304 15061 31 11729 16404 15678 28 7730 9594 15678 16292 8995 13761 4 22463 7127 23135 12780 8386 15678 18498 20402 12861 5 21 
21 4796 13055 7491 4 15643 14335 16468 16673 3393 18498 871 7127 3172 12784 16404 28 7914 11020 15677 18339 4766 15678 17877 6103 10828 18449 7730 20463 19522 20 7730 15678 13909 11861 6 12861 349 7850 14336 6103 22463 3623 6103 10523 12604 20175 1614 20 
11462 9193 12780 17872 28 14055 4 9193 17836 16404 9868 20 
20149 23135 17304 4 12780 14055 9868 21371 20 21 
21 8956 20799 20402 3058 7730 23016 2727 31 3551 20 
21 27 
4369 28 9193 26 26 15189 7509 26 20 21 
288 18498 15678 16972 1614 7509 28 15658 8995 15138 5335 4766 31 28 20 
21 17324 20402 5 5 5 
6981 22897 15658 11284 15138 15678 18498 9594 5371 15678 18055 5 
6103 18475 14881 4 15678 17341 18498 9743 12861 15658 9743 17458 20559 18533 5 
17341 20402 16555 4 7850 20357 13909 13574 7509 9462 5 7730 16673 18498 9193 19900 4 15678 14018 23016 7509 10982 7509 8995 4 18498 8995 7914 28 20 21 
21 12577 5 13359 22463 21266 6103 4795 7076 15678 28 17438 7847 21596 16784 31 13539 7686 31 20453 5 9193 15502 18549 15678 15081 6103 20931 18824 5 11731 18498 21793 15678 18498 8995 15678 5837 20402 16971 17267 8520 5 9193 20402 969 7509 28 7730 20402 21663 7509 18605 7188 20402 21764 7509 21267 5 20149 18533 9743 12973 14539 4 4730 22463 23222 18498 9431 31 20644 4 7730 15658 1453 22463 22133 18498 16393 20402 5874 8637 16404 6370 22463 21061 5 
7730 4 15138 10320 4 31 17380 1614 7914 28 20402 7205 6103 16780 13539 5 21 
1229 20 
8956 31 22463 26 2389 20 
27 
28 
21 26 4 15678 28 13901 20402 22463 7509 3790 13909 13284 1393 23104 20 21 
7127 7509 21932 20402 9833 20402 22463 5380 5 5 5 
21 15678 28 23029 16404 9193 7730 9605 6 
21 21 15678 18498 23135 8995 9743 4 13915 0 21 21 
15658 20402 18498 7847 21596 22463 16775 20699 1599 0 20 21 
21 23135 8678 22463 868 7914 26 4 9743 22463 21662 7730 3537 18498 7847 13405 13909 6103 29 1249 16404 21623 6103 19745 5 2371 23135 16721 6 8995 12988 5 
8443 23135 17950 15678 14539 868 7914 23135 4 9743 22463 21662 7730 3537 18498 7847 19745 7914 29 28 5 17989 4 15658 20402 12988 20 21 
21 20293 11284 22463 5758 1869 16404 22318 11888 17503 20 
8956 15286 20402 22463 22157 6103 14018 7850 2647 20 21 
21 23104 22463 22942 20558 4 21932 17872 22657 7730 17836 6 19456 31 15364 5 
16098 8956 29 19150 6103 22463 16959 4307 7850 9956 21 21 29 26 21 21 5 1471 6103 20558 4 21596 15138 19898 15510 5 21 
21 2126 8995 16468 17438 14309 2988 5 
23135 13359 22463 15599 17375 7730 16721 6 21 21 26 4 4289 1393 10484 7509 17569 21 21 5 
2371 23135 1800 13359 15678 4795 4 7730 21596 18498 20149 20215 16404 15658 5621 15678 18289 20 
15678 15190 8995 19342 6103 16971 4885 6801 5 5 5 21 
21 14604 3228 15604 20 
15138 15708 28 7730 28 20 
21 
21 16630 31 21793 16971 18498 5174 15678 9721 6103 1926 31 16990 41 4 18498 21596 17438 15697 4060 15678 11802 7509 28 28 4 2118 17753 7509 20299 5 
16404 18525 15658 19900 4 22087 6103 22463 5775 15781 15678 29 13727 7509 19404 3170 5 
15671 15658 23174 7278 7850 17753 7509 20299 4 9193 17304 21764 6103 13761 20 
10691 1453 29 20209 16404 1926 31 16990 5 
1926 7730 4854 20 17629 6103 1393 14466 29 4 29 14676 6103 1927 9620 1583 29 14667 5 
21 15855 4 15678 14506 7509 13591 1614 7850 28 17629 16143 14539 5 22463 13591 11862 4289 31 20402 13909 6103 29 22898 13909 3894 4 16066 20402 4 29 6103 13717 20 7730 15424 430 9594 6103 11857 4 17324 31 11864 6103 13591 20402 12841 6103 11857 4 12012 1453 22463 18097 12766 7850 21996 9983 5 
22805 8956 9365 6 
26 18610 29 4766 8414 6 
13591 5896 18610 29 4 29 6 
21 9193 3348 15678 28 7850 8632 7730 7850 3610 6103 23151 7847 9605 6 
15855 16292 4 22463 22617 20 
20149 19081 1393 22463 8806 16404 8969 15678 3906 5 5 
21596 6103 16367 15678 3906 16404 19698 5 5 21 
27 
21 23 5 5 5 
7914 17269 29 5 21 
21 23135 1937 31 4799 7509 30 7730 16721 6 21 21 16393 17934 21 21 5 
2371 23135 15855 22463 2614 6103 6075 6318 7730 30 22666 15642 7914 3630 6103 20925 4 22666 3093 7914 3630 26 5 19337 16404 21793 13131 4 9170 5 5 5 
17438 20402 2725 23001 5 5 5 21 
26 20 
21 15643 20357 21389 9620 6103 19900 11018 7730 19900 8678 4796 654 5 5 5 
15678 22290 4 15678 10523 4 15678 20828 4 15678 23013 7730 16083 4672 15458 2154 5960 3894 5 5 5 21 
26 20 
27 
21 17438 18498 21932 18476 23135 17304 16967 4796 10473 1623 5050 4 4796 17239 22463 17239 20244 20258 4 20149 9387 871 10211 16063 6103 20149 2567 4 9170 5 5 5 21 
873 21048 22463 21945 16404 26 0 
21 9193 7730 9193 2988 4 13575 11020 5 5 5 21 
21 29 11518 16404 21623 6103 19745 15678 9419 7730 8678 29 18352 7509 1840 5 5 5 
21 21 12863 22 20539 26 26 26 22 20539 26 4 26 11617 22 30 26 26 26 31 26 21 21 20799 7509 23575 28 5 5 5 21 
20402 22463 28 5 5 5 
21 1612 14924 18498 23135 8840 1271 31 9364 6103 22463 9417 4 368 18498 21596 22463 19522 17504 4 866 4866 4 4509 20 5 5 5 
7730 18476 7847 9980 201 6 
23 4 2727 5 5 5 
7645 4 12780 8678 866 7850 28 5 5 5 21 
21 20402 13278 18476 4 7686 31 2154 4 15678 17930 6564 15678 6193 7850 3137 6103 21 21 18195 20652 21 21 7730 7850 11518 6103 9130 23135 17629 18968 31 10310 6103 14453 16404 21582 439 18476 4809 7730 18476 21623 15678 1961 11861 5 5 5 21 
21 31 28 16630 16404 4730 31 20303 15324 21474 23040 4273 9193 21282 5780 31 5085 1603 15678 8458 7509 20303 16404 15678 20441 5 5 5 
22385 8849 5 5 5 21 
21 1522 18498 31 28 13055 7850 20444 4796 10192 6103 12301 23206 22898 5 
16404 18525 15658 19900 4 31 28 20402 22463 10483 20244 9971 13720 4 16066 20402 4 16162 31 5320 17438 14336 6103 7514 5 
7847 20402 21371 15678 29 26 13909 23051 7509 15190 4 7730 15658 20402 15299 2553 14096 31 12308 5 
23135 17304 7512 22666 31 16440 6103 18610 29 4 22805 6 20402 13909 2553 18498 22463 28 20 21 
20402 22463 9324 11670 20402 16966 7850 28 5 5 5 
873 2371 5219 13635 7850 23181 7509 22575 0 
21 20293 17950 16721 18498 15678 3790 18498 12780 14606 7850 20463 6026 20402 22463 18234 4 7023 4 7542 4 6103 19924 4290 7509 20709 7730 18498 19900 26 6103 23135 15005 20 
13949 17949 6103 11462 7914 7127 5 5 5 21 
5455 20 
31 22942 15658 17304 20402 1453 3605 5 5 5 
21 15678 13278 14539 20402 23135 16468 29 28 6118 29 13539 6103 22463 868 16404 6592 18498 23135 22240 17438 5 
21 
288 18498 9193 18533 9193 22942 6103 23151 5 5 5 
21 22564 28 20402 9074 4 6256 22463 10959 19854 7850 2988 5 5 5 21 
21 6739 1612 20352 18498 5741 9449 5133 15678 11538 13494 16404 8414 7509 21932 20149 1585 7730 23135 12780 8386 18498 15658 12780 6075 21551 6103 21623 5 5 5 5 
26 20 21 
21282 17458 15678 21932 20402 16404 11462 5 5 5 
21 16404 15678 21242 18498 740 15658 13359 31 18006 6103 10982 7509 3665 1393 17654 4 9193 347 9750 5 11284 871 18006 15138 8302 20 20402 21267 5 21 
21 4913 1623 5050 7914 29 4 29 4 29 5 5 5 21 
21 21596 18498 20402 15144 5 5 5 
30 21 
21 9193 10999 5 5 5 
21 
21 15658 20402 18498 9193 15658 10959 7509 18250 5 5 5 
9193 21596 14539 22463 165 19397 17438 8956 10765 18498 20149 12653 16169 16066 19483 16673 20644 18204 6728 7509 16587 5 8956 10765 18498 4 7914 21652 4 7850 16468 13749 16673 6340 4 11462 9743 6281 15678 14336 16404 8956 15992 449 5 
4796 13055 7491 15678 28 4 21 21 23104 31 6629 21 21 5 5 5 21 
21 15138 10765 15658 19900 18498 31 19100 7509 21372 15658 21596 9976 22364 7730 20539 17488 5 4854 8956 21684 4 17324 22087 6103 22463 10761 1059 7850 13579 15567 6103 20023 20 21 
21 6103 23151 1393 22942 18772 20 15678 13185 654 20402 21582 15128 6103 26 7730 20402 13909 17504 560 6103 5320 4 16404 22805 15678 15190 7174 4 18525 17629 15128 20402 31 10765 20 
3058 7127 26 20 21 
12861 20402 31 3790 6103 873 18498 5174 5 5 5 
21 6408 6103 29 1249 4 9193 288 18498 14514 20 21 
21 17930 6 21 21 5 5 5 7730 21596 21371 1840 7509 21743 11454 4 9193 20402 15138 7188 22805 22463 1840 6981 21743 7850 9193 26 28 5 5 5 21 21 
969 6 21 21 8443 17930 4 7850 23575 7795 7509 26 26 19969 22463 1840 7509 21743 11454 20670 15678 28 28 5 5 5 21 21 
17930 6 21 21 20670 18525 0 5 5 5 5 733 4 1612 3790 7850 5 5 5 11020 1623 6103 6964 5 5 5 21 21 
19972 12526 6 21 21 26 6 6 28 6 6 21 21 
2727 4 20402 14425 18498 20402 21168 5 5 5 21 
21 20402 4 31 22898 15678 26 15658 20402 13278 6 12780 6103 26 7509 28 16404 26 26 26 7509 2975 20402 4796 19969 7509 20135 20155 7730 18281 7850 17165 10731 5 5 5 21 
21 15658 2631 20402 16169 4 14181 4 4947 4 15286 5 5 5 
21596 18498 21596 3031 20 21 
12760 7509 14548 21450 22942 5 
26 22 20539 26 20 
21 3058 4 6408 6103 7558 20247 20244 155 15678 28 4 12780 9743 22463 20699 5 5 5 21 
8956 26 2136 8995 14335 6075 23167 6103 1190 6103 20647 5 5 5 
21 7914 10793 4 18476 9193 8995 7914 22463 7127 19854 4 21596 22463 10273 6981 7850 14604 21500 22126 21389 16580 5 5 5 
6103 21793 31 4672 18498 31 22942 17304 7850 6075 4 15299 17304 20402 13909 22664 18498 15678 20853 7509 21680 9942 5 5 5 21 
12780 28 20 
10916 20 
21 8956 1669 7509 2988 5 5 5 5 
15678 18737 5 5 21 
21 28 4 3058 5220 5 5 5 
21 
21 12741 4 9808 20 
4369 26 20 20 20 21 
21 4796 7491 15678 14604 18533 21739 4 
21 21 9193 288 18498 9193 16468 19830 7850 22378 7509 29 14016 5 5 5 21 21 21 
21 20402 11891 9193 16066 15678 28 22240 31 10192 7509 15540 7509 16971 0 
8995 13905 5 5 5 21 
21 26 26 26 26 26 21776 4020 26 26 26 26 26 12863 22 20539 26 
26 26 21776 4796 26 26 26 26 
26 26 11617 26 26 4 11943 31 26 26 26 26 22 18740 26 
26 15803 26 26 26 26 26 21776 26 
12861 20402 15138 17942 5 5 5 
20799 1229 20 21 
21 4680 17438 9721 4 15658 13405 15424 29 9193 4 31 4060 20402 15138 11861 20 21 
27 5 
26 5 5 5 
288 18498 14604 16098 23016 22240 5 9193 20293 17658 22564 15678 10186 7277 7850 16098 8933 7730 15678 10186 8933 7850 16098 7277 5 5 5 
21 3510 4 3510 4 3510 5 5 5 21 
21 16292 4 16292 5 16292 4 16292 5 16292 4 16292 5 16292 4 16292 5 16292 4 16292 5 16292 4 16292 5 16292 4 16292 5 16292 4 16292 5 16292 4 16292 5 16292 4 16292 5 16292 4 16292 5 16292 4 16292 5 16292 4 16292 5 16292 4 16292 5 16292 4 16292 5 16292 4 16292 5 21 
21 13170 20 7914 23523 6103 7861 22657 6103 22327 5 5 5 
6103 18498 430 6256 22463 969 20244 17714 8406 17438 5658 4 17438 18498 15658 21681 17714 412 4 16404 20402 12988 13909 21409 0 
20402 163 31 9721 7509 12029 20699 7850 22516 4 9193 5658 15658 20402 7730 15643 12780 20402 31 20794 16404 15678 17877 5 7730 18475 20402 18498 20402 14744 8627 19900 7384 5 17438 18498 15658 5762 5943 17717 18449 9347 16404 18525 17629 0 10795 8051 7730 19450 15678 17877 5 21 
21 20402 31 9721 6103 22463 3621 7914 17965 7509 17343 17689 7509 19804 5 
10959 6103 23051 8956 15190 18498 15678 17563 7509 7277 11578 23104 4 7102 20402 2725 4 20244 23014 4 4385 7509 21409 9170 5 5 5 
29 18729 31 14466 20 21 
21 1229 20 
12780 21752 8956 20799 8956 1249 4 21282 18498 22463 22861 20562 4 20402 4524 20 21 
21 15678 28 14335 6256 5150 6 
7847 6448 21026 18013 7730 7850 28 7850 9053 7509 3460 4 2371 7847 8406 7850 2532 13727 18498 7847 20402 17958 6103 8406 16647 15678 21395 7730 15678 22564 16404 13501 15678 1909 5 5 5 
15658 19900 20149 9193 6075 3251 17438 21596 8406 7850 2532 4 16066 20149 15678 16318 16673 12346 5 5 5 21 
21 11462 21596 31 14425 2154 7509 14548 2136 15678 14924 20 
20402 15138 3058 1937 873 18498 18784 10959 7509 18498 8995 9594 20 21 
16404 18525 12578 
27 5 5 5 
873 5174 871 204 18498 13055 15658 8995 13679 16404 12145 0 
21 22333 2352 5 5 5 
17063 20 21 
28 15658 6256 9193 9130 5 5 5 
21 4302 7102 20402 22782 4766 22463 14109 6103 22588 4766 1453 22463 12488 6 
21 21 22564 4766 31 2988 9769 21 21 21 
21 18594 26 5 5 5 
19703 21 
21 7850 14996 4 31 7804 17304 20402 22463 12469 7509 20402 11570 20 
21 21 31 9620 6103 7804 6933 7914 9193 15678 14604 12469 13909 17821 21 21 400 6103 22463 6428 18498 15658 14335 18962 15678 15540 20539 4 15678 18498 1414 7509 8992 21 
26 22 20539 26 11943 26 26 26 20 
26 26 26 26 26 26 26 21776 17257 26 10628 26 26 26 31 26 26 21776 26 26 5 5 5 5 
21 20402 2727 4672 6103 15253 14539 5 5 5 
27 21 
15138 20558 20 
26 28 0 
21 21 21 21810 6152 20402 15138 10544 6 
23135 4703 15678 17413 17508 7730 15403 6103 3450 15955 7730 8443 8637 31 1612 18498 14319 15678 28 7509 17413 17508 7730 15454 5 5 5 21 21 
11020 11723 5 5 5 21 
13278 20 
21 26 26 11678 26 28 5 5 5 
26 26 26 26 26 5 5 5 21 
3058 15533 16404 23135 7509 16587 18498 13281 15678 17635 5 7 
21 472 868 18986 20670 23501 20 
7102 11284 871 19225 4766 14604 13131 7764 5 5 5 21 
21 873 2371 21596 15678 16137 7509 28 0 
15678 26 8995 20402 7509 1623 5 5 5 21 
26 20 
26 26 26 5 5 5 
21 9193 6 
21 21 28 4 15658 16468 15678 18374 7850 3388 3790 20 12861 15658 9743 15678 14465 20357 20 21 21 
28 6 
21 21 20357 20 27 21 21 21 
28 20 
21 8995 10544 20 29 
12780 28 20 21 
21 14604 28 20 15643 22805 4 7914 22463 21684 4 22463 4988 22385 16851 951 6103 26 20 21 
21 10606 4 18525 8995 559 6103 20149 6760 6103 22463 26 1341 21743 28 29 4 28 7730 9170 17438 9721 8406 7914 5322 4815 5 8995 482 17009 15658 13359 4913 4 19703 15244 1341 5 
21 
7730 654 28 28 0 20402 18498 654 12780 0 
8995 4766 31 11891 6103 18498 15678 28 8995 14426 20463 20634 6103 17998 6 22805 22463 7730 2136 9901 21582 31 4546 5 5 5 
21 8443 9193 8995 1937 26 26 18476 4 7509 15299 4 1421 15678 28 4011 5 5 5 27 21 
21 2727 4 13909 22463 22897 15678 21726 9743 3086 20 866 15558 5 5 5 21 
12780 28 20 
21 8443 9193 13359 18498 15678 28 20402 22782 17438 29 2848 6103 7726 4766 14466 6103 29 1249 6103 8057 20 7730 9193 26 5219 16721 6 21 21 21932 8995 9743 12861 8561 5 5 5 
17324 1471 6103 288 18498 7251 20402 19211 11861 4 9193 472 8995 4766 871 26 7850 3047 16404 9130 21932 17438 17605 20 21 
9072 1233 20 
21 1471 6103 15658 10959 6103 9901 4854 26 4 8956 23222 20402 15138 3058 20 18070 23135 22564 866 4766 28 20 7 21 
28 26 20 
21 201 6103 11840 29 9370 18103 7509 5942 15906 6103 28 6103 28 11560 6 26 5 15983 7730 7509 29 26 26 7509 9370 4 29 6318 11840 21389 7914 28 18481 26 15678 16083 29 1453 7914 26 5 
7730 15678 13909 12577 20402 18498 31 11841 7914 26 20402 20293 13909 19871 4 20402 18498 22463 14860 9901 13909 6103 29 13909 19871 7914 26 5 
15658 20402 26 26 4 9193 15678 19522 20402 12577 4 17324 15658 9743 15425 26 7914 15425 7509 17248 5 15678 18498 288 28 0 21 
11399 20 
11644 3216 5 5 5 
26 
21 18533 662 31 21793 15678 12186 18498 14335 8678 7914 18736 7509 14604 1247 20 9901 9808 7914 13359 3450 22463 7509 14469 5 7730 18533 662 8815 31 9193 18533 8897 28 16673 9867 21189 20 
22318 1027 15138 20 7 21 
11462 20402 7127 6103 19089 20 
13860 15678 16953 13909 17914 5 5 5 
21 9193 288 2625 18735 31 1167 8406 15678 8995 7730 22463 8057 17858 5 7914 22463 8057 21793 4854 6103 22463 15697 15138 4524 6 13717 5 6670 15678 17753 4 9360 4 7280 4 10801 4 8235 4 21793 7102 21596 15678 14539 15697 5 20149 873 15658 21596 4 17629 9996 18498 21596 5 654 7850 10982 15678 17835 15697 4 7914 21652 4 20420 15678 6731 15291 4 6731 12530 7730 9170 5 9193 31 11020 14512 4766 15678 16802 7509 16192 4 20402 4524 20402 18498 8956 21061 17382 9486 6300 20463 12578 4 17438 22898 5128 4766 15678 15697 9975 7509 8995 4 7730 8995 22327 2727 4 15424 20149 17703 7914 9996 18498 11641 15678 2727 15291 20 31 4993 6103 17380 17304 2136 17797 8956 21743 6103 84 20638 4 9193 12861 8995 4516 8561 5 15458 17441 6103 20634 4 9901 7188 6103 6146 15678 18498 20402 13909 17670 4 15678 20463 22665 16066 15678 22665 20803 6103 20931 16440 5 5 5 
6452 6103 3170 5 5 5 21 
21 8302 8956 4967 19651 7850 28 5 5 5 
20402 18498 7847 19900 15678 18498 20402 22463 30 0 21 
21 15643 4 15643 16721 7491 18498 23135 8995 21596 22463 7127 19854 4 17324 18494 18498 11750 7847 17107 20 20402 12094 5 5 5 21 
21 21 21 26 26 26 26 31 26 26 26 26 26 26 26 31 26 0 21 21 2975 28 21 
9956 1229 20 
21 201 6103 1937 15678 9956 21 21 29 4646 21 21 5 
9956 163 1229 20 22463 21752 7850 14487 20 21 
20402 18498 13055 20402 14539 0 
21 11617 26 11617 26 5 5 5 
21 21 26 26 28 26 31 26 4 
26 26 28 26 26 26 15803 31 2836 26 28 5 
26 26 26 26 26 26 
21776 26 26 17257 26 26 26 26 26 10907 26 
26 26 26 26 28 26 11943 26 
26 28 2372 5 28 26 5 21 21 21 
27 
26 26 5 5 5 
27 
27 5 5 5 
11617 22 13800 26 5 5 5 
4369 20 20 20 20 20 20 20 20 
26 5 5 5 27 
21 3790 4 4796 9193 15790 352 4099 5 5 5 
9193 15658 14335 11862 6103 21932 29 11518 17438 7127 4 2136 10959 20 
9193 352 1276 7509 29 20402 22463 19924 5 5 5 21 
21 11617 26 31 26 4 26 26 28 26 26 26 20402 14335 5 5 5 21 
27 20 

