21 9193 2647 4 8406 7730 9901 5 17438 9721 5 21 
21 9193 29 1249 23 4 3472 1612 17149 0 740 8995 2371 9193 19900 20 4796 15678 21551 16468 19871 15658 20402 4 7730 23135 5741 22385 19871 7730 14539 23135 5360 20402 8956 4273 6103 20293 8995 9808 7730 11043 17438 8995 4886 13909 22463 1249 5 15138 9801 4 20127 4 1114 4 835 4 16580 20402 15678 18498 22318 6679 11462 7730 21793 15678 28 5 15708 17438 20402 1920 7509 12939 18498 20402 4 17438 14335 1233 18476 8995 22223 4 16673 17022 20244 11066 4 3222 7730 22327 4 17438 20402 15678 12787 18498 20402 5 7730 18533 846 18498 15658 11862 18481 1249 23135 9743 4 15678 18605 11020 23135 9901 4 9193 20293 20402 31 13909 22765 7730 23135 20293 21596 18498 14335 15684 20 22318 1027 26 21 
21 10305 7730 10268 4 
15894 15678 15939 20149 8147 0 
7914 9193 5 21 
21 20539 4 15678 14604 8943 20402 28 12916 20158 26 1027 4751 21 
21 18525 7491 18498 15678 21551 16468 22385 19871 0 16468 5 18525 7491 18498 16866 22507 0 16866 5 18525 7491 18498 9193 22318 716 21389 1249 0 23016 712 5 
15855 9193 10273 20357 22463 14810 6103 3870 4766 1114 4 15995 6103 19900 18498 13055 20149 16468 21389 21551 7730 5360 7509 14539 12939 6103 1249 2116 4 20402 12094 4796 31 4672 15128 4 9193 9193 1103 15658 4 17304 16468 15678 21551 18498 20402 7730 7847 5360 1920 10259 5 13909 22463 22897 22318 9605 18498 23135 21596 22463 11025 11868 16404 9193 7730 18498 9193 22318 1027 15138 
16323 20 15458 7127 22318 6679 21793 31 9801 18498 9387 4 15138 20127 4 16580 4 1114 4 18498 28 23016 20293 22318 78 7730 22318 18044 4 18498 15678 20463 20826 20402 18779 7730 15678 20463 15699 794 5 2702 16460 6 21 
22 26 26 26 26 22542 21776 26 26 5 5 
21 17438 12861 4 11462 4 19900 7730 19089 7850 21680 5528 18498 21282 15678 20304 20402 28 7914 4434 7850 6014 7730 7932 7850 21631 7 15425 16083 11284 5 
7089 29 6 29 21 
21 23 15253 4 18481 22898 31 20304 13055 16098 12861 7730 14539 18476 21596 16083 17840 4 23016 5590 19900 7509 18498 9193 17629 0 15708 17438 12861 15253 4 15708 17438 22327 4 16673 136 4 2702 4 3870 4 3251 4 17438 14335 23444 4796 15502 13909 5219 4 16673 16208 4 19699 4 17438 20402 18525 20402 4 17438 20402 9193 15253 4 17438 8995 20293 17438 16936 7730 20293 7360 31 14335 753 5 7730 11462 4 15458 7127 8810 4 21282 21596 18498 662 31 28 16673 20931 22942 4 17438 7847 21596 22318 8637 17872 20402 9193 15253 18533 5 22318 6679 21793 31 9801 4 16580 4 1114 4 15138 20127 4 835 4 7730 22318 7491 18498 22318 1027 11756 4 18533 9901 1614 22318 8678 4 9193 15658 11284 16192 18498 5219 20546 15678 14604 1114 7730 15678 18481 9193 20402 11043 4 7730 21371 31 20304 14335 5174 7730 19900 18498 20149 9193 9901 1614 12780 4809 31 4346 27 8443 18533 18498 19900 18498 9193 22318 1027 15138 2702 5 21 
9193 20293 19900 27 
21 14335 9743 19698 4 14335 9743 9808 21 
14335 7491 6103 15894 23016 21389 10151 
21 228 4 16404 15678 20304 11284 4672 6333 7188 0 
28 29 6 29 21 
9193 22318 1027 6329 
22463 2700 7730 9808 1249 15604 20 
13858 28 
26 26 26 20 20 
13647 13512 7509 9193 22942 8 29 
21 20244 14336 16192 4 20255 1114 21 
8 29 
23 15678 28 
21 2700 4 2700 21 
26 11943 26 26 
22318 1027 7623 
8956 15286 
21 31 7847 21793 20799 6103 21793 15671 
31 7847 7914 21793 21806 7730 21793 23180 8 29 21 
21 3697 6103 14335 8644 4 19604 9193 22823 11647 20 20402 3080 28 21 
21 9193 18533 21389 18498 23135 15658 10447 6103 9193 
9193 20149 20402 9193 4 9193 10447 5 5 21 
21 10959 15138 6103 23135 4 28 21 
21 6472 238 7730 5913 28 4 654 8995 16429 7509 3621 26 7730 6472 21371 9193 13512 28 4 28 7730 28 28 26 5 13325 18498 18525 15658 5913 15678 6472 14335 7102 22463 12868 6103 14125 20 27 
20244 9965 20244 14125 21 
21 26 22 30 26 26 26 26 26 26 26 
11617 22 30 26 26 10907 4 26 26 26 26 5 5 5 21 
21 16169 15138 15708 17438 22327 4 23135 20402 14604 11341 4 14604 11156 4 14604 21083 11474 4 9193 22318 1027 11756 9808 7127 7509 16169 14425 16169 15658 11284 1114 12172 21 
9193 21596 21596 31 835 4796 7563 
21 15061 20931 10268 28 
7730 9743 7509 15382 20931 2515 
18498 31 16179 7509 14245 12526 
12780 13026 4766 23135 28 
15061 22318 10268 26 26 19859 1393 11359 28 21 
12780 18498 12780 28 5 5 12780 28 5505 29 
2371 6103 18525 15658 373 7603 10748 6103 9645 15458 21340 6103 22942 18772 5 
23104 31 22942 7509 12939 18772 5 
15658 20402 15658 28 
26 20238 26 
21 9193 20402 17629 21596 14049 4 20402 17629 21596 11066 4 20402 17629 21596 20825 20293 21 
21 16323 17438 13909 22463 5204 4 23135 14514 15138 13909 17438 20402 22385 8744 4 2634 4 11156 4 18498 23135 5360 794 21793 20463 15699 17812 13512 5 10207 4690 6103 11048 7127 8810 8995 15999 21 
5739 1453 7850 1114 5 
14335 12834 6670 29 8 29 
21 21 21 14604 16719 20402 9094 18498 15658 5219 1820 7914 5273 5 21 21 
31 5891 20402 7509 9094 5 21 
21 20402 17629 10268 17872 20825 7730 16765 
18498 31 9078 12780 991 7509 18498 20149 22805 
24 26 21 
17458 20402 28 26 15658 20402 17872 18475 22463 10845 5897 29 28 
7436 6670 14465 6 29 
21 15678 18498 20149 13405 6981 22942 20402 15756 20149 23104 20402 15678 18498 20149 9743 5 
3058 21409 6 29 21 
21 16066 14335 15790 6566 
16066 7324 14335 21596 1114 21 
9808 7127 7509 12787 9787 20 
21 26 4289 20 
2700 4 2700 21 
7432 
7847 20402 22463 17569 6103 18471 7730 6198 10405 
3058 15533 6 13 
20244 15299 17872 9743 5 5 5 16012 
26 26 26 4796 26 5 
20559 1027 8 29 
21 368 7850 20825 18498 20149 21596 5 
3058 15533 9 8 21 
7957 7599 17458 740 15658 20402 10548 22 22 
21 20402 14407 
3058 15533 9 8 21 
21 27 28 4 28 4 28 12783 9743 16083 26 5 26 21 
8956 26 8995 6103 3222 30 22 19969 1614 6408 9193 23151 22 22 
21 8443 6592 31 16580 7509 20463 12589 4 15658 20149 8414 12894 4 13749 4766 1114 5 22020 7914 18774 22463 20825 6103 13441 5 21 
17690 16404 18498 0 
21 9193 15253 4 9193 19169 22318 1027 15138 8 29 21 
31 20931 9801 21282 6400 6103 23135 
4346 21793 22897 5 5 5 6 
21 13449 
21 15678 22823 22665 8995 7850 8959 4 15658 20149 6256 13405 16673 1434 5 21 
26 26 
20126 
3058 15533 
21 21 21 15576 19813 11736 20402 31 14031 11905 6103 23104 31 22942 5 21 21 
3058 21409 6 21 
21 368 18498 31 9801 8995 9193 7055 4 7850 4672 13909 20558 4 18498 8995 31 20931 23151 4 6389 6103 23135 5 21 
21 21 21 19900 1027 15658 20402 1027 4 1027 20402 15658 19900 5 21 21 
28 28 21 
3348 31 9801 
21 22 22 20149 23135 4346 17438 21596 16784 15678 20749 4 31 13764 22318 11810 6103 22805 31 9094 5 22 22 21 
654 1937 28 7730 15678 8944 7850 26 7 

