18470 31 20931 11644 16404 15128 15678 15190 0 20 
21 29 9094 17872 14196 20 3058 4 21726 20 8 29 
21 11462 20402 15678 20463 1247 7730 9193 19450 8678 17872 22318 17872 22318 662 4 308 6103 18475 4672 5 15708 17438 2133 15678 14604 14309 11590 14284 4 15708 17438 713 9193 2894 7730 17438 9743 31 9193 23167 6072 12939 18498 21282 23135 19900 5 15708 17438 918 4815 4 17438 12901 4815 7730 17438 14335 6075 31 20214 6103 19900 18498 17511 5320 5354 5 20149 14335 16630 16404 8678 22463 16192 18498 6650 15678 18498 9193 20357 17438 22318 4 9193 8678 9634 5 20402 8302 4796 8147 7914 23135 15678 18498 14335 9743 9620 7914 20402 28 5 22463 16169 17872 18476 9193 8995 2830 7730 14335 4730 17872 4434 4 22463 15253 17872 16630 18498 9193 21 21 30 14454 21 21 4 22463 12787 4 17872 7319 4815 20670 22327 4 7914 14336 31 19699 7730 23411 4 7730 22463 14425 1095 4 17872 18476 15678 15190 18506 14604 5528 5 
18498 31 9193 15253 7509 6014 5360 22318 78 13909 7730 13909 31 3450 7127 7730 18498 7847 15643 16404 6103 9743 14145 7850 20931 22942 5 18498 21596 20127 17872 22458 15745 7730 15138 16135 16404 899 15678 20463 20826 1393 20826 6103 28 5 8840 18498 31 22942 20402 13405 5354 7730 18498 15678 6996 22318 19418 22463 10530 22385 10896 18481 15678 20463 5528 6679 5 15643 16784 31 20931 8959 6103 14464 7730 8956 20931 23042 6103 20293 368 7850 4179 4 6103 20293 17599 15678 2727 7730 6103 20293 8789 31 835 5 20402 22463 17737 17872 9193 17304 22318 4229 6103 9634 5 
9808 1247 20 20293 8995 1614 4 20402 17872 17714 15678 15576 12901 16066 17872 22318 753 31 5204 15678 15190 5 1027 23135 5 21 
21 4796 9193 1027 15678 14196 20 20 20 
30 19169 8 29 21 
21 1150 4 28 20 
21 1114 20402 22463 16192 12423 7148 7509 20352 6103 16933 31 8956 9634 5 15708 17438 20402 12399 7730 15658 21596 22834 7384 20 
7730 1393 26 5 5 5 26 7585 22 21298 26 20 
26 15658 21776 3367 26 7738 21 
8 29 
21 7509 14425 8057 7509 15190 4 17872 14425 16169 7509 15190 20 8 29 
9193 22318 1027 7509 21364 7509 15190 4 26 20 15708 17438 20402 15678 14425 1095 18498 9193 17304 18533 7730 15678 13905 17478 20215 18498 18475 22463 17304 11731 5 
28 28 28 21 
21 21 21 7914 13727 6103 6193 4 7850 7545 7118 16753 13099 5 20402 8443 18498 16083 15256 4 9790 6103 702 4 20149 344 7850 20931 7730 1482 15678 12102 5 21 21 8 29 8 29 8 29 8 29 21 
8 29 
21 15678 19093 6103 20402 15840 16066 15836 7914 29 22408 27 
11617 22 13800 26 26 5 4796 26 14335 20402 21075 26 26 20 
6670 20293 7730 17872 20293 28 30 
21 7585 22 21298 26 4 7585 22 21298 26 26 20 21 
21 8 29 8 29 
21 11462 9743 22310 1249 18498 5947 8956 21409 20558 9193 12094 4 4766 15678 14425 3211 7730 15678 14426 12963 6103 23225 5 20402 8302 4796 15678 21551 16468 4 9193 13909 8302 740 20402 18498 1471 7509 15138 15127 4 740 5219 18950 8956 22310 468 7557 18498 20293 8474 15678 13131 3058 6103 22327 7730 8956 21355 20402 31 9193 13905 3369 5 8840 18498 5360 20402 15671 4766 15678 16468 7509 1249 5 1027 15138 23135 15458 7127 4 1027 15138 23135 11462 7730 1033 15138 23135 20293 5 20126 20 
28 28 4 28 17100 21 
14604 18165 7509 18165 8 29 8 29 
21 15658 4 28 20 2702 
28 21 
21 8 29 8 29 
21 11462 9743 9314 18497 15266 18498 22327 4809 5 5 5 18498 2304 4 11300 0 14335 13325 2727 6103 3450 19801 18498 5174 15324 20247 6103 18894 4 22463 14984 6103 16312 6103 15860 5937 7730 4290 6103 3219 22405 6103 18525 8995 18779 22463 20825 5 18476 6592 18498 21596 794 15678 14604 15697 6103 16468 7850 10535 7730 9980 17304 7491 18498 9193 16933 31 14425 22516 7509 28 7730 7509 28 13229 4 13055 21596 22463 17556 6103 11644 7509 18481 8956 20825 18779 15128 31 9193 22942 9193 15658 9743 15424 22463 17438 4140 6103 15623 7509 18481 7847 15128 14604 5528 5 9193 6221 15128 4 14335 21858 21 21 30 21 21 1614 7914 20402 28 6103 22897 4 15128 6103 3962 4 6103 19830 4 6103 3388 7730 6103 16718 9193 308 6103 18475 4672 4 19295 31 910 5 7730 20149 9387 866 18498 20402 19483 17438 8956 15127 7914 9193 14539 4 8956 866 20402 23135 5 3450 22463 21596 22463 12939 4 22463 14069 4 22463 20853 4 22463 6070 4 22463 10343 19676 4 22463 134 8810 7730 22463 16192 16404 20149 7491 7850 11518 4179 5 20402 15138 7176 9193 9193 4886 6103 22463 14031 11952 5 20402 22463 8525 4 22463 26 4 22463 21 21 14534 21 21 7850 22821 4 871 14534 4 17458 15643 3391 21793 13030 4 22463 22356 4 22463 2510 6103 2930 3341 7730 22463 9634 5 31 9193 9634 5 9193 9634 18498 22564 3616 3166 8988 4766 9193 10343 9193 28 6103 9867 7730 18498 4854 5353 9193 28 6103 18069 4 9193 9634 18498 7459 16137 6103 3015 4 18498 19822 20673 7850 2519 20244 19456 31 18478 4179 7730 20402 16647 16673 21739 7730 18498 12716 14667 15540 17872 14667 4672 5 9193 9634 18498 1190 13026 15678 21551 21793 4 18498 20402 22463 23577 5574 4 22463 23577 14245 5 9193 9634 18498 7319 17438 2979 7730 18498 19900 15138 2727 22020 22463 918 7850 14425 9422 7509 22942 5 8840 18498 9193 22521 5360 17438 13909 18497 15266 7730 16083 18497 4 2136 4886 18497 1249 16066 4436 4 21355 20222 20149 6400 6103 28 5 5 5 5 18498 5360 31 20402 8956 2510 6103 3751 18498 15658 7340 10495 17438 15299 7730 18498 15643 8386 15678 18498 20402 12180 5 18498 31 10765 5360 31 20402 22463 21282 6389 6103 21389 4 6592 22327 18498 31 14149 21596 16404 15812 7730 22327 18498 31 22942 21596 17872 6075 5 
18197 5 8995 3086 14539 11462 4 2702 5 9808 18497 15266 4 9634 20 21 
21 8956 15286 8 29 8 29 
21 21 21 288 18498 16721 18498 4 21282 17438 23217 7850 21494 7509 4945 4 6103 871 10211 7847 740 20402 14604 7730 21355 9193 15658 8995 21282 7730 21355 873 14335 1049 5 21355 7847 21371 8995 8858 9193 22942 5 
4766 15678 16468 7509 21551 4 8406 14466 7850 16822 6318 5 7730 18476 9193 8408 4 15658 7545 13909 21389 5 1393 5431 4 16468 31 20402 18494 22463 22389 4 22463 7594 9626 18498 6256 4394 4 9193 23135 20357 13909 31 7594 16673 13324 7509 18498 17438 18475 16083 4672 5 21 21 8956 21684 8 29 
21 22385 9193 4 14539 6 29 21 
8 29 8 29 
26 26 6 
21 21 21 12780 22318 8361 31 9130 7850 28 6 13405 20293 13909 22463 2963 21 21 6 21 
21 11462 20402 7127 7509 15253 7730 16673 17819 22897 7850 22942 4 8386 15678 18772 20520 6318 5 5 5 15658 11284 4796 23104 20244 23135 5 18476 9193 6146 18498 18533 19969 6103 3962 23135 21200 7730 654 4 18498 9193 18784 19969 4 18525 21198 20402 9193 5 20357 15138 20126 6103 352 21793 15678 28 4766 31 20931 23180 4 6103 4289 7914 3962 6408 7509 2154 7730 16098 22463 21 21 21972 15678 17490 7277 0 21 21 8329 8406 7850 14604 18487 4 20357 15138 20126 6103 12780 1393 21127 4766 23135 4 6103 1937 31 15609 4 6103 9901 11091 1393 18497 3710 7509 3962 21 21 15253 21 21 4290 6103 14049 21282 17872 22318 12834 5 20357 9620 7509 20931 4796 4 7509 20463 4292 4 6103 23135 14335 15855 20829 21793 31 22898 7914 18498 9193 19450 7599 7850 20463 18487 4766 14378 6103 866 1276 6103 16647 7850 20828 6103 15604 4 6103 15256 6075 4815 2136 9193 7599 4 17458 9193 15658 5219 22318 20786 5 15425 16192 7850 15190 12780 20402 3735 6103 9457 15678 18481 20402 11043 17438 20402 20931 9942 7730 15678 18481 9193 6679 20402 16673 14466 22463 21649 7509 15144 18498 23135 20402 5 15708 17438 14335 13480 21793 7127 4 17438 9743 15678 11875 17872 14335 6256 9808 4 17438 15643 6820 16066 8918 6103 9193 5 9193 22318 1027 15138 4 7509 21364 7509 15190 5 9808 7127 7509 15253 8 29 21 
21 11462 20402 15678 7127 7509 18498 9193 8637 20402 1920 18498 5741 5 7127 6103 18525 21596 15678 6193 1515 16404 20500 18476 15678 1961 10855 7914 21858 7509 14975 7509 3750 7730 18498 6103 3058 11590 4 4766 15678 16468 7509 21551 4 201 20149 15995 7384 5 7127 6103 18525 15643 12780 20357 15678 17605 6103 16098 31 20931 9634 16066 15678 20463 1097 7491 4766 4520 7730 9313 15678 18498 20402 18498 23135 9743 7850 20463 21932 17458 15502 15643 8386 15678 18498 15678 14196 20520 14539 18498 9431 7730 9366 14667 22898 5 9808 7127 6103 18525 2647 15678 18376 16404 18069 18498 15658 4 15678 14196 15658 5762 15390 15424 12946 7730 13643 7730 18498 20539 4 23135 21596 15936 18191 1393 5298 18475 4672 5 9808 7127 6103 18525 20149 1409 17438 22463 7509 23498 13909 17976 7509 2119 7730 6103 18525 9743 18553 6103 2647 7850 16654 16404 15061 12861 5 9808 7127 7509 17934 6103 14196 17872 18525 13055 20402 7730 17872 18525 740 20825 7914 22463 7127 20402 8 29 21 
21 22200 6103 2658 4 17304 0 27 8 29 21 
21 20402 13512 4 10962 7730 20329 20 
2700 17872 12353 6 21 
9130 21389 18498 6075 2136 10959 20 
28 6 18533 
21 22463 1114 2617 7914 28 4 3671 4 2685 4 26 4 14534 16753 7850 2519 22886 18498 15643 3391 21793 13030 4 1962 10273 26 4 1840 4 26 7730 21935 6103 3629 
18197 5 15138 15708 16673 7127 6103 11462 4 20402 22463 7509 14604 14426 1247 20 
14196 15596 20402 13909 1114 26 22575 21 
18525 20402 15678 13909 13520 0 
11617 26 26 26 26 26 26 11617 26 22 21298 26 12863 11678 11617 26 5 5 5 26 26 26 26 
21 21 21 15678 14604 6472 20402 1190 21282 7730 8840 7850 21551 15678 15576 6996 5 5 5 21 21 
21 21 21 21355 22318 7491 18498 15678 20537 20402 3058 4 9193 15658 22318 13325 6103 18498 20537 6329 8317 5 18498 17304 20402 14336 20784 15658 21596 4766 18525 7459 22463 17211 5 16066 18498 15855 17872 13131 7730 20149 16765 21282 7850 14336 6103 22463 15157 20402 22463 7509 17107 20319 4 13055 18498 15502 879 9743 11644 6103 18525 22318 20402 5 21 21 
21 23 28 8 29 
21 9193 20402 15138 1114 14539 8956 22516 20 8 29 
21 8 29 8 29 
21 21 21 12780 7043 21793 15678 13923 7509 20463 16718 4 8995 5354 31 21793 14924 5 5 5 21 21 8 29 8 29 
21 7730 8956 20126 4 11300 13804 0 
352 4766 15678 5528 1467 4 20357 22463 9620 22385 11020 7509 9193 2429 4 7509 9193 3213 4 7509 9193 5459 4 7509 9193 22521 5 5 5 1114 20244 9971 8 29 21 
8 29 
24 8 29 8 29 
21 7730 20402 1920 4 18498 9193 16367 17438 22463 20207 7730 16721 15678 18481 12780 20357 9620 6103 23135 7850 9193 19814 20 15708 16673 1249 7474 20 1027 11529 20 3407 20319 20 26 28 30 28 21 
21 1612 20319 7914 18498 23135 20559 15658 5219 16367 6103 15855 17872 20463 15540 4 6467 6103 18498 20402 23135 20 23502 22898 15671 13010 21389 15678 21815 18498 15678 6996 9193 6075 18498 20385 16765 18498 8956 21815 20402 4245 7730 15941 16404 4672 13905 4 14426 5 9193 21596 18498 662 21389 10765 4 20149 9193 20402 4809 31 4491 4 18498 15658 5219 13566 21793 15190 4 9193 18525 20402 4 19900 2727 20 15708 17438 21596 2133 21793 15678 14604 21199 4 21793 15678 14604 6739 4 3450 16192 6103 3450 16971 20520 15678 15190 17872 9193 5 
31 22640 20402 9193 9193 31 28 20402 21793 7509 3790 13761 6103 4434 20 15708 4 14604 28 20 15708 4 9193 15253 20 
22575 20 20 20 20 20 20 20 20 20 20 20 20 20 20 20 24 20 20 20 20 20 20 20 20 20 20 20 20 20 20 20 20 20 30 21 
28 15576 21252 2136 654 20 
21 7730 2371 23135 155 15678 4945 7730 20559 6592 4 1276 7509 7127 17950 4 18498 21282 9620 22463 16468 16404 18779 22463 7509 20463 13905 20826 5 5 5 733 4 3794 20 20 20 20 20 20 20 20 20 21 
21 12780 16440 17872 16292 28 7730 17714 9193 14024 4 17458 15658 8995 10544 5 5 5 28 17125 4 28 3630 4 28 28 4 28 28 4 28 28 21 
21 8 29 8 29 8 29 
21 14335 22805 7914 29 4672 5 5 5 
21 8 29 8 29 8 29 
21 21 21 31 22942 11570 20402 9790 6103 8637 5 20539 16066 15658 5 8406 16066 19969 5 20954 16066 6582 5 9193 21371 11284 31 8637 18498 9743 31 7178 5 1027 16066 15790 5 20402 22463 11341 16066 22463 5682 5 13749 16066 6820 5 23104 16066 15036 5 21 21 26 26 21 
26 8 29 
21 9193 1400 22463 14676 6103 22898 15678 18498 9193 12780 8678 1614 4 21355 17458 15658 9387 16192 7850 15190 3735 6103 6650 4766 9313 22327 15678 18498 9193 6679 17872 20931 22942 5 9808 1247 4 16753 20 16580 4 1114 4 835 7730 15138 10268 17872 8241 21793 31 7181 7730 15061 17872 15190 15678 18605 14149 7730 3735 4 23135 20402 5 288 18498 20402 31 18069 6103 18498 20293 11284 22463 873 7850 15190 7914 18498 4 14539 18498 16468 14667 1249 20244 22240 22463 21282 16192 4 740 16468 1612 20352 6103 5107 7730 1114 17269 5 15658 3697 6103 14335 13325 6103 21793 15678 14924 18498 16468 13026 4 5741 15138 4766 23135 7730 1540 31 20402 14425 7509 18498 9193 20402 5 1540 22463 15604 4982 6103 1103 7730 22463 18876 22463 15604 4245 6103 6592 15678 18481 8956 20352 17304 20402 17307 4 22016 7730 18947 5 20402 12077 31 22898 7914 18498 9193 22318 6075 4687 7730 20357 15138 15995 7384 4 20357 15995 6103 17304 7491 18498 22318 21596 4815 7730 18498 20402 15678 20463 1506 5 15138 15708 17438 21596 11710 31 9193 22942 4 17438 21596 827 15678 14604 28 7730 17438 15643 21596 6820 6103 9193 5 18498 28 22318 78 15138 4 18498 7847 9743 14668 7850 20931 22942 7730 18498 21793 15678 20463 20826 20149 18779 7148 7509 23167 6318 5 15671 7558 19900 2727 15678 18498 20402 915 866 7730 21596 4181 18498 15658 9193 6137 4766 15678 15576 10530 5 16323 4 16323 20 20 5360 20402 8956 15144 12094 4 21596 15138 15995 6103 22318 20 20357 20931 9620 31 21793 20207 7730 13923 17511 6650 15678 18481 12861 14335 13822 5 9193 22318 1027 15138 4 15138 4 15138 4 15138 4 15643 20149 8918 7384 5 21 
21 15643 4 15425 16192 12780 20402 3735 6103 1085 15678 22730 18498 23135 6256 5 5 5 15678 7127 1021 13512 1471 6103 22223 7730 9193 21596 4181 18498 1612 6014 2352 4 20402 15678 19093 7509 20931 835 20244 9971 20 17872 20293 4 28 20 17872 20293 4 28 20 
28 14212 21 
3510 17872 26 18498 1614 20402 7282 20 20 20 1114 6329 20402 31 13909 13512 17960 22882 
21 20402 18498 9193 1027 20244 5174 4 20244 21787 4 20244 20357 15678 4292 5 9193 1027 21282 17438 368 18498 21340 20352 17304 9387 5 9193 15658 19900 14335 9743 6103 7188 4 15658 19900 15398 5 9193 18533 1276 6103 18533 5 9193 8147 1276 6103 16784 7730 20215 1276 6103 6256 3510 5 8956 20402 15678 17877 5 9193 1027 18476 740 21282 9387 9408 5 
18533 28 21 
21 21 21 11284 18525 7491 18498 20402 6670 20293 4 9193 9193 17658 7491 18498 20402 16404 20293 21 21 
20126 6981 23523 4 12787 20 8995 13026 20293 4 15860 20 20 21 
11462 9193 352 4766 22463 20126 6103 15671 22310 20 
7509 26 26 26 31 26 0 26 7017 31 18526 24 28 17100 
26 20 20 20 
6 29 
8 29 
21 12861 1614 20402 28 4 14604 17563 8 29 21 
21 20402 12672 31 14031 4796 31 4672 201 4 20402 12233 15678 9707 6103 20352 18498 15344 7730 5741 9228 13669 7688 20149 14878 4 20149 22020 5 20402 11952 31 10211 4766 31 18470 31 17972 9790 7850 3610 7509 22942 20149 6760 4 4796 18397 4 7730 15643 13909 20402 13325 17438 18525 31 17973 5 7730 20402 4 308 6103 22327 4 8430 15855 16404 22305 7730 22805 22463 16468 4290 6103 15243 4 4290 6103 14156 22385 17942 7730 12545 1393 17406 6103 12584 15658 17737 18498 7102 7730 17304 20402 7174 5 7730 15458 18553 21793 15671 19900 18498 20293 11284 22463 17495 4 22463 12103 5 15678 17737 17304 20402 7174 9193 15658 20402 4 17458 15678 6996 20293 21489 7914 6760 15678 17233 4 12780 6103 5371 1393 23167 4 14096 15678 18674 4 19266 31 13324 7509 16468 4 12862 20402 4 22110 22463 3213 12610 7730 20531 4766 15678 15576 5212 5 21 21 21 
21 16721 7914 9193 18498 9193 8995 4289 654 4 15658 17629 13909 4346 20 20402 18498 31 20126 9193 13055 6256 13761 20402 4 8840 18498 9193 15658 6361 31 23151 20 8 29 
21 21 21 1095 4 13253 8956 3393 17872 6408 9594 4815 20 20 20 20 21 21 
28 28 21 
17737 13520 18498 31 22942 14335 6075 20 28 28 30 
8 29 
21 21 21 22897 7914 18476 23016 1614 7730 13405 22463 16440 6103 9193 4 14335 5064 4 19629 14604 17233 7730 23104 7914 14604 20826 5 23016 14335 22805 7850 13860 4 15658 6361 18494 15299 4 22327 9901 20293 17872 16083 11518 5 20402 18498 12780 21596 15678 7127 6103 9193 21596 20931 4842 7730 15643 13909 22805 23135 12780 7957 0 9193 15658 14335 22805 20244 23135 4 21282 15658 6361 31 16765 17458 15678 21551 23123 4 15678 7127 16468 7730 8956 1114 201 5 20149 15658 11284 15299 31 16784 4 8443 12780 21596 18498 8637 5 5 5 6695 4 22805 20149 15658 14335 2087 15658 5 21 21 21 
21 3913 7850 5648 15678 16958 7509 15190 4 15458 11518 31 10547 22657 12780 18498 15678 21364 4 22657 13909 7509 18498 31 10268 7730 13905 7509 18498 15678 14378 17458 7850 10484 23135 20402 7509 21364 7509 20463 20826 5 5 5 21 
21 28 4 21793 15190 8995 15855 17872 10765 20 20 21776 3494 0 
8995 5 
20537 
21776 3494 4 28 0 0 0 0 0 15678 5 15678 
19698 2136 15036 
15658 20 8995 21793 15190 15855 17872 10765 5 5 5 
28 28 21 
21 21 21 15253 4 9193 18533 22463 21551 17872 18931 16721 18498 21596 31 22942 21793 17872 16721 17458 20402 6036 9901 1614 5 15253 4 31 22942 14335 10268 31 1540 22327 1616 18498 9193 16098 6103 23135 9193 8406 15678 17877 288 18498 740 19900 20852 5 15253 4 17872 15138 4672 9193 19900 18498 6361 7730 18481 21551 12861 9743 9193 13055 15424 19900 4 15678 1249 12430 7914 16468 4 7730 9193 5741 5 5 5 20402 18476 1540 23123 7730 15678 15190 12526 18533 16647 17872 9193 20 31 10765 15344 4 5741 4 3962 7730 20825 7914 20402 9808 17438 12861 9193 20402 3348 7850 15190 22327 15678 18498 9193 18533 4 21793 31 22898 4 9193 15253 18498 873 14335 7491 15658 
23135 7491 20539 17872 14604 5528 20 21 21 
9808 7127 7509 15253 20 9193 22318 1027 13909 7509 18498 23135 17304 11731 20 15708 17438 22327 20 21 
22942 6103 22881 20 20 21252 21371 20402 7127 3407 17960 9774 16440 28 10962 
6 
14265 31 20126 20 20 20 
3029 20 20 20 20 20 20 9634 17822 20244 21346 
21 21596 18498 5320 2136 29 4 17458 15855 5 5 5 21 
2702 6 
28 28 22385 31 10765 3598 6103 20828 7850 5942 20 27 
21 21 21 23135 9901 22385 7174 7730 1612 20825 7509 10765 4 14539 15658 20402 13909 20463 15658 15036 20 20357 9620 6103 23135 7730 31 16192 18498 14335 5929 15502 12780 7491 4 3450 4672 18498 9193 5219 18533 7459 5354 5 15658 12780 20402 10544 8918 21 21 21 
6 
21 6 28 17100 
9193 1027 31 28 17100 20 24 
21 11462 15678 14604 17819 7730 23577 20693 6103 5528 201 6103 4886 22463 1239 20 7730 16393 18498 20402 15908 18498 9193 6592 18498 21596 22463 15604 14443 7850 8443 4 18491 5 18498 6592 18498 20420 21739 4 21739 6103 5528 4 7730 18498 22805 22463 7509 9193 14426 1095 20149 21858 15253 5 662 21389 31 28 21793 15678 28 17438 21596 4730 8956 3369 13512 7850 9193 22942 4 18498 22126 21389 835 17872 14604 5528 4766 1453 22463 15855 20 9808 1247 4 1114 6103 21739 4 18498 28 22318 78 7730 18498 20463 3610 20402 11710 20 
1095 4 15708 17438 14335 16878 9743 16440 7509 22942 6981 4672 13909 13512 20 1027 23135 4 7509 21364 7509 15190 20 21 
2702 20 
7730 20149 9901 4815 20402 17458 10959 7509 14604 27 27 27 20 20 20 20 27 654 20402 22327 15671 3884 29 
16440 0 16440 20 20 28 17100 
3058 7127 17872 18525 352 15678 7052 16923 5 5 5 
21 2702 4 28 20 21 
28 17100 27 
3058 21409 20 20 
21 27 
28 17100 
15678 18498 9193 16098 18476 31 12353 4785 31 9594 5 5 5 21 
7730 31 4127 20149 19335 5 5 5 27 28 28 6843 7850 8345 20 
3058 7127 20 
21 13055 16721 20149 31 10765 20402 22463 17556 13909 16072 15458 15576 13185 0 13055 16721 4 22020 31 9193 1103 15658 13512 19771 0 17769 2031 7914 22327 15678 18498 31 10765 9743 4 13055 20402 13909 9808 18498 15138 3962 5 6509 7509 14378 7730 6256 349 4 9193 21596 22463 18006 16404 22318 9743 6 9193 4 23135 4 7558 9943 7730 22463 3439 4 22463 7796 4 22463 9956 3058 7850 10405 6103 656 5 5 7730 2371 4 23135 21830 0 21 21 21 
27 7730 15678 18855 26 26 20 
21 17511 7491 4524 7730 15696 18498 14335 13325 4766 7055 7509 7127 7914 18498 22805 871 6103 23135 16673 17819 22897 4 22463 4 4346 4 16083 4 6103 22385 1271 16393 15658 20149 5341 4 7730 16083 4 1920 4796 9193 4 15658 21596 22834 7509 835 6103 8995 7850 17819 21266 5 20402 8302 15855 10273 1341 7730 19640 22463 16468 4 18498 16468 7148 7509 15576 15860 22385 19871 5 13325 7509 3388 9077 4 7509 6383 9620 7730 7509 15860 4 22385 4290 6103 20826 18498 16393 8995 31 17406 6103 9439 4 7730 654 4 7118 1249 6408 4 17511 565 4766 21793 31 4181 7509 15190 4 18498 740 17511 8474 15678 19093 6103 21340 20826 4 7730 18498 8956 20402 31 11518 6103 18783 5 
22463 16620 6103 9193 4 1267 17438 22942 15604 4 17438 9574 7730 17438 19478 4 1427 8092 5 31 16083 16440 21151 7914 20537 17438 13909 22463 7127 5 13909 22463 7127 6103 19699 12277 4 13909 22463 7127 6103 3251 7730 7509 22385 21535 7730 12222 9462 6 15678 2995 9426 5 9193 910 4 21151 17438 13909 22463 134 4708 4 17438 13909 22463 1449 12791 3872 7730 20402 4524 4 16673 23575 7730 9172 3213 16673 22798 5 15671 4 20304 6103 15671 14539 4 7589 6103 15576 18191 15336 4 18834 7730 19195 6103 15576 18191 7277 4 31 16440 6981 14924 4 7730 16673 17819 22897 7850 22942 4 17304 9743 15678 18498 18533 5 7730 15678 18498 20402 18498 15671 18533 4 6103 22821 0 1453 13909 22463 7127 5 5 15658 11862 18470 3611 19450 20202 4 740 1920 21596 22463 1393 16083 5 15678 1114 4 31 22521 7730 15678 19456 18498 9193 4163 15658 4200 4 4796 13055 7491 28 28 5 5 5 31 1103 20402 22463 1114 18498 15643 15036 5 7730 15678 15576 1114 4 15643 11284 6103 15036 5 10268 4 21021 7730 5521 20 18498 9193 3610 20402 7188 4 9193 18498 9193 28 20402 10896 20 
18197 5 20149 8918 6103 873 4 14156 20 21 
21596 7491 20 
8 29 
21 21 21 9193 20402 18498 7850 10484 4 15643 20402 1114 4 20402 23167 6103 20359 4886 1393 14466 22463 22897 7850 22942 5 20402 8095 17438 16192 3086 4 17438 15855 15619 7730 17438 20319 6621 5 17304 21596 20402 1114 4 6072 2727 4549 4 4766 7277 31 17438 7509 20749 7730 15285 4 9193 15658 15678 20402 5 15658 20402 15908 4 15658 20402 11462 7730 15658 20402 1022 5 21 21 21 
21 21 21 9901 22385 5150 16673 18478 6103 4672 18498 21596 6103 5241 18498 15658 19900 20149 4346 4 16066 20149 19698 4 6400 7509 14604 11590 5 6408 7599 4766 31 20319 9074 6103 18498 18533 20402 7174 7509 18498 20402 4 16066 6103 18498 20402 7174 7509 18498 18533 20402 4 16066 21355 6103 14335 4902 7174 7509 18498 20402 16066 7509 18498 18533 20402 5 21 
21 28 17100 
20855 18498 31 10765 20293 16630 31 14539 4672 20 
27 21 
21 21 21 19900 4796 20402 7188 2011 21793 15678 16630 7730 18498 31 9193 17617 20402 13909 22463 7850 15157 5 20402 18498 28 17304 14335 16098 4 21282 18533 662 22327 18498 22463 7127 9193 13055 5219 20 21 21 
21 3058 7127 4 835 20 20 20 
4289 15678 15576 7127 
22805 23135 10211 4 6073 871 11518 20 27 
28 17100 4 28 28 4 28 28 4 28 26 4 28 16811 17406 4 28 30 4 28 28 4 28 28 4 28 28 21 
28 17100 27 
23554 20149 12780 20 27 
21 21 21 26 26 26 26 26 10628 21776 17257 4 26 11617 26 31 26 21776 26 26 5 15833 20 11617 26 11943 26 20 21 21 21 
21 21 21 7847 12255 740 15658 20149 362 4766 21793 31 11635 7730 22985 6318 5 22463 7127 7850 1114 7730 16083 7850 17269 23560 5 17297 14464 28 28 18498 16721 21596 8147 15324 15018 10334 6103 15855 3510 4 21793 15678 20463 20826 6103 28 5 17297 28 468 18498 892 8838 19673 12764 7730 18498 740 19662 17438 7847 21793 15678 28 1276 6103 7599 5 7623 28 18498 17894 20126 7730 10648 13947 4 17297 28 7589 6103 2725 3388 7730 19671 1114 5 17297 28 18498 15344 7509 5649 6103 28 4 9193 18498 23104 17169 16673 18376 7509 21751 5 17297 28 18498 740 368 7850 1114 21 21 21 
21 26 26 4 1097 20 
28 17100 4 28 28 28 21 
21 14604 20327 6103 16853 9439 4 16647 20931 12709 7730 12780 17872 5 5 5 20 2700 7850 15880 4 17872 18855 16468 13667 20 2700 15678 15880 4 21282 17872 12711 6103 17244 20 28 17100 27 21 
26 20 
26 21776 28 20 11560 6 28 5 18740 29 18610 
21 11462 20402 15678 7127 6103 22463 7509 13905 17737 18498 31 22942 13055 14335 6075 20 9808 1247 4 9193 17831 20 18498 16292 7509 6014 22318 11710 7730 22318 11139 20293 4 18498 21793 15678 20463 20826 20149 18779 4 7730 18498 23135 15643 6256 6103 20402 8956 5758 12094 7730 12534 20 1027 22318 16939 4 22318 2351 7730 22318 1467 20 22318 1027 4 22318 1027 4 22318 1027 20 21 
21 22 22 15855 4 9193 19900 18498 15678 2573 8995 10507 7730 19900 18498 23135 21371 19900 4 9193 18533 22318 7491 17872 15658 16367 6103 19252 4 17458 22318 22805 19252 14335 6075 23167 6103 15658 18533 16367 21371 5 8995 14335 8386 0 9193 19900 18498 20539 5 9193 8406 15458 2573 4 20402 21282 14335 16630 5 15424 17629 6103 12939 4179 4 21282 7491 7730 9193 12780 5 9743 21551 18498 18533 12333 15458 22915 4 9193 17872 12861 17629 19900 20149 23135 12780 21371 5 17458 21282 4 15658 12780 5 15658 21596 4796 19252 21282 4 9193 9901 10855 7914 21858 6103 9193 14539 5 9193 15855 4 9193 21282 8406 15458 2573 20149 23135 17973 19252 21371 20 9193 51 22327 4 11454 4 16468 4 4396 5 5 5 5 9193 22318 8361 31 15299 4 13033 20 9193 23135 21596 18498 14335 17973 18498 12780 21582 4 18498 12780 20149 8744 4 18498 12780 19252 8329 20402 17629 4 8329 21596 10268 20 23135 21596 18498 14335 17973 18498 8956 22915 15658 12780 20402 31 21778 4 18498 22657 31 16689 5 18498 17438 23135 22657 31 16689 5 18498 17438 15671 22657 31 16689 5 19252 5 18742 5 1027 5 22 22 21 
21 18533 4 21282 16404 5268 6 18525 15344 17872 4292 31 28 15643 22564 28 22 20539 26 20 16784 31 8838 20 21 
21 21 21 21793 9078 20402 22463 20954 8657 9193 20293 11284 22463 15256 7850 18470 23135 17304 20149 20215 5 15855 17941 16673 21517 4 23135 17304 16765 18498 20463 13194 8995 6389 6103 23135 21 21 
16440 10535 20 
21 21 21 9193 21282 18533 31 13441 6103 22463 1114 12135 7730 31 835 6103 22463 8378 3565 5 18533 22463 21215 6103 1623 18328 7730 22463 3614 6103 20826 3735 6103 8095 15678 15190 21 21 21 
21 1393 18498 18533 14335 7017 4 22463 5220 6 15658 11862 18481 21815 13405 4 740 1920 21596 22463 14676 6103 15083 16404 5360 13749 5 21 
21 21 21 20149 19900 18498 15678 15190 20149 6808 1022 4 740 1920 17239 31 9193 13824 5 15678 18498 14335 1966 15658 20402 31 23014 6103 17556 4 9193 31 15888 6103 15138 5 21596 1540 31 23123 4796 15678 18363 4 31 15299 4796 15678 16659 4 9193 15658 1540 31 20333 28 6103 23104 4796 12787 5 21 21 21 
21 26 26 28 21776 26 11617 21 21 26 21 21 6 
21 21 21 9193 20402 12545 5 15658 19900 20402 6103 14466 4 1027 22463 17556 16066 20357 16673 14561 5 15658 5219 11139 16192 9193 16719 16066 9996 20402 866 18498 15658 20402 21282 16404 16393 15558 5 1614 20402 910 4 5574 7730 5528 5 20402 20149 12960 7850 90 20244 15678 18873 6103 15658 21596 15502 13761 7932 8840 17438 9193 5 18533 22327 15138 4 654 4 1190 20 22805 20149 15658 6361 4 17458 21371 15658 10959 6103 8840 5 1614 20402 15840 16066 15840 14667 5 20149 20402 17872 20402 4 18498 20402 6329 4 12545 4 6075 10405 7850 2601 5 18498 20402 19871 4 19326 4 10962 5 18498 14335 12960 7850 16395 4 18344 16673 3388 7730 14335 13405 16404 22918 7850 7127 20201 5 18498 20402 866 21192 4 18498 6075 3099 7850 9156 7730 14335 6256 18533 13909 5 18498 20402 9584 4 10159 4 12102 5 18498 20402 22463 1114 11090 4 12399 7730 4885 4 23577 5 9193 20149 15658 17304 20402 22327 12861 4 18498 20402 22463 15299 5 18498 12780 7957 7509 9193 22942 1276 14539 6103 5849 31 20755 7509 17478 5 10959 18498 14335 21999 4 7730 15658 1453 373 5 21 21 21 
21 21 21 20149 17629 31 10765 3213 4 4346 4 23151 13909 22463 22897 4 20369 4 15311 7730 3962 16083 22897 21 21 21 
21 31 10765 23104 13026 4 31 10765 20149 7509 2727 31 22898 27 7730 15658 6679 13923 31 18494 15502 20 8 29 28 17100 21 
21 9193 22318 1027 15138 5 15643 7491 4 4796 23135 21371 15658 7491 4 9193 288 18498 23135 19900 5 16689 18498 31 11020 7730 31 5867 5150 15658 19900 1027 5 16689 21371 18498 31 10765 20149 8455 6103 7491 4 31 10765 15658 7102 21596 22834 7509 18498 20402 3086 5 16721 20293 18498 22463 7127 31 10765 12780 20149 8147 6103 15604 4 7730 18498 8443 22327 12780 20402 13909 4524 4 18498 15658 12780 13909 11284 14378 15424 4672 9608 5 11284 22463 17494 6103 4672 9193 18498 23135 15658 19900 4 7730 18498 17629 19900 16404 4915 21793 31 22898 18498 10447 6103 23135 7730 23151 7730 21858 31 10447 5 20402 4672 7188 6103 20402 5320 4 13909 7188 21355 6103 20402 4915 20149 22463 7127 31 10765 20149 8147 6103 15604 4 7914 1114 4 9193 7491 6281 4 3962 5431 15658 20402 17629 5 8956 4672 15658 16630 19484 15424 19498 871 7914 23135 6 9193 21282 18533 18498 23135 19900 7509 15138 1114 7730 21630 18498 9193 21596 7730 21596 17872 23135 5 288 18498 20402 3058 31 10765 19900 18498 9387 6981 12939 7914 873 4 4796 23135 9387 7914 9193 5 21 
8 29 
21 9808 7127 7509 12787 4 17872 6103 20044 28 28 18498 14335 2079 6670 15678 17819 20207 7509 9193 22942 7730 17872 5915 4 18498 21371 20402 4796 20149 20402 12787 7730 17872 14426 12787 6103 5528 18498 9193 17304 21596 20 28 17100 4 28 28 7730 28 28 20 1027 15138 23135 21 
21 21 21 9193 19900 4 20402 1920 14539 4 15678 18498 21596 18498 20402 12780 20402 5 17304 6361 22463 1249 4 7558 16066 14667 1249 4 9193 12780 349 5 28 22318 13591 6103 4179 16971 16404 7850 17739 4766 16083 5 31 9801 12780 4289 4 20402 21282 19900 8840 21 21 21 
21 3058 7127 4 835 20 6 8 29 21 
17790 13512 20 
26 8 29 
21 7509 21266 6 21 21 15576 16468 9193 5041 20 21 21 27 
20126 6981 7127 21 
21 21 21 28 22318 6075 1694 4 15658 22318 16630 17872 12780 17872 11154 5 28 22318 6075 910 4 23135 6146 15678 18481 8561 5 15658 11862 18470 28 23135 12780 8637 9193 17629 368 7914 866 4 14539 18498 20402 21282 7914 23135 5 15678 15190 21582 7043 7491 8995 21282 4 7491 18498 31 13759 21282 9387 7914 20463 9676 5 9193 368 7914 28 14539 20244 8720 20931 23180 17458 14539 4766 22327 12861 7847 740 6075 16083 4245 17872 15671 5 20582 21371 368 7914 23135 4 368 7914 9193 4 7914 13441 4 21355 5 14539 4766 21793 6781 7509 15190 4 17872 846 14604 12787 4 9193 15344 16083 22897 21 21 21 
21 15678 7188 20402 18476 7847 20402 15678 3790 8561 17872 23135 4 9193 23135 20402 31 15144 4179 17872 7847 5 2371 10131 22327 5 8561 4766 8561 201 7914 18334 4 4179 4766 4179 201 7914 3960 4 9193 8561 4766 4179 201 7914 9193 6246 7850 3590 4346 7914 4434 7509 22115 5 201 4815 5 
28 28 5 21 
21 21 21 11462 9193 352 13909 4099 7730 9901 22318 15855 7599 4 11731 871 21153 14378 16404 18498 22385 13640 17304 22318 4624 5 21596 5876 6103 23135 21793 8956 21551 4 23135 9010 20663 15678 14604 134 7730 9193 18059 5 21596 22886 23135 8561 7730 5741 4 1027 7730 23123 5 23135 19900 15894 17562 5 1393 352 13055 21596 16440 4 9901 6103 13667 4 8644 9193 20293 16936 6142 4796 20149 9193 20402 11570 4 23104 5 23104 17872 22318 5876 4 22318 18044 20244 23135 14335 22805 4 20244 19900 18525 20402 4 20149 20402 1248 16066 20149 20402 20463 1114 21 21 21 
27 5174 873 0 28 17100 
21 27 
2371 18498 9712 20 28 17100 21 
21 21 21 20402 4273 4 11663 4 20244 11066 4 9786 7730 9773 9193 20402 9193 12787 6103 21793 31 11518 4 20644 4 11590 7730 17877 20 21 21 
26 26 4 21202 20 21 

19814 20 27 
21 15708 17438 22327 15678 18498 23135 14335 8361 7730 14335 8361 21793 15678 28 4 17438 21793 31 22898 18498 14335 347 4 18498 14335 8720 7730 18498 368 7850 14604 17542 20 15658 9387 16192 7850 15190 3735 6103 6650 15678 18481 9193 10959 6103 23135 7730 15678 18481 9193 18533 18498 6075 22327 4179 7850 20931 22942 20 9193 21596 14539 18498 662 15138 31 28 17438 21596 4730 7850 14604 3610 31 14425 4284 1095 20207 15253 7509 15190 20 
13055 21776 4766 20126 4 8995 0 27 21 
21 21 21 15678 11895 349 7730 873 22318 8147 5 7730 22318 19040 5 22318 19187 5 22318 19048 5 22318 18931 5 21 21 21 
3058 7127 6103 21252 4766 15678 17790 13909 13520 7509 15190 20 28 17100 28 
21 21 21 2371 7847 14335 14018 15834 4 7847 14335 14018 15834 4 7847 14335 14018 15834 20 21 21 
28 17100 
27 22765 4 8956 11729 20402 15138 31 10765 20 21 
21 19969 17872 918 4 155 15678 28 7730 14335 6396 4766 8956 20853 13512 4 15658 21596 17807 20 27 5 20126 30 20 9942 7509 26 26 21 
21 23 1115 4 
7127 29 29 20472 654 21793 15190 7850 8632 23502 29 16066 2136 22463 29 17872 16647 31 3618 7730 16162 15678 19508 4 26 0 
18197 5 15658 12780 21596 2154 4 20402 21282 12780 13761 7850 10366 17872 16647 31 3618 5 
18475 7728 17304 14018 20658 17872 9193 4 17872 28 16066 17872 28 5 19318 17872 18525 15658 21596 28 4 16066 17872 18525 15658 8995 14156 
21 24 20126 6981 21551 20 27 29 20402 15678 15576 1249 20 20126 20 22318 1027 4 15416 20 1095 13324 21 
15678 14604 13905 17877 20402 22805 1114 7730 17517 6103 9801 7914 22327 20 6 20539 
21 15643 21596 21389 15995 6103 20402 12979 7730 6103 20402 3170 20 
15678 10839 352 21 

