21 18339 18498 16404 4 13055 9743 29 1249 18498 9193 20402 15458 20497 0 
16393 18498 20402 15908 7 
13909 7509 18498 20126 
26 26 23151 13640 20 20 20 21 
21 4854 7914 29 4 29 4 29 5 21 
21 16971 20293 14335 16836 15678 17438 18498 6103 9193 1027 21389 28 4 31 19484 8995 2371 4 20559 17438 8956 15083 5 
28 8 29 21 
21 2371 10765 4 4796 15658 1027 8956 8503 0 14425 21266 8 29 21 
27 20402 1920 14539 20 
21 15502 21596 5521 4 9193 21793 15190 21596 23167 5 
15658 17525 21282 17458 23029 4549 4 27 5 
2136 18498 8235 656 201 20 
26 14335 26 26 28 26 7 
26 14335 26 26 28 26 5 5 5 21 
17608 7509 18443 7509 20749 8 29 
21 21267 14539 28 0 
12780 21752 4581 4796 26 7730 18236 0 
9193 16162 8956 3119 17872 18498 0 21 
21 28 28 28 4 28 28 4 28 23135 5 28 28 4 28 28 4 17438 18498 23135 8995 6724 10273 7509 3960 0 
9193 13055 9743 21551 7914 5 5 5 21 
21 3488 4766 17605 5 
13264 7730 22350 21 
21 4796 15658 1027 28 28 0 
8 29 21 
21 4796 15658 1027 12861 0 
26 26 26 26 26 31 26 5 5 5 21 
12916 3136 
21 13905 19511 7509 28 13229 7730 21282 15678 29 13905 7914 21793 15190 5 
15643 22805 7730 4796 21389 14245 7850 9193 22942 27 21 
21282 4766 8956 22886 17872 28 9901 3086 7914 871 13727 5 5 5 
21 21596 4672 17872 9743 15678 21551 21793 4 9193 4796 15643 9743 4 11680 8956 23575 14924 27 21 
5762 4766 28 5 4766 26 
21 10765 14604 4122 20402 19822 5 20539 4 17304 368 4 21596 31 3790 6103 16553 6103 19822 15678 14604 21717 19249 5 
8443 8995 20244 4122 20 20 20 21 
21 29 17304 201 654 5 13055 15036 10765 18533 6329 7914 1453 22463 1249 6 
26 2372 5 2372 5 13085 5 21 
6 22 
28 8 29 
28 28 28 
21 9193 15658 21596 16192 16404 6650 8956 20497 5 
20244 7728 20402 15678 14425 6103 21793 18498 13055 20402 5 
26 26 8 29 21 
21 16323 28 20 
31 14425 4417 7509 15190 8 29 
1247 7509 3749 7509 2621 16323 28 18533 21 
21 13055 8995 22938 4 21282 12780 21196 2136 12897 5 
4676 7509 16971 18498 12780 5484 4815 2136 13761 5 5 5 21 
21 29 6103 12897 4289 13640 20 
30 8 29 21 
21 28 28 28 4 28 30 4 28 28 4 28 28 8995 20244 16192 5 5 5 21 
28 28 654 12780 8386 15678 18498 18784 9605 8956 15286 5 
9707 20 
28 6103 28 15036 6103 12709 6981 18379 18498 21596 7914 3962 6 
21 14604 5528 15658 708 8956 15599 30 5980 20 
20853 7850 3790 11686 22463 19535 654 5 
28 30 15855 18498 4672 13909 13512 20 
29 6103 12897 2371 12780 9193 6 6103 21 
9 6 15678 
21 26 
26 14335 26 
26 26 
26 22 18740 26 26 12863 5 21 
15678 17382 9605 21389 7914 201 4766 31 6792 9193 31 6792 13055 4785 7850 11538 17382 5 
21 28 28 28 15671 21596 18498 12780 5 
15678 17807 8995 21083 280 17872 10765 654 27 21 
21 13761 12780 9193 9901 15138 17297 5 
12780 21596 18498 13405 16292 5 5 5 21 
21 20539 20 
31 9801 8995 7914 22463 16753 17541 6103 29 5 
16582 5 5 5 
15708 28 28 4 20931 13512 6 6103 21 
21 8956 16169 18498 15658 5426 15678 9943 20402 10131 4 18443 6663 7914 22327 5 6408 15502 708 6103 21389 4272 4 23029 22463 13945 20244 989 7730 20244 19741 5 
21 15678 14425 6472 7509 2471 6103 10731 5 
4796 20293 4 8956 3790 14335 14265 6103 21389 19698 21 
21 4289 15612 13640 20 
15036 6103 5936 6981 12939 
26 26 4796 21776 26 20 20 21 
11617 26 26 28 28 20 
21 9808 7127 15187 7509 19735 20 
21 9456 16753 4 13909 15138 10138 
26 28 8 29 21 
28 6103 28 6 6103 8 29 
21 21 21 31 15286 20402 15678 2609 18498 16721 5 21 21 
28 28 5 21 
21 26 21776 26 4 20149 7847 4346 4 17438 18498 9193 15658 0 8 29 
28 6103 28 21282 22318 7491 22463 4672 6 16404 6103 4913 13591 16673 19509 7509 1249 17872 15671 12780 5 
1547 9193 8708 15286 6 
21 26 20402 26 21776 26 
26 26 26 26 26 26 
26 26 26 26 26 26 
26 26 4 26 26 
26 15803 26 26 
11617 22 30 26 26 26 28 26 26 
11617 22 30 26 26 26 28 26 26 
11617 22 30 26 4 11617 22 30 26 4 11617 22 30 26 4 11617 22 30 26 
26 15803 26 26 
26 15803 26 26 
26 26 28 
21 17819 3897 4766 28 28 7850 23141 7730 28 28 4796 10990 5 
18494 14265 31 15092 7509 5528 6 6103 
13055 8995 4766 20126 5 21 
22997 8 29 
11617 7585 22 21298 26 4796 26 21776 26 26 26 20 
21 28 6103 28 4 20244 16192 27 
21 12780 4 12780 4 12780 4 12780 4 12780 4 12780 4 12780 4 12780 4 12780 4 12780 4 12780 28 28 0 
16323 28 26 28 7730 28 28 20 
26 26 28 28 20 
21 20293 14335 7491 3450 4672 18476 9193 16836 17438 18498 352 7509 15299 5 5 5 
2371 8995 31 19484 5 21 
16673 14466 21596 18498 10648 22463 17983 7850 22942 12780 5 5 5 
21 28 28 4 28 28 28 7730 30 28 6 21 
28 13338 
9193 18533 20 
28 6103 28 20931 3790 6 
21 18339 18498 16404 4 28 16811 4 28 26 9193 12780 15036 20149 12861 349 5 5 5 
7847 21596 18498 23016 17872 28 4 9193 9901 7118 28 7850 9934 20149 20402 17629 5 21 
28 28 15855 12861 1614 6 
21 21 21 15678 17100 21596 31 21494 5 15678 8682 4 15678 16296 7914 3166 5 15678 15286 21596 15678 20537 5 21 21 
28 28 21 
21 7589 28 28 654 21793 22897 18498 9193 8708 26 26 7850 19870 18498 20402 21793 7127 9193 13325 7509 20306 5 
16404 6103 17438 15286 7850 9193 3393 27 5 5 5 
20126 5 21 
21 28 28 28 7558 4672 18498 9743 13325 23135 6 
28 7730 26 5 
20126 7509 9193 12621 6389 7509 19972 6103 2154 5 5 5 21 
28 6103 28 15855 8956 13566 6 6103 
21 23113 21582 21787 26 15803 26 26 7850 11181 5 
21282 7491 22463 4672 6 
3058 20855 5 21 
21 15658 14335 20357 22765 4 9193 20539 18130 5 21 
21 13055 18498 31 28 740 8995 7914 11076 16673 14466 2136 18486 4 12780 17872 28 9743 2429 7730 1939 15678 19735 11943 19698 7850 21525 6 6103 21 
30 28 15138 3058 14539 15658 20402 5 
21 15875 4 15875 4 15875 4 15875 26 26 4 26 26 
21282 2510 13278 7730 740 5219 29 13727 
6 6103 
23151 13640 26 26 20 21 
21 28 28 7730 28 28 6 
16098 7850 19870 11462 31 21409 4 13325 7509 15576 18975 6 
20126 5 5 5 21 
21 24 20 20 20 20 20 
28 28 15855 18498 13278 17872 22463 3618 5 5 
21 30 28 20444 17872 10765 7 
15658 20402 14539 0 21 
21 11617 26 26 26 26 
26 7509 11617 26 26 0 21 
12306 5 
30 28 11462 20453 7509 21409 20402 28 16238 6 6103 
21 18498 9193 8995 23151 17872 3962 
14335 22805 20 
18498 9193 8995 23151 17872 3962 
16083 22897 5 5 5 
2136 18498 8235 4289 4 1022 5 
22463 15266 7914 3962 6 6103 21 
21 23135 15643 23029 8956 10728 1920 27 5 
15658 21596 8637 7509 18498 4796 4 17458 15658 21596 15299 27 5 21 
21 15286 7850 3393 5 5 5 
18525 14018 9901 8708 31 19870 15678 7127 12526 6 6103 21 
21 8995 7850 10272 6 
18610 5 7730 5 13800 5 26 26 
28 26 11617 26 
28 26 26 21 
21 28 28 4 28 28 28 4 28 28 18533 1937 8956 9956 5 5 5 
17438 18498 20402 0 21 
21 26 28 12780 17872 9867 4766 3906 8840 18498 15658 20402 4766 15678 28 4 14604 28 4 20215 8956 14464 5 5 5 21 
21 28 28 15138 10141 5 5 5 
15658 17304 16784 5 6 6103 21 
18481 1114 5 5 5 
21 21793 15190 20402 17872 28 19735 14466 9193 0 
18498 22223 18774 31 9193 6 21 
21 28 28 7730 3364 28 20126 6981 7127 5 5 5 
13325 7509 13218 6103 19110 23123 0 
26 26 5 21 
9975 6103 20247 17971 7914 28 6 6103 
28 16811 9193 20293 13325 6103 23135 18476 8708 8956 15286 5 5 5 
21 11462 10648 22463 16582 5 
11139 16404 15678 9975 6103 20247 6 6103 21 
21 28 28 28 13325 7509 2154 4 
21282 18498 18784 20402 22463 1975 3702 5 21 
22938 15458 15286 5 
21 12780 23104 28 20 
21 15299 7509 18498 22463 7127 1603 15678 16083 5 
15299 20402 14425 7509 18498 21596 1097 18498 20149 11862 4766 23135 5 
15708 31 21793 18498 14335 753 15908 11462 4 7730 20293 5 
7730 3031 17872 10366 4 17458 31 22942 15658 16404 5 
7730 17872 341 12780 8708 15286 15658 20402 0 21 
21 8995 7850 12261 0 
134 15678 3741 5 5 5 21 
21 14335 20357 21282 
9193 18525 15643 20149 20357 1920 
17908 22463 3610 
22463 7284 
19484 5 5 5 21 
9193 21282 14335 10131 15458 14512 5 
26 26 28 5 5 5 
28 28 12861 20149 13325 871 4672 0 
21 13185 8956 7696 13640 5 5 5 
21 18476 9193 20402 7599 11462 12780 8708 26 26 7850 15252 17872 22805 20149 210 31 910 4 17458 8995 7188 6103 23104 15458 16955 7509 18774 18498 8995 14335 14265 5 5 5 16066 20402 9193 18498 12780 21596 18498 14265 873 5 21 
15833 15286 18498 15658 19969 7509 3393 5 5 5 
21 9193 7730 9193 13688 15733 5 5 5 15658 20402 14539 28 28 4 28 28 7730 28 28 0 21 
21 26 28 4 20463 13512 5 5 5 21 
20126 7509 26 26 1920 5 5 5 
21 28 26 23151 
2136 18498 8235 20 21 
21 14604 11341 8995 15036 4 
13909 22463 20149 20402 11462 4 
14604 12353 8995 9901 7850 17304 5 
9193 15658 18533 18498 13909 15424 22463 23539 14604 15036 5 
17438 18498 15678 14426 7509 15190 7509 15286 12780 7957 22385 4099 0 
20357 20931 9620 4355 4 16404 21793 15678 20293 5 5 5 
15678 6014 21596 13909 22463 28 11462 4 18498 20402 23135 5 21 
21 28 28 13325 6103 23135 7850 11518 18476 22805 8956 4561 7850 21525 4 13055 9743 22463 21551 4 8995 4766 20126 7509 3712 20931 7730 7509 28 28 28 6 21 
21 29 1249 20244 26 26 6 
20126 7509 26 21 
28 28 28 7730 28 28 8956 9956 20402 31 9193 3790 6 

