21083 12577 20 6 
873 13055 20402 16066 5174 873 18498 21596 12780 21932 7914 22240 6103 11540 16673 26 0 6 
20402 22463 8855 
21 288 1614 16083 7127 7730 3391 15138 17872 6086 6103 11462 20 19703 20126 7509 10606 7509 22971 7730 1097 7509 23523 20 8 29 
9808 7127 7509 5758 16972 20 6 6103 21 
26 26 28 26 31 26 8 29 6 6103 28 6 29 
14796 26 26 26 26 26 26 6 22 26 11943 26 26 26 21726 28 
26 
27 6 
27 
20088 7730 28 6 29 
26 8 29 6 22 
15908 28 20402 23051 31 28 3058 11670 26 26 20 
21 26 22 30 26 21776 26 26 26 26 26 26 26 20402 26 26 26 26 22 20539 26 26 26 22 30 26 20 20 26 22 18740 26 26 26 
21 26 26 3789 26 26 5 11617 26 26 26 12863 26 11943 26 16410 26 15803 26 22507 26 26 26 26 26 14335 5 26 15803 31 26 26 26 26 26 4 26 26 26 26 16073 26 26 26 5 11617 26 11943 26 4 26 26 3789 26 26 4 26 26 26 26 26 26 12863 26 31 26 15005 26 20402 26 21776 26 26 3789 5 26 26 26 26 31 26 15803 14763 26 26 26 21776 26 20402 26 5 21075 26 3590 26 26 14335 21776 26 26 3789 26 26 26 26 15091 5 11617 26 26 26 21776 26 28 26 26 26 26 26 26 11288 3590 21776 26 26 26 20 26 26 26 11943 26 26 26 26 4 26 26 26 11617 26 26 12863 26 26 5 26 26 4 12863 26 31 26 4 11617 22 13800 20916 26 31 26 2914 24 21 
15190 11637 16404 15678 970 7509 28 20 8 29 
26 26 26 16105 26 28 26 5 5 5 26 26 6 22 8 29 
23 20 9 8 28 7730 28 
21 21 21 16404 22327 18498 23135 16784 4 23135 10648 866 5 7730 16404 22327 18498 23135 10648 4 866 23135 16784 5 22327 6400 6103 20463 14881 6103 22805 31 22942 5 23135 17304 6 20149 1788 16066 20149 827 5 21 21 21 
8876 7914 19867 20088 
21 6103 22 6103 22 6103 22 26 26 26 26 26 26 26 21776 26 20402 26 26 26 26 15803 31 26 26 26 26 26 26 26 26 26 0 
21 8 29 
21 28 4 28 4 28 4 28 27 28 4 4229 15671 21 
21 1097 7509 26 4 662 20149 17304 13501 9193 19830 7730 281 5 29 4 29 5564 20 21 
21 28 23135 20402 7509 21743 6 
7894 6103 5763 
23135 20402 22463 1845 6103 15343 5 21596 21346 7914 1962 6103 20322 5 23135 10122 7914 20352 8871 7730 14273 5 288 18498 21596 18498 23104 2727 7730 9808 7850 22942 5 23135 10122 13909 7850 8871 7509 18498 14273 5 10959 6103 10070 7730 14096 19150 4 15658 20402 165 5 10122 7914 5763 7730 11213 5 23135 20402 1057 4 5523 7730 16072 5 23135 20402 22463 7894 4766 5763 7730 11213 20 26 16673 14466 29 5 21 
21 15834 16972 20 12780 4788 14604 1247 11462 7850 17812 26 4 31 16440 7509 29 7 1421 21 
21 15834 16972 20 12780 4788 14604 1247 11462 7850 17812 26 4 31 16440 7509 29 7 1421 30 21 
8 29 6 22 
26 26 26 11943 26 26 26 6 
21 12863 26 26 26 6 6103 26 26 4 26 26 26 26 26 26 26 26 26 4 26 26 26 6 22 21 
21 3058 7127 6 6103 19870 28 10115 29 5 29 
21 15658 19900 17438 18498 9193 9193 5459 14335 13325 6981 15286 6 
26 7585 22 21298 26 26 28 26 26 26 26 28 26 26 26 7585 22 21298 26 26 26 26 26 26 26 26 26 26 26 7 
26 26 26 26 11617 26 4 26 26 14335 26 26 
21 16972 4 15855 18498 2389 9010 9224 7509 12477 6103 6731 7730 250 11570 20 6 6103 21 
22463 7509 16733 9743 16673 3364 28 15908 13512 20 
21 654 7850 28 10115 6 29 
26 22 20539 31 26 26 26 26 16073 5 5 5 8 29 
15894 8995 23135 654 991 6103 1614 6389 6103 9193 0 
26 1631 26 26 26 20 11617 8 29 26 6 29 
27 20 6 6103 
16323 16673 4690 6103 11048 26 20 16323 17438 21793 20463 8744 16404 4289 31 9010 14924 5 5 5 23135 20402 22463 21021 7730 9193 8125 20293 6103 15995 20 20 20 22318 1027 20 15708 17438 22327 20 20 20 
14335 26 28 6 
22463 17556 20670 15678 18498 20402 31 26 26 6 
26 26 28 26 
28 9594 20670 15678 17950 7509 28 7850 8991 7509 19173 22507 6 6103 
15299 4796 15286 3058 6103 14049 7850 28 10115 
21 26 26 26 26 21776 26 26 21776 26 26 26 5 6 29 12863 26 31 26 21776 26 26 26 2117 20 20 20 11617 26 31 26 26 26 26 26 11617 26 14387 26 5 6 26 20402 26 4 11617 22 13800 26 26 15803 26 15803 26 6 12863 26 26 21776 26 15005 26 26 26 26 26 26 26 26 11617 22 13800 26 10266 21776 26 21776 28 20 6 29 27 6 6103 26 26 26 31 26 26 26 26 6 21 
26 26 26 26 28 26 26 
26 26 648 6 
26 26 1983 26 26 26 6 
26 15803 26 26 1983 26 26 26 28 
22463 17556 20670 15678 18498 20402 31 26 26 6 
21 26 26 4 26 5671 26 26 21 
28 7730 26 28 20 6 
27 
15678 26 26 8995 1920 20 8 29 4875 7850 26 26 4785 11462 20 
21 26 26 4 26 26 26 14335 26 26 26 26 26 0 1097 7509 26 4 17304 14335 753 31 13501 31 19830 17438 9721 0 29 21700 26 21 
21 850 4 15678 23222 18498 4793 4766 23135 20 27 22861 4886 
23 20 20 20 12861 20402 22463 7509 4672 13909 13512 18498 13055 22805 20 20 20 
10606 18498 16429 7509 18464 7850 9867 13023 6103 11462 28 26 20879 29 8 29 
26 26 20 26 26 13088 26 28 
21 9193 7730 15678 26 26 7509 9193 6284 4 28 26 26 28 26 26 26 9867 13023 21 
21 11617 26 26 10712 26 26 11617 26 26 26 26 4 11617 26 31 26 26 11617 22 13800 26 26 26 26 26 5 5 5 26 26 26 26 26 0 
22463 15286 1276 6103 7599 4 3058 15533 20 6 
21 3058 15533 7 
21 4854 22463 835 6 
8956 15266 4809 31 21932 7850 4419 18179 20 5474 14604 1097 31 8406 7850 26 22805 15678 23222 16404 5174 14425 15678 17960 6 11561 6 23273 5 28 5 4766 26 0 22615 29 29 29 29 7730 11560 6 23273 5 4419 17872 15190 5 15983 5 3148 6 6103 
6592 31 15898 8956 1249 8995 9808 7914 17304 7480 7730 9743 16440 6075 2725 21932 5 6 6103 21 
21 15908 8995 1920 18476 22805 4 20088 5 9901 13575 3097 6 15678 21 
20088 15855 18498 13278 6 
26 20 20 20 6 6103 

21 740 7914 7728 6103 18470 5942 8637 16066 16721 7914 22463 20207 10999 16066 18394 0 23051 31 9789 6103 17939 7509 22575 20 6 
20402 2727 2389 4 20402 7850 16421 28 18498 20402 15138 13278 7730 9193 8995 13761 8 29 21 
21 21776 1614 6103 3058 16098 21 21 26 21 21 6097 4785 31 23016 22463 26 23127 13761 7509 8686 27 17438 18498 9193 21776 16098 21 21 31 15286 6281 21 21 24 21 
21 26 26 21776 26 20 
27 26 
21 1097 7509 26 4 23135 17304 14335 753 31 13501 9193 19830 17438 9721 0 6 17509 6 29 5564 
26 26 4 26 26 26 14335 21776 26 26 26 26 0 6 21 
28 28 
31 17122 7509 28 
21 3510 7914 9193 4 10083 6103 4169 6 29 21 
28 4384 
21 4854 22463 16718 18498 14335 15770 6 
15643 14335 1788 7509 22898 18498 15658 4913 22463 3213 4 16066 19474 1393 14539 955 4 16066 14335 22990 4 9170 5 6408 18498 22327 20149 210 7730 16468 20293 9901 4 1393 5431 4 15138 9808 17438 15658 21596 14335 6775 4766 12861 5 1393 22898 16066 4178 20 20402 2136 13909 7188 20149 3532 4 20149 210 7509 18498 9518 4 9193 20293 22657 31 16689 5 20293 20293 20293 5 5 5 6 29 21 
21 16083 7127 8995 22805 9193 18264 6103 29 7730 16765 6 
29 5 18498 9193 14335 11862 15138 14466 4766 15678 18498 18263 27 
29 5 15678 18481 20357 9620 6103 21932 4 6670 15678 26 2136 15678 11555 7730 31 26 5 6075 20126 6103 21793 8 29 
29 5 18498 7914 29 9193 17525 21 21 17629 6103 22463 31 4841 31 6103 22915 21 21 4 7730 18498 5360 17629 6 22 27 21 
21 29 11518 6103 21 21 26 21 21 20 27 6 6103 
21 9010 10548 8995 6103 10548 7509 19415 20699 21371 5 15658 21911 15658 20402 4 9193 1190 14336 21075 4 6361 17872 19474 14469 4 9170 5 7730 20402 12861 5 1393 13669 7509 20262 22564 15138 8956 3643 16404 21932 17872 9574 7730 4 17836 4 2136 20247 16468 9743 9193 16967 16404 15678 21446 5 15138 22898 9051 15906 9193 21 21 31 21932 21 21 5 17438 12861 654 8995 6564 22463 17556 4 8406 21282 17872 12960 9 8 13640 8840 23151 1393 15558 7730 15678 22101 6103 19415 20699 12780 16468 5 8329 12861 4 15678 12939 13909 10544 6103 14335 8147 20402 1393 23104 14539 4 7730 15855 13761 9 8 17458 31 13905 16440 7509 21551 9901 18560 6389 6103 3962 9130 8 29 21282 6103 22897 7914 18476 19969 7509 21787 4 4796 7491 14604 16169 27 21 
28 8 29 
20420 14425 21596 12780 22805 15678 9956 7509 28 20 14604 8503 9726 27 
20088 27 15855 23135 20 
21 352 4766 8956 15286 7850 3393 11462 
21 873 19900 17438 18498 871 18352 6103 11590 17525 31 14539 17022 7850 14539 7127 16066 7914 28 15138 18195 0 21438 1614 15855 31 26 7730 1421 29 11729 6103 18352 7176 4 4766 15678 14539 5353 22463 7932 7509 16083 6 22615 18533 19900 5 5 5 21 
15681 20 18525 12780 0 6 6103 
20088 7730 28 27 
20088 6 6103 
26 26 26 26 26 5 5 5 27 9 8 
17819 7127 6103 10548 
31 20644 8995 13909 16066 14466 1920 1614 7914 3962 8956 20247 20244 28 27 
20402 15138 26 26 8956 10273 20 5 5 5 18525 8995 4766 20126 0 6 
21 27 18498 10141 20 20 20 20 20 20 20 
21 21 14604 558 16721 18498 20402 15678 18165 21 21 21 
21 26 5 22463 7509 20785 6103 11181 18498 13909 1532 4 12545 4 2725 6 
31 16440 6103 22463 29 9193 5 18498 4785 31 15242 20 
21 9808 7127 7509 15311 20 6 
8 29 
20088 24 
21 23016 8956 15286 7850 3393 4 22385 20932 7730 22385 10259 1393 14539 21551 
3058 15533 20 6 
12780 22805 28 7730 15678 18390 10839 17458 8956 20247 13325 18498 9193 9901 7557 6103 835 18476 16468 28 7730 15678 18390 10839 7850 21525 7730 654 17438 228 22805 18498 21596 28 7730 15678 18390 10839 7850 28 
15908 7850 7788 28 20879 
21 6408 6103 15138 21551 5 5 5 7839 15576 23222 5 5 5 21282 21752 15894 7850 15377 7509 19169 
21596 22463 21189 21 
21 1247 7509 28 4 11477 7850 28 7730 23570 15286 17872 5013 15678 7127 4 3058 15533 6 
26 26 11617 26 31 26 21 
21 27 22805 7445 11729 16404 15678 7127 7509 4820 9193 8956 20402 6329 8 29 28 8 29 6 29 
9901 31 11477 16404 14604 1097 21 
21 22805 6 19870 28 10115 29 5 29 
11284 29 1249 15678 28 13185 15678 23489 21 21 26 26 22 26 21 21 
733 4 28 6 29 22463 7509 2510 18498 13909 1027 21 
21 7278 7509 18352 7509 17654 6103 28 20 27 6 
26 26 26 11617 26 21 
15678 6014 8995 13512 11462 5 15658 20149 8918 6103 15855 17872 7847 6 6103 
2371 9193 18533 9 8 13591 7509 26 5929 8 29 8 29 8 29 8 29 8 29 
21 733 15658 4 20402 21267 12861 7509 26 0 6 15678 9605 21267 5 6103 15894 19969 8956 15599 4 17629 6103 10192 5108 14604 30 15658 708 8956 21743 6103 4672 13909 15658 30 21 
21 21 21 26 22 20539 26 26 31 26 4 26 4 26 26 26 21 21 
3058 7127 6 
21 15834 5 9193 18533 5 6 29 
7730 13185 13042 654 18498 8995 8249 13359 2868 6103 3711 7730 2510 
17872 18525 15658 19900 4 26 5929 20402 31 2510 7509 9193 22942 8 29 21 
21 26 26 20 20 20 6 6103 
2515 7509 21631 20 21 
21 11284 871 21551 22805 8956 23222 15138 12577 7730 7163 9431 22463 17556 20670 31 6421 5 5 5 20402 2727 13520 21371 5 
6421 20402 22463 4672 21267 7730 288 18498 15678 17819 16468 17872 21095 21582 753 31 16971 18498 16468 17438 7847 20402 21582 8386 22463 17556 6 17304 20402 7188 4 9193 15658 20402 11875 4 7730 19900 20670 20402 22463 4785 5 20402 7509 15989 15187 7509 20127 5 18930 5 6 
4809 31 14335 12578 20670 15678 1961 1393 22805 871 1097 14604 9594 18498 21596 4 9193 18498 15643 20402 31 22463 17934 16404 6103 9707 7138 5 5 5 7730 6103 22805 16083 18498 6355 7446 20577 9193 18498 12894 462 17629 6103 753 5 5 5 15138 16971 18498 15658 21596 288 18498 21596 4 7730 15138 18498 6103 9707 21596 4 288 18498 15658 21596 15299 31 22805 20 8443 20402 11861 21810 5216 7730 5590 2116 6 29 15502 14514 23104 1920 5 5 5 
4796 7491 7850 23222 15678 22088 17304 22702 16404 3450 16971 5 15138 22898 22463 16192 1095 17304 11710 15678 7127 7730 2136 31 22942 6103 873 6 
11284 29 1249 20126 7509 13611 
21 6408 6103 1937 21 21 10859 26 31 26 21 21 8995 22938 15458 15286 24 
7730 15678 9956 20402 15138 3058 20 6 
21 26 4 26 4 26 20 20 20 8 29 26 26 26 26 6 22 21 
21 26 15803 26 20402 26 26 
21776 15036 6103 10151 1614 9 8 22 21 
21 2371 16972 4 31 10273 6 19592 4766 19362 7509 14757 7509 22350 7730 7509 7928 7509 19173 22507 16404 5459 20670 15678 17960 6103 18473 12604 21 
19592 4766 15678 19362 7509 28 
21 28 20 20 12863 26 26 26 26 21776 26 26 26 11943 26 20 26 26 6 6103 26 21776 26 26 26 26 4 26 20402 26 20 21 
21 9193 20293 6075 31 7157 16404 14604 1097 20149 3454 15459 17950 6 28 9913 20 20402 20311 4 6075 16404 381 17413 6103 15138 14031 7730 22240 17438 23206 4672 20402 381 17413 1920 18498 20402 16404 31 28 20 22657 15138 31 16689 21 
3058 15533 8 29 6 
21 31 22942 8995 19342 6103 15941 4 20402 21282 155 15678 15860 4 139 7730 20402 9808 6 6103 21 
23135 15658 12780 18533 20673 0 
26 26 26 
21 8956 21371 5174 7850 15116 28 7730 20402 15138 10138 4 31 15286 7730 15678 4561 8 29 
15833 26 4 1114 4 26 26 26 26 11617 472 4 733 7850 7850 6 29 
15678 18498 13909 1027 20402 15678 21 21 733 7850 7850 21 21 12277 24 
21 3058 15533 20 6 
21 16323 31 21793 7509 28 18498 4687 11048 15908 4 7914 8810 14604 1097 4 8995 15138 9808 17438 21793 20 20 1614 15678 28 4 31 10547 7730 31 28 4 16323 16673 5204 20 6 6103 21 
15138 3058 20 24 

