8 29 
21 6670 20293 4 17438 9721 21 
8995 22327 22385 22825 
5 5 5 5 
8 29 
21 15299 31 7491 5 5 20813 6075 19699 12277 5 7102 20402 22463 17022 4 21282 17304 5 27 21 
20244 28 7730 20244 28 5 
21 28 23135 20402 7509 21743 6 
7894 6103 16718 6103 13786 
23135 20402 22463 16971 18103 5 9743 15678 14425 18498 17304 4 20402 3058 7914 17228 4 9147 5 21596 2367 7730 9364 21185 5 20931 11213 6103 13786 13026 7322 5 23135 21371 20402 20333 4 1575 2727 15678 1062 7730 3802 6103 3450 22463 4 10122 7914 19225 12616 7730 8908 6103 8525 4 13471 4766 5496 6103 11111 20 26 16673 14466 29 5 21 
21 28 23135 20402 7509 21743 6 
7894 6103 5763 
23135 20402 22463 1845 6103 15343 5 21596 21346 7914 1962 6103 20322 5 23135 10122 7914 20352 8871 7730 14273 5 288 18498 21596 18498 23104 2727 7730 9808 7850 22942 5 23135 10122 13909 7850 8871 7509 18498 14273 5 10959 6103 10070 7730 14096 19150 4 15658 20402 165 5 10122 7914 5763 7730 11213 5 23135 20402 1057 4 5523 7730 16072 5 23135 20402 22463 7894 4766 5763 7730 11213 20 26 16673 14466 29 5 21 
21 28 23135 20402 7509 21743 6 
7894 6103 13749 
23135 20402 22463 16971 7279 4 15658 15775 20463 16718 4 9457 20463 20352 21916 5 9193 1393 22898 20402 7279 6329 7730 15806 15678 16083 5 23135 21371 20402 22463 16971 18498 28 21935 4 9193 16429 7914 18470 21596 31 22805 4766 11514 7730 13048 5 23135 15658 28 7181 4 20402 7070 7730 16915 5 13749 2136 9975 4766 16083 4 23135 20402 22463 7894 6103 13749 20 26 16673 14466 29 5 21 
21 28 23135 20402 7509 21743 6 
7894 6103 12290 
23135 21596 22463 16718 4524 7730 20322 4 20402 22463 16920 15775 7730 7188 20402 8386 16673 16083 5 23135 19900 4796 22564 2727 20463 21346 4 20326 6103 12469 7730 20931 1386 16404 5762 22463 3058 1062 16404 23135 14539 5 23135 20402 2727 15988 7730 21596 22463 3058 4920 7914 8003 4 17518 15678 21346 7509 16083 5 23135 21596 12290 21185 1393 16083 4 13473 21793 16404 22463 7284 4 20402 22463 7894 6103 12290 5 26 16673 14466 29 5 21 
28 28 28 9193 28 28 28 28 28 28 
15190 11020 
29 5 29 5 29 8 29 
6361 9193 8995 2371 15678 15576 7127 15242 20 27 
21 
21 
21 
21 
29 
5 

5 5 5 


21 21 21 18498 20709 20402 8956 18498 9743 15678 12979 20149 14055 7017 31 18191 4417 21 21 21 
8 29 8 29 8 29 
3058 7127 10083 7509 7127 20 
26 11617 26 8 29 
21 15138 9074 
5219 8678 18352 
7730 18352 18476 20149 22092 
6103 
23135 
9193 18476 31 4672 20402 
21932 6103 9574 
2371 31 4672 16647 
15424 13909 22463 16192 19969 
2092 7509 21474 
15299 13909 17304 20402 8678 
7850 28 
15790 17313 
15790 17316 
21355 9193 1027 
15658 19900 
21282 19900 18498 17438 23135 
9193 17304 8678 14673 6103 17313 21 
21 8995 23029 18494 18498 22463 7544 
20402 866 7543 
8949 
21582 14335 15781 4766 16083 4672 4 
9193 15658 6075 5 
15658 19969 6103 9193 
20149 21858 866 12608 
2727 13761 7850 10484 
21355 20402 22463 16179 
7509 13052 
16066 21355 22463 1114 4 
18525 19900 
9193 15658 18533 15299 
21282 18533 22318 22805 
7730 22240 22463 16304 
21355 4 1920 4 9193 19900 14425 
15678 18498 20402 12861 21 
8 29 8 29 
26 26 26 2384 8 29 
20 
8 29 8 29 

30 26 26 7849 28 
28 28 
26 28 28 28 28 9193 28 20 

21 21 21 20402 21282 22463 21220 5 21 21 21 
26 26 22575 28 26 26 26 26 26 26 
5 5 5 5 5 26 26 26 
21 20244 4122 5 17477 4 20244 28 7730 28 20 20539 5 5 5 20402 19822 16083 22897 5 5 5 21 
26 26 21776 26 5 5 5 

21 
26 26 22575 28 21 
5 5 5 5 5 

21 20 
28 28 28 28 20 20 21 
21 26 11196 9230 10959 15138 6103 21596 16468 14604 1247 4766 23135 7730 20402 23556 18498 21596 18498 19969 13909 22898 27 654 9594 21267 14539 20244 28 27 20402 18784 15138 7451 23409 7509 23526 6070 7730 4796 15138 18374 6103 18512 31 17406 6103 9061 27 5 5 10959 6103 21596 9417 18270 16673 17819 22897 7730 20402 15138 11043 31 23135 17438 21596 16468 15678 14604 20207 1247 6103 29 20 27 5 8995 21793 8406 15637 9692 15604 9193 4796 8995 4766 17667 16367 17438 1614 5 15299 6103 9962 4 15299 6103 4672 4549 5 1027 15138 23135 8 29 15658 5219 14156 15678 28 20 20 20 20 21 
21 
26 26 26 26 29 21 
21 14425 1247 8 29 
26 18270 29 29 28 21 
26 4331 26 
5 5 5 5 
21 4 4 4 4 4 4 4 5 5 5 21 
9962 4766 9193 15253 29 


29 29 29 
26 26 
29 
20 
21 5 
5 5 5 5 5 5 5 5 5 
20 
8 29 21 

21 0 0 5 5 5 

20 

7783 28 26 

21 4 5 21 
7730 31 23526 28 288 18498 20402 7509 9193 955 5 5 4675 5 5 5 27 
16468 9193 16468 5 15708 28 5 28 19225 12604 
21 
5 5 21 
20 



21 
5 5 5 
5 5 5 


29 
5 5 5 5 5 
20 20 
20 20 
5 5 5 
21 28 28 28 29 4 29 4 29 29 4 29 
5 5 
7 7 21 
20 


21 5 5 5 



26 26 23526 

29 

21 



21 
5 21 
21 
21 
5 5 0 

21 18831 26 5 5 5 5 8 29 
5 5 21 
5 5 0 
20840 6103 13209 5695 16404 29 

