18498 10151 20 20 20 6 
27 5 5 5 
21 18498 3058 18498 20402 21596 12787 20 20 6 
11731 26 22 20539 7850 26 5 5 5 
21192 20 20 6 
27 5 5 5 
1248 7509 11139 7730 11341 5 13055 8995 381 10502 5 5 5 27 
27 5 5 5 
17583 6103 28 28 
28 648 29 
27 5 5 5 
21 4809 15678 9956 28 7730 28 28 28 4 7850 3643 28 29 5 5 5 9957 20 20 21 
21 10959 15138 7509 9433 4 23 20 6 21 
28 648 29 
27 
1522 18498 7847 12780 15953 16673 11802 5 5 5 27 
13055 19450 15678 17877 7509 10183 7850 28 0 0 0 27 5 5 5 
21 15678 19403 7509 10889 26 9594 11284 17556 4 7509 19719 6 21 21 13055 20149 2325 15678 3919 837 21 21 5 5 5 
27 5 5 5 15424 7847 8995 13405 31 21267 5 5 5 
5603 7914 20202 6 21 21 22215 7912 21 21 5 5 5 6075 7850 14539 5 5 5 27 21 
20402 21282 19900 13359 5 5 5 27 
27 5 5 5 
27 
9901 23570 20 6 
19229 15678 18363 7509 7331 5 5 5 27 
8956 10837 22657 31 16689 20 
8995 16468 22383 26 7850 28 5 
27 
15658 20402 13909 21277 20 20 20 24 5 5 5 23 20 20 6 6 
27 
21 15855 21282 4 28 28 20 27 21 
17872 18525 288 18498 15678 6366 15658 9387 5 5 5 23554 7847 2371 5 5 5 
10273 2725 20 
27 5 5 5 
8706 5763 20244 13494 5 5 5 27 
21 4809 15678 9956 28 8595 7850 3643 28 5 
9956 6103 29 26 5 21772 5 21 
26 28 20293 1393 10366 7509 20463 21551 5 5 5 6 6103 6 6103 
21 15855 21282 4 28 5 5 5 27 21 
16673 7127 8810 18498 20402 11462 6 
21 1920 18498 8406 7850 28 11462 7730 22805 31 17819 10273 4751 4 16721 18498 20402 20670 12861 6 
27 
20402 22463 1839 22564 18476 740 15658 11284 21525 4751 7850 28 5 27 21 
20402 18498 9193 17629 4751 9193 10273 7509 16822 0 0 27 
22463 7509 14426 21684 18498 9193 13359 20670 15678 1349 5 
20402 6103 10548 18498 15678 17563 17629 5 5 5 27 
25 5 5 15643 16721 18498 22463 16500 17304 22564 8956 21596 15637 11685 5 6221 20402 15678 9971 7509 15190 20 20 
21355 31 15286 13909 2727 5284 7509 28 28 5 6 8 29 
21 27 5 5 
21596 871 4425 13981 18498 8995 5284 22463 15244 7509 21551 0 17304 15409 5 5 5 6 6103 21 
11518 7509 3031 20 20 
27 
22942 13688 5 5 5 26 26 5 5 5 27 
15678 10520 14425 4795 
21 18498 15286 20 20 6 
21 22463 15533 7914 29 7536 20670 15678 29 9872 6103 15286 17431 3170 7509 28 4 654 7850 3643 28 29 5 
11822 20 20 21 
23570 20 20 6 6103 
21 7509 21266 6 17376 5 5 5 6 
20202 20463 5528 20 
7491 15678 11992 5 
9193 7847 12386 19335 
18856 31 19804 5 5 5 
18856 31 19804 5 5 5 21 
2727 3017 20 27 
21 15658 14606 4766 8956 15914 17458 7847 20402 3183 4 15138 3183 20 6 6103 
9942 4 11462 4 22463 7127 22385 8810 4 15658 19900 15678 18498 7491 4 21282 20357 5 5 5 6 
20357 835 4 11036 7730 15995 5 
835 17438 23135 21596 23016 1393 15190 4 1393 14604 15190 7730 21877 15138 14425 5 
11036 1393 22520 17438 21596 14335 4980 8956 9801 5 
15995 17438 23135 20402 31 9942 18498 21793 15253 7730 16169 20825 7914 21596 5 
18498 8956 15604 9692 20149 12345 4766 15138 13759 7730 835 7914 20463 5528 5 
9808 1247 4 9193 10083 20 
22318 1027 20 
2702 14667 20 8 29 21 
21 7730 12780 16367 4766 8956 16292 10507 6103 18498 15678 20825 201 20 
31 22942 20402 20825 5 5 5 31 22942 20402 20825 5 5 5 31 22942 20402 20825 5 5 5 31 22942 20402 20825 5 5 5 31 22942 20402 20825 5 5 5 
28 28 21 
21 16241 16867 4 654 7850 3643 28 29 5 
7536 20670 15678 17318 28 28 
11822 20 20 21 
21 17872 18525 1190 6103 14600 4 9901 2027 5 5 5 21 
21 28 28 6 
31 23546 7509 15157 
11284 21036 21958 4 23560 4 23014 5 184 7850 20402 11570 4951 16404 58 18475 9535 31 18475 14924 5 
7730 15678 14426 1895 20402 1612 18498 17664 5371 15678 1894 5 
7730 15678 14426 7850 23560 20402 1612 18498 17664 1114 5 
7730 15678 14426 7850 11154 8235 20402 1612 18498 17664 16580 5 
1612 18498 17664 28 17629 6103 28 5 
1612 18498 17664 16580 4 15658 21596 16580 5 
1612 18498 17664 1114 4 15658 21596 1114 5 
5876 4766 15678 17663 5 
5876 4766 15678 5173 5 
5876 4766 1612 18498 8995 20293 13359 13598 5 
5876 4766 1612 18498 16066 7073 31 17298 16066 15994 6281 5 
5876 4766 1612 19871 7914 7901 4 17324 7847 17629 6103 13697 7914 19553 5 
5876 4766 1612 19871 7914 4134 6 7847 21535 15678 18498 6621 5 
5876 4766 1612 18498 17908 5267 15157 6 7847 15658 20402 15299 21282 5 
5876 4766 15678 11474 23188 4 31 15144 23188 5 5876 4766 15678 1114 6318 5 20463 1114 20402 23188 4 3348 23189 5 9193 11284 10268 7914 20463 23560 5 11284 10268 21036 7914 20463 23560 16404 14306 4 16404 14265 18475 22463 5 
15658 8840 20781 4 15658 8386 20781 5 
7847 21582 7017 18475 4672 18498 7179 6318 14539 15658 20402 3735 6103 5762 28 5 7847 15658 8386 31 28 5 
5241 20463 10297 4796 5754 1453 4796 9604 7509 15190 5 
15658 20402 3735 6103 1027 17267 7847 368 18498 20463 1114 20402 12042 7730 8443 22318 15790 5 7730 20463 23560 20402 16816 4796 22463 7146 3216 5 4796 22463 9548 5 4796 22463 14981 5 4796 22463 21715 5 4796 4415 5 
20931 13909 19086 28 5 
18498 2053 10753 20 20 
10753 20 20 
18470 20402 15678 13766 5518 6103 16668 0 
21 26 26 26 26 26 4 9959 7509 2510 26 26 4 7850 3643 2898 4 654 5 21 
22657 31 16689 22805 6103 15604 5 5 5 5 
27 
4809 15678 7536 20670 15678 2689 13085 7850 3643 2898 5 
18498 2725 6159 6103 2689 13085 16404 15678 28 28 20 
19484 12534 16404 16836 5748 5 5 5 27 
9808 7127 7509 15253 20 20 6 
27 
21 15678 22988 7509 16468 5 5 5 27 
26 5 28 5 21 
21 21 21 11284 22463 13727 1393 20749 
7847 5360 31 22318 7491 5 
9193 17819 23135 17629 1540 
4796 20852 8329 14265 5 5 5 21 21 
21 19210 6103 22463 17931 16351 5 5 5 
20357 19653 4 15138 19653 20 20 7730 22463 22225 6056 21371 20 
21 21 9387 14924 18498 10959 6103 15658 21596 23104 5 20402 1920 18498 14335 20357 11462 5 22805 4697 17931 7850 4387 4 6843 4 20402 4378 16673 17286 4 31 14018 7509 20161 6103 20214 4 28 5 15678 16083 4697 21582 753 4 7914 12780 4 17324 18476 13909 21582 18983 15678 9835 4 13909 3059 3510 20670 15671 5 20402 14247 7686 7558 11518 5 31 17286 1694 6103 3059 6103 11199 4 20890 6103 17068 4 22136 14684 4 1694 6103 10159 7730 15671 0 15678 18498 21596 16404 9193 6202 0 1453 31 9193 23180 5 4163 15658 11284 16404 15894 5590 5 14539 8176 4766 31 15256 16404 4434 31 3059 15658 16367 5 22463 4156 6103 11154 5 22805 10474 18449 7914 4328 4 7914 11447 4 4346 15658 20402 10544 22805 22463 20402 11570 20402 17169 7730 15658 17304 9743 15299 5 11091 31 871 20753 18498 8995 16936 6103 9193 21 21 753 20 23135 8995 1614 16404 9193 18044 21 21 5 11942 7847 1453 15855 31 22920 5 31 1069 15658 5219 18920 15678 9835 5 21793 18982 7730 3348 150 7850 17654 6103 28 4 15894 16083 16351 22805 11530 31 9193 7594 7730 15576 6739 5 7850 3906 6103 20799 4 15678 4770 7509 26 20592 11091 4 13055 4766 31 23180 4 19826 6 17343 9193 13055 18982 4 16404 4766 31 3059 5 7914 12780 4 21282 16367 18476 15678 20300 28 28 20954 1393 16196 7509 3906 6103 20799 5 11462 9193 7206 9193 20402 21752 5 9193 11571 9193 20402 1744 5 11462 20402 22092 4796 2524 5 7730 15658 4796 17934 10998 4 4766 8814 4 5031 7730 4766 1249 6103 3916 5 20402 29 9835 7102 31 21759 6103 3109 7730 15012 7509 6006 17343 4 29 7914 8995 11051 7730 21211 6103 29 15041 5 11462 21535 17438 9193 22942 5 7730 20357 22834 6103 20402 16351 7730 23104 7914 22463 19136 6103 9687 13473 17438 9010 18498 7102 10982 15678 15576 8995 5 7790 6 4697 4 9010 6407 17304 20402 4854 5 21 21 21 
22463 18376 6103 13195 28 5 
21 22463 7507 14604 8995 4346 1614 5 5 5 
8956 15286 20402 31 20303 16404 15678 12760 7509 19652 7509 5713 7914 28 4 29 29 29 5 
27 
26 21776 26 5 5 5 13512 20 13512 20 
28 28 6 
17872 18525 340 31 21266 5 5 5 18498 21340 0 
18498 23570 11644 20 20 
18533 6075 3058 19699 0 
27 5 5 5 21317 28 5 5 5 
23 5 5 5 21463 20 20 27 
17478 827 5 5 5 
21 17989 5 5 5 654 17511 7491 6 15658 21596 14378 6103 22918 6103 2332 20 
14487 5 5 5 21596 20539 5 5 5 27 21 

