21 15908 8995 13359 20670 22463 3614 51 7850 19749 18498 13480 28 31 28 5 6389 6318 11284 29 19116 4 21793 15036 17438 1864 5 21 
20402 22463 22897 22463 10982 18498 18920 7251 7509 9634 21931 16404 9987 15869 6103 8057 8464 7914 21932 8672 5 5 5 7850 28 5 31 12790 7384 22327 4289 31 7545 5 
12861 1614 18498 20402 16404 10507 15502 18533 5 6 
14425 10837 5 
21 28 7850 11543 20060 28 6103 9847 4 28 28 4 29 5 21 
31 23501 7509 6014 5 
16404 21793 15678 14604 1097 28 20 
21 22463 1875 12577 7509 28 20402 18498 7914 18494 21793 15678 19511 4 18476 8406 16066 19969 22463 4552 4 21793 15678 10474 4 12027 15678 18498 8995 7850 5695 4 11091 23104 4 5911 7730 663 1393 4552 5 15138 2389 5 21 
21 15678 14600 21596 23255 7730 9193 20402 8429 17438 22463 21682 13616 5 15253 4 9193 8995 7914 28 20 21 
9193 7730 31 28 20 
21 28 5 
7850 951 7509 14981 4 7850 14336 7509 4417 7509 20076 4 22463 21886 951 4796 15678 6014 7730 15416 4796 15678 5634 5 21 
21 18476 23135 22918 1393 9477 4 15658 12780 3510 15678 3192 20149 23135 1540 871 16192 7730 10343 7850 13788 13616 5 15502 8995 8840 18498 23135 7319 28 4766 22463 15352 4 9193 4 23 4 871 16191 6103 5625 12780 2727 15658 20402 0 20402 15138 10544 6 20402 21282 17908 7850 28 7730 20149 21596 7728 18481 1393 17995 21596 15678 28 21943 4 15658 0 9193 9901 11888 4766 31 18478 6103 16971 18498 15658 20149 8744 15424 22463 17556 4 15424 14539 16404 7491 22463 26 7730 636 4796 20149 21793 15678 15190 21596 15344 9594 12327 5 19922 5 21 
14335 26 26 20 
20024 18533 26 17872 4796 5 
15128 6103 28 5 7509 4417 16404 31 14981 5 
23 28 30 20 
9901 7914 7728 20149 17525 16066 15658 5 8995 2371 6 15678 28 21596 22463 21241 2727 11020 5 
21 20244 16192 16404 6650 15678 8097 7509 14149 28 5 7850 17406 7509 21063 7509 4417 8995 15678 9632 20061 23319 28 28 28 4 4766 20463 18494 12277 17478 22843 5 11875 15658 9901 8095 5 21 
15678 26 7509 20083 5 
30 5 
21 28 6 8 29 8 29 8 29 8 29 
7730 7491 13909 6 8 29 8 29 8 29 21 
21 6408 6103 15138 8744 4 5219 745 31 28 5 31 20304 15855 16404 9193 7730 6075 1612 19699 12910 5 
15678 18498 20402 0 16836 5 
20402 18498 9901 15138 16753 4 16393 18498 20402 6103 5758 5 15678 20304 20402 15138 951 4 26 20 21 
21 28 4 9193 15658 7491 19918 5 7491 28 20 21 
21 31 23575 19071 7850 28 7509 21063 6 28 4766 1815 5 11284 7558 15266 9193 15658 19900 18494 15299 20670 8956 16587 4 9193 11462 12780 7957 9808 7730 15999 17458 4 20539 4 9193 9051 7850 28 7730 4 20539 4 9193 472 8995 1614 5 9193 654 11284 13909 22463 9169 7509 22915 4 8443 12780 18498 12780 5 21 
21 15658 9901 6103 2988 155 4 28 4 7914 4417 7914 18498 20402 4289 5 21 
21 14604 15604 8186 7914 28 5 20149 18533 14335 8147 4 2631 6582 7850 9009 6103 22144 7730 17908 17438 9010 3962 5 21 
21 7850 7576 9193 4796 866 18498 9193 15424 19900 15424 7509 18498 20402 9790 5 7850 11518 7509 10183 4 1453 1515 7730 7491 6 1612 879 4 23554 5 8995 6310 4 9193 654 21793 22897 18498 22805 12861 20402 22782 7914 2584 7850 28 4 9193 6075 22463 16961 16404 22805 20149 5219 21596 22463 17171 7509 18498 20402 1616 5 19703 21 
7730 31 2304 5360 5 5 5 
13285 15658 3391 5 
2371 23135 10648 136 11115 5 1614 15671 10648 19618 4886 11115 5 
21549 6103 28 5 
21596 6103 15128 6103 2439 20 654 8995 7914 28 5 15138 13278 20 
21 28 20539 4 20539 4 1612 14539 5 21 
15215 15291 7509 28 5 
17819 17490 7509 16232 11826 5 
16083 20238 5 654 7850 26 5 
4289 31 28 7850 11538 6103 17031 7730 6075 6103 3790 4766 9010 14119 7509 14600 5 21570 5 
6046 30 9193 28 5 
21 31 15108 7509 11168 7509 26 14335 16630 16404 8361 31 7847 22463 10343 7914 28 5 7847 17304 21596 16836 22463 10474 7509 11767 5 20402 22463 11474 6103 22463 22213 1249 18498 22564 31 19830 14239 22405 7509 7986 22416 3166 7730 23214 21371 3166 4 17729 1393 3393 17438 22463 22073 6103 16246 17790 5 8414 16467 31 7847 7730 9901 4766 31 3393 41 4 17908 15678 3943 6103 7940 5 21 21 7730 2371 4 12787 4 2717 0 21 21 5 8956 16192 20402 7491 4766 21389 16821 18498 13398 31 3393 16721 18498 8995 7148 6103 22463 3170 7325 5 15678 11474 20852 4 4766 31 20669 13398 5 19698 13030 8329 7847 3867 14604 16467 5 21450 4 7986 20 20463 9943 2136 18498 19900 20402 8299 5 21 
21 16404 8120 22463 5947 7730 16816 8974 7914 28 4 15299 14425 7509 18498 5947 22463 18444 1393 20799 6103 12931 5 472 8956 28 23495 6103 5284 16404 18498 31 4672 20402 22886 7730 5327 5 14539 8995 1393 18376 7509 18159 13909 951 6103 15190 4 740 6075 16404 22805 15678 20749 20149 18443 5 16816 5 21 
10925 18380 5 7509 16083 13131 9901 15678 28 5 
21 13055 7491 28 28 6 20149 18516 13761 20402 4 15481 1614 6389 4 16066 866 1920 21 
21 22463 20238 4766 15678 28 28 7730 15678 10925 18380 16066 23495 4 4796 4229 17438 1614 1393 10484 5 13512 5 21 
28 5 
21 15678 23168 2087 4 20402 11532 4 15678 22886 6361 16404 19969 4 9193 9193 8995 7914 28 20 
20402 22310 7509 13860 7730 15678 21628 5712 15678 29 11048 20 21 
21 9193 13033 18498 21582 14335 5426 4 9193 15658 5219 20 20402 13909 10259 18498 9193 20 2136 13909 4 1097 20 2136 31 23151 20 21 
20126 6072 23523 7914 18498 9193 12780 22918 17438 29 20247 7730 288 18498 22463 14847 6103 29 13581 20402 2136 22463 8322 9303 5 5 5 
21 17438 22318 4 9193 28 18533 20 
9808 1247 16404 31 4417 18498 21681 15678 17869 6103 20402 15678 14604 2774 20 6 16404 6 16404 6 16404 21 
21 5508 31 11644 7509 28 28 4 17525 22463 10273 7509 23575 16475 7850 8838 6103 31 18195 22915 4289 19871 5 
10548 4 9193 22318 12749 20 21 
7809 28 28 0 
21 7914 17269 4139 7509 981 11852 4 9193 14335 16647 16721 7850 14604 9989 21739 28 4 18498 31 10765 5652 4229 3871 21739 5 8956 16223 19835 20402 31 910 6103 21793 9867 6103 9634 6 2626 8995 17737 4 20402 3224 4 9594 4 6070 16066 12960 2845 4 7730 21793 15671 9901 827 4796 7847 5 20402 4766 7847 18498 9193 22805 15678 28 16784 31 9975 7509 15187 12567 5371 15678 28 26 17438 29 23274 29 7914 29 5 21793 15678 16202 17737 9901 15138 22223 7730 6627 4 9193 7847 4 15658 5 1393 9975 7509 12960 4 13404 4 9743 1612 10826 6103 6075 6103 15880 18498 16404 9193 20402 20931 14156 19140 7730 1453 7491 6 21 21 20402 22463 16689 5 22463 12960 21282 6 20402 21810 16784 21 21 5 6408 16647 20931 2824 7730 23151 16404 3962 5 21355 7847 21596 20463 15083 14539 16404 9901 22223 6 7914 21793 8956 1249 10896 6103 9388 7509 14604 22825 4 7847 20402 21663 6103 15138 10901 5 5 5 7730 21371 6103 15138 10298 5 11462 4178 7847 8995 9868 7850 6014 4 15678 2837 3166 7730 31 3616 22825 7730 3166 13567 4 18498 22385 2727 3510 15423 5 7730 9193 1614 5360 31 21842 16673 20709 8895 28 4 14096 23104 8956 4229 18498 22385 2727 7847 19363 4 4766 20931 835 7730 20560 5 16323 4 28 20 15708 4 18533 21739 20 21 
22463 18852 7850 23572 5 
21 31 14464 18498 8678 14604 15540 21 21 28 21 21 5947 12861 5 
11462 13055 8995 16404 9743 11686 1393 2568 6103 28 7730 4809 31 11091 6 22507 30 23151 20 22507 30 23151 20 22507 30 23151 16759 26 20 
16475 23522 20 13055 20357 20126 7509 16979 20 
3058 7576 31 21793 20 
9193 7730 15678 26 5 31 5485 9743 31 10765 9901 11686 20 
14523 7850 8713 5 15678 19173 7509 13759 5 
21 26 4 15678 15576 4841 6103 22915 20 21 
28 28 155 20931 3962 7914 28 9344 16404 3790 5 
13727 15242 20 20559 14149 20 
21 10765 4 15658 20402 6103 9901 21189 4 9193 5 5 5 
28 4 15678 28 3630 15036 20 21 
7730 3058 15533 16404 23135 20 
21 14335 9605 20463 15540 4886 4 17438 9721 5 
9193 7491 5 
28 4766 20539 16066 23360 0 
4766 20539 5 
7730 7839 18498 7850 9711 14604 15540 1421 1920 6 28 5 
9193 14514 5 21 
13512 10273 5 
21 15678 3439 17438 17556 20149 20007 6103 20402 2114 5 22463 3790 4 7850 3585 6 
5876 4 3439 20 
9193 7847 14539 2091 31 28 7850 17758 7730 21371 21681 6103 7043 6103 22463 3906 18498 23016 5590 5 31 15311 6318 4 18494 19698 6 
5876 4 16971 20 21 
26 6 31 17819 21583 5 
21 7589 28 6 21 21 15658 18533 8406 16404 21810 22463 2530 6103 702 10405 0 21 21 5 
1114 17255 8406 7847 7730 15678 17930 28 22463 16102 20 21 
21 15678 18159 7509 10366 
15678 18159 7509 10366 21596 22463 19924 2727 13202 7730 21793 31 14049 15678 20749 16393 20402 2727 669 5 9193 31 23577 16971 18498 22805 17438 879 20402 31 7152 5 
15678 18159 7509 10366 21596 12916 7914 3450 12899 5 9193 15458 12916 15658 15344 10095 4 15424 17239 4 15424 14265 4 15424 15299 5 909 4 6103 18498 12861 430 20149 31 12899 8995 20293 9769 0 
15678 18159 7509 10366 8995 20293 4766 31 13759 1400 7730 22327 16393 20293 14411 5 14539 6103 15533 4 16393 18498 31 22942 16468 2727 13667 6103 13761 5 
6103 9707 4 21596 17304 20402 22463 11723 5 21 
23 5 5 5 4138 6103 9440 17908 15678 7849 6103 28 7730 20402 288 21282 7914 29 20 27 
21 21 21 15678 4624 20402 15749 6103 20463 14766 7730 6919 7914 2605 5 15458 9146 7847 1547 15138 11923 4 12027 17593 4 16067 7730 17252 5 21 21 
17438 9721 4 14018 8956 11923 1614 17872 3962 5 8995 17629 5 21 
21 9901 703 15678 11092 9557 6103 21 21 15678 8995 20402 13150 20 21 21 4 9193 16393 18498 4 1920 4796 15678 1114 4 31 17380 21596 18736 18498 31 18191 18736 6621 5 21 
7730 9193 13055 14335 17714 16404 20402 3625 7509 15187 6103 4576 4766 31 4254 5 5 5 
21 15678 18498 31 10765 9743 18476 21582 272 22463 18352 18475 7730 15658 5219 22805 15678 5353 17458 22463 26 16737 9901 7850 10366 4 8443 23135 12780 7850 21 21 23274 21 21 22840 7850 3702 7509 2745 7730 1276 18498 17511 4546 15423 7847 6507 0 21 
21 740 20670 15678 21 21 15317 7261 21 21 7509 28 4 7839 18498 15576 23114 6146 20202 15678 9365 7509 28 5 7730 15658 20402 31 17819 22897 18498 12861 349 6 7914 29 15678 28 18344 15678 5540 7509 18953 7509 8995 16198 16673 16587 21066 5 
21 4125 1249 7509 17819 11154 15187 6 
21264 23343 5 
21 21 21 5528 21062 21 21 5 8995 2371 31 22463 7157 6103 9956 5 20402 18494 22463 9956 6103 28 7914 17269 12589 6103 20402 28 5 21 
21 22923 14335 14487 769 16721 
26 7850 26 
6103 8147 28 28 7174 21 
21 14757 7509 23458 9477 5 
28 26 5 
5174 28 5 
3962 7509 17831 28 5 8995 9769 5 
15855 15678 15484 20 7730 15658 20402 15424 22310 7509 21409 20 
3962 6103 28 28 5 
15215 11826 5 
4289 20 
31 4246 12858 7102 20402 14466 8918 7730 21596 7914 5320 18498 22463 6103 15576 13909 3216 7260 20402 22463 7509 19481 16673 22906 7509 8995 6103 28 7850 23513 12604 5 
21 20402 21793 1389 7261 27 
21282 18498 15658 21 
7730 13761 12780 15671 20 
21 15708 4 28 5 6564 7914 16580 5 
21 23180 6103 4945 6 2742 1393 26 3014 20 16463 7509 17819 4526 17761 29 4 16463 7509 4526 9360 17761 29 4 16463 7509 4526 7772 17761 29 5 
15708 4 4842 2369 5 13055 8386 18470 20402 15678 20463 21 21 8927 21 21 5 7730 22385 2727 18498 7201 8956 26 7850 4122 8329 703 16404 20402 2021 6408 6103 21596 21596 21551 16404 9901 8382 5 21 
21 23135 17304 14335 16468 31 20303 7509 23255 6073 0 
15658 4 9193 31 20303 7509 19511 1393 13131 20402 29 5 20336 13909 879 7850 3702 18498 15678 23255 16647 5 21 
15678 17106 6103 22327 20402 15678 3790 22564 31 28 4796 9365 5 16673 1114 5 5 5 
7730 31 22942 20202 5 
21 8443 9193 23151 1393 21932 7730 22463 2725 10343 1421 7850 21684 18498 8995 20402 21944 6 21 21 31 16083 4672 15658 6075 31 15671 31 15364 15678 9594 20149 15658 16404 18498 20520 1393 16083 15678 4982 7509 910 21 21 5 21 
21 20402 4796 21623 1612 13591 18498 21389 22318 17689 31 2031 4 20402 4796 18476 23135 1937 1393 23575 8503 7509 20931 21266 17658 4 20402 4796 20149 6917 6103 1097 22385 18533 4 20402 18494 4796 21623 4766 15678 1114 7509 20931 22942 5 6075 22463 22730 5 29 4 17438 9721 15658 21409 20 27 21 
21 1471 6103 22327 4 22463 2725 28 4290 7850 6014 5 21 
21 22313 880 7850 1987 7509 28 20 9380 22463 12960 5371 15678 28 20 
21 7535 15392 6 
19664 
5699 
4934 6103 8186 
3930 6103 21932 
22406 6103 7858 
4934 6103 23175 7850 23575 29 7861 
4934 6103 19433 
2037 6103 1279 
4183 6103 22624 
21662 7509 18376 
15585 10015 7509 23575 29 4913 6103 21127 
2037 6103 17298 
2037 6103 19695 
4934 6103 22564 412 7509 22720 20051 
3928 6103 16891 28 6103 3610 
19525 6658 7509 15609 7509 15840 
20044 6103 22310 23032 
3388 3166 7509 16399 13909 22765 23104 
1547 7558 6029 2171 7914 3944 4 15708 5 21 
21 13359 7730 4935 1616 18498 19900 18525 13055 20402 1393 28 6 15678 1669 15658 9193 15790 4 16673 5431 5 21 
21 20201 6 4796 20402 18498 17304 31 14539 14307 19969 7850 28 7730 7850 17580 17382 0 9193 11300 5 5 5 
26 26 20 
21 26 26 4 26 26 20 21 
23 20 9901 13909 10544 21842 7850 9975 20 
9193 22805 22463 5758 7509 19945 7850 21842 7509 28 20 8995 9431 20 
21 18385 6103 15604 4 28 0 21 
31 26 26 1983 26 26 20 
21 31 5505 4809 4766 15678 21 21 26 4 15874 21 21 7509 28 28 7730 21623 4766 9010 1614 4 7509 28 28 6 
21 8847 20402 31 19945 18498 9743 22463 4799 16404 31 6446 7509 28 5 16404 9193 20662 18494 4796 22463 21 21 9193 13055 19900 21 21 5 21 
20916 26 26 5 
21 909 4 7914 21551 6 740 288 18498 20402 15678 14426 7509 11454 5 21 
21 10765 4 7850 28 29 8995 16468 13480 14239 6103 23236 7730 15678 28 8995 10648 20 12780 28 20 20 20 21 
21 654 31 21842 20402 16673 28 5 7847 9193 11586 4 9193 740 5360 15678 288 31 20237 13909 20566 5 21 
21 7730 7850 9971 15678 21841 3172 1484 15678 12959 842 16673 28 12384 5 20149 21389 21842 4796 12959 20402 18549 4 16673 14466 8956 23575 11514 9193 20402 15812 16673 9193 21842 5 21 
4676 7509 5758 7509 19945 5 
20402 1920 18498 4179 22897 5219 6592 15678 18498 15678 14604 16169 12784 14335 6075 6103 17737 7850 28 5 5 5 
21 12791 4 15678 12960 21 21 13909 10544 21 21 7509 18487 8995 20402 15678 13909 7188 7509 18497 5 10523 20402 22463 3512 14539 5 21 
15678 12939 20402 5360 5108 7914 10916 6103 23363 20 
21 15708 16673 23051 4 28 20 23151 20293 20 21 
21 12780 4 28 20 20 20 21 
21422 20 20 20 10916 20 
18525 18533 16083 3759 18498 9901 9808 654 5 
28 28 6070 18464 4766 15678 18670 5 
20402 18498 15678 26 9743 10916 871 7127 0 19662 5 
21 10916 6103 23363 7914 5848 6103 8609 5 1986 4 12780 21932 20 21 
21 31 21842 3170 16647 15678 19676 11600 7509 21842 14608 6103 11091 21 21 18339 20 21 21 21793 22897 18498 15678 10924 507 4378 21752 6103 14577 5 4672 3058 15502 1540 5 21 
21 2136 31 18352 7509 13817 6103 28 11091 10916 20 12780 13761 4 20237 20 15658 6256 15678 3267 22223 20 13909 10916 20 21 
21987 20 15424 21596 2647 15678 8609 7730 13055 21596 10765 11091 5 12780 28 20 20 20 
21 21282 15678 20441 18449 15658 17629 20149 11649 5 15678 16083 4419 4 20539 5 21 
21 18533 16066 15658 4 28 4 28 7730 28 20402 31 23577 20237 31 14156 10916 7850 17819 21551 7686 8956 15835 6103 9975 5 6075 16404 16765 18498 654 31 20237 8995 2727 13909 4902 5 5 5 21 
21 4378 7850 22119 4 13909 6103 22463 10916 18498 8995 16404 8406 4378 16404 20402 16673 23361 15495 5 11462 15658 20402 15678 7127 6103 20855 7509 28 5 21 
4554 6103 20205 4766 5505 7509 15190 5 12780 28 
21 7730 15678 20944 4785 31 21932 20 15678 12960 20402 28 5371 28 4 9193 15678 15337 13055 22240 16404 28 5371 28 22463 7558 22898 20 21 
15678 12959 8995 15036 7914 3629 20 28 20402 21282 16404 15678 10259 20 
21 15678 18498 20520 12861 0 
16849 20 
16849 20 21 
21 15908 9193 18533 22564 22463 3618 1034 4 16404 6075 20855 4 9193 13640 16765 18498 31 23577 18498 21596 20402 22463 4766 22463 11721 7509 11702 6103 28 5 27 21 
21 26 4 28 20 21 
349 7850 5505 5 
18476 23135 21810 21220 16098 15286 20402 17458 866 7102 8995 8561 5 21355 9193 7102 21582 866 13909 19223 5 
15678 14604 17812 19867 8995 7914 3629 6 15678 28 20 
5725 5 8443 18533 7491 18498 7509 28 15658 16468 15502 16404 31 18195 9692 0 
7730 28 18784 15658 12780 4680 15459 5505 7509 15190 5 
10916 7509 28 5 
21 16784 31 18265 7509 438 4 9193 12780 10648 22463 7251 7509 26 4 18498 12780 4736 7850 3733 7509 18195 21 21 26 26 21 21 5 21 
15012 16404 15678 18855 7509 16083 20237 5 
21 15678 28 20402 13909 22463 20237 18498 19969 4 9193 6103 3393 8546 5 21 
21 15678 28 28 12780 13185 22463 15604 21 21 11456 21 21 16404 15678 22805 6 20402 15678 21 21 15012 7850 15880 21 21 5 7669 4766 31 22658 17429 13055 8995 5121 5 21 
21 26 4 28 20 21 
15855 15678 28 18533 9743 5574 6103 6321 7850 14336 7509 12960 20 472 31 5505 5 
15678 28 19450 9743 16036 7850 14336 7509 12960 20 16404 22327 20 22840 16404 7847 7730 16404 15678 28 20 
3943 22840 16404 31 28 20 20 20 654 15678 12960 9901 18527 20 
8956 12960 8995 16393 18516 20 3450 3017 20 
21 15678 15190 15658 20402 23172 12916 4 10606 20 
20402 21282 11891 9193 16066 21596 22463 2789 28 16673 3629 0 
21 11462 352 7730 4730 9193 3618 7509 31 28 4 15424 8995 16721 7914 12960 15425 5 9193 288 18498 31 4057 14335 5446 31 21842 4 21282 11462 4 16673 28 5 21 
21 8406 15678 21 21 30 21 21 9193 17658 15678 28 20 20 20 21 
10907 28 20 
21 21 21 20402 15678 14425 28 7509 11454 20 21 21 4 9193 15678 28 20402 15678 14425 7509 11454 20 17304 23016 20 21 
28 5371 28 0 0 0 15658 16784 17438 15299 6075 15190 20 
6981 22897 9193 20402 8847 20 20 20 4809 31 4788 1276 7509 10916 20 
21 740 8995 8840 15678 10916 18498 15678 28 28 9743 7850 4799 7509 438 5 7850 10713 4 12787 20 3472 0 21 
21 1937 1393 12960 7850 21525 31 3402 20402 13278 17458 9193 15658 9901 1271 6 9193 20293 19900 4796 31 12960 12780 201 4 17324 15678 23114 18498 8995 22805 7850 21525 155 4785 31 11091 1276 6103 9193 22805 15678 10916 5 21 
6361 16404 8956 13004 4809 4766 15678 3943 5 
21 27 
15138 3058 20 4668 0 9193 288 18498 15658 20 21 
21 28 15658 10648 4 9193 5 5 5 27 
31 18824 7509 10924 7509 9194 20402 31 14425 5 21 
21 14604 16169 4 20670 31 5505 7509 15190 6 21 21 21282 6103 16721 18498 6408 7509 5505 9193 20402 15708 31 14335 5335 4766 15678 3623 3170 13055 14335 6075 6421 21 21 5 21 
18498 6202 20 11952 20 
15678 23577 5701 13278 6981 5505 20402 31 28 19671 5 
21 5848 16816 7509 8974 22507 4 9193 15678 10916 20402 6103 28 20 21 
21 26 4 28 20 21 
16404 18525 288 18498 20402 15678 28 18498 12784 16468 22834 7850 5505 5 5 5 
28 7730 28 21810 3700 5 15658 8995 10544 16404 15502 5 
21 28 7730 28 4 654 13749 2136 31 15041 20 21 
21 7850 11111 13909 21646 7509 5505 4 31 15041 19450 20149 22123 6103 22463 20566 19404 4148 4 5241 15678 16587 13909 9808 7509 15190 5 23104 31 28 19671 20 21 
21 7914 29 4 31 28 22773 15678 28 17438 29 31 29 7850 14134 20 20402 6996 0 21 
21 15678 8794 8361 15678 15190 31 11091 21 21 15875 21 21 20 654 20402 31 22897 6103 7847 16098 12861 5 5 5 5371 7847 14539 20 21 
21 7730 9193 1614 288 18498 15678 15337 8995 21842 16673 28 20 21793 22897 18498 15678 10924 4307 9743 22463 6202 4 7847 11091 6 3183 20 20 20 21282 654 16765 18498 7847 11091 12861 17458 9010 20402 15678 15540 7509 10924 5 5 5 21 
21 13761 16673 30 6103 29 4 13055 7491 28 15678 22 28 4 22463 7509 13786 7509 17889 6103 12128 4307 6 21 
15855 15678 19979 2156 20 
31 28 15658 6075 20855 7914 21639 1089 20 
21 16404 18525 8840 28 19761 4922 4 29 31 29 20402 22463 19522 15138 12577 20 8956 5505 4766 4181 8995 4290 6103 21189 20 21 
2136 654 15678 28 8995 13909 16404 28 20 
6073 31 17556 20402 18498 21596 28 28 16066 28 5335 0 
21 15678 28 20402 15678 12872 7509 5505 7509 15190 5 23 4 20237 16753 20 20 20 21 
9971 7509 12960 20 28 14514 7509 19173 7509 28 20 
21 13909 22463 10583 21 21 9810 21 21 16673 15337 7509 28 6 21 21 15678 22135 7509 28 20402 20300 7509 19404 7509 28 21 21 5 31 28 15658 20402 19404 20 21 
9971 7509 17819 21551 20 20 20 17438 8329 31 28 12780 12716 22463 15604 21743 6103 4331 6 15678 1667 20 
15138 13278 15678 28 654 7686 15678 12960 20 
20402 18385 20 
21 28 23351 4 26 20 21 
20402 10916 7509 28 15416 20 
21 5015 12577 6981 16967 6 
18494 15678 15190 12526 288 18498 15678 28 20402 3625 7 
15658 11284 15299 18498 15678 1669 15790 13909 18498 15678 12326 7 
31 28 7509 21063 15790 31 28 7 
15678 21 21 1114 21 21 8406 8974 22507 7730 28 20402 19002 7 
15678 1669 288 18498 20402 3625 4 9193 18950 18498 15678 10523 3170 20402 13909 3086 7 
9193 15658 8386 15678 18498 15678 28 9743 16404 20402 22385 15790 7 
15678 10323 740 15658 8281 31 12128 7509 28 5 
21 15678 10916 13909 19871 7509 5505 4 2136 15678 14924 5 21 
21 15658 10447 7509 2154 6103 10778 4 16972 20 
9347 20 19652 13436 7509 17478 6177 15678 19553 11751 7509 20237 31 28 20 
7730 15678 4794 1614 7509 28 7491 18498 31 28 28 20402 31 17817 7509 28 5 5 5 
21 15658 4 15658 9743 9620 7850 12959 6103 20463 21726 4 28 20 20 20 21 
20774 11628 20 28 20149 4835 7509 28 7730 6146 21810 22463 10922 20 
21 9743 13311 13100 7509 18498 28 11091 16404 15678 12959 28 5 7847 7491 6 21 21 28 4 13055 21752 31 22760 21 21 20 21 
8956 21726 6103 28 8995 2727 10300 5 18498 430 21596 15678 14425 7509 15190 20149 15678 16083 15658 5493 0 
28 11663 5 
26 26 10916 6106 7509 16882 20402 5255 5 
21 15658 10959 7509 12963 6103 11462 20 21793 20237 16404 31 18470 21842 16784 20 28 4 22092 6103 22773 31 28 1022 20 21 
19827 29 20 28 5371 28 20 
16393 18498 15678 9648 6103 29 6146 23029 3957 20 20402 0 
9193 18533 22805 10916 7509 28 20 
31 9193 26 8995 13909 16404 18352 15818 7509 28 28 5 27 
28 6 11586 8794 7914 21639 3170 26 29 5 
27 8956 20402 31 14425 20 20 20 
28 5371 7850 15835 0 12780 21842 20 
18525 0 18525 0 18525 0 28 20 20 20 
24 7509 28 20 20 20 
20402 28 7914 3629 20 20 20 
26 12863 22 20539 28 26 28 20 20 20 
8956 18584 20402 15678 14425 10916 7509 11454 20 20 20 
18498 12861 0 9193 19969 16404 9743 22463 21397 7730 13055 8995 29 31 29 0 0 0 
28 13405 22463 28 20 
12960 20 12780 21596 21932 15459 5505 7509 15190 20 
17106 18498 23135 22 30 26 26 20 
21 733 4 8956 9853 22636 20 8956 4672 21282 349 7850 28 14539 20 20 20 15922 5 5 5 15658 20402 28 4 15658 5 5 5 21 
4178 15678 17374 28 19050 15658 1229 15138 13909 9239 7730 20566 20 20 20 
28 20 20 20 21623 8956 12960 20 20 20 
21 733 4 20402 22821 5 21752 15678 26 16404 4730 15678 28 5 23151 4 26 5 21 
21752 15678 26 16673 1114 6103 28 20 
26 5 
15678 17563 13359 13817 6103 28 7850 16015 7730 3702 15678 11402 12526 20 20 20 
15138 2727 15585 16673 28 20 20 20 15416 15458 9145 20402 21282 7850 3629 20 873 2371 8995 19310 0 
28 5 
21 22463 7509 13905 21642 7850 22942 17934 6103 22463 19633 20402 18476 4 7850 14273 6103 28 4 20149 4785 31 9594 6103 22399 7509 17446 16066 30 5 17438 18498 13042 8956 21535 17629 20293 20402 11719 4766 10273 15299 659 6103 20149 22805 0 22463 7127 11284 6103 17982 15678 5037 21 21 31 17106 10273 6103 22 26 28 22 16066 22 26 28 22 7914 14273 6103 28 21 21 5 19703 21 
21 733 4 4796 9193 472 15678 19771 11455 2727 8678 20 16404 9193 7847 19363 31 11452 21944 7850 13530 22513 7509 9422 11570 5 4796 20402 2725 17304 21596 16083 16925 4 740 18498 9909 4 6103 11020 15540 7509 9193 11454 4 4796 6 28 28 4 28 28 28 4 28 28 4 28 28 4 28 1628 4 28 28 4 28 28 4 28 6103 28 7730 17438 2371 12780 5 22657 31 13311 20 21 
21 15678 7127 7914 18498 9193 23016 16404 28 7509 5849 7730 15658 23016 13909 15425 16971 4951 16475 16673 28 31 4067 7730 15658 16098 15678 3906 6103 20799 22782 14331 7509 1114 16066 16236 6103 28 15643 8386 8956 28 4 8956 20402 22463 8713 7730 22223 17458 15423 15036 16440 7509 9193 12319 5 21 
21 6452 7509 7127 6 21596 11518 18498 4 16404 21596 16580 4 21282 21810 17438 4179 1616 18498 20293 16393 7694 5 21 
21 21596 22898 18498 16393 18498 15678 28 9901 1937 31 23222 7509 5505 29 7730 18533 11771 28 4 28 7730 4842 5 12780 21582 5 12780 21582 5 21 
16475 16673 2439 5 5 5 
21 22653 4 20060 7145 1687 20 21 
21 472 8956 15286 5 
21 15678 14604 13192 20402 15678 14604 23326 18476 15678 4913 4 11284 4436 1249 5 11462 7847 10473 22385 13923 4 18498 21282 6103 15855 16404 7847 13055 14335 23016 22463 15894 6103 18655 5 20402 18097 18498 8956 20402 31 20644 23104 17438 9193 18498 13909 20149 1907 31 22463 3960 5 21 
12787 20 20 20 9193 8995 7850 21525 20 20 20 
28 31 9971 6103 5947 22463 4581 654 6103 14049 5 

