21 17376 5 15678 18498 288 0 
28 28 4 7730 2371 0 
26 5 5 26 5 5 5 
10606 7509 1341 7509 28 
9010 26 8995 19418 16404 15678 18169 14055 20931 15936 20670 31 17537 6075 7850 5168 7576 5 136 5 
21 21282 16721 951 5 5 5 
20149 21535 19303 31 22930 4 20202 4650 31 6152 7509 20463 16440 7914 6256 15678 10982 4 7730 15678 11802 6103 28 349 4 21596 15678 15604 17753 7509 28 6 28 5915 5 21 
21 5942 6103 6788 7509 3633 29 4 19698 21738 21 
11979 7509 15704 6788 26 5 6788 20402 4766 8956 16972 14539 5 
15678 4982 20402 5284 6670 31 12319 5 5 5 
21 740 20402 22463 21310 9594 20670 12861 5 5 5 
9808 29 20 
11020 1097 5 13909 22463 1249 4788 8956 1103 22823 5 
9901 6103 15855 5 5 5 
21 13461 7914 28 7509 22429 4 3633 29 19698 21738 4 1421 7850 29 5 4731 7850 28 7914 21793 28 5 20497 6103 3031 20 
21 23222 17978 7509 13058 20570 22429 30 19078 1393 7297 6103 18103 6103 8361 7914 450 5 
16972 4 17649 15678 10232 17438 9721 6 11560 6 26 5 30 26 29 29 
21 2371 9901 7188 5 5 5 
21 15678 7809 7509 22038 20402 31 13669 17605 7730 31 4509 4809 21596 9231 7509 13945 4060 17438 7847 5 7850 5396 7509 20127 18449 4 15678 5168 1570 31 15658 15711 7509 20227 9193 894 16021 6103 22038 5 6103 18525 15678 5168 8995 7509 13131 14539 0 1164 18525 23174 31 9721 7730 5371 20670 15678 21535 5 21 
21 15678 18498 349 20149 873 16066 22463 8057 17769 22463 20446 15678 18470 23135 15658 9901 20112 0 23135 15128 16404 15678 5021 5 17438 12861 31 8057 3348 20293 22685 4874 16404 20112 3450 22897 13909 15678 20463 4552 5 7730 18476 15658 11284 5023 0 20149 15678 2022 20402 12400 7730 14539 1920 31 8057 14096 20463 4552 0 20402 1920 18498 10473 7914 15138 5295 15258 16432 5 20402 2322 18498 15678 2022 20402 17438 15970 6103 4289 5 4289 4766 29 7730 14336 6103 1281 16404 20402 15678 29 5 7509 9934 5 29 7730 7509 29 18498 8995 31 10366 4 1453 7558 20402 2021 5 20402 2625 22069 4 17836 18476 15678 16126 20402 22463 2689 5 31 28 20402 22598 4 15658 11284 17705 871 4766 15678 16126 4 15658 11284 17705 17458 15658 11284 5021 5 5432 4 15502 16784 15138 21551 16721 15510 5 12861 20402 5897 7730 20402 22385 4951 18498 4 1471 7509 113 4 238 4766 15559 5 14096 31 8838 6103 18498 22463 28 14466 22598 7730 13909 23043 20402 5284 7914 10796 10530 16066 18498 31 20709 17761 22463 15127 15458 17877 5897 5 21 
21 1393 970 18498 20149 10211 7914 20500 7730 28 7850 22429 19698 21738 5 17438 9721 4 17649 9010 10232 7730 9193 753 31 1164 4796 8995 15576 7833 5 21 
16323 28 28 5 20497 6103 3031 5 
21 1386 15138 12577 7509 5993 7509 6428 5 21048 22602 15678 21 21 18525 14335 19363 0 21 21 16404 22838 20149 15678 19522 20402 15678 6428 18498 18876 20463 23174 5 21 
21 20149 873 21596 17877 4766 22463 15928 6103 21503 4 19140 31 18912 7850 28 5 31 15928 13480 16404 23135 7914 14466 6103 29 14764 18533 19450 15678 17877 5 
21 18910 6103 8057 6103 21503 15658 21596 13909 11066 4 15658 20402 0 18481 1614 13055 16468 16066 16468 17438 17877 4766 8956 8057 0 11284 1249 20402 4552 7509 15834 5 871 2010 14335 13480 15812 22463 15604 16137 4 18498 12025 28 29 20244 5962 434 4 7730 9193 238 31 15127 5 278 31 28 7730 20402 14335 4623 18494 29 18772 17438 7127 5 13480 16404 15678 2022 7509 15834 4 7730 15678 2010 7491 18498 15658 21596 7277 31 28 7730 18498 15658 17304 9743 15299 5 5 5 16836 4796 9743 16404 3653 4 7730 7847 14335 7491 18498 21596 18498 16162 15150 17324 20402 21 21 9915 21 21 0 0 0 4 14539 20402 4552 11284 1249 4 7730 654 4766 31 15127 6103 17226 20402 9915 21371 15658 20402 2322 18476 20402 14335 16468 15678 17226 5 16323 31 15834 17438 22092 15678 4552 4796 15677 6103 22463 11114 5 21 
21 13278 4 15678 28 21623 7914 29 13727 10793 7850 18458 6103 14348 7850 16238 6103 28 5 7850 16238 7509 19698 7914 29 9901 2116 7509 9194 7730 28 5 6981 22897 9901 2116 7509 9194 7730 15678 7589 7509 3962 4 9193 31 10366 6103 28 5 23570 19522 7509 8893 3170 20 21 
20402 28 
21 17923 5 28 28 7509 28 9594 20670 13472 7730 6731 10798 16404 30 5 8956 20402 22463 7509 10366 18498 15678 15290 15676 6103 1543 7730 5179 110 5 
13543 7509 23222 29 6 11561 6 23273 5 28 5 4766 26 0 22615 29 30 13800 29 21 
18498 21340 482 8956 11644 0 12780 11898 871 6029 5 
8956 20402 22463 15955 16404 18525 3348 17915 16002 5 13325 18498 15678 5168 1570 31 15658 15711 6103 20149 21596 31 12301 6103 18498 15678 17915 20402 22037 5 
15678 17877 20402 20293 15678 16083 
21 28 4 29 4 17572 5 29 21 
20634 6103 12301 22429 3633 29 8406 31 14426 5 
16967 6103 7616 6103 22463 969 7509 22430 5 970 18498 13055 5942 28 6103 20742 17304 19474 5 
21 31 8057 17629 8386 18498 17950 15658 20402 22463 2060 14346 4 20007 871 9336 5 18476 15678 15190 15658 21596 13909 17949 18533 22805 4796 12780 20402 5 21 
15678 18498 15678 7801 7509 28 21596 31 7491 20670 15678 10982 16351 5 5 5 
20402 11861 21596 22463 2614 9964 10259 9942 5 4809 17438 6574 15678 7314 20670 15678 15263 5 
16967 12577 7730 11861 16404 970 6103 28 5 20402 16440 7509 17960 6103 7616 7509 17924 5 28 28 5 
21 28 4 28 5 28 4 28 5 21 
21 5037 16404 17930 7813 4766 7616 7850 23498 6103 28 6103 4945 7730 20634 15926 5 23016 9743 16440 7509 30 4 22429 4 3633 29 19698 21738 5 13909 12301 7914 6 11560 6 5037 5 30 5 22429 5 3148 5037 7789 29 5 29 12760 21 
16475 7850 20495 
10548 6103 28 29 
5144 29 2087 5 29 1249 6103 1103 5 
21 16292 4 8995 6103 10548 5 7957 17872 17583 5 21 
21 7127 29 4 7914 28 4 9867 6103 10217 5 21 
21 15138 3058 8956 15599 20670 31 8057 6103 6731 6103 20742 7509 28 5 
4666 4 9010 20247 18876 15678 19522 6103 18498 20402 1570 7850 18069 6103 4185 6103 11839 6103 30 5 3148 5 21 
21 1926 7932 7850 3928 7509 17930 28 5 8627 15138 4672 20670 8956 17889 6103 7861 6103 4145 5 12780 1164 18470 17931 18784 23016 5421 7812 16404 15678 5943 6103 20500 7730 28 7914 19225 31 16378 4 17962 4 3047 4 9170 7730 18470 6075 1500 18470 4253 5 20402 15138 10544 16765 5 21 
20402 11861 15678 6110 5 
21 4964 206 7509 30 4 20402 11861 8995 2027 31 18006 7509 3665 31 7284 6103 4145 5 4854 4766 23135 22463 7509 18006 7509 4253 5259 8081 16673 17931 28 5 6987 31 9422 17934 6281 20803 31 4876 7914 10828 5 22657 31 16689 6075 22463 15855 7850 18006 5 21 
21 31 1386 2920 18498 8995 9743 8406 18478 6103 3047 9634 7730 23176 16404 28 20402 22463 23570 9365 16404 970 18498 8995 7850 14548 4 8817 20670 15658 20149 17304 565 15299 20670 8956 5587 5 22805 16083 5587 18498 15678 17930 28 28 8147 4 15894 15061 18498 9193 8974 15894 11284 2156 13905 6103 30 11284 13909 23176 16404 28 5 20402 21371 22463 5587 2920 7730 4 21371 4796 15678 17819 3962 4 15658 20149 17304 5013 4057 8406 31 22702 5 15459 3976 20402 12145 22463 1386 15181 5 8235 4 20402 22463 23570 9365 17872 970 6103 14548 5 21 
15941 16404 970 7509 22429 5 
21 30 4 22429 4 13579 15567 21596 15678 29 5 21099 13909 17307 7509 28 13229 5 15138 13278 5 21 
21 16972 4 15678 7559 8995 23104 5 3058 23174 31 21793 5 21 
6103 19324 23206 16971 16468 31 18876 9365 7509 22805 7914 3962 6103 3227 7850 23575 20247 20244 16630 5 
21 8956 10796 23351 4 16066 23239 4 23360 8995 16784 31 15623 7730 15678 3058 20326 5 21 
4264 
28 20402 5623 17438 22463 4073 5 8995 6103 15855 5 5 5 
16475 
21 12780 703 28 21623 6103 13359 31 18006 6103 10982 6281 5 15604 8562 17304 21179 13640 13640 5 
18197 6 15658 17304 16784 31 17022 6 16404 21 
21 18784 20149 22805 6103 22327 15459 28 19206 31 21951 4766 28 3630 7914 21551 6103 17380 6 
1386 18220 7509 3665 7914 19225 31 20931 6159 20670 31 21951 7730 20931 23051 1393 22771 5 
22944 18498 17797 15678 305 5 
21592 6103 5265 18498 15678 2332 20402 19913 4 17836 16673 18250 5 
991 7384 4 28 5219 10648 23206 23176 7102 31 21951 5 5 5 
12861 21858 15678 28 8302 7730 6737 1393 14539 21551 4 27 5 21 
1386 2727 12577 7509 17930 28 28 18498 15061 31 5587 8406 16400 8406 17382 7730 871 22702 4796 30 7730 1161 5 31 28 12255 740 21596 8956 21942 6103 4583 17382 5 5 5 
5942 15818 7509 14860 6103 19083 16404 20742 30 5 3148 7850 20567 3170 6103 18471 6103 20742 
527 6103 15373 9769 5 23123 2087 
18525 20402 9010 3665 18498 20786 21389 10159 7850 19028 7509 28 0 17629 19900 16404 15658 23174 15423 5 
21 2031 6 15658 8995 5947 16066 4854 15599 4 14447 4 11729 16066 23222 20244 15623 18498 21596 10142 4 5353 11911 16066 9615 5 740 15658 19900 4796 12861 349 4 17324 15658 5947 16066 4854 15299 18498 20402 15708 16404 20402 22886 5 136 5 21 
21 10959 4 15658 20402 0 
31 5505 7509 15190 2082 16404 15678 28 22353 6103 29 15292 4 31 13907 6318 29 15643 11284 8995 7850 16587 5 
21 13909 17804 7509 18498 12861 11875 5 5 5 
21 9193 12784 6184 22463 21551 16404 8678 9312 866 16393 7850 28 5 4796 873 13055 9743 12861 4 8995 4854 5 5 5 
12861 20402 1453 10523 4 17380 20402 16083 11454 20 21 
12861 20402 1453 10523 20 20 
21 18533 22805 7850 5505 5 5 5 
5505 7509 15190 5 15988 7730 1233 5 28 23274 28 19671 
21 17872 18525 10959 6103 22564 31 10343 20326 4951 21 21 21282 7850 28 5 5 5 21 21 21 
7127 7509 15311 4766 31 8897 15311 15253 6103 28 13512 5 
21 12861 18498 31 26 9743 4766 20463 4552 20402 22463 184 5 15678 22781 2254 14335 16468 22463 22665 6103 22463 16137 17438 21500 7730 10010 22463 21 21 5412 21 21 4766 23135 5 15678 22665 23016 8561 21793 15678 15266 5 23135 13480 16404 15678 22781 18498 7491 18498 12862 21596 18498 20402 19450 7850 4141 6103 2022 5 9010 17438 20931 22897 7491 18498 7850 5412 21596 15678 22666 18498 8995 23016 7850 3025 5 18498 5412 0 18476 23135 1926 31 15970 6103 20446 6103 12455 23135 8995 1926 15678 5412 20402 15678 18498 7491 13761 7914 28 14830 5 19525 4 31 4141 15658 19450 20463 17877 7730 23135 15658 17304 3653 17458 20402 12296 18498 9387 9913 17438 29 1249 21371 7850 5412 9909 5 4524 18498 6075 4 21979 17438 22805 13039 4 6103 19450 12861 5 9193 15678 18498 9010 8057 9743 4766 20463 4552 20402 22463 184 20 21 
9946 13512 
10273 17438 28 28 
27 
16292 14335 8060 15678 28 6318 17872 9193 17304 6075 15678 16323 7509 9193 15253 18533 18498 9193 1027 21389 5 16323 15253 13512 5 28 
21 16323 31 13048 3170 4 22463 7509 17555 7850 15190 18498 5219 20007 14676 6103 18772 7509 18498 3510 7850 10927 7509 17154 5 
21 21 22463 19220 7509 20159 6103 8995 6103 28 4 9194 4 7480 15459 21648 29 565 18498 31 28 20402 22463 17154 9983 18498 1767 4163 6103 15678 29 4 29 2848 7914 21793 15678 15190 5 7850 7533 4 31 2251 16630 15678 9971 7509 2060 7509 8057 4 31 7108 7509 13721 7730 15678 19490 7509 16780 4060 1393 12733 4 4229 6103 21 21 7479 21 21 5 17476 7509 28 
18498 21189 5 
21 18006 31 12029 7509 20201 12868 31 21302 30 6103 17957 10469 7509 22429 6 21 21 2128 7850 5766 6103 22463 2689 29 17413 17438 20262 21 21 5 21 
21 7730 15678 5942 6103 20634 6103 12301 7509 22429 3633 29 3867 15603 31 17743 7850 20567 3170 6103 20634 6103 12301 5 15678 1840 20402 19522 6103 21446 7509 969 28 28 4 4766 31 4682 12173 6103 28 28 5 
21 21 26 20 26 26 21 21 19593 7914 20730 6 22463 14120 
20636 7509 13576 21 21 4 26 21776 28 29 4 26 26 26 20402 
26 21 21 21 
21 16673 13793 4 20149 9193 19969 7850 28 4766 22463 14847 6103 26 7850 5648 4 22463 26 7850 15256 7730 22463 28 7850 16098 4 14514 20402 1889 5 21 
21 22640 16404 9146 7914 23206 23498 4 12027 6731 26 5 21 
15855 21282 18525 13055 8995 4766 29 15266 6103 22942 5 
16292 7730 15253 2377 28 
21 21 21 7730 2371 17930 0 12780 21596 11076 0 21 21 
9010 20402 22463 7509 17835 16836 18498 14156 15678 12760 7509 9193 2154 22444 7850 22429 5 
17438 12861 14335 20357 7850 15713 6103 14335 12296 31 19456 7509 18498 15678 19362 6103 9193 4023 1190 19196 5 15678 15697 7509 14604 26 15658 20402 15934 31 9721 16066 5371 31 11076 4 9193 1453 12296 15678 18498 8995 349 21371 15658 20402 9950 31 15425 7509 8394 18498 4491 5 
17324 2727 4 9570 5219 8147 31 16568 6103 19197 18063 1393 14338 16673 28 22463 7509 20592 15291 7509 17931 7509 13880 21121 4 31 18470 31 22429 20402 9950 5 21 21 9193 15658 11284 22463 352 2136 29 4766 15678 10982 0 21 21 7914 19225 1393 2156 19078 31 9123 7509 3916 7509 17930 9774 20539 5 15678 17877 20402 18498 18525 1926 4766 15678 10982 20402 15678 30 7730 15658 31 28 5 15678 30 20402 16083 8394 18498 21371 19363 15678 17931 31 15669 15291 5 17438 12861 4 31 28 8386 18498 21596 15678 7277 6103 19196 15603 654 7914 29 7730 21596 22463 13566 6103 16630 15658 5913 7850 9632 11076 6103 29 11560 6 18250 5 28 5 15983 26 11076 7850 8361 16404 30 30 9774 7509 28 7914 29 4 8406 7847 15678 17960 7509 28 6103 19064 7509 3916 6103 17930 9774 5 9010 13566 20402 2727 9474 7730 17304 20402 22886 7914 7055 7850 26 7509 28 19362 13616 7509 28 7850 22429 5 20402 9229 18498 15678 1249 6103 5505 7730 7861 7102 20402 22886 4796 22463 23570 15941 16404 19551 15678 18498 20402 16367 7850 11076 6103 29 5 
991 7384 4 21371 21596 278 4 16673 26 4 31 618 4 7850 18470 22805 4 8406 16083 4 31 20201 2060 6 
8406 29 7730 29 6103 14230 19745 6103 1903 10795 7509 20481 20591 7509 20462 16404 7318 7509 19551 7509 11076 4 20803 6103 10268 4766 15678 30 7730 12147 6103 18006 20670 9083 6103 13749 15410 7 
7127 29 6103 14230 18006 1393 6329 8394 31 18780 6103 19592 7509 10560 7509 8394 15291 7509 30 5 
28 29 7730 29 6103 14230 19592 7509 20462 7509 30 4 7914 28 4 16568 31 19551 7509 11076 7509 7528 4 31 11076 22497 7730 31 6223 7509 9083 6103 13749 7730 15410 5 
17477 4 17304 16765 18498 9387 20539 31 4245 7985 6103 11284 15603 22463 11076 7509 17931 15459 1249 6103 29 5 9193 12861 21282 15770 20149 20402 13405 1393 20592 13621 6103 3450 12476 31 18006 6103 12760 6103 11076 4 7730 991 7384 4 20402 15392 18498 15678 17931 17737 7850 1903 23174 31 9721 4 4524 5 17438 8329 12861 15658 15770 7730 12780 6400 7509 19592 13055 621 4796 15061 1294 5 
8840 21596 8627 22463 17556 15678 1961 5 
13909 12301 17304 20402 22886 1614 6 11560 6 23273 5 28 5 15983 5 3148 26 28 30 21596 2149 4766 15678 14338 7850 18195 21649 29 21 
8995 22463 15108 5 
21 15658 20402 16438 4 9193 20402 11861 4 7914 21551 6103 7861 4 1937 16083 3643 7730 15658 21282 31 15267 155 5 1276 6103 19969 17438 2371 9594 7509 19821 2131 4 22805 31 1293 4 1920 4796 31 12041 21 
28 13055 8995 7850 13194 6281 5 
21 13909 22463 8838 16404 15678 15190 5 15344 4766 29 4 29 4 28 30 4 9193 9946 4 10433 7509 1114 4766 28 13800 5 28 5 21 
21 31 6103 11462 6 
3058 7127 8057 6103 3943 6103 5855 4 10959 6103 12296 22463 13184 12139 5 
26 4 18470 20402 15678 15540 7509 20446 16066 8057 0 
28 28 
15658 8995 8147 20304 5 18470 20402 31 6086 0 
6086 23274 5 5 5 
18470 20402 15678 15540 14539 0 
28 5 5 5 26 5 5 5 12327 6103 9956 4 20304 5 
15658 21596 8956 13184 20304 5 15678 23577 13184 6670 7127 20402 22463 21 21 28 21 21 5 
26 4 8443 10959 6103 3653 9010 14539 5 
9971 5 21 
703 7446 21743 6103 12523 7509 7558 20446 5 
352 5 5 5 15678 16605 7509 28 15658 20402 9346 6103 22463 16440 21282 5 
19854 16404 31 15382 5 5 5 
21 15658 20402 16987 4 9193 20402 11861 6103 22897 7914 18476 15061 15678 5401 18476 31 13907 8995 12780 17438 22463 23577 13539 16066 7491 26 6103 18629 5 21 
2727 20318 5 5 5 
21 7730 31 10343 9964 16066 15658 6103 11462 7850 28 20402 6 21 21 14302 20402 31 3726 6103 9016 15678 12638 8406 15678 11913 7730 31 2367 21 21 28 2248 7509 13591 12537 7992 5 
10800 6103 17962 2617 7850 28 5 2625 7163 9010 23222 5 
21 5739 18498 21793 13055 16468 17438 20644 6103 8564 2932 6103 15258 7914 11543 7730 5295 5 15678 19522 6981 9308 20402 1453 22463 1127 7509 18471 15258 18498 8995 20402 10211 7850 28 4 20007 9336 4 9230 5 17511 4491 23206 18379 4 9193 4491 1453 29 16404 15658 21858 31 13311 3698 6 
22463 16399 8995 21810 20845 10878 7914 22463 11543 17324 8995 16468 13923 4 7730 8443 15678 15258 16468 22463 9308 6103 20044 22540 16404 22838 5 4289 15678 19522 4 15678 15258 16836 20149 7847 20402 7133 17324 31 21440 6103 2368 8995 951 0 0 0 5 
20402 11861 740 6256 4524 18498 7914 20879 4 16404 21752 15678 5808 15658 20402 15392 20402 1570 7850 18069 4 1453 9748 0 0 0 5 17629 22541 6103 22463 13301 9774 16404 21858 16393 4766 15678 18498 349 4766 31 15679 5 
8956 16695 6103 11462 7914 7127 5 5 5 5 15678 28 7102 21596 4730 20463 26 9489 15658 13727 13909 10544 6103 20402 8147 17872 15658 21596 22463 16566 22385 11020 5 5 5 
21 23570 16468 31 9721 7509 5297 5 15658 6256 13909 31 
28 7730 28 17599 8956 184 5 21 
18525 18533 12780 16404 30 1575 17324 18525 14662 2136 29 6103 9883 15658 21596 3954 5 
15678 28 20402 22463 11020 9365 7509 18498 22092 8956 21684 5 31 16971 8995 3450 22897 13909 7820 7914 19335 31 12301 9193 15658 7914 13012 5 
15502 21596 15678 7277 6103 20402 13909 11787 7509 18498 15678 16083 5 5 5 
21 512 6103 17244 4 15678 18498 9743 18476 22463 22781 7509 28 22782 22463 16137 4766 15678 22665 8561 7730 15678 2022 7509 28 7491 18498 15658 9387 21340 22665 0 8995 4623 7706 7914 5320 15678 22665 8561 7730 7491 18498 16162 15150 7102 31 9916 3962 9193 18533 3653 5 991 7384 4 15658 1926 15425 5412 5 15678 2022 7491 18498 15658 21596 5426 20670 20463 22781 5 733 5 5 15678 22781 15658 14335 2032 16404 19450 15678 17877 5 5 5 21 
21 7730 16404 29 6679 18498 31 8057 6103 21525 31 3402 4 28 7730 28 4 1540 31 19456 20463 4552 5 4766 31 17434 7509 28 7850 22373 8840 18498 12861 349 31 15260 17605 4 22463 22897 18498 21596 3058 20446 6103 17951 20663 6330 4796 
28 5 21 
21 4796 13055 7491 16083 22898 4 9193 288 18498 31 13749 15908 20402 1694 16404 15678 28 17304 20149 1519 5 21 
9980 10548 6 
5146 7509 21726 6103 6731 7509 22429 23040 
21 12577 5 5 5 
17438 12861 18498 871 22386 17304 20402 11861 4 4796 17438 9365 15678 28 5 21 
9808 28 
21 15678 20742 6103 7989 6103 20303 7509 8963 15658 10473 2727 7914 19225 31 17840 5 17438 23206 22898 13055 16647 20303 17841 7730 16765 18498 20149 21596 16647 31 20303 15558 21596 20402 2021 17819 5 22463 20558 11678 7850 20634 19450 6 
11678 20303 15558 5 26 6086 11518 9 20303 17841 5 26 6086 11518 20634 5 4229 20303 17841 7 
8329 15678 6726 15658 19450 4 3391 1393 22588 20149 400 1393 20634 6 16647 29 20303 15558 7730 16083 17841 5 9193 15424 20293 10473 5 7850 22505 6408 6103 22805 29 16971 18498 4289 6408 6103 15671 20402 2021 17819 4 6146 16647 31 29 20303 7509 18195 22897 4 8423 31 2010 11810 5 16404 19450 4 23135 16647 17819 31 20303 15558 4 7730 31 10821 9996 18498 15658 22318 5174 16647 31 20303 17841 6408 6 
31 18020 4 20402 17358 5595 5 5 5 7730 15658 288 18498 12861 8995 9835 15678 7277 6103 15502 4 9193 8995 1453 21582 10657 15678 15576 5 21 
15678 28 12780 23029 15678 5545 5 
21662 15630 1393 19030 7509 15190 2136 29 5 
17154 6103 28 2124 5 
15678 7277 7509 1233 21623 15894 4785 15678 7509 11578 5 5 5 
21 16404 18525 15658 8386 14604 26 1293 4 20402 7384 18498 8995 9594 6 21 
21 20402 21916 5371 15678 14309 22096 31 1233 7730 16971 5 9010 3962 7509 12477 28 7102 20402 2308 4766 2625 2031 7730 3558 4 7730 17836 4 4766 31 2169 7509 16380 7992 5 20149 18784 20149 4935 18498 879 11284 17885 12367 22327 2727 4 8423 4 20149 15678 15081 20402 18779 16967 16404 15678 2288 7509 14365 7730 559 15658 20149 13045 0 20149 15658 20149 13045 4 7102 19611 21793 15678 17885 7509 21743 4 12025 21793 15678 21743 6103 1233 7730 15658 21282 3439 13520 7730 10141 5 7730 20149 1920 20402 4 7102 23029 22749 7730 21810 4385 16404 21793 31 8231 4 13055 18498 31 702 28 8995 17958 6 21 
30 17812 7509 5758 5 
22989 7509 28 4766 31 10606 20244 20326 6103 4708 5 
27 
21 733 5 5 5 654 17304 23151 31 2685 4628 8443 4 13055 18498 15658 21596 18722 5 5 5 
21 21 21 654 23135 12780 22805 28 4 18525 14018 18910 7509 9193 8866 18262 21 21 16718 6103 28 21 
15678 18498 9743 4766 8956 15604 10796 6103 970 18498 13359 1453 15678 29 17819 3796 6103 22463 21684 0 
28 18667 4766 20380 7850 19735 11943 19698 
7279 13055 16404 15678 20915 6 
21 17904 7509 19404 9594 20670 28 7730 3058 7850 10889 5 991 7509 7589 4 15678 11020 7479 13909 9862 21371 17304 19474 4502 7730 5773 5 5 5 21 
21596 19735 11462 7850 17426 11943 19698 0 
21 22463 7157 20558 6103 4705 
31 20794 16404 9010 22307 6103 28 16971 20402 4 8406 16083 4 22602 15678 22065 18449 4 18498 17438 15658 15083 15658 22602 5 20402 1920 4 8969 15678 3906 7914 23206 17413 7509 4417 15658 8995 20402 22463 21412 22233 5 17477 12780 21582 16063 31 22640 7509 8968 0 18476 20402 8969 4 16721 7850 18195 4 22838 20149 23135 15658 8995 21003 15678 8806 5 16721 7850 4708 6 21 
28 1570 7850 14548 7850 22430 5 16323 17438 21793 15678 8744 5 
21 4796 7491 28 28 6 2727 3017 4 2727 3017 5 5 5 21 
22805 21282 5 5 5 
21 10927 6103 17121 1487 7914 29 7850 18470 14561 6103 22463 4417 3510 5 31 15144 19210 18498 7850 12760 18876 20463 12738 15166 18691 4 7730 2371 31 15588 20149 8789 7730 13909 16971 3510 5 5 5 654 23151 16404 29 4 4766 15678 502 7509 19415 20699 4 15894 31 15588 5590 2727 13909 19871 7730 7914 11020 8593 5 5 5 4796 20149 4229 9010 15604 8057 0 439 4 21 
21 16404 18525 21596 22463 21551 5 5 5 7536 6103 29 7730 14336 20670 22463 17521 8905 11570 1620 
21 15138 13278 20 9365 6103 15924 6086 5 5 12301 20670 15678 16047 7509 10982 9774 20 
20293 9387 15678 13131 2372 7509 11454 5 
21 7730 654 0 8995 20244 31 5929 6103 21793 15678 13945 6 
9193 8995 17438 20402 7730 18525 8995 21371 6075 22463 15855 7850 26 26 6 

