20539 20 20 20 
873 9743 13461 1614 0 7 7 
7730 11284 10765 18498 288 18498 9193 8995 7850 17106 7 8995 14539 5 22 22 
21 13055 8995 7914 20460 7730 740 740 15658 19900 20149 31 18352 21 21 8936 9805 21 21 7730 21 21 9806 21 21 20402 6103 8934 18498 15658 13405 31 13749 15138 31 21267 16066 7276 21752 22463 4766 31 9193 3790 5 
26 26 26 21 
21 7730 19335 15678 26 6 23135 15658 12780 23151 31 12960 12861 4 23135 15658 12780 23151 31 12960 12861 4 23135 15658 12780 23151 31 12960 12861 4 23135 15658 12780 23151 31 12960 12861 4 23135 15658 12780 23151 31 12960 12861 5 5 5 21 
21 20402 7850 11518 7509 23236 7850 28 18498 23135 6592 20931 20855 4 20931 11213 7730 20463 20171 5 18487 4766 3790 6103 7576 4 22657 16673 7127 4 14464 4 7730 22657 16673 22157 4 28 5 
9833 
28 17311 
16421 4290 6103 26 7730 22135 28 21 
21 22463 7127 4 11284 13909 6103 7558 1249 15458 19404 14145 13512 4 9193 21752 10273 6103 7558 14995 4766 3616 23284 7730 7491 18498 7847 20402 11203 6103 8988 5 19900 3878 0 8443 5 5 5 
26 
11203 6103 3618 
17983 16162 22463 13405 7558 
26 
14487 20402 12861 15658 
6103 654 1393 23104 21 
19804 16404 5590 21282 7850 22575 1393 15533 20244 15036 28 16967 
20402 13520 20 
21 9193 8637 8840 4 9193 9808 7127 6074 4 20463 21062 5 26 5 21 
21 3058 21409 16404 18525 12780 21596 2154 14539 20402 20247 7509 18366 17438 4060 7509 11076 7 20247 18498 23016 4 18476 15678 16083 23151 4 31 28 13055 12780 21596 6075 15678 10927 9820 10719 15414 8937 16991 7730 7573 15678 3633 4 17304 8840 5 15678 
3472 9193 14627 10548 21 
21 21 21 11462 21282 21596 22463 2154 6103 14049 7730 15658 12780 22805 15678 26 4 26 4 7957 12780 6103 4315 7730 5645 6103 9128 6103 11570 21939 14539 5 5 5 21 21 21 
21 20670 15678 7127 7509 12787 4 9193 21282 17629 6981 7558 20 8 29 
13520 
28 
16673 14466 15658 21596 3213 21 
10765 18498 1027 2822 5 8 29 
21 7509 21266 21 21 1393 22898 8956 2976 264 21 21 5 21 
21 21371 15658 4 9193 19900 9743 3211 5 6 29 21 
21 9193 19205 155 20402 22463 4672 18498 20463 15311 22318 15708 31 21596 21282 16404 17304 9901 4766 16083 14464 8329 23135 20402 7235 4 21596 18498 20215 21793 15678 20463 4499 7730 13764 7730 20739 7730 713 20402 7235 6981 10211 5 15658 238 8956 15951 13820 20 
7850 22821 4 31 11644 16440 6103 9193 5 
733 4 26 5 
6 2372 21 
21 11462 20402 7127 6103 4730 21793 15678 8678 7914 7127 7730 
15833 4 15855 4 22463 16694 5 5 5 21 
21 21 21 31 26 26 22 20539 31 28 26 26 26 26 20 21 21 
15658 20402 22463 21 21 425 21 21 4 7730 20539 22463 21 21 2136 6408 21 21 5 5 5 
7127 15187 7509 28 21 
10765 18498 15658 12960 27 5 8 29 
21 4809 14539 4 8995 2371 5 5 5 21 
21 15658 11284 4796 12861 20402 13909 18772 4 21752 18498 9193 16468 10183 9193 15658 16630 753 31 7847 5 
20539 4 21739 26 21596 17877 5 5 5 21 
21 15658 20402 4 9193 10959 16123 5 1506 1393 10606 21 21 26 26 26 0 21 21 5 8 29 21 
8 29 
21 26 26 4 26 26 
26 26 26 26 26 26 26 
26 26 26 26 26 26 0 
26 26 26 26 26 26 26 21 
21 4229 31 18506 6103 21 21 4964 21 21 1393 12755 6103 21 21 9719 21 21 15658 22318 9743 19456 13909 8956 12261 4 21282 12145 18498 23135 19900 15678 18498 20402 22463 9199 4 21282 16404 5268 5 21 
21 29 10097 4 288 18498 15678 28 18533 20402 14335 659 5 5 5 
26 21 
21 31 6043 1322 13055 6146 20149 12780 20402 10930 16066 10930 0 
909 4 31 3450 21 21 21536 21 21 4807 4 31 10765 17304 19698 4 16404 15658 4346 4 7509 3790 6103 18525 18784 288 18498 20420 22463 3058 11804 31 28 15253 5 18250 20402 22463 6781 22463 17556 14466 6781 7509 18498 15678 18201 4 9193 19900 18476 31 15955 20402 15678 21 21 19854 21 21 16404 15658 21596 15678 21 21 18381 21 21 0 12861 20402 14336 13983 4 9193 20402 15678 18498 21596 5 5 5 
7730 31 18506 20202 20149 10131 4 15299 15604 20663 15678 20749 6103 15604 5 5 5 9193 15678 7127 8995 3086 4 15658 16721 7914 5782 4 21932 5 5 5 7730 7957 16615 5 21 
21 9808 29 1249 4 28 5 8 29 21 
21 15908 16399 6103 22463 14443 7509 17819 4770 7509 3749 20402 7890 5 11462 4 8995 4472 15678 2973 6103 18498 11284 19533 4 2727 8817 4 6389 7509 22575 4 21389 18498 871 2154 20402 7104 3653 5 16971 4 23151 16404 3962 4 15855 16404 21793 15678 13131 7730 5590 5 
7730 15658 2504 15678 11341 5 21 
8 29 
21 26 4 8956 17563 18498 5947 15678 13909 15619 5 5 5 26 5 26 21 
21 1271 16404 12780 16404 31 5695 4 18476 22463 11029 8406 5 5 5 21 
21 20149 31 16972 20402 13278 4 5013 18498 7847 15658 20402 11606 20402 2240 13055 5 12200 6103 11349 0 16404 21 
9193 7850 26 9743 23135 6075 19699 18494 21793 7127 5 
21 18506 22327 4 17438 10159 4 31 10765 2136 17304 5459 4 9193 17629 20402 7850 20462 18449 0 21267 0 5 5 21 
22 
21 31 22685 6103 20402 16970 7730 16932 31 14758 20699 7730 11450 14247 20402 21282 17304 22805 1616 7730 5269 18498 15658 11284 15299 15604 20663 15678 20749 5 
8995 4766 16682 7509 8935 4766 4179 17304 1617 18498 20402 550 16673 17819 22897 7 16404 5688 15678 5654 21 21 20149 10131 2371 21 21 5 
21787 15678 2573 5 21 
21 12421 6103 28 6 17304 16066 15658 20402 22463 2553 28 7 7850 7728 4 18476 23123 6103 15604 9193 5590 16404 31 4721 5 7 7 21 
21 10765 18498 13055 15311 17438 14466 6103 22463 15272 1249 21195 17438 18498 15678 7558 13761 20369 4 15416 11443 20402 18639 4766 15416 18498 15658 21596 22130 10001 4 28 15324 12398 7730 10765 18498 5041 31 15144 18498 115 7491 18498 15658 17302 13010 15678 16169 18498 18281 6103 22463 18159 4766 31 5762 17458 7847 8995 6739 5 
8956 20402 15678 17304 6103 656 0 5 5 21 
21 11284 9314 29 1249 9193 8995 20244 15894 15005 7730 15138 14466 4766 18525 4 51 16673 26 6103 11208 10259 4 4766 22463 16169 18494 1393 2708 7509 15041 4 15678 16753 5621 7850 18287 740 7545 4 7730 14335 20215 1453 7850 8838 6103 9801 10530 4 17438 22463 558 740 7850 10822 7730 18498 15036 7850 15266 20201 20244 18498 9193 17304 9743 15299 5 
17495 4 11284 9314 29 1249 9193 21371 8995 21582 14335 1233 17438 4060 7509 17819 9867 7850 9574 4 15894 5174 1612 10673 15451 7509 28 5 7409 7730 16006 1612 3389 2570 7509 28 14335 7409 6103 23151 5 201 20402 15138 13909 7509 18498 9193 12894 8840 4 15658 21596 8838 6103 5762 13266 4766 873 6981 9574 22410 4 11551 7730 11443 5 
8443 4 288 18498 7839 15678 17460 6103 5360 21596 13266 4766 7614 5 28 26 5 28 6 31 22942 5219 20402 22385 12838 4 21254 7730 22304 18498 18476 22318 6075 22463 17406 16404 19969 6103 20463 21662 7501 6103 20049 4 201 7847 14539 20402 15678 13905 21662 6103 20463 3952 4 7730 23135 9604 4 1393 15860 6103 21793 4 18476 5360 13761 6408 6103 4672 11532 20402 7491 16066 9790 5 5 5 9193 20402 23135 4 14604 3894 18651 4 18525 8995 13761 18476 7847 15036 4 23135 7730 13909 15502 16404 18525 9193 21582 5590 7850 23523 5 31 1103 20402 15678 20352 13909 11861 7509 15190 4 4179 0 1393 22898 9193 6820 6103 23135 4 6103 15671 4 6103 23135 14539 4 9193 16721 18498 8956 13265 20402 4796 22463 3960 14539 4 8443 4 20402 2136 31 15041 4 7730 8840 18498 15425 7509 7558 15643 13909 21582 1285 31 20374 5 9808 29 1249 6103 26 4 5765 13909 4894 7730 17883 7509 9193 22942 5 
18651 26 
11462 8995 13439 26 
26 20244 28 
10273 9726 
9867 7509 4169 
22310 1249 23244 21 
21 20149 9193 14156 866 4766 23135 15637 20207 4 22667 4 17458 9193 7102 22318 1027 15138 5 22 22 
20207 17106 7127 21 
21 12780 21596 26 26 7436 7850 28 20539 4 7730 20149 18910 31 26 6075 5762 6103 15604 20 31 17147 21596 29 1249 7730 13055 8995 1987 7847 7509 10211 13909 18639 4 14604 7087 5 5 5 21 
21 12780 13761 4 16967 6103 15936 4 16971 6 23135 17658 16098 21 21 6663 4 21596 4932 9193 15311 21596 15783 16673 18195 15266 21 21 16066 21 21 23135 20402 22463 7509 5765 13909 9786 18498 9193 13055 22805 7730 15658 9901 4766 23135 15424 18498 14335 16162 21 21 0 21 
21 20402 18498 7847 13325 7509 10765 0 
15658 4 9193 12780 13761 16939 6103 15604 5 
28 28 
10530 26 
28 
26 22873 31 26 
10533 8682 201 4766 31 16135 875 21 
21 28 14984 13512 20 8 29 
18165 7509 21641 
2248 6103 15678 22973 
7730 28 16816 
7730 20402 28 28 7850 3885 21 
21 16971 3086 7730 21739 26 5 6 16404 
5366 1041 
15678 2248 21 
21 26 26 26 4 15108 0 29 21 
20670 4711 6103 14156 18352 6 8995 21596 5 6 16404 
21 21 21 16169 5371 15253 21 21 4 7509 13817 6103 28 4 20402 1612 5320 18498 4378 20931 3790 20244 28 5 6 21 
21 26 4 14335 20357 14466 17424 654 5 6 29 21 
20126 7509 3388 13562 5 6 
21 8443 4 18498 20402 8956 13185 6103 5929 5997 4766 10273 17790 7730 3166 0 21 
21 31 18498 17406 4289 5 5 5 
3537 15678 14119 1971 
9620 7509 18498 9743 21 
18533 22805 22463 9956 11663 4815 0 
21 21 21 14550 7509 4509 13949 4 22760 17438 15671 5 21 21 
9808 7127 7509 7132 4 11578 5 15678 21 
6146 18498 15678 19509 7509 15266 12780 21596 6103 20402 7451 5 
21 15678 21662 7509 1114 
20149 20402 22821 18498 1027 7491 15678 1114 4 8443 15658 8840 13909 5 6075 31 7847 9010 13056 4 18498 31 6900 7730 1920 6900 31 23135 14539 4 17438 1027 873 6900 5 20149 20402 22821 18498 1027 7491 15678 1114 4 8443 15658 8840 13909 5 
16647 31 13056 7730 20402 2136 7847 4 18498 31 17169 7730 9339 4 1393 20793 6 
8363 31 8840 5 5 5 9193 1027 23135 20 
8443 8840 4 20149 20402 22821 7491 15678 1114 5 21 
21 20402 11578 4 873 12780 7850 2833 7509 13591 15459 9971 6103 20247 0 18498 7127 0 
7730 7770 17523 4 873 19900 866 6103 13576 17918 17438 23545 3172 4 16066 20670 7847 0 21 
21 15658 20149 8256 4766 31 10139 7509 16971 7 14604 16169 21932 4766 15678 14118 7509 16421 7730 7491 18498 7847 20402 10765 3058 4 19900 5459 7730 20402 20293 10766 5 22 22 
21282 9356 15458 3962 21 
21 4809 31 8386 17458 31 16971 1027 14604 10530 26 5 5 5 
28 28 19474 14604 26 
12780 18498 12780 
7957 21582 
12249 
28 4229 7850 26 1022 21 
21 12861 20539 17304 9570 20149 4229 21 21 26 26 26 26 21 21 5 21 
26 16404 15678 21739 26 5 8 29 
9193 9743 15138 12861 5 
8956 17563 7509 22575 18498 13055 21438 7850 3590 7730 12716 6103 12780 9867 5 5 5 26 5 
21 15658 4 8840 5 5 5 21 
21 6408 6103 23206 15266 21596 20007 8956 10273 4 9980 12780 17304 22589 7850 5348 17229 11284 4 19335 4 15266 5 26 26 4 2384 5 8 29 21 
10765 18498 15658 8995 7850 3213 20244 3398 14454 11209 10716 26 14454 11209 11605 5 8 29 
21 20149 23135 8995 13359 12861 4 26 4 20688 1393 13502 6103 5323 13909 14762 18498 9193 13055 9743 2136 654 5 7 16404 21 
21 5588 7509 21739 26 
22463 15108 13761 7509 21063 14335 6472 31 9594 29 4672 18498 9193 15790 5 15658 19900 20149 21596 21389 23560 1920 7850 5528 4 9193 7957 13761 5 
29 5843 4766 1233 7 
29 21583 6103 8233 31 11654 6103 22463 11111 7914 21793 31 20709 7 
29 18638 7 
29 13819 7 
29 13428 7 
29 4913 6103 3213 20244 16098 1067 13131 7 
29 9901 7542 7 
29 21596 6103 9901 439 15678 18498 20149 16468 7850 3393 7509 16971 17458 31 13949 15658 9605 7 
29 15678 9707 6103 15658 21596 9790 15424 14561 7509 4672 18498 16083 16971 13055 9743 7850 9193 11636 7 
29 5856 682 1393 17349 17438 16440 6103 14957 18498 20149 288 16440 7509 3959 16816 5 23135 21810 4306 7730 21793 15190 19900 4 12780 5876 7509 20931 22942 7 
29 10765 15457 6329 7 
29 6421 7730 20463 10437 7 
29 4622 6103 2031 4 5107 16066 17743 7 
29 12945 7730 2767 15678 15081 20402 15678 14539 4 8443 4 14539 12868 7 
29 7181 4766 9314 5 18533 7573 22327 31 23498 7730 6408 15678 15190 7 
29 10765 18498 18910 15678 21551 21793 6103 22327 4 23135 21582 14426 31 5765 7730 7847 21282 22318 6075 5374 7730 740 9901 3183 17458 23135 15658 5219 31 20794 14669 16404 21793 15678 17877 6281 5 20149 23135 20402 1920 4 12780 21810 7850 5859 7730 6408 12780 20149 22092 4 20931 13945 20244 989 18498 19466 22 22 7 
29 17629 6103 11543 4 6386 16066 4585 7914 10793 7 
29 10765 18498 368 7914 7087 7730 15658 19456 15678 2039 875 5 21 21 9901 4766 28 21 21 2136 18498 6582 4 21 21 12780 15963 17438 23135 21 21 6400 7509 8397 4 654 21 21 28 12780 22318 3990 21 21 7730 20552 4 15658 4 12780 5733 13667 6103 9193 7 
29 15658 5219 7599 7730 352 4099 7 
29 5684 4 7850 20357 6103 15658 21596 5521 6103 9743 866 13278 16066 23204 21282 16673 17517 6103 9604 7 
29 31 18737 11570 5 
4793 18475 4672 7730 21739 26 22318 6075 22463 15677 5 21 
21 29 4 29 7914 12675 1393 13788 20296 7 6408 6103 29 2352 17304 16630 15286 0 23239 21 
21 9769 21836 4766 29 4 29 4 873 14335 134 20 20 20 20 20 8 29 21 
21 17304 8995 7599 4 9193 8995 18625 22463 30 3166 4480 11605 5732 5 5 5 21 
21 8443 4 3472 28 0 
733 4 20402 12901 5 5 5 9193 23135 17304 21752 22463 10273 20751 9193 5 6 29 
8995 4 9193 15658 7850 14539 17497 4 12022 22463 17556 31 3393 5 
13055 20402 4 11570 5 
26 21 
21 28 4 9193 18533 1421 7850 28 22463 7127 5 5 5 
1920 4 7509 15299 0 3058 4 288 18498 9193 17511 19450 12861 6 21596 22463 11570 9743 3610 18498 9193 8995 13480 18498 10959 6103 20551 2844 4 8443 4 23135 13398 31 16526 7277 7730 9193 31 8933 4 560 4 20402 21535 5 
288 18498 12861 12780 4229 31 2031 15678 21036 0 
20539 5 5 5 15855 4 17304 15855 16404 31 5995 18498 9193 12780 15855 16404 15678 13131 16404 7325 5 
20402 15671 20 
5631 7509 22575 
9715 22576 
28 21 
21 26 4 15678 17819 20262 20149 20402 5 9193 13055 17511 7599 7730 1999 23135 4 16404 31 9801 6103 22463 16066 16083 7730 6739 7509 13907 20 6 6103 21 
21 740 7850 28 4 15678 16067 7850 13002 20402 6103 22463 17790 4 9720 4 5663 4 13775 20539 4 7730 12861 12780 20402 13325 4 19487 7730 8748 7850 10541 6103 21793 15190 8329 9387 10765 18498 15658 8386 17458 12861 20402 11861 5 26 26 12863 20 20 21 
21 30 26 134 21282 15678 17790 7 28 30 10648 14347 7730 20402 1484 4796 20149 20402 31 14425 16971 7509 15190 4 8329 31 23231 6103 20931 21 21 3222 21 21 5266 7730 18498 16468 7509 13494 20402 20529 5 
439 18525 388 6103 12657 18627 0 21 
21 15658 13325 6103 21596 22886 14604 16169 22385 9808 21283 31 22942 21793 5 5 5 
7127 7509 16169 21 
21 4289 7850 20402 11570 18498 23135 18533 2700 7730 9605 6 21 21 12780 16468 31 22318 4229 6103 20237 4739 4 17458 23135 8995 9743 15138 9620 20 21 21 
12780 6075 4179 4 12780 6075 4179 5 5 5 26 5 26 21 
21 26 4 20402 4289 31 11518 5 201 10548 4 201 10175 4 201 21551 7850 28 5 8956 19415 20699 2352 20402 22463 28 22936 4 7730 9193 21282 23151 16404 7847 7127 29 6103 20460 4 18498 20402 15678 7127 20201 1393 8414 7509 15585 7 2136 8956 7127 4 17596 15643 4 8443 4 8995 17958 15036 4 22918 16066 21596 9942 2136 13761 4 11300 0 20 
866 11861 17304 20402 22053 16673 28 16066 16673 7733 7 20149 23135 15658 21596 15425 7509 7558 7730 15658 21596 4766 18525 16647 4 9193 7693 18498 20402 14539 11861 31 15669 6103 15658 17304 8840 22463 20247 5 20539 4 31 10765 20402 4970 9193 20402 1807 21371 5 
19769 7730 22640 6103 8051 21596 17840 7 15658 15458 15970 5 5 5 288 5 5 5 
8235 4 12780 20357 9620 6103 23135 4 8443 4 20357 31 9193 20 26 5 21 
9193 20402 4516 15678 26 5 8 29 
21 21282 18533 7491 1393 6842 4766 28 18498 15678 26 17304 7730 20402 22564 17438 13135 16404 2082 7409 5 16382 7730 3058 20326 4 17438 9721 5 21 
21 20670 22463 7127 16404 13325 4 13591 7509 13512 4 16816 7730 14149 28 28 17438 15083 6103 6 19761 6631 7730 20402 15678 18498 9620 21596 6318 5 
4331 17438 15083 6103 6 20207 20402 7127 7509 8682 7730 7127 12604 7509 15144 15416 7730 9193 9743 22463 26 16630 22463 16404 3450 4790 5 20539 4 873 14335 6075 5 20539 4 9193 8995 2780 2136 654 4766 12861 5 20539 4 8956 14154 6103 13598 9594 20670 20149 1409 15658 8995 753 31 14096 31 3393 7850 13727 5 5 5 9193 4 20202 31 22942 4 20202 31 22942 4 22327 20663 5426 5 26 5 8 29 21 
21 31 30 28 16630 16404 9193 7491 29 4672 5281 20670 9193 5 10544 4 9193 288 5 5 5 
29 9193 21596 14378 6103 22463 4179 12421 23122 2371 5 5 5 7730 15658 20402 2553 5 9193 12780 5590 11091 21 21 9193 15658 20402 16404 14265 20 20 21 21 20149 9193 22805 22463 2553 23122 13064 20539 4 9193 20149 9193 22805 22463 22630 4 17836 3219 4 3058 4 21048 21810 22463 22383 16404 14335 794 7 
29 9193 21596 22463 17556 6103 9824 4 8443 4 9193 17511 6670 20559 9901 1219 7509 15299 1393 16765 18498 15678 20749 8995 15344 2136 14335 8233 7850 17819 13727 8713 18498 288 2136 4517 21916 5 13325 6103 13055 21596 9901 1219 7730 17908 22463 3320 16404 14335 8644 1393 9971 6103 22463 9867 4 7730 9193 15658 8995 21282 7 7847 14335 288 16939 2136 11462 4 8956 7102 20402 22463 7509 15138 15083 7 
29 7686 22463 20290 20670 22 14453 6103 22463 20097 6103 14692 22 7850 21613 1249 7509 15260 9193 20694 31 3790 7509 14604 14425 1095 4766 22463 15102 6103 16630 20537 4 17458 15658 8995 15855 16404 7847 5 7847 20149 8041 7730 8995 4809 31 9594 31 9193 16440 4 8443 4 20402 13045 5 5 5 13909 16066 14466 5 5 5 21752 29 17458 4 26 4 26 4 20402 28 7 
29 31 4672 18498 9193 17525 7850 28 5 11590 7338 4 23482 16066 2192 4952 20402 12620 4796 11740 7730 889 7 8956 13009 8566 16404 9193 15658 20402 15299 13909 7509 18498 22463 16701 4 7730 23135 7491 21 21 26 4 19698 15138 4766 20931 17523 21 21 15658 14335 9743 368 18498 23135 14335 13405 31 21267 4 20149 1920 13055 20149 17478 1294 5 31 7178 20402 18498 9193 15658 13480 15138 4 17324 12861 23016 6103 16971 18498 23104 6103 15247 20699 4 18498 20149 11862 21389 4766 20931 11729 5284 18498 15658 20149 16878 22463 17556 6103 26 4 17438 14378 6103 22463 13009 15400 18498 1421 6103 18475 10211 5 9193 17525 8956 2781 17458 31 22942 20402 22463 14512 12838 4 21254 7730 22304 4 11462 7914 7127 20402 7188 2091 31 28 7730 15658 16367 6103 1190 18476 20149 2325 22463 3906 7914 951 22767 4 20402 7188 15658 12628 31 22915 6103 21793 15190 18281 7850 10366 6103 22463 22144 4 20402 7188 6256 31 13771 6103 2567 7850 1705 6103 19277 7730 15658 18287 409 4 8443 4 9193 9743 15678 17563 19698 14539 4 16404 907 22327 12861 4 9193 20149 23135 19698 6103 22327 17495 15658 288 18498 5219 21596 22463 5459 20670 21287 4 28 16066 31 204 17458 21 21 4796 873 18498 8678 21389 2976 19900 4672 1920 0 21 21 4 3058 4 9193 15658 21596 22463 17877 4 23135 21596 22463 17877 7 
29 9193 17511 8995 4766 21793 15678 281 18498 9193 21596 4 4766 1612 14125 6103 23469 2442 16047 4 20684 7730 22463 3618 8678 21 21 9193 14265 21793 23135 7914 15540 6103 13798 21 21 4 9193 9193 740 12780 3224 4766 18475 1229 14088 18498 9193 288 7850 28 4 12025 9594 4766 1612 23180 9989 16192 7850 7238 7914 22463 7143 12045 7 
29 5 29 9193 9605 21 21 30 21 21 16404 17390 7730 21 21 28 21 21 16404 3439 5 20402 21267 7 
29 21739 26 20663 7809 6103 18475 4672 18498 943 20931 19484 15091 4 18249 7730 4659 4 7730 12861 17304 20402 6670 1612 8214 7509 10674 17790 18498 9193 8918 15678 15540 654 4 2136 7645 16958 4 21743 17998 16438 4766 1612 15286 6103 21 21 15671 22232 21 21 1393 10484 7 
29 9193 15658 10959 6103 5758 4 6670 20293 5 9193 12780 20539 10959 7509 20463 9942 4 9193 17438 20931 4060 4 15658 17458 9193 10959 6103 5758 4 17458 9193 18784 15658 10959 5 9193 15643 12780 676 22463 5758 17458 9193 15643 1414 7850 22942 4 7730 2136 11462 15658 5174 22463 16971 18498 1414 18498 20402 9365 6103 3952 7730 8522 14480 15658 18498 9193 20402 4 9193 11284 22463 90 8406 12861 7730 10959 6981 30 18498 1190 5 12861 20293 14335 14577 7914 5152 4 17458 8834 18498 22463 14464 10672 15144 21596 8956 21340 12469 14279 4 7730 288 3086 4 7730 18533 22805 4 7730 18533 3224 4 7730 18533 4730 31 15256 7850 2601 6103 22463 11116 14539 18498 15658 31 5174 18498 12861 4 10765 0 20 7730 18533 20215 15678 2689 5 9193 15658 21596 12861 4766 9948 6103 11578 4 20402 13923 4 13471 4766 12861 5 9193 15658 18533 20215 20463 9942 17438 29 15083 4 6670 14378 6318 21056 31 10317 7914 4434 6103 9193 2136 20215 8561 7730 18506 7847 8956 4672 20402 10439 4 16468 20402 4524 17438 14378 6318 4809 31 4346 7509 15299 5 1233 15658 9743 12861 4 9193 1027 1233 4 7847 20539 20402 3086 6103 22821 5 15658 20402 18655 4 15424 13948 4 15424 9620 6103 3952 4 9193 21282 15658 10959 7730 17989 5 19192 1453 18498 9193 12780 10959 7509 20463 9942 20539 4 16971 18498 12780 17900 7730 8995 13359 12861 11530 26 4 21 21 30 18498 1190 21 21 20402 16958 14539 4 1471 6103 20402 22821 4 9193 9193 15658 12780 3224 4766 7847 9193 14335 20357 16468 22834 6329 7730 15424 19900 9743 12861 4 15138 14466 16647 7850 4687 31 14466 18498 20402 15392 16066 7847 20402 15138 3058 7730 15424 16721 7914 16630 753 4766 10317 5 20402 18097 18498 12861 15128 22463 17556 18476 20149 9193 17900 16066 14604 1097 13909 18195 15678 9743 4 7730 15658 288 12861 19854 4 21282 15658 20402 22463 15127 10773 5 17304 5484 4766 12861 0 17304 5 11284 29 1249 4 18476 11302 4 9193 558 4 8995 20402 10795 4 9193 9901 4885 2780 11731 4796 7847 20420 4 7730 18498 19828 7730 3228 9193 17304 4913 16404 7847 4 7730 15894 31 13405 7730 18498 15678 15190 20420 20559 14425 17458 7847 8995 4815 4 9193 7847 15036 7558 15266 1276 6103 15344 4 8443 4 15299 13909 11862 5 21 
21 7157 6103 19007 20244 15081 871 
21 21 16404 19450 8956 17877 4 31 16971 17629 20149 5214 5 5 5 21 21 
15502 8995 1190 7850 28 7730 7509 15299 21596 22463 8495 7730 20149 5214 7509 18498 20402 5 10447 6981 15072 10507 7730 11284 15138 2647 7850 5015 4 21267 5 21 
18476 15658 20402 9193 18525 21752 10273 6103 9193 6 
31 16971 4788 31 17856 7509 28 28 4796 20149 12861 22990 21793 31 14512 18498 15678 18257 9743 20402 22463 2725 19564 7509 18498 20402 6631 7850 16971 8561 5 
21 15833 4 22126 22821 6 
16404 15658 20149 11862 16066 13405 7850 8895 4795 16066 3222 9790 4766 15678 12688 6103 9743 22463 16971 20149 20357 12256 31 16083 20663 18475 1875 4 15678 982 17629 13055 21596 4 16066 4 8995 15658 14924 6103 3058 2185 7 
20402 14336 7188 6728 2185 18476 23135 1540 6670 4099 18498 20402 6103 9707 12256 31 16083 16971 20663 18475 1875 4 560 4 1393 22898 2136 20463 16169 15678 6414 4 8443 4 22463 4795 1427 12374 7509 21743 21 21 16721 18498 23135 20402 13909 951 21 21 16066 21 21 13055 16721 7914 21582 7916 22463 17556 0 21 21 17304 18784 4060 9067 7 
7509 14539 12939 18498 15502 20402 15708 31 5018 4766 15678 21 21 9303 6103 16971 20333 6329 21 21 4 15502 20402 15708 31 20402 10259 5 31 7178 8995 7850 5228 7 6256 6103 9743 22463 3222 7730 373 22463 13324 19854 1393 4711 13055 22723 6103 22463 16971 21596 15678 14539 16958 0 
21 21 20402 21282 15658 13480 21 21 20402 15678 8599 5 21 
21 9808 7127 7509 5 5 5 
29 29 
13033 18498 23135 8995 8678 0 20 18533 20402 15678 17819 31 13359 20 
14539 0 
4524 4 7730 12780 14335 15806 20149 15658 14018 16404 9193 17819 20 
4179 4 8443 5 5 5 
29 29 
7730 2371 4 4796 1190 15678 13591 0 
8995 14336 6503 6103 8678 5 5 5 
15658 20149 2096 20 21596 4181 6103 18498 8995 9901 12094 4 7730 9193 18533 6329 13359 4 7730 18070 12780 20402 6103 22463 22897 21282 5 
20402 12861 18498 12780 14335 15081 31 16440 6103 654 4 8443 5 
29 29 
201 0 14539 0 14335 14018 13055 20 20 
1614 15678 1733 4 8840 14539 18498 23135 10959 5 6 22 
21596 4181 18498 12780 1027 20 8 29 
29 29 
7730 2371 4 15678 18498 1190 9743 7509 10548 0 
3058 4 21282 1575 15678 21551 7914 3962 4766 31 9634 7730 21340 5 5 5 7730 23135 0 
9743 23206 15299 15678 7127 21793 11284 20247 5 
733 5 5 5 7730 15678 18498 8995 288 7509 13591 0 
9193 4 22821 20 6663 4 15424 155 15678 1733 740 5 5 5 288 18498 15678 16784 4 14018 6103 15604 0 21 
15604 19150 6103 22942 12080 6 15643 9901 9808 17438 1286 5 
21 29 6103 13014 20402 7127 7509 8682 7730 7127 12604 7509 15144 15416 5 
238 7558 4331 6103 3450 22463 4 13055 2322 5 26 5 21 
14787 7730 738 5 6 29 
21 19549 9975 7509 3428 7 17803 7509 21551 7491 18498 9743 29 7850 18581 5 
1393 22898 15678 22520 15658 21282 5263 31 9721 4796 2136 4730 17605 5 22 22 
12780 21596 28 21 
21 9193 15658 20402 4017 15424 16970 7730 21340 5 5 5 9193 20149 9193 15036 15658 2027 21644 1393 22575 4766 8956 15871 4 13332 6 9867 20378 4766 11617 20906 26 4 7509 26 3702 9867 5 21 
21 14335 6075 6 26 
15286 9726 6 22 26 14450 22 16673 26 4 16673 352 12345 7730 16673 22133 21 21 26 26 14335 11617 26 7 11617 26 26 26 26 26 26 21 21 7730 22 26 26 26 22 16673 2647 5 
15286 18498 22126 18381 13324 6 11066 1393 7087 15658 11284 15425 15286 6318 18498 9193 1943 31 4672 19854 5 
15286 18498 22126 3058 13324 6 22 26 26 22 4 14335 13325 31 8632 22463 17556 5 
15286 16404 6184 6 9193 6184 22 26 22 1393 9193 14786 18498 31 3450 7127 5741 10259 7730 20134 5 21 
13811 6103 7576 7509 21739 26 7 2974 6103 18498 20402 21021 5 6 2372 
21 26 21075 7850 19768 6 
31 20149 6075 2727 
2372 8995 14335 17908 17545 18339 
23135 15036 
20402 2372 7730 20402 14425 31 5 21 
6103 654 5 5 5 
10765 18498 22564 15678 3388 5947 17458 6075 21932 6 8386 15138 23135 5 
873 12780 18533 12780 1393 26 13909 21409 0 
11284 22463 7127 7914 18498 9193 12780 14335 5335 4766 14604 3388 15558 5 5 5 9193 4766 4181 8956 7127 15658 20402 11462 20 
21 21596 19133 9193 6152 7 
21596 10473 5 8 29 21 
12780 21596 2154 2136 29 6103 7119 7 238 136 5256 6670 13055 5 7 7 
21 14335 6075 6 6103 
13055 15311 0 26 5 
9901 6 20539 5 
9743 22327 6103 15604 0 15678 15252 18498 9193 13055 9743 17438 22463 21 21 6103 21 21 20402 9901 16098 22463 29 14764 20670 15777 17458 15658 288 3196 16404 12780 7279 1393 1961 4 8329 15678 18651 7730 16083 1095 9901 10823 9790 7557 2116 6318 16404 12780 7279 1393 1961 5 20126 26 26 
20357 4499 0 6103 15502 5 
7201 21 21 28 20402 1114 22825 21 21 7730 9193 22318 6075 22463 13375 5 6 16404 21 
31 16440 6103 654 12780 20402 6 7914 22463 19205 21267 4766 15678 19169 6103 1034 5 
21 12351 31 20558 20319 6103 9743 20463 21932 5 8 29 
26 
28 
26 21 
21 29 4672 18498 9193 7491 16404 31 26 6103 29 1249 6 
29 20463 16169 4766 21793 31 4181 15658 12780 15036 16673 14466 16673 18195 29 1249 4 8443 16404 6103 21196 17438 14378 6981 17517 21793 7127 7 
29 19625 21793 31 23014 18498 20738 7850 8632 7 8956 16484 5795 15658 12780 20444 16404 7645 15425 4 7730 18476 23135 20149 12578 17438 13749 4 6073 31 29 1249 4 12861 12780 20444 6103 5 23135 13695 31 22989 6073 31 871 1249 7 
29 7850 20463 17819 1249 6103 9574 20539 4 23135 12780 9743 8956 4672 20149 18660 15678 21036 23135 12780 16468 17438 22463 22043 18498 15128 20931 22942 16404 20293 4 7730 4766 8956 17889 4 12780 538 15138 4 9193 15138 10765 18498 10959 6329 6103 23135 4 9193 12861 12780 22318 13446 6103 22463 17856 18498 23135 740 15658 22805 4 9193 18498 8995 2371 6670 18498 23135 15344 5 21582 1453 15658 20402 26 7 
29 15658 15311 9769 7730 15658 17338 15643 4 7914 11444 871 4 6103 12939 15425 4 15658 430 4 15658 12716 4 15658 155 9336 4 21282 15658 4 15144 20 20 20 23135 20402 22463 11020 22627 7914 17542 4 8443 4 15658 11708 15502 4 15424 31 20500 18191 20670 17769 7 23135 15658 17769 15424 22463 17556 15458 1875 4 17458 20149 1409 10544 6329 7730 16468 15678 19745 10793 11462 7914 7127 7 
29 29 7730 29 20402 20602 16404 23135 5 20402 15458 1249 18498 23135 12780 20149 1409 13687 17438 22463 3790 18498 8995 17556 20149 10131 16404 23135 733 4 23135 9605 16195 20539 4 12780 15585 18498 15658 20402 22385 11605 18481 16721 4 18498 15658 20402 22385 12534 1920 4 18498 12780 6075 12760 1393 17889 6103 10401 4 18498 12780 10648 22463 14425 1095 15604 8 29 7730 1540 15138 4672 20670 23498 18498 20293 10959 9193 15643 21681 15138 5322 5 1027 3450 7127 6981 1249 4 7730 15658 20149 20357 13923 16673 18498 10447 7509 20463 17233 7 31 4672 8085 6103 10211 22385 12094 18498 4 16423 16404 16721 4 23135 12780 22805 4796 28 8678 4179 17438 13539 21894 7 7914 5397 4 1276 6103 29 4 1249 16404 20402 20293 18381 4 8443 4 9901 10010 7730 17719 7 
29 1249 18498 23016 23135 12780 20149 1409 17438 22463 3790 4766 18525 15643 12780 9901 4 7730 15658 9743 15299 991 6103 9901 22318 18090 4 4796 20149 12465 18498 23135 15658 6256 6103 10959 6318 4 14539 18476 21582 16404 16367 6103 20402 22280 5 15658 20149 11708 4 17458 991 6103 9901 22318 18090 4 7847 12780 15806 15138 31 4672 13909 11861 7509 20931 22942 6073 31 29 1249 5 15658 720 12861 21282 17458 10959 6981 12254 7 18070 7847 20402 10716 16066 1918 7730 15658 19900 13471 4766 12861 4 7730 12780 7687 22463 29 1249 20149 23135 15658 9743 15299 7 
29 23135 12780 4807 15138 11782 4 11696 7730 2136 654 15678 17106 1789 14539 20402 15678 18498 15081 15678 29 4 9193 21282 17458 15299 20402 9698 2136 654 5 4796 9193 7491 4 23135 15658 17769 5 20149 11284 866 18498 23135 17304 9743 16404 14426 20931 22942 8329 288 18498 17769 20402 6 15658 9901 4766 15425 9244 6103 1095 4 15658 11862 15678 18481 7847 7491 18498 15678 15790 654 7730 23135 7730 7847 20402 18195 5 12861 20402 22463 20304 1689 7914 17542 7 
29 6075 16404 3996 8956 10702 4 16673 1114 6103 28 4 17461 0 20 8956 2822 12780 9901 17900 7730 17900 7730 12861 12780 15128 31 8637 7509 20931 17939 7 20149 20402 16404 20402 4 12780 21596 6103 20402 6103 10211 14466 7653 7 
29 18476 8995 7850 9574 4 15658 19224 288 18498 8995 6389 6075 16404 9901 13909 21978 5 15658 238 15585 14465 7509 18498 29 4 9743 11617 5 23135 5 6073 31 29 1249 22463 15604 1095 12780 22318 9431 15678 18498 20402 4 991 6103 22318 1547 31 22463 4672 4229 19839 4 9743 22327 15678 18498 17304 16404 20149 6987 7730 20402 10131 7850 9574 7 
29 15138 14512 349 4 15138 702 16468 6106 6981 17406 4 9193 14539 18498 11462 7914 7127 23135 15658 5108 7914 15502 4 20402 17985 7730 21596 6728 22463 14786 22564 20463 7158 8602 4 23135 740 5241 18498 31 1103 20402 15678 20352 13909 11861 7509 15190 4 8443 4 23135 11284 6103 5018 18498 1393 14466 31 23575 7157 7102 20402 7914 17965 7509 2118 1095 13909 11861 7730 18195 7509 20931 22942 5 26 26 6086 6 29 6103 153 6103 29 4 1393 15533 6 15658 6256 7847 5174 7847 20 20 20 20 20 
20149 23135 13359 2136 1614 4 12861 20402 22463 20577 6 31 10765 7102 19969 18475 11518 5 5 5 16066 23135 10691 20463 21551 4766 866 13909 23579 5 6 2372 21 
18525 15643 0 6 2372 
866 1920 5 5 5 
21 6097 4 22463 3790 23057 16939 7730 20663 7809 6103 8399 22318 5147 7850 14600 5 
23135 21582 20149 538 7730 3348 753 7 
23135 9996 18498 15658 15678 22805 7730 21582 20202 31 22942 7 
23135 15678 8100 6103 23151 4 9605 4766 7847 4 15678 5147 7730 740 12716 6103 8678 22463 5857 20670 15678 8503 6408 5 
439 15678 18498 31 21739 26 9743 0 6 2372 21 
21 21 21 8956 16493 22825 21596 22463 10959 10259 7730 9074 6103 14265 20 21 21 
9193 15253 4 20670 28 5 6 21 
21 5588 1974 7509 22157 7509 21739 26 4 17458 873 21596 6103 4060 1614 5 5 5 
9193 20402 6 26 5 26 16105 26 20 20 
28 7914 6 11203 5 
1857 6 28 
14335 6075 6 13424 
13055 15311 6 15658 
20357 4499 6 20357 22463 22897 4 15637 9867 4 18476 22805 7847 16367 6103 9594 4766 31 10765 16404 9594 4766 22463 26 10859 5 9193 15658 753 15138 16647 15678 5174 18498 8995 13026 6318 4 22657 7491 4 9193 1393 9971 7509 9867 15658 13325 15678 15081 9193 7491 866 7509 21743 21 21 16673 14466 9193 16647 873 21 21 4 1393 18498 7847 7491 21 21 9193 21371 21 21 5 879 4 866 7545 5 5 5 15658 4 9193 15658 21596 15678 14465 7277 5 15658 4 9193 15658 4680 5 15658 4 9193 15658 20402 7309 4 18533 22805 20044 28 15458 3278 14539 5 22 22 21 
21 9193 15658 20852 4 21743 15643 20 866 6103 8561 15658 8995 4179 20 20 20402 12861 4 21793 15190 13512 4766 15678 3959 28 5 8 29 21 
21 14565 11617 26 26 4 
26 26 11617 26 14565 5 
14565 26 26 11617 5 5 5 
14565 20 20 
26 
28 26 
1233 26 21 
21 7850 1233 26 4766 15678 20892 5 7730 31 20893 5 28 5 1453 5 6103 11115 5 22942 23386 4 17511 15036 5 
1233 26 
3960 15444 
26 
18533 13909 15299 6981 22942 21 
20670 31 1095 21596 10648 22463 16312 6103 12334 16404 15678 1233 26 5 26 
21 7850 20463 17819 9872 12910 23135 9901 14336 22110 17438 20402 6103 16083 9184 7 6408 7509 7708 4 8995 13909 20402 1267 16673 5543 7509 10700 7509 11669 5 15678 
28 7850 20828 
28 28 
28 28 28 21 
21 19900 4 23135 18498 20825 7914 22463 7127 4809 15678 1485 6 9193 15253 9743 12861 15678 7127 21793 11462 7730 16673 21389 18498 7847 19698 6408 18498 201 7102 6075 2553 14539 5 
28 7850 20828 
9872 12910 
28 20402 1114 22825 21 
21 14335 6075 6 7804 28 
4245 6103 5942 6103 29 31 29 6 29 4 17458 8956 15677 15658 9387 7850 8593 6103 29 31 29 5 9605 21267 4 5942 31 23577 14307 18498 9193 15643 7573 0 
8995 5942 6 28 28 7730 13228 
5942 6 15658 14335 22805 9743 16083 4672 11462 7914 7127 4 9193 288 18498 4509 7509 28 17438 15083 6103 6 20126 17951 5 
20825 6 18263 14604 13598 5 
4793 21 21 28 11943 26 4 28 11943 26 21 21 16404 10648 22463 5942 5 6 16404 21 
21 19900 15678 10927 21 21 26 21 21 0 21 
28 7509 28 3472 20463 28 654 0 20 
21 9808 7127 7509 11474 4 13821 13520 7509 9193 22942 5 15678 21 
21 8956 2294 1620 20244 5223 20670 18470 20402 13909 10283 18498 21793 15190 1614 13026 5 5 5 
16421 7509 28 21 
21 21 21 11462 7914 7127 10959 6103 873 20149 21858 22463 4875 6103 10401 7 6355 13909 5 5 5 5 5 5 21 21 5 
15658 4 15658 6355 5 9605 4 16673 1114 7509 7087 20 31 10765 20149 8744 16404 6355 12578 4 31 16971 8386 18498 20402 1103 7 873 9605 19698 18498 18533 22318 16647 7730 23135 15658 19900 20149 20402 23414 16066 21267 7 23135 8995 559 6103 873 7730 12620 18475 4672 18498 31 16971 7491 4796 20577 17504 16066 15400 5 8995 16053 4 20402 11570 15658 19900 12620 8956 16354 12164 22327 15658 4 21596 18498 9594 5 22 22 21 
4796 17304 11284 10765 15658 1409 18498 10959 6103 9594 1393 21500 0 5 5 
15671 16162 6103 5523 9193 9901 16630 17872 1095 18498 22918 2322 18498 15678 2332 15658 3510 5 6 
21 16630 17872 6 26 28 
18476 9193 21596 6 29 1249 5 
9193 18533 20402 6 20402 15678 1249 6103 9901 7914 7728 20670 14365 22893 4 12973 16066 18230 5 4 15953 16673 23575 7730 4778 6103 9130 13026 4766 14604 26 5 
9193 15790 6 11508 0 9193 20402 8907 4 7730 368 17019 18498 22327 6103 19854 349 17438 22463 15081 7730 18498 3450 16971 21596 22463 21551 6103 9241 7174 4 8443 4 14604 23560 13905 20402 17438 10499 5 
9193 1027 6 13359 4 16098 15678 19730 16557 4 12780 16404 31 8632 4 9193 3439 13520 4 14604 29 10702 23135 15658 18533 19900 15678 15540 4 15658 20402 0 4 14604 1097 7509 8632 7730 15678 5942 6103 10323 5 4672 16753 5 
654 21596 6 29 1249 5 8995 22765 0 
9193 18533 20402 6 22463 8682 18263 20244 15678 15540 7850 28 5 
9193 15790 6 31 17107 9550 7509 11571 7730 15678 19522 7384 5 7847 6933 15678 13923 7914 9193 4 7730 9193 10959 7384 1393 22898 14335 17703 5 
9193 1027 6 15678 9707 6103 8995 23104 22463 14810 6103 21793 15678 9956 7730 20420 6103 12979 498 18498 15678 22564 13055 17918 4 15678 9707 6103 21596 18779 15678 20825 18498 490 1393 29 1249 4 14604 1097 4 14604 15311 4 14604 16169 4 9193 3439 13520 7730 28 7730 1612 16753 4672 4 18498 6670 20293 21596 22463 20520 10840 5 
4793 20149 18533 10648 22463 11636 5 6 16404 21 
21 21355 11284 15678 7127 7914 18498 9193 14786 9303 15658 20402 31 2614 7509 9193 19150 6103 22942 5 5 5 9193 4766 4181 8956 7127 15658 20402 11462 20 
3959 10716 15658 19378 0 12787 4 21596 22463 29 14676 6103 3172 2371 16404 23135 12555 4 18533 13909 10765 16404 18606 0 23151 1614 18476 23391 21793 8956 10606 7730 2371 5459 20670 31 15658 19379 2872 20402 22463 17877 5 7 21 
21 9948 6103 19671 18498 20149 288 21121 17438 15658 17629 21932 16404 20149 21225 7730 26 18498 20149 15995 17438 9769 15678 12960 7914 14466 21551 18498 31 13907 4 9193 12960 7850 26 5 28 22535 14875 0 22 22 21 
9808 7127 6103 20149 288 14425 18498 21793 15190 7730 14487 16404 31 15253 7491 18498 31 4076 20520 11688 5 15678 
21 4072 
10767 21 
23135 20149 6184 1393 20931 2154 6103 12327 21389 18481 20149 6184 1393 12963 7730 9956 7850 11661 16404 19969 9594 18498 15678 8425 22318 8361 13909 6318 18498 21793 15678 17931 0 21282 16836 5 5 5 
1612 14924 18498 23135 18779 18498 15678 18039 6103 26 20402 15678 26 28 5 22 22 
7730 13330 6 
21 18688 4 29 20402 13688 5 22 22 21 
21 9193 14453 5219 20402 17106 18498 31 7509 26 4 8443 4 20149 9193 22318 7102 7251 4 4796 16066 16083 4672 4 8956 20402 31 11518 6103 4623 5 15678 21 
21 28 8995 13667 4 6075 21551 6103 14335 6075 6103 17737 4 10606 20 6 29 21 
21 7102 6 8995 1820 15678 18498 5 10568 5 
8995 6 18970 10702 7730 14335 17714 18231 16404 201 4766 15678 19509 7509 2685 7509 26 22 20539 26 1276 18498 9066 5 21 
21 29 1751 22463 16288 7 
29 8361 20463 16288 31 7491 21 21 16288 21 21 7 
29 5337 4766 12861 2136 15678 20441 7509 28 10907 23151 5 
26 26 
29 1751 22463 5634 7 
29 21596 22463 3352 6103 28 7914 3962 4 308 7509 20931 17478 7 
29 23135 19900 15678 18498 9743 5 5 5 21 
21 7730 19335 15678 26 6 23135 15658 12780 10691 20463 21551 5947 4766 28 4 23135 15658 12780 10691 20463 21551 5947 4766 28 4 23135 15658 12780 10691 20463 21551 5947 4766 28 4 23135 15658 12780 10691 20463 21551 5947 4766 28 5 5 5 21 
21 7509 1341 21266 6 21 21 26 6 22463 17569 6103 20322 6670 29 21 21 5 21 
21 15253 288 18498 19761 22463 1987 21644 7686 31 21 21 15871 21 21 7730 16169 21596 4181 6103 18498 7446 1987 15770 7850 28 21793 4 22020 15678 21639 15291 15658 16196 16404 31 21613 11154 15187 5 
21 21 28 4 4766 18525 23135 1454 31 20402 22385 16357 0 21 21 
22 22 21 
10765 18498 15658 6256 31 1973 14018 7850 18191 22942 5 8 29 
21 21282 18533 7491 18498 9193 5174 15678 3790 18498 9901 9632 17458 1380 31 910 7850 30 5 
21282 12861 14539 4 15708 5 21 
8 29 
21 20402 6700 4 23417 4 17883 7730 13982 4 9193 9193 4189 1026 7509 26 26 21095 18475 8561 1293 20 20 8 29 21 
21 23575 20453 7509 20262 5 
30 11749 
6408 21596 13019 11749 
6408 26 26 
21681 15215 
19769 21 
6075 16404 20402 10138 7730 22166 1393 14539 21551 0 6 29 
21 9193 16393 18533 835 4 20402 11570 0 26 14335 26 26 20 20 20 29 20 15912 20 21 
21 18476 23135 20149 6075 5320 6103 18498 8995 28 31 23104 21 21 17960 23274 21 21 5 21 
16404 18498 8394 19662 16404 18498 22463 2332 15658 3510 0 7 7 
7839 18498 26 6592 15678 17304 7509 10727 6103 3388 7 13909 22463 11454 14425 7509 18498 26 5 29 
10765 18498 21596 22463 20675 21282 5 8 29 
21 1612 12164 4 3222 7730 12425 20293 21596 22463 3058 10484 6103 22821 5 20539 4 8956 16971 8995 14336 559 6103 23135 4 8443 4 20149 15658 19761 4 6256 4524 13640 18498 20402 21282 1103 4 17458 5592 4 7914 14465 12491 4 21282 20444 16404 6075 13909 8838 31 7847 5 6256 873 20149 11708 7730 19900 7384 20402 15678 14539 18498 22564 873 16404 14248 15678 18191 7826 4 7730 9193 288 18498 23135 20402 14425 7509 18498 12861 5 
3058 21409 4 11578 5 21 
21793 15190 17898 16066 20402 4672 6103 22519 8342 0 
21 15253 1570 15678 6717 4 7730 20539 4 7847 5320 4 17458 9193 16784 31 5320 6103 18481 22898 16098 21 21 20402 4 2136 18498 8995 13278 5 5 5 9193 9193 21596 4181 18498 23135 17304 9743 2727 14425 20 21 21 20670 18475 17819 22861 6103 28 9790 9193 23575 29 1249 5 22 22 21 
4796 417 1393 22742 20244 23029 18234 28 16967 5 
21 9433 7509 21 21 17460 21 21 6075 11284 29 1249 6 
22 21 21 17438 18498 21 21 20369 7730 20244 256 20402 22564 7914 12760 6103 16836 5 7730 5 10568 5 6 21 21 17438 18498 23135 1027 4376 0 21 21 
21 21 17458 21 21 13026 7730 20244 256 20402 22564 7914 12760 6103 19484 5 7730 5 10568 5 6 21 21 17458 4376 20402 15138 3058 5 21 21 
21 21 17438 18606 21 21 20369 7730 4766 256 20402 22564 16404 9971 6103 16836 7730 30 16066 18476 7847 8995 21282 1276 6103 22463 17406 6103 12626 5 7730 5 10568 5 6 21 21 23135 15658 1027 4376 17438 18606 0 17438 18606 0 20 21 21 
21 21 17460 21 21 13026 7730 4766 256 20402 22564 4796 20987 4 16066 20402 4 23016 6408 6103 22463 1840 16066 17986 4 17724 4 13632 5 5 5 23 5 5 5 12780 1393 9365 16404 9901 13909 4524 6 21 21 23135 15424 6615 7509 17460 0 15678 17460 20402 15138 20558 6 8285 5 21 21 22 

14996 7509 11454 6 18533 4376 20 22782 4376 7850 22575 0 20 7 7 21 
1612 20352 16330 6103 18533 15936 16404 14426 20463 21932 9193 8995 4766 21911 9620 6103 5521 6103 15061 15678 21340 21932 16404 873 5 5 5 
26 26 15678 5 
21 20402 6157 18498 871 23231 6103 21898 4 7686 15678 1995 4 20149 4730 7914 22463 15190 6103 9645 7509 18470 7847 15658 17304 352 5 15459 8995 4019 4 31 23231 23104 7914 22463 15190 11686 1393 6281 4 9335 18498 15658 11284 21898 5 15678 23577 14881 6103 9748 15585 18498 17629 352 20402 22463 21684 18498 7847 8147 15459 15190 6103 9645 5 
15678 21684 9431 31 5055 6281 4 7730 16630 16404 18498 31 16971 352 5 14539 1920 4 17304 13405 15266 16404 18498 7847 8995 17989 16404 19969 7509 15190 6103 9645 7730 17438 9721 352 20 20 20 21 
21 15256 20402 15678 21641 6103 21793 6718 4 4179 0 21 
21 1803 13909 4766 15678 26 4 10606 7 20402 21371 6075 30 5 21 
21 7730 3702 13026 4 17458 26 5 8 29 
30 11749 21 
18498 1393 22898 23135 18533 1467 31 2991 7730 15658 17304 5 6 29 
1150 20 
21 15855 4 20402 28 6103 28 8995 22805 23135 4346 31 15041 6103 29 1229 12372 8329 4796 3884 4 22564 5673 7730 9482 17579 22535 4 20463 2510 6103 8822 7509 3805 5 5 5 21 
21 20149 9387 22463 16373 4 13761 21596 28 4687 5 8 29 21 
17438 18498 9193 1937 26 20149 23135 13055 15338 31 16440 19233 7850 28 0 
21 6103 19924 4290 6103 21596 6103 9996 18498 15658 22805 10765 20149 8422 4766 22463 20853 20091 8329 9193 9605 866 18498 23135 288 19708 5 15005 13026 16066 21596 15005 13026 15658 20520 18498 21596 18498 20402 1097 16066 20385 9193 9594 5 15658 20402 15678 2818 18498 20444 16404 7451 23135 7730 15678 18195 18498 9743 12861 12780 19745 5 15678 18498 9743 16066 13055 9743 12861 4 19900 18498 20149 9193 15658 9594 15299 7850 11518 20402 16404 15658 10795 3213 4 9193 9193 15585 4 14335 20357 13923 4 21282 18498 15658 8995 13909 559 7 12780 21810 9193 20463 19455 5859 7730 19698 7509 3790 6103 16083 16971 5 
15708 6103 15299 5 21 
21 18525 17629 21596 14378 7509 28 18476 15678 22839 20402 18498 20402 15678 21644 0 17438 5320 6103 22463 15783 7914 29 2948 7509 5845 8956 13603 1987 21793 15678 5193 19430 4766 3059 6103 7809 14996 7730 11199 13120 5 11284 5758 4 2689 7730 1233 4 9193 18525 20149 11862 4 15658 20402 0 11284 16971 18498 17629 21810 19277 5426 4 6103 3590 7542 16066 8995 20369 6103 20931 9634 4 9193 4 10127 5 15678 18498 11862 20402 7342 15678 14995 6103 20931 14994 5 
21 21 17304 5108 21 21 0 5108 20402 18498 13909 7509 18498 15643 15678 15102 1296 17286 21596 6103 5741 7730 20149 10252 5 21 
18344 31 21810 7509 22575 5 5 5 
21 18470 15678 20463 20525 0 
8655 5 
12418 15855 6103 6113 4 20799 11195 7730 20853 40 1614 5 
15658 20402 1920 18498 20149 9743 22463 1103 4 16971 5 22 22 21 
29 20209 6103 5521 12399 7 15658 8344 7730 21282 12780 5 
21 15874 5 
8995 1614 7850 20495 6103 28 9743 7446 15299 2136 1393 29 6 29 5 21596 873 17438 1614 16404 31 10765 9743 15299 13026 0 21 
21 21 21 26 20402 16027 21 21 20402 15678 8599 7 12861 15658 349 20149 15658 20402 31 19240 4 16404 4809 5 21 
15678 29 20209 6103 5521 12399 20444 16404 22773 31 17667 21371 5 
21 22463 10502 7850 26 14335 6075 15678 15677 29 16404 1612 16367 6103 9707 26 4 8956 20402 31 11518 7914 18498 9193 16721 20149 20402 3962 6103 17908 22463 18240 6 
29 14604 1114 17438 1233 20402 866 4885 12793 5 9193 15658 7890 15425 21743 6103 28 22535 29 13581 6103 20044 4 5219 7459 4766 31 16888 4 21282 14335 14096 4796 3884 17458 19900 18498 20420 22463 22741 18234 7730 15658 14335 11862 20463 1679 6 20149 15678 13786 7509 18195 12708 31 22463 12477 28 7509 22942 15658 14335 11680 6981 22897 4 9193 12780 16429 5 20539 4 9193 21582 12780 15324 16083 4 9193 19761 22463 26 7850 4962 7850 7127 1293 5 
29 9193 21596 22463 26 4229 28 7730 18533 22463 2240 16404 2655 6103 26 5 21596 14378 5 
29 9193 20402 22446 14388 26 15444 7850 8632 7730 14335 6075 2727 7914 21793 31 14307 4 4766 9336 6103 7804 28 7 22463 11369 20149 6075 14425 7914 8893 7509 18498 9193 5 
29 9193 1027 12274 21596 15344 7914 29 6103 15612 17438 15083 6103 6 20402 4110 15678 7127 7509 5763 5 
29 14604 17819 15311 5231 14604 9064 5 21743 4 20402 31 16440 6318 18498 9193 4809 31 21752 13909 20239 4 7730 7914 15425 10273 4766 7847 9193 19969 22873 5 5621 19225 4 9193 11508 4 8840 18498 7847 8995 2727 5 21 
20149 9387 22463 4181 7850 22942 20402 18498 22327 7914 22861 28 9901 13909 10138 5 6 29 
21 1022 20402 1612 7127 6103 9901 13667 7509 28 6 12780 21596 3959 6103 19205 13909 10507 18498 18512 21246 17525 20931 9615 4 3962 6103 22821 4060 18855 9193 18855 4 7635 20244 1114 18191 288 18498 16468 22463 6086 4799 21282 20402 15678 9971 7509 15190 7730 15678 20244 16135 16404 8956 14439 15834 15678 18910 6103 22327 7 16689 18498 15678 26 26 26 9901 7850 19404 5 5 5 21 
21 16404 18525 15658 10959 6981 4554 14149 4 18476 2900 740 8995 7850 28 4 20402 5652 8930 16633 7730 4730 9193 18492 4 21743 7932 7509 3590 5 23135 21371 17304 1751 22463 1609 4 9193 1920 15658 21596 11066 5 6 16404 
30 
28 
28 21 
18651 26 
21 23135 8995 19969 7509 18487 4 15855 6103 19208 7730 21596 31 11891 6103 22805 22463 5574 9818 20336 4766 15678 16962 18506 5 254 31 13759 7730 20402 21282 20931 14847 5 1400 31 13759 4 15855 6103 15604 4766 31 13759 1400 7730 8995 22327 15558 5 21972 7730 19969 5 
23151 29 11518 6408 7730 31 13759 8995 254 5 
7 7 21 
21 21 21 23135 19900 18498 15502 18498 22318 5174 2092 6103 9193 10959 6103 23135 4 15658 20402 0 
8302 4 17458 7509 14604 17406 6103 22886 23135 15643 14335 1547 15502 18498 17769 5 21 21 
1612 1103 20134 16404 3805 5 5 5 21 
873 18533 23016 1614 7914 3962 9901 3367 0 8 29 
21 11284 15138 15109 22403 15138 13284 4 12780 21810 31 12346 26 4 14703 5 5 5 21 
21 6472 873 31 3702 21 21 26 21 21 20244 16393 22463 9948 6103 13424 4766 7594 6103 6383 5 6 29 21 
21 5588 6103 9707 6103 15604 4 16404 31 20931 9801 5 14335 6075 29 6981 22897 4 12780 13761 6 
29 9193 21596 22463 844 31 15334 10259 15678 21036 16404 14335 21752 20044 4 7730 18498 10795 22463 2311 10840 31 7847 4 15669 9901 3183 4766 16971 18498 22564 12861 17438 4 2727 4 22564 12861 5 10460 6981 13173 464 7509 12261 4 14060 16404 18498 9193 19900 18525 7102 19635 15658 19768 15658 16421 5 
29 9193 14453 20402 9074 5 9193 13325 7509 9605 7509 19169 13424 29 4 7509 6086 6103 1247 6103 16971 4766 18525 9901 15266 20244 9594 7730 6103 4672 21916 12764 4 9193 8918 21412 4 4932 7730 1393 22898 15678 18498 12780 16647 7850 10728 5 
29 9193 14335 2087 16404 18475 4672 18498 15658 20149 4229 21 21 10535 21 21 4 17438 7446 15083 4 7730 3058 16440 15658 20402 9193 5891 5 
29 9193 23575 16179 17255 20522 20402 16673 1545 7509 21 21 11617 26 14365 28 21 21 4 12025 15678 26 28 5 26 7512 26 26 26 0 
29 9193 1027 16826 10259 4 6072 18498 23135 20357 6103 13667 5 
29 9193 5174 17555 16971 4766 15678 14539 15540 18498 9193 4 7730 740 1920 4 20402 4766 11002 7176 4 6103 14881 18498 20402 22463 20825 18779 873 1614 6103 3962 16836 16673 21 21 28 21 21 7730 740 20402 16836 18470 7509 5 6 29 
29 9193 1190 12435 9193 23575 15266 5 
29 9193 14018 22463 17374 7850 28 16404 18525 9193 10959 5 
29 31 9634 7509 14604 16169 20402 14336 11616 4 14336 8762 4 7730 31 6103 15253 20402 14336 17485 4 14336 23231 7509 8667 5 
29 14335 12034 22463 21704 18498 5150 15678 9707 6103 9193 20402 3872 4766 20207 12551 5 9193 12780 22318 134 18476 9193 22318 22805 4 9193 12861 15658 20520 15138 991 6103 21 21 26 4 3058 22318 22805 21 21 5 
29 11284 15083 991 7509 9707 7509 28 20402 6103 11011 16404 9193 10959 6318 4 7730 16721 15510 14335 9743 18549 18498 15669 6103 22282 9193 12780 2046 6981 22897 5 5 5 
29 9193 21596 15138 23570 9408 16404 15678 21 21 22998 7730 17556 21 21 4 7730 7847 8995 20402 13511 2021 4 2136 21095 4 11066 1393 6014 5 
29 9193 20402 2040 2136 31 18352 7558 4 17458 5947 22463 17556 11539 4 17836 18476 7847 7491 15678 18498 9193 18533 18498 7847 7491 5 
29 20149 11284 866 9074 4 1070 4 5150 16066 1427 12764 7914 22463 17523 9193 4 11284 11020 4245 6103 20402 22463 26 26 16066 22463 26 5 20402 4 15671 20149 7451 5 6 22615 
29 6075 22463 21083 26 18476 9193 15585 18498 873 14335 22805 13359 0 9594 20670 15678 15619 4 871 9867 13688 4 22463 9901 18475 16066 866 20552 7730 15658 19900 2136 8443 18498 14604 19205 20402 155 5 18281 7850 9193 14487 22327 15678 18498 7847 8995 16721 6103 9193 2136 21596 8956 12301 5 15658 20402 15138 13278 5 
9193 4 18498 26 4 12780 21623 12861 14425 5 5 5 
29 22 9193 1027 20551 2844 5 31 15989 7509 14604 15700 15562 20402 20574 7730 14680 4 7957 15658 7687 15138 4 17458 23029 2429 21551 6408 5 6 2372 21 
21596 22463 22556 1614 7914 3962 5 8 29 
21 14694 31 26 6 23135 8995 9743 12861 15138 15138 15138 15138 15138 4179 20 20 
17737 
7623 24 
6075 13512 
15138 1114 8464 21 
21 20402 6472 16673 9193 1095 28 3500 31 17525 29 21951 12253 7509 14604 5662 5 16083 5588 4 16404 22702 5 5 5 
29 17438 15005 7914 22463 19404 7509 16083 13131 7509 4417 9193 18494 15658 22805 9193 3439 7 
29 9193 10959 6103 3702 4 13749 7730 6717 4 9193 15658 21596 5055 6103 16162 5943 6981 1826 17438 8329 7 
29 4046 7730 2685 18498 13405 13307 14335 6075 18250 7 
29 9193 8995 6700 11284 15266 21036 16404 21596 2288 2727 13909 7850 9193 15704 7 
29 22805 31 16971 18498 9193 10959 15138 14466 7509 18498 9193 10959 5 21 
10859 22 20539 26 20 23239 
21 26 4 871 6103 23135 14076 6103 13067 4766 19972 17860 0 22 21 
21 12780 9901 3224 6103 9594 6103 9193 14539 2136 22773 15678 6700 4 17458 13575 20402 6889 5 14604 10530 2928 14335 6075 15678 15677 29 6981 22897 5 26 6 
29 9193 19900 18498 15643 20402 22463 17569 6103 2717 4 6103 14881 18498 20149 9193 18533 9226 9901 4766 873 4 1276 7509 9574 4 18498 20402 22463 19034 6103 10765 16646 7730 20244 5803 4 21596 9193 14539 6103 21810 31 12346 4 15678 18498 14335 9743 6728 22463 11020 1556 17438 21810 31 21340 7509 12346 4 31 15669 6103 16784 16673 14466 14561 7509 12578 17438 22463 3790 18476 7847 6355 12578 17819 4 17438 20402 10544 6329 7730 15299 6470 7 2136 17304 9901 4766 7847 4 9193 7847 4766 4181 8995 13909 559 7509 18498 9193 5 22327 12861 16404 7491 18498 6 2136 11462 4 20813 22463 20402 11570 6355 12578 17438 9193 1276 6103 9193 21810 12346 7730 9193 201 21596 22463 13949 16178 17438 7847 4 18498 19283 22463 26 13055 7104 5929 7730 22463 4179 20822 5 5 5 
29 31 16971 16468 31 10959 13909 6103 9193 18476 9193 14335 16878 1532 4672 13909 17431 4 7235 31 951 12013 6103 15447 4 1909 22463 17556 15678 15669 6103 1809 15101 16673 5179 7730 22773 31 21729 4 23029 8956 20402 21467 4 7905 7730 20244 15623 18498 23135 5174 7 7914 5397 4 31 16971 5893 13909 21267 14335 288 14336 19535 13462 16404 3732 5 
29 9193 7730 9193 3439 13520 13055 20402 2112 13026 17438 22463 2824 7 15671 9193 13398 18691 7730 15678 3790 9901 12061 7850 4387 17438 22463 21551 5 8956 7127 20402 13688 5 
29 9193 19753 31 22487 7850 12319 4 9193 11462 6256 7847 4289 31 21364 13482 184 5 
29 14604 10959 17438 15144 20149 19525 31 21 21 15108 18498 16393 4815 21 21 4 9193 15562 9193 20402 9344 11605 5 
29 4 29 20149 23135 20402 9193 1095 4 9901 6564 4 9193 15658 16647 23135 31 14466 18498 3774 12578 20463 1276 7730 15855 13761 4 18070 22318 8994 16404 22318 21752 7509 22039 1276 5 19456 31 11357 7509 9193 14660 2136 15678 21341 5 
29 31 4672 15128 4885 6103 9927 18476 20149 22092 6103 1095 15678 5 5947 15451 12298 4 26 3389 4 26 28 4 21282 10765 20402 7509 16155 204 2464 26 5 
29 9193 21596 22463 20187 28 6103 18494 29 1249 18498 740 10473 5 8 29 
29 9193 13055 21582 14335 14265 4 22463 23577 22897 4 9193 10353 1276 5 1393 22898 288 18498 7102 21596 18031 5 
29 4 29 9193 2185 20402 18494 12227 4 288 18498 14265 873 16404 14335 6202 16066 6202 873 4766 9567 4 7730 22805 31 11429 18498 15138 22898 8995 7325 6103 4672 3086 4766 31 22597 6103 9045 31 9620 6103 18548 7730 15678 5136 7850 20709 5 9193 20402 15138 31 16104 15416 4 7730 15643 20402 15658 18240 17438 14378 6318 14335 7491 31 22821 31 16440 6103 21793 8956 4672 7730 16083 13909 5 
29 1027 14058 1851 7730 23151 7730 14336 15128 31 6170 7509 14604 18487 7 21596 22463 3512 4766 14273 6103 28 7850 11139 19830 18498 238 7514 5 
29 7914 18494 29 1249 6103 1103 4 288 18498 17511 7491 18498 15678 18651 7730 9193 21282 3213 17438 4060 6103 21287 4 14539 18476 20402 866 16972 4 17458 20293 8581 15510 5 30 4 26 4 20463 30 3166 4480 11605 1296 8933 5 
29 9193 20402 13381 7730 9193 3555 20402 9786 31 15669 18494 11700 5 26 26 12863 5 
29 9193 14335 17703 6329 4766 15678 20352 7509 16971 4 9193 20149 8995 10509 18533 13909 20402 18498 21793 15190 15036 5 22612 0 
29 9193 2685 9726 20402 28 4687 7 14604 17100 9726 20402 15678 28 28 7 9193 17101 9726 20402 7850 26 9193 20402 22463 28 7 9193 10433 9726 20402 13464 7 14604 13591 9726 20402 22 31 4417 7509 20749 22 7 14604 20870 9726 20402 4 11690 4 15678 16406 7730 15678 12143 7 9193 5518 9726 20402 15678 17790 7 9193 2510 9726 20402 31 26 3702 7 14604 1229 9726 4 288 18498 20402 15678 10696 4 1471 6103 1027 18475 10211 6103 22942 15658 11570 7 9193 20224 20158 9726 20402 31 26 7 14604 21026 9726 20402 15678 6103 19973 6103 10433 4 9193 15502 9743 7277 7 14604 12960 9726 20402 28 7 14604 9956 9726 20402 22 26 22 7 9193 7432 17426 9726 20402 31 28 7 9193 22386 6103 21898 9726 20402 31 18233 7 14604 17313 7914 13228 9726 20402 15678 22 28 29 22 7 14604 26 20910 6103 28 9726 20402 15678 6103 11011 26 4 15190 7 9193 28 9726 20402 31 28 7 9193 13530 6103 17951 9726 20402 28 7 14604 12477 7509 22575 9726 20402 15678 11749 7 9193 14307 8633 9726 20402 4 20402 7730 20293 20402 28 8 29 7 14604 12787 28 9726 20402 15678 28 7 14604 17602 9726 20402 13209 5 16323 4 23135 18876 15678 4878 6103 9726 7509 26 5 
29 20402 16357 4 8443 12780 11731 20644 18498 15424 8995 349 20149 9193 19225 20402 991 7509 10205 9193 23135 15658 14335 6075 15138 9782 6103 4796 8995 5 
29 9193 1027 15138 134 4 3870 7730 6357 10555 6103 550 5 14335 134 4 9193 20402 141 20 20 20 30 
29 21596 14378 651 2311 6103 31 6 6386 7 2332 7 13727 4766 21674 2442 7 20402 8391 23104 7 4672 15138 11020 7932 7509 702 4 17836 7850 15761 7 15344 7509 20749 7 16971 23057 13909 10259 18498 9193 7 10938 7 10765 12158 4766 5179 6103 1826 14163 7 18759 7 22631 4 13144 7730 2553 9193 1027 7847 4 21282 18498 6103 13667 7730 871 3790 18498 16468 7509 13494 5 5 5 
29 9193 21596 14772 7730 9064 5 15678 11048 13055 2156 4 9193 18525 7491 18498 9193 13055 20402 9743 22463 16312 6103 23559 15619 0 
29 14604 17819 15697 6103 22942 15669 21 21 15658 11862 31 18498 17807 7730 18481 21551 13405 4 9193 12780 9743 12861 20 21 21 20402 8406 7850 22575 5 2647 22463 22730 9074 18476 9193 5219 4 9193 13055 18983 1751 16083 6 18263 15678 26 5 
29 21282 29 4672 14335 9743 6070 7730 10959 7384 6 9193 10959 7509 15286 18498 8995 21787 16066 23491 8399 5 
29 4 29 15658 8840 18498 9193 6070 18464 7914 18475 22463 7509 29 9867 13023 18498 9193 10959 6103 12780 9193 18195 29 15266 5 
29 9193 15658 19900 20149 873 21681 16135 16404 13359 2136 1614 4 9193 16367 16404 13359 12861 22327 20520 10959 6103 9193 4 8443 4 17511 16721 9570 7914 18525 9193 10959 18498 13359 5 29 21 
21 18476 23135 288 18498 20931 11733 8995 22458 15678 13494 4 13330 6103 18498 7850 23575 20453 6103 19839 18498 9193 20402 11284 22463 15505 26 21550 5 20402 22463 15190 5333 5 6 
22356 7509 26 29 
26 12978 
26 26 21 
21 20402 15818 6 9193 15658 20402 10138 20 20 22 22 
28 14031 
5125 7509 13860 
21282 10765 13987 15458 26 
21 892 9193 2924 14335 9743 13325 18498 9193 11213 6103 23029 15882 20402 12727 18007 1393 6103 23029 16275 5 
20402 4 9743 16275 7850 18195 5 5 5 
16440 
11518 7509 19839 21 
21 21739 26 18494 15643 12780 16404 31 5695 4 9193 18476 12780 4 20402 21021 5 6 29 21 
9387 10546 6103 26 11605 0 
15678 6398 6103 17919 6103 20826 8995 6103 16323 11462 5 22 22 
28 28 28 26 20 20 20 
21 15678 28 14335 6472 31 9594 29 4672 20670 9193 5 18525 18533 10648 22463 15677 16404 9594 6103 20500 5 26 12863 10907 6 
29 9193 15658 5652 8678 17313 4 9193 15678 23575 4897 4 8458 16404 15678 5037 5897 7509 22575 4 20402 7205 6103 22463 2154 6103 22385 4290 6103 22386 5 
29 9193 20402 22463 23570 9365 7509 9021 1121 7509 14604 20525 4 17438 14335 1409 21083 11408 14388 10544 4 9193 11991 6103 20402 9344 9918 5 
29 9193 13055 4796 20094 5833 20244 18533 5 
29 9193 21596 22463 17098 7850 16219 7509 15256 8933 18498 16393 19702 14220 5 
29 11020 16440 7509 12164 18498 9193 17525 1614 264 31 16971 8561 5 
29 9193 288 18498 22463 7127 9193 22942 12780 15128 17438 9193 21596 6103 14265 17438 13299 6202 5 
29 9193 21282 15658 21596 22463 3643 7850 28 17438 9620 6103 8524 5 
29 14604 7127 9901 14425 18476 9193 9743 873 19698 5 21 
21 9743 5815 20402 21743 4229 873 16404 19969 6 23135 15658 21596 4181 6103 4796 1616 8995 349 4 9193 20149 16393 8995 6075 4179 7509 12939 18498 8995 4 7957 5360 1920 5 5 5 
13773 729 7730 21551 13591 
3428 
17406 951 
15253 9193 753 21 
28 17478 18498 9971 13405 12861 0 
21 15658 10959 6103 5758 20402 18234 5 
7127 5 5 5 12577 4766 23135 11462 5 5 5 21 
866 1920 5 5 5 
21 20149 23135 20402 15144 7730 21596 22463 19715 4815 4 18070 31 5891 20402 20931 5 22 22 9193 9193 22318 16796 5 8 29 
15658 20402 19713 
9193 15424 20293 1095 
11429 7730 9615 21371 15658 15658 20402 
26 21 
21 20931 16971 6103 5107 17304 21596 16083 16971 6103 5107 4 7730 20463 17877 21646 17304 20149 21858 1962 2537 2727 19871 5 5 5 21 
9315 5 8 29 
20402 5 5 5 
21 3959 18498 14684 22507 16866 22507 5 8 29 
16367 28 21 
21 15643 16721 18498 23104 7914 22463 15190 15894 7901 14604 3388 20244 20402 20090 5 5 5 26 4 15190 5 21 
11617 26 26 2384 26 26 2384 26 26 590 5 5 5 8 29 
15643 16721 18498 20357 12861 7 15658 20402 30 5 7 7 
21 16367 28 11462 4 18525 12780 0 20 0 20 30 21 
21 2136 21582 19466 7730 21596 2176 9040 4 9193 7850 18772 8995 16098 22 26 22 15678 7127 12526 16404 5762 5521 6103 19969 6103 3962 4766 15678 26 26 951 5 5 5 21 
21 22685 7509 26 7850 10405 6 8995 18528 4 8995 9728 5 8 29 21 
21 1393 22898 31 11891 20402 18498 31 10765 8995 21551 6408 7509 21 21 740 6075 21551 6103 15128 21 21 5 5 5 21 
21 23135 18498 5947 15128 31 10273 6103 352 4766 31 4049 16066 9224 7509 15266 4 654 9387 21371 22463 9965 16404 10273 21 21 11474 5371 15678 9142 21 21 5 21 
21 15138 7509 16971 18498 7491 18498 15658 20149 17304 10743 17458 15424 21793 11474 20402 9141 7491 21371 18498 31 5891 20402 7509 15144 6103 20149 22886 4766 17556 16246 7730 18090 4 17458 11474 20402 1920 14539 5 5 5 
10765 0 22 22 21 
21 15299 22318 9743 8406 13909 7914 2180 6415 7509 18498 20402 17525 7914 22463 11111 4229 21 21 17831 30 21 21 5 
15756 9193 8995 9743 6103 8561 28 21 
17521 0 17521 20 
21 15855 4 20149 23135 21596 871 22157 16066 13923 8386 4815 4 9743 9721 4 4229 11980 7730 12780 19450 12861 654 4 11462 20402 15678 7127 18498 9193 21752 16404 12861 5 21267 4 22463 7127 9193 12780 15036 7730 23135 12780 9901 19266 15658 21596 7491 15299 5 21 
21 13606 6103 22942 16404 23135 6 15643 9743 19939 15425 16404 2272 10765 20244 3952 7 7847 12780 22318 22564 4 22318 14065 7730 18344 20463 21395 20244 18475 14498 6103 5891 4 26 4 15658 6256 6103 20402 22823 21282 16404 15658 9847 22463 22839 4 17458 7914 21793 31 9941 6318 4 7847 12780 22318 9847 17819 20244 16721 7558 22898 5 6 21 
21 20149 23135 9901 13909 12158 4766 15678 9707 6103 21596 20931 4526 10743 7509 18498 4766 15678 18498 9743 4766 31 14464 4 21596 22463 17877 1614 5 5 5 21 
21 29 15658 20402 21 21 22463 16066 16083 21 21 5 21 
17972 7509 23575 29 16066 29 19882 17304 20402 5913 5 12780 4356 5 6 16404 
21 17903 22463 15108 18498 10959 6103 22951 4 28 7730 19735 7850 23013 4 18498 4730 15678 1815 17438 4434 7509 9785 7730 9743 7687 15678 21 21 16404 20293 21 21 7914 22463 20207 4 7730 22463 20207 7914 21 21 16404 20293 21 21 5 17903 873 16126 4 13861 4 9193 18498 21371 21596 3058 11590 7730 1532 31 16753 4672 7509 22942 4 18498 5947 9130 15658 7127 18527 4 9193 18498 6679 22805 6719 18476 201 1612 7536 14336 16367 5 17903 22463 20306 18498 22463 7127 12780 18533 12780 31 22463 19751 12910 4 7850 16083 9901 7914 3962 6106 7509 4624 22805 9956 4 7730 7850 16083 740 4 1453 9743 15299 4 6670 18498 15658 20402 22463 21 21 15299 21 21 9790 21282 5 17903 873 18498 21596 23570 18928 6103 9956 16066 13598 4 9193 18498 15658 21596 22886 16066 13471 15138 16083 3058 4 16404 18498 21793 31 20931 18824 17511 20402 16765 8329 23135 1937 1616 18498 7847 7491 8995 3697 6103 22805 4 9193 7850 22821 15658 20149 3697 15643 5 17903 22463 873 18498 238 15678 6198 4 1027 31 18471 7730 13749 16404 5284 866 14539 18498 31 4672 16393 6075 8561 4 17458 740 6075 16404 23151 2116 5 17903 7847 4 16404 9980 17304 9743 22463 19969 6103 3959 4 7730 18498 20149 21858 9193 1095 21371 4 9193 18498 15658 6256 6103 8995 1393 13131 6318 18476 3213 4 4796 6103 17603 5 17903 23135 4 16971 7914 871 13727 7509 10530 4 18498 9193 8840 8995 14156 15458 17523 18476 7847 23029 22463 18963 6981 19415 20699 7850 10530 4 7730 18498 7850 9193 3393 4 8995 17438 2371 15458 21551 10405 6103 9971 6103 13903 3913 4 21355 4 22463 11139 4380 1034 4 7730 20149 16836 15894 7847 17304 8995 5 21 
21 1612 23167 6103 5695 19326 18498 21075 18476 23135 3537 18482 13699 12780 21056 5 5 5 
26 26 26 21 
21 6006 20402 9918 7 15311 31 4 15855 5 5 5 21 
21 30 18498 14076 6103 20525 4 1920 4 17438 14532 5936 206 4 19900 14335 7491 20149 8655 7730 5997 21596 18607 0 16066 28 16066 28 4 17304 20402 21371 5 5 5 21 
21 6097 4 23135 26 10260 22463 3959 9193 7847 15424 4680 8995 7850 14539 4417 5 7 7 21 
4581 7509 3658 17431 5 
21 10606 4 8956 28 12399 20402 16816 16404 31 18458 21 21 4331 18527 9958 4614 16971 141 21 21 4 17438 18498 30 15658 1027 15678 10405 0 6 21 
21 18533 8682 6 15658 2617 11454 6103 1114 6103 16918 7850 20931 18191 9422 4 16066 12780 6075 15138 21932 21596 5322 4766 8956 11454 6408 6103 23135 3213 4766 31 19455 5765 5 
2958 
18443 9193 753 21 
3586 8995 22805 23135 288 2780 15678 22239 17571 7914 28 7730 9901 2377 15458 16354 6103 20215 31 17478 5 5 5 26 5 
11284 29 1249 15678 21340 10839 16647 15678 29 4136 7730 21858 31 7599 7 349 15678 14539 16673 19553 7509 28 0 
21 31 18525 12578 17511 6 2154 6103 26 7850 28 1022 4 29 5 21 
21 9193 15658 15790 10765 3166 5 
3058 21409 5 6 6103 21 
21 21 21 21793 15678 3119 20402 17868 4 9193 15424 21793 15678 17868 20402 3119 5 21 21 
6195 20670 10765 3166 4766 28 28 6 29 21 
21 21 21 9193 4 9193 17438 18498 23135 15658 12780 0 20 21 21 21 
21 238 17737 4 12027 5 8 29 21 
21 15855 4 2974 6103 18498 6256 6103 4793 866 16404 4730 15678 26 21 21 23166 21 21 15658 20402 9312 31 9241 7509 10211 6103 6110 5 5 5 21 
21 15533 7509 3504 7850 19307 5 9867 7850 9714 4 15424 16393 18498 20402 21793 15190 22519 17297 20293 7850 17079 5 
23114 3421 21 
21 873 21596 6103 4809 31 23016 4815 4 14335 20357 31 22765 7509 10702 5 5 5 
30 11749 21 
21282 9193 288 18498 12780 20402 17729 7914 871 14924 11066 31 21793 31 4672 18498 8995 19969 7509 6778 21535 0 21282 16404 9193 21596 22463 11644 5 5 5 
21 15995 2647 20402 15458 11518 5 5 5 
10566 7509 10696 
28 
7730 20931 9574 18498 15658 20402 18899 6103 7645 20402 18525 7850 9934 7509 18374 21 
21 20670 31 28 6 14335 20357 7850 14336 6103 22463 11154 4 14335 4229 6103 21 21 10504 21 21 4 17629 20402 8639 4 18549 9193 12551 7730 15643 7850 22942 20357 21389 9620 6103 22463 4694 5 31 22942 20202 7730 31 15783 21371 5 5 5 21 
21 23135 18498 9130 16098 15286 4 4796 5219 0 8995 18494 8678 31 13375 5 5 5 5 5 21 
21 9408 6 9130 15678 13228 7730 15678 842 2087 4 9743 15678 6717 18498 8995 7102 16404 15678 1097 4 8678 15678 18498 17973 14018 16404 31 7792 2136 15678 9971 7509 1249 7730 1751 22463 8051 5 
18774 6 4809 31 9130 12910 5 20244 15083 19233 4 21282 20402 11046 5 5 5 
9193 753 28 21 
20402 21267 5 5 5 
21 21613 7127 7509 17819 20247 6103 11076 4 7730 31 5270 6103 18498 9743 23206 15299 20244 16971 3697 5 
23135 18498 740 8995 4766 2154 4 15658 18533 23016 22463 21409 1614 7914 3962 12960 26 26 26 0 7 7 21 
5015 5 5 5 9193 740 21596 18525 14335 16630 5220 5 6 16404 
21 31 10765 2136 21582 5621 15678 7623 4 9193 12780 19761 7415 11046 6103 28 16936 6103 3962 4 2371 15658 6075 5 7 7 21 
20670 9193 2154 6103 19007 6 
6070 7509 4380 20402 15735 7 31 14031 13909 7819 6103 9769 15678 21551 20402 6146 13253 19830 5 5 5 

