2727 9193 5 5 5 
9808 7127 7509 12787 16404 23135 21371 5 5 5 1027 23135 15138 
21 15855 15671 2371 14604 1248 5 5 5 28 28 
27 21 
28 28 
15855 2371 28 28 20 8 29 
9707 5 5 5 
27 5 5 5 
1114 991 7509 22942 5 5 5 
21 28 9193 17831 5 5 5 15678 21551 16468 22385 6103 17758 20 11462 20402 20463 7127 7730 13055 8995 4886 29 1249 20 16323 31 21768 22318 1027 15138 4 23135 20402 15678 14604 22327 20 31 21739 22318 6679 22327 6103 14425 17872 20931 13669 22942 20 20 20 28 28 21 
14604 1248 13520 20 20 20 20 20 20 20 20 
5947 15678 21252 5 5 5 1027 20 
15855 18498 10138 20 31 3790 7509 21739 5 5 5 28 28 

