9707 20 
30 30 30 30 
15855 28 28 28 
21 15855 28 28 4 28 17406 28 4 28 10568 5 28 7730 28 28 21 
21 15681 20 28 28 4 28 28 4 10901 5915 12780 14156 0 20 21 
28 28 20 20 20 20 20 
21 10606 20497 7509 12477 28 4 970 8810 20 16323 20 20 20 
16972 4 12780 753 31 7480 7730 2442 15678 1488 7509 15576 970 20 20 21 
15855 15678 18498 9193 288 28 28 28 28 7730 28 28 
28 10568 5 28 9901 7102 8956 16492 13761 7509 14779 22886 7509 2473 
28 28 13325 7509 28 6 
21 4289 15678 7127 20 20 20 20 30 30 30 30 
12780 9369 31 4416 20 20 
7957 13761 14604 17563 23174 16404 5221 22365 21 
21 16972 6103 20402 28 20 20 20 20 
30 61 4 28 28 4 28 28 4 28 17125 28 28 4 28 6103 28 4 10795 10530 4 28 28 4 4117 28 28 4 4115 28 6103 28 4 28 28 28 4 28 28 28 4 28 28 4 28 28 4 28 28 4 28 28 9620 14156 23206 1097 9193 4 13055 9594 16973 5 
7576 20402 7127 6103 7861 16404 5221 22365 5 15678 28 20402 22463 17406 6103 23175 5 
12780 7480 16404 21793 15678 1095 4 23114 31 11868 6103 9368 31 9193 4416 8637 29 3665 5 
20402 5221 22365 20402 21932 7850 6202 7509 7277 7730 18059 12517 7509 5758 7730 468 5 15658 20402 8051 20 20 
8995 2027 31 11454 7509 3664 31 5221 22365 4 15678 21932 18498 7847 6728 16066 6728 4 20149 8995 8249 7850 4060 7509 5758 7730 468 5 
5968 7730 5803 7850 8637 20 
13405 19664 7730 22406 6103 7858 5 
2136 7576 4 8995 21932 4796 14443 7509 28 4821 7859 28 21063 21 
7957 23174 7850 7576 14604 17563 20 20 20 20 20 
28 10568 5 28 
15855 28 28 
472 
16404 19089 5 5 5 
8956 20402 17872 4346 6103 19698 6 6 
7730 15678 17563 16162 11876 5 5 5 6 
184 7730 6959 5 5 5 20149 20402 22463 11474 7847 2050 5 6 
28 28 
28 10568 5 28 26 10060 20 20 20 
28 10568 5 28 
15855 28 28 
21 26 4 11617 26 26 26 5 5 5 21 
16404 19089 5 5 5 
15855 28 28 
15855 28 19668 7730 28 10568 5 28 
20402 21282 5621 22327 12861 7 
15855 28 28 
16404 19089 5 5 5 
28 10568 5 28 
28 17406 28 15855 18498 12577 
21 31 7804 15658 20402 13405 31 21267 14539 20 21596 20402 16720 1077 5 5 5 
10959 6103 16098 18498 21596 5621 9193 20015 7730 2750 6103 17382 7730 20441 18449 18498 8995 7914 21911 6466 4766 31 18774 7509 13907 7509 3172 4 6 21 
10959 20 20 2031 20895 5 16169 
352 20 20 
18498 20402 11570 9193 21858 5 5 5 
13325 6103 23135 28 10568 5 28 
21 8995 7914 9172 17889 6103 5929 4 27 21 
27 2727 1920 
15678 22797 8995 15138 10259 14539 7730 8714 6103 19324 
16404 19089 5 5 5 
21 16323 16673 15576 7127 20 
11617 8 29 18230 21 
15855 28 28 
20558 1920 5 5 5 
15855 28 28 17872 9743 4766 31 5758 
10901 5915 8956 20402 17872 23135 18498 472 2605 7509 22507 5 7850 28 4766 31 28 20 20 14149 
12861 20444 16404 15678 7558 7 
21 12031 7730 12368 7850 13048 5 5 5 
9193 16162 31 9193 14994 1920 4796 14673 6103 3172 7730 15855 18498 15678 14604 20015 9010 2727 13667 7509 22665 18498 18876 6 21 
7730 4809 15678 7127 1920 5 5 5 
7804 7850 16753 4672 5 5 5 
15855 18498 13278 28 28 28 28 
15138 13278 20 20 
3058 7127 20 20 20 20 
15855 8956 19635 28 28 
28 28 17872 9743 4766 31 5758 
18525 7491 18498 15658 1540 4766 15678 16753 7 
2727 13278 11998 31 5758 

