15678 6006 13909 13512 7509 15190 20 
15922 20 
8 29 
15834 10548 20 
26 26 28 5 4766 26 
20670 11462 6 14466 23 20 7730 20402 13512 
9971 6103 20262 
8 29 
21776 4289 20 20 
21 9193 15658 5219 23151 8956 9971 6103 20247 17872 22318 6075 22463 2700 4 9193 19900 18498 9193 8995 5267 16721 7914 23135 20 9808 7127 7509 15253 7730 15708 17438 20402 8956 1095 14149 7730 8956 9365 6103 15144 17872 15671 22310 4 22318 1027 15138 7730 8995 4766 15138 20126 20 21 
23 
21 16971 4 873 5174 17930 6103 11463 7914 20402 28 7509 3630 0 16066 21596 871 15623 6103 15894 17908 12861 1614 0 21 
21 20670 20126 4 13159 7730 22463 13923 11601 6781 21 
15253 1755 7850 28 26 
20126 6 17583 
17583 
21 733 4 8956 2510 8 29 21 
21 7730 31 9620 6103 5521 6103 12780 1022 17872 20879 4 23 0 4796 9743 0 6 21 
7847 23016 14335 22805 6 
21 6679 4 6103 21793 15678 5528 4 18498 21793 8956 16971 18498 20786 10159 4 14539 19900 4796 12861 9743 13923 16404 15678 1233 4 21596 22463 15041 13347 7730 7562 4766 7277 31 22202 20833 7509 13229 7686 15678 20739 5 
20244 13909 5 21 
20670 15678 26 26 6 15658 10959 20 
15678 13909 13284 7509 16421 20 
22463 17161 7730 22463 9808 28 20 
10548 
21 22463 15533 6103 20474 31 2614 6103 20402 15678 21448 7730 28 4 20402 15678 18498 8995 21596 20 21 
21 15708 17438 20293 5876 7730 6070 4815 7730 17438 21596 13202 21793 17872 5590 2116 6103 9193 20 20402 17438 12861 18498 21 21 9193 22318 1027 7730 23135 20402 31 9193 14425 1095 21 21 27 8 29 21 
21 28 28 4 7205 7509 20931 22202 20833 6103 11462 20 21 
21 16721 15510 6 21 21 23135 11474 18498 19969 17438 2371 7491 6 21 21 9193 16647 7847 18476 9193 18533 21 21 13055 16367 17872 16721 18498 31 14464 16721 9312 12861 6103 23135 0 21 21 21 
21 8918 15678 4122 7850 10728 4 12861 20402 22385 9193 20 21 
20402 1022 8 29 
21 22463 2700 17872 14604 3058 20326 18498 4 22897 16066 16083 4 14335 11810 6103 1467 15678 26 5 21 
8995 4289 20 6 6103 
3014 6103 28 
15138 3058 20 
21 22 9193 20402 7188 20 22 28 4 21732 21 
13520 8 29 
21 2136 18476 9193 8918 6103 9743 3855 4 19969 23431 20 21 
21 14604 4 15678 18498 13405 22463 16971 31 1515 22463 1694 17872 16083 0 21267 4 21810 18498 7847 15036 8376 4766 31 7645 4913 4766 15678 7251 7509 14604 4122 21 
14265 16888 20244 31 18699 7730 7850 8713 20402 15138 7188 6 
15658 10959 6103 9193 0 5762 22463 26 7730 23016 9594 4815 20 
21 3962 7509 15253 6 29 4 29 13080 7914 22463 20247 5 11731 15678 18498 12780 349 7850 10548 15678 5 15678 21 
21 9808 7127 7509 21 21 13405 20931 12787 13026 16066 23135 15658 12780 20 21 21 21 
21 9808 7127 7509 21 21 12780 5320 17872 15253 21 21 21 
21 9808 7127 7509 21 21 15424 31 7419 9193 20369 21 21 21 
21 9808 7127 7509 21 21 8995 4 9193 16162 20 21 21 21 
21 9808 7127 7509 21 21 9193 15658 18533 12787 4 9193 18533 15678 28 21 21 21 
21 9808 7127 7509 21 21 8233 9193 3393 7850 3031 6103 1247 21 21 21 
21 8995 9193 4 18560 7914 3962 4 18476 6103 19324 4289 8956 14469 7850 14604 4122 6 21 21 1114 19522 6075 17504 21776 11060 5 5 5 10131 12780 21596 18498 10447 21 21 
7730 31 23167 6103 19923 4 23 0 0 21 
8 29 
21 733 14604 4 8956 16971 18498 15658 9569 14604 26 4270 21 
7730 18498 4809 31 20247 13909 8840 7509 20262 20 20 22575 827 15576 28 
21 28 4 8995 2371 20 29 15083 16404 23135 14335 6075 22463 26 6 
26 11943 28 
2371 23135 20007 15678 21500 7509 16971 4766 29 7850 10366 7730 15424 16765 5 12861 20402 22385 9193 20 27 17297 7509 3807 
21 28 4 17324 20402 5 5 5 21 
6 27 
21 21 21 9193 31 20126 20402 12862 14539 7 20402 15678 16468 7730 19318 7509 14453 1341 21 21 
7563 3975 21 
21 8561 6103 12899 7850 26 7509 28 4 6981 28 9193 14076 20 21 
21 23 4 9193 18533 20 20 21 
21 28 28 4 20463 13512 4 14335 703 20 20 4913 4 4913 4 4913 20 20 21 
21 8 29 
21 15424 28 4 15424 19698 4 20402 28 20 20 8 29 21 
8 29 
12780 16404 28 22805 26 11554 16066 15658 5 7839 31 18553 20 
21 27 20402 9312 1920 20 20 20 27 
31 28 28 20402 18044 16673 21083 15144 7509 9793 7509 3267 
21 11462 9193 8995 22463 21389 1920 4 14336 28 7730 14336 28 5 5 5 21 
21 15658 2631 15005 13026 4 21596 18498 9743 1247 7850 14539 23523 21371 20 15708 16673 9867 3364 20 20 21 
28 28 6103 28 7730 3364 28 27 
21 6103 22611 22825 4 26 20 21 
2136 654 22327 13512 20 7730 15299 6103 17377 5 5 5 
21 16098 14512 6103 16971 11679 6389 7509 14600 13679 18476 8995 13749 16673 7277 6103 21793 4 12027 6318 4 20402 15138 12838 4 15658 0 21 
11462 17304 5 5 5 
27 
21 9808 1247 4 14181 20 8 29 21 
21 18476 23135 288 18498 201 4 21935 21179 6103 28 16404 20402 9743 5 5 5 20725 20 21 
15678 15604 14995 7509 3962 
21 15138 3058 20 
21 24 30 
21 28 4 28 7730 28 4 15855 18498 2717 20 27 
7730 7847 20402 7957 6 
8 29 
21 16323 17872 23135 20 
21 28 28 
21 21 21 17458 26 20402 1920 4 23135 18533 1453 19474 873 7850 28 7730 7509 15299 13055 8995 4913 22463 8672 7850 14506 13591 5 21 21 21 
15678 12787 6103 3962 6 28 28 20 27 
21 20402 22463 3962 15138 2429 4 7850 3962 12526 21596 19830 12960 
7850 3590 7509 30 21596 13078 6103 14984 7730 31 28 7599 7850 4387 4 
15502 17304 7599 14336 11518 4 17438 18498 20365 9901 7558 11518 5 5 5 
9193 20402 9790 4766 15138 9130 7850 2614 7509 11242 4766 18512 7730 20244 17778 20 28 4 21806 28 4 28 21 
23 20 14604 6011 7102 20402 15138 7819 8443 5 5 5 
15643 6256 15678 3943 6103 5855 4815 20 9901 31 7157 20 27 
5228 7509 17819 7127 7509 9789 7509 13591 5 5 5 
21 28 20 20 15855 15678 789 7509 18165 24 20 20 27 28 4 28 21 
21 20402 15678 9971 4 20402 15678 9971 5 5 5 21 
21 28 4 20463 9956 20 21 
21 20247 7509 19924 4290 4 20931 13512 20 20 21 
21 22805 0 20402 15138 13278 20 27 28 4 28 7730 3364 21 
21 8 29 
21 28 4 20244 13909 20 27 21 
21 28 4 22318 3790 20 27 21 
27 
28 28 
28 28 27 
21 16323 16753 16385 4 17819 10530 8270 7509 9634 20 20 28 18498 22318 703 7 21 
21 15138 1566 16404 8956 21409 4384 5 5 5 
21 21 21 6070 7850 5531 2488 
6103 20811 
7730 7914 3450 16468 
6981 13539 
17304 20149 13822 5 5 5 21 21 
21 21 21 22463 20825 18498 20149 20825 21282 4 20402 21282 22463 20825 18498 20149 20825 21282 4 9193 20825 18498 20149 20825 13026 20402 18774 5 5 5 21 21 21 
24 
21 28 28 4 12780 13761 5261 20 27 
21 26 28 4 201 6103 14265 15678 26 654 16404 6103 4346 7730 12780 17872 29 16440 7509 9956 21 
21 20402 28 4 15658 20402 6981 22897 5 5 5 
21 28 28 4 21050 20931 8956 1614 0 27 21 

