16440 28 
27 
21 6663 2371 4 9743 15678 18498 4 21662 20402 21662 21 
7730 9193 288 18498 19900 18281 5531 
21 7957 12960 4 4872 7730 14426 0 21 
2727 23016 1393 14604 15190 
9634 12865 20402 10131 
7850 20023 4341 4796 21889 7730 21810 22463 4341 
21 8561 4 20402 6103 9314 4766 2872 21 
9971 7509 20262 9620 17556 29 201 13640 26 9901 352 740 21596 18069 15658 17304 16367 
27 
4573 26 28 26 26 
3058 918 26 31 28 26 
21 3058 7127 26 26 
7730 18498 23016 13909 10405 21 
15658 12780 10691 13909 4766 2358 
7850 26 7850 26 
15266 20780 28 
26 22 20539 10907 6070 
9743 15678 18498 15658 20402 
27 7730 6070 
9743 15678 18498 15658 20402 
10606 20 20 20 20 20 20402 4766 15138 15995 18498 7491 5 12780 20402 16169 20 20 20 20 22250 
21 9808 7127 7509 15253 
18498 28 22318 18937 17438 22327 18498 13055 9743 4 7730 12780 9743 740 5 
15658 21596 4796 9193 19567 21793 1114 4 3450 20853 4 13764 4 9801 18498 23135 14335 22126 7730 22126 16404 9193 4 9193 18533 6256 4524 18498 9743 7730 9743 22327 17438 23135 5 
15253 16816 4 4766 3450 7055 4 2717 4 7730 3450 11825 14149 5 
7730 9193 22942 20402 20931 4 7102 7847 31 23135 4 15678 18498 20402 15678 18498 14335 21858 4 20402 4766 23135 4 23135 18498 14335 3913 20244 6564 29 15266 4 14335 892 4 14335 5762 7730 740 14335 5762 4 14335 8361 4 14335 14900 4 14335 7509 3251 27 
3058 4 9808 7127 7509 15253 16404 31 15253 13909 16816 4 13512 4 14149 4 10962 7509 22520 5 
9193 22318 1027 15138 
30 6 11462 20402 22463 7127 17872 9594 16404 23135 4 9193 21793 15678 28 7509 1249 20402 20463 4 21793 7127 20402 20463 7127 21 
21 7957 12960 7 
27 15138 3058 
28 13043 
20126 
21 654 10131 4 17872 7668 22825 1421 15658 9620 15138 4 654 8995 9620 15678 23222 6103 22463 11474 20954 16673 16395 4 27 21 
21 6329 
14604 10837 27 
21 21 21 15834 4 349 871 4672 0 21 21 21 
20402 15138 10151 17872 22463 4672 21282 
9193 18533 
18498 4809 15678 1249 
21 9743 21551 7914 4 20126 21 
15299 6103 14914 
28 28 28 28 28 28 
27 
19229 31 12319 
19229 31 12319 
21 20126 4 3988 28 21 
6551 28 
7730 21776 7850 10164 
20402 22463 11208 
21 26 28 4 22463 10267 21 
21 23522 4 21282 17304 20402 7847 21 
20126 11758 
26 26 
21050 6103 17737 16404 15678 28 
15643 13909 
28 28 20402 15678 15604 28 28 28 28 15604 28 28 
28 3183 
7850 26 7850 26 
15138 13278 7730 20605 
9652 
20126 23151 28 
21 13055 20402 22942 20699 4 23016 26 9193 29 9193 18533 15138 21 
8147 23522 
20559 15580 7730 12094 
26 26 
2727 17438 2371 
21 9193 18533 4 15253 28 28 28 21 
27 2727 17438 2371 
23151 21371 
20402 22463 26 16066 22463 3906 20965 16066 22463 1208 0 
6103 15908 
21 12787 4 18498 14981 19867 20402 8956 21 
26 26 
15138 13278 
18533 22463 6981 
21 15138 13688 4 18525 19900 22463 7127 9193 4289 15458 15669 21282 18498 15658 27 21 
2371 20539 7914 
21 9808 7127 7509 15311 4 14604 1114 20 
21189 22318 1027 9840 15686 27 28 17525 21 
19698 11529 5 18533 15374 15458 2573 
28 3183 
27 
27 
12780 22805 1114 28 3183 0 
28 3183 22318 1027 13909 14149 6103 21793 31 2162 
28 3183 
20402 13909 16066 14466 12861 27 
20402 9172 
26 26 
28 28 28 28 
28 28 27 28 
28 28 
28 3183 
21 20402 1114 15678 15677 29 13055 20149 20402 4 18498 23016 15678 15677 29 4 29 4 29 4 29 4 5 5 5 18498 6408 20402 22463 15677 6103 7558 7717 4 7730 6408 6103 29 4 7730 6408 6103 29 4 18498 16468 12277 15677 13030 4 18498 21596 23206 15677 16404 5320 11454 7730 9743 11454 5 17872 9193 13909 4295 10083 4 7509 13909 2725 16826 4 7509 13909 3086 5527 7730 10211 4 7509 13909 7623 7730 6310 2702 7730 20853 21 21 31 13909 14149 21 21 5 22318 1027 28 21 
9743 10027 12780 7545 
28 3183 
21 19900 1612 1114 18498 630 15643 8918 4 1612 18498 31 15533 31 20126 1421 4 7730 18498 4766 22327 17304 6075 4179 16066 8561 20293 5741 4 7730 18498 6103 21793 19509 630 8918 4 1612 18498 15671 8292 4 7730 6408 6103 21793 8956 21 21 30 21 21 21282 22318 16630 18498 23135 1421 18498 22463 2700 14335 6981 18498 15678 14604 5528 662 7 22318 1027 13909 14149 21 
13512 
18476 201 31 7166 14335 703 
4443 15678 21269 9942 
1150 
21282 18498 15658 
4799 13909 13688 18498 13055 22805 27 
19900 2727 15678 18498 20402 12861 
23016 26 9193 5982 29 
21 15138 9808 4 15999 4 1233 4 5 5 5 21 
201 6103 1926 31 16990 9971 7509 19123 16404 31 8897 7730 8898 6103 16412 20 20 5 13028 31 9193 0 
23 5982 2136 6103 21252 
14425 6103 21793 

