21 20402 22575 28 30 
2574 11052 28 13056 20402 17872 9867 21 
7127 6103 9978 31 21613 21552 20 
654 21282 9620 31 28 9743 15678 29 5 
21 20402 22575 20 
20402 22575 20 
20402 22575 28 30 8 29 21 
21 28 20402 28 20 
13800 31 18610 31 22615 11617 13098 11211 15678 20539 31 20 21 
21 22463 20304 14335 16367 7850 28 7730 16836 6 
15108 4 15894 9901 15678 16053 7509 10552 0 
20402 22463 16053 7509 5692 19474 5 
23 20 16721 18498 20402 22463 16053 18498 9901 1920 13909 17872 14336 7509 15576 5574 5 15138 15708 20 
7730 19969 1190 5 
740 2727 18498 7847 15658 14335 16630 12301 20670 19856 4 17458 4178 15658 19900 19474 5 21 
21 1233 4766 15678 12963 0 
15658 5 21 
8956 20539 20402 3058 7 
18476 21282 1421 18884 6103 4796 7850 26 6103 15599 5 
23575 20247 17872 9743 23206 15299 6 22 
21 29 1249 20 
7686 15678 7127 21793 9901 16721 14673 6103 4672 16404 8678 4796 14335 20357 15458 29 28 20244 23135 1614 5 
4289 31 5015 6103 18498 15458 29 28 15658 11284 22463 7914 18498 9193 15658 16721 7914 23135 5 
23135 20402 22463 11474 3058 4 8995 9743 15138 9620 7730 662 31 28 15678 21551 18498 9025 17438 1614 5 
8840 21282 18498 8995 7914 16580 7730 5876 7509 9193 9634 20 
15708 17438 22327 4 16169 8 29 21 
20402 22463 3959 19782 8 29 
21 18476 9193 288 18498 12780 21596 18984 4 9193 16468 7279 7850 14307 7509 20262 
27 21 
4809 15604 21266 20 
10548 30 
21 97 6075 15138 13909 14378 4 5725 5 21 
21 11462 4 31 16440 7509 29 
30 21 
20402 15138 3058 8 29 
2892 
28 19735 29 
20670 8956 20262 20 
21 2685 13026 21371 20402 1114 20 
22318 1027 8 29 21 
21 29 1249 
13055 15658 17629 13909 6103 21684 4 15658 20402 20 0 
21282 662 16673 28 14149 1393 20463 13131 7730 17438 22327 6103 3058 18498 21596 9790 17438 9193 20 
22318 1027 4 1114 20 20 20 
9808 7127 29 6 21 
21 29 1249 5 
20149 11462 23135 8995 1614 4766 31 10765 4 11462 8995 4886 29 1249 5 
9808 1247 4 16169 20 
18498 23135 8995 7914 16580 15894 18533 18498 8995 8 29 21 
8995 15458 16440 2371 6103 9971 6103 20262 5 
21 21 21 7157 20670 15678 18498 20149 7102 16066 15658 16721 4 9594 16066 9743 18476 23135 9901 19900 6103 22463 3962 6103 9142 20 21 21 
17438 21793 7847 21 
7957 21810 22463 20 0 
21371 20402 17877 20463 5 6391 20 
21 23 4 28 20 20 20 
2136 31 28 6 22 21 
28 28 8 29 
15253 7730 20463 3036 14149 20 20 20 
21 21 21 15658 20402 26 20 14604 3388 15658 20402 13562 7730 9193 20402 30 20 20 21 21 
8 29 21 
18476 23135 8995 9808 17458 31 18069 201 30 

21 9833 30 
9193 21596 18069 17872 9130 7730 21932 17872 9743 6 21 
7509 13194 5 
18476 5982 29 22318 6256 13688 7730 23135 22805 12517 7914 22327 5 
21 23 4 28 20 
28 15678 22 28 15658 6 22 21 
2504 6103 6075 11617 20420 2727 13909 13278 4766 8956 15286 27 
22463 22942 2617 7914 21582 16468 7914 5982 5 
20670 2700 7850 5528 7730 22463 2700 8322 20 
9193 8995 20402 13688 20 20 20 
21596 4331 17872 4796 2136 31 28 7509 1249 18498 23016 20 
21 20539 4 12861 18784 349 20 21 
21282 15726 5 
20126 16169 19703 
21 20402 18498 8956 1249 12780 4 28 20 0 21 
21 9743 22463 3870 4 17438 9721 20 0 21 
21 2377 4 5152 7730 3572 20 20 20 30 21 
21 21613 21552 20 
7188 16367 6103 1937 20402 15671 28 21 
21 28 6 2904 18498 20402 31 20931 3790 20 
28 15444 7681 18497 15860 21 
18498 23016 31 2154 30 
21 21 21 9743 22463 3790 2727 13981 7730 12780 21752 22463 10273 20 21 21 
28 21 
17458 11462 20402 21252 30 
21 9193 4 9193 4 9193 4 9193 4 9193 30 21 
15678 9975 20402 13512 8 29 
21 15678 15416 15658 20402 9786 5 
15678 15416 15658 20402 14309 5 
20670 15678 18638 7730 31 15390 6103 20149 7802 2727 9193 5758 16404 21596 498 14426 20 21 
21 10495 7509 9193 22942 
14335 19363 21 
21 7957 9743 20 20 
20207 21552 21 
11462 21596 30 
21 7730 8443 16468 13909 22463 1249 13030 7730 15603 4289 15678 7127 29 4 20463 7127 20 20 
6679 31 23135 15138 9801 4 20127 4 16580 4 1114 4 21021 7730 18498 8956 6086 20149 19335 7686 15138 1249 5 
15708 17438 8995 20293 4815 7730 14335 6075 10268 7914 21793 15678 14924 5 5 5 
18498 17511 4788 20463 1247 7730 21389 16083 14924 9808 7509 9193 22942 13030 4 12277 22898 30 
9808 1247 4 15311 20 
1027 23135 8 29 21 
21 14425 16440 7509 19576 6 
21 21 20304 4 20304 20 20 20 21 21 21 
7730 12780 20402 30 29 29 
9808 28 7509 9314 20 
21 17737 7509 16292 28 20 
28 8 29 21 
21 18476 9193 16468 7914 21793 31 14307 20244 15425 6408 16066 18069 6103 18984 20 20 20 
4369 22575 20954 17396 21 
21 21 21 7730 23135 4 14604 1095 20 0 21 21 
20670 1515 15678 8561 7509 16083 15658 15190 15894 23135 7730 21793 15678 16083 8561 20 21 
18476 15678 9971 7509 20262 18784 4289 20 20 30 
21 21450 4 22575 20 20 20 2136 29 7 
9542 20402 18610 11617 31 20539 30 21 
11570 7850 9314 20 
28 13691 28 8 29 
18476 19969 31 15585 7730 9193 16468 20 20 20 30 
18533 15585 22825 17872 9901 6103 10548 13640 20 20 5758 7509 29 
21 753 15671 4 28 20 20 20 21 
7914 22463 19205 8302 8 29 
4796 15678 12910 20 
8329 12861 7850 3148 20 
21 29 1249 6408 7730 5360 15658 8995 10544 6 22 
9971 6103 20262 3472 31 10548 21 
21 7157 16404 15678 28 20 
15678 14539 22657 16404 2349 5 21 
21 15833 21739 28 4 9193 18533 21596 22463 3388 11686 15678 20463 20 20 
17877 19450 28 6103 22073 21 
21 20126 29 20 20 20 
7850 28 7850 15176 21 
21 14539 8956 1249 15658 20402 6103 15138 835 16404 9193 9634 4 15658 17304 6256 6103 4788 15678 7127 6103 11462 6 20463 1247 20 
23135 20402 9193 13905 835 5 20293 9193 8361 31 20202 15678 3611 4187 4 31 15643 6503 7148 6103 22463 7181 7730 31 16630 4 9193 21371 662 7730 5108 7914 28 9193 14924 22223 7730 4894 7509 22942 5 
23135 20402 14604 13905 9365 7730 21371 14604 13905 15995 20 
18498 17511 4788 8956 6086 7686 15138 7730 15138 1249 20 
9808 1247 4 15253 20 
1027 23135 8 29 21 
21 9193 10183 4 9193 22942 20 21 
21 29 1249 6408 7730 31 20644 5360 31 14539 6 
18533 15005 879 15324 3512 6103 702 20 20 20 21 
22463 2700 17872 23135 20 
18476 9193 15253 16836 18481 21551 9620 17872 9193 14335 10211 20 
4318 6103 3086 20 3960 28 28 
8147 15678 28 30 
21 4796 13055 7491 1612 15286 6 
21 21 9634 20402 18525 23135 8637 17872 23104 
9634 20402 18525 23135 8637 17872 23135 
15658 17629 21596 5320 20047 
20402 17629 21596 20293 22463 17556 13909 6103 20616 21 21 21 
21 18533 13405 8956 22886 16066 12780 22805 7914 16083 13652 0 
12780 22805 7850 16083 13652 4 21739 5 9193 17819 12780 6256 8956 2727 8644 7730 18475 4672 31 10765 23151 7730 4913 7847 5 5 
4913 4766 28 28 13512 21739 15855 8956 22886 8 29 21 
28 28 7914 28 17790 20 27 
28 17790 20 
21 9808 1247 16404 31 15253 4 8897 4 20744 4 2336 7730 1095 13909 8302 18498 13055 5174 20 20 
28 22318 5235 20293 4766 8956 8908 827 4 8302 7730 22318 6075 15138 9801 4 20127 7730 22327 6103 3058 20293 20 20 20 
16323 4 7589 19722 8 29 7 21 
21 8385 8386 20 
27 21 
22073 8 29 
29 16517 20 4372 18374 6103 878 18516 17061 4766 28 
21 28 28 14335 19363 20 20 
22942 6103 22519 21 
12861 1614 20402 22463 17441 18498 15658 5 5 14512 15425 5 6663 20 
21 7730 20149 31 7594 20402 6103 20126 
7730 31 20126 20402 6103 14265 
7914 14604 16654 31 15616 
12780 8235 14335 13446 
7090 5 5 5 21 
7957 918 20 20 7 
21 15671 15424 5652 22318 6075 17737 15458 7127 4 17458 17872 23135 22463 134 1467 7730 20584 4 20202 6103 22463 9808 7127 7509 16169 13055 20402 15678 21036 17872 9901 9808 7730 4 1393 22898 4 2136 4346 6103 835 20 
15894 18533 18498 8995 654 4 20609 134 17438 9193 7730 21596 22463 9808 7127 7509 16169 20 20 20 20 
5360 22318 28 15138 8 29 21 
21 23151 31 22942 6103 2154 4 18069 4 21935 4 2377 7730 5152 20 20 20 21 
603 31 2572 30 
15678 16517 8 29 
9193 6 
21 21 21 5 5 5 20402 9790 31 22318 23167 4 1920 7850 21631 4796 7850 6014 5 5 5 21 21 
11462 31 23167 6103 28 20402 22318 18876 20 
11462 23135 9193 6256 4 9193 19900 18498 8995 5876 6103 15671 15658 13727 15138 14425 20 
7545 20463 15860 16404 18498 5360 22805 15678 15190 4766 21793 20931 835 4 10268 7730 23167 6103 753 15678 18195 20 
22318 1027 4 14604 16169 20 
22318 1027 4 15576 22765 20 20 20 
6564 7914 16580 8 29 21 
21 18476 23135 21596 22463 15311 23416 4766 17556 5763 4 9193 4766 15138 1114 20 8 29 21 
21 15834 4 1114 20 17304 22318 23409 4 9193 15658 12780 8995 20244 11644 7850 14924 4 7730 368 18498 15643 13909 21596 8956 15941 5 
22318 1027 8 29 
15741 6 6256 15678 28 155 1614 7914 3962 4 20402 15671 20 20 20 
19969 6046 7557 20 20 20 23135 20402 15276 17258 20 
9193 22942 0 21282 654 0 
26 5 5 5 28 5 5 5 28 5 5 5 
20463 5859 20 20463 5859 22765 20 
21 21 20813 9193 21 21 18263 20 27 21 
21 1114 4 9605 22463 13285 2371 17872 10273 5 
733 4 6103 15604 15658 20 22564 20463 19773 4 10696 5 5 5 
9193 9193 15658 20402 19782 6 
7102 20402 20 20 20 20 
8 29 21 
21 9193 20304 7509 29 3031 15930 14668 7850 9193 22942 30 
21282 9620 5982 1150 21 
21 16323 16673 20463 7127 4 2403 20 20 20 
22318 1027 8 29 21 
18498 23570 20 20 20 30 
21 18498 9193 16468 7914 30 26 4 14652 7730 5982 11617 20 
9193 16098 22463 1150 0 
9971 6103 20262 15658 8995 10544 17872 15502 753 9193 20060 21 
20670 15678 9971 6981 20262 20 
30 20402 13688 3436 5 28 
21 20238 4766 31 14425 2336 7509 15190 20 20 
2336 28 15671 22318 1027 8 29 21 
21 3959 3504 20 20 20 
1740 7509 28 21 
21 7127 6103 5174 15678 15311 7730 15311 7509 1097 7509 28 20 
7127 7509 15311 8 29 21 
21 26 29 11943 26 20 20 
11617 26 15005 30 
20126 14425 26 21 
21 8956 20402 31 17819 10273 6103 15138 7850 17819 2464 6103 15138 7730 9193 17819 28 6103 15138 18498 8995 17438 23016 5 
11462 9743 29 1249 18498 8995 13030 7730 288 18498 15658 17629 8678 22463 21083 21684 16404 15061 15678 21364 7509 9193 9801 4 17324 23135 22805 12861 7686 8956 29 28 20 
21282 21596 31 662 16673 7127 7914 18498 9193 8995 31 21778 7850 22942 7730 22318 8147 5 
15708 17438 14335 9743 19698 4 17438 8482 9193 13764 4 17438 14335 753 31 21810 6152 4 17438 14335 340 7850 2464 4 17438 2685 4189 4815 4 17438 5695 17872 9193 4 17438 2133 9193 4272 7730 2979 4 17438 9743 17233 16404 15678 20463 10530 7730 14335 12025 15458 17233 4 17438 14335 9743 20402 22463 16971 14425 5 5 5 15708 17438 9743 16440 7509 9193 22942 20 
8840 18498 5360 1920 6 1097 4 16375 4 5113 4 15311 5 5 5 8956 20402 21282 15678 29 1249 6103 15138 20 20 20 30 
9808 7127 29 20 
9808 29 1249 6103 15311 20 
21298 1027 4 15311 8 29 21 
11617 7585 22 21298 26 26 7850 15005 
21 12780 13761 20 20 20 
1575 7730 3009 21371 21 
21 13909 22463 7127 29 4289 7730 4766 7847 23135 4886 13909 22463 1249 6103 22942 20 
6981 22897 4 6103 22463 12939 14336 7174 7730 22223 4 9193 15658 6256 6103 20402 20463 7127 5 
6670 5758 15658 13325 6103 4788 20463 1247 4766 9867 4 3031 16066 16323 4 9193 13325 18498 31 15253 20293 5695 871 4672 18498 23135 10959 15138 6103 4796 4 4796 13209 4 17438 9365 5 
21371 15658 14335 13325 6103 20293 22318 5910 17438 8956 6086 16066 6075 17737 4 9193 31 22898 18498 15678 9743 4 13325 18498 9901 15138 5335 7730 2136 4346 6103 835 5 
8956 1249 17872 15671 15658 8995 20402 15138 10544 5 17438 13909 18498 31 10765 13055 21596 3213 7730 20149 6722 4 31 10765 20293 20149 1027 15138 7730 654 8995 22805 15678 18481 20402 19854 15658 21596 15678 16169 4273 7730 18498 16647 7850 14604 18376 1614 16936 5 
11462 20402 20463 1247 20 20420 3058 22318 21596 1614 7914 3962 4766 31 10765 17872 15253 9743 1612 13209 7850 12901 5 20420 3058 22318 6075 22463 134 1467 6103 16323 5 
9193 4796 22327 12861 15658 12780 20402 17521 15658 18533 18498 23135 9901 1966 17438 19900 18498 13055 20149 16468 21389 21551 4 12780 19662 17872 28 22318 6075 10268 7730 22318 22126 6103 23151 17872 3962 13640 4290 6103 20127 4 835 7730 4272 19703 5 
17438 9721 4 9901 3058 13640 7730 23151 17872 15671 20 
1027 23135 7730 9808 1247 4 16169 8 29 21 
26 26 26 
21 2988 20402 9790 17872 4796 20 20 
3031 6103 4380 21 
18476 21787 1612 15286 3058 30 
21 15424 19900 15678 18498 23135 8995 4796 4 9193 9193 18533 20 20 20 
26 26 21 
21 20402 15671 4 16148 20 
16721 31 14539 4672 27 21 
9193 21623 11625 20 20 20 
21 18525 7491 18498 7914 28 15658 9743 10405 0 11462 21596 10405 7730 15385 20 20 20 
20126 10405 21 
7914 29 21596 13909 30 
21 17872 4788 15678 1247 6103 1022 
28 3148 21 
21 31 3610 7509 11020 9867 20 20 20 30 
28 3148 12780 20402 26 6 21 
12345 31 4790 6103 1247 20 20 28 26 26 26 21738 15664 18533 
21 15424 16393 3148 20 15678 5 15678 
30 21252 16440 20 21 
21 22463 2605 6103 4165 1276 7509 22137 20 
28 16288 7557 21 
20402 21282 22463 16620 6 
23570 15599 6 
3450 7127 13909 16936 30 
21 15833 4 22318 8995 7557 0 
22318 8995 13981 0 6739 0 22782 22327 0 21 
9808 7127 12604 7509 3488 20 20 20 30 
21 6103 18498 430 23016 17872 9574 20149 15678 2521 15658 12780 155 0 
3472 14604 918 6 22 21 
21 9193 12780 16630 16404 15678 28 3702 17438 9193 
17872 18525 21596 10547 31 22942 15643 21596 9971 
5 5 5 
31 10547 7850 28 21596 18498 20402 11945 21 
21 15658 20402 28 4 9193 20402 18494 20 
21810 17458 21596 18494 14604 15540 4629 4687 4766 4331 6 21 
8995 18494 4289 30 
21582 3537 15678 13494 7509 23414 5 
15678 30 13909 10012 7509 3633 20 6 
21 21739 4 15855 15678 14604 2837 27 
28 13512 1540 4815 19703 8 29 21 
21 21282 18533 18498 23135 9901 2727 20 
28 78 20931 22942 4 16169 20 23151 17872 15671 13640 5 5 5 21 
21 15609 15604 4 23414 15604 20 19703 21 
21 24 30 
16440 20 20 20 21 
9901 7157 7 
21 23 4 12787 20 20 20 15658 368 15510 6 22 
18470 20402 0 11503 7730 20463 9943 12780 20402 8793 7730 15036 2136 18476 0 21 
21 7850 7127 29 6103 14230 15658 6075 10095 4 4331 7730 15424 14469 3086 7850 28 5 
6075 19456 15678 1249 12526 18498 13055 8995 23570 7 21 
21 4788 7127 29 7850 7127 29 20 
8 29 21 
21 11462 20402 22463 7127 6072 18498 9193 21282 18533 21810 702 20 
28 20402 21021 4369 16811 21681 28 20539 30 21 
28 20869 21021 
20472 20 7127 6103 21810 22463 4766 15678 16375 30 28 13512 
21 11462 20402 20205 4 9193 15658 8995 15424 2371 5 5 5 8995 7850 17583 30 21 
21 7730 11462 20402 7127 6103 14299 5 5 5 
23016 3571 11625 21738 16216 2727 22985 22356 29 21 
26 11617 26 26 11617 26 26 21776 26 
20670 15678 16888 18498 12430 7914 11219 15678 14604 18487 20 
21 31 16971 15344 20402 11503 16066 7847 8637 20402 11503 0 
26 4 31 16971 8637 5 
7730 23135 20402 11605 0 
20539 4 9193 20402 5 
7730 6670 18476 23135 8637 20402 11605 0 
15678 5 15678 0 
8956 17563 4766 20931 15936 20670 11504 14335 9743 19698 27 21 
15678 15190 17629 6103 16971 18498 16721 11686 1393 28 6 
31 21592 6103 22327 29 
21 16323 4 18533 3572 21 
21 4289 20463 14924 4 28 20 20 
23123 7850 8806 7509 16373 21 
8 29 
4766 31 14426 16971 9193 14426 13727 20 
21 17084 10141 20 
4443 20693 10141 8 29 21 
21 9193 8995 18498 20402 22463 13753 4 9193 8995 18498 20402 22463 13753 4 9193 8995 18498 20402 22463 13753 4 9193 8995 18498 20402 22463 13753 
20402 16057 4 16057 4 16057 
21021 4 21021 4 21023 27 21 
21 18498 6324 6103 3590 4 3790 20 21 
9193 15398 8 29 
21 15658 19900 20149 20402 17438 4668 4 9193 9743 1247 7850 14539 7127 4 21282 15128 15678 15266 19703 20 
8956 7127 29 20402 20463 20 1575 16404 19229 15678 14924 9808 18498 13055 16468 7730 20149 17714 16404 15678 18498 8995 17438 23016 5 5 5 5 
9808 1247 4 14604 1114 20 18498 17511 4788 8956 7127 17438 15138 7730 15138 1249 13030 20 
22318 1027 4 16323 8 29 21 
18498 29 9193 22126 21793 31 3425 18498 29 15658 22126 30 
20912 6103 28 6 16721 7850 4816 18498 12780 21596 7850 1249 15604 30 
21 9808 28 20 6 
16323 4 28 20 21 
603 15678 2573 20 

