15604 3228 7509 28 15138 3058 14539 20 21474 10628 14346 17257 
22463 7509 23575 5 26 26 26 14335 
29 1249 20244 5621 15678 3388 5 9620 21282 13909 22463 30 26 14335 4628 26 
21 22657 3790 4 15678 15458 9971 6103 20247 7957 12960 21 
21 28 28 28 28 3510 28 
15138 1114 8406 23135 29 21 
21 15658 12780 13405 15299 1022 17458 8995 20244 7251 7730 9193 15253 15658 18533 4913 5 
8995 4179 5 5 5 21 
21 21267 18498 15678 19525 7509 13591 15678 5628 20402 16404 1022 0 15658 20402 17872 20247 18498 23016 0 9193 15424 13359 15678 13591 740 7730 14335 9594 18498 20402 16404 1022 6 23274 
28 18610 28 28 28 21 
21 7850 14996 28 4 8956 12960 5 5 5 
26 26 
21 8918 6103 21752 15678 26 6103 18476 18876 15678 17737 5 
20402 7850 7850 11455 16404 16647 5 
20402 15671 15678 21 
21 11560 6 23273 5 28 5 4766 
15855 15678 12960 26 28 28 21 
21 23135 19900 15658 20402 4 9808 1249 15604 7730 2937 8956 4672 6103 29 6103 7119 16404 21793 5 21 
21 11560 6 29 5 30 5 2952 5 4766 30 9503 18197 29 29 30 30 2372 29 30 31 29 30 23 5 10837 
15658 5219 22805 12861 20244 19698 21 
21 29 4 7850 14996 12861 0 
28 28 20668 7730 28 20668 21 
21 26 6 30 5 8632 28 5 4766 
20303 6 13017 29 
16468 17872 19509 21 
21 28 20668 4 7850 14996 0 21 
28 28 9743 20670 11337 
21 873 13055 16765 18498 15678 15540 7509 26 20402 28 0 17458 9193 288 18498 15138 8995 5150 4766 11685 7730 10546 4576 6103 10523 28 20402 22463 19415 20699 15658 10560 19239 16066 4757 6103 8893 5 
20149 9193 18533 19900 20670 10523 9193 17908 4 9193 9193 15658 8995 15424 2371 17872 18498 21726 23135 21842 4 18525 10648 31 13444 16066 18525 20402 6587 5 
7730 15138 14466 6103 28 5 20402 4050 0 20402 4 9193 9193 23016 17872 28 16404 5459 4766 16971 4 20149 18533 9594 6103 28 21438 7850 11685 5 
8386 0 654 16404 6103 17525 4672 12764 21 
23 26 6 28 20668 
8879 
21 18525 14335 4730 15458 6 28 20668 
15311 0 15658 
1409 0 15658 
20126 0 20539 
17629 6103 873 0 5 5 5 
21956 0 15658 
3735 6103 13690 6103 1114 0 17438 18525 0 19484 31 4434 
2685 0 26 
10461 0 15643 
4270 4766 873 0 15658 
20402 16308 0 19900 7850 
15790 873 0 15658 
871 6679 0 15138 
21596 20855 0 13909 16066 14466 5 
22463 6086 0 29 29 29 
21596 14378 0 6400 7509 18498 5 
21596 13054 0 20539 
13055 9743 2781 0 18525 15643 0 
20149 1788 6103 866 0 871 4672 4 9193 31 22942 15658 20402 15101 17438 1789 5 
19900 7286 0 14335 7509 22463 3906 7730 23135 12780 20149 20357 7850 28 
21596 11216 0 15658 5 
15658 7102 13909 15299 16404 22318 18651 21 
21 15138 3058 16404 8720 15286 4 6103 21 
8840 16404 1937 31 15604 21552 6103 26 5 29 20 

