6 15678 6 6103 
21 26 4 28 20 26 20 11617 26 26 26 26 20402 26 20 6 22615 21 
13211 5 
6 22615 
8905 6103 951 16846 5 
21 20149 4766 8956 8786 6103 3109 7847 9743 15678 18498 9743 4 11731 4766 22463 6103 2359 28 20 6 22615 21 
21 23135 4 18498 20402 31 9721 7509 10982 28 4 21355 21596 22463 9433 20110 17872 12861 5 7730 9193 20582 10959 6103 5180 4 17458 17872 9193 12861 20402 22463 105 5 21 
21282 18498 31 10083 5621 7850 22821 16083 16440 7509 5574 5 5 5 
8 29 
21 21 21 17872 18525 20293 9193 14018 9130 11454 4 9901 2371 9193 7157 6 5459 4766 19867 4 9130 20931 11454 7730 8386 6103 22463 22897 17438 21793 18498 15678 18498 11731 20402 11637 4 7850 22821 20402 22463 16195 18494 7509 16083 13131 7509 15190 5 21 21 21 
21 21 21 31 14481 13909 13436 7509 17436 28 15658 20402 22463 14532 3766 17518 11066 1393 17509 17868 18498 7847 15781 11462 5 16673 5431 6 20402 9312 15678 18498 9431 31 19695 2118 6318 5 5 5 5 15678 21246 23104 15658 16587 6103 21613 15190 11284 1453 7558 21264 4796 20402 4 909 4 31 5055 6103 21793 15678 6329 16587 7509 17230 5 21 21 21 
21 21 21 20149 23135 18533 18784 15678 9971 7509 23014 20475 4 6202 18306 19682 16404 8956 5775 4 9971 7509 13908 16683 7730 17478 6103 1694 5 21687 10657 26 5 1694 20007 22942 5 21 21 21 
21 9193 31 5891 15658 20402 7509 9141 740 13909 20149 7847 20402 21 21 6103 14465 21 21 5 31 5891 20402 7509 5896 7509 9142 4 7509 5896 7509 9142 7850 28 16066 2136 14539 7509 18191 28 5 16066 31 28 15658 20402 5891 4 17438 20402 22463 23231 6103 22463 20709 12370 4 9193 1393 14539 21551 21793 31 19856 21596 22463 16377 6103 5891 5 21 
873 12145 22463 512 17872 14335 753 31 17889 31 3512 7772 17438 6064 28 0 
21 9193 4 7730 15678 28 0 9901 15678 18548 5 6 22615 21 
21 20402 4 3759 4 8995 21570 4 8995 6759 5 21 
28 7850 22180 20 14924 11455 20 
15424 19900 4796 662 5 6 22615 
21 20311 20 115 20402 15138 5451 7914 871 3976 4 9193 20402 1894 5 20558 1920 5 21 21 733 4 9193 15678 4425 6103 14856 7491 18498 21282 20402 22942 6408 6103 21340 20247 4 25 5 5 5 21 21 4 21 21 14604 5574 4 9193 19150 4 25 5 5 5 21 21 22463 20709 20149 7491 18058 7509 22942 11570 7730 4 1393 14539 21551 4 20402 31 9721 7509 115 20402 6103 22463 5393 20244 21364 5 21 
21 20402 22463 1296 11341 15291 4 11284 18498 20149 18950 5 654 11731 15678 17542 6981 21061 15637 6280 17681 7509 22942 6981 20 21 
9193 6408 6103 16468 15678 9975 6103 20247 9130 17872 18069 6103 5982 29 
6628 15678 16328 7509 21551 5 
6 22615 6 22615 6 22615 
12861 14335 19363 6329 7509 5320 5 17836 15459 9975 6103 20247 20 
6 22615 
21 21 21 15678 10982 14018 15678 2969 7414 15576 7251 31 13038 19676 5 21282 18498 15678 2969 4 1393 3774 8956 7251 4 21596 18498 16162 13038 7881 5 12861 10795 8051 16066 19695 16404 15678 16587 0 16162 16404 19671 7730 2850 10648 7251 31 9193 5960 5 8956 20402 15678 10982 18498 20149 17703 4766 15678 20699 5 21 
5174 10765 18498 20149 17304 23104 1920 5 6 6103 
19698 6329 20 6 22615 
6 22615 
4796 20402 18498 22463 16971 12780 1820 22463 21843 7850 23213 6103 22463 18069 0 7730 4766 21389 4672 17872 9130 5 
13909 22463 7509 22929 5 
873 18927 871 26 4766 18553 6103 5037 18449 0 15678 18498 5037 9193 13055 5174 5 
12780 4730 22463 22861 7384 7850 17478 7509 14604 18487 5 
21 15658 20402 12861 4 28 20 21 
873 17304 18927 22463 3058 11114 7914 28 16971 17872 4730 3733 7687 7914 13591 0 3058 7127 20 
6 22615 
15658 20402 21551 6103 13749 5 20402 21551 6103 13749 20 
21 22765 4 9193 15658 5219 13405 31 21267 15678 28 15481 18476 7847 8995 9594 5 7847 9901 9743 22463 3855 4796 20149 8995 4346 5 5 5 21 
3962 4502 20402 31 16404 5 5 5 
21 15678 28 7102 21596 5762 15678 3137 21 21 22834 875 21 21 5 20420 15138 22564 7850 28 5 21 
31 14425 7509 7127 20 6 22615 
21 21 21 22 15678 18250 5219 13405 18494 21793 15190 1393 19695 5 8995 6103 16323 22 7491 22463 951 4820 7509 15911 5 21 21 21 
21 16066 21 21 31 9078 16404 15678 12261 20402 16571 4766 3058 12551 21 21 5 21 
28 9431 0 
15855 2371 5 15678 17563 6103 28 21371 21596 20352 5 6 22615 
28 5 8995 22327 9431 5 
21 7847 15424 20149 6075 15678 21932 6103 7845 22463 5459 4766 871 4652 5 7730 15678 21 21 2780 21 21 1484 5 21 
26 20 
22385 13278 18498 9193 8995 19355 5 6 6103 
26 26 5 
9193 4766 31 9711 7509 3943 6103 5855 5 
26 26 5 
9193 5 
21 16852 21371 20402 15678 21 21 14574 6103 11857 21 21 7730 15678 21 21 10927 7859 21 21 5 21 
21 19698 20402 4766 31 21945 7509 15540 7509 21266 6 21 21 18506 13923 21 21 20402 16958 20 6 6103 21 
15138 13278 5 14539 5 
31 15253 22805 31 11518 7509 14464 8406 7914 23565 5 
31 6223 6103 20525 20402 2124 5 
16404 15678 970 22892 7509 22429 5 
19900 6103 15299 15678 12372 5 5 5 
21 873 17304 12145 22463 3058 845 7914 28 16971 4 6103 17659 18498 2011 16673 22505 4 18498 2011 5758 7850 9586 7509 29 1249 0 21 
15138 14245 20 
9808 29 20 
288 18498 8956 20402 22463 7509 17555 7914 18498 9193 15643 16721 5 9193 5 5 5 
21 18476 9193 8995 1937 31 22463 21511 7730 15678 1545 7491 6 21 21 654 12780 9594 6103 10523 21 21 4 9193 16098 6 21 21 15678 1962 11861 201 7730 654 12780 9594 21282 20670 2781 4 20670 10765 18498 10648 10265 17872 9743 4672 18498 15658 21596 163 31 14465 19235 4 9193 12780 9594 4796 20149 12861 20402 866 15138 8810 21 21 5 15678 18195 16718 18498 14335 23016 1393 14487 6 21 21 3472 15678 5426 19269 0 21 21 5 21 
16404 1612 18498 15658 20149 5133 4766 2252 5578 5 
21 28 4 28 2727 18498 10959 6103 12780 17872 8632 1920 5 6 6103 21 
6 6103 
21 373 15678 16955 15658 5 29 6 21596 18498 7491 15678 15540 7730 15678 18498 8840 7509 7297 16066 7509 5942 4 16066 871 16083 2781 4 7850 17819 7127 6103 2154 5 21 
8995 2371 22463 10211 12577 6103 8361 7473 17872 5758 5 
21 20149 22463 7127 9193 20402 17930 4 12780 21662 15263 4796 8956 5 21 
18498 4672 12577 20 
21 1276 6103 17908 8051 4 7847 17304 9743 22463 5942 7509 28 5 21 
21 21 21 30 26 26 26 14335 26 5 21 21 6 6103 21 
27 20 
7730 15678 12960 4785 5 
21 16468 31 21409 21582 8386 871 7055 6103 22463 1961 1427 4894 17872 4 6103 19324 4 16765 18498 31 4895 20402 22463 2976 7730 22327 9901 22233 6 15658 21596 17807 5 6 6103 21 
6 6103 
13761 7914 3962 20402 1920 5 
21 6663 4 9193 17751 4 9193 9193 19698 17872 3807 20 6 6103 6 6103 6 6103 6 6103 6 6103 6 6103 6 6103 6 6103 6 6103 6 6103 6 6103 6 6103 6 6103 6 6103 6 6103 6 6103 6 6103 6 6103 6 6103 6 6103 6 6103 6 6103 6 6103 6 6103 6 6103 6 6103 6 6103 21 
21 21596 18498 19761 22463 433 6103 16846 2371 4 21267 14539 5 17939 6103 19701 10793 20 21 
15138 13278 20 
21 7102 20402 21 21 14335 4229 6103 19549 21380 21 21 4 9193 12780 1920 14539 6 21 
9193 7447 15458 9833 5 6 
3047 9634 26 5 
9808 7127 17872 23135 18498 19900 18498 12861 15658 20402 22463 4257 5 6 6103 
12861 15658 20149 9743 5 
28 28 
21 21 21 15678 10297 15658 9387 20 20 20 8386 12861 6103 22463 22897 17438 21793 5 21793 31 16971 6103 21021 13055 9604 7445 22898 5 1575 20931 9604 4796 22463 11020 1542 5 20149 9743 12861 4 7850 18195 22897 8995 13909 16936 7509 21021 5 31 9604 20402 20293 22463 13606 6103 1542 5 21 21 21 
21 21 21 5 5 5 15678 28 8962 22463 19136 7914 18498 31 13048 22657 14539 16404 15678 17753 7509 19404 16066 20149 1959 15678 17838 6103 18498 15678 10980 17304 4807 5767 10015 20244 18475 18306 4 4766 21793 31 5228 18498 22463 17618 6981 22126 16404 31 6152 6103 10533 15780 7509 3858 5 21 21 21 
31 20304 8995 19900 18498 20931 5320 20402 19384 0 20304 0 20304 20 
871 15599 20670 31 1902 7509 26 7509 22429 6103 11462 0 
21 201 5 20402 18498 6075 21551 6103 19631 15678 1962 7914 22463 20247 6408 18498 9193 13325 18470 20402 15678 14604 5942 4 4524 0 6 6103 21 
23554 14464 17872 6075 21932 20 
19698 21282 22463 17556 5 6 6103 

