17872 10657 13909 22463 2846 5 6 
21 28 28 
17438 28 28 28 21 
21 20931 14487 20402 18525 23135 20402 4 7730 18476 7847 15658 10473 5594 4 20402 1964 5 
21 28 20670 15678 18498 20402 15678 1114 4 4766 13285 7914 28 5 
26 26 15803 26 26 6103 28 28 22861 26 28 5 8 29 
21 21438 6361 17872 17881 15678 6115 22805 5 9743 2136 22463 26 9431 17438 18498 31 17882 18498 9743 15658 5054 4766 15678 12688 7509 18352 5 
9193 6103 3058 4 20402 20293 3058 7730 15658 5960 15299 8627 13923 8386 5 21 
21 21 21 20149 11284 26 4 11284 10546 5 20149 11284 10546 4 20402 16404 13761 18498 7102 12780 5 21 21 21 
21 21282 17438 18498 23135 11649 866 6103 8561 4 18533 15127 7730 8995 13749 17438 12861 4 15658 18533 7491 18498 23135 8995 9743 12861 7509 14425 10211 16066 18498 20385 8995 18784 2046 20463 15697 4 7850 22821 5 21 
21 871 16971 5 5 5 
21 15678 29 8360 7509 6115 20402 6 
29 15658 9743 1393 16083 15678 18498 15658 18533 18498 9743 4766 23135 5 
29 7914 21793 31 4672 4 9743 6103 22327 16404 15658 18090 15678 13923 7 
29 22092 15678 16083 20402 11578 4 31 16083 5765 7730 15678 15190 7914 10793 4766 1114 4 11510 4 9913 7730 19456 7 
29 15658 11680 15678 13923 15424 9233 448 31 13048 4 9193 20293 8995 7360 31 16793 8564 18498 21596 20402 18950 17438 13591 7730 8889 23167 7730 13166 4766 11510 7 
29 23104 31 22942 4766 22463 20352 6103 835 7730 6840 7 
29 20293 21582 1540 866 6103 15604 7 
29 18443 21793 31 4672 1393 18069 7 20293 4843 20931 11644 4766 15678 9707 4 7730 8995 7360 31 6574 14539 31 5734 13909 3790 20149 7847 15658 20149 412 31 7847 7 
29 12894 20149 2203 16066 10447 7509 7376 7 20293 19456 15678 7277 7509 16083 6103 7301 6103 23135 7 
29 5762 15936 12125 4766 2614 7914 20463 18191 18629 7730 7914 20931 9422 7 15658 20149 16878 20402 7286 16673 16083 7 
29 18549 22327 5 21 
13909 10138 11875 5 6 29 
21 21 21 2156 7509 13462 16515 4 13819 7730 15390 6103 22463 7804 6103 11205 4 18473 7509 17934 7509 20127 7730 7804 16404 18498 8464 13909 15678 16169 7850 5876 7509 5758 16753 5 8956 20402 871 7509 21535 110 7850 20290 16515 7730 17819 12319 4 18498 19589 13909 6103 4125 16971 4 8406 15989 7509 20709 4502 4 20462 18449 4 22516 4 17934 7509 20127 4 7804 7730 1938 20699 4 7730 4 4524 4 16169 5 21 21 21 
20402 28 7914 22463 10837 5 
21 21 21 15678 5574 20402 4 7850 5896 6103 11462 4 22463 17705 13905 5 21793 20402 3066 7151 4766 4138 6103 11729 7509 18498 20402 22463 5574 16816 5 11729 8956 18498 4 7850 13907 7509 22898 4 15658 20149 16393 15138 4766 31 18774 7509 15576 18191 5 
1920 4 22463 6617 20531 20149 12462 5 31 16971 3610 17438 2371 4766 8956 15671 8263 4 31 20319 6103 18498 15658 8995 412 4 6103 18498 11284 22463 11825 31 20402 5603 5 7730 15424 20293 8956 16718 20149 7381 5 15138 22898 4 7847 16866 17438 22463 22942 12526 5 
5 5 5 
31 3348 12316 17438 22463 5574 16816 15658 20402 866 18498 550 1453 15144 4 7957 31 5459 20670 11729 5576 18498 5652 16098 9193 13405 31 8956 5015 5 21 21 
21 21 21 17511 8995 8254 4 9193 21596 21371 31 11891 6103 18498 8956 18656 18815 20149 9376 740 13905 18476 31 9193 18006 6103 18090 19094 20670 31 14237 1959 15658 17785 6075 19484 4 15658 17785 6075 13606 16066 11857 15619 4901 17438 6177 1393 19481 16673 14237 4 17658 20539 31 19094 18498 17304 15344 16066 15658 7509 11792 9152 7509 28 5 
13325 18498 16673 14539 15081 21052 28 4 18498 18006 22463 19404 7850 18470 15658 21282 15678 17304 7509 18631 7509 19587 21596 13727 4 7730 18006 22463 19404 7850 18470 31 20603 20348 19092 7509 9370 7509 19296 7509 3726 6103 1948 20402 12025 9193 12963 19206 4 7730 21371 5064 15678 4419 5 
20931 18006 1077 15678 17304 12474 5 21 21 21 
21 14425 26 0 
20539 5 21 
21 14466 6103 7118 14764 4 17438 9721 1937 5 
3697 5 
21 9193 21932 4766 8956 21535 11284 29 1249 5 9901 21189 1393 14335 6396 4766 22463 17436 22385 23195 4 9522 9343 4 15416 4 10716 4 22120 5 20402 11474 18498 21596 22463 14237 17596 11875 5 7847 20738 15138 23014 7730 16895 15138 4 15138 23014 5 4229 31 9193 2031 191 20475 7850 12319 4 3990 10555 16958 18476 20402 5758 7730 21663 23014 8406 15678 16169 7730 31 15253 5 17629 9594 7384 16404 13325 31 5896 7509 23014 7730 31 7181 7914 20149 417 31 22463 16155 15138 20564 4 14068 4 6103 15144 3058 7730 11474 14814 4 13986 4 19854 5 8956 7161 18498 1393 22898 9193 20444 12481 16404 22463 16066 16083 2367 9193 20750 15678 4387 6103 13749 5371 31 23014 5 
21282 16673 23459 5 6 22615 
21 21 21 18533 17982 14237 15658 23004 5 31 14237 20402 5284 7914 21858 6103 4982 4796 18631 4 18736 4 10401 7730 23014 5 31 15144 9901 4766 8003 7730 16580 5 15678 15671 8995 15458 7255 6103 15948 7730 1372 5 
15678 15190 21596 2288 9193 23575 29 1249 5 8995 13909 16936 7509 18498 13667 7509 11637 5 16404 9193 4 15658 11284 7403 8406 15678 15102 6103 14237 7730 15678 9819 5 9193 9387 740 31 21573 6103 10349 5 15678 12738 23044 31 19484 11751 16404 31 23231 6103 23014 4 15678 18498 20402 15392 5 9193 4 20149 18533 21371 31 17796 7730 15678 683 20402 11474 4 15658 17304 21932 21282 4766 15144 5 21 21 21 
21 15874 4 15678 20304 15658 21596 22463 14763 16404 9594 20670 15678 6115 0 21 
6 21298 
21 26 26 26 22314 20670 28 5 
8956 9193 15658 19900 5 21 
21 11678 26 26 26 31 28 4 11617 26 26 12863 
26 1631 26 28 26 26 1631 26 21776 26 26 26 26 26 21 
21 21 21 7850 5896 6108 3602 4 16891 26 8995 26 15391 12296 26 20670 7850 28 18498 7850 13460 16398 3227 31 1067 16148 5 5762 28 26 26 26 22318 26 8576 28 22823 19122 5 26 18498 21810 7850 13460 16404 8386 7850 18498 26 20500 6146 30 31 26 5 21 21 21 
17438 22463 14668 8995 7850 12726 9193 15658 21596 9790 21389 10405 18481 7850 21752 5 6 22615 
21 22463 6180 13436 31 13436 26 
29 5 15658 21596 4181 165 6103 15299 5 
29 5 15658 5241 18498 22657 31 16689 17884 8644 9231 4 17324 31 9231 12225 23016 1393 13759 5 
29 5 15643 21582 6712 15678 16718 4 17324 4766 4181 22318 21596 21021 5 
29 5 18476 8147 15948 4 14539 18498 20402 6103 21680 6038 16066 6103 22318 5758 4 8743 16404 21140 16673 1676 4 7730 15658 16673 2251 4 17324 22463 28 6399 7509 2251 20402 12797 7730 11724 5 
29 5 15658 21596 19456 16673 2251 7509 16083 4 17324 11284 20293 2251 5431 31 20402 288 5 
29 5 15658 22564 15678 17304 16404 21164 15936 18498 5241 16886 4 17324 31 15936 12780 21165 5 
29 5 15658 21596 14378 6103 17520 15936 9356 4 17324 21793 31 15936 11462 238 20402 22463 7127 5241 9356 5 
29 5 8147 13909 17605 7914 6466 12534 7509 18498 7914 5020 16483 4 17324 4 20149 22667 31 12537 4796 7102 4 15678 17819 20402 22463 352 13909 17942 18498 31 20207 5 
29 5 20402 8698 22823 4 14539 18498 31 22821 20402 12078 4 17324 20402 13909 12078 20149 21582 8648 5 
29 5 15658 21596 12709 6072 18498 23104 15658 16373 7509 21804 4 17324 1453 22463 21804 15678 5241 22463 16373 5 
17438 28 28 21 
20670 15678 14339 6103 5734 7850 6011 11570 7730 31 9388 6103 8208 17504 5 
21 19089 20670 8956 1679 5 
21 1815 4 9785 7730 3691 5 
8956 20402 15678 12331 8637 16404 5762 15678 16918 16816 20 
9193 31 28 304 434 22463 12331 9500 7850 14810 4 15678 7863 23360 30 20 
3058 9439 22327 
6 29 21 
21 18352 7509 1827 28 28 5 6 29 
18525 5947 6719 10141 12780 472 5 26 8956 10268 17872 7847 4 7847 14514 5 8 29 21 
21 7314 2727 22859 13923 6 15658 10473 7 7730 12861 20402 8815 13909 17670 18481 9790 16404 4528 16971 5 
21 21 26 26 26 4 7850 26 26 26 26 26 26 26 31 28 26 26 24 26 26 26 8611 5 21 21 21 
21 4282 8956 26 1825 6981 14703 4 17438 9721 5 
21 11678 26 26 26 4 26 7509 26 26 26 4 26 1631 31 26 5 28 28 4 1296 26 
21 5855 6 28 28 
21 21 21 7847 8995 5150 31 28 4766 10628 15803 26 4 28 4766 28 28 21 21 5 21 
8995 7914 9692 6103 18275 9743 21551 8443 5 
21 15678 21684 18498 340 31 11729 20402 9324 5 16689 18498 31 28 7730 15678 22840 12780 601 15138 10765 4 4528 31 17523 2233 4796 21 21 16991 21 21 7730 11680 21793 15678 20463 1679 7730 6075 5 21 
21 9010 21743 16432 6103 13048 20699 1987 31 18736 6103 22463 14881 8815 1964 6 15397 12525 7730 22602 31 12651 16404 6712 31 7376 5 15658 11284 15425 14336 21625 6 20813 17790 7730 3166 5 20402 17629 14695 8956 16718 18644 16066 20402 8617 16673 4964 7730 9467 7509 11111 5 7301 7509 18645 7509 13048 20699 7509 15604 10796 20402 21860 23157 22463 18361 5 417 31 8956 15339 20402 15678 21662 6151 16404 31 241 20699 7850 4964 7730 991 6281 9193 28 6103 11462 5 
16404 15678 6211 7509 13048 20699 7509 15576 21551 4 31 5015 12127 7509 9707 7 1393 12755 4 15678 9707 6400 7509 5015 5 7914 22463 9365 10793 6103 23120 7509 5123 4 31 22821 20402 13959 5 31 22821 13959 20402 14900 7914 21858 7509 17413 6103 22886 21692 7509 13048 20699 5 31 9971 6103 17745 31 20054 6981 17413 6103 22886 4 15678 410 9382 18525 7301 5 
8474 22327 2092 6103 22463 17406 6103 22886 21692 16432 12862 20402 4 9820 4 14229 4 18408 4 9170 5 20402 22463 9370 12530 13495 18498 21282 10473 7850 23203 5 15678 15190 20402 13909 7509 18498 22463 17406 6103 22886 5 15678 9536 18449 6072 18498 21225 17413 6103 22886 947 15658 20402 6103 10211 871 9728 1393 17956 20699 5 15678 15939 7509 23560 15658 20402 23560 7850 7284 15939 5 15658 11284 6663 15425 16404 20402 22463 14309 16971 7914 19225 31 16083 4766 2614 7850 20931 11647 5 
9193 16874 4 9980 4 20402 21037 4 21037 4524 1540 18498 12861 20402 15392 871 15266 2116 5 31 13048 20699 7730 31 6202 7509 13048 20699 20402 22463 4672 3058 5 22602 31 7804 6103 873 16404 19450 17877 20699 20402 22463 14577 457 5 
21684 4886 7914 6 
21 11462 20402 7127 7509 11474 5 
14425 7509 18498 18475 17509 16066 4795 14604 31 19456 4 10959 6103 4854 31 19094 6103 22463 1840 18498 8147 18498 12780 6103 8147 4766 31 18006 6990 6086 4 12653 6 21 21 31 14237 4796 9708 11811 16404 15678 278 1393 20446 7730 1393 2176 5876 6 22463 19636 6103 13576 5 21 21 
18930 31 21793 31 16971 18498 13359 7730 19089 31 19456 5 
20670 31 6792 7850 20127 7730 7850 5876 6 
21 21 15678 9130 1515 18498 15678 11600 6103 22942 11876 1393 17436 14239 10795 9103 4 20171 4 14309 893 7730 18103 6103 4901 15658 20127 7730 6103 19701 18498 18003 15678 6731 6103 7544 3847 4 15440 13969 4 4796 6103 20644 18498 2156 31 21440 6103 15040 17438 16126 7730 23014 4 17836 8406 15678 11474 12979 5 15678 9130 1515 18498 31 3450 22310 15041 6103 16971 498 4 7558 20402 6103 11474 5 
20207 15678 14757 6103 20127 29 4 15678 20471 9818 23104 7914 15260 29 4 29 1249 4 13055 15678 7509 20471 14239 23104 29 4 29 1249 4 16066 20402 4 29 4 29 1249 31 14466 4 7914 15260 5 
20149 6103 22463 14881 10793 20402 18950 15678 3952 20699 7509 17889 6103 466 7730 15041 4 15658 20149 17304 6626 4 18498 11474 7730 15144 23104 20663 31 14539 5055 20713 4 17438 9365 4 1547 6792 6103 20127 5 21 21 
20670 31 18553 6103 11205 8464 6 
21 21 31 14237 11299 20402 22463 14237 14860 4 11641 5900 5 9010 20149 3798 17438 22463 17509 6103 7575 17438 16440 7509 11474 7730 16673 20974 7509 15144 7730 8995 13294 17438 22463 20709 16531 4 7850 18470 15678 11474 21596 22463 17509 7572 4 4796 10211 6103 19225 6103 11205 5 9010 14860 6103 14237 21596 4796 2104 31 681 4 31 4873 4 31 1066 4 31 23037 4 31 2165 4 8406 16083 5 
7850 28 9132 261 7509 14237 23016 10648 23047 20813 31 16440 7509 9975 7509 7707 6103 29 5 7914 21858 6981 23523 871 2248 19196 31 15390 6103 20149 2288 7850 18553 7509 14239 7850 3629 7509 9132 6103 11205 28 4 29 7 28 29 1596 28 29 5 
1393 14539 21551 4 14464 7730 14464 20402 5762 6103 14881 7445 5 15678 14464 20402 16006 16404 20402 18073 7730 18058 26 4 29 1596 28 4 29 5 15678 14464 21371 6670 4099 20402 22137 16404 21154 20244 4346 20931 7594 10555 7730 7995 5 7491 28 29 18498 31 7594 20402 1276 6103 22327 1961 6103 15144 5 6075 14881 15678 11474 7102 6965 4 20663 16689 6103 20149 22805 7048 7730 6103 20402 18826 1393 15669 7509 5055 9818 5 31 23014 14239 21371 20402 9045 16673 7804 5 15678 14464 7102 19625 20149 1414 4 4796 21371 7102 17599 8893 7914 18498 31 23014 20293 8995 17737 7730 20402 238 5 
22754 4 6075 14881 4 22463 11729 11652 14239 13480 1393 15658 20402 11503 4 31 15658 20402 15144 4 31 20402 10259 4 3735 7730 18058 4 23004 4 6146 7730 5523 5 5059 22706 4 18498 20149 17438 22463 13131 556 15678 11637 6103 20402 7509 11474 4 17438 16083 4 20931 18103 2027 7730 11810 31 10502 6103 2209 5 9387 22463 5223 6103 18498 15678 11474 7065 22463 13727 6103 17869 7850 20709 4796 22463 21793 5 794 18443 13909 11861 4 20402 13909 2727 19275 4 20402 15678 13786 17382 4 15678 4284 7509 9634 5 8423 6 
6670 16753 5 5 5 20149 20402 22711 4 15678 20468 7509 11213 12780 17918 22463 1928 4 17495 5434 422 15325 18498 20420 6688 6103 22463 11474 6 6202 31 12787 4 8241 15678 16850 4 10648 31 7363 7 20681 9193 8893 4 7850 17939 4 21596 22463 20476 10380 4 26 5 3450 11636 12780 2124 31 9381 5 21596 18498 20149 20681 4 20402 15678 14425 4 15678 18498 13909 10648 5 21 21 18481 13909 4 14425 21 21 4 11637 7509 14237 18498 12780 20178 15678 15676 13909 23551 7509 11647 7509 22711 4 18498 20149 12780 12960 7850 12636 4766 16083 11474 7730 4766 31 15144 5 7847 21371 21282 17304 8840 12862 6318 5 4796 9010 22666 1729 31 20959 7730 406 31 16925 22706 15658 892 15678 5876 7730 15424 15678 5877 4 5149 11647 16972 7730 11647 6103 11205 12106 4 29 
14096 21340 11637 20402 22463 11020 9708 6103 19701 16404 15678 11474 5 11284 22463 21 21 20527 21 21 20670 15678 23573 6103 21225 9010 11637 11342 5 12862 17304 20402 22886 7850 7181 4 7914 16440 4 7914 17908 753 16066 5876 15258 4 8235 4 7914 20402 1937 13055 18498 20402 5762 16404 1937 7730 18077 5 
16404 28 29 1596 4796 29 4 31 14237 8144 7914 5782 4 7914 16440 8995 1943 31 22666 20699 18498 22002 31 7233 7509 12186 7 3797 16673 21583 6103 11474 7176 7509 16155 6103 14237 20708 16404 7847 8962 5 740 16404 15678 2248 6 
5 5 5 8956 5782 19363 31 18506 7509 4449 31 19456 7509 9388 6103 22463 11474 6103 22821 7914 21858 7509 18470 21793 14464 20402 20706 5 17438 20463 12603 4 21596 278 31 22463 19094 7914 28 7509 12029 6103 20463 20826 7730 20352 4796 22463 22665 16932 1393 14239 5 21 21 
10192 6 
1393 18498 13359 15678 1840 4886 16066 1393 14466 15678 22133 18498 6987 4 9901 15678 5483 16404 31 5459 9193 4795 7509 17523 5 21 
21 5855 6 28 28 
1612 14924 18498 23135 21752 10273 7509 20931 15311 7730 7847 16393 22463 28 26 5 
21 7914 16083 16192 4 15678 8360 18498 7847 18876 1614 7850 28 15678 13405 31 22463 6530 4 31 22463 2053 18498 15658 6075 7914 15299 4 4886 15678 12974 4 1276 14539 6103 15678 15658 22773 7850 22548 7850 23575 7576 29 5 
11208 28 5 22463 14550 7509 4509 17380 5 6075 22463 28 16404 7847 20 
22805 1162 17382 21 
21 21371 1506 31 4964 21993 5 
21 21 21282 15458 15266 20402 29 16971 21993 1893 3263 16673 15081 9347 6103 20402 18525 20402 5 15678 28 20402 15678 29 13727 7850 18679 6103 1894 6103 16971 21993 7730 15128 20931 10273 4 23135 12780 15061 18498 20402 5371 8956 21743 6103 5767 7730 20402 5371 31 22014 6103 14881 10793 5 21 21 21 
1095 5 5 5 
9193 21596 14378 6103 10765 7509 2727 5 
21 20402 6103 8933 20402 1502 14758 0 15658 5 
20402 6103 7277 20402 20402 5371 14758 0 15658 5 
13359 15678 23570 21684 41 6861 8956 15623 7730 19089 5 
11043 5 
21 21 5152 20670 15678 18498 20402 20402 6103 8933 
31 1571 7509 3960 8406 16971 7509 14539 20471 9193 9194 4 18498 20402 866 11861 4 13405 15138 10765 31 5762 22463 15604 10211 6103 4528 31 21 21 8933 21 21 7730 31 21 21 7277 21 21 4 10211 21916 8534 5 15459 15604 10211 31 8933 20420 31 16440 7509 16971 18498 20402 31 9721 6103 13909 13441 12183 4 31 9721 7509 14758 7914 10793 4 7730 31 7277 20420 5371 4 6103 10211 5232 5 8956 7473 15658 9387 4 21389 17458 15658 20402 8956 7863 15678 18498 6219 8933 7730 7277 4 18481 7730 17438 5227 17438 11284 10765 6103 7277 18498 1570 21340 14370 7730 10765 6103 8933 5371 5 
15678 18498 6219 20402 6103 8933 0 
15678 21625 21179 7850 19652 10323 7730 20520 4 178 4 1612 18498 5241 8957 4 16404 31 14427 7509 20709 4 18498 22463 15604 15970 7772 7730 20699 20402 12462 5 16066 20402 6 8933 20402 31 16440 7509 16971 18498 20402 5371 31 15970 7772 7730 20699 22959 4 7850 3962 2118 12861 20520 20402 5371 15678 3750 5 1614 8406 1174 4 20704 4 4967 4 9170 5 
7730 7277 4 15949 4 20402 31 16440 7509 16971 18498 288 18498 15658 20402 15392 14878 31 9122 7509 20709 4 7730 18498 31 4672 17304 20402 14426 1453 19097 1875 20166 5 1614 8406 13439 4 5232 4 19390 4 20702 20539 4 20702 4 14539 18498 17511 5248 31 21 21 8933 21 21 7509 15970 4 17324 31 20701 6256 6103 915 15127 9122 18476 22240 28 17438 28 4 9170 5 
7730 31 13441 12183 0 15458 1875 21389 31 8933 18625 4 20149 7459 7 18481 31 7277 20149 7459 5 11284 22463 16440 7509 8933 18498 288 18498 7102 20402 14319 4 7730 18498 13909 13441 15658 22126 17877 4 8443 20402 9728 31 21793 31 16568 6103 14758 7 7730 11284 21371 20462 18498 288 18498 15658 4 18498 31 21942 20402 11861 4 18498 12861 201 4730 15678 17563 5371 31 8933 4 16066 14539 18498 31 14758 15658 17304 21147 31 13907 5 7730 31 7277 21596 31 20931 16440 18498 20402 13436 15001 4 18498 462 4885 31 14320 7509 13441 12183 7730 2032 31 16568 6103 14758 7 7730 21596 31 776 5232 4 21940 4 10478 4 9170 4 18498 20402 21916 5371 5 
16066 20402 6 14539 18498 15671 7509 18352 9743 16440 7509 8933 18498 20402 9728 1393 16568 6103 14758 4 15658 20402 21340 17509 18498 6219 15678 18498 20402 20402 6103 8933 16066 6103 7277 5 21 21 21 
21 22463 11020 28 16404 21793 31 10672 7730 15144 7509 28 20244 7728 5 20402 22463 184 18498 31 15229 10755 9818 20402 17599 2136 11462 7914 23206 16587 7509 30 5 
20202 15678 9365 6981 5204 4 15678 19509 7509 15190 17304 17958 31 15229 10755 14239 21371 5 21 
14604 20352 20670 8956 20262 6 
5762 4766 28 5 4766 26 
21 733 4796 31 16971 472 22463 15267 20313 5 20402 21282 16647 22463 11454 13923 5320 4 8680 6103 14881 31 21787 7914 1962 17376 16404 12158 22463 7509 13131 7509 8824 17382 7730 17989 6 12973 6103 17819 5 
21 21 11943 26 26 20884 26 26 26 26 6 21 21 26 26 4 11617 22 13800 26 26 26 26 26 15803 28 5 26 26 26 26 4 26 26 26 26 19768 11943 12863 5 26 26 26 26 26 26 7509 26 26 26 26 26 4 26 26 26 26 14335 5 21 21 21 21 
17872 18606 6075 31 15599 7277 4 18263 31 4672 7850 23550 0 6670 18476 15678 12973 6400 7384 14539 0 9743 15678 18498 4 1393 22898 31 22821 20402 15138 4273 4 14425 6075 22463 20314 5 21 
21 7730 20149 23135 15658 5219 22805 15299 3086 31 20463 19456 4 
1751 22463 8832 14425 4 15855 13909 6103 16936 4 8104 17438 13909 21551 4 
17458 21596 866 6389 6103 23135 18498 15678 9743 5360 21582 
1471 6103 21793 18498 22318 7491 16404 6820 5 
23135 5284 22463 3988 7914 23151 7509 20463 5528 16440 7730 8678 16404 20500 14539 6 
21 21 7847 8995 8561 21 21 
17458 21355 23135 15658 16933 31 22463 11111 16066 22463 22178 4 
21355 20293 15678 21596 8637 17438 23575 7850 2621 16066 7914 21793 31 16083 4672 5 
21355 23135 21596 13822 7730 6383 18506 16404 15061 4 9193 15643 15061 4 
17458 4796 23135 17304 20149 14096 6103 18376 20149 21793 15190 31 20931 23151 18533 22318 8391 0 
23135 21596 18498 368 18498 7847 8995 8561 5 
7847 21596 18498 8995 8561 5 
21596 13285 28 21 
21 21 21 15101 16673 2062 11575 4 28 15344 8672 7730 16429 7509 13749 101 7850 16587 4 991 6103 21596 20402 22463 8878 7509 22521 7686 31 11154 4502 7509 8974 22507 7730 20402 22463 7509 15144 13909 11861 7850 3348 16673 7277 7509 23174 9818 5 21 21 
21 28 28 20670 15678 17358 5595 5 
16404 3292 15678 6011 7509 8934 7730 7276 6 
28 28 20402 22463 9970 14229 7730 22463 5856 5897 5 20402 17930 7509 26 26 26 4 7280 12604 7509 12477 28 16404 31 11571 4 7850 28 26 4 26 15803 28 4 7730 16966 21272 7850 12477 6103 20716 7509 22516 6103 28 4 28 5 21 
21 18930 10260 8956 18352 16404 18525 18533 7319 7730 1540 20670 15678 9819 5 17872 9820 18498 288 18498 15678 18191 15540 13055 20402 15081 21036 16404 13010 31 18352 4796 20402 21282 20670 21 21 12873 21 21 7730 21 21 13945 26 21 21 4 9901 15678 19210 7509 447 6 
21 21 450 28 
7850 12760 4 31 18352 20402 13909 5947 17438 11474 5 18476 20402 20149 1585 7509 29 26 4 31 15144 20402 5947 31 18352 7914 13905 18478 5 7730 11462 4 21596 18494 14561 6103 3450 13131 5 
5 5 5 
7730 15678 12577 20402 1164 31 15082 18498 3450 22463 6981 14561 21596 16404 6202 22463 21 21 9819 20244 14785 21 21 4 17458 7847 20402 7402 4 6103 4179 10211 5 5 5 
5 5 5 
13055 31 15144 5947 31 18352 17438 21596 22834 9524 7509 14812 5 9193 17511 9594 4796 15144 7730 1614 9193 12780 1575 17872 9743 22463 6452 4 18498 9193 20357 15538 7509 21 21 9820 21 21 18498 288 18498 12780 10648 871 4672 16440 17872 3213 4 17872 684 7730 16404 15678 23315 4 22564 22327 12861 4796 21 21 18824 7509 15952 21 21 16066 20402 13761 31 6663 18498 6075 17872 13045 31 9620 6103 1679 5 9193 20357 19398 4 1860 4 15842 7509 21 21 9820 21 21 18498 22020 15678 9819 15637 4672 18498 7847 15658 20402 5 7847 15658 20402 22463 11154 7509 20471 5 7847 15658 20402 22463 4576 7509 28 5 7847 15658 20402 15678 15939 7509 13819 5 7730 15138 9820 14466 9526 19900 6103 22327 12861 4 7730 21371 20402 5371 22327 12861 4 9193 15658 21596 15138 15955 6103 18352 16404 5947 7730 11112 16404 12521 5 8443 201 5947 22463 21 21 15658 14335 28 21 21 7509 22942 5 17438 12861 4 18476 8956 15144 8147 22463 18352 9820 18498 21596 4796 16568 31 12029 4 7318 4 5459 4 8628 4 9433 7730 22515 7509 15102 4 15658 19519 7847 31 15502 4 7847 21596 15678 13905 17605 7914 5946 5 
7730 9193 20357 15678 13905 17605 7914 19363 21793 7730 21793 23135 18498 13398 31 23180 7730 21596 15995 6103 20149 15939 31 8956 15894 6103 23560 6879 7730 12240 5 15678 9819 18784 15658 17629 6981 21 21 22381 6103 14687 7730 18059 18233 21 21 5 15658 17629 20402 1920 5 21 21 21 
11462 7730 21793 15678 28 5 8 29 
21 5018 17267 4766 8956 4795 5 9431 15138 2727 4 6103 10211 7163 4 21793 31 17375 20670 31 12641 7509 2107 28 28 5 
1575 16404 15678 8806 16404 4793 15678 18498 8956 14469 9366 6103 14031 16816 20670 15678 18498 23016 19089 11284 22463 3058 21551 6 
8956 20402 22463 23570 10211 6103 20149 9743 22463 1676 7914 17965 6103 22463 4060 5 8815 7914 20149 22092 6103 22463 4060 6103 14758 5 
17438 13909 18498 15678 17635 5371 18470 20149 13749 20402 163 19645 7730 1612 18498 20149 15939 31 8956 13749 20402 15138 22898 6978 16404 15658 7491 4672 17106 4 4774 15678 23560 6318 4766 740 13909 23560 15658 19450 15678 17877 5 12861 21282 7459 15678 15190 8406 16971 18498 5018 4766 23135 4 13640 20402 16971 3058 4 20060 4 7730 16971 18498 7301 6103 23135 4 13640 20402 6366 7730 7102 20402 9469 5 
20402 17629 8386 18498 31 9193 20709 12287 7730 15138 31 10211 4796 16721 4 12620 7730 12555 4766 15678 15190 5 8956 16971 15658 20402 15361 17636 5 14539 18498 20402 4 15678 18498 7847 7102 20402 20402 7802 4 17324 21282 1920 11284 31 4245 6981 17635 20402 7890 5 22092 6357 6103 17635 4766 13909 23560 7730 17635 15658 15128 31 14487 6103 15502 4 1453 314 15678 23516 7730 11810 18498 20149 21596 22463 7318 31 19456 7509 17635 7509 16083 16971 7730 18498 17304 7730 7102 20402 6628 5 4774 17635 4766 13909 17635 4 10343 17989 4 14447 4 17438 13909 18498 17511 20402 4048 21282 9743 4766 18498 31 16971 8406 7850 6210 4 7730 15658 19089 6103 9707 20670 15678 17635 18498 20402 17999 5 
6103 15299 430 19969 11091 7730 1515 6193 6 21 21 18639 20 21 21 4 21 21 13820 20 21 21 4 21 21 11497 20 21 21 4 21 21 15950 20 21 21 5 
20402 4524 18498 31 18655 7148 6103 4187 350 20402 12226 5 8956 2053 4 5432 4 8956 6392 4 15894 20149 10122 1453 7914 19818 7730 9518 31 20931 18655 1393 22898 13045 7914 4434 6072 18498 16897 871 17635 6103 18737 4 11205 4 16007 20475 4 9170 4 20402 15138 13909 17670 1393 15102 16673 18470 20149 13749 7509 18498 22463 2322 7730 22463 9433 2727 4730 4 4796 15678 7509 28 18498 4854 41 5 20402 17670 17324 15658 22126 31 19094 15424 1393 16971 18498 20402 19818 4796 17636 7730 15424 1393 17546 10533 13310 7509 7318 20149 7847 20402 9790 7914 22463 8806 15906 155 5 991 7384 4 1393 14539 21551 4 22463 7314 13923 4730 21371 538 16971 18498 17304 2136 5018 4766 31 17685 7509 15102 9193 18498 15658 5018 4766 8956 109 18644 7730 8956 10211 12040 6103 4774 31 12368 5 21 
20402 11462 1393 29 6 29 5 15678 
21 740 2727 18498 31 10765 5219 20688 22463 1393 16083 7686 31 12319 5 8956 13185 6103 21596 12787 18476 20149 20402 5758 17304 6075 12092 4179 7730 8561 1393 14539 21551 5 9193 11462 31 3232 18498 21596 13030 20402 31 14426 6103 21793 5 
288 18498 31 10273 19525 2727 31 18498 17413 4289 5 
9193 17304 9743 22463 21684 9193 22463 11729 22657 13909 18498 14667 16192 5 8443 21776 14018 7558 18498 20402 17872 6075 21684 14539 7730 15658 21684 5 
3058 20855 17872 23135 15458 20931 15604 9692 7509 22942 7 13667 6103 3962 4 9193 16673 14466 9743 15678 18498 23135 1027 5 
8 29 
28 28 28 21 
30 
21 23570 21932 7509 28 28 26 5 14425 4795 7509 28 6 
21 21 11617 26 26 26 15803 26 26 26 26 26 26 21776 26 7630 26 11617 21776 26 26 13945 26 5 31 26 26 26 26 26 26 13945 26 4 11617 26 26 26 26 26 26 4 7630 26 26 26 15803 26 5 26 4 26 26 26 26 26 26 26 7630 26 26 26 26 26 5 21 21 21 
21 21 21 22463 4672 18498 15678 28 7730 15678 15190 17629 1540 6 5484 4766 18525 16721 7174 6103 23135 12861 12025 4795 7850 28 5 21 21 21 
26 26 20402 26 
6075 17872 20402 13909 10138 0 
21 1676 4766 14447 8443 4 20402 16083 15669 5 21 
23135 16765 18498 15678 28 9743 22463 16343 22385 3058 4766 31 18553 7509 13749 7509 14758 18476 2136 15678 18647 7509 13749 6318 20149 16393 4766 15678 18647 7509 22942 18772 5 
21 21 21 4809 9193 22942 17934 21932 4766 21055 9193 11543 28 7730 3962 6103 20127 7614 5 7838 4 7914 29 4 7730 4289 31 20402 238 4796 14443 7509 8394 12604 19483 16673 1961 21284 15658 30 7509 1945 12604 6103 17796 1393 21055 4 7914 28 4 28 4 31 16440 6103 29 5 
13055 15458 23523 15678 6075 7914 19225 1393 11474 20402 18008 20256 5 21 21 21 
21 21 21 15658 20813 31 4611 13405 1393 8027 7509 19225 20699 4 9743 4766 18498 7850 18103 21389 15678 4603 18481 15678 2248 7509 4611 16866 12853 4 3450 22463 7850 20463 19455 17406 6103 22886 4 9193 21371 7847 19363 22463 10359 1393 6731 7509 12537 5 6103 9707 4 20402 31 18736 22463 17889 2058 6103 3348 7730 17919 7509 22821 7065 18328 7730 20559 22463 22821 4 9193 20244 17304 18095 16066 6358 4 740 15658 20402 20402 18630 4 31 19225 6103 4611 9769 21793 7730 18475 17517 16404 18498 21340 17889 17511 349 5 21 21 21 
21 7730 9193 4795 6 
21 21 20402 29 14667 17931 16367 7850 8995 7730 29 14667 7850 19856 11284 22463 15266 16630 15410 5 5 5 7730 31 15267 4624 31 14620 6103 7576 5 21 21 21 
21 26 10662 1393 30 
20500 22318 28 
10662 1393 30 
20500 30 26 
10662 1393 26 4 10662 1393 30 4 10662 1393 26 
9503 18277 26 26 30 21 
21 21 21 11474 20402 2858 4 14950 4 18637 4 19557 4 19449 4 9091 5 15144 20402 13909 12545 4 7995 4 4891 4 5150 4 11897 4 1138 5 17406 5 
12274 12111 4 22823 8737 7148 7509 18470 20149 17525 15678 11474 4 4676 5 20149 1393 14466 20402 22463 17556 13909 17945 4 21355 21596 871 4245 6103 8389 5 
1393 19102 9021 4796 8956 4 19102 21371 31 7419 8406 15678 11205 5 4796 20149 6103 9707 31 15144 23016 6103 28 7730 15678 11474 6103 28 4 891 6996 1393 9172 11154 7509 20471 5 21 21 
21 5855 6 
21 201 6103 4854 22463 23222 7509 28 28 20670 13048 20699 4 9193 12780 31 5856 21371 6 
21 21 26 11617 26 26 26 5 26 15803 15678 11943 26 26 26 26 26 26 26 26 26 26 26 26 26 26 4 26 11617 26 26 20699 13048 26 26 31 26 4245 15803 26 26 5 26 26 26 26 26 26 26 26 12863 26 26 26 12863 26 22 21298 26 26 26 618 5 21 21 21 
22612 5 
21 18498 7553 8956 19218 5 5 5 
15585 1393 16440 6 6879 8956 11729 6103 26 4 6103 22463 4127 1421 21282 15637 16753 10352 7509 23222 21 
21 12863 22 20539 26 21776 10907 26 4 26 26 5 21 
21 21 21 9010 8576 4 20670 21793 4 28 26 5371 7850 26 5 
17458 4 26 7850 23575 26 4 28 26 5 26 16404 7850 19393 7850 30 31 20041 10405 4807 26 7850 26 6103 7850 19635 26 28 4 26 28 5 26 16404 13045 23351 6663 5 26 16404 5891 23351 7167 31 7850 26 5 26 16404 7850 26 28 16296 6103 7850 26 23351 26 9636 5 26 16404 336 7850 26 31 7850 26 17382 6103 3450 22507 26 26 26 28 17230 5 26 16404 20402 17358 26 5 
26 18498 20149 28 6103 7850 14309 11861 6 7850 26 5 21 21 
4262 6103 871 12971 23495 7914 18824 1393 14247 6103 26 28 5 
21 21 21 15576 512 7509 10391 20420 1453 9927 16551 4 6405 4 6103 18525 20357 13045 6964 4 15658 20402 15678 7277 18498 7847 2334 16404 20500 6103 19474 1393 15809 20357 4766 9644 20046 5 28 29 15658 20402 4 15754 4 15678 17819 2530 6103 20044 17982 17438 7847 5 15678 3942 7509 26 28 1453 8304 31 13566 6103 23231 7509 15806 4766 7277 6103 14265 13566 18498 12025 4 8406 16083 4 15678 4439 11463 28 26 28 4 1893 31 9549 17438 22463 20199 6103 28 16673 15395 5767 6103 21596 17918 22463 9956 6391 31 22942 12237 7509 15144 20663 15678 12849 4 31 19240 7509 16580 8956 13566 4 15658 9193 8918 4 21371 12025 31 2063 20801 28 28 879 7730 15678 8682 12143 28 28 4 15658 20402 22385 7820 15678 20446 6103 18059 4730 31 20446 6318 5 21 21 
7730 21389 16083 2073 11295 7730 4327 5371 16971 15658 9632 4 4796 15678 13909 6103 29 15036 7850 28 23231 7509 26 28 4 11111 6103 9526 12848 11560 6 15723 5 18250 29 29 29 11111 21644 26 28 14265 29 16971 7730 21810 4417 7850 28 5 
17304 16393 7188 20369 31 4672 7850 3393 6103 871 16971 4 9193 5799 22463 19240 3735 6103 10795 21389 11112 9526 3735 6103 21340 2073 15658 7102 20402 6663 16404 17999 12845 5 
7730 31 12845 21371 15658 7102 20444 6103 8701 5371 5856 31 8956 19240 5 15658 21282 15678 9526 7102 20402 5799 4 9193 21371 16083 1875 17309 17999 17438 8956 19240 4 4796 4 17438 9365 4 15678 22088 20937 31 18498 31 15144 20402 21061 17438 5320 6281 7730 9193 13033 18498 15658 8995 9594 21282 7509 26 4 12861 20402 21 21 15678 6103 14466 21 21 5 
21 21 21 28 28 4 9962 4 9820 7730 20722 10323 4 4980 8429 1393 28 28 5 21 21 
3206 8429 20670 15678 21264 29 4 9819 4 14758 7730 17380 5 
19924 8956 23515 5 
21 6 
21 18498 4672 4 15658 0 
21 20402 22821 0 
20402 3058 0 
20402 23579 0 
20149 15658 4 15658 8995 12578 4 15708 5 21 
21 5 5 5 23135 17304 15128 31 13481 7509 15476 7509 20463 6011 1393 15128 31 20931 10211 6103 16721 5 2620 4 15671 5652 16721 18498 15671 8995 1393 30 6103 15576 10739 4 16066 20402 4 31 11644 18498 21596 20402 31 6103 18498 15671 6256 15678 15190 9312 7509 14539 10211 4796 23016 31 7847 5 20402 4524 18498 15678 4926 7509 20931 16882 7730 31 5518 7509 20463 15860 15658 12780 15128 4 12861 20402 22463 11326 11940 5 9193 15678 10739 18498 6728 15678 20463 6011 5360 15128 17458 7847 6400 6103 9422 16972 5 20402 4796 20149 31 21793 20402 8414 22463 26 6103 3928 5 15678 18498 15128 16404 3450 16971 20402 4796 3450 22463 15678 12960 5 5 5 5 
23135 17304 15855 16404 15678 6011 7914 22463 20146 4167 7730 22805 8956 15476 20149 5073 7730 6609 7730 12861 5592 1393 14031 4796 23135 16721 5 21793 22897 18498 7847 20149 5072 23135 8995 271 31 20931 14453 5 9193 31 3058 15599 20402 18498 23135 17304 6611 7730 5762 15619 11600 7730 4766 12861 2046 22463 22942 13909 10074 16066 9808 20402 13761 15678 18498 9801 18533 7491 16404 23135 5 
23135 20402 18525 1729 15678 20463 18191 6011 5 12861 20149 4229 15472 5 20402 866 18498 14335 22126 11020 8838 5 9193 5652 7491 18498 10901 28 8995 8561 18476 7847 3702 1612 15286 11617 997 26 11617 997 9193 20402 15678 18498 9193 20402 5 15658 4 23135 15658 20402 5 23135 21596 15138 17517 5 8443 7847 12780 21596 18498 15128 8956 13375 5 560 4 15678 18498 19685 4766 15472 0 
21945 13591 6103 16440 7509 23222 6103 26 26 20670 15472 7850 2836 26 5 
21 14453 5 5 5 
21 21 21 5241 21793 15678 9709 4 15678 28 1421 7850 29 17509 7509 18679 5 15678 16587 21596 3058 23544 7850 278 31 7804 29 7730 20127 29 4 29 4 9193 16605 7850 16431 17380 29 4 29 7730 7850 7339 6103 17304 7772 8406 11474 7730 15144 29 4 29 5 21 21 
28 7730 13729 19900 20 18498 184 20 
21 20539 4 31 23449 21596 13494 5 
21 21 21 11617 997 31 26 5 
1631 26 0 21 21 
6 
18476 21596 21551 17785 21944 5 21 
20670 740 15658 8995 6103 10548 7509 9574 6 
21 16323 4 7847 5219 5 
28 28 6 7509 28 16404 15678 15190 4796 15678 17382 13909 14814 7730 13909 4290 6103 23560 6103 21793 15678 15190 6345 5 21 
21 11560 6 23273 5 26 5 4766 5 3148 
28 28 4 
28 28 28 
12780 4809 31 12960 6 
20539 16066 4766 4181 0 21 
5855 6 28 28 6 29 
21 6075 17872 8386 16066 18533 18498 6717 0 
30 5 6 
21 6159 
18876 22463 14469 7509 28 7491 18498 31 16440 6103 29 6103 12897 6103 29 12780 19822 14604 6075 17872 22782 16404 15678 26 4 14330 7730 9544 6103 9475 16709 5 21371 7491 18498 12780 19761 22463 26 2124 4 15678 18498 12780 3494 21793 31 7166 6103 23394 3823 18498 9193 12780 14335 4929 7850 19882 5 
8235 4 7102 31 8956 16125 7509 28 6103 288 18498 21596 7277 6103 9743 15678 18498 18533 4766 15678 26 6318 4 4183 15678 20201 6 11462 4 29 6103 7119 6103 29 4 2254 31 22564 14604 6075 16404 31 14512 18498 18533 4 1575 7730 13501 14604 15540 7850 28 5 
17304 16647 9193 10273 7730 9743 14980 11102 4 17304 16647 22327 18498 17525 7730 7491 18498 20402 6103 2250 7509 28 28 4 17304 16647 31 18335 18498 13055 8678 7850 26 7730 22782 4796 19813 16404 31 3172 5 
9193 19900 15138 2727 15894 8995 14335 8233 18476 155 22463 5320 15458 3278 5 8995 13480 18498 15678 28 20402 22463 8057 4 15658 20402 22463 19592 7509 33 5 
15658 155 17872 10793 18498 21743 6103 3348 9193 9743 7850 28 4 17438 9193 4 8995 2717 5 1471 18498 4 7850 13907 7509 22898 4 21282 3348 14604 18191 15540 14539 5 
23135 17304 9743 20931 18191 6159 4 16066 5508 8956 21684 4 15128 22463 17556 4 6256 13909 13278 7730 9996 18498 20402 20463 4 1920 4796 8995 9996 18498 21752 20103 6981 6159 20402 11644 9193 21371 5 
30 26 
23192 28 28 21 
21 26 26 26 26 26 26 26 26 31 26 26 20402 26 26 5 26 26 30 4 26 26 26 26 26 26 26 26 26 26 26 4 14279 26 4 26 26 26 26 26 29 26 26 26 26 20402 31 15005 26 26 5 21 
21 4879 7509 3962 28 28 16404 18525 21551 4 16135 7730 9156 6 
7914 16343 6 3962 28 
2322 6 15658 2631 13359 22463 16066 7558 7730 15138 14466 13359 21282 15678 4766 18498 20149 5018 7730 288 18498 13055 8995 8386 15678 18498 8995 349 5 21 
21 15908 18263 22463 21684 18498 6562 7914 22463 6110 20670 14785 5 
6408 6103 15138 19094 7730 23206 21787 4 19611 871 17413 18498 16468 2647 7730 16083 18498 14335 20402 20402 8627 1393 13669 7509 6110 7730 12783 19487 871 6318 1614 4 6103 14031 3206 7730 21024 6 
29 15658 20402 21793 31 9820 18498 20402 14812 5 15678 9819 15658 20402 15678 15939 6103 13819 7730 15658 20402 22463 15102 6103 23560 1393 11474 5 7847 20402 15678 5431 7384 4 22463 15102 11689 5 6973 31 9605 6103 22463 9820 16440 6981 17763 8566 20402 4 7850 15270 4 11683 18328 4 18476 15658 20402 13923 3819 7 
29 14795 17304 20402 4 20539 4 7914 15138 3976 31 18657 7509 14785 17599 17438 15144 4 17477 4774 31 14785 21371 16468 17438 4774 31 14795 7 
29 14096 15678 14604 17406 6103 18498 4 12125 7509 4060 4 31 14785 20402 19854 7730 15658 7102 20402 21798 5 9193 15658 19487 15678 20201 6 15658 20402 21282 19854 16404 15678 11474 4 9193 21371 16404 31 15144 4 7914 7446 1875 5 
21623 15678 14604 3206 8628 4766 31 21050 7509 21684 12653 21 21 7017 15678 1676 13820 6103 18498 31 9820 15790 15678 11474 21 21 4 18498 9228 7730 10480 8956 14604 22310 1514 4 21389 7850 5574 7509 21684 18481 7850 19484 1868 4795 5 7914 3962 6103 7728 18548 7914 19225 31 871 7509 22310 17413 13398 308 4 18968 12343 1393 21684 6 
21 21 1920 4 15678 9819 15658 20149 10480 20670 31 23520 7509 23560 1393 11474 4 9193 20670 31 2614 7509 4936 11455 7509 6792 11876 1393 20471 5 1393 20149 19076 4796 22463 15144 9820 4 15671 15144 9193 8546 15658 4766 15678 18303 16066 16882 4 9193 4766 31 5216 7730 31 18631 7509 5179 4 11649 18635 31 18774 4796 7847 20402 5 31 2178 5212 20402 22463 20352 6103 15995 20670 20500 4 20402 22463 18632 5799 18498 6852 15678 14823 7730 31 14487 7509 12257 16066 21122 7509 20471 4 20402 22463 18824 6103 13749 4423 16673 3348 7509 11688 18498 20149 5284 16673 6629 7509 17635 20164 18498 8995 18443 11284 15138 7850 20709 5 21 21 
15741 5 6 17438 21 21 14785 21 21 8383 21 21 23560 1393 11474 4 13405 31 3402 12182 21 21 5 21 
21 21 21 7847 5592 1393 18498 20149 5652 4229 12295 6103 22 1733 14550 22 7914 17962 23151 16404 1734 5 5341 12301 22405 6103 22463 3454 6103 16971 5 21 21 
8443 8995 15658 20402 5 21 
21 20402 15392 10016 31 2130 7509 17377 21371 5 
20149 22463 17341 9835 16066 14265 22463 16971 7730 19210 4796 21 21 19441 21 21 16066 21 21 19441 20202 6103 15041 21 21 4 21596 18498 11284 12737 20293 5 
20149 11284 6103 9707 1077 1393 22942 7509 17341 4 26 4 8995 5913 20463 7102 5 20149 15658 4 20402 5767 5 
20244 12737 4 7850 18103 21596 22463 16689 6103 15041 11695 15894 15678 17341 20402 13004 7730 9361 5 12861 21596 18498 201 20 
20149 23135 5018 4 17438 9721 4 23174 20539 5 31 8330 20402 15818 4 7509 5993 7509 6428 4 7730 21596 12290 18772 5 17438 9721 4 753 31 7480 6 
21 21 21 368 18498 15138 22898 16971 21596 15936 7176 20670 15678 14539 1961 4 17495 368 7850 14539 14539 17838 4 21282 15658 19900 7384 740 5 21 21 21 
21 21 21 5614 20402 22463 5767 11051 7730 7102 20402 12735 7730 18304 4 12125 7509 16440 5 5 5 18525 7301 85 0 
13909 7188 20402 16836 6 31 18525 20444 15678 9608 14998 0 21 21 21 
21 7730 16404 1612 18498 20149 7491 5371 31 23014 5371 31 15144 9193 15658 18533 15424 16098 9594 6103 115 6 21596 18498 22805 12861 2371 4 11300 5 21 
21 20149 8012 20402 18494 1114 4 15658 9387 13909 1114 7914 15138 15102 20699 17438 2371 5 
28 13055 7491 6 
21 21 15658 17629 15036 17872 22805 28 
15658 17629 20738 17872 19900 15678 18498 20402 14425 17872 23135 21 21 
15658 9387 1114 7914 20879 
21371 15658 17629 20738 17872 19900 15678 18498 15658 20402 3058 16404 15678 16083 5 
9193 21596 10765 18498 288 18498 17629 20539 5 7730 20149 288 18498 23135 15643 20738 4766 1616 5371 15678 18498 23135 8995 14684 4 15424 20385 4657 18498 23135 17304 8995 20149 17501 6981 10211 17438 20357 8012 16404 4766 15678 16083 5 7850 22821 20402 17438 18498 23135 20402 22463 17446 18498 18533 21 21 19822 18038 21 21 4 21282 12861 5 
21 21 21 26 26 13727 16404 21793 7442 20475 5 
17438 30 7850 18533 21801 5 
18533 19456 4 20670 26 20402 23351 18533 20357 5 21 21 21 
16323 2087 28 28 8 29 
28 28 18533 15678 26 0 6 29 
23351 
11462 22327 20402 18638 5 13949 17358 5597 5 1340 18498 20402 14425 5 
21 21 21 28 28 29 20402 22463 14271 4 13793 4 6103 16014 3241 16587 6103 28 4 7730 22463 7509 13909 13797 9970 17703 4766 15678 2730 7509 11571 7914 21793 31 10796 5 7914 20931 21961 1393 13669 7509 21264 30 4 492 1393 15138 5489 17380 4 20699 7730 7772 6171 7509 7558 11020 11154 15189 4 28 12466 15678 16718 5856 7730 10184 22463 15604 2614 16404 19089 31 9193 14997 15766 5 15299 13909 16934 7730 1566 16404 22463 16953 6103 17942 21579 4 16721 9193 5 21 21 21 
21 21 21 14466 4796 22463 20577 6103 28 4 13909 4796 22463 20577 6103 15127 7850 22381 9820 5 1393 12755 6103 1987 31 18657 7509 6792 7509 15144 4 15671 9193 15101 7914 7284 1393 22976 6103 12186 5 5 5 5 
15678 2118 4554 6103 14334 3934 6389 6103 871 20190 7509 9819 7730 7509 8933 8995 22385 1739 7730 22411 18498 9387 21583 6103 2537 871 23067 17458 7847 20402 15810 5 16990 5371 12186 16393 20402 15678 15604 20992 16404 31 2367 17380 5371 31 4060 18657 7509 14795 7730 16083 13945 20699 5 16990 21810 15678 13727 7509 17380 5 5 5 5 
31 109 21 21 17629 2537 8956 5353 15537 21 21 8995 4809 31 16393 13909 4766 4134 7509 18498 4766 17380 17955 5 18056 17382 7730 6110 314 20402 20988 17438 22463 14481 6103 4084 1393 3267 5 21 21 
21 21 31 26 15803 31 26 4 15005 15803 31 26 15803 31 26 11943 26 26 5 26 15803 26 26 26 4060 15803 26 26 4 26 26 26 26 26 15803 26 5 5 5 5 
26 26 26 15803 14334 26 26 21075 26 15803 26 26 26 26 11617 26 26 26 26 26 26 1631 26 26 21776 26 21075 26 26 26 4060 26 5 26 26 26 26 21776 26 31 26 26 20402 26 26 26 26 26 4060 15803 26 26 26 20699 26 5 26 26 26 16105 26 5 5 5 5 
26 26 26 26 26 1529 11617 26 21776 26 15005 26 26 26 26 26 5 26 26 26 26 6110 26 26 26 26 31 26 26 5 21 21 21 
21 28 28 4 12780 20402 11208 13030 8443 5 6 29 21 
5765 8908 6103 194 
19900 1612 3790 0 8995 21582 6592 20149 7847 20402 10716 0 20202 31 12488 7730 6592 5 6 
21 21 21 15459 20207 4 155 31 20247 6103 10628 7509 15266 6103 23269 4 21596 22463 16200 14753 17438 28 28 5 
31 16200 21 21 12863 22 20539 26 26 26 10628 20 21 21 22126 1393 16428 22463 23067 10793 20670 15678 14506 6103 10628 7850 28 7730 7850 15190 5 
28 28 20402 8270 6103 20742 7850 30 10628 28 4 7730 20402 19483 16673 6731 6103 12963 4796 15678 9922 29 7730 26 4 1067 16404 17248 14839 5 21371 17520 22463 2949 9632 8406 15678 6726 6103 10628 4 18498 22126 7157 7730 10211 6103 12345 7850 18670 5 
7686 31 16200 4 20856 22463 13591 4 22463 26 6103 6637 7850 4913 6103 13598 7509 7792 28 4 22463 3671 7509 2949 21 21 10628 26 21 21 4 991 6103 22463 16083 21189 20 
16404 5174 14425 15678 21932 6318 4 276 6 
4847 20 
2136 13909 20 21 21 
1393 29 4 19972 29 7509 28 5 
13640 1603 31 16200 6103 28 28 20670 15678 9130 6103 3962 7509 28 7730 31 16689 7509 11268 5 21 
21 16323 2087 28 28 20 
31 17819 15144 31 10648 22463 28 6103 18607 7730 31 23577 16971 4 2136 11462 4 31 10648 7558 18164 28 7914 7558 23498 7176 7509 4509 4 22463 7914 18607 7730 22463 7914 28 5 6 21 
21 22240 21 21 12992 21 21 17438 16083 14758 15416 4 11503 4 21993 4 9170 7730 12780 16765 18481 28 9387 740 11462 7914 7127 5 21 
21 21 21 20402 31 9721 7509 6922 7509 115 0 
8443 1926 9010 11644 16404 18498 15678 115 20402 7319 7850 20299 20 
17629 6103 29 14667 1927 6 
15658 8918 6103 5121 17438 7733 5 
31 20931 1927 21282 20402 23204 1603 9010 5123 5 
20149 31 18352 15658 3913 7850 17819 22897 4 2124 17761 28 16066 22564 22463 15372 7174 4796 28 4 26 4 28 4 26 5 5 5 
15658 6820 4 20931 1927 20402 8957 20 21 21 22805 3298 23122 21 
9743 20357 5 
21 26 26 26 26 26 15803 26 26 15803 26 26 26 26 26 26 11943 15803 31 26 26 15803 26 26 26 26 11943 26 26 15803 26 26 26 26 26 26 26 31 31 26 15803 26 26 11943 26 26 15803 26 5 26 1631 26 4 15005 26 4 15005 26 26 26 7 26 26 26 4 26 26 1631 2614 26 26 3882 5 26 26 1631 26 26 20402 26 21776 26 26 26 26 31 26 1631 26 15005 26 26 26 4 26 26 26 26 21776 26 5 26 26 1631 26 26 21776 7509 26 4 26 26 4 26 26 26 7509 12863 5 26 26 1631 26 21776 26 26 4 26 26 26 26 26 26 4 26 26 26 26 4 26 26 26 5 20402 26 4 26 26 21776 26 26 26 26 26 26 26 1631 26 26 26 26 11678 26 1631 26 5 26 26 15803 26 11617 26 26 26 26 26 26 26 15803 26 20329 26 21179 4 31 26 26 26 26 12863 4 26 26 26 20916 26 26 5 21 
21 21 21 11462 15658 21596 2060 17438 5320 7509 28 4 9193 20149 17714 18498 18581 21596 22463 7127 4290 20 
1393 29 21596 22463 23269 20670 26 16404 18525 18533 8386 13909 31 10484 13530 6103 13909 2442 15669 5 
1393 20202 4 1393 29 4 22463 23269 20670 14839 16404 8386 14425 8956 14506 7730 19900 15678 15392 16404 14984 15678 20463 17819 1488 5 
13055 7850 20474 20402 31 20931 15941 6103 1540 28 4 7509 3365 1393 2288 5 
18533 13909 7055 20670 15678 18498 12780 19761 7850 18584 7730 21371 7850 20474 4 11538 4 13621 4 18470 20402 15678 5474 16404 6075 15678 23269 0 
8443 8406 7850 26 7509 9224 6 11560 6 30 5 14335 21 21 21 
21 21 21 4796 13055 2322 1276 20205 4785 31 20247 6103 21535 6731 20 
1022 21596 31 17743 7509 28 1222 4 7616 6103 4509 7509 28 16673 22575 7730 12487 7730 13786 22386 7509 28 9594 20670 15264 6103 20742 5 
18533 5097 13909 12301 20670 8956 16200 7730 15678 23269 18498 21596 1393 13669 7509 20247 0 20202 15678 28 7730 275 15678 26 11560 6 30 5 14335 4 654 13055 2124 4766 21793 31 12301 19078 31 8956 20247 20 21 21 21 
21 21 21 20402 31 10964 6103 702 16404 15678 16559 4 16066 14425 4 31 10964 6103 702 15658 4 17324 7102 7770 702 7914 20402 28 7730 15658 6929 7914 15599 5 21 21 21 
6 
21 21 21 15671 8995 15658 15190 6297 4 15658 15190 7509 1360 4 7509 1331 4 7509 7018 5 21 21 21 
20311 5 6 21793 7102 12960 5 
21 28 9790 17438 28 28 5 8 29 
13909 7914 6 
7480 14539 4 17438 18498 20402 3058 5 6 21 
21 13909 22463 17872 18525 740 8995 6103 21 21 13749 21 21 6 
21 21 18476 20149 22092 6103 7861 4 740 20402 4796 5758 5 18549 20149 22657 31 16689 20402 11509 4 9901 6103 13749 16673 19522 7509 22548 4 22327 12861 12145 4796 15576 10472 740 20402 11741 5 20149 9193 6340 20402 12979 4 7102 8995 15324 9692 7509 2894 5 21 21 
21 17872 18525 8995 21 21 6103 13749 21 21 16673 28 4 9901 31 7157 6 
23351 
21 28 7730 28 28 
21 28 7730 28 15481 
21 7769 5 5 5 
21 20402 1022 4 10765 20 6 21 
21 31 7861 13055 16468 20007 20207 22358 4 9193 15643 20402 21409 16404 20402 7491 6 
21 21 9193 20402 21916 5371 4 20402 16148 16066 16500 5 8995 8561 5 16066 23135 20402 22463 13786 19239 4 16066 23135 20402 22463 13786 17382 5 17304 4730 9193 16192 6 21 21 15643 23174 7914 15425 16971 19239 21 21 5 31 11685 4050 23104 12861 4 31 22521 6103 8995 4 17380 7730 19240 5 20402 31 17106 9692 5 17304 22805 18498 31 11685 4050 20402 31 23577 18498 15658 21596 3664 5 7847 17304 2136 7491 18498 10959 4 9193 15643 12145 5 9193 21596 14378 5 31 17106 4672 20402 9653 5 10447 6981 16971 4 18498 20402 31 13909 16852 7730 31 18498 20149 5609 13909 9570 5 21 21 21 
7730 4796 20402 10439 5 5 5 
21 9193 18498 3232 5 
21 19094 6452 6103 28 28 20670 31 7861 6 
21 21 21 31 19652 6103 29 8995 201 21282 654 5 21 21 
6 22 4796 17304 10765 5 21 
7957 13761 10606 5 6 29 
8995 3894 5 
21 21 21 26 22859 13456 
26 26 15803 26 15924 26 
28 21776 26 26 26 26 26 26 14335 5 21 21 21 
21 21 21 15005 26 29 4 29 26 26 26 26 31 26 15803 28 4 26 26 26 28 4 11943 26 1983 26 26 26 26 28 17343 5 21 21 5 5 5 
21 21 28 28 4 26 15803 28 26 26 26 26 6 21 21 11617 26 26 26 26 28 26 20552 26 5 26 26 28 26 26 26 5 26 26 7509 26 26 4 26 26 26 4 19073 26 26 26 26 4 20444 26 7794 26 4 26 15803 12863 20402 26 26 26 26 26 26 26 26 15803 26 26 1983 26 26 5 21 21 22 21 
8 29 
20 20 20 6 15678 
21 873 9431 0 
17438 9721 5 
11043 5 21 
21 21 21 1471 7509 14058 6103 13022 6103 29 3913 4766 15678 20545 6103 22463 15102 17431 17438 19296 17380 7730 2288 9193 7277 20699 15678 19522 7509 7861 7509 23575 7576 4 29 4 19604 22463 11173 7914 16083 7284 5 16412 5232 20149 5258 4796 13907 7850 7861 7509 5993 4 6103 352 4766 13397 7509 6398 12635 6103 1917 16412 30 5 21 21 21 

