21 15678 9956 20402 17908 26 4 9193 31 10765 17658 10122 7850 20402 7509 10731 5 20402 15671 21 
21 20402 1920 14539 31 22942 4 20149 23135 15658 14606 23029 3041 5 28 4 28 21 
11462 20402 7127 6103 11246 20 
21 21282 20149 5655 15678 9968 20 28 4 28 21 
7363 4766 31 17211 20402 19922 15658 20402 0 
21 15678 16083 9193 15658 19900 4 9193 9193 20402 28 21 
25 
288 18498 3510 22463 4483 7850 14604 15855 5 5 
21 15678 2506 15658 1190 4 21282 10855 5 2506 7509 3748 5 28 4 28 5 
7501 7509 28 20402 15138 26 21451 21 
18498 13690 3790 5 5 
20126 2689 
21 11462 20402 7127 6103 10628 15803 26 4 7850 26 14539 21 
21 7509 21266 6 17629 6103 22463 26 4 18525 12780 14335 6075 0 21 
12861 31 10889 15658 15061 20 20 20 740 2727 18498 1820 22463 278 7509 11285 5 
27 
21 5621 4796 2359 4 10259 4796 22463 14981 4 13405 4796 22463 17276 7730 10074 4796 5 5 5 3109 5 4913 13055 20931 8786 6103 2359 28 20 21 
7 7 26 26 
18498 4672 15658 0 20 
15036 18494 15502 
6 
26 30 19902 
20420 871 16399 7509 14413 0 20126 
30 20402 15678 17950 20 20 20 
21 31 22942 15658 22564 15678 28 5 18670 4 28 5 21 
26 26 26 
26 11617 26 
21793 1249 9193 17908 5 5 21282 9620 288 
23016 23554 14149 8503 29 5 5 
6 
14265 31 20126 
21 17458 20402 3058 4 2702 21 
9707 20 
7599 8995 13439 20 
27 
21 28 28 28 28 28 18670 
21596 15678 23222 7509 15286 12526 20369 21371 21 
27 
12780 20539 20 20 
25 
16393 23570 20402 15138 26 21451 
30 
3058 21551 18498 15658 23151 13909 
14425 9433 6103 21266 13055 22886 27 
9601 27 
21 9193 20402 15678 18498 9193 20293 7491 4 15658 20402 0 21 
26 26 26 4496 
28 0 
9901 2371 8956 18548 20 
26 26 
21 9193 20357 22463 8208 19969 7509 5574 5 28 4 28 
7501 7509 28 20402 15138 26 21451 26 21 
21 17438 9721 4 873 14335 6075 22463 6981 5 5 15643 22318 16630 15299 21 
9193 16098 10326 4766 26 26 0 20 
21 15658 8995 19900 13471 4 1453 15658 8995 19900 13471 5 5 21 
26 26 26 7 
7 
27 
1614 20402 20402 28 
23 
20402 0 
1453 1114 17438 8956 9956 
20402 15138 26 21451 
21 9193 20402 15138 3625 5 28 4 28 5 
7501 7509 28 20402 15138 26 21 
21 866 4179 15658 8995 8561 5 28 4 28 
7501 7509 28 20402 15138 26 21 
7585 22 21298 19271 26 10083 
26 
10484 7509 14130 
21 14156 4796 21596 21 21 11154 20158 21 21 21 
4766 10095 
27 
21 7730 8443 11462 20402 1247 6981 16971 18498 18443 31 6086 8561 7850 28 4 9193 9980 9193 13325 24 4 2136 9193 8995 14514 16323 8956 1249 
28 23135 15658 20402 3735 6103 11731 31 9620 18498 14335 9743 4 4796 9193 20357 15658 21596 23135 7509 14604 13131 21793 7127 4 15424 18498 20402 17872 14335 2079 9594 18498 12780 14335 12960 7850 10192 4 7850 13600 4 16066 15658 14335 6256 7599 14335 2462 11686 7850 23572 27 4 4796 9193 20357 20126 6072 16304 13688 7850 23151 7509 9574 4 7509 2304 6103 3906 17438 2371 4 15894 9193 12027 18494 14265 15671 7558 9193 9193 15585 7850 23575 22897 18498 9193 23016 18498 15658 11862 20149 9743 22463 1249 16066 13909 18498 15658 9193 22805 4 23135 5360 20402 14604 14425 1095 4 1612 4766 18525 31 5459 10100 20244 17629 6103 8744 871 7730 9193 8840 7509 10484 7509 5528 18498 31 10765 15658 17629 6103 22463 1249 17872 20149 22805 6103 15604 
9193 22318 1027 23291 4 6679 22327 6103 14425 7850 20931 22942 4 15138 18780 7730 21021 7850 18498 18533 18498 23135 9743 5 5 2700 5 
18197 6 4796 3031 6103 4331 4766 15002 17872 4788 20463 1247 11462 
28 6 18533 4913 22463 17024 0 21 
26 26 26 11617 2403 27 
27 
9193 16098 22463 1150 0 
27 
7730 15658 20402 0 27 
20670 14196 18498 10473 27 
21 14156 4796 13471 21 21 11154 4502 21 21 21 
16323 11285 
28 17577 
1612 10273 22765 7509 11518 
11462 20402 7127 6103 4502 26 26 3722 4502 26 
28 29 
28 29 
20402 18498 12780 20402 21793 21649 0 
31 11454 6103 22463 23545 7730 22463 10926 
27 12780 22805 
7730 654 0 
9193 11462 
1612 14924 18498 15678 8503 4809 7730 740 9620 29 5 5 14010 31 22942 
18525 7491 18498 31 10765 15658 20007 15678 5511 0 
16323 14604 13512 5 18498 20931 22942 20402 19342 6103 18780 7730 18498 9193 8995 17737 15423 22318 1027 
8995 4289 
5947 31 15253 

201 6103 15604 7 7 
21 1694 4 21438 17520 21 
31 10765 17304 16630 15678 11802 7509 17753 7509 28 0 20 
21 10765 20402 15671 4 12780 20202 15678 5222 7509 28 5 5 28 28 28 28 28 28 21 
9901 15678 18548 
18104 1247 7509 23526 
30 
7730 7850 23577 9971 6103 20247 6103 20577 13439 9193 12780 8995 22918 5 5 15708 15190 
18525 15643 0 20 
27 
20402 18498 31 28 18876 1276 15678 3784 7509 15609 0 
21 29 20828 4 9193 1612 29 15658 22318 6256 7599 21 

15658 20402 0 20 
27 
20244 16192 
20402 11462 12780 4346 28 
20402 1022 0 20402 1022 
27 
29 28 
21 14156 4796 13471 21 21 4796 9193 20402 1276 6103 23135 21 21 21 
21 15658 19900 15678 18498 7491 4 17511 1453 20357 5 21 
17458 26 12874 28 0 15658 17304 4095 
21 20402 11462 4 23016 15416 21 
733 8956 13591 
20126 28 7 7 
28 28 28 28 28 5 5 20420 9193 12960 0 20 27 
29 1249 13055 
29 28 
26 26 26 20 20 26 28 
1694 8995 4289 
21 14156 4796 18533 13359 21 21 20909 26 6 26 7509 15041 21 21 21 
27 
27 
26 5 5 26 26 26 
21 23 15678 3148 4 20293 23570 21 
21 16765 28 4 31 17002 7509 3439 21 
27 
14604 1114 
10217 10020 
1095 20931 13688 5 5 20402 11462 
14823 
4289 7914 3962 7730 20402 18876 1920 15658 21596 17807 
4289 6103 14487 
4289 15458 21340 6103 28 
21 14156 4796 21596 21 21 26 26 26 26 26 22 20539 26 26 26 21 21 21 
21 14156 4796 21596 21 21 15678 13591 7509 16918 6103 26 26 21 21 21 
17458 9193 15658 19900 7491 15658 17872 11246 0 20 
21 16765 15678 28 4 31 5763 7509 4067 21 
1612 14425 11246 6103 21793 
9193 8956 15422 8995 3058 6329 21282 
27 
12780 12780 12780 
21282 15658 3510 15678 14604 1114 5 5 17324 15658 21596 12939 5 5 20402 11783 27 
26 29 
14265 31 20126 
15658 5 5 8840 
21 15658 19900 4766 15678 18498 31 17380 3170 20149 16393 13909 4 26 15803 26 16066 10628 15803 26 5 
28 18250 
28 17287 
7730 7509 12939 18498 31 28 28 8995 16784 4 7847 20402 31 28 5 21 
21 7730 11462 20402 15678 7127 6318 5 16323 16169 4 21793 9801 7509 15190 4 15138 835 7730 18780 5 22318 1027 15138 4 15708 17438 20293 14335 8361 31 20402 22463 16971 14425 21 
2371 14604 28 15855 15678 21364 
21 28 28 14018 22463 2700 17872 8956 17831 13512 4 7491 18498 31 21768 8995 15036 6103 20126 7730 18533 22463 134 1467 18476 20402 2371 5 5 16323 28 7847 13055 21596 29 21776 9901 22765 21 
12863 22 20539 21726 27 
21 16323 14604 9779 15138 20126 20931 4 8840 18498 23135 8995 2727 4 1575 22327 20402 13909 22463 17556 2371 4 9193 18498 23135 23151 22463 7127 15138 9801 4 15138 21021 4 15138 16083 20497 17872 23135 14335 4060 12709 27 22327 6103 3058 2700 21 
28 
2702 
21 24 9743 26 26 
15708 28 26 21 
27 
20402 654 
15678 5528 20402 18525 19900 
14604 15138 15708 31 28 17438 13185 26 15803 26 7850 9971 6103 20247 18498 9193 21752 15678 20630 5 21596 20402 23570 5 13055 21776 201 31 21266 14604 28 13185 13909 
2322 31 28 18498 20402 11462 5 

