21 15678 1114 6103 22463 11474 17438 22463 15144 20402 15138 13909 17942 7730 22823 18476 28 349 17819 7850 22942 7509 3959 4 15138 13749 20402 11155 16404 23135 4289 2136 1614 4 9193 5327 9010 7127 7730 9743 16440 7509 28 6103 23135 20402 22463 11514 11759 5 18498 23135 5360 19900 1027 7730 15678 16439 6103 7558 3611 7914 22463 21282 4 7730 18498 31 9801 7730 31 3369 20149 15166 7850 22942 6103 23135 5 9193 15678 1027 15138 4 7730 662 15678 16296 15458 7127 22385 8810 
3960 28 7730 28 21 
3960 28 7730 28 
21 7730 20402 8956 31 11729 18498 16404 20293 12780 13405 7509 14604 2336 4 14604 20207 16169 4 18498 9743 16440 7509 9193 5766 4 20402 17737 7914 21793 9193 22942 4 20293 5876 7730 14335 14694 15138 5 9193 453 16673 11474 4 16169 4 8897 7730 2336 18498 7847 20402 4 20402 11759 5 11474 14147 3058 7730 7509 2727 4 18498 15658 15260 8747 16404 753 18525 18533 18498 20402 4 7730 18498 740 20539 4 20738 15138 7730 13749 3179 2136 15678 23575 20207 5 5 5 8995 7188 22318 22805 20738 21389 2336 4 7730 28 6146 18498 23135 6564 7914 22463 13727 14425 5 5 20402 11756 11043 17438 20402 20931 15460 7730 21596 18876 7730 16439 21389 1114 5 20931 9620 20402 20357 21793 15678 14604 28 4 7730 14604 1114 20149 14096 23104 2136 31 9173 5 
15678 6014 10648 13909 22463 28 
13749 21 
9971 6103 20247 26 11943 26 26 26 
21 4766 31 910 19244 4 11985 4 14487 3558 21 
21 15678 8957 20402 12745 1393 15860 4 21282 20149 22805 4766 15678 5528 
9172 16179 6103 12319 20 21 
21 9193 19900 18498 12780 5 12430 7850 3610 5 15678 18498 15658 6075 20402 17872 9901 16367 5 20149 1022 15678 18498 9193 20825 15658 20402 2727 1616 4 9193 21752 22463 1652 7509 3938 5 7730 19068 5 4687 5 28 7730 3102 5 17458 31 10268 6103 6389 20402 13905 5 13905 18498 21793 13923 18498 9387 7850 15190 5 13905 18498 21793 15678 22800 5431 5 20402 13905 17458 20402 7509 2727 5 7730 15510 4 20539 4 368 2136 15678 9971 5 21 
21 31 9620 20402 20357 21793 15678 28 4 9193 9387 28 18498 20402 18019 16404 9835 740 13909 5 5 12130 15678 7926 6103 20352 18498 20931 2169 14335 4060 5 20402 11043 17438 22327 4 12255 31 22942 11872 18498 5360 13030 1614 7850 21631 4 9193 15299 20402 3735 6103 1400 15678 14604 1114 17438 23135 5 9808 7127 7509 16169 4 17872 14425 16169 7730 17872 9193 21083 15253 4 18498 5360 5913 15678 7558 16296 21 
21 21 21 19887 20402 16404 13236 4 15658 16404 16971 5 21 21 21 
8840 18498 15658 5 5 
21 18498 9620 15678 20304 14335 9743 5 5 20126 9172 7509 20463 20402 4 11514 11759 6103 20402 20931 9942 6 22 21 
18328 15577 20 
21 21282 17511 662 17438 21596 21596 22463 23179 22385 14149 4 15658 21596 7728 6103 18498 20402 28 4 12894 12780 14335 8918 6103 3450 10826 6103 1114 18498 31 20304 14335 6075 4 6670 20931 12763 17705 4815 4 2136 20149 8744 2136 20463 13494 17872 4796 21282 17458 20402 9193 18525 8995 22318 6075 31 4796 9193 16179 20402 15081 6103 11020 15995 16404 21793 15671 4 15144 11156 4 7205 7730 7509 2727 4 5278 22463 14149 9634 4290 6103 1114 4 13749 2136 15678 9971 5371 21793 15678 15745 7914 20931 22942 4 18498 15658 20402 17556 20 20402 7188 368 18498 31 20304 15658 9743 13909 16440 6075 15190 7730 18498 20402 20369 3883 5 5 4766 21793 20931 13759 4 20931 7624 7730 3076 4 9193 23179 5913 20931 16464 16673 21631 4 7730 11462 28 6146 18498 7847 5360 3219 7914 20463 3192 5 5 21 
21 16580 7850 910 4 13759 7850 14487 5 21 
21 11462 15678 6014 8995 7914 9867 4 20402 15678 7127 7509 28 6103 22463 20402 12224 4 6103 11020 22665 7730 18498 21681 22463 14149 7730 7785 16464 16673 21631 5 16169 7545 15138 15658 22318 21596 1614 4 15658 21282 11462 4796 21793 15678 28 5 5 9193 7545 13909 740 15658 21596 20402 20931 9942 7730 15658 21596 1540 21389 4766 22463 11474 4796 15678 20304 20 9193 22318 1027 17872 20293 21 
20402 22385 7188 20825 7730 352 20244 23135 5 5 16169 14604 11020 1114 
15658 11862 15894 8995 9193 14487 20402 15576 13194 
21 3227 1393 3962 4 3227 1393 22942 5 5 14604 1115 4 9193 9634 20 21 
21 20319 12130 4 22463 15604 4403 18498 20149 12345 20 28 4 15708 17438 14335 18009 31 18780 6103 22463 20825 2924 26 22575 21282 23016 21 
21 21 21 15658 19900 17458 23135 20149 20402 4 18482 20126 9193 20357 4 7730 6103 22225 12780 23104 4 1612 425 4 15658 17304 6075 5 5 5 23135 14156 31 9193 22942 4 23104 4 15036 7850 9193 11454 5 4289 31 21596 14378 7509 10530 7730 7509 20781 18498 7914 9193 17478 2647 5 5 5 7730 9193 5 5 10959 21389 6103 23135 21 21 21 
21 18498 15678 20853 4 31 16580 7730 15678 1114 22318 340 15894 23135 8995 21 
21 6325 3882 4 5528 10731 5 5 21 
23016 4766 22327 29 20 
26 26 
21 12226 15658 16721 7914 23135 7914 9692 22385 14155 7850 22942 6103 22463 468 4 3610 4766 22463 11020 22730 9193 14604 28 4 20244 21596 23135 7914 14924 22385 11861 17872 9193 7730 18498 19900 18498 21371 20420 17872 23135 5 5 9193 18498 12125 6103 21389 22272 9193 3610 4766 15678 18498 23135 17239 7850 14604 5528 4 3058 8360 4 17838 7730 20826 1057 5 5 15658 14335 8918 6103 23135 7914 15425 14924 4 20402 7188 3610 20244 20931 4842 7730 20463 1114 4 9193 28 21596 14335 21225 7730 14335 28 6103 22463 10211 20674 5 5 20402 11043 31 7847 4 7730 3913 22463 15995 12135 17438 20402 9942 6103 873 4796 23135 5 5 5 9193 22318 1027 17872 20293 16169 21 
26 26 26 21776 26 14335 11617 26 26 26 5 5 
21 21739 28 4 14604 1114 20 20 20931 835 20402 5312 4 13909 22463 1239 7730 3450 22897 13909 15604 6103 910 5 16323 4 9193 22318 1027 21 
31 22942 4623 7730 31 10765 21596 18498 5741 5 5 
21282 14212 5 5 9634 
28 7509 16668 15018 
9032 6103 22942 18498 17872 7847 13055 23029 23221 
28 28 
21 20304 14335 9743 10259 17872 17304 5360 4 31 13749 20402 9193 22942 4 15658 14335 6256 10340 5 5 21 
3450 7127 20402 22463 4245 17872 20402 14425 18498 15908 
21 740 18498 20149 16468 15138 1249 4 8956 6086 15643 20402 31 14539 17872 9193 5 11462 662 31 28 4 17438 21596 21596 15678 16169 18498 21596 4 11474 6103 19456 4 20293 5876 4 18044 7730 14335 1027 4796 15502 4 7188 8386 15678 17233 6103 28 18476 7545 21389 4 9193 740 20539 5108 15423 20 20402 23086 21282 17438 21596 20402 20931 9942 4 740 18498 21596 22463 3206 20374 7730 20402 22385 7188 3610 20244 31 22318 15256 14335 16006 4 23135 20402 13325 21793 15678 28 7509 9193 22942 4 20244 16192 17872 16169 18498 9193 21596 5 740 18498 7847 15658 8995 17737 4 14604 16323 20402 17872 7847 4 18498 20402 15678 14425 18498 17304 21596 20402 7730 17872 9193 15253 4 18498 6670 8443 21596 9790 15678 7558 16296 4 13749 21793 15678 28 4766 10680 5 5 28 4 16323 16673 15144 18498 23135 20402 4 16673 20931 10268 7730 8956 7127 9193 21371 6184 31 23135 4 18498 654 20402 16169 7730 15253 20 9193 15678 1027 13909 18498 22327 20 28 4 15708 17438 4980 8956 7558 17737 7850 9193 22942 6 28 28 21 
21 21 21 1615 28 22 910 4 9743 14604 5528 16098 22318 23180 5 5 21 21 21 
21 28 4 9193 19900 18498 22318 21596 17233 16404 9193 22942 4 15658 16878 18498 9193 14335 7043 6318 5 21 
26 26 26 26 26 4796 26 
9743 20931 14487 8627 
21 9193 15426 4 9193 16375 4 14604 16215 4 9193 4430 20786 4 14604 9968 6103 3099 4 16323 11462 20402 7127 6103 4790 4 11462 23135 4886 13909 22463 17815 4 9193 15416 8995 5741 7730 15678 14425 20402 8995 1393 20463 13131 7914 21793 8956 9169 5 14604 1114 4 18498 15459 7127 28 6439 20931 3369 20670 20931 22942 4 18498 15678 28 12562 7914 20463 3610 22318 13591 6103 18475 13923 18498 18533 22318 571 4 19359 18475 20352 19854 18498 18533 20149 1585 7509 20931 910 5 18498 23135 5204 21793 20463 15699 4766 13697 4 18498 21596 21021 7914 20931 8637 4 18498 21596 20127 4 1114 4 22521 4 15138 16580 7850 5528 4 18498 8956 20463 20853 13512 20402 5266 21793 15678 28 4 7730 18498 31 9801 20402 16867 7850 20931 22942 5 9193 21282 17511 22318 6679 31 14426 4672 7509 22942 7730 15678 14426 20352 4 17324 17872 9193 23135 20402 22463 7509 14426 16971 17737 7850 9193 22942 4 288 18498 18476 16630 9801 1393 28 4 7847 14335 8458 23135 4 22463 7509 14426 17737 18498 17304 20402 4980 5 14335 9620 16192 17872 9457 15678 18481 23135 14335 9743 2727 4 15678 18481 8995 1393 20463 13131 14335 9743 9808 4 14335 1233 4 14335 8720 4 14335 347 4 4346 4815 4 19698 7509 9193 16208 4 9010 20293 7360 31 14335 753 7914 18475 18498 20402 31 15759 4 20293 14335 9016 31 15256 18476 17629 4 20402 7188 8147 16971 1920 4 21596 4181 18498 9193 1103 20402 15704 7509 20304 7730 12780 20293 5876 4 4796 22463 10083 18498 20149 19125 31 3450 7127 4 20293 8995 1614 17872 22318 6075 3870 4 2031 1114 7730 19703 4 1920 4796 23135 5 19900 18498 13026 20402 13909 10259 4 7730 17304 12780 991 20 23135 20402 14604 17406 20215 4 22463 1095 18498 12795 1114 4 31 13759 18498 14335 22126 16580 7914 14336 31 8715 5 9193 22318 1027 6329 15416 4 4289 7545 15678 16654 7730 8661 16673 15860 20 15299 12780 9193 20369 4 8995 20293 13030 4 22463 16673 16083 2136 15678 9971 5 15658 20402 15299 20244 23135 4 22318 21596 1614 16936 14335 9743 9808 20 20402 20293 8956 14464 14149 18498 23135 20402 4 4290 6103 13759 4 4290 6103 1114 4 2008 4 17771 4 18498 5313 1393 21793 20 19900 18498 23135 20402 15138 28 4 17836 17438 8956 10943 1614 15299 7914 22240 6981 22521 4 22463 10252 31 16083 11462 7730 20293 9193 22318 1027 6329 1115 5 5 5 7847 20402 13759 18498 14335 22126 16580 21 
12979 78 20 1027 23135 23 
21 16721 7914 22463 5564 10696 5 5 20402 9193 19169 9193 22318 1027 13909 18498 22327 15253 4 23135 20402 31 9193 13056 13909 17623 5 5 28 18498 14335 13591 9901 20244 23135 20 21 
21 20244 17758 4 2727 3558 4 7277 5 5 8995 7090 4 9193 8995 20244 13948 21 
23104 7850 16580 7730 15678 18498 14335 12034 6256 6103 9387 
21 14539 20244 14514 4 22318 11066 20149 6439 20670 9193 4 21680 1114 15658 9604 21 
21 4520 7850 11644 4 18315 7850 5528 4 20352 4796 11165 4 11510 4796 19240 20 21 
21 11462 9743 9312 29 1249 18498 23104 4766 31 20931 2169 4 4766 31 9620 7509 20463 134 4 7509 20463 5222 4 7509 20463 21 21 4499 21 21 4 7509 20931 17022 4 7509 20463 20853 4 7509 20463 1114 16404 4815 7730 6103 22327 1616 18498 4897 22463 20402 457 4 22463 11020 11474 7730 22463 16169 14149 20 7545 15138 15658 22318 21596 1614 4 9193 21596 4181 18498 7545 13909 740 4 15658 21596 22318 5174 4 15658 21596 21596 31 11514 6103 20402 20931 9942 7730 4854 14924 1393 20463 13131 4 17438 12861 662 31 28 17438 21596 20402 23135 7730 13909 15502 5 28 4 15081 7509 14604 15995 4 21355 20402 17438 12861 18498 18476 9605 6103 23135 14604 15860 3219 21389 4 20402 1409 16673 18498 23135 20402 4 15678 18498 11462 20402 7730 20293 20402 4 9365 17872 9193 5 18498 15459 7127 22385 20133 17872 15671 18498 23104 20244 20931 17743 4 15678 28 22318 134 4796 9193 10959 6103 22318 134 7730 13405 31 23135 21793 15678 1114 18498 9193 10959 21389 6103 16439 4766 23135 21793 15678 28 7509 9193 22942 5 740 12780 9193 19052 7730 18476 12861 349 21596 5913 9193 14577 18498 17973 31 23135 7730 31 9193 15253 5 9193 22318 1027 4766 21793 1114 18498 9387 7850 9193 910 4 16793 9193 9604 4 20402 7188 14335 23029 20244 20931 15256 14335 2272 15678 3610 5 5 23135 9743 9620 21793 15678 28 7509 9193 22942 4 15708 17438 21596 20402 18525 23135 20402 4 20402 7730 20293 20402 6389 6103 9193 20 14604 11341 4 14604 1248 1095 21 
14335 8361 31 5741 20244 15855 17872 22305 7730 20357 14378 20 
21 12787 4 4766 23135 9193 19900 18498 17511 5320 7914 18475 4475 20 20402 20293 1920 9193 17438 23135 7730 23135 17438 9193 5 20402 22463 21282 5528 5 9193 22318 1027 21 
21 15658 6411 20931 9801 7850 15256 6103 16083 16971 5 20463 5528 20402 1276 6103 13909 15299 4 20463 5 3391 31 23135 6146 18476 20402 11518 6103 20402 9808 5 15502 12780 22318 17159 4 31 14466 18498 23135 20149 6246 5 17438 12861 4 8541 5 21793 15678 1114 18498 23135 17629 4 23135 13055 3913 6389 6103 20500 5 15643 8918 18525 23135 20402 7730 15643 7693 7509 20463 22665 5 7730 15643 4 15643 238 14466 7509 18498 23135 14514 20 21 
8 29 
21 15678 1114 20402 1920 4 20402 31 16580 6103 28 18498 15643 201 21 
21 8358 31 20357 21680 5528 4 28 18533 16098 21680 19466 4 21752 21680 10563 4766 9193 10547 7730 22318 472 21 
21 22327 21596 15678 20463 21551 7070 4 7730 11284 21551 16404 21793 15678 18020 6106 7509 6014 5 21 
21 6256 7847 4 6256 20 20402 13591 4 20202 20244 20149 11862 21 
21 4289 6103 22272 4 18533 7284 5 5 5 5 20402 20304 15678 4145 7509 14604 23104 4 15678 10122 15658 18533 16784 21 
7850 28 7509 28 20 
21 3388 20786 4 20853 10544 4 6957 4 6075 22463 134 4 17304 14335 6830 5 5 21 
21 26 26 16122 28 4 26 26 26 26 21 
21 15963 31 28 4 16630 15658 3857 13909 13405 4 7730 20539 15880 13909 10259 5 21 
20402 22463 16689 21596 18498 5741 6 9808 7127 7509 5758 8 29 
21 12780 20852 14539 22223 5 12780 14335 13398 14539 1603 3510 5 20293 20402 1920 4 9808 4 16915 7730 308 6103 22327 10259 5 21 
21 11865 14466 4 11265 13909 20 21 
21 22463 13727 13667 6103 21793 15401 4 13667 6103 21793 31 13948 5 1394 15678 20749 3219 13909 10259 7730 31 17505 21999 5 21 
21 22327 7850 22942 20402 16463 4 1575 3450 20207 20 26 21 
21 21 21 13586 7509 9620 6103 20853 4 18050 7509 12709 4 11162 16673 3611 7509 2727 7730 6256 14604 28 19343 6103 835 5 21 21 21 
21 19441 4 8522 20402 10010 7730 10259 20402 17629 29 22 26 21 
21 21355 28 21596 22463 17226 17872 9193 4 2727 13905 18498 20825 5 5 21 
21 21 21 9193 21596 21389 17872 7850 9594 4 9193 4766 16192 15658 19900 7491 4796 20402 11020 15678 14604 1114 17438 23135 5 7730 15658 11284 15299 17872 4843 4 16404 17304 7850 9431 5 5 4796 20402 11020 15678 14604 1114 17438 23135 20 15424 14539 15678 6014 15424 31 9094 4 15424 14539 15678 14133 7730 15678 12277 4 15658 20402 13905 18498 15678 14604 1114 4 15424 13909 3086 5 14335 6739 31 17908 871 10211 6103 7850 9594 4 4796 20402 11020 15678 14604 1114 17438 23135 20 15643 20149 8918 4 15424 22463 20207 18498 9193 21596 15678 1114 13905 7509 15190 5 4796 20402 11020 15678 14604 1114 17438 23135 20 21 21 7730 20402 23135 18525 14514 21793 15678 1114 18498 21596 6389 6103 9193 4 15708 17438 20402 18525 23135 20402 7730 14539 2136 20244 18498 9193 14514 15643 14335 6499 5 23135 20402 31 13759 7509 9193 22942 24 21 
21 12125 7509 20644 4 20293 28 21 
21 18498 15459 7127 4 15678 28 9743 22463 9867 1393 22318 7850 6014 4 7730 7850 8458 21793 14604 17942 1114 4 22318 134 7730 20149 13325 5354 4796 9193 10959 6103 134 4 2700 7730 4110 20 12255 11462 15658 17511 8995 1393 20463 13131 17872 4788 20463 29 1249 4 9193 28 19900 15678 18498 9743 4 21596 4181 6103 18498 23135 9010 7914 22463 13727 2727 14425 5 5 5360 14335 11165 4 17324 17629 15138 6103 23135 20 20 9193 22318 1027 16169 5 5 9808 1247 6 23135 21 
21 18476 22327 7491 18498 15658 20931 23180 14335 8162 31 18031 4 18476 22327 7491 18498 15658 16066 16393 18498 15678 14133 15658 12780 20149 155 5 19900 18498 15658 8995 21282 7730 15678 18498 7491 20670 9193 15658 17304 20149 10430 5 23016 7914 14604 9721 7730 5913 7914 9193 21680 18533 21 
21 1114 20244 13494 4 1114 12051 20 15253 4 9193 22942 20402 22490 23135 24 21 
21 15708 14604 28 17438 14539 20244 14514 4 15658 14335 6499 21 
21 21 21 8995 2727 5219 14539 7730 15678 15190 20852 16404 23135 5 21 21 21 
21 29 29 29 29 1249 18498 16784 15678 14604 14425 1095 4 14604 4841 4 14604 19121 4 14604 17478 20215 4 1612 18498 9743 4766 18498 9193 14335 20357 18044 4 18498 20293 9025 1393 14604 13131 4 1612 18498 18476 14335 22805 4346 14539 20244 19900 15678 15081 14335 6075 22463 134 4 22463 5220 7730 9743 4200 21793 1612 7594 4 654 23135 20149 21858 22463 28 4 8995 7914 22463 13727 2727 14425 4 21596 4181 18498 8995 9193 3192 6103 28 4 17324 15658 11284 16083 13727 17872 18498 23135 8995 31 15658 20402 1393 13131 6103 28 5 16673 16169 4 9942 4 8897 4 21739 4 1095 14149 18498 23135 20402 4766 21793 4 17438 21793 31 4672 18498 13055 9743 17872 753 15678 18195 4 16673 10211 6103 20402 22385 3058 31 17406 6103 15658 5219 15398 753 4 31 17406 6103 15658 5219 7491 22463 15658 15424 18498 20402 16404 22463 16971 18498 15643 22805 5 5 14335 8832 15138 7914 23135 4 22318 452 6103 22463 10211 12233 4 23135 20402 15678 14604 23539 4 1612 18498 9193 20402 10546 15677 29 6670 15678 7127 7914 18498 15344 7730 20293 20402 5 654 21282 9193 19509 18962 6103 23135 4 13325 6103 21793 15678 14924 18498 16468 7850 20931 17743 4 31 10211 4796 23135 20293 8147 871 4672 16404 9743 17017 4 15678 12939 18498 23135 5762 15678 10700 22463 1095 18498 21282 9387 7850 9193 11733 7730 20402 13026 4766 23135 4 20463 12939 6103 12834 2723 4766 15678 18376 4 20931 10665 4 20463 19703 4 20931 3222 18498 9743 21793 19698 4 20463 12939 6103 10325 31 21662 18476 8995 3183 16066 17703 4766 873 4 22327 8995 6389 6103 9193 7730 9193 20293 12780 14335 18962 4766 13905 3870 5 21596 15138 15995 7730 662 15138 31 28 17438 7847 21596 14335 6075 23135 4796 17737 4 21596 14335 9790 14425 7730 11462 21596 15995 6103 7491 18498 9193 21596 15678 14425 16169 7509 15190 5 9193 22318 1027 16169 4 22318 1027 21389 18498 14335 9620 16192 17872 6650 8956 1114 4 4289 7545 15678 16654 7730 20149 20149 22020 7914 13764 4 18498 8661 2136 11462 5 23135 20293 8995 17737 9193 14604 16719 4 19900 18498 20402 22463 3206 20374 15671 740 12780 9193 19052 5 21 
21 21739 20 9193 21739 4 9193 1095 4 31 16971 13909 7623 18498 20149 17304 9387 4 13909 1149 20 8995 1614 17872 6679 18498 9010 7127 20402 19342 6103 835 4 9801 4 20853 7730 3058 8208 31 14426 17521 4 18498 15299 9066 9010 7127 4 17458 7847 20402 20463 20 18498 9010 6086 23016 31 20149 19335 17438 15138 7730 13669 1249 16404 18498 17511 8995 20293 13026 4 4788 15678 18498 11284 6103 4788 4 753 22463 31 16083 7914 22463 9620 18498 20738 21793 15678 28 6103 9193 22942 5 5 9808 1247 21739 20 18498 28 22318 78 23135 4 20931 9634 4 20463 3610 18498 7847 22318 11165 7730 8995 20293 1393 20931 10366 16404 18498 13923 15425 17511 20149 1585 5 18498 9305 9801 4 20127 4 1114 4 21021 7914 20931 22942 5 18533 7491 18498 9193 22318 1027 15138 991 7509 18498 16393 4 7730 18498 31 20304 21596 22463 8322 20520 17872 9193 4 23135 20402 20559 14149 4 15658 11284 16083 16192 5 5360 20402 31 21739 4 31 15253 4 31 8897 4 31 12787 4 31 9942 18498 23135 20402 4 17324 452 15138 23135 5 21596 4181 18498 6103 15894 14604 16169 8995 4 7847 8995 15855 16673 20304 4 7730 15658 20149 8918 6075 7127 1920 4796 21793 15678 1249 18498 7847 9025 17737 6 9193 22318 1027 15138 15138 7730 15138 5 16404 20293 20 21 
21 15658 14335 20951 4 1393 22898 9193 14335 9743 6103 4102 16404 8474 13909 13667 5 28 5 21 
22318 1027 12787 8 29 
21 15658 11284 16083 444 31 8956 12979 31 15658 20402 11341 4 15678 3962 18498 13909 14335 4829 4 8414 20931 22942 16404 20007 31 7509 18195 5 3952 12130 4 18498 28 15678 21596 7914 20463 3192 5 6564 7914 16580 3183 11156 20 6 21 
21 20402 22385 7188 238 18498 23135 20149 20402 17872 20293 4 7188 238 18498 15658 21596 13909 20463 134 4 15658 21596 13909 20463 3870 4 20931 18059 4 20463 5876 4 20931 2031 5 5 18498 18476 349 866 18498 14335 13822 4 871 12113 4 871 22225 4 16066 6141 15658 21596 23135 1614 4815 16404 22318 5320 22327 4 16098 20463 5220 21253 7730 6408 18876 20463 134 4 1612 134 18498 5139 5 5 20357 22463 15390 22385 11020 6103 23135 21793 15678 28 7509 9193 22942 4 7730 20293 18498 14335 13325 6103 21793 15576 14924 14335 6075 22463 1467 22385 11020 7850 16654 4 22463 20126 11758 18498 7545 4 9193 12125 6103 21793 31 4672 4 16169 1394 18533 18498 8995 4 19900 18498 22318 1027 7730 5360 22318 28 16404 20293 5 17458 15658 20402 31 22942 7730 15424 22385 17556 31 15041 18498 17304 201 15678 1114 5 7730 23135 20402 15678 14604 9172 1114 20 21 
21 7730 20402 1920 18498 31 10765 12780 23104 4 19900 0 8561 17872 1540 5 20149 6137 17872 20149 18044 5 20149 13822 17872 5741 5 4346 17872 20852 5 31 10765 3510 22463 22897 4 17872 1540 31 20149 13398 7914 16083 5 7850 9971 4 22327 18498 20402 3058 4 22823 4 22327 15678 18498 18784 9193 9743 2727 4 16866 21 
21 1103 22823 15658 20402 20402 12415 5 20402 8995 20369 4 7730 15299 15128 5 21 
21 7730 15678 15540 6281 20402 28 4 20402 31 4672 13909 13512 18498 28 17304 22126 4 9193 15416 13909 14149 6981 15190 20 4796 22318 662 22327 18498 13055 9743 17438 9193 0 21793 15678 6453 18498 23135 8720 4 21793 15678 5222 18498 14604 6075 4 21793 15678 9721 18498 13055 14335 9743 4 21793 31 3222 4 15678 19703 4 15678 8747 18498 13055 9743 21282 17872 14335 22805 20852 4 9193 18784 15658 19900 4796 662 21793 15678 2727 18498 23135 14335 9743 8443 9193 662 31 28 4 17438 21596 22318 4730 7850 14604 3610 4 17872 9743 7509 9193 22942 14425 4 7509 14604 28 13909 9808 4 13909 7451 5 5 15708 14604 1114 4 23135 20402 22463 17737 7509 16292 7509 6014 4 7730 9193 21282 21596 31 662 7730 5876 6981 1103 21793 15678 28 17872 18498 7847 15658 15036 15643 4 15678 18498 20420 6103 9193 20244 8956 16216 13131 31 13131 0 26 5 26 21596 4181 18498 9193 20293 8995 1614 4766 23135 4 22318 1502 4 22318 753 4 22318 8720 4 7730 17836 8995 20293 1614 17872 22318 12834 4 22318 23444 4 22318 8704 4 22318 23316 4 22318 2647 7730 9743 23135 16468 22834 7850 10366 6103 21793 15190 8956 20402 31 14425 16440 7509 9193 1103 7730 23135 15658 12780 20149 19952 22385 9570 17790 26 5 26 22318 18533 1393 14604 13131 4 16404 20293 7730 18498 8956 1103 5741 7730 20149 19295 31 3450 7127 4 7730 18498 15299 20402 3735 6103 6760 8956 22521 20 28 14149 1393 20463 13131 5 9193 22318 1027 4 14604 4430 20786 24 21 
21 11139 15678 1623 6103 20463 19703 18498 14335 6075 9801 4 22318 13325 2727 16936 6103 9193 4 4854 4815 20931 16580 5 21389 835 6075 22318 22805 4 15658 8918 6103 22318 1027 4 740 14335 4356 13764 29 22 5 5 4796 18533 22318 21596 1614 4815 4 4796 20402 7188 238 8956 18774 7730 21596 6103 5484 4766 31 20126 7730 31 13324 7509 16169 14149 18498 23135 20402 7730 20293 20402 5 5 9193 22318 1027 9171 20 11474 7509 9193 22942 24 21 
21 16404 3450 13764 11462 4 7558 20853 1022 20 21 
21 15678 17107 12353 4 20402 1612 18498 13055 20402 15576 1097 5 17458 8956 20539 4 19900 4796 9193 1987 5 21 
21 15253 4 9193 19169 4 31 16971 18498 9193 13909 1027 15458 15190 20 22463 15144 11156 4 23135 20402 9365 17872 15138 4 15658 21596 15623 6103 4796 9193 14335 15995 6103 23135 4 13055 16468 17438 21389 4672 15458 22942 4 7730 740 20539 8995 6103 18376 4 13749 13909 7730 13909 31 3450 7127 4 1190 16673 4179 4 20293 3348 31 28 4 20293 9743 6103 22327 17872 14335 22805 2727 4 17872 14335 6075 15678 18498 9193 17629 7730 2136 15678 18498 15658 17629 20 23135 20402 1612 18498 9193 19900 18498 12125 6103 18475 4672 12780 8995 1393 14604 13131 4 18498 15658 12780 14335 51 4 8995 20293 14335 18044 4 5876 4 14539 4766 21793 20463 6198 4 23135 20402 16816 17872 9193 5 5 15658 9387 15502 18498 14335 1027 13909 7509 18498 7847 4 18498 20149 17703 4815 4796 7847 4 7730 9193 6075 9193 22942 17438 23135 15253 4 20244 16721 7558 22898 5 5 19900 18498 9387 22463 22730 11758 6389 6103 15671 7558 4 19900 18498 9620 22463 14561 4 9193 654 21596 6103 20402 10259 4 17324 20402 9193 7730 23135 4 13026 7730 22507 20 7730 9193 20293 9743 15678 18498 20402 17521 17872 22805 22463 20853 7850 20463 19800 4 17458 20402 15678 18498 14335 6256 9808 22805 23135 2727 4 20852 5 5 21371 19900 18498 31 4672 15128 4 22805 18498 23135 15658 20402 31 14539 4 9193 9193 8995 1614 7730 20293 12780 8995 4 991 6103 15253 7730 9942 20402 1095 5 15658 19900 4796 9193 15036 6103 14378 6103 16784 23135 4 9193 18533 22318 662 17438 22327 4 23135 20402 14149 4 20402 22463 7509 14426 17737 6103 28 7850 9193 22942 5 9193 22318 1027 15253 4 17872 21793 20293 21 
21 17872 18344 15678 21395 21596 22463 14984 4 7850 11518 6103 9016 31 15256 21793 15190 20149 8644 5 21 
21 16375 12787 20 20582 4 23135 20402 22463 7509 14426 4672 18498 28 4730 7850 9193 22942 4 1612 18498 9193 19900 18498 12894 14335 6256 21282 4 18498 20402 22823 4 8995 4815 9193 14924 3058 7730 19854 4 1612 18498 18476 9193 8995 13923 16765 21282 16673 14604 15855 4 18498 8995 20293 7360 31 14335 753 4 31 14335 13398 18476 9193 8995 7850 4387 4 14335 6075 1506 18476 9193 8995 20244 2614 4 1612 18498 14335 7451 14539 18476 15658 18533 20852 4 31 18498 9743 4766 18498 9193 14335 20357 2727 4 18498 19295 9193 10268 4 18498 827 14604 28 4 18498 8995 20293 7360 1393 16098 14604 6453 4 9193 18912 9193 10391 4 7730 2136 14539 9193 17022 20244 11066 4 17872 3702 10495 4815 4 15424 18498 20402 7850 14336 7509 28 15658 20402 30 0 16066 18498 20402 17872 9743 6070 6103 10495 9522 9074 15658 20402 20500 0 27 15678 20352 18498 9193 21596 17438 23135 12780 15138 991 7509 1103 4 20402 22463 1114 6103 12787 20 7730 9193 15658 18533 18498 12861 15128 12894 4 18533 22396 20293 1393 14604 13131 4 7730 18498 15299 15128 12861 4 18498 20402 9172 30 22 9193 1027 23135 21 
21 13055 20402 4 14604 24 20 22318 1027 15138 1095 21 
21 9193 15643 16721 18498 9193 17304 20738 1920 4 7730 21793 7127 18498 31 22942 16468 9193 6679 18498 21 21 9193 17511 5459 4766 23135 22463 17556 21 21 4 9193 20357 20126 4 9193 21582 15658 4346 8329 15678 21551 16468 7730 20402 22821 18498 23135 8147 22463 13727 14425 4 9193 9193 6075 15678 15190 16404 22805 15678 20463 19800 7730 8995 16936 6103 23135 20 9193 16393 18498 23135 20402 15138 4099 4 7730 23135 15643 21681 31 4245 6103 22805 4796 9193 8995 4 23135 15424 14335 22805 23151 1393 17819 13727 5 9193 18533 18498 23135 8995 1614 16404 4788 13030 4 9193 18533 18498 15671 17304 16468 15678 9833 13030 4 9193 13325 18476 23135 14335 4730 7850 3590 31 15533 4766 15678 22553 18498 23135 14335 6075 5 5 9193 288 18498 23135 20402 22385 10259 18498 23135 5219 16468 17438 22327 20402 22385 7188 21596 6103 238 15678 9707 18498 23135 20402 7957 16404 20293 5 5 5 6 21 
21 19900 20293 13405 6103 22773 7730 15061 4 18498 6103 9707 20402 3625 21 
23 3625 20 15995 981 24 
21 23135 16393 22463 1248 4 21282 18498 15658 21596 1868 28 4 24 21 
21 9193 13512 4 24 21 
21 15678 14604 1114 20402 4 15678 14604 15995 20402 4 31 9193 5107 20402 4 31 9193 18736 20402 4 31 9193 10547 4 31 9193 16179 20402 4 31 9193 22942 20402 7730 20293 20402 23135 4 28 22 12780 14604 22825 4 12780 20402 3625 20 21 
21 12780 12780 14604 22825 4 21596 18498 21596 18737 17872 20402 3625 4 20 21 

