21 23 4 18498 184 20 21 
28 3790 17458 11462 8995 26 14539 5 5 
21 21 21 26 11943 26 17257 26 26 26 26 26 22 21298 26 7850 8184 5 26 22 21298 10907 26 26 26 4 26 26 21776 26 26 26 5 21 21 
31 16836 20402 6 17304 31 9867 18784 17649 15678 20463 22730 0 21 
8956 21662 8995 9901 3058 5 5 27 
28 28 
21 15708 4 9193 26 662 20 21 
21 4793 21 21 5099 21 21 15458 18264 18498 9193 12780 22318 7491 866 17438 11980 18498 20293 18533 22318 9594 9193 15643 21596 5521 16066 15941 5 21 
21 21 21 13909 23438 18498 31 28 28 4 
15637 8840 16673 28 18498 7687 13909 18498 16566 6103 23001 5 21 21 
27 2371 14604 28 4 15036 5 21 
9193 21582 1532 15678 7753 13738 
8443 15658 20402 5 5 5 
5 5 5 
15833 26 12863 20 
15855 23135 18651 27 
21 28 28 4 28 13901 28 28 4 12861 20402 17872 23135 6 6103 21 
21 28 28 28 13901 
21743 12861 20 21 
21 16721 2727 5 5 2647 4766 15678 6193 7509 18376 7850 18575 7509 20743 3590 20402 15138 17106 5 
21 28 28 4 9010 20402 22463 15263 2727 13909 18103 7509 18498 1612 18498 23135 14335 8361 5 5 21 

