28 28 
6663 28 9193 20402 18772 26 5 26 
16721 7914 22240 14604 4945 17438 22463 3536 4766 16673 14466 22310 3137 
21 10765 15658 20402 21282 16673 9707 7509 2561 6103 873 8995 4766 31 2561 11020 18498 7847 12780 31 8429 4766 7847 4 16066 18498 7847 12780 17872 3960 1920 9170 5 5 5 21 
28 29 7509 14512 7914 18498 23104 6 4796 4331 20293 20402 14425 7509 18498 18475 16083 15955 5 
18476 20463 7127 4785 31 21596 29 11518 5 
28 
28 9193 22318 7491 18498 15678 10109 7509 28 20402 15678 4126 
20402 17438 12861 18498 9193 1027 20402 3148 15424 13185 15678 10628 7730 13055 21596 17022 
21 28 23135 14335 7102 22463 10339 4 9193 15658 8918 26 5 26 21 
22805 910 7914 22240 7384 
28 28 23135 14335 23016 31 14487 
21596 10765 18498 14514 22463 19549 7850 13727 7509 2988 5 
3472 15678 28 18476 31 10765 17629 6318 
21 14335 13010 14539 15658 19900 22564 15678 21 21 23274 21 21 15424 15678 21 21 30 21 21 7850 28 4 17324 560 8956 13788 20402 21743 22463 8172 6103 14512 20244 19150 871 5 21 
21 28 29 7509 11020 14512 7914 18498 23104 6 20149 23135 15658 17918 13909 26 51 15678 13307 4 31 22942 20402 13909 9808 1920 21 
24 
21 9193 22942 15658 20402 18015 9193 5 7509 23578 1393 22414 8995 13480 31 16083 16971 5 7850 16468 7730 7850 17737 5 7730 17438 3450 5767 7730 1995 6103 3076 19281 15576 10530 5 
26 29 21 
20725 
29 29 29 
2617 7914 6 9193 18191 22942 5 
27 28 
17458 7384 15502 4793 0 
21282 238 14822 
13501 15678 18487 6103 13860 15299 13909 15299 14466 7509 18498 
20725 
21 21389 10765 15036 21793 7127 4 2371 22463 2689 19116 20149 580 5 5 5 9193 9971 7509 15190 21 
21 28 29 7509 11020 14512 7914 18498 23104 6 
6408 6103 15138 15726 4 7850 7708 15551 1249 7509 9193 22942 4289 31 19484 18498 13909 17304 21166 31 9193 15390 6103 14335 16836 18470 15678 20357 6981 22724 30 20539 15678 22520 20402 30 5 
20244 13909 6322 6408 6103 22805 21389 15041 4 21389 15357 7730 21389 10401 7850 4672 4 7730 6408 6103 22327 21582 7730 22805 18498 18784 15658 20402 23135 18525 7509 31 3928 15459 12960 4 7509 17872 6219 18498 31 22942 22318 9450 31 7558 3611 4 15678 7509 21 21 15658 20402 17872 20402 15658 20402 21 21 7730 15678 21 21 21596 8838 21 21 5 
20149 23135 10297 7914 866 21596 8838 4 9193 20149 10297 12763 22898 21355 15658 20402 17872 1616 19761 12861 20444 17872 18475 20644 5 
20149 13055 8386 15678 18498 9193 18533 7491 23570 4 20149 15658 1614 9193 21582 19525 13909 22463 22897 5 
19310 18498 12861 7850 17689 15658 26 12277 18498 20402 31 9388 11570 18498 20402 8838 15678 2727 17872 18195 7127 4 16066 238 15678 13923 18498 7850 12780 20402 1487 5 13909 22463 22897 7509 17872 1487 12861 7914 15138 4672 9193 15658 12780 9743 21793 15678 22408 5 
17872 9769 31 22942 20149 19525 31 20025 31 7728 2136 18498 31 19484 20149 21858 12399 5 3058 7127 5 21 
31 17106 12723 7509 11571 6 1733 5 28 
13125 7730 20931 11213 6103 21898 9056 18498 4289 31 15669 6103 21898 15381 5 18533 7599 
9193 7102 14156 31 22356 21793 28 17090 
21 18476 23135 22805 22463 17999 7509 17287 16468 7850 10889 22310 22898 7686 15678 14539 12638 4 6256 21371 2727 9229 31 17743 6103 28 21535 7850 4799 5 20539 4 23135 22805 15678 9971 7509 15190 5 21 
15658 21596 4796 8956 15286 20402 31 14425 18498 9193 13055 16098 20357 15138 16673 1809 2702 
18498 23016 15678 1022 
21 15658 19900 20149 368 15324 20319 6103 18498 15658 20402 17872 20402 4 16066 20149 21596 8838 5 21 
18476 15678 15190 15128 
16717 5333 
18314 9193 
21 20149 28 9387 14539 7847 15658 9743 31 15270 11644 7509 18498 20520 4 1114 4 20126 15138 14466 15678 18498 20402 20402 11570 4 9193 8235 5 6564 7914 16580 5 21 
1612 7127 18498 23135 20149 16836 15678 17438 18498 6103 21596 352 5 
28 27 
21 11731 18498 13278 4 22463 15190 15894 15658 21596 22463 17218 7509 28 4317 4766 21050 6103 17807 17872 28 6103 7695 11011 17438 15840 18772 5 21 
27 
28 
4796 22564 15678 4945 0 
29 9094 7850 14338 
21 9193 8995 7850 3590 4 8995 15138 10405 7730 9193 12787 6256 31 17478 7509 14604 18487 155 4 15790 31 9193 12787 5 21 
1612 14924 18498 23135 16784 7695 18352 6103 1265 7730 5 7730 
21 10753 4 21282 288 21 
10753 
26 26 28 13055 20402 11532 7730 31 10889 740 5621 16440 7509 9956 17872 9901 17106 5 
21282 17872 15658 16468 7914 3166 
21 13606 7509 7127 6 4796 15138 26 17304 9743 20931 2601 7545 7730 7850 4060 23237 7850 7127 20201 4 9193 16673 14466 15658 20402 7914 12780 15678 21 
20539 9193 20402 27 
21 12780 1393 11246 13085 16066 15658 12780 4 7839 31 10183 7914 18553 21 
27 28 
21282 17872 23391 8956 1961 288 15678 14425 23222 20670 7847 
9193 15643 14335 3697 27 
21 11688 18627 7599 14335 4 11688 20699 7599 14335 4 11688 8406 11205 7599 14335 5 238 18498 15678 20402 11570 20402 22463 16620 6103 3119 18498 15658 21596 4996 5 21 
20725 28 
21282 4346 28 
21 8840 4 8995 21596 18055 0 21 
27 17458 16721 18498 9193 20402 2038 0 
21 7730 28 14335 19604 21 21 28 15658 11862 15678 18481 23135 21582 4 15424 15678 18481 23135 18533 4 22318 9743 22463 10297 7914 21793 31 4672 21 21 21 
1095 28 
28 10907 26 
733 3790 
21 13606 7509 7127 4 18476 23135 18784 17629 7509 28 7847 12780 3510 5 3058 15533 5 21 
21 19450 9743 22463 28 6103 18497 18513 4 14335 1788 21 
16717 5333 29 
21 15658 11862 15678 18481 23135 21582 9769 31 21871 7509 17022 7686 31 15533 4 7847 12780 20786 22463 10964 7509 13923 18498 12780 9743 4766 18498 20931 3962 16393 22463 9956 6103 11529 5 21 
21 19900 1612 2723 18498 23135 20357 7509 15299 31 22898 4 12861 20402 10223 9648 4766 1962 11947 21582 8147 15678 17541 6103 2368 7509 20931 3962 5 21 
9193 8995 16721 7 11731 31 11518 7914 18498 31 28 6592 18498 7509 17872 1380 7850 28 5 20402 15678 9971 6 15678 
28 28 31 10343 18498 9193 20293 22564 
7730 20402 21282 22463 12960 
21 9808 7127 7509 21 21 22318 4730 7850 15190 4 22318 10131 2371 15678 21 21 21 
28 28 18498 16169 6256 0 
6408 6103 22805 31 86 7509 9975 7509 28 14335 1788 1039 6103 15658 21596 12780 5 22318 15790 28 26 7 26 
26 
21 15253 16836 6 9942 2136 18476 23135 12780 9901 6700 0 
9193 6 15253 4 15658 12780 4730 22463 14577 5 15671 12780 6256 22463 14577 155 5 18476 31 10765 2046 31 14577 4 15671 7521 31 14577 21 
21 4809 31 6443 18512 7850 9193 4796 4 14335 20357 13909 9808 15678 21 
14604 28 31 12979 16238 8995 21787 15286 3058 
8995 17908 14409 16404 20975 15678 22520 31 5263 16673 14466 29 1393 14604 9721 5 
28 10322 
8956 14703 
21 7850 7127 18498 873 6592 4796 9130 4766 7558 15144 6103 21928 7914 20931 3962 4 8956 11208 10648 22463 28 5 21 
26 20402 9193 9193 19900 
21 28 4 15658 11284 15390 6103 14606 7850 28 30 5 21282 288 5 21 
28 28 28 28 
28 28 
21 8995 4766 14378 6103 17525 4672 7850 28 4 31 16971 16393 8995 17714 17872 10539 18475 4672 4 5725 5 21 
13055 11731 18498 13278 22463 15190 15894 15678 23572 16468 7850 11538 5 
873 14335 7509 15678 13591 7509 12581 0 10657 18498 8956 16971 20402 15138 2727 18937 5 
21282 17872 18525 14076 27 
28 28 28 15658 5219 15658 13325 6103 23135 21793 22897 18498 22805 866 7509 28 27 
9193 22942 21793 
2136 1966 
8995 6075 21389 8429 18498 14335 20357 9632 15678 
18481 19939 22657 22463 20825 0 
28 28 
28 10322 
3911 7730 20931 11213 6103 16367 6103 10473 7914 9193 17743 5 
28 28 
6221 9193 17629 6103 22463 18694 
26 9956 
866 18498 21793 15190 7102 22805 
16440 13202 11570 
2371 18498 6324 3790 26 5 26 28 28 
28 15658 5219 15658 13325 6103 23135 27 
21 8561 15678 2368 7509 3488 4 8995 15138 22223 21 
28 28 20931 3790 
28 28 20244 16192 
31 22942 15658 21596 13909 20357 654 
20402 20244 11066 12780 17872 3590 7730 9901 16721 
31 22898 9193 15253 9323 15678 13494 7509 16553 7850 5974 5 
873 13055 15855 17872 4434 11462 0 
26 
21 28 10322 4 17769 2031 7850 3463 21 
28 10322 
15299 4796 16098 10250 2136 31 18497 7509 14049 7730 20402 19275 17438 12861 5 
18784 15658 7509 17872 19900 15678 18498 8840 7509 15190 13909 
28 28 19450 31 20931 6408 
4796 9901 3558 0 
6256 10100 
21 10765 15678 15190 15658 8995 13909 23004 4 31 28 18498 4060 9010 11723 5 22657 0 21 
16673 14466 873 8995 21932 15658 20402 
7809 7509 13905 11636 16683 5 
21 6340 4 13909 22463 22897 6355 18498 4346 21371 7509 23174 4 3058 15533 5 21 
28 
6820 6103 21582 20402 13278 4766 15678 16083 
28 10322 
21 9193 22463 1649 6103 22473 7850 28 4 18498 3086 4 18498 6329 5 
7730 31 10183 654 15894 9901 0 21 
21 20149 15678 15190 9130 15678 15270 7509 15270 6103 11454 4 12780 16721 21743 18497 22898 1276 6103 20202 22463 19240 5 21 
28 10322 
21 13278 20402 23135 6256 20463 4122 29 28 6830 4 7730 18476 23135 13480 7847 7491 18498 23135 13055 5298 20931 10332 6103 28 15678 21 
21282 13359 9707 
21 1271 16404 18195 20247 17872 6592 18470 15678 12578 3751 7509 9194 4766 15678 10716 4 17324 15658 17629 12780 15138 13667 17872 22805 18498 8956 17563 15658 9743 15299 20244 12578 5 21 
1164 12862 
21 15678 8302 4 20402 18498 31 21 21 14856 21 21 6103 17438 10273 4751 20402 22385 11020 4 18498 9743 4766 18498 20402 21 21 14856 21 21 7491 18498 20402 21 21 14856 21 21 15658 4730 10273 4751 20149 21858 22463 20938 5 26 26 12863 4 26 6 22615 24 21 
21 871 910 3058 4 18498 21596 10648 9010 13591 7850 8632 5 17304 14335 22782 16066 7512 0 21 
28 28 28 31 14425 
26 28 
21 31 14487 7914 20500 
7914 16083 13727 4 
4766 15678 5574 7914 21 21 14335 21 21 
7730 15658 21 21 20749 4 7850 4 20500 21 21 5 
9620 11259 4 
9620 9462 5 
15658 7509 17872 21787 31 13759 
15458 7388 4 
18498 11284 15138 17872 5980 
20149 21858 5266 
7730 23016 6103 13667 19245 
13909 7509 18498 7957 12780 4 
21810 20463 13727 7850 14336 6103 15671 4 
7426 7730 19150 31 9193 22942 4 
19234 31 22898 18498 15658 11284 19969 5 
20402 9707 18498 15678 9879 5741 
1022 8448 4 
20149 21858 11474 7730 7914 20202 474 5 
16836 1393 21 21 30 21 21 4 
18481 13055 15855 16404 15678 6014 0 
7730 6103 10211 18101 4 
17304 22805 31 9094 
6103 14881 18498 15658 20402 22463 18600 
9193 6103 22463 12939 31 20149 20357 31 7847 443 4 
20357 31 20931 8208 
7730 6256 6103 20402 1612 910 10405 
15658 6256 20149 13405 17438 14453 21636 4 
1612 14539 18498 31 21680 18020 8452 5 
18476 15678 21 21 20074 21 21 11474 
15726 15678 20463 1773 
7730 22805 18498 15299 991 7384 11284 6103 13905 4 
20402 17521 20357 15678 1022 2092 7509 15908 
15678 19509 15658 20402 13909 17521 6650 4 
21282 3610 4766 15678 21551 18498 20149 17304 16765 
15678 18605 11020 15678 15576 13194 5652 20402 4 
15678 18605 22723 20402 15374 17438 2371 
20149 16784 17438 1614 16066 879 5 
2136 15658 13909 20149 8147 
2136 1393 20304 7509 21551 4 
15643 13909 5320 21596 18498 17769 4 
18476 31 8715 15658 13909 14378 22318 4730 
7730 18476 15678 19698 7509 22942 15658 10100 20813 17872 10366 
7730 20539 22463 21389 7345 4 
13405 31 15970 18498 15678 3720 4730 
4796 10211 6103 20149 1487 21340 14498 11515 5 
21873 866 18498 15658 21596 19875 
866 18498 20402 991 7509 20826 
991 7509 15260 4 
866 18498 22020 18784 
31 16192 18498 23135 4229 6103 20825 
7914 866 22970 5 
23135 15658 17629 7384 4 
23135 13055 20402 866 13905 18498 12861 5 
20402 22463 14668 4 18498 31 22942 9743 
20402 13909 7188 6103 349 4 
7509 18498 15855 17872 9094 7730 5320 2136 20222 4 
11731 20149 15658 7914 16083 13727 
15894 13909 349 16083 22897 5 
15658 20149 5335 4766 31 22585 
6103 8060 550 
7730 19553 22463 18478 
18498 22318 9164 4 
15678 21551 22550 16673 20931 910 4 
31 3450 20207 4 31 3450 14763 4 
11787 4 7847 2647 20463 6193 15533 7730 7127 5 
9193 23135 15658 17629 13909 7384 4 
23135 13055 22805 22327 4 
13055 9025 15190 31 15190 4 
7730 19900 18498 15423 15658 11284 23135 4 
19900 18498 15502 15855 17872 4434 
4766 3726 23547 31 6103 22463 5758 
18498 20149 7850 16878 20402 4 7847 12780 8546 20931 3393 
7730 15643 13909 19969 6981 6070 5 
23135 15658 17629 13909 7384 5 
16580 20402 15678 18498 23135 6679 
9193 15658 20402 17521 11284 16580 
15894 10100 31 22942 915 5 
23151 31 21680 13194 7730 31 21793 20127 6103 10211 4653 
21 21 28 14604 28 21 21 7730 20336 22318 7850 14534 5 
28 26 21 
28 1095 20463 10530 
27 27 27 11211 
21 31 16440 6103 11462 15658 7319 7730 15424 21582 13909 7373 20670 17380 4 15678 28 14514 14539 8956 20644 5 18498 21793 20149 10131 5 3058 21409 5 21 
18525 8995 4766 14378 13398 31 15256 
15643 14335 3697 
18470 20420 31 18824 7509 9634 21939 3170 0 
20402 22463 15226 21596 15678 17304 6103 2087 15678 23572 5 
11617 26 26 26 26 6 6103 
21 7850 7127 7914 18498 31 16971 8386 15678 18498 20520 4 15658 5609 15678 20463 18020 4 15678 15190 12780 20149 21858 11570 6103 22821 5 21 
21596 1676 14425 0 
20402 10546 6981 3790 
28 10322 27 
28 28 
28 28 28 22318 15790 
21 17903 16587 4 15894 9193 15658 23016 14335 20357 1889 4 1393 4913 3015 5 21 

