21 12780 3227 15678 7127 6103 11462 17324 15678 1022 21282 16933 31 28 20 20 20 
3227 26 23104 31 22942 21 
21 14604 18533 1097 4 15908 9193 8995 4270 4 9193 11462 9193 8995 9439 6103 8003 20 20 20 20 9193 15585 7850 28 9308 15291 7509 8361 15260 20402 23570 4 5219 22463 9324 17420 20 20 20 20 20 14604 28 15138 15708 20 20 20 20 7730 31 23135 14604 18533 17931 4 15138 15708 20 18498 28 78 3450 22463 20 20 20 20 20 21 
21 7730 30 23135 17629 6103 873 16404 5459 15894 8995 15678 21 21 1097 21 21 5 5 5 5 5 17872 9594 31 22821 1095 20402 21282 28 20 20 20 20 20 11462 7914 7127 31 16971 1190 14234 20 20 20 20 
9743 15678 18498 15658 20402 15678 12939 20402 368 6 18498 20293 11284 22463 15604 4245 5 5 5 5 12780 1021 16083 22897 5 5 5 5 21 
21 8329 11284 22463 13688 4 22463 17318 7730 22463 1025 11284 20825 4 1114 7730 9645 5 7730 8329 11284 20825 4 1114 7730 9645 4 11284 8838 5 
28 28 5 21 
27 20402 0 0 0 0 
21 21 21 22463 5795 15643 17304 1190 4270 15424 22223 5 18525 1027 5792 20402 22463 16971 4290 6103 835 21 21 
28 835 29 21 
21 11462 21620 13909 22463 1249 4 16404 871 20402 3058 4 16404 16083 15424 21389 4 9193 16404 21793 20402 22463 1249 6103 1542 4 6103 19094 5 21793 31 16192 6103 1114 4 3870 4 19456 18498 11462 20402 7491 4 20402 22823 20 31 23135 14604 1097 7730 9626 6679 22463 15604 1249 14149 7730 4290 6103 18780 20 20 20 20 23016 29 7730 22126 16404 15671 15138 9801 4 1114 7730 20127 4 17458 15678 19509 5204 20 20 20 21 
21 28 7491 6 21 21 9193 20293 14335 20357 9808 4 19900 17438 18498 0 17458 9193 15658 8840 15299 6103 15502 4 9408 20293 13822 5 5 5 31 22942 20402 5947 4 8443 1027 31 20931 22942 4 20402 9808 5 5 5 7730 14096 20293 22463 20853 7850 19800 5 23104 31 22942 16404 23135 7730 1276 6103 9594 4 8708 5 1276 6103 10691 4 10648 5 1276 6103 15963 4 16793 5 1276 6103 13895 4 20357 5 1276 6103 15790 4 1027 5 1276 6103 6820 4 21582 5 1276 6103 15036 4 23104 20 20 20 21 21 
3058 15533 20 21 
21 11518 7509 20673 4 472 4 14425 4331 20 
28 14425 4331 472 21 
6679 31 21793 15678 1097 31 22463 9324 28 5 7730 18498 15458 15533 23135 155 31 17478 6103 20931 3962 7730 6103 20463 5528 16404 28 20 20 20 18498 28 15458 15533 15658 16468 6927 20 20 20 
20825 23104 7730 21793 7127 662 20 20 20 
21 17769 2031 20 
20149 22564 3166 2082 16580 4 15425 15258 9901 7914 6421 5 5 5 5 
20149 22564 1034 2082 7251 4 15678 16972 7509 5582 8995 19671 5 5 5 5 
20149 22564 22840 19450 31 22942 1121 4 15425 3070 20149 7475 5 
15658 430 16468 31 23029 7509 1249 6103 3166 7730 16468 15678 19509 7509 1249 7850 22163 20 
15678 1249 15604 18498 20149 1585 15658 21596 15299 6103 15604 20149 15671 15658 21596 2053 15604 20 
18498 7914 29 17511 20402 14426 16169 4 14426 14182 4 14426 8897 4 14426 15253 4 14426 9943 4 14426 5795 20 
18498 7914 29 4 15658 23016 31 19335 15678 8564 6103 29 20 
18498 7914 29 17511 134 13909 4 7901 13909 4 662 13909 20 
18498 7914 29 4 28 17511 20402 15678 4145 13909 7850 4145 20 
18498 7914 29 31 11066 7730 31 14792 7509 20304 9193 340 20 
1027 20 
9901 31 7157 15604 1249 15604 14577 20558 1920 21 
21 11462 16673 14049 7850 11685 9193 20304 28 28 11284 31 1549 7509 21 21 4821 7464 28 21 21 4 1393 18470 21596 31 11514 7914 16429 4 7730 20444 1393 14604 3058 28 20 18498 7847 9193 11165 15458 15604 3610 4 9193 6075 10268 4 16912 7730 7294 16404 20813 20444 20 20 20 21 
21 11462 20402 31 11020 15533 4 15678 7127 7509 9193 10217 5 662 31 9193 9634 17438 21596 14335 753 31 4289 2136 1614 5 17836 9193 2336 28 18498 14335 8361 15138 4 7730 11462 6564 1393 13131 7509 16169 4 15138 15708 20 20 20 21 
21 15995 6103 20402 392 4 20293 4 7730 7914 21793 9193 22942 20444 1393 20304 4766 835 20 
9193 910 10894 1393 20304 4 14604 8869 9532 6103 835 20 20 20 21 
21 7730 18498 15458 7127 15299 11810 20931 9801 20 
18498 9193 20247 20402 19342 6103 20853 20 
3058 7127 1097 31 21 
21 11113 6103 9193 20304 4 13727 13512 5 5 5 5 5 
11113 7850 14336 7509 14265 23104 9193 15253 1027 8956 13727 21 
21 22463 15604 1249 9010 28 31 4809 4 7730 13026 4766 7847 20402 13909 29 28 5 5 5 
7730 21596 15603 29 15604 15941 6103 9743 7174 4 9743 14425 4 9743 13909 5 8840 18498 15458 23575 30 7509 1249 4 17511 5307 18481 9094 9743 3219 5 
29 13055 9010 12780 5 5 5 7730 18498 23016 29 20 20 20 
10273 6103 14924 8810 18498 12894 8918 20 21 
15533 14149 7850 3962 7509 1095 28 28 5 
21 1150 20 7730 16404 4809 22463 9324 7576 4 15299 14425 18498 12780 31 14797 4955 22463 28 23104 7730 17737 8406 15671 5 3058 7127 1097 31 21 
21 14604 28 538 6103 9193 15678 22788 7501 6103 18525 15658 373 4 21282 7235 5 21 
21 11462 20402 22463 7127 15138 8810 4 17324 16429 7509 29 14797 7914 4790 1393 1249 7509 4139 7509 11685 9193 20304 7509 28 28 5 
28 28 16971 18498 452 15138 4 21793 15671 13030 17438 22463 2367 14149 4 17438 22463 10547 12219 4 7730 16673 11020 1114 1393 28 5 
9620 13909 16971 7850 10273 27 21 
21 15459 14924 4 14604 15860 8995 4290 6103 13764 4 13764 6103 20126 4 13764 6103 22225 7730 13764 6103 14799 4924 5 15459 21684 6256 9193 11477 1393 14604 9176 17931 14604 14550 4 16971 18498 14335 8361 15658 20813 14307 4 14335 8361 13606 6103 22942 18498 12894 8918 5 15708 17438 3450 14763 1393 14604 13131 4 15708 17438 16647 7914 9193 15256 7730 14335 8361 31 17819 13375 4 7730 17836 15708 17438 14335 8361 31 4894 14307 7509 4700 5 21793 23135 8995 7730 20293 8995 7914 14604 5528 4 7730 18476 2647 31 20126 14523 7850 3058 13324 4 9193 14924 18498 16468 13030 4 11462 21623 22463 4403 7914 9193 22942 4 7730 4766 31 11066 6103 28 22773 15678 16083 5 6103 21793 14881 15671 5762 23227 4 9193 21853 1097 4 4697 4 4841 7730 308 6103 22327 22463 15604 9634 5 7730 18533 16630 6663 20149 9193 15658 20402 22463 3058 969 4 6663 20149 9193 15658 20402 10766 5 9193 15138 15708 6103 5528 4 662 17438 21596 9790 16440 7509 9193 11454 4 9193 20559 662 5 18533 6256 22463 11477 1393 10474 4 9425 4 18498 20149 21858 14604 1097 31 15138 15708 4 20357 9620 7509 9193 5459 4 7509 3222 4 6103 22327 4 7730 21282 6103 13325 18498 15658 15678 22805 21793 15678 28 9901 4766 15678 5528 1467 9193 31 3058 13324 4 15781 15678 13727 7509 20126 4 7730 21371 15678 1097 18498 5762 4 15708 4841 22773 22463 15604 9169 5 19859 31 9574 4 20357 15138 20126 5 10959 6103 8120 7491 13909 4766 31 910 7509 18498 4766 31 18736 4 20402 15138 3058 20402 9324 8995 21793 13030 7686 21793 8956 21551 4 15658 7491 22463 425 7730 20539 22463 2136 13640 20 21 
21 15658 17629 16784 15678 20828 5 28 8995 18081 31 20931 28 5 5108 4 15963 4 7599 7730 6564 5 1022 20402 22463 15604 7127 4 7730 22327 20402 14425 5 
3058 15533 1097 20 21 
21 7914 4554 6103 28 5 5 5 5 5 3962 8224 4 31 8840 6103 17737 27 
4289 15678 28 8840 17737 16292 28 15658 8918 6103 9193 21 
21 21 21 7730 18498 9193 22942 20402 19342 6074 18498 9193 9743 2727 21 21 21 
1540 31 538 6103 9193 22327 15678 18498 14335 9743 13923 5 15678 14604 5528 4229 12861 6103 7830 9193 31 9193 18736 4229 6103 1114 18191 5 
21 7914 4554 6103 28 5 5 5 
28 4289 23104 15678 14464 28 28 15658 20402 21282 17737 21 
9193 19900 18498 20402 6072 20853 18498 9193 910 17629 20 5 
21 20559 23104 6103 352 4766 15678 20463 14881 6103 23104 5 5 5 15678 18498 15678 16083 16721 4 20402 17877 6318 5 21 
21 31 9193 15533 20402 1920 5 5 5 5 28 2087 27 
15533 7509 22278 29 15533 7451 20357 9620 1097 28 9901 26 21 
21 31 9632 10273 7850 2532 27 
14069 20238 7850 2532 15678 2532 20402 14604 21752 10273 14539 27 21 
21 15678 18498 20402 20402 9808 0 0 0 
20402 9808 20402 6256 6103 20402 23231 7509 17877 7730 20149 21858 2248 7509 18191 11454 5 
20402 2091 6735 20402 6103 20500 4 9193 20402 3735 6103 8147 22463 16119 7850 19004 7509 20931 910 5 21 
21 15658 2631 9387 4 20402 17629 23104 5 7730 23104 20402 15138 13909 18498 9387 5 
3630 7509 28 13727 13512 6103 22463 21551 21 
21 21 21 20149 23135 18533 9233 6141 4 7235 20931 9408 5 21 21 
7730 31 3450 7127 18498 16468 31 16971 9193 21187 5 21 
21 21 21 23104 31 22942 4796 20149 20402 3450 7127 5 15424 15678 23575 15424 15678 17819 15678 23577 5 21 21 28 28 21 
21 1612 18498 15658 13749 16404 21596 15678 10530 18498 18533 4 7102 238 15678 10530 18498 23016 5 10122 10268 10547 21 
21 3058 7127 5 5 5 7957 13398 4 4289 6103 17667 27 
7914 3450 1021 18876 31 15941 6103 18931 5 5 5 
1575 4 614 8956 15941 7730 20402 9808 
15643 21409 16404 12861 20 21 
21 1540 31 20149 4730 7914 17819 13727 15658 20402 7830 4 15424 15995 5 20402 1114 18191 5 21 
21 22463 20853 4 22463 134 1467 4 22463 15286 4 8995 4766 18525 9193 10959 4 19698 2136 31 2601 7545 5 5 5 5 5 
20402 4672 20558 4 9193 14335 9743 15138 9808 20 
20402 9808 20559 20402 9808 22996 16404 4788 21 
21 18533 20 1097 7730 9626 4 9193 5762 22463 18352 7850 28 4 20670 31 11685 7509 28 3738 6103 9193 20304 7509 28 5 15894 19210 20931 11454 4 5879 20402 31 17819 11685 6103 9193 4417 4 20931 17819 9867 15770 7850 1249 6103 29 5 16630 18498 5947 8956 18352 4 17324 1920 12783 14096 23104 8956 11454 4 14096 23104 9193 5896 7730 9193 19240 5 31 3738 9010 13619 7850 7418 6103 28 4 13727 21371 5174 4796 28 5 15458 18352 5320 13909 4 20670 8956 13512 11685 4 7730 20931 11454 18498 9193 8095 5 
31 3738 3610 19859 20463 4139 5 
31 18352 20402 14453 7509 28 21 
21 23104 31 15253 6103 28 7730 9193 4 20244 16605 4978 4 23104 31 23032 11728 31 20304 28 5 5 5 5 
662 20559 662 4 18525 21596 10547 15643 9010 21282 5 
23104 9193 20304 15253 6103 28 7730 9193 9193 18044 18498 31 16633 7509 14604 3610 14604 18376 21154 17159 21 
21 22463 7127 22564 31 12537 7730 20402 19456 5 7850 16083 4 22564 15678 5528 7730 20402 28 20 18476 14335 6075 5320 4 9193 22942 15128 18476 15128 9193 2053 7148 7509 22942 7730 7509 9707 5 
13606 6103 22942 28 20402 13043 21793 7127 20402 7127 6103 15128 21 
21 21 21 8386 31 23167 6103 28 15424 20293 20402 10544 4 9193 5739 18498 7847 9010 7850 4770 7730 5 5 5 
21596 22463 17226 16404 9193 22942 4 9743 31 3610 22657 31 16689 21 21 5 21 
18498 4672 13512 27 15458 11636 13055 14335 17703 4796 12780 14335 22886 5 27 21282 17438 28 27 
21 31 28 7509 22942 5252 7914 9743 7509 22942 22463 15704 6103 28 20 5 
6103 15908 28 9574 20402 28 21 
21 1022 15678 11020 7127 4 15678 7127 1393 18470 9193 8840 15678 1249 21793 1270 5 15678 9975 6103 20247 9193 21939 7509 4417 6103 28 4 7730 8956 9975 6103 20247 21596 15540 4 7730 20149 4229 9867 7509 28 5 9867 18498 8956 1249 4886 29 1249 4 20402 29 1249 6103 10547 4 21942 4 19456 7730 9634 13026 4766 22463 23577 15697 4 472 31 28 4 7730 662 31 9193 20304 7509 28 4 7730 1393 7464 8902 20060 5 662 17438 13909 22463 1249 4 17438 13909 22463 9867 4 20559 662 5 18533 21371 16318 28 28 4 28 28 28 4 28 4 16148 28 5 7730 21793 15671 18498 13030 21793 15678 1249 4 6075 15678 15576 14425 16404 18498 8956 9867 20402 9328 5 16323 16404 15671 4 7730 16404 21793 15678 17563 18498 9193 753 5 15708 28 4 15708 9193 20304 7509 28 7730 7464 8869 20060 5 15138 15708 5 
1022 7127 29 29 12345 31 9867 4766 15678 20060 21649 31 29 7730 15678 11277 7509 14257 5 
7850 7576 7127 29 29 4 19969 7914 17630 31 29 7509 14049 4766 6996 1393 28 5 19969 7509 28 6 2613 6103 28 4 15677 29 5 4145 6103 28 5 21 
21 15299 14425 7509 18498 12780 1393 20495 4 7730 9743 22463 4913 3365 27 20495 1027 28 4908 21 
15855 21282 28 28 28 28 28 5 4346 6103 19698 27 15708 16673 7903 7914 14464 27 2702 20126 20 
21 18498 15643 9193 9620 1114 4 10547 4 20127 7730 8838 5 17324 31 3450 7127 20402 22463 18931 7730 15423 17304 8678 22463 15604 11454 5 21 
28 28 27 9193 9193 740 17658 15678 134 7730 29 5688 5 5 5 27 
27 15855 21282 28 28 28 28 28 28 28 28 5 16673 12939 15678 3960 20402 16816 27 
21 15678 15190 15658 20402 7509 8849 4 
20402 7509 16971 11509 7730 22823 5 
31 8848 22463 7127 20402 6592 7730 23029 22834 5 
31 11510 20149 22020 7914 9365 16404 31 10530 10796 
22463 5609 31 22942 7 
31 16083 8320 31 910 5 21 
21 7730 17872 11462 5 5 5 
16580 6103 8869 20 21 
14335 7491 18498 18525 20825 951 15678 21814 20402 11020 5 21282 18498 8918 6103 14335 16836 20149 9193 21596 14378 6103 3510 5 3058 15533 15643 6820 7509 20463 20826 21596 10547 22327 7850 20463 21551 
4766 4181 20244 7728 15425 31 10343 9594 22327 17629 6103 16971 1920 
3058 7127 20 20 20 368 20293 15643 6820 
21 2655 7509 9193 17812 4 28 5 21 
21 15855 28 28 28 4 472 20 20 20 27 2702 21 
21 5108 7850 19898 6103 28 20402 20359 1129 7914 14336 1393 21553 7509 22942 
5739 7914 28 14335 21858 13909 10259 21 
6103 654 5 
22327 17989 16404 15678 1247 7509 9193 12787 5 
22327 18498 9193 17629 20 20 20 27 
21 15658 9387 16440 16404 1612 18498 16866 9171 7914 15576 5528 5 12780 4766 28 21739 4 1393 21680 13131 16468 14445 12222 4 18498 15424 15678 21551 20402 3735 6103 1400 4 20126 4 20126 7730 13909 20126 5 5 5 5 5 5 5 21 
1920 20402 5 5 5 
28 14335 8361 18498 20537 21371 20402 19484 5 
16475 16816 3630 7509 28 
21 19474 28 6 9193 20402 15678 3610 4 31 22821 7730 31 22942 5 15502 23016 1393 16169 4 31 15658 20402 17438 9193 5 28 29 6 29 21 
21 3058 7127 20 7850 7728 4 8637 15678 20537 5 7847 12034 4 12834 4 4270 4 15658 10691 20931 8208 4 7730 740 17438 4434 4 17745 31 22318 11729 5 21 
27 15678 18498 7491 15678 30 28 27 
31 13759 18498 14335 30 20402 2727 13909 10259 7509 18498 15678 15860 18498 14335 4163 5 
21 18533 662 4 31 21793 18498 3871 10691 22463 21551 7509 20463 7127 16404 14335 6679 9808 1247 4 20402 22463 7127 14149 5 662 1393 18498 13480 5 5 5 14018 14469 4 11980 5 1393 18498 8918 5 5 5 5 1393 18498 9996 18498 8918 5 5 5 5 27 18533 662 31 21793 4 15138 15708 5 28 6103 7914 7521 22327 18498 14335 6679 5 22657 10606 5 21 
21 8995 827 17438 21596 5174 22463 16971 22385 13278 4796 23135 4 22385 7174 4 22385 669 4 14407 4 7802 5 5 5 5 5 5 28 21 
21 11462 9193 18533 2336 28 9743 29 1249 5 9193 28 31 18920 16404 15005 13026 6318 31 9312 29 1249 2116 5 20357 22463 9620 11758 4 22463 22730 18498 15658 20149 17649 5 31 9193 2336 7914 14604 5528 20402 9172 4 7847 23104 7914 14604 16719 31 21793 8992 5 21 
21 31 22898 9193 22942 20402 78 17438 16971 22385 8810 5 18498 9193 21858 13909 9808 17458 31 5174 4 16971 18498 19900 15678 22665 7509 1103 4 7509 16400 5 8956 16971 20402 4796 23135 20311 5 21 
11518 7509 23071 27 15002 23071 15355 
9707 
21 21793 31 15533 18498 9193 4730 9193 3393 7850 22115 4 7730 16673 12899 15855 31 9094 4 14335 23016 7850 16718 17458 7730 22385 7188 288 31 9801 0 9193 2371 14335 13325 18498 9387 22463 28 18498 14335 1027 7730 14335 18044 20293 5 21 
21 11284 14924 7850 22942 7914 18498 20149 7102 3532 7730 6256 18498 15678 20537 9594 1393 5528 4 17324 11284 20352 18498 31 13530 15658 9457 7730 11284 8003 18498 16192 15658 19900 21944 5 21 
21 15678 13905 8561 7509 20402 11570 4 20402 20149 1443 6103 13909 4766 31 16971 5 21 
17458 0 0 0 0 0 0 0 
21 2371 4785 31 13359 31 14469 1341 4 6103 22463 16971 18498 5174 11284 29 28 7730 4785 31 4346 21 
21 18476 15678 1114 20402 13909 10259 4 18498 31 7395 7847 7687 5 21 
21 15458 23575 7127 7509 1249 9193 662 31 28 17438 22327 18498 21596 4 662 16673 20127 4 16673 9634 4 7730 16673 1103 18498 9743 7686 15678 1249 5 
7730 662 18498 6103 871 10211 9743 16440 6981 14604 1249 5 
6679 31 23135 1097 7730 9626 22463 9808 1249 15604 31 21793 5 18498 29 20402 23570 21 
21 21 21 10959 6103 16971 18498 462 15678 8561 4 9605 18498 8995 4766 20126 7730 6256 6103 13131 15678 15995 5 10959 6103 10765 18498 19900 6075 22665 7850 18498 21596 4 7730 18498 9743 17438 14514 7730 15658 9996 20402 15678 18498 15658 20402 5 5 5 5 5 21 21 9901 31 7157 20402 20558 1540 6075 22665 7850 18498 17520 21 
20444 0 1027 8738 21409 
21 3058 15658 19900 17438 15894 4809 9193 12780 13761 27 
10959 6103 662 17438 13909 8956 1249 4766 23135 20463 4273 7730 4273 27 28 28 28 26 28 28 26 28 28 28 28 28 28 28 28 28 28 5 18533 7491 18498 23135 20402 7730 20293 20402 14604 14426 1097 4 15459 1249 20852 4 4351 4 3224 4 6075 5222 22463 1393 16083 4 3213 27 9193 20402 1097 15908 11462 7730 20293 4 6679 31 3450 22463 6103 23135 9808 28 4 7730 22463 18192 1249 15604 4 18498 15678 20825 6103 3450 22463 6103 23135 20149 18779 22463 6318 20402 9130 13030 15678 1249 18498 23016 27 20402 1097 12620 15855 4 8386 20537 4 21596 4920 4 16793 15678 8564 4 11139 20192 4 17794 18511 7730 20155 31 13117 5 
1027 3450 22463 6103 23135 5 21 
21 9193 5739 26 28 18498 7509 10268 1393 10296 4 9743 13048 1393 15952 5 
13398 15678 3510 4 7730 9743 7509 23575 15678 17819 5 21 
21 9193 17931 5 18533 5 11302 
13278 26 27 21 
11518 6103 6564 5 9971 6103 21409 5 3697 
21 3058 20670 11462 21282 21596 31 7491 4 18498 20402 22463 7127 13512 16816 5 3078 15138 951 22886 13512 17868 21 
13176 26 
21 28 20060 4 9193 12158 6103 16933 1393 12763 7509 23172 9943 7730 9942 4 23016 15459 7127 16631 18498 78 31 9193 7730 21793 31 9193 9634 4 16630 21371 17438 21793 14604 1097 7509 30 4 7730 16630 18498 1129 21793 31 5758 7509 28 5 1150 5 23104 9193 20304 28 20 20 20 20 20 20 20 21 
23016 5474 31 21793 16404 31 9193 9867 7509 5758 7730 6103 9193 20304 28 5 18498 20402 15458 7576 7127 29 29 29 5 18498 12345 4766 31 4111 31 29 6 29 7509 14049 5 7850 4964 9193 20304 6103 28 
21 18498 15678 15266 6103 16086 20402 78 4796 20460 20402 5 5 
18498 31 23032 28 12562 17438 9193 1150 5 5 5 5 
15604 30 15604 14577 10122 10197 10547 21 
21 8561 15908 4 1540 11462 4 7730 21095 1022 20 20 20 21 
21 5784 14604 7730 7509 28 5 5 5 5 5 
9193 15658 21596 4026 8956 7576 5 5 5 5 5 
15708 5 5 5 4179 7509 4920 6103 21793 5 5 5 5 5 21 
21 26 20402 15658 20149 11708 4766 22 22 22241 22 22 17285 7509 10555 5 5 5 5 5 5 18476 20149 17785 5603 15678 3952 6 15658 11212 17285 18498 20007 11098 4 12041 4 14487 4 10350 4 684 4 12657 4 2039 5 5 5 5 5 9615 5 
13330 6 15678 7132 16393 26 4 9193 15678 12261 15658 21596 18475 10868 20 20 20 20 20 
26 7730 5739 7914 28 20 20 20 20 20 20 20 20 20 20 20 20 20 21 
21 15658 9743 6103 20931 22942 4 22463 18707 17324 21355 15658 6075 21551 6103 16468 31 13501 5 
3058 21409 21 
21409 14149 16404 6075 22463 16475 5 20402 
9193 15424 368 21623 14604 5942 6103 22350 5 7730 15678 18498 9193 20293 7491 5 6189 7730 31 16917 7 20402 15678 3611 7509 21021 5 8995 15138 15138 9808 
20402 5942 26 7730 22350 
918 4766 31 15253 5 15678 13727 7730 13909 16066 14466 27 
26 7509 21409 5 15138 3058 
21810 26 1276 7509 5942 
21 7850 9078 7509 22942 11284 22463 5951 4229 10297 5 9193 20149 23135 21596 22463 15092 4229 28 4 23135 4289 31 22463 13727 4229 21021 20 20 20 20 20 21 
7850 11020 2635 7509 22942 5 15678 17819 16468 16404 31 28 20402 15678 6679 6103 22773 5 
22821 
6242 22463 4331 21246 
21 662 31 28 17438 13909 22463 7127 78 4766 9193 9634 4 662 31 3369 6103 23104 4 7730 17304 352 31 3450 7127 4 5 17458 31 22942 18931 21793 14049 5 
3058 15533 21 
21 10122 4 10268 4 7730 15697 4 7850 15576 7127 5 20402 8632 21 
21 3058 14539 20402 12780 31 13749 4766 7071 4 134 31 22942 4766 16179 4 16784 4766 4526 7730 22773 4766 16071 4 17458 15678 15190 16933 31 18525 20149 2096 4 7730 31 22942 20402 15138 17872 20402 12423 21 
21 6408 7509 5942 15299 14425 18498 22463 3031 4 20825 6103 22673 5 1027 28 21 
22463 6324 23 
21 21793 1022 20149 5762 26 15908 4 2092 6103 22463 11462 5 
21596 6103 19900 15678 18498 20402 4 16404 19900 15678 18498 20402 5 6103 21 
21 11462 20402 20463 7127 12787 4 9808 1247 20 20 20 20 4 7914 14409 9193 3209 9193 10959 15138 6103 23135 4 1575 8956 7127 17458 7847 20402 21793 20463 4 15855 22318 6679 15138 9801 18498 28 22318 78 20293 4 15855 20402 15138 9808 8995 4 15138 15138 9801 20402 15678 18498 20463 14062 1614 22318 6679 2702 21 
20402 7914 29 5 
21 20149 22463 7127 31 22225 2647 7914 9193 17478 4 9193 7491 31 7847 
14335 6663 31 9801 4289 17819 5 
3058 15533 21 
21 19282 4 4796 9193 14335 19283 5 14523 7850 18498 23135 15658 5174 4796 9193 14523 5 15658 20149 17703 7914 8386 5 23104 22458 18475 8388 5 
31 22898 16098 16468 15678 22797 4 7730 21282 6103 16098 15678 22797 16468 13055 22657 31 16689 21596 15344 5 
23104 20402 15658 21596 13494 16404 20825 5 3058 15533 21 
14604 8893 9726 1027 
21 23 9743 22463 18270 4 2727 19910 4 14876 16440 15138 3058 27 9790 17438 9193 7730 9193 12787 21 
21 11066 31 28 15678 14604 20826 8995 20149 18779 4 17324 3450 7127 18498 16468 9901 15999 6103 9193 14539 4 17458 31 4672 18498 9193 13909 18533 9010 349 4 9193 17818 18533 662 31 28 17458 20244 7847 15658 20402 15299 4 7730 7491 13909 15643 6820 7509 20463 20826 4 17324 17304 368 7847 20149 18779 4 2631 23135 5739 4 8329 28 20402 14604 4387 15299 20402 3735 6103 14335 6448 5 7730 909 28 28 23577 27 7730 9193 9743 15658 8840 349 17458 18525 8840 6103 13909 201 20244 15299 5 21 
21 15643 22240 15678 18498 23135 13909 18533 7850 22942 4 16673 18498 23135 13909 18533 7850 14924 
17324 15678 14924 16468 7730 31 22942 5360 5 3058 15533 21 
1027 8956 22996 18930 28 28 28 28 20402 23570 
21 3058 7576 4 12780 4809 31 22942 11462 4 20244 22225 4 17458 21793 15678 28 20402 7127 6103 18931 4 7730 8678 22463 15604 11454 3058 7127 16404 21793 23135 21 
21 7957 12780 16404 11685 662 16673 7127 6103 11462 4 7730 16630 16404 28 18498 15678 15576 7576 20402 22385 78 18481 11462 20402 21 
18525 18533 23016 1614 7850 9193 3962 9743 10142 8995 31 23167 27 
21 15502 17304 23151 2116 7730 9743 22463 15604 4785 4 9193 18475 22463 17304 18931 7730 9743 22463 15604 9971 5 
3058 21252 16404 21793 14604 1097 7509 30 21 
7957 8118 31 20472 4766 22463 23570 12901 20402 
21 10765 22805 654 7850 21525 4 18498 16971 18498 28 15138 20238 4 21596 17555 19225 4 20475 4 12780 21752 14454 20238 16404 18069 15678 5431 27 21 
21 10765 18498 1027 4796 22463 17211 4766 22463 3058 22996 4 7730 15138 2727 340 4766 1097 7730 1095 4 17458 7384 15643 155 15256 1027 19969 4766 15678 1097 4 15658 9387 15299 14425 7509 18498 4 22463 14534 19746 6103 1097 1027 21 
3058 9971 6103 21409 17563 
21 18533 20304 9193 22942 15812 4 4796 15816 6103 1114 7730 19939 4 18533 9193 22942 31 22318 8414 4 4796 15816 23104 7914 21680 942 4 17324 17872 22318 472 20402 18498 9193 15344 5 5 5 5913 7914 9193 15678 21680 18533 4 9743 15678 18498 9010 7914 21680 5528 5 5 5 5 
7730 18498 3450 7127 4 9193 18533 13909 7730 13909 8995 1393 21680 13131 20304 5 5 5 5 5 5 5 5 5 5 5 5 5 22318 472 20304 20 20 20 20 20 20 20 20 20 20 20 20 20 20 20 20 20 20 20 20 20 20 20 20 20 20 20 20 20 20 20 20 20 20 20 20 21 
21 7957 6075 22463 16475 4 20402 21 
21 4306 20402 11686 1199 4 21282 21596 18498 15658 4796 7277 27 
3058 15533 16404 18525 9901 21450 21 
21 12780 16404 11685 662 16673 15576 7127 6103 11462 4 16673 9193 22942 4 16673 20127 4 
17324 15678 15190 18533 22318 22805 4346 9193 28 22318 18533 20852 4 8443 12780 662 31 28 16673 20853 5 17438 22327 18498 21596 1150 5 20402 21 
21 8443 
16404 18498 16784 21551 4766 13948 4 9615 4 9620 6103 1114 4 6977 4 13923 11590 4 7730 21389 2976 20244 20357 0 
21793 21596 15678 14539 6996 12126 7509 5055 9983 7730 7509 
4526 20699 5 17477 1027 13909 4 3224 13909 4 16793 13909 4 7730 1575 13909 31 22942 5 
1920 20402 31 22942 15658 13405 15299 6281 5 
3058 21409 21 
21 15658 10959 6103 17525 12164 7850 30 9193 8956 9193 21596 7730 17629 17525 5 
23135 2371 14539 20463 10147 4 15144 13055 20402 9786 9743 10142 11474 8443 15424 20149 9605 4 
15855 18533 18498 23135 19900 18498 13055 16784 9193 5107 4 15658 21596 9193 5107 7914 23135 4 7730 19900 18498 15678 18498 9193 9743 4 9605 20402 17877 14604 4 17324 15658 20402 15708 31 18069 15678 18498 9743 16404 15894 12780 9170 5 5 5 17324 31 22942 20402 9193 5 15678 7251 20402 14604 4 15658 16630 15299 16404 23135 4 26 4766 23135 654 20402 21282 15834 4 17324 1612 1103 18498 9193 21596 7847 20149 16784 5 21 
21 17438 13909 12534 4 19671 4 26 4 873 17511 20402 4 20149 15658 20402 11581 4 
15678 20463 14425 20149 16784 7850 1809 5 
31 11580 740 20402 31 16440 13909 16673 7509 19898 5 21 
21 13512 20402 17304 15855 4 21793 15678 28 16404 15678 6014 7730 6592 5 
18498 7914 14336 31 21389 17877 9387 22463 28 18498 9193 16878 4 
20852 5 21 
4766 4181 
21 26 11943 22438 26 26 26 18498 30 28 4 26 14335 7850 15262 21 
21 31 22942 15424 20293 20402 7509 12939 18498 31 10765 18533 4 9193 31 22898 7847 14018 4672 14426 7509 18498 11731 21 
21 17658 14667 22898 16468 15678 7127 7509 15311 22918 4 7509 18498 15311 20244 19900 18498 20402 5553 5 27 21 
21 21282 22318 9605 22463 4672 4 7251 15658 6103 22126 9801 9193 22318 13405 16404 5174 13727 13520 21 
21 17836 18476 9605 18498 8995 22918 4 17563 12711 27 21 
20402 
21 20293 14335 21187 4766 31 22942 4 17324 7847 20293 11139 31 4672 14426 16404 15678 9975 4 17324 31 9801 4289 6103 22463 12939 12221 7730 23570 4 17324 1920 20402 31 22942 20293 9193 21187 4 7730 9193 9743 20293 13909 9808 20 20 20 20 20 20 21 
8995 14335 20357 15138 13909 15138 15138 9808 
21 3058 7127 4 18498 21793 21596 11284 4 22463 23570 20205 5 21 
21 19900 18476 16721 18498 8995 12254 0 8443 2371 1421 22463 16971 7509 15299 4 7730 22318 15061 15678 20853 15603 21 
21 9193 23051 7509 7576 4 14604 17812 28 4 15855 31 17497 7509 20244 22834 27 21 
21 7957 12780 16404 14797 4766 28 28 17324 15458 7576 18533 9901 13909 78 4 7509 18498 13055 20402 20 20 20 20 20 21 
21 1027 7850 26 7730 28 26 4 26 7850 26 20402 3206 4 7730 28 26 20828 28 
3058 15533 7730 3058 7576 21 
21 2464 15908 7850 28 4 15138 26 5 21 
21 26 15658 20402 21596 3906 7509 1249 4 15005 7914 5057 6103 951 16155 4 21596 1429 7850 17583 9170 5 26 14539 20402 21596 3952 4 20402 11509 4 20402 20558 5 12861 16404 9193 18498 20402 20402 26 5 21 
21 7850 10548 20357 9620 4 6103 951 16304 4766 31 17931 4 7730 31 26 4 
17324 23135 20402 10765 9989 5 21 
3848 7509 12901 6103 11462 15488 
21 15678 14604 17233 20402 20402 9808 4 7730 15658 14335 19509 21551 16404 20738 20 20 20 20 21 
21 3058 7127 4 18498 15576 7127 20402 78 4 7730 13325 18498 31 22942 20402 4796 22463 21468 4 9193 15658 16878 8351 5 21 
21 7730 20402 4766 15678 15860 4290 6103 13764 18498 7491 4 4289 6103 20402 2780 4 12780 6075 22665 7730 1114 31 18525 14514 4 17438 18498 21596 22463 7730 16083 18498 15424 9193 13764 20402 7205 6103 21596 4 654 9901 4766 20463 15190 2780 4 17438 18498 9193 12780 20402 9808 5 7730 8918 18498 23135 9387 4 17324 18533 5360 31 20402 22243 17324 5360 4 17458 9193 12780 20402 9808 4 4766 9193 9634 7730 1097 5 16404 23135 21282 14335 19509 7491 425 4 7730 16784 21551 22318 28 6679 18498 23135 20402 9808 4 4796 9193 20402 6073 16404 10366 5 21 
21 7850 8632 16673 14049 4 15138 13278 4766 31 14425 17931 7509 15190 11302 4 15855 31 3790 7509 11302 6103 18525 4796 7730 15658 10959 27 21 
21 2717 15658 20402 13753 4 20402 15390 5 5 21 
21 1103 20244 16630 15299 7914 22240 4 13640 4099 19698 15138 4766 23135 
15708 17438 21858 31 9193 31 9193 14049 13909 8302 27 21 
21 873 7491 7 23104 
9193 23104 5 5 5 5 
873 7491 1027 
9193 1027 5 5 5 5 5 
873 7491 16793 
9193 16793 5 5 5 5 
873 7491 8918 
4766 15678 15860 4290 6103 
13764 19474 
9193 23104 4 1027 4 16793 4 9193 
15643 8918 5 5 5 5 
3058 15533 21 
21 14096 15678 10122 7850 15697 5 
4143 31 10268 16404 13749 5 
22602 31 10547 16404 22773 5 
3058 7127 6679 31 21793 22463 3058 7576 21 
7957 9743 22463 23051 16404 31 21739 18533 9634 21793 6103 3058 
21 23104 21793 15678 14924 12544 17324 15658 20402 15678 14924 18498 14156 
20931 22942 4 9193 20539 31 12546 4766 18498 15678 23104 5 
23104 7730 20402 9808 21 
21 9193 21596 18498 1540 31 20402 4796 15678 20749 4 14539 21282 4766 20155 22053 20463 3219 5 17438 13909 18498 31 16971 22318 11586 15643 16784 31 23167 6103 3219 5 17324 20402 3735 6103 3450 7127 20402 13909 18643 5 21 
21 15658 20402 21282 31 20931 2717 18498 14335 8095 4 7730 20539 15678 20463 12939 6103 20402 5 21 
1027 15286 17485 
21 1114 20402 18476 23135 21596 21793 15678 15083 16404 6820 6103 873 4 9193 15658 6820 5 21 
21 9193 18498 11089 12505 4 18498 15658 20088 21 
21 20402 8302 4796 873 17304 16440 15678 20463 5528 5 5 5 5 5 
7730 23135 740 1145 4766 21793 15678 16620 16440 5 
1920 20402 9193 5 21 
21 18855 20402 9620 6103 8522 4 4676 6072 18498 16721 18498 12862 20402 14532 4499 5 4499 20402 20670 7509 1114 4 7730 7850 1114 15658 11212 8807 16404 15678 18855 5 
27 4179 21 
21 9193 20244 23135 21282 20402 6498 4 22463 2573 20244 14133 4 22463 3629 20244 10083 5 22225 18498 12780 4 22225 18498 23016 5 20244 23135 14604 1114 4 9193 15658 20402 15502 5 
3058 21409 21 
21 11089 11532 4 19969 6103 9193 21 
21 22463 7127 23135 12780 352 7730 15658 11284 13909 21551 16404 9743 31 4672 18498 23135 20293 18533 15424 21596 18525 23135 20293 1027 5 5 5 
8443 16765 18498 21282 9743 15678 18498 15658 10959 4 21282 21681 18525 15658 1027 7730 16784 20463 21551 6103 20402 9808 17438 9743 31 4672 7509 10211 8561 5 
17239 1616 18498 23135 18533 4713 5 
22092 18525 23135 1027 4 4796 23135 18533 20402 22092 5 
18525 9743 31 20931 11454 20402 23135 4 7730 15678 21551 15658 16404 5 21 
21 16404 20402 11020 7730 17307 15658 17629 6103 7251 5 31 23577 4672 18498 9193 15391 20402 21596 31 11580 7914 15576 5528 5 23135 15658 20402 18950 
16673 18498 23135 21596 4 9193 23135 20149 21858 5174 16673 18498 23135 20402 4 7730 9743 5 21 
21 31 16192 18498 13026 6103 28 5762 31 21631 4 15678 14133 4 15678 6014 4 5762 21371 20931 
15253 4 28 5 
7847 20402 8637 4 20402 17640 16404 20402 15253 7509 9942 6103 28 5 
1920 4 21793 31 9388 6103 28 4 9193 20304 4 20402 22463 17269 4956 4766 20463 9942 4 28 5 17438 12861 4 5108 7914 9193 20304 5 18498 9193 20304 6103 28 9193 78 11462 7730 20293 5 17324 9193 7730 21793 9193 9634 5108 7914 22318 5 
17324 20149 9193 31 11514 4 20402 17438 18498 28 31 11514 17819 4 22318 16630 18498 78 21793 15678 14604 1097 4 7730 21793 9193 9634 1027 5 21 
21 13909 22463 7127 18498 4785 4 18498 28 9193 78 7730 18498 17511 21596 9193 22463 7127 6103 3369 5 18498 21793 21596 11284 22463 3058 7127 7730 3058 20247 21 
21 15678 1114 15658 4785 7850 16192 4 15678 1114 4785 7850 15855 5 
16192 20402 16463 4 15855 7687 31 22942 12526 5 21 
21 9193 21582 20402 13278 4 9193 13278 15658 5219 20402 4 10765 13278 21596 16135 
9193 13055 13640 14018 20149 10131 27 21 
21 15678 1114 20402 15678 20352 13909 15520 7914 21793 15678 22520 7730 7847 8995 17737 7850 5528 6103 21793 31 15253 7509 15190 5 4796 22463 28 4 10089 9193 12916 7509 8838 7730 20463 16826 20402 21275 6103 23379 7730 6189 5 15678 1114 6103 15253 20402 31 18191 
11022 6103 28 7914 20931 17268 7730 2717 4 78 31 22942 7730 31 21793 15671 5 
15253 22318 1027 15138 4 14539 21596 9193 3209 27 9193 19900 18498 23135 14335 1027 4 9193 21596 18498 22318 9594 22463 4672 9193 22318 1027 15138 13909 21 
21 7914 21793 9193 22942 21282 18533 22463 4672 5 5 5 5 5 
18498 23135 20149 11862 4815 4 4796 9193 14335 11862 4766 23135 5 21 
21 11462 15658 3488 4766 31 12787 4 15658 2725 19511 5 1027 22327 12861 5 21 
21 7850 9193 11454 4 11284 22463 16440 23577 
31 18498 7850 8147 7730 14335 16784 
15894 14604 8747 20402 21282 16404 22318 659 
15678 1114 14335 18069 7730 14335 22938 5 21 
21 11462 6408 6103 22463 19086 918 4 7914 22463 7509 14426 19511 6103 28 
15658 9387 4672 14425 18498 22463 2725 20670 14543 5 
26 21 
18328 22821 27 
21 31 22898 14335 20357 7914 16083 15190 4 9193 18476 14335 6075 5320 20402 13909 22463 7509 
9743 18498 21596 18498 16468 4 9193 19900 21371 18498 28 20293 9010 1393 14604 13131 
7730 15643 14335 6499 5 17438 12861 19900 18498 22327 18498 28 17229 16404 9193 22942 
9010 23016 5133 14514 5 7730 22327 18498 13909 18533 7730 17629 20402 7509 21680 1114 9193 
19900 18498 28 14335 6075 4 7730 8840 18498 20402 15678 21680 1114 5 3058 15533 31 21793 21 
6679 31 21793 18498 21596 11284 22463 3058 21409 20 20 20 20 20 
21 31 22898 9605 15678 18498 15658 7102 9594 4 16721 7914 18525 15658 7102 16721 5 19900 17458 0 17438 20559 1027 18498 15658 7102 1027 5 21 
21 31 1103 20402 22463 23042 15138 8810 4 7730 15678 13905 17737 18498 873 17304 
18876 5 7847 15658 20149 4913 4 9193 20149 5204 5 20402 13905 18498 15678 17877 7730 15658 
6075 3031 16404 2976 4 31 22823 1103 22657 13909 18498 16067 7730 7146 5 
7847 10959 7509 10765 7509 12939 18498 31 10765 20402 5 
31 1103 19945 20402 18784 31 17743 6103 28 7914 9193 22942 5 21 
18498 5792 9193 78 10994 3450 7127 5 18498 17511 21596 22463 9324 21648 5 3058 15533 31 21793 5 18498 31 16580 6103 28 7730 15678 1114 6103 28 8995 8406 9193 11462 7730 20293 1027 5 
21 31 13764 18498 19969 15658 20402 1612 18498 19969 7509 15860 7730 19761 16673 19800 4 9193 
20402 1612 18498 19969 7509 5528 7730 6582 16673 910 5 21 
21 1114 4 18476 20402 1114 4 21623 7914 2585 5 
20149 21623 7914 20537 4 13055 15658 20402 13909 15299 5 21 
21 15253 17629 7509 21680 4687 17324 21282 31 20304 7730 15678 21680 20666 9942 28 19900 15678 18498 20357 7914 14604 5528 5 15658 8995 15299 2727 21282 31 20304 7730 20463 9942 20402 3735 6103 14335 753 4 7730 1920 22318 16630 14335 753 4 7730 31 15256 7464 20402 9193 23577 8838 17438 12861 22318 11849 14335 753 5 17324 17629 15138 7509 21680 4687 7730 7509 21680 1114 5 15603 22318 21151 14335 753 20 20 20 20 20 20 20 20 20 20 20 20 20 20 20 20 21 
1027 31 15286 7509 6981 16971 18498 3702 15138 
21 13727 14149 21282 18498 13055 20402 19900 31 7178 18498 9743 7914 20463 5528 18476 17159 7850 21631 20060 5 20402 22463 20319 23577 4 13727 18498 20402 15138 7994 5 20244 16192 4 13727 14149 5 13512 5 5 5 5 13512 5 5 5 21 
9051 15458 19511 4796 20293 22327 6103 3058 1027 
21 9193 20402 1453 22463 17297 28 1409 4 22463 1541 7509 21680 1114 5 21 
21 20402 4766 8956 3790 9769 27 18498 9193 21623 14604 7127 5 3058 15533 31 21793 
18498 28 9193 4980 22463 23570 15533 6103 20828 5 21 
9707 20 20 20 20 20 20 20 20 
3058 7127 1097 18498 28 17511 9193 18009 22463 23570 7127 5 
21 28 28 
21 20304 22318 662 4 17324 9193 21739 13055 9010 7914 3962 7730 11066 31 22318 7847 9010 2727 5 21 
21 21282 9387 7558 28 7850 1249 18498 15299 17304 20402 9790 5 
22463 20149 4229 15908 7730 15678 16083 20149 4229 1022 4 17477 11462 20402 15678 7127 4179 16404 
1027 4 368 4 7730 9743 4 7730 17836 23104 5 21 
21 20304 16630 18498 78 9193 21739 18498 9010 12610 16630 18498 13591 7847 6103 21793 13923 4 7730 18498 7847 23151 16404 3962 5 7730 18498 4980 31 7847 13909 7730 13909 1249 6103 22942 5 18044 7847 9193 7730 21793 31 9634 22318 16630 5 21 
21 18498 15576 28 78 15576 7127 7730 9193 6103 15138 16580 4 17324 12780 662 13909 22463 7127 6103 22942 4 13909 22463 7127 4766 20127 5 7730 18498 7847 9193 4980 13909 22463 7127 6103 28 17324 20244 7847 15299 20402 5 3058 7127 7730 22463 23570 21648 5 21 
21 18498 31 15533 15658 20402 6103 22163 4 18498 31 15533 15658 20402 6103 14378 9193 20539 6103 20826 3058 4 18498 31 15533 17511 19363 9193 22463 7127 18498 20149 20402 7730 31 20319 6103 7127 5913 5 18498 31 15533 16468 18691 7730 18498 13640 1021 16404 4809 22327 15603 5 18498 31 15533 15658 19363 22163 4 9193 18498 17511 9193 18009 22463 3058 20828 4 16404 22773 15678 7127 20201 5 3058 15533 31 21793 4 7730 22463 9324 21648 5 21 
27 
10405 4614 4331 18527 1027 15138 22327 12861 
21 7914 22463 2725 7127 22318 5174 7730 20402 31 14425 4672 18498 349 7850 9193 22942 5 
20402 31 17819 22897 18498 20357 8956 20319 6103 9801 18498 654 9743 16440 
5266 7509 9193 22942 5 21 
21 22318 30 1868 4 
17438 21793 26 26 4 23351 30 
26 21389 18498 26 23351 26 4 
26 18498 15643 22318 30 
16891 4 17438 14309 18498 14335 26 13674 
7850 28 12894 5 5 5 26 22318 30 5 5 5 21 
21 21596 10547 20402 1926 22463 10179 7914 3166 7730 6256 18498 28 15423 8678 15678 18498 18533 
20060 28 21 
21 3058 15533 31 21793 4 18498 15678 5792 17511 78 9193 15533 4 7730 9193 4980 22463 23570 7576 5 21 
16440 16404 22463 16475 4766 31 12787 18533 
21409 15138 13688 4766 

