27 
22223 18774 20 
12780 0 28 28 28 28 28 
27 5 5 5 5 20149 349 5 5 5 5 28 28 28 20402 31 18195 20 20 20 20 
6 6103 
27 
27 
20402 9918 20 
21 15708 31 21793 16673 16323 7730 16673 3870 5 28 4 13481 4 16973 4 28 20 20 20 20 6 6103 21 
26 26 5 5 5 5 
25 5 5 5 4796 1920 0 0 0 26 
26 23135 17812 13512 
26 23135 17812 13512 20 6 
21 14604 28 22110 4 15658 5219 19474 15502 20 20 21 
21 13086 28 26 7127 7509 15253 18610 29 31 19677 4 9594 4815 17438 11980 5 21 
30 26 28 30 
21 16972 4 20402 1889 4 8443 4 9605 4815 20813 16673 28 20 21 
24 
1249 15604 5 5 5 5 5 17822 20 20 
28 
21 21 21 17438 13909 18498 15678 15190 18772 20402 22347 4 31 9801 15658 9387 15658 13727 20402 6318 17438 12861 4 3450 16971 7102 22773 12235 7850 13727 15894 20149 8147 654 5 21 21 21 
1247 10547 
30 
25 20 20 20 20 20 
21 15708 16972 16673 16323 4 14539 13667 14335 20357 16936 6103 23135 20 6 6103 21 
2136 31 28 7730 12910 20 27 5 5 5 20 
3031 18498 31 28 9743 16404 9193 20 20 20 9901 13512 26 20 20 20 28 28 

28 28 28 28 28 28 
26 
6 
15678 15190 12526 20 20 20 20 
26 
26 
18498 184 5 5 5 20 20 20 20 20 
23135 18525 2685 5 5 5 7730 9193 18498 19969 4766 3790 6103 3367 5 5 5 27 
27 
21 28 4 2371 12780 9193 5 5 5 5 5 21 
27 
27 5 5 9193 7847 20402 10141 5 5 5 5 288 13520 31 3790 1049 5 5 5 6 6103 
21 27 5 5 5 5 12861 7545 5 5 5 5 20 20 20 20 
17324 20402 5 5 5 5 31 16971 20149 19604 5 5 5 
23 5 5 5 15658 12780 6075 21551 16468 1614 7850 18584 28 28 12780 8995 30 15190 20 20 20 20 15678 23575 7127 7509 1249 20 20 20 20 20 
28 28 
21 7730 2371 28 28 4 12780 13761 11462 15658 20402 0 20 0 20 21 
9193 20402 15138 2084 0 0 0 22327 15190 14335 9605 12861 20 20 20 27 
5 
2464 11462 0 0 0 13033 0 0 0 0 
9193 18533 5 5 5 20402 13512 20 20 5 
6 
14335 13325 6103 23135 20 20 20 20 5 
28 5 5 5 27 
27 
28 28 
21 10648 22463 23136 26 26 6103 28 28 28 26 
3213 5 5 5 264 7914 4290 7850 17737 20 20 27 21 
21 9833 3365 5 5 
18470 15678 19768 10606 0 0 0 21 
9193 18533 20 20 20 5 
27 18498 11529 

