11686 20931 15253 28 17090 
20311 20 20 20 
21 662 31 21793 18498 13325 6103 9193 7850 14604 1247 6103 871 10211 20402 17438 14469 4 13481 16066 28 5 
18498 28 78 21793 20 20 20 21 
8429 10901 28 
20402 2727 22985 28 28 20 20 20 558 26 26 6489 
21 3885 28 20402 20311 5 5 5 7447 21911 5 5 5 18533 23151 1249 18498 23016 20 20 20 
22839 7730 4842 15619 1097 26 22327 13026 7730 14810 21 
11617 997 28 26 26 1631 20 20 20 23016 28 28 20 20 20 
28 20 20 20 20 26 20 20 20 23016 7914 9193 23 
16404 18525 5947 20 20 20 5876 20 20 20 
9808 1249 15604 20 20 20 26 26 26 26 20 20 20 9634 1097 26 26 26 
20402 20536 20244 11686 5 5 5 5 22657 8522 26 18498 23016 29 4766 13909 6474 20 20 20 
15678 23575 6472 7509 1249 20 20 20402 20536 5 15138 8208 17504 20 20 15643 22805 21389 10765 7850 14539 13727 5 5 5 27 
21 20402 22463 1249 4766 15138 7181 7730 21233 4 9193 11066 28 21793 21095 20 20 20 21 
22137 13405 1276 7509 20402 20536 20 20 20 
9808 28 20 20 20 17822 20402 15671 9634 
21 11462 20402 7127 6103 21932 4766 28 20 20 20 
15995 6103 16933 4110 21 
31 5590 20402 21252 5 5 5 9193 8995 18506 2136 11462 5 5 5 27 
26 26 28 
21 5590 1229 20 20 
26 21 
21 3960 7509 28 7730 28 4 9801 1393 3959 5 5 5 21 
17090 
21 27 
5590 7994 5 5 5 15138 15036 5 5 5 9193 22657 31 16689 20 20 20 
2836 6086 15450 29 
27 
21 11066 1393 28 4 11462 19900 15678 18498 20402 21842 16404 15678 28 20 20 20 20 21 
21 31 22942 20402 1920 4 22463 16784 16083 10648 5 5 5 8329 23135 13359 4 13909 22463 10916 7509 28 20 20 20 20 20 21 
8956 20402 9542 16404 4886 31 18069 20 20 20 
26 
5590 2727 16066 
8956 863 8995 6103 3222 4815 20 20 20 20 
21 20402 6472 16673 9193 12787 28 5 15678 6472 20402 18263 871 10343 6103 22463 20060 31 4 22463 28 16066 16148 7509 18470 10959 16066 20149 11649 5 15658 17629 14335 6075 28 16066 13598 20149 15658 5913 4 9193 12780 8789 20054 17438 2371 4 15678 15190 18784 8995 17629 5 
23135 15658 17629 20402 14425 18498 15678 16083 4 9193 14425 16404 15678 16083 16148 28 5 
6472 13185 6472 5913 4 654 9193 6472 14604 1097 6 28 28 4 28 28 28 4 15315 28 26 4 28 6103 5 13712 21 
22137 15678 558 20 20 
28 5 5 5 1393 23104 7850 30 20 20 20 20311 20 20 20 20 
26 10495 28 26 26 28 30 26 
21 30 28 4 28 28 26 28 5 5 5 20402 18498 12780 17769 0 0 0 
11617 997 28 20402 20311 20 20 20 20 28 7730 28 15855 9193 2515 2371 20 20 20 20 20 
24 28 28 16323 20 20 20 20 26 1631 26 26 26 20 20 20 20 
21739 5 5 5 11636 14480 29 1249 20 20 20 
26 26 28 26 5 9971 6103 20247 26 1983 11561 6 28 5 4766 26 28 11617 29 
9324 20 20 20 20 
27 
29 22897 29 5 5 5 19859 20402 20536 5 5 5 27 
3058 21551 20 20 20 
15855 2371 28 5 5 5 
12577 20 20 20 
21 31 26 4796 26 5 5 5 28 4 26 26 26 5 5 5 21 
22657 28 28 20 20 20 2727 3017 5 5 5 27 
4380 15658 20402 6663 20 20 20 
23051 11719 20 20 20 
21 28 4 15315 7730 28 4 23135 23029 15678 15604 4561 7509 30 0 21 
28 26 5 28 30 26 26 
21 28 4 28 4 18651 28 4 28 26 28 4 1631 26 26 0 0 0 21 
21 28 4 18651 28 4 28 5 5 5 28 21787 15138 5 5 5 26 26 26 21 
3058 21551 20 20 20 
21 26 26 5 5 5 5 
26 11617 26 
26 11617 31 26 
26 11617 26 21 
14604 13727 17658 7509 3962 5 5 5 5 5 5 7509 28 5 5 5 27 
26 26 26 1983 26 
28 20 20 20 20 
26 
26 26 26 
12863 22 20539 26 20 20 
26 20 20 
26 26 
26 1983 26 8184 15803 26 
12863 22 20539 26 20 20 
26 26 26 15803 26 26 26 26 20 20 20 20 28 26 26 20060 28 17051 
12863 22 20539 26 5 5 5 27 
22657 28 17090 17438 6256 12861 7850 14604 18487 16404 9193 9901 13909 1271 5 5 5 27 
18195 14577 29 7914 29 9193 20 20 20 20 
2371 28 28 5 5 23135 18498 288 18498 28 20402 19837 5 5 5 5 8956 10273 20402 16404 23135 21596 4181 20 20 20 20 15855 15678 18498 13405 16404 16475 7850 16421 5 5 5 27 
9980 29 7914 29 20 20 20 
8956 22657 31 16689 8720 20 20 20 
20293 12780 20402 1920 20 20 20 20 
16404 4809 15678 21252 2727 20 20 20 
28 28 
21810 8956 17667 20 20 20 
21 21 21 20207 7473 21 21 
9193 21776 19698 6103 14984 5 5 5 5 
28 28 28 
21 14604 1097 5 5 15138 15708 16673 14469 4 13481 4 23051 7730 17737 20 20 20 20 18498 28 78 21793 23135 20 20 20 
22657 21 
11462 20402 7127 6103 2429 20 20 20 
12863 22 20539 26 20 20 20 
3047 9634 16404 4913 3585 6103 29 18772 20 20 20 20244 4795 5 5 5 5 
20311 20 20 20 20 
21 30 26 4 28 4 28 7730 28 5 5 5 12861 9743 23135 13325 6103 866 0 0 0 27 21 
31 22898 15678 20537 20402 31 14425 19484 20 20 20 20 
23032 5 5 5 15678 12960 20402 7871 1393 17406 7509 29 28 17629 6103 22463 9894 21631 0 0 0 27 
5018 20 20 20 
9193 9594 12861 20 20 20 20 20 
21 15855 2371 28 17090 28 4 28 28 7730 28 17090 21 
21 19052 15678 1097 6103 859 20 20 20 20 
13640 13909 22771 7509 28 20 20 20 21 
28 26 7509 21726 20 20 20 
305 7914 10366 1393 10852 28 28 5 5 5 15658 4796 15678 3790 9743 12861 20 20 20 
21 19456 21793 31 19240 9193 8956 16500 14156 28 20402 22463 2524 5 5 5 5 
20402 31 23575 22897 18498 9193 9605 6 28 6103 28 7512 15678 3943 4 9193 15658 7512 31 20303 5 2371 15658 22657 5 6408 4 12780 16630 15678 14668 17872 28 7730 28 15658 12780 6075 21 21 21 
15138 19854 352 4766 8956 21743 6103 15599 20 20 20 
23 16971 16958 5 5 5 27 
15855 2371 28 28 20 20 20 20 
19486 7509 3885 0 0 15424 19900 15678 18498 20402 12861 20 20 20 12780 18498 12780 4788 15678 1247 7509 28 5 5 5 
9124 7509 3885 6 23091 15282 7730 5217 5 
21 20420 15138 3058 4 20149 12861 349 20 20 20 20 21 
28 7730 28 5 5 5 654 19900 17458 15678 28 28 18533 21389 15678 3402 22566 6318 20 20 20 20 27 
27 
12863 22 20539 26 20 20 20 
14466 22463 20 20 20 20 
18481 7770 6103 352 4766 31 20931 11636 20 20 20 
20244 4795 20 20 20 20 
12760 6103 29 20 20 20 
29 6 29 5 5 5 5360 1614 20 20 20 20 27 
11341 7509 19441 20 20 20 
15855 18525 9193 16162 16404 15855 14604 3906 20 20 20 27 
31 21793 14604 1097 5 5 5 
21 31 17106 13749 7509 4429 5 5 5 5 15658 19900 15678 18498 349 5 5 5 12255 16404 15678 28 4 9193 20402 14514 31 28 7509 7509 28 20 20 20 21 

