21 618 6 
29 6103 16086 4289 14604 13591 26 
29 6103 16086 29 21552 6103 26 
29 6103 16086 29 21552 6103 26 
29 6103 16086 13184 6103 26 4 7509 26 
29 6103 16086 14604 1247 8 29 
29 6103 16086 29 21552 6103 28 
871 7728 20670 17458 8956 20402 15678 14425 15266 17872 20293 0 21 
31 10765 20402 17872 20293 20 9193 1027 23135 8 29 
15658 5739 20 20 20 20 20 12861 20402 3058 6329 17872 20402 22821 8 29 8 29 8 29 8 29 8 29 
21 21 21 15678 19116 20149 21858 4 1393 11729 3862 7509 15604 7894 7509 17304 7850 15190 10884 4 31 8510 6072 9515 7914 18498 20149 9990 31 18657 7509 2118 26 7509 5055 11570 4 18498 21596 13727 6103 6987 8406 15678 21539 7730 1268 6103 15576 28 5 5 5 17908 7914 12780 17438 16083 8629 4 6920 20670 15678 19492 7730 15678 14378 18498 15678 19116 18090 5 21 21 
28 28 4 1114 13789 
8956 20402 22463 18553 6103 21793 15671 5 15658 1453 31 16971 7509 28 4 15658 1453 7509 28 4 15658 1453 6103 7446 16587 7850 28 31 22942 11570 4 1229 4 22745 4 21793 31 22942 7102 23016 308 7509 15206 18498 5284 8406 31 15382 5 21 
21 16630 18498 9193 18533 1937 6 
28 7730 28 
28 1393 14915 17030 
31 21546 
15678 21021 31 18475 17807 
23051 15678 20892 5 26 
16630 18498 12780 1937 6 
21 15190 20 9193 21596 22463 2949 654 20 2951 20402 13284 5 27 9594 6103 9956 4 13598 4 8956 4672 5 5 5 22463 7410 7914 21551 22347 8 29 21 
28 17125 14335 11649 5 15138 5 27 
21 28 4 8956 20402 22463 7509 14604 8503 9726 2136 654 7 21 
28 15576 1115 8 29 
21 18476 22327 12861 201 4 12780 17872 28 5 21 
20126 8 29 
21 21596 1393 14604 13131 18525 19900 14335 753 
7730 368 7850 18498 12784 14335 21858 
15678 17556 20402 20558 4 15678 22327 20402 31 15955 21 
28 
28 22327 12861 
21 21 21 26 26 10907 26 31 2547 26 26 2577 26 4 21 21 26 11617 26 21075 11634 0 21 21 21 
26 1631 26 26 11943 26 5 
21083 13679 20 20 16468 7914 10366 7730 6820 
380 20 18498 15286 12094 
21 11617 26 26 26 26 
21662 31 5055 18128 
26 1631 26 11943 26 26 26 5 
21 21 21 20318 12861 2371 18498 15678 28 9594 21 21 21 
23135 8995 6103 3058 22805 22463 1840 817 7509 28 20670 15678 7501 7509 17831 18476 6103 19324 6 
21 26 11678 26 26 26 26 26 22 21298 26 26 
11617 26 26 26 26 21776 26 26 26 
11617 26 26 26 26 21776 26 26 26 26 
26 26 22 18740 26 26 
1027 8 29 
28 7730 9193 8402 
21 1920 4796 7847 9743 4 12780 20402 21024 6 1027 5 21 
8956 14076 7509 28 30 
26 26 14335 26 2377 
9193 26 
27 12094 8 29 
9994 9193 17318 
21 19150 15677 22463 7509 4576 21 21 15790 31 28 21 21 6 1027 31 28 5 20126 7509 28 1027 26 26 9950 7914 21793 15678 16587 7730 17233 16404 26 28 7850 1249 18498 23016 13026 2136 7850 18415 23016 15678 15576 7474 7850 20495 20402 20577 7464 14604 18533 21 
21 14604 15604 18728 26 16468 13909 6103 22998 22898 7850 1673 4 7850 9193 17819 20453 4766 7847 20 21 
31 14425 2154 6103 21588 26 20 
20813 31 22821 5 
28 28 13055 19900 15678 18498 18533 6103 1247 
28 26 26 5 20497 5 26 5 
4289 20 20 20 20 
12861 20402 18498 20402 2154 12616 1672 18219 
21 17872 9769 15678 9833 4 15299 14425 7509 18498 7847 5 21 
21 18481 13909 21551 20149 16468 4 13909 20126 9193 20357 5 7730 20402 17438 12861 18498 9193 1027 23135 5 21 
14425 4842 16404 15678 14426 20497 26 
26 
15036 5 15036 5 15036 7730 20402 17872 6014 
28 14542 15855 21282 12861 20 20 20126 
11462 15658 21681 10273 9193 31 1341 21371 22657 22463 4629 4687 4229 28 28 26 
21 28 4 15138 13520 8 29 21 
17812 28 
1027 15138 
26 
873 19900 6717 17438 1614 2154 6103 19698 15658 20402 9193 2727 18498 18533 
8 29 18498 1114 20 
21 28 4 17458 31 14245 17309 15658 17304 8995 8009 27 21 
21 26 26 26 26 26 26 
26 26 26 26 26 26 26 26 26 
26 26 31 26 26 26 26 
26 26 26 26 26 4 26 26 22 21298 26 26 21 
26 26 7730 15671 20688 
26 21776 9542 28 19735 0 
6103 23151 1393 1249 29 8 29 26 11943 26 26 26 1027 
21 28 4 20357 15678 15669 7509 23414 21 
8840 2136 21252 17438 28 20402 4796 6 
18219 10696 8 29 
28 26 15528 7730 28 28 16811 12780 
20311 20 27 
15678 21269 9942 17438 7558 9942 23577 8 29 
21 21596 31 12551 6103 8125 15678 28 6103 16918 1233 16404 907 31 20118 6103 11729 7730 23222 15403 5 20149 18876 22463 21 21 5947 21 21 12780 8637 22463 16918 16404 23135 6 21 
873 14335 340 0 
21 12861 14335 13325 7509 28 4 18498 15658 13480 17872 8956 4672 8 29 21 
28 27 20311 9010 20304 5 
21 15658 12780 9743 22463 21684 13669 5 21282 18533 9457 16404 15678 15190 4 740 18498 1393 22898 15678 15190 15658 18533 16098 4 15678 18481 16784 5 22463 11474 23577 4 22463 21932 12094 5 22463 23537 6256 8956 8733 20333 7509 22942 16404 20149 21858 14823 13026 1393 16083 11020 5 
23135 15005 7850 5528 6103 21793 15671 4 26 4 28 5 7730 4796 15658 9743 20357 7491 31 17819 22703 7509 10343 4 9901 1614 31 20599 453 4 19456 7730 20126 6103 22463 10546 5 
16580 7730 18029 4 28 5 21 
21 873 17438 9721 4 9439 8956 22886 13949 0 2136 15678 7614 9901 5150 5 5 5 21 
21 15834 0 0 4796 1920 4 14604 28 0 21 
8956 28 20402 22327 6103 3058 
17872 28 5 17458 7847 20402 15678 14425 5 
27 20311 
21 14893 28 4 20402 8956 23222 18498 9193 8995 9594 6 21 
15502 13909 12780 7491 18498 15678 28 20402 12764 24 28 
21 28 7730 28 4 17458 23135 13055 21596 13598 6329 20 21 
21 9193 9605 18498 31 26 8995 6075 26 4 2371 31 18069 5 21 
14425 23222 8 29 
21 22463 22897 7850 22942 6 13078 4 3488 4 9667 7730 16102 7850 14604 3388 5 3488 7509 14049 7850 18268 20402 1920 2926 14425 22278 29 21 
21793 15190 2371 1233 17872 20019 7850 3885 7730 9193 2948 6103 28 5 5 5 7730 9193 1271 16673 15604 2975 8886 15678 9956 17840 
21 30 22 20539 4 28 4 28 5 21 
21 20149 9193 20402 28 4 7847 20402 28 5 18533 20402 28 26 26 28 11731 20149 7847 14335 16468 15678 23221 21 
27 1027 8 29 28 22773 28 
16673 17819 22897 7850 9193 22942 8995 16721 7914 12960 26 15803 26 5 
22821 19604 5 
26 11617 31 26 26 5 
20311 20 
18498 4672 13909 10138 8 29 
15643 16721 15510 1276 5 
18195 1249 31 11029 21282 12780 16404 15678 20497 5 24 20 
873 19900 6103 22463 9956 16066 21266 18498 22657 31 16689 0 
17629 12780 20 20 
21 2371 15658 15658 20402 4 9193 10765 20 15658 6075 17872 19969 9956 1668 20244 7847 20 21 
3697 7730 22240 6103 6004 5 15604 3439 28 21282 18498 15658 5360 28 
21 26 28 7730 8956 20474 18498 15658 4289 4 11300 0 21 
21 11617 26 26 21776 26 26 26 5 26 29 4 26 22 18740 26 26 20 21 
21 21 21 20293 21596 873 18533 22318 5446 18498 15678 3564 20402 12094 5 21 21 17438 9721 4 16404 16971 5 9193 18533 8995 31 29 30 4 15658 14335 15708 31 20357 13909 18655 5 15708 5 21 
21 22327 2727 18498 31 13441 6103 9462 21596 6103 20402 19456 5 9193 7102 1540 31 19456 21371 21793 31 19240 4 12177 5 21 
17438 18498 26 6103 22310 1249 20402 16404 15678 10300 8 29 
14425 1840 7509 28 8 29 
15678 18498 20402 18498 15678 28 28 8995 16721 0 15678 17106 9956 18498 9193 22805 7914 1249 5 
28 26 20 20 4796 20402 18498 23135 9743 12861 4815 0 0 0 0 0 0 0 0 0 0 0 0 0 0 
22463 4672 18498 9193 1027 6 8956 9956 8 29 
21 21450 4 28 20 12780 21409 20 20 21 
9193 16468 5 15658 368 20 29 18230 18268 20 
873 14335 9431 18525 20402 28 28 7730 15678 18498 7847 9743 6103 22385 7205 7730 11709 16404 31 11571 18498 15658 20149 9605 7914 16083 4672 0 
21 24 28 5 5 5 23135 15658 19969 7509 14604 5528 4 14604 9942 5 21 
21 26 15803 26 26 26 16073 20402 26 
26 11617 22 13800 26 26 21776 26 26 26 
26 26 11617 26 26 26 20402 26 11617 26 26 22 20539 26 21 
21 4362 4 18533 22805 31 10546 654 11300 20 
13909 4099 16066 13909 21409 23135 12780 6592 8956 2510 7730 12780 201 14335 23409 8443 13761 12780 6 
28 28 7730 28 28 14335 7491 4766 18525 16393 0 
1233 20402 22327 6103 3058 6 29 
14425 23501 6103 28 18498 13055 9387 5 7730 15855 18498 20402 9193 18525 9605 5 5 5 
1027 8 29 
21 10765 4 14425 9956 6103 30 4 21282 16673 21953 20 5891 17438 7693 7509 28 6 21 
21 11560 6 23273 5 28 5 4766 28 29 29 12200 6103 18498 30 15658 4766 4181 22938 7914 22615 26 29 0 20539 14839 
16404 15678 28 4 31 6223 6103 28 7730 28 5 21 
21 13055 20402 7914 29 29 5 21830 15678 19509 4 28 28 0 21 
28 8995 28 
21 16673 1114 6103 28 4 11978 13640 8956 4319 7730 16404 6103 8125 4766 2609 6103 11303 7730 10159 6103 1839 20 20 20 20 20 20 20 21 
21 28 28 22795 4 14335 9431 20149 15658 20402 31 10765 0 17836 31 16440 7509 21 21 10691 18494 21793 15678 7251 4766 13598 21 21 21 
28 13325 0 14335 20357 1920 11284 5 5 5 19900 13761 5 5 5 7558 1249 0 
21 20725 4 1027 20 20 21 
21 10765 4 18498 184 20 15678 28 4289 7730 7545 15678 4092 17872 22463 14984 6103 10765 4 7730 21596 18525 18910 0 21267 12861 0 14539 18525 15658 10959 4 7730 15855 18498 9193 15643 20402 10546 4 15658 7102 18768 1920 31 22463 1995 22385 2389 5 23 22942 4 12787 5 21 
10989 26 8 29 
26 26 28 26 10989 28 
26 26 5 26 28 
26 12863 26 18772 0 
15658 368 20 30 10559 23 20 
28 6 
26 26 26 26 26 26 
22657 28 20 20559 1027 15678 26 6103 30 
15138 3058 27 
27 4796 20402 18498 9193 5219 18625 6103 19698 5 5 5 7384 0 
1115 20 30 28 11212 26 8 29 20833 
1027 15138 8 29 
9980 4289 20 20 7850 28 16440 7509 18498 
21 3450 7127 13667 14335 9743 20402 13909 20126 6103 23135 5 6663 15658 8995 17737 4 6663 15658 5219 13480 15424 5459 15138 4 19900 18498 9193 1027 23135 5 7730 18533 6256 19140 14539 17872 18476 23135 20357 18498 9193 15658 8995 13761 5 15708 17438 22327 4 20293 5 20149 21596 871 4672 18498 9743 22657 31 16689 21596 8637 31 9574 8561 4 20402 17872 8147 9193 14426 1095 5 21 
21 31 7861 13055 201 7730 740 15138 7318 5 3031 17872 10366 4 15658 20402 0 15678 13307 13055 20402 6439 7730 28 13055 20402 15036 5 21 
15678 13131 3058 7509 7861 6 15678 26 7509 28 8 29 
21 9193 15658 14335 17994 20670 17380 5 21282 7491 18498 15678 7127 7914 18498 871 3664 1380 4796 18006 15678 21 21 3047 13591 21 21 4 16404 18498 4 18481 13909 873 5298 13598 4 13905 20402 15678 6631 16404 15678 13591 20201 4 2371 20539 12780 23174 7914 873 4766 10959 5 21 
8443 4289 6981 11454 18498 15678 2822 20402 14309 5 8995 2371 15678 19169 7509 1233 17872 18069 18498 7847 20402 16816 5 
21 7585 22 21298 26 26 26 4 11678 12863 26 11617 22 30 7509 26 11617 26 5 21 
4730 8956 9956 17872 4809 2727 654 20402 22463 19922 4766 15678 20828 6103 18475 15444 7730 9128 5 
18481 1114 10765 8 29 
12094 20 7847 20402 12094 20 20 
21 11617 28 26 26 26 26 4 26 26 5 11617 28 26 26 26 26 4 26 26 4 26 26 20 21 
26 26 26 26 26 16073 11617 26 5 
1027 6329 20 
22385 16816 20 
21 28 5846 17458 4 1920 4 31 10765 9901 20149 6120 7914 13764 17438 8956 18165 8095 5 21 
28 28 15855 15678 28 20 
26 26 26 11617 26 26 5 
8 29 26 11617 26 14577 20 
28 28 28 20 15855 18498 13512 20 
21 7102 20402 13471 5 16673 11474 5 16393 8302 4 9193 15658 20402 5 21 
28 5846 22805 15678 28 0 
26 8 29 
5598 2240 5 15678 18498 20402 0 15894 23104 0 4796 5219 9604 22385 13511 18498 2136 264 0 
21 28 28 4 21596 22463 28 7850 14604 13591 20 21 
26 26 11617 31 26 5 
27 22657 2371 26 
21 26 14335 4 28 5846 20 15576 21562 20402 13512 20 21 
21 16404 28 5846 23135 17629 16098 8956 6 26 26 26 22 18740 26 26 
12863 26 22 21298 26 26 22 30 26 26 21 
26 26 26 26 14335 26 5 
15669 28 6103 17667 6 28 5 
28 28 28 18533 22805 18525 20402 10546 654 11300 20 
28 28 22795 23 20 
21 28 28 17458 20402 18498 12861 1920 4 18350 4 14335 13325 7850 11518 6103 23135 0 27 21 
12861 1614 20402 20559 22385 31 10765 5 
21 1612 15995 18498 6075 6103 20402 26 8 29 
8 29 
7839 15678 15081 16673 18470 8995 1614 5 4796 26 20 
21 28 5846 4 28 6103 28 28 7730 28 28 4 7957 0 21 
21 28 28 22795 12780 0 
21 28 28 28 4 15855 12861 20 
20126 6981 21266 14149 20 
14425 12874 26 26 18498 12894 9387 20 14425 23222 7850 28 18498 12894 9387 20 28 28 23135 21596 18498 22805 12861 20 
5638 26 28 20 
21 27 19698 15138 4 19698 951 4 7730 19698 6103 22463 2976 20244 21364 4 4796 17304 0 0 21 
20402 22942 20402 15138 5947 17872 20149 21596 15936 20670 22327 5 
21 873 22126 15678 3058 21551 6103 23151 20 873 22126 15678 28 7730 31 19795 4 15678 26 7730 15678 26 5 5 5 26 4 873 22126 15678 4581 6103 23151 7730 13405 8956 11663 6981 10672 11875 20 28 5846 4 28 6103 28 28 7730 28 28 21 
8 29 1027 
28 28 28 7847 20402 3735 6103 352 15678 15036 5 
21 26 28 20 26 26 4 26 26 20 26 26 26 26 26 20 26 28 26 20 28 26 20 26 3789 30 26 20 26 26 26 5 5 5 4060 12863 22 20539 26 26 29 20 21 
3058 20420 20149 20293 20402 1920 20 
21 17872 7847 18498 4 1471 6103 15658 8406 7914 28 16066 28 4 5360 20402 15678 14604 11341 5 26 26 26 26 30 26 18328 16053 21 
21 560 4 14604 16169 14514 15678 14425 3031 7509 15190 20 21083 11341 21 
16816 16816 20 23 28 
21 28 28 28 4 15678 17819 20402 22463 9456 7509 28 20 21 
28 5846 17719 16404 12780 4815 22805 8956 20 
21 27 28 20 28 5846 4 28 6103 28 28 4 28 28 15678 5 15678 21 
28 28 28 15576 26 7730 20463 26 6103 2130 20 27 
15138 13278 20 
28 28 
21 28 28 23135 15658 19900 5 5 5 21793 15678 14604 9970 9726 20402 30 5 20402 4 9193 18784 8995 9686 17438 12861 21 
21 3082 4 14604 4253 8 29 21 
14604 28 12861 6103 9707 17304 349 0 0 0 0 0 
21 27 26 26 4 26 26 20 20 20 20 20 21 
1027 20402 7730 2371 8995 9435 14604 10959 17438 28 5 
21 20293 20 23554 13761 4 28 26 20 8 29 21 
28 28 15855 12861 20 20 20 20 20 
22463 16620 7509 13576 15036 5 22463 16620 8322 5 
733 18498 4672 10138 20 
4796 15502 16721 15510 1276 0 
21 27 8443 8995 3058 4 20149 23135 8995 7491 5 21 
21681 15481 5 21681 15481 17872 3807 5 21681 15481 2136 15678 18195 1249 5 9193 1027 15481 15481 20402 15678 14425 5537 7509 28 
14838 6103 18686 30 28 28 14133 18533 21596 12780 7850 11702 6103 28 
23104 16851 28 4417 13909 18019 31 26 
1609 12261 6 17458 15678 12726 1614 1966 2136 8945 20 
21 20244 28 15658 11284 26 4 9193 10765 5 21 
20 28 28 20 

