21 16404 31 4676 18498 20402 8254 6566 5 7640 7916 0 0 0 
21 14156 4796 13471 21 21 7563 28 21 21 21 
21 14156 4796 13359 21 21 31 22116 21 21 21 
21 14156 4796 13471 21 21 15678 6026 7509 28 21 21 21 
21 8956 23222 17304 15128 20931 10211 6103 16721 7730 23104 31 22942 5 21 21 20149 23135 15658 9387 18498 9620 9743 0 21 21 15138 15658 9743 9620 871 4 15658 20402 22463 6318 5 
15678 23222 20402 13669 9193 15678 18498 20402 29 29 16936 7509 16083 29 29 18498 23135 16468 7850 13907 7509 22898 9743 12696 7730 12960 31 22942 20402 5 
11020 17923 9970 28 28 
21 
21 15855 12861 14604 1114 28 18670 20 15138 3058 8956 26 20 16393 15450 9193 15658 20402 27 8956 3643 20402 2727 12577 20 20 20 20 20 
28 28 28 18670 9193 19900 18498 23135 21371 18494 15658 10959 15658 20402 4 1937 15678 26 21371 27 21 
21 16404 18525 10959 6103 22137 16958 
21 16404 31 15144 18498 16630 7157 7730 7166 2371 12780 20 
21 14156 4796 9726 21 21 18525 20402 23135 4 28 0 21 21 21 
21 13055 13359 21 21 18525 20402 23135 4 28 0 21 21 21 
21 31 22942 17304 20402 7188 15138 22898 4 20402 7188 17458 15671 4894 22327 4 18476 7850 9971 31 22821 8995 7850 20560 5 17458 31 9801 20149 8147 7850 5528 6103 18525 20149 1027 4 9010 9193 15855 20584 4 9193 16477 6957 4 9193 17836 7850 1114 4 1920 4796 7847 20402 4 20558 4 18328 4 6638 7730 20244 12578 5 6990 10211 9193 22942 21596 20149 22020 1393 13131 6981 16971 12092 12094 5 9193 22318 1027 17831 20 21 
7730 7847 4886 7847 7730 22932 18498 15424 9785 4766 1815 
21 14156 4796 9726 21 21 31 5891 20402 7509 9094 21 21 21 
21 13055 13359 21 21 15678 21591 28 21 21 21 
21 13055 13359 21 21 31 11329 21 21 21 
21 13055 13359 21 21 15678 16083 13131 7509 14406 21 21 21 
21 13909 22463 1249 23016 20149 8120 7730 16083 12345 4 16404 15138 20402 21282 13909 22463 1249 4 16404 9193 15658 5 5 5 
21793 12760 6103 1249 20402 21551 6103 19295 31 2647 4 8125 15678 18284 16404 21810 10171 16404 794 15604 14577 4 15619 20826 7730 20402 740 13909 21253 7730 9808 20 20 4796 13055 7491 28 19867 6 18525 368 20293 794 20 
7730 16404 1612 18498 8995 19746 6103 16971 6446 7730 9901 1756 13909 16971 16404 15678 90 9193 7491 6 21 21 5 5 5 15643 6256 18498 7850 7491 18498 15658 22657 31 16689 368 7850 20825 18498 20149 21596 4 16066 18498 20463 17233 15643 12780 6075 4179 4 16066 18498 23135 15643 12780 20402 873 5 5 5 20149 23135 18533 873 7914 18525 5108 4 5108 7914 20500 14539 20 21 21 
17438 12861 8956 29 20402 21551 6103 22773 7850 22942 4 20402 21551 6103 794 15619 16508 7509 9801 7730 6103 3348 31 19898 7914 28 20 20 
22463 9652 29 16404 21793 15678 14604 1097 7730 9626 20 7730 22463 14425 740 16404 15678 18498 15658 10959 6103 9193 20 16404 18498 3348 15678 3610 4 31 22821 7730 31 22942 20 20 
7730 20402 12861 26 4 
26 11617 22 13800 26 5 5 5 5 
21 18533 13359 21 21 15678 6026 7509 28 21 21 21 
21 8995 13359 21 21 15678 16083 13131 7509 14406 21 21 21 
21 13055 13359 21 21 15678 4569 6103 5792 21 21 21 
21 26 16816 4 21282 9620 31 28 19795 5 5 5 27 21 
21 13055 13359 21 21 20809 6103 28 2570 21 21 21 
21 8956 20402 15678 20853 18498 14335 6608 4 14335 8095 7730 7573 14604 5528 5 20402 15458 14924 18498 15299 13909 11862 1393 15658 20402 8995 1393 20463 13131 5 21 
2371 28 28 30 15678 5795 740 21596 15138 31 1540 4766 31 10547 7730 19456 5 5 5 
21 17106 18498 20402 22821 14539 15658 20402 14604 1114 4 28 18670 27 21 
8956 20402 16404 873 18498 15658 3697 6103 7491 12861 20 20 15658 20402 28 18670 0 27 
22463 15190 4290 6103 12446 20 20 13359 20 20 20 20 
21 5 5 5 16793 31 9193 15809 4 1920 4796 15671 16793 31 18525 9193 21596 15806 5 5 5 
20149 31 16971 16367 16404 16721 7850 16958 18498 7847 21596 4 15658 7491 7847 4766 21389 10385 15424 4766 21389 11514 5 5 5 21 
18328 22821 7730 9620 6103 10547 20 20 
21 9605 18498 22463 11729 7491 13909 7509 18498 14667 16192 4 9193 8956 11729 9457 13909 7509 18498 7118 14667 16192 15658 20420 3735 6103 7491 21 
21 22805 21389 12861 17438 2371 5 5 5 5 
21 15658 20402 17629 7491 13909 15299 4 31 10343 7491 17438 20500 21282 5 5 5 5 21 
20402 31 13441 7509 16971 18498 31 9743 8092 20 20 20 
3216 3711 20 20 20 20 20 16323 28 28 
21 17872 18525 15658 21596 14378 7509 15689 4 16468 31 21596 31 16440 6103 11462 5 5 5 21 
21 21 21 20402 7589 7509 15576 1022 4 20149 8995 22507 7914 20616 4766 15678 15576 20826 4 14539 20149 15658 20402 11686 4 17324 15658 20402 11686 5 5 5 21 21 21 
8956 14604 1114 9743 11066 7850 10273 5 5 5 20402 17438 8956 7730 16083 18498 14604 7127 11462 20402 15138 13909 827 7730 9808 20 13909 6103 14667 15083 16404 21596 22463 3058 7127 20 20 20 
21 19900 18476 23135 8720 22463 15286 18498 7491 20559 22327 18498 9010 7850 20463 5528 0 23135 21596 23167 11079 871 10343 4 9193 18476 20149 6075 5320 4 23135 13055 11079 21793 31 15286 20 1920 20402 8956 9547 3718 14604 2727 20 
16721 18498 7914 21793 9193 22942 
15643 20402 
5174 873 1920 
21680 12939 4815 
13512 
9790 21282 17872 9193 
12780 8386 8956 13690 
6103 18533 
8995 20293 4766 23135 
16393 18498 23135 19900 21389 
20670 15678 18498 9193 18533 22318 9594 
22318 15855 9193 15860 
22918 
4766 23135 17872 18475 13727 
31 9193 13481 
15678 18498 349 
15658 21596 9433 
9193 10959 21389 6103 23135 
20244 23135 31 22942 16784 31 11066 
9193 10959 21389 6103 23135 
20244 23135 31 22942 16784 31 11066 
9193 18533 23135 21282 17872 9193 
22240 22327 17438 22463 7127 4766 23135 
15678 18498 349 4766 31 10765 
20149 9193 9594 
15502 12780 368 
31 11518 23029 20209 
14335 16784 21916 
14335 16784 7914 23135 
15424 19900 13909 15678 7127 7509 20247 
16066 15678 18498 9193 12780 9743 
18476 2647 31 16179 
22463 134 1467 
4687 7914 23135 
20149 12780 9193 20049 
7730 15658 2700 6072 
17511 20357 23135 
22318 15855 9193 15860 
22918 
4766 23135 17872 18475 13727 
9193 10959 21389 6103 23135 
20244 23135 31 22942 16784 31 11066 
9193 10959 21389 6103 23135 
20244 23135 31 22942 16784 31 11066 
9193 18533 23135 21282 17872 9193 
22240 22327 17438 22463 7127 4766 23135 
17068 7509 19173 22318 10959 6329 21 
21 28 20293 9193 6075 5139 7914 14336 1393 22225 4 16580 7914 14336 1393 21546 4 8964 7914 14336 1393 15127 4 16802 7914 14336 1393 16605 7730 1114 7914 14336 1393 23560 5 
18525 20402 16126 19440 2136 15678 14924 15945 7 6408 4 835 7850 20402 19515 5 
30 29 4 29 21 
21 5 5 5 20402 22385 4179 4 18481 15678 3564 7509 10159 4 20402 22385 4179 4 18481 15678 3564 7509 10159 4 9193 13055 15658 21596 8637 4 9193 16429 7509 20463 12960 4 9193 16429 5 5 5 21 
20852 14604 1114 20 20 17324 9193 13055 8995 20852 17872 22318 5 5 5 
21 11284 20352 7914 18498 15424 15678 13909 22723 7509 23124 17304 9457 4766 9913 31 20931 12546 4 31 11024 6075 14924 4 15502 4 15502 17304 8386 4 4915 16066 21944 4 17458 7850 15704 6103 28 4 21282 7847 21596 19900 7509 22823 16014 7509 1114 5 5 5 5 21 
21 12125 7509 5734 4 12125 6103 10960 15220 
21 28 20293 9193 6075 5139 7914 14336 1393 22225 4 16580 7914 14336 1393 21546 4 8964 7914 14336 1393 15127 4 16802 7914 14336 1393 16605 7730 1114 7914 14336 1393 23560 5 21 
21 753 31 21793 6103 21793 15678 20463 5528 4 6103 21793 31 20931 910 4 6103 21793 31 20931 10268 1393 1612 8995 1393 20463 19030 7730 4510 17438 753 4 20244 8840 15299 7914 22240 15643 20 20 21 
21 21 21 15658 22657 31 16689 21596 22327 7850 22942 4 20149 9193 15658 21596 7730 21680 1114 21 21 21 
21 8995 9431 17458 31 16971 21 21 18498 16647 22144 7850 9009 6103 28 4 28 4 13759 20402 22385 7802 5 5 5 21 
15643 20149 8918 7509 2614 5 5 5 
12894 20149 8918 7509 2614 5 5 5 
6103 5935 15678 15190 8995 4290 9193 3058 23167 7914 753 8995 7914 9496 5 5 5 
9172 1541 5 5 5 
3472 0 0 0 0 0 
21 16468 16673 11020 19939 7509 11571 4 31 16179 6103 15576 20304 28 5792 4 7730 6387 15678 23206 8360 18498 7847 9193 6256 8956 20402 22463 7509 13905 20 19089 6 
21 21 17458 18533 7730 21582 20402 15678 18498 9193 15658 20402 4 20149 1612 18498 20402 155 15256 6103 20402 21 21 
15823 30 5 21 
21 991 6103 14335 8344 4 8254 4 13722 8956 28 28 740 14335 21752 31 2031 7850 11518 10273 5 5 5 3222 22805 20 20 27 21 
16468 31 16882 7914 9193 5 5 5 20402 13575 8254 27 740 2727 18498 19969 6103 3962 1820 7730 13501 5 5 5 27 
21 31 18774 7509 20402 11570 9809 1453 22463 16440 6318 5 5 5 
3216 3711 5938 20 
21 7730 18525 7491 15286 21 21 4581 21 21 15658 17304 21596 7407 0 27 21 
21 15138 3058 21409 31 21793 20 662 6103 5528 14539 31 21793 18498 13325 7509 14604 1247 20 7730 14335 6075 16323 20402 16673 28 4 20402 16973 20 20 18498 22327 15678 18498 7491 28 7850 4980 7914 7521 20 20 20 15138 15708 14539 20 20 20 22657 21 
4696 4094 20293 20 
21 11875 15658 9743 12861 16098 15286 3058 4 20402 2240 27 
21 22657 15138 31 16689 13359 4 15658 11284 18525 15658 8561 7914 22463 7509 29 21 
23355 20 20 20 
21 12255 31 4672 15128 4 31 16971 15128 5 5 5 15678 21551 20402 16083 5 5 5 
3450 7127 18498 16468 4 31 16971 8995 13909 16393 4766 31 15244 4 10405 4 12217 4 21793 21 21 16155 21 21 5 5 5 
134 4796 20149 15658 134 5 5 5 
20852 4796 20149 15658 20852 5 5 5 7730 15658 1027 5 5 5 5 
23104 4796 20149 15658 9387 7730 9387 4796 20149 15658 23104 21 
21 21 21 20149 13026 1393 3058 7730 20402 22463 6318 4 20149 13026 1393 14309 7730 20402 17106 7509 18498 7847 21 21 21 
21 21 21 20954 31 3450 6240 20244 21752 15678 13727 6103 15502 4 17324 31 3369 18498 8995 7850 951 20402 6996 31 18525 13749 16404 794 5 21 21 21 
21 20149 21793 4050 21596 12861 4796 17838 15678 15190 20420 2727 14425 5 5 5 
15678 13905 2727 18498 17304 9743 1393 16083 15658 20402 15813 31 9193 19695 4 9193 13421 31 6592 31 6318 5 
7730 13330 18498 18476 23135 9743 18475 4672 7914 9721 7509 18195 4 8995 9743 2727 31 20500 14539 5 21 
21 21 21 18476 15658 20149 17304 9594 2727 6103 22463 7070 16971 4 15678 14425 14539 20402 18498 15658 20149 7491 15299 4 17458 31 6334 2031 18498 6184 31 15726 16066 5799 15678 6198 876 7102 20402 6075 1393 15576 18191 6198 4 21582 5602 5 21 21 21 
21 12125 6103 19240 8956 20402 31 11020 22821 20 20 20 
22327 18498 9193 18533 20 20 13480 21793 7127 27 
21596 10765 18498 288 3086 20402 9786 5 5 5 
21 21 21 7914 22463 15190 9790 6103 1434 4 9808 20402 1612 18498 20402 9790 6103 22821 21 21 5 21 
21 20402 5 5 5 21596 10765 18498 9605 15138 4 5799 15138 4 9193 7850 11518 6103 636 4 20402 22463 3119 21 
21 21 21 12062 21793 15671 3348 873 16404 6452 22463 17556 4 20149 155 4 4854 15678 17877 4 8423 15425 6103 15671 21596 31 5521 6103 21810 31 12346 4 6103 16630 753 16404 31 16971 4 1097 5 5 5 21 21 21 
27 
21 21 21 16393 18498 21596 10765 18498 23016 1393 15190 4766 16580 7850 134 4 13759 7850 20853 7730 5929 7850 15855 5 10765 18498 15658 21040 4 7934 5 22564 15678 19703 5371 31 6738 5 10765 18498 21282 7786 4 18498 19900 15678 18498 20402 20402 7509 2727 5 18498 15658 4289 7850 9193 22942 21282 6103 16464 5 23016 16404 20402 15576 4387 5 10765 4290 6103 28 5 21 21 
12861 15658 20402 20402 4050 4 9219 4 3281 5 5 5 8235 15678 18498 20402 4 20402 20402 10765 6103 22821 20 20 15678 15190 3851 6103 16971 1920 5 5 5 5 21 
21 21 21 31 22942 20402 4796 22463 17021 5 
21474 3166 19363 31 9801 7730 31 17790 31 1220 5 4766 15678 16468 7509 21551 23135 16765 18498 31 21474 17790 21371 9743 15286 5 21 21 
18376 5 28 28 5 21 
28 28 15658 17629 9594 13909 15299 5 5 5 
21 21596 10547 5 5 5 
15678 20826 18498 28 21596 16404 31 22318 22942 5 
12894 12780 15036 4 15678 20826 18498 7847 20825 16404 22318 4 20402 13905 7509 18498 15678 21680 20 
18376 5 28 28 21 
15658 20402 14539 28 4646 20 20 20 27 
21 21 21 20402 9808 20402 8147 10268 7850 16802 4 8838 7850 2635 4 20214 7850 16196 7509 14378 4 1114 9193 6711 5 
20402 662 31 28 31 3450 14763 16673 14668 7509 22942 5 21 21 
18376 5 28 28 5 21 
21 7491 22327 5 5 5 
3610 827 16673 22942 20 
17239 20258 3058 6103 16580 7730 16061 4 23104 2727 4766 20931 5216 5 
753 1393 16083 15678 13909 18498 17304 4 6103 21340 10211 18498 20931 22942 20149 21810 22463 835 5266 4 17438 2748 31 21793 5 
15658 16836 20149 7847 662 16066 19567 31 23135 5 
9743 15678 2727 4 20244 16721 7850 18937 4 17458 21282 1920 23135 6355 1114 16404 4766 21793 5 
18376 5 28 28 5 21 
19456 20402 17629 20 
21 31 17908 7509 9801 5 5 5 
13512 20402 17304 15855 21793 15678 28 16404 15678 6014 7730 6592 18498 7914 14336 31 21389 17877 4 9387 22463 28 18498 9193 16878 20852 5 
8443 15658 6820 4 20852 5 
23135 20402 13909 10259 7509 18498 16721 7730 20402 13909 9808 7509 18498 11731 5 
18376 5 28 28 5 21 
21 15678 21551 20402 15138 13347 16404 15678 18498 8840 4 15138 19871 16404 15678 18498 21596 14378 4 15138 13669 16404 15678 18498 13166 4 15138 5947 16404 15678 18498 9868 5 
9193 4 16404 15678 18498 1027 4 15678 21551 20402 9173 5 5 5 21 
21 23104 31 22942 15637 3058 5 5 5 
21 21 18476 6592 18498 163 15299 20402 6222 4 12027 31 22942 4 4915 31 12696 7509 15995 4 31 21803 7509 7363 4 31 9138 7509 1809 4 7730 31 12031 7509 21804 15243 5 21 21 
18376 5 28 28 21 
21 20402 17438 12861 18498 17658 9901 18559 5 5 5 
22463 9365 22657 13909 7509 18498 15138 7317 5 
18498 430 17664 1393 16083 20149 23135 15658 17599 0 
18376 5 28 28 5 21 
21 9808 20402 21793 1612 18498 490 15678 17623 7563 6103 22020 22463 18494 15299 7914 18494 22327 5 
9808 20402 1612 18498 19900 6075 22665 31 22463 20558 20853 6103 3076 5 
20402 9808 21793 18498 662 21793 15678 28 15678 7563 7509 22942 6 
15708 20304 20 
18376 5 28 28 21 
21 17318 7509 15286 5 5 5 
21 21 20149 15678 15190 20402 14539 16393 4766 15678 18498 22805 4 17658 368 7850 15190 7509 14604 12939 21 21 
28 19867 5 21 
21 12861 20402 1540 31 23104 6103 22821 5 5 5 
7686 31 20402 10864 4 15138 1233 15036 17438 4060 7509 10405 5 15678 17449 4 16765 31 20644 4 19450 13027 7914 11112 4 1920 20149 616 7730 20149 18044 15232 4 9193 15678 8865 6103 3450 22463 9835 15678 4841 13909 18195 4 13042 15678 18498 15812 13909 3564 5 
17438 12861 4 6146 539 22463 7509 16083 7730 4809 6103 15604 31 15036 5156 5 8443 4 17629 9743 22463 8637 6 16066 6507 7509 21631 16066 238 15678 8865 7509 4841 5 
4766 19898 4 6146 23151 31 9901 13030 5 1540 4 1920 4 31 5484 4766 31 16753 9835 18498 31 19225 4766 22463 16971 15138 18195 17304 4060 4 13055 18498 15678 13909 11861 20402 15678 3564 7509 16083 5 
7730 4 1920 4 20688 5 
14996 7509 11454 6 15678 14425 19205 15658 20402 1612 18498 22507 16971 16816 4 9193 1612 15894 3450 22463 1540 31 5484 4766 15678 6198 7509 16083 4 7730 452 20931 18471 5 
18376 5 28 28 5 21 
21 21 21 22463 16971 9808 15658 21596 15678 14425 6103 22327 4 7847 20559 21858 22327 14425 20 21 21 
18376 5 28 28 5 21 
21 20402 15678 18498 20293 7491 31 16971 5 5 5 
21 21 20149 22327 7850 22942 20402 21282 835 4 31 16971 15658 6075 22665 31 9801 5 
23502 22898 20402 17629 4346 16404 19900 15678 18481 20402 3058 20852 5 
20402 17629 20357 20126 16404 19900 15678 18481 10959 6103 873 5 
18476 21596 22327 4 15299 16393 21596 22665 5 21 21 
18376 5 28 28 5 21 
21 20559 20311 
21 21 31 22898 18476 16468 17438 14924 7188 9193 16836 15894 8995 28 4 9193 13330 4 20402 7686 31 18069 18498 15678 17930 9901 7914 20537 5 21 21 
18376 5 28 28 5 21 
21 21 21 4289 22463 21551 7850 22942 18498 31 10765 1540 18498 15502 9193 6137 5 
15671 20402 18498 4730 9408 6329 20670 31 16971 5 
3450 22463 20402 15678 18498 20402 7730 15812 1616 18498 21596 7730 17304 15812 5 21 21 
2725 10343 23 7589 28 28 20 27 21 
21 15138 3058 8956 20 20 20 31 22898 20402 3058 23104 6103 20826 7730 11723 5 5 5 5 27 
21 16816 20 20 
21 21 20149 873 7850 9769 31 17478 4 15658 10691 8208 4766 15678 5147 4 17908 31 12899 5 13330 7509 19898 7509 702 6 31 702 15643 7319 4766 20463 15745 4 9193 15678 5369 5 21 21 
18376 5 28 28 5 21 
21 15658 13010 20463 18195 5 
15658 16721 13923 7509 16971 5 
18481 22898 31 1434 8256 4 7730 15678 18498 16721 20402 22463 8561 20402 15678 18498 8995 4179 9193 16083 5 
15658 13010 16404 15658 20402 13010 20 
20149 23135 8995 7850 20644 21 21 6318 21 21 4 21355 9743 17106 4 7730 15658 10959 18498 15678 13010 13923 5 
15658 9743 1393 16083 15678 18498 15658 10959 18498 15678 16083 9743 31 23135 5 
18376 5 28 28 5 21 
21 21 21 31 16971 20402 5762 16404 20402 1027 4 31 4672 16404 20402 22564 5 
9193 15678 15190 15128 4 11462 31 16971 8995 20402 22564 7730 31 4672 1027 5 21 21 
18376 5 28 28 5 21 
20497 16816 20 4886 20 20149 740 8995 7850 19698 5 5 5 5 5 
21 8956 20402 31 22521 18498 9193 8840 22463 7127 8406 5795 20 20 22507 17438 22463 23577 18020 4 28 20 20 20 20244 8956 6103 7178 5 5 5 13512 20 20 
21 9193 28 6103 22942 4 20402 30 9193 16721 7509 10637 
21 21 15678 18498 13909 14335 21187 7850 11571 4 20402 15678 21 21 11474 21 21 5 
17458 16784 31 20127 16404 13026 7251 5 
6408 16784 7251 16404 18983 31 20127 5 
7730 17438 16721 1270 7850 10530 4 8918 7509 17737 6103 21340 10211 18498 201 17438 15658 23104 15424 15678 17737 15424 15678 10530 5 
7730 23104 4796 20149 15643 20402 15036 5 5 5 
7730 15036 4796 20149 15643 21596 23104 5 21 21 
18376 5 28 28 5 21 
21 17563 6103 28 18498 23104 7850 28 27 
17629 7509 748 6103 23135 20 20 9193 9743 22463 5320 7850 7649 4 20402 21743 22463 11286 23040 4 26 21340 5 5 5 8235 9193 17629 2156 14604 8806 7850 5320 16404 29 4 654 21596 29 7730 3450 16971 18498 9193 5474 10648 29 4 8443 20149 29 16971 14335 753 9193 5219 8956 8806 5 23135 17304 17438 10767 14335 16468 15678 26 16404 18498 9743 15678 5483 7730 23135 20149 3454 7850 26 0 20402 21916 11046 4 15658 12780 23391 31 5320 2507 6103 15502 27 7730 740 23135 21596 22463 11286 23040 4 7730 18498 9193 288 21083 17599 4 17458 20149 23135 2442 15678 17950 4 7509 17872 16468 15678 1734 7509 4945 4796 20149 20402 22463 11286 14539 4 15658 21596 1612 3332 6103 21596 18498 15988 22327 6103 15604 6389 7509 26 7730 23 5 5 5 5 17438 9721 14335 753 4 7730 15658 9743 15678 3454 1276 6103 9193 14018 15678 5341 5 15708 21 
9743 15678 2727 20293 7730 31 21793 12168 20 482 8956 28 20 20 20 
21 10606 18498 12780 16429 7509 14058 5 5 5 20202 22463 11644 2617 7850 14058 7850 28 6 18476 15678 23208 4809 31 18506 22327 13761 4 15678 22823 14054 20149 20336 4 1920 9569 31 2367 7509 17377 16404 19371 7730 17689 15678 5891 17438 8956 21743 6103 2367 14540 5 17304 22564 12861 4796 2367 7850 9193 14058 4 17324 18533 22463 4417 14425 7730 15658 22463 4417 7017 5 21 21 
5508 7730 4687 7914 20931 18352 5 5 21 

