17629 21810 15678 14539 18498 7847 5 5 5 7730 15658 21776 9594 7509 3765 5 5 5 5 19703 
21 21 21 31 7589 9801 6 
2647 7914 3450 17478 21 21 5 5 5 2631 155 21 
21 5 5 5 
7730 2091 31 28 4766 20463 16468 22403 
5 5 5 
2685 7730 20792 4796 20149 20402 22463 15655 
6070 7730 10665 4796 20149 16098 15286 
5 5 5 
7730 22271 7850 6014 4796 20149 20402 22463 3367 
7730 10105 7850 1623 4796 20149 20402 22463 18363 5 5 5 
5 5 5 21 
9652 
3058 7127 20738 5 5 5 
22463 20247 6103 15713 5 5 5 7730 16083 6103 7447 20 20 
21 15658 19900 20149 20402 17872 19698 16066 5 5 5 5 
1393 18498 740 15658 1540 6 20402 11861 3348 31 10192 7730 1393 14466 13359 31 14307 1276 6103 17525 4796 22823 5 
28 28 15299 15459 26 20402 22821 5 
21 21 28 28 20402 22463 16918 9909 18498 19563 31 15599 7509 5662 5 15637 4530 4 20420 22463 21085 6211 7509 6211 6103 15299 4 28 28 20402 22463 16918 9909 18498 9743 16454 6103 9927 18449 7914 20644 6035 5 15299 15459 26 20402 22821 4 9193 17304 20402 5 21 21 
27 5 5 5 28 23274 15678 22988 20 20 20 3358 16344 5 5 5 27 
20006 6103 10700 17729 7850 23501 5 5 5 7730 20007 20 20 20 
1276 7730 6408 6103 22463 20247 21978 6103 21932 
20402 28 
9971 6103 9867 
23 5 5 5 5 16393 13278 
21 21 21 2126 4 22463 1249 7730 18494 18497 15266 6408 7509 17819 17856 4 15678 15676 17382 8464 7850 8927 6103 5614 8995 20402 7509 3459 5 5 5 5 21 21 
7730 18525 7491 18498 15658 4867 0 0 0 21 
20554 20402 18494 1114 20 20 20 20 
21 7730 20149 1570 16673 5168 4 4178 31 20893 5 13761 12780 7491 18498 16098 21144 5 5 5 5 5 15242 6103 4796 22020 7710 7914 21144 5 5 5 5 5 7730 21 21 12780 18498 12780 21 21 20 20 20 7850 18394 7861 4 15678 28 15658 16393 8995 22385 2727 18481 1276 6281 5 5 5 12577 12861 5 5 5 
21 11560 6 28 5 10889 5 4766 17380 15932 13253 12922 15588 29 29 5700 14807 9743 352 7730 28 4229 14756 28 28 13729 7730 28 5 11559 
13786 7509 2614 7509 10982 7730 7509 15948 18498 12521 31 5700 14807 7509 28 9743 22463 1138 352 15459 18486 29 16404 9233 31 5487 16066 15678 5483 6103 17382 21389 7509 18250 18476 7509 18201 5 5 5 5 5 7730 23135 2371 3213 4766 20463 4697 7509 28 5 21 
21 7730 21282 8995 17107 5 
20244 16436 4 16721 18498 31 5891 15658 20402 1453 6103 22463 16066 6103 16083 5 5 5 5 20402 6103 21793 15671 5 5 5 
21 20202 13543 7509 11111 26 21468 7730 16967 4 7509 18470 9743 16440 5 16404 15678 12578 7914 5174 7730 340 15576 21932 4 5947 26 7 21 
6 
13667 17872 3807 5 5 5 5 18527 17872 3807 5 5 5 5 19698 17872 3807 5 5 5 5 28 17872 3807 5 5 5 5 5 22463 3058 2304 5 5 5 5 
27 5 5 5 5 15678 29 16517 
6 
17297 13805 740 16162 31 5320 16673 9138 11570 5 5 5 7730 15424 12780 13405 31 16440 6318 9193 13721 7509 15943 5 5 5 
21 15658 2631 1966 15678 3172 4 654 20402 1966 2136 15678 28 5 5 5 5 20402 31 10885 7509 15576 17382 5 5 5 27 5 5 5 22327 2727 18498 20402 1668 4 9193 15424 7847 14514 31 21 21 22076 17380 3170 21 21 5 5 5 21 
21 11462 20402 18498 8995 31 23104 4 6103 9707 4 7850 4077 6103 28 4 17324 31 11729 18498 9193 20402 15061 7509 18774 4 6103 4179 14031 4 20988 31 18774 28 28 4 7914 8429 5 
21 21 18498 9074 4127 6650 7730 18498 9077 17854 5 20402 11686 31 15671 21 21 28 4 19404 4 13591 29 5 21 
4646 4289 4289 20 20 20 20 
21 13055 20402 6103 20149 8840 5 5 5 5 
15678 17304 7509 14823 
13405 15678 17446 17872 22463 19768 5 5 5 5 
27 5 5 5 5 14335 7451 20 20 20 
740 7850 19709 6103 30 5 5 5 5 20474 21596 6981 5 5 5 
19859 31 28 
9971 6103 3885 5 5 5 19509 22350 7730 17583 
8995 19854 15658 5 5 5 5 3885 28 
10131 6329 20 20 20 835 20 20 20 
28 20 20 
54 10657 5 5 5 654 9867 5 5 5 5 3885 28 
2947 7509 21787 13923 5 5 5 5 15678 12939 20402 20149 19283 5 5 5 5 
21 27 5 5 5 5 5 31 28 20402 31 3058 5 5 5 5 5 28 20402 14309 
27 5 5 5 5 7102 20402 17438 12861 21793 15678 18654 7730 22286 20 20 20 20 
7730 29 23016 4766 15678 7558 18376 7850 16654 20 20 20 20 6 

10548 20 
3472 31 22834 7850 3790 0 0 0 0 0 
28 18494 28 18494 15603 28 17478 827 9980 7730 29 11518 6408 28 20 20 20 20 
733 18498 13278 5 5 5 13048 31 1377 15678 16467 5 5 5 15138 2727 13048 20 20 20 9193 18525 20402 15678 9942 7509 18339 18498 4980 8956 16467 17872 8956 9942 7509 13729 0 9901 11731 31 18478 6103 16083 12806 18498 20402 4807 5 5 5 
21 7730 1920 15678 28 12780 9901 12747 20 20 20 16066 14425 4 13055 8995 20 20 20 
21 21 1920 4 15678 18017 6103 22463 3962 18498 21681 22668 6103 29 4 16162 29 6103 2156 7914 29 4 29 7914 29 4 29 7914 29 7730 31 5600 14936 7914 29 4 7730 15658 13909 15678 29 19508 5 9193 3976 7914 18498 15678 19527 740 9901 21121 1393 12283 4 22657 15678 21674 4 6103 29 5 15637 20571 4766 12777 6103 18610 29 5 29 4 15678 18771 2136 15678 13494 7509 22110 7914 18497 1249 20402 6103 29 4 29 16404 19433 7730 6103 29 16404 15678 4971 5 21 21 
21252 6103 20749 
21 5 5 5 5 7730 23151 1393 3962 7509 3439 5 5 5 5 
21793 11454 9155 20293 21596 29 22861 5 5 5 20402 15361 5371 13979 15678 2822 4 17495 4 20402 12212 18498 15678 21662 7914 1233 20402 11861 7730 15392 5 5 5 5 
20202 22463 16083 22861 7509 9707 5 5 5 
21 5 5 5 8580 22463 21551 7730 22463 8208 17623 21582 9233 31 15041 4 6251 6103 23104 31 22942 5 5 5 
8329 15658 17304 5109 1393 15041 15658 17304 4 7850 22821 4 5109 1393 22942 5 16866 8672 4 1443 1393 5574 4 17689 7850 1689 7509 9327 15039 5 21 21 238 15678 9707 6103 18498 23135 16807 31 20463 21551 21 21 4 7491 28 4 21 21 20402 22463 8905 6103 28 20670 15678 21551 21 21 5 21 
14604 8524 14604 5 5 5 5 5 15658 19900 14606 
21 16404 31 17753 7509 1945 7509 6283 6103 20402 28 4 28 28 17090 4 15678 16630 19102 15678 16822 7509 17286 5 21 21 20402 7509 15364 6281 5 4796 10268 2272 7509 9535 4 7847 8474 15678 4419 4796 12353 21 21 4 15934 5 
20402 5 5 5 5 8995 2727 14539 20 20 21 
15138 3058 
21 15678 8682 28 28 28 8414 1393 14753 28 28 22463 43 7914 1506 1393 17931 7509 19698 5 
21 21 7509 9193 5459 4 16765 18498 15678 10982 11998 22463 8995 6103 11154 4 1393 16878 31 19369 17341 4 7730 18498 16878 31 7804 9901 7914 10324 21 21 4 7491 28 5 
20402 2727 18097 18498 31 20304 7914 18553 7491 18498 15658 8995 19900 6103 15299 7384 5 5 5 
21 15678 184 15643 21596 9971 5 5 5 5 15658 8329 8956 5552 5360 2371 
21 15678 184 15643 21596 9971 5 5 5 5 15658 8329 8956 5552 5360 2371 
21 11560 6 23273 5 7584 18449 5 10982 5 3148 16967 16967 15704 26 5 30 
2807 7197 4 6728 7914 20742 13591 5 
11020 17101 6103 28 7509 28 7 
15286 7914 28 6103 951 18471 7 
15704 6103 13817 6103 28 16066 31 7464 4970 7 
278 1393 14426 11454 12240 7730 23222 7509 21525 8632 21 
8995 13278 7850 20060 4096 20 20 20 
21 27 5 5 5 5 5 4629 4687 8995 11686 28 16102 5 5 5 
26 5 5 5 5 8443 20402 22327 16673 6202 7509 6340 0 0 0 0 0 
20402 11462 20 20 20 20 
21 13170 20 20 20 
13170 20 20 20 20 20 20 
13170 20 20 20 20 20 20 20 20 20 20 
22223 12861 5 5 5 5 
918 7914 9634 20 20 20 20 4766 21793 31 5758 19589 20 20 20 6 6103 
8443 8995 5 5 5 5 7730 15678 4372 23029 2464 
27 5 5 5 5 5 15138 3058 5 5 5 11560 6 4796 9605 5 28 5 4766 
6 6103 
3073 6103 13307 15503 5 5 5 5 20402 31 10940 6103 11462 5 5 5 5 2136 18498 9901 3058 5 5 5 
20402 22942 
654 5320 22463 15616 5 5 5 12255 17438 1614 31 4672 20402 1920 5 5 5 5 
27 5 5 5 5 26 18101 5 5 5 21631 6103 7254 21371 
5 5 5 7730 22327 20402 12092 4796 15643 20402 5 5 5 
24 14145 11300 5 5 5 12780 6103 14309 31 17106 5 5 5 7730 2727 17106 
16404 201 20 20 20 
23 5 5 5 31 20210 23016 2112 22327 5 5 5 20244 7722 15424 28 5 5 5 9193 20402 654 18498 12783 12732 31 20644 5 5 
20402 5 5 5 5 5 17972 6103 3621 5 5 5 5 5 12255 20402 1920 5 5 5 
9971 6103 21409 5 5 5 4189 5 5 5 7730 15658 6256 15678 20019 15036 5 5 5 
27 5 5 5 17658 7847 1920 
21 7730 1393 18498 21389 20149 6137 7730 17525 20931 6794 1614 7850 28 4 12780 22463 7157 16404 9233 13909 22463 6141 6 15658 5108 7850 28 4 7847 13055 21956 31 28 20 20 20 
6103 19509 4 15678 21684 41 17304 20402 2727 12577 5 5 5 368 16066 15658 4 20402 17521 9507 4672 2727 17504 
21 31 18519 20293 21596 22463 10484 7831 4 18498 15658 4915 31 15390 6103 12780 991 6103 20931 17727 7730 17599 31 4682 15287 5 18476 31 18519 4809 4 4746 6103 3990 15855 16404 31 16395 5 21 
6 6103 
21810 3488 9193 12780 5 5 5 5 3488 15658 5652 9604 5 5 5 
6 5 5 5 21468 5 5 5 6 
21 7730 18498 22327 20149 8627 6103 9707 5 5 5 3459 15423 20 20 20 
15922 5 5 5 7839 18498 21179 740 22403 5 5 5 
13909 7509 18498 4179 6 15658 20402 9790 16404 15678 4458 5 5 5 21376 16404 15678 10405 5 5 5 
21 3794 5 5 5 7279 7509 22415 7509 21551 5 5 5 
6 6103 
21 29 29 21282 20149 9605 7914 6 28 5 5 5 28 5 5 5 13909 28 7730 15678 6674 7509 20931 11719 23051 5 5 5 5 
10405 5 5 5 5 10405 5 5 5 5 13909 10405 7730 15678 6674 7509 20931 11719 23051 5 5 5 5 
7730 15502 20149 13325 18498 6 
23 5 5 5 5 7730 6103 21932 21371 5 5 5 27 21 
1429 8637 20 20 20 27 
22765 12319 5 5 5 6 
28 5 5 5 28 5 5 5 5 28 5 5 5 5 20444 0 27 
7839 18498 31 28 23029 2464 5 5 5 5 3058 22800 6103 21252 6 
15658 5960 15299 4229 5 5 5 
21 23 5 5 5 5 17495 4 22385 16066 13909 11861 18498 15678 17753 4 20402 6428 7730 20300 5 5 5 20402 11020 16440 6981 18498 7102 22240 5 5 5 5 4766 5216 7730 15658 17438 8598 21 
12861 20402 17872 19698 0 0 0 0 0 
15922 20 20 20 21830 20 20 20 10544 20 20 20 
21 7847 7491 18498 16404 20686 4 23135 17629 20402 22463 13688 4796 22463 4255 5 
3058 18487 
5 5 5 5 5 5 5 5 5 5 16066 15658 20 20 20 21 
21 21 21 15671 8454 13909 15658 18506 21 21 21 
21 7847 20402 20788 4 15658 21282 
7847 20402 20788 5 15658 21282 5 7847 17098 31 22487 6103 22840 18476 18533 5 9193 4 21371 4 19900 6256 31 22487 7914 3446 18476 6075 23167 5 8580 8948 1393 9594 7509 20420 17642 7730 20149 3532 18476 15678 1961 20402 20670 15678 17460 6281 15658 21596 15311 5 
7847 22564 22886 6103 22193 4 6072 4549 16404 21810 4385 18476 15678 21551 20402 10405 5 7730 2685 4189 7914 3671 4796 11474 18131 5 7847 19698 6103 16195 7730 6103 17022 6103 11590 15416 5 9193 4 21371 4 20149 6443 13909 7509 18498 17041 7914 10402 18476 18876 22463 20658 19782 6103 13860 5 9193 17438 18498 15658 15311 0 
7847 352 4 8664 15678 6383 6103 18525 13055 22564 1424 4 21810 4331 18527 4 20149 1820 7730 12780 21932 5 17658 22564 17790 5 9193 6549 18475 11282 3086 18476 12379 7914 871 22885 4290 6103 10095 4751 4 19900 0 7847 20402 13512 7730 6643 5 9605 7509 21551 4 7509 10523 4 7509 15609 4 7509 15253 4 7509 5782 7509 28 7730 7509 28 28 5 9193 17438 18498 23135 15658 15311 0 
18476 15678 1961 20402 20471 4 7847 9605 14466 7509 18498 8720 5 8720 4766 15678 16098 4 4766 15678 15860 4 4766 31 2988 7730 4766 15678 16673 7509 5692 5 22039 14466 7509 18498 6679 5 7730 19900 8644 871 1881 31 28 28 6389 6072 6174 4902 5 7847 5947 15678 28 4 15678 15619 2432 4 28 7730 15678 28 5 7730 9605 18498 9193 21596 18381 21806 6103 23180 5 13359 3510 4 28 4 26 7730 28 5 9193 7491 18498 4 21371 4 10959 7509 9193 11454 5 
20402 9074 4 21371 5 1959 5 5621 15678 3388 6103 352 4766 31 9692 7509 28 7730 10959 6103 4796 13812 4766 9785 5 10959 6103 22463 2510 18498 15502 5174 7730 4346 4766 31 11454 7509 28 26 5 13480 15678 1623 5050 17458 10959 6103 7599 20357 10405 7730 201 19356 9790 22463 8945 4766 14336 7730 7796 5 22463 13512 8945 4 17438 20577 5 15658 19900 22564 15678 4122 5 5652 2011 31 13481 20813 1603 31 18487 21583 6103 4229 5 15658 4 7847 15658 11680 5 7847 16784 21551 17908 15678 4122 7850 3047 4 6106 7509 3590 16066 17022 7850 2532 5 9193 4 22897 7914 18476 4 7847 19900 11680 4 21371 5 15658 19900 6070 5 18988 15678 5483 4 9193 472 20402 5474 5 15790 2658 7730 10959 6103 3226 6103 16689 5 
9193 17438 18498 15502 5219 22458 8956 15200 6103 28 18498 23135 8546 7850 21680 16654 0 7847 6643 5 19698 6103 3702 6103 2988 7730 14335 16836 20149 9193 10461 21582 7043 15678 1961 17872 13667 5 9193 12430 5 9605 4672 26 7730 12960 7850 1623 15678 9707 6103 18498 9193 31 288 16816 6329 16404 15658 1190 4766 871 20863 13132 5 7847 8022 15678 15336 15678 9989 4 14335 13185 21680 15860 22805 8713 7730 744 20670 31 14534 5 15128 15678 21806 7730 14335 9605 6 17458 9193 15658 18533 5 7730 9193 19698 20244 11066 7509 9193 13949 11644 6103 288 18498 21793 15190 18533 21596 873 16404 7459 15678 26 5 
28 28 21 
21 1177 14378 6103 20402 15726 17438 16526 
10635 14378 6103 20149 3962 
10843 16066 15635 14378 7509 15633 
11297 14378 6103 20357 17605 
13946 14378 6103 1027 
655 14378 6103 15157 7730 13727 155 
4036 14378 6103 20149 20336 
5566 14378 6103 6070 
94 14378 6103 21810 2530 
8542 14378 7509 21932 
9937 16066 9938 14378 6103 2700 
10417 14378 6103 16721 
11407 16066 11406 14378 7509 19478 
13872 14378 6103 5695 
14526 14378 6103 9901 1045 
14952 14378 7509 20781 
20736 14378 6103 1540 
20814 14378 6103 7599 
21400 16066 21330 14378 6103 20402 8391 23104 
21666 14378 6103 9743 18069 8633 
22549 14378 6103 22545 
13498 14378 6103 13142 
20231 14378 7509 28 
20509 14378 7509 9094 
22531 14378 7509 17230 22530 
23290 14378 7509 5518 1034 
11391 14378 6103 16148 
4013 14378 6103 2553 
16060 14378 6103 16058 5 
1366 14378 6103 16971 
5670 14378 6103 16209 
9139 14378 6103 16971 9158 
16738 14378 7509 20744 
22477 14378 6103 16971 9786 21 
8995 22327 15138 16367 5 5 5 5 28 21776 4289 26 5 5 5 
654 21282 20794 20 20 20 
21 6 
6256 22327 1920 
15658 14335 11862 7914 22805 31 11636 7914 9193 4 
16098 15678 18498 5482 
9193 10959 20402 7509 10691 5 
19900 7509 12104 7730 7847 21596 18736 
18476 23016 7491 4 18498 9193 17629 20539 
5 5 5 6103 21793 15678 5876 
7730 20149 9193 20402 15678 17819 31 23151 
17872 15128 15678 18498 9193 9743 4 
18525 8443 654 9193 20420 0 
733 4 21389 9743 
18498 15678 18498 15658 20402 15658 20402 
9193 19900 18498 740 12780 23151 5 5 5 
9193 9193 4 18525 20402 0 
6256 22327 1920 4 
15658 14335 218 7914 22805 
22649 7914 9193 
9193 7491 15678 18498 5054 5 
9193 10959 20402 7509 9066 5 
19900 7509 8725 
7730 7847 21596 18736 
18476 23016 7491 
18498 9193 15658 19900 14370 
15424 21551 7730 15424 14378 
7730 20149 9193 20402 
15678 17819 31 17797 
7730 17304 6820 
7509 18498 20402 6075 8561 0 
23 
15963 4 20149 15658 20402 9193 
18525 13909 12780 6146 
15678 18498 20402 3058 17872 9193 0 
7340 31 17803 20 
733 4 20149 15678 18498 9193 20402 
20402 21371 15678 18498 9193 8637 20402 
238 31 5055 
12780 13405 1920 
18498 15678 228 20402 1095 
7509 14604 5528 
18476 9605 4815 4 
18476 9193 19900 16098 
15678 22765 7730 15678 15108 
7850 28 21 
23 5 5 5 5 5 12861 20539 20402 22463 23570 17406 6103 22886 20 20 20 20 
21 21282 17872 5268 5 5 5 
23 5 5 5 7730 13909 22463 4672 6 4646 7509 28 15658 9387 5 5 5 5 7730 20149 23016 22318 22782 22463 2846 17681 7509 14388 20297 4 15658 4913 8995 5 5 5 21 
21 6 
21 15894 8995 15678 26 0 0 16066 14425 4 20463 4841 13729 0 733 8995 4 7847 22318 8254 7491 18498 20420 10544 7730 654 18533 15678 3858 6103 23151 5 5 5 5 27 5 5 5 17297 28 5 5 5 5 21582 15678 28 4 31 19415 4 16066 15678 18201 5 5 5 21 
21 11560 6 28 5 153 5 4766 5 3148 14307 17377 16822 1757 0 30 26 26 28 30 26 28 30 26 26 28 
5 5 5 
1471 7384 4 15678 6283 21535 31 5766 6103 22463 21 21 5896 21 21 6103 1757 8406 5775 5 21 21 15678 18498 12780 6075 13909 21932 20402 15678 9948 6981 3790 5 21 21 
5 5 5 5 
15678 6283 21535 15678 6283 21535 15678 6283 21535 15678 6283 21535 15678 6283 21535 15678 6283 21535 15678 6283 21535 15678 6283 21535 15678 6283 21535 5 5 5 5 15678 6283 21535 0 0 0 0 0 0 7730 9193 9743 15678 18498 0 6075 19699 0 
5 5 5 
21 21 21596 4181 18498 8956 5767 12780 7235 6103 10211 7653 2136 15678 9971 7509 1249 4 4796 349 4766 20393 7914 20402 28 5 21 21 
5 5 5 
20402 0 0 0 0 0 
13909 22463 17406 6103 22886 5 5 5 5 
26 2936 2936 2936 5 5 5 5 5 
7730 8956 16083 20244 15623 7730 12821 3124 13909 13344 7850 10160 5 5 5 5 5 
21 15678 21340 10839 352 5 5 5 5 9193 4 16673 18498 16765 15908 4 17629 21810 22463 7665 7730 22463 3488 2727 10259 4 17324 740 8995 14336 2078 16673 11020 21551 18498 7599 5 
7120 6103 14673 6103 16971 7850 19856 5 5 5 2136 3086 6103 22805 5 5 5 9193 26 4 15424 22385 3086 1920 5 
22781 6103 4189 4 2515 7730 15247 5 5 5 5 23014 5371 16438 7730 14443 6103 15106 5 5 5 5 16192 6103 15970 7509 21743 6 23016 17872 28 5371 15678 10982 4 15678 17563 22507 15658 17629 6103 16440 15424 22385 22507 1920 5 5 5 16066 22507 16673 18498 0 4 28 16647 7850 14604 16404 5 5 4 28 12780 21810 7850 23135 5 5 5 5 16066 17106 4 19197 4796 11802 7509 28 5 5 5 
22327 22385 22730 7730 20244 18020 5 5 5 16066 15658 5 
9901 7850 7728 20149 31 11020 13907 7509 18498 16630 21340 4672 19900 15678 18498 8995 19196 5 17106 20149 15658 19900 5 5 5 20149 8995 879 20813 4796 22463 11020 14245 9570 14904 17438 8849 7730 15943 5 
20402 1432 4 15658 10959 6103 22805 22463 23577 16440 21810 31 19875 7509 14058 4 17495 4 20402 21916 2312 1393 23014 7730 4134 1393 18498 13761 8995 5 21793 21596 7277 31 20149 9457 5 
20402 9728 20539 31 14058 5 5 5 9193 15658 8956 6103 15908 5 7730 15658 8995 9594 4796 21518 7509 10889 18498 14803 7730 19325 20149 15061 13909 20566 31 22327 12861 4 8995 9594 4796 873 18498 9025 13761 5 
18498 31 18195 20402 7176 5 5 5 18498 15678 4419 19900 31 18525 7286 31 19197 5 5 5 5 8995 22327 15138 5150 4 15138 20812 5 
15678 21340 10839 352 5 5 5 5 9193 18525 20402 8956 10839 0 8840 18498 15658 21596 352 15678 10839 8561 5 21 
30 23016 17872 28 20 20 20 20 
16393 17022 5 5 5 7730 6103 14309 10959 5 5 5 5 9193 740 12780 18533 4730 31 5891 7850 17563 5 5 5 
21 7730 654 0 0 0 0 7730 22463 184 20244 21364 12780 10795 21389 16083 22463 18055 12534 4 7148 7509 20644 21596 13793 4 9193 18498 15658 6256 6103 20402 22463 3610 184 5 5 5 5 31 20794 20402 5621 16673 18657 5 4 6292 8956 28 7730 21793 8956 20931 11644 6558 5 5 5 21793 20 20 
21282 8995 4809 5 5 5 
26 18101 20 20 20 20 
21 7730 8329 12861 7850 11020 2469 16630 6103 28 26 6 
8329 22463 19652 1077 21810 5320 6103 22463 19173 4 10357 7509 11020 2469 4 22463 3104 6103 13753 4770 17872 13849 12787 4 20112 20931 13909 20158 9645 6103 17304 19363 31 9927 18498 4897 31 14825 7509 20709 7730 18498 20402 19481 16673 15970 8962 5 
19524 4 9010 15704 9605 6103 22463 3104 10372 17438 11474 18498 9996 20402 1616 18498 15658 20402 5 5934 4 15678 16918 18498 9010 8637 16404 8107 20402 13042 9927 31 18470 20402 5097 15678 17304 4796 15678 2909 4 15678 13004 16066 15678 5570 5 7730 8956 12476 17629 20402 5267 13294 16404 18498 8956 20912 6103 17304 20402 18766 5 1393 14539 21551 4 1515 16404 31 16780 6103 10268 6981 12476 5 
15678 2469 20402 4 1276 6103 22327 4 5842 5 11474 20402 15678 18498 15658 20402 4 9645 21852 18774 7730 16971 1043 23104 17438 871 12459 22463 22942 18498 12894 21596 5 8329 12861 20149 16468 6389 7509 18037 4 13761 20402 349 22463 19652 5 5 5 9193 5 16404 31 12476 13055 10041 4 14096 31 15970 20402 20293 15392 5 
21748 21793 15678 16296 18498 15678 11474 19363 7730 18498 7850 19509 0 
12787 20402 17629 21389 13759 5 5 5 14667 10322 6103 7868 17438 7127 20 5 5 5 22213 7730 15840 19972 20 5 5 5 21793 7613 4 7730 21793 4766 22463 14129 3735 6103 8084 22463 9193 16083 4 6103 5191 5 5 5 7730 21793 9010 19366 16404 18498 9193 9901 21282 4 7589 7730 1932 6990 3962 7730 6103 9193 14539 5 5 5 733 4 15658 4 12862 20402 15678 22414 4 7847 17629 6103 13759 16404 7558 14667 1249 20 5 5 5 7730 7558 14667 1249 6103 4796 5 5 5 8235 4 22327 8995 2727 15988 7730 15678 17602 8995 17714 6 31 10901 8995 7914 6582 1393 22414 4766 21819 6103 23232 20 5 5 5 26 0 5 5 5 26 0 5 5 5 21972 31 17478 4 14604 2727 4 7730 4624 15678 15281 5 5 5 6073 31 17556 4 20402 17629 18931 5 5 5 254 22327 6103 15604 5 5 5 22887 5 5 5 733 4 31 9645 20 19021 15678 16296 5 5 5 1959 15678 14604 5 5 5 17714 15678 6103 23135 5 5 5 13004 4 10740 4 2910 4 3593 4 19649 18498 6256 31 19653 5156 4 12780 17714 14604 21959 7730 14604 19972 16404 1022 5 5 5 20402 17629 23151 16404 3962 15894 22327 4 15658 7693 4 20402 740 13909 9608 18498 1614 5 5 5 654 4 19969 5 5 5 16468 1393 7277 4 16673 2692 5 5 5 13055 20402 6103 14049 5 21 
21 9193 8995 7850 19856 15908 7730 17511 565 6 20402 9652 16429 6103 866 22385 11025 5 5 5 5 15658 20813 16673 14673 6103 16971 4 9193 17836 17438 22327 15678 18498 19363 20 20 20 
7730 9901 13909 7509 18498 4524 18498 1612 1816 15299 21596 31 22805 4766 15678 14054 5 5 5 5 5 15658 20402 14054 5 20402 23208 12270 7850 15157 16140 4766 15678 23577 15697 6103 4060 22336 7730 7018 5 
18498 15678 19362 7509 17563 21371 4229 6103 22830 4 17653 4 10976 4 6428 4 20300 7730 17753 8386 15678 18498 18784 20402 7730 19969 13640 7509 11020 15678 2469 7914 18498 8995 16066 18498 8995 5 
5360 12780 1393 19856 20 20 20 21 
10606 5 5 5 8995 6582 28 15678 4328 8995 20954 5 5 5 19969 20402 20 20 20 873 21596 13909 12301 0 
21 5 5 5 5 7730 2371 8443 9193 22805 1612 16971 7850 28 7730 15678 4229 6103 23208 6889 4 7730 2371 8443 9193 15678 22805 15603 7850 28 7730 740 1920 288 18498 20402 22463 21804 7730 19646 20244 15081 4 2371 8443 9193 16765 18498 15138 10765 8995 417 31 14058 4 2371 8443 288 12861 13278 4 2371 8443 6103 19324 9193 11091 20402 10889 5 5 5 16066 29 7127 20244 10889 4 2371 8443 9193 11091 20402 5611 4 2371 8443 7850 23151 17872 3962 21582 20975 15678 11139 16404 9233 15150 4 10507 31 9934 7509 14506 14335 288 15678 8847 7730 15658 2322 31 16971 7509 3512 18498 17438 8256 14335 6075 22240 31 13909 4 22602 9193 9608 3930 6103 9128 17872 8406 15324 9867 2389 4 15658 16784 22463 23577 3784 7509 15609 7509 15840 5 5 5 15424 14335 13325 7914 18525 23174 4 9193 740 1920 11091 18498 15678 28 352 5 5 5 
20402 13512 5 5 5 23570 5 5 5 15678 17563 8995 21752 31 4526 17380 7509 12759 7730 20579 18498 18533 866 7174 5 5 5 5 9193 20420 3058 20402 4419 7914 21551 12517 5 5 5 5 8995 21582 7730 6408 6103 22327 12861 7730 7957 15658 9743 12861 31 15138 21551 15658 18533 23151 17872 20743 17872 10412 14604 6011 7850 15609 5 15658 20402 13606 6103 14996 17511 15424 21596 14996 17872 12861 20402 21282 866 18498 14335 23016 7914 14487 654 5 5 5 5 5 5 7730 18525 15643 20402 4229 6103 21825 17438 21582 9743 31 4672 4179 0 21 
2374 
30 
654 7730 1614 20 20 20 20 20 20 20 
7850 18498 23135 9010 16721 0 
21 11560 6 15599 5 28 5 4766 12604 14058 20402 15988 7850 28 7914 1506 1393 18056 7850 28 29 
21 21 3472 15678 888 4 15678 12979 18498 15658 20149 17703 4766 15678 10530 7509 16587 0 18525 20402 1612 14673 6103 3172 3702 4 15812 10095 1393 20753 7730 11091 4516 6 21 21 20244 23014 20 21 21 0 16404 18525 1522 7850 3720 4 20402 6607 5 7730 22836 15678 4901 6103 21793 31 9193 2251 5 
15425 21 21 19362 7509 17563 21 21 6075 15424 1393 14466 22463 22403 6357 6103 8995 8386 15678 18498 20149 16468 5 5 5 5 5 5 15678 17653 20149 1456 4 1276 14539 6103 20402 10765 11020 5 15678 10976 21282 19900 19335 4280 6103 18525 20149 18988 31 462 18498 448 15678 8995 13909 23004 7509 19404 5 5 5 5 5682 5 
8956 20808 6103 1809 7730 6959 5762 22463 20644 12221 5 4796 15678 14054 20149 4902 4505 4 31 2251 9901 21282 4 4163 16673 15157 18498 1937 1393 193 7730 1393 11988 6103 15576 13786 7144 4766 15678 18498 7812 8995 349 5 
5 5 5 15678 15102 4 17438 165 4104 7730 12041 7509 10980 4 15658 20402 13909 17438 16468 13591 5 654 20402 17438 22463 16587 13591 5 17438 22463 15382 18498 21596 15678 7277 6103 15781 31 19856 19196 22463 10530 14425 5 7730 18498 20149 15995 6103 21596 22463 13052 5523 7730 15969 5 7693 0 18930 15658 8840 20336 5 
21 19224 18498 8995 22327 2727 20 20 20 7730 2371 6103 18525 9594 15678 5431 5 5 5 7730 20149 873 21596 18498 20402 5891 4 20402 20293 15678 10985 1293 4 16066 31 28 4 15678 21812 4 15678 10716 21582 7017 31 9634 4 16066 15678 21 21 23208 21 21 7509 16559 4 16066 18525 19900 15678 22981 20 20 20 7730 12780 31 5505 4 12780 31 15871 4 12780 1393 3320 20 20 20 21 
21 12862 17304 2136 8995 8125 31 16135 6103 15138 10765 4 17495 4 17658 17525 12861 7509 18498 22463 4795 20670 15678 3784 6103 15908 7509 15609 5 
9387 22821 7730 22821 4 3450 13131 21596 31 20931 4 9193 2371 20202 22463 17556 6103 22821 17872 8627 871 18553 5 
7730 991 6103 22327 8995 18533 22020 15678 14054 7914 21644 5 5 5 
20293 3058 22805 15678 7558 13131 5 5 5 5 31 22821 8995 8406 15678 7558 5 5 5 
21 5 5 5 1612 16971 18498 16468 11462 17438 23135 7850 28 4 21355 15643 13909 23151 31 23215 4 18525 19900 879 8995 31 15941 6103 22463 20853 31 7558 5 5 5 21 
21 23 5 5 5 20402 17438 17556 5 5 5 5 7730 15458 4 20402 13909 22463 31 12521 15678 5527 6 21 21 9193 21596 22834 6981 16587 18498 22092 20463 11218 4766 11857 192 7730 21389 6576 5 21 21 
21 654 21932 17872 10648 15678 14604 7251 5 5 5 5 17324 15458 29 15266 20402 21282 17872 10982 20 20 
21 19859 1393 3320 20 20 20 
0 0 0 0 0 0 0 0 0 0 0 0 0 0 
21 12125 7509 18352 6103 16014 7509 26 4 22657 31 16689 22805 7730 8386 15678 17406 6103 22886 6981 6428 5 2136 654 31 14425 9429 18498 22805 18166 16066 5371 20670 31 5413 6103 15258 9070 5 21 
21 9500 9500 20 20 20 20 
654 20402 15818 5 19969 7850 15267 5 28 3091 201 6103 18263 15678 20463 17807 7509 424 4 21440 6103 29 4 29 7 16404 21858 14443 16067 7730 14096 31 20931 17857 4796 8995 5 
20149 23135 4687 12862 7850 20463 15198 8995 13591 6981 4622 5 
3962 5431 4 4672 21646 12780 22318 349 4 7509 21743 6 15299 5 5 5 5 5 7730 23135 21371 8995 13591 7509 4622 5 
3962 15658 18533 18498 20931 18264 20402 22886 6 15658 18263 16066 8443 8120 20931 5320 20 20 20 20 21 
30 
17324 7730 5 5 5 5 
7730 9847 14539 8995 15678 22794 18498 15424 16296 11398 21596 17872 4913 5 5 5 5 22463 11862 26 7730 16083 16296 17872 30 5 5 5 5 
21 8443 7730 12861 4 1485 17872 1636 0 18525 4369 7730 15678 10523 5 5 5 5 21 

