15678 20525 6103 16659 19363 31 16971 13055 7850 11636 7509 22764 18339 18498 16404 24 
21 15855 28 4 31 9193 9632 13209 6103 26 20 20 24 21 
7850 18594 26 9542 28 21551 20 20 20 
2373 7670 25 20 20 20 
15678 18498 0 1022 20402 20474 0 
21282 15658 17304 4796 15038 1276 6103 22564 21340 12723 
15678 28 7102 8995 7914 17819 7850 20227 6103 3058 16159 5 5 5 6103 11857 
21 17872 18498 12861 4 12979 0 21 
15424 15678 14334 8611 7509 18652 10969 
9444 6103 10151 7850 20931 3790 
3997 28 24 
20126 7509 2154 6103 5982 5 5 5 21282 18498 15658 6 
23064 6 6103 
14425 10837 7509 15190 6 
21 23 4 6256 9193 21582 1614 5 5 5 26 21 
31 6223 6103 21932 20670 17766 20402 2124 
15678 6933 7509 18618 6 20 20 15138 3058 20 20 
21 21 21 12780 9743 3855 21 21 21 
21 3058 6329 5 
871 5243 6 
28 9743 22463 21150 4 654 9605 5594 
28 4766 5194 
28 8 29 
26 5 5 5 4766 2561 7730 3388 4924 0 
26 5 5 5 
28 6 21 21 23135 21596 13909 17304 7509 18498 9193 11731 21 21 14464 6 21 21 18498 0 21 21 
13909 7994 18498 15678 9370 18103 11617 4766 4181 
14464 6582 15678 3420 7850 26 7730 15678 28 26 21 21 4989 4 28 20 20149 23135 18506 15678 26 9193 12780 22318 15061 15678 17304 7509 13131 15416 9 6 21 21 21 
12960 6103 14550 20 20 
22126 8522 17872 10268 20539 20 20 9743 20357 24 20 
22463 21444 15658 9743 13923 20 20 20 9808 29 31 21793 20 20 20 
21 30 15658 5174 15678 17304 7509 9193 16663 4 9894 6103 18687 20 20 21 
26 20 
9808 28 20 20 20 
14378 5 
21 2371 23135 21582 16367 6103 16721 7914 20909 26 4 9193 15678 22520 15658 6256 5 21 
20670 15908 6 
31 10268 12780 6933 20 20 20 
8840 1270 17438 8956 26 24 
21 22318 1027 4 28 8 29 21 
29 11518 15643 16468 22385 19871 20 20 
21 9193 740 288 18498 15678 13004 20402 10546 6103 20909 26 4 15658 5219 4913 31 18123 7730 15658 18533 21810 26 7509 1097 21 
19576 29 
28 26 5947 12861 7 
26 11617 26 26 26 24 
21258 19969 7509 17569 21282 17872 1937 15678 6933 7509 10268 24 
21 1937 16066 15658 1937 4 7839 31 18553 21 
21 23135 20402 31 16924 6103 21793 31 3076 18498 11284 7850 15190 5 
22385 18328 31 4 12372 7730 3058 6103 8995 17438 16936 4 31 16971 20402 18784 20862 6103 21596 23135 7914 20931 22942 5 
22805 28 28 26 6 0 27 21 
26 26 26 26 20 27 28 26 
21 28 28 28 4 13055 8995 6075 22463 5621 1920 0 27 21 
28 28 28 24 
26 26 26 26 26 
13949 26 5619 6103 4098 
28 16553 24 20 
15138 3058 31 9433 7509 5827 6 6103 
21 28 4 10753 20 20 20 21 
21 23 28 28 4 20931 3441 30 21 
20402 17812 7509 28 28 24 
21 15253 4 7509 18195 22897 15658 9743 20463 9942 8793 20463 11341 9726 4 22657 9594 21 
15855 2371 15146 20 9901 7157 
28 
21 28 4 28 4 28 4 28 24 21 
8840 23180 7509 28 24 
26 26 9 6 
23501 6103 28 15658 8995 4766 15299 5 
21 21 21 2050 31 17819 28 21 21 27 21 
14425 30 7509 23575 21551 5 
11617 22 13800 12787 20 20 
7914 23523 6103 5782 5 5 5 
5204 4766 9032 
21 17872 23135 18498 16468 31 20247 12526 4796 4672 26 4 12521 4 21810 26 5 12780 7914 10366 4 23135 14514 5 21 
21 28 7730 28 4 15855 4796 20402 9790 8956 2685 7509 7087 5 21 
19226 20244 26 0 12861 26 30 20 20 
26 5 
26 20 20 9971 7509 21440 6103 11943 5452 20 
21 13055 8840 17438 12861 5 560 4 18525 15643 20357 31 10566 6103 22463 15144 9630 0 21 

21 28 7730 28 4 26 15604 24 21 
18498 31 22942 13669 7730 18192 8995 4766 23135 5 
13909 7802 18498 15138 16971 20 20 20 23 20 20 20 
22507 7730 15678 13494 7509 1103 5 
20293 6615 18498 31 28 20402 22463 28 20 20 16083 5936 6 28 20520 16169 7914 11463 
30 29 7 6103 
11686 12780 7850 26 26 7730 16630 22463 19110 23394 
20402 22463 9365 6103 16169 5 
15678 3790 13405 15678 4982 6103 10942 31 22463 15604 16508 5 
20402 22463 9365 6103 21097 5 16323 17438 12442 31 16971 5 27 
21 4799 10753 20 20 
21 21 26 26 26 26 15803 26 21 21 21 
20559 15678 26 13909 9847 18498 9387 7914 21793 10625 5 
21 12787 4 19698 15138 4766 8956 26 27 21 
26 26 20402 28 20 26 
27 23151 18498 6075 19854 
28 28 23151 7730 15658 21596 15299 6072 4672 2393 5 28 4270 
21 20215 8956 26 2371 4 28 20 21 
17021 26 20909 26 23222 23522 20 20 
16323 10606 6103 22318 6 20 20 
21 27 14604 28 5 5 5 
21282 17872 4882 4 18470 31 15286 18498 15678 28 26 3702 7850 14231 0 26 21776 26 26 5 21 
9193 17629 6981 7665 5 21267 5 
15855 15678 26 2371 20 20 654 18533 22805 15678 28 6 20 20 
17931 9808 7127 20 4788 20463 7127 23135 14514 20 20 20 
21 20402 17872 20402 22463 17218 4 9193 201 23029 15678 14223 7509 28 5 14335 26 13761 7850 28 6 21 
21 8956 20247 9743 29 1249 18498 28 26 20149 20402 5 22821 20402 7491 4 7847 15643 20402 20060 4 9193 5482 4 7847 9743 21389 4672 16673 12202 7509 21480 18498 20402 18784 11886 31 23067 18498 7847 17520 5 16404 18525 15643 1937 8956 7314 4 22657 15138 31 16689 5 20402 29 14764 15138 2727 1575 5 28 26 21 
21 30 30 30 4 20463 13860 20402 20237 20 20 7674 3341 21 
28 28 8406 7850 15894 7509 7127 7509 5758 6 6103 
22640 7850 17608 8995 10657 20 20 
15855 21282 1114 6 29 
871 21657 7509 9193 12319 6 29 20 20 
873 14335 753 4766 15678 12327 0 20402 18498 21944 5594 0 28 26 
23 17438 12861 15678 26 20402 8995 6103 3058 7730 23104 2625 20 20 
21 23 26 4 3510 15458 0 8995 17629 1937 13909 4276 20 20 21 
21 22463 7509 9707 20402 6 28 20402 11991 6103 1027 17458 7847 15658 20402 10433 6103 1114 22823 4 13055 18498 20931 15253 22602 5267 31 17570 7509 1114 16404 5204 15678 3790 18498 23016 20149 21858 15678 16169 7509 7491 5879 5 7730 2371 4 18525 20402 15678 11020 22979 7509 11454 0 28 26 21 
21 20402 2727 1612 10343 21 21 15658 19900 18498 20402 11875 4 7847 20402 13761 7730 9743 5 21 21 21 
20670 15678 3564 6981 20247 6 
4796 7017 20931 12319 7914 29 14764 6 
17438 22463 14763 16721 18498 20402 15599 7509 20313 
4581 20 20 20 
7790 15678 23222 6103 20474 7509 3643 26 26 6 6103 20 20 
21810 8956 20 20 26 
15855 2371 20 20 18525 1937 1393 26 7509 3643 26 26 22805 9193 11213 10695 20 20 21282 18498 15658 28 
21 28 15101 4 28 20 20 20 21 
16468 22834 7850 23572 6103 21389 19698 11731 31 16971 21582 22564 8956 17915 27 
28 4796 10672 17998 20 20 2031 16540 20 20 
21 14158 4 15855 18498 4371 3058 17872 4788 20463 1247 20 20 20 21 
21 28 4 18498 21340 8956 3031 18476 20402 19295 15576 23176 6 29 0 21 
15678 28 8995 26 26 2373 7670 30 
17438 22463 15190 13909 3476 6 6103 
13055 8995 2136 22805 15678 22303 6981 7645 9193 5943 27 
21 20472 20402 7127 6103 6 
4189 
19969 4766 1097 
23222 15604 7509 3643 26 26 
23274 21793 31 1293 
20539 20 20 15678 7127 13909 8840 7509 20247 4289 20 20 5097 15678 23222 6103 11462 6 20 20 21 
21 7730 1022 21596 13909 22463 23222 7509 3643 26 26 20 20 20149 23135 15658 22805 15678 8503 17065 4 8956 20402 31 20931 4245 6 29 20 20 1575 16404 6075 13056 4 4854 4766 20463 1097 7730 12407 7850 3643 20 20 20 11561 6 23273 5 28 5 4766 26 0 22615 30 30 21 
21 9605 10606 20 20 8995 13185 15678 3643 26 26 7850 26 26 4 16404 9594 20670 4672 19206 31 20656 6103 14031 7451 20 20 
17819 23222 7509 3643 20402 22463 26 20 20 20402 15678 8503 17065 5 5 5 6103 10164 4 17324 15678 12960 7509 22897 20402 15678 26 15253 16404 28 20 20 20402 18498 15576 17602 20402 16155 28 0 
15658 16784 20 20 1937 4 6075 13056 4 12404 7850 3643 7 20 20 21 
21 21 21 23135 20402 31 8590 7509 9193 20954 
23135 20402 15678 1114 7509 9193 22942 
20402 15678 14604 155 6103 15860 7850 1021 
22821 18498 14335 13405 31 23104 
23135 20402 31 8840 7850 12899 
31 2294 18498 23016 6103 13667 22385 2725 
31 8838 18498 1655 7914 3564 
23135 20402 31 21945 7509 18498 20402 15678 1114 20 20 21 21 
9808 7127 7509 15311 20 9193 9172 15311 20 20 22318 1027 6329 20 20 21 
10473 28 28 26 20 20 16647 7850 21972 20 20 
10634 20931 21412 7509 7127 31 7127 6 6103 20 20 
26 15138 18103 16404 23135 3653 1612 26 4273 18498 13679 20931 3512 6103 8406 6 6103 
18498 15427 13909 13512 20 20 
21 12780 28 20 20 20 20402 15671 4 14975 20 20 
21 654 17304 373 15678 3838 1393 13566 6103 9224 4796 28 4 7130 21743 29 7730 305 4167 22714 4 18498 17304 20402 17794 4766 15678 3488 4 7491 22615 5 28 28 4 17930 6103 14365 17795 7509 22516 7509 21063 7509 28 5 
15708 3488 4 17438 14335 753 7850 21932 7730 5876 7509 9193 20127 6 29 20 21 
21 7730 21596 2136 22463 22861 8810 7509 13354 13354 20 20 31 13375 20402 13909 16066 14466 1920 6 
15658 21596 20127 4 15658 21596 8632 7730 20149 9743 31 5505 20402 17458 23421 7509 9193 3790 27 27 27 27 27 27 27 9193 20402 15678 10451 4 19698 7509 20931 3790 27 27 27 27 27 27 27 5 5 5 21 
28 20 20 20 
15299 4796 22463 3031 6103 1247 9790 4766 15138 1114 16673 9193 13512 15534 28 6 20 20 3213 1114 20 20 
18533 7491 18498 8956 14608 8995 21810 7850 5 5 5 0 
21 7730 2371 16972 20 20 
6728 22463 15604 1488 4 4229 16918 26 4 18498 20402 22463 26 6103 16918 733 4 12780 20 15580 6103 6719 1233 5 
20149 17304 2442 4 20402 11115 7730 21596 14466 6103 29 6 20 20 20149 17304 14335 753 31 7480 9193 9901 15138 11043 20 20 
18475 21050 4 7728 16066 5856 20402 2741 20 20 
17438 8329 8995 7359 1453 16404 28 5 17438 8329 7 5 
22657 6 6103 20 20 21 
21 9145 7509 5505 7850 28 17989 0 21282 7850 17257 26 28 28 4 21282 7850 17257 26 21 
21 9193 19474 6 21 21 15658 20402 6981 12939 18498 20149 4796 22463 17211 4 20304 21 21 21 
5505 7850 15190 7850 28 20402 26 
23 5 15678 29 2848 5 
4796 1920 5 5 5 0 
15138 13278 20 20 15678 14604 20402 15678 29 6 20 20 
16323 16673 3960 20 20 9193 7730 31 28 6679 15138 9801 15459 15604 9169 20 20 17304 5320 4766 31 10765 20293 6 20 20 
30 20293 2087 5 5 5 
21021 7509 26 6 26 26 
22487 7509 20247 7509 9193 1114 20 17989 16404 31 9867 12240 20 6 
18475 20257 20402 14532 4668 20 12787 14539 20 20 
3488 7509 21409 4766 9193 15534 20 20402 15138 1114 20 20 
9867 6103 29 31 15504 7509 28 20 
9978 15678 15576 7127 4766 22463 20673 6310 20 6 
4788 29 15266 6103 15534 4766 9193 1114 20 22318 1027 15138 20 
21 15138 3058 15678 21684 7509 28 28 4 18930 18498 13359 2136 15678 9971 6 21 
8995 9431 20 20 
9867 6103 29 1239 7509 28 
21 918 4766 16292 4 15253 7730 9193 1114 13512 6 21 
8302 6329 20 20 20 
21 7730 23135 4 15678 18498 9743 16404 7509 22463 26 7850 20931 3916 0 21 
8995 4179 20 20 
21 18470 20402 31 15286 4 28 0 21 
21 2371 20539 4 20402 21187 15603 5 5 5 21 
21 17324 20402 4 15658 8995 10544 17872 15502 5 5 5 21 
26 5 5 5 5 
18525 15658 12379 5267 9901 16404 22305 5 5 5 
21 19969 17872 13761 4 26 20 21 
21 18498 21189 2389 1393 4289 1393 21932 6 20 20 28 5 4766 15678 
28 21 
20402 15138 3790 6103 16553 5 5 5 
16849 20 20 
15855 28 28 26 6 20 20 
21 15458 3564 4 15299 14425 18498 22463 20866 6 20 20 21 
8956 26 8995 4766 22463 3790 23570 20 20 20 
17125 4766 21389 4672 13284 20 20 
8 29 20 20 20 
22318 1027 6 6103 20 20 

