6 
21 21450 16169 20 
21450 15253 20 
28 10907 21 
8443 8995 5 5 
29 30 13697 473 
8443 5 5 5 
21 21953 15818 7509 21552 29 6103 26 5 26 
26 28 14425 21266 1271 21 
19900 6103 15299 12372 
21 13543 16404 18525 18533 340 20 
21 31 16971 20402 22385 17804 20 
18533 22327 15678 18498 15658 21596 4 
8307 6103 22327 18498 5219 4 
7730 21282 22667 6408 18498 16784 20 21 
9901 31 23167 20 7 
21 15658 20402 6103 9743 21684 11020 7914 19415 20699 20 
9193 4 18533 16318 31 15144 16673 20463 7127 4 12126 6103 20931 3802 23135 20402 23577 4 1575 20463 7127 7730 3348 3450 22897 13909 20463 13727 7850 20709 20 
9808 7127 12604 7509 15144 20 21 
21 11578 21282 8386 15678 18498 7847 14539 18533 8386 20 
26 21 
21 14425 16823 6103 2076 4601 7914 21266 4 14750 16066 9956 16404 21525 6 
28 26 26 5 26 
14425 21266 16404 21525 7630 6 
26 5 26 
10889 6103 16067 26 26 26 26 29 
15678 18498 7850 20709 22318 6137 21389 0 21 
21 21 21 20402 31 15382 7509 5846 4 
20007 16673 20044 4 
20007 16673 20044 5 5 5 21 21 21 
21 9808 1249 15604 20 
9808 1249 15604 26 21 
21 3058 7127 31 21793 20 
9808 7127 7509 15286 20 
15286 9808 7127 7509 15286 11462 21596 21 
654 13055 17304 16367 4766 15678 4343 5 5 5 
21 21 21 3558 5 20402 1393 17556 18498 31 22942 12780 6075 4179 5 21 21 21 
21 29 1249 6103 19097 
18476 22327 16393 16784 22463 11474 13359 1393 13759 6103 22760 6 21 21 15678 13043 23104 16673 10547 21 21 5 
20751 30 
20751 26 
26 28 
20751 26 
26 30 10901 21 
21 21 21 20402 22463 18381 2038 5 
9193 6648 9604 15678 21551 21793 4 
7730 9193 201 3510 7850 15256 6103 6103 22 20539 5 21 21 
12861 20402 31 12815 11066 5 5 5 7 21 
21 8386 4 28 15658 20149 8918 6103 28 6408 6103 20402 22782 16673 20463 12787 4 
8386 4 28 15658 20149 8918 6103 28 6408 6103 21793 15190 20149 538 6318 7730 7847 16784 21793 15678 2727 4 
8386 4 18498 15678 21932 6103 28 20402 866 21185 7730 14539 18498 15678 23135 15658 8386 4 28 20149 18443 6103 18376 7730 22318 7491 6 21 21 8995 5354 21 21 20 21 
5 5 5 
16404 3450 9620 6103 23167 9387 22463 6663 7174 5 5 5 
21 4127 23522 5 5 5 21282 13359 22821 5 5 
26 26 26 26 28 21 
21 9193 368 7850 5846 5 23135 368 0 
6 
20149 12861 20402 4766 14604 918 5 5 
3058 7127 31 21793 5 5 
20149 13480 7850 7473 6103 23180 5 5 873 2371 20149 11215 0 19703 
21 6221 9193 4289 31 5015 18498 871 7509 9219 6 
15658 18533 16721 4 18533 20357 7 
15658 18533 7617 4 6679 15616 7 
15658 18533 9130 31 16192 4 18533 8720 21664 7871 7 
15658 18533 472 4 18533 20497 7 
15658 18533 8632 3370 4 18533 4468 7 
15658 18533 15678 9215 7509 5846 4 6679 15678 9215 7509 14668 7 
15658 18533 28 7730 20539 31 3369 6103 28 7 
15658 18533 2329 4 18533 30 7 
15658 18533 20054 4 17658 13280 7 
15658 18533 13441 4 17658 8667 19239 5 
28 22699 21 
21 201 15678 12960 7509 20237 3170 4 7730 21793 15190 6103 19324 23016 22386 5 5 5 21 
21 7850 7728 4 8637 15678 20537 6 7847 12034 4 4270 4 12834 4 15658 10691 20931 8208 7730 740 17745 20931 11729 5 21 
21 21 21 15678 17932 17933 14487 4 15678 19925 10982 17438 20931 18191 2251 4 7730 15678 14604 17563 10959 6981 4672 21 21 
28 29 5 29 
3058 7127 7730 3058 7576 31 21793 20 21 
21 21 21 17438 18498 23135 8995 17908 8406 15678 15036 1612 18498 23104 0 
7847 15658 8995 1614 20 19505 20 5 5 5 21 21 
20751 26 28 29 6 29 
14353 1393 19939 22318 20402 20007 16673 11066 4 7730 12861 15658 23016 6103 22318 20 21 
21 21 21 17458 11284 8838 16404 31 23501 18498 4 20149 20402 5621 4 740 20149 19295 4 7730 15658 4200 15678 20463 19297 5 21 21 28 29 6 29 
740 9387 22463 8838 17872 23135 20 
15658 6820 21 
21 1276 6103 21793 11020 15704 4 17629 23016 15678 18707 4 
7730 28 15658 9743 7174 5 5 5 
5762 28 4 15678 11474 5 5 
7730 6408 5762 31 15144 5 5 
9808 7127 12604 7509 15144 16323 15144 21 
21 15061 4 18069 4 1676 4 5590 2116 5 7730 22327 20402 7914 12780 5 5 5 
31 16971 21282 8386 7730 9743 15678 18498 7847 14539 18533 5 5 
6 21 
21 21 21 5 5 5 23554 20060 28 4 9901 14145 4 
22318 20402 15138 13909 7509 18498 9193 17511 9457 5 5 5 21 21 6 
22327 17872 14604 28 21 
21 29 1249 7509 19097 18054 
20751 9968 20751 26 26 28 20751 26 26 6075 10901 21 
21 26 6 6103 
3711 6 28 28 
26 23127 6 
28 28 5524 19426 
28 28 5524 28 
16229 28 18657 5524 
28 28 18657 5524 
28 28 5524 28 
28 28 5524 19426 
7750 23016 30 6 6103 
21 21 21 5 5 5 15678 14604 5528 20402 15678 21680 13727 4 9743 15005 
9193 22318 5474 31 15643 13909 14335 6256 1614 5 5 5 21 21 29 6 21 
21916 6 
21 18476 28 4 28 7730 28 8995 1393 2708 7509 10241 4 
7847 15658 7491 21 21 28 12780 9193 20007 21 21 5 
7847 7491 21 21 20149 28 18533 4 7847 9193 20007 21 21 5 
8443 16404 6103 9901 6177 12578 21680 7730 16630 31 23167 7509 20304 5 
28 15658 20402 21680 15015 20 21 
9634 9743 17211 
21 21 21 5 5 5 26 26 26 26 11617 26 
11943 26 11617 26 26 26 5 5 5 21 21 29 21 
21 21 21 5 5 5 9193 22495 15658 20402 18772 4 
20149 31 22821 20402 15678 18498 17664 4 
17438 18498 8561 15658 20402 22463 0 5 5 5 21 21 29 
21 21 5 5 5 18498 7847 20402 13405 1393 17269 22495 4 16404 18498 15678 15190 19900 18498 22318 14335 8458 4 7730 15678 1027 4796 11690 14335 1027 5 21 21 28 29 6 29 21 
6 
21 21 21 5 5 5 15855 17872 9193 17511 19900 18498 15299 20402 5 5 5 21 21 29 21 
21 21 21 7730 22463 7127 20149 2096 31 15855 17872 951 4 
21596 22463 6014 4 9193 15658 20402 2352 21 21 29 6 21 
21 28 20402 7509 5505 20 20 
2727 9790 4 
9901 12739 7914 20127 4 22065 7730 7804 5 
8995 2371 15678 19522 5 
20402 7509 5505 21 
21 21 21 21596 10765 18498 13822 15678 16083 4 
21596 10765 18498 15658 19900 1027 5 5 5 21 21 29 21 
21 21 21 7599 654 
20402 21282 15678 22797 13761 20402 5 5 5 21 21 29 21 
21 21 21 11617 22 30 26 26 26 
11617 26 22 21298 26 26 26 
26 26 26 
26 26 15005 26 
11617 22 13800 26 26 
26 11617 26 21776 7509 
11617 26 15005 26 14335 
26 26 26 26 26 21 21 29 21 
21 21 21 26 26 11617 997 4 
26 11617 26 26 4 
26 26 26 11617 26 26 20402 14335 4 
11617 22 13800 26 16073 4 
26 26 4 
4796 26 26 26 7 26 26 15803 14335 4 
26 31 11617 997 5 21 21 29 
352 4766 8956 15286 7850 3393 5 5 5 
3058 7127 31 21793 21 
21 9387 4672 18498 14514 20402 4854 5 5 5 17438 9721 15658 6256 6103 1937 5 5 5 
13055 18498 15678 20828 15658 23016 5 5 5 8443 5 5 5 
21 21 21 9193 4 4796 8995 8678 6 31 4672 18498 15678 15855 15658 22805 4 7730 15678 16098 15658 16098 4 7730 15658 20954 1393 5528 7509 11474 4 20402 31 18498 28 17714 16404 15678 18498 15678 1027 5 21 21 29 28 29 6 29 
22327 17872 14604 28 
14604 28 21187 21 
21 21 21 18476 7491 15658 20402 15955 4 
7730 31 10547 22318 16630 22463 20539 4 
18476 20402 17629 8241 4 
7730 31 910 18533 10447 5 5 5 21 21 29 6 21 
14604 28 21187 
21 16323 28 28 7730 28 28 5 5 5 
4796 20293 1755 5 5 5 
30 28 28 11477 28 20497 21 
21 17438 12861 20402 20007 16673 11066 4 22463 9721 11760 5 15658 14514 4 13909 7847 9193 20007 5 5 5 
21 21 14539 20402 1920 4 17297 16603 4 28 14335 1027 5 5 5 21 21 29 21 
21 9980 4 14294 9790 5 5 5 28 2371 12780 15671 5 21 
21 2329 0 0 0 21 21 13596 6103 21793 1043 4 12159 7730 12780 4 11091 7730 3588 5 5 5 21 21 
28 29 6 29 21 
21 20149 15678 19939 6103 5792 7850 5846 15658 20402 21036 17872 22318 13446 4 8443 15425 15965 14024 16500 11685 20402 3735 5 
3058 7127 31 21793 5 5 5 6 21 
16440 28 
21 21282 16404 19224 9164 
21 21 9193 12780 1380 18498 15678 28 6103 1114 4289 15459 13727 5 5 5 21 21 29 21 
21 17933 15658 21596 15299 31 22805 4766 439 16066 17797 866 5 
17933 20402 22126 15678 5179 7509 23167 6103 28 1393 11474 5 
7730 9010 23167 8995 9457 7850 8683 20 21 
21 21 21 28 17658 8956 3884 4 
15658 18533 15678 21549 18498 9193 17511 5284 4 
4766 9193 15256 5 5 5 21 21 29 21 
21 9193 11685 7102 20402 11543 5 5 5 
15576 5893 7102 20402 6103 8360 7730 15658 6103 15106 30 18498 15658 8361 15299 7730 15424 7786 
15576 12787 7102 21596 13909 1114 4766 15678 18195 7730 21798 22463 1393 16083 5 5 5 
21282 288 6 21 
21 21 21 8147 31 3558 6103 22463 13727 18498 20844 15678 22797 7509 16580 5 5 5 21 21 29 21 
21 21 21 9193 21282 18533 31 3558 6103 22463 13727 
7914 18498 20844 15678 22797 7509 16580 
7730 11165 1393 702 21980 5 5 5 21 21 29 6 21 
21 17438 13909 18498 23135 
15061 4 18069 7730 1676 4 
15658 9743 7178 5 
31 16971 21282 8474 15678 18498 18533 8474 5 
3058 7127 31 21793 5 5 5 21 
21 21 21 15423 5108 5 5 5 
15423 5108 5 5 5 21 21 29 21 
7730 15458 21252 5 5 5 6 
21 15138 9621 4 17556 7822 4 
15138 13009 4 17556 4920 4 
15138 11685 4 17556 28 5 
1453 19089 6 21 
1612 14924 7914 18498 23135 22805 22463 26 7509 17930 16630 22463 11841 2136 1022 6 
21 7730 7850 29 7127 28 9743 15678 11474 
7850 29 7127 7847 6564 5 5 5 
22805 28 18498 15658 20402 3058 15678 11474 23104 21282 5 5 5 
28 5762 31 15144 
7730 15643 13909 28 6564 5 5 5 6 
21282 16404 6638 5 5 5 9808 7127 12604 7509 15144 6 
16323 31 22318 15144 5 5 5 21 
21793 9422 7850 11685 20402 12400 16404 15678 18498 20444 31 20463 22466 5 15678 19173 6103 28 20402 20670 7513 5 15658 20670 18876 866 5 
21 20402 6103 21806 4 20244 21551 6103 15286 4 9193 31 5891 20402 20293 7509 15286 21 
21 21 21 13909 20402 17629 1540 18498 15424 22327 20402 3075 4 
23016 31 11518 7509 7594 7730 31 6738 5 5 5 21 21 29 6 21 
21 29 15678 18250 17438 14080 17380 4 21810 6103 23151 31 4821 6103 7279 11578 7730 14758 5 
29 15908 29 15770 31 167 7509 14471 17438 10220 6103 18464 4 7730 11462 13055 8995 21793 20786 5 
9605 12861 7914 21806 6103 846 4 20149 15678 18250 10648 7914 29 4 20402 15678 9971 7509 6340 7850 28 5 5 5 13170 21 
21 20402 13909 10544 7491 18498 20402 7630 4 18476 31 7594 15658 20402 23135 18498 20357 5 5 5 
3058 21409 31 21793 23351 21 
21 14724 21662 6103 28 4 18069 6103 26 5 5 5 7730 20402 15678 18498 28 18533 11462 20 20 20 21 
20420 15138 20825 4766 22463 28 19745 15678 28 26 0 19703 6 29 
17629 9594 13909 15299 6 6103 
6 6103 
21 21 21 26 997 11617 0 
26 26 26 15803 26 26 26 4 
26 26 21776 26 26 26 4 
26 26 21776 26 26 26 5 21 21 29 21 
21 6408 6103 22463 3058 21551 20244 12960 23236 4 13055 21596 8918 15678 18481 20402 3058 5 
10907 23151 1393 22140 21 
21 14109 15658 4 1453 871 20520 16404 9193 20689 5 5 5 27 6 29 21 
21 5371 22327 7730 5371 21793 5 991 7509 10523 1547 7850 11011 4 22463 13512 20497 7509 21842 7850 1724 5 
28 29 23274 29 6395 5 18594 
9193 368 
15678 10839 23151 21 
21 6 29 
6 29 
21 21 21 5 5 5 1393 19030 6103 15138 
14335 1515 31 4163 7730 15678 15206 
9193 18533 15678 3610 5 5 5 21 21 29 6 21 
21 21 21 26 12863 26 
11617 22 30 26 26 26 21776 26 26 11617 26 26 
15833 4 11617 26 11617 22 13800 26 26 26 13236 
21776 26 26 1511 20402 26 26 
26 11617 26 26 26 21776 26 21 21 29 21 
17629 9594 13909 866 0 
22657 15834 28 5 5 5 27 21282 7553 
21 11462 4 7127 29 6103 12897 4 7127 7509 4903 30 6 6103 21 
21 21 21 5 5 5 11617 22 30 26 26 26 
26 26 26 26 
26 11943 26 8184 
12863 26 22 21298 26 26 
11617 26 21776 26 
21776 26 12863 26 
26 11943 26 8184 
12863 26 22 21298 26 26 5 5 5 21 21 29 21 
21 21 21 5 5 5 26 26 26 22 21298 26 21776 26 
26 26 11617 26 26 18772 
26 22 20539 26 26 26 26 21726 26 26 5 5 5 21 21 29 21 

21 21 21 5 5 5 26 14335 26 26 26 11617 22 30 26 5 5 5 21 21 29 21 
21 21 21 21596 16192 18498 16393 3446 6103 22954 4 9193 31 10765 17658 8281 7730 20149 5621 17438 6389 7509 18498 4730 16404 20402 7730 9835 873 5 21 21 21 
21282 17872 19224 6 29 
21 21 21 14539 20402 1920 
17297 16603 4 28 14335 1027 5 5 5 21 21 29 21 
21 3794 22765 6 18498 2344 11300 4 18506 31 16882 7730 16784 21282 4 22657 15678 8744 28 28 5 17438 8956 9193 15658 8840 5 21 
21 18525 22773 20402 31 14425 23180 5 5 5 
16323 28 28 27 6 6103 
15741 5 6 15678 4346 20402 13591 20 21 
28 28 11139 15678 20463 14425 16404 31 23575 1549 0 0 20497 5 5 5 
21 4796 9193 21842 15658 20402 17438 8995 4 15658 8644 18498 31 14425 23180 20402 7509 28 28 4 20244 7728 5 
15741 5 6 20244 14335 14335 14335 4 17438 9721 5 5 5 21 
18498 13512 31 8210 6679 9808 28 31 28 5 15855 15678 17163 17163 5 
21 15658 4 9193 15658 22805 12861 27 21 
21 21 21 21154 31 7594 6103 15658 19900 4796 20402 15678 1022 5 5 5 21 21 29 21 
28 9901 9632 7850 26 7509 15678 30 27 
11518 6103 22240 31 5531 7509 9193 15416 6 29 19703 
21 21 21 23554 20060 28 4 
9901 14145 4 
22318 20402 15138 13909 7509 18498 9193 17511 9457 5 5 5 21 21 29 21 
21 11636 18772 6 29 1249 
11636 14480 6 29 1249 
11048 6103 12322 6 29 1249 
11048 6103 14302 6 29 1249 
11048 6103 22764 6 29 1249 
6 15678 15678 5 15678 21 
21 21 21 7850 9193 23523 15658 21596 21793 8956 19950 21 21 
7491 9193 2336 4766 29 9943 5 5 5 21 
21 21 21 7585 22 21298 26 21776 14335 
11678 26 26 14335 
26 26 26 26 26 14335 
26 26 14335 
4796 9971 6103 20247 14335 
26 26 26 26 5 5 5 21 21 29 
3058 7127 31 21793 5 5 5 21 
21 3697 20402 15678 18498 14335 6219 11462 4 9193 5 5 5 9422 18075 16404 15678 19509 7509 22942 20 20 20 28 28 29 5 29 21 
3058 7127 31 21793 
21 21 21 7850 3699 6103 21582 4 18533 6820 
20149 20402 5521 4 9193 15658 19900 5 5 5 21 21 29 21 
21 26 1427 5013 4 654 21752 22463 4633 4 
7576 12780 20402 3913 5 5 5 6 20402 21 
21 21 21 8995 1575 3450 20207 
1276 18498 12861 1614 23029 22463 21951 5 5 5 21 21 29 21 
21 21 21 15658 8840 9193 12780 7957 17872 16765 5 5 5 21 21 29 21 
21 21 21 20402 31 20781 18498 12442 15678 17318 4 5762 15678 1845 7730 1233 15678 11208 21 21 
28 28 21 
9808 7127 7509 15286 6 6103 
21 1937 5085 19403 4 22805 22463 3962 22463 3962 6103 21055 17438 4060 6103 22463 7594 5576 4 9193 7850 13907 7509 22898 4 31 7594 20402 20348 4 21055 15658 20402 18533 15036 4 9193 20539 907 22463 7594 18498 8956 16971 15658 21154 13909 5 
21 21 7850 3699 6103 21582 4 18533 6820 5 5 5 21 21 29 21 
21 7730 4796 20293 7850 14539 5 5 5 18476 17629 4 23016 2116 5 5 5 18476 15658 17629 4 9996 18498 15424 22805 4 16066 15424 9605 5 2717 4 11518 6103 352 17872 22942 5 5 5 21 
21 21 21 7730 14539 18498 15299 10473 
9193 8995 6103 18376 4 6103 18519 8546 21 21 29 
3058 7127 31 21793 5 5 5 21 
21 28 4 28 4 28 4 28 4 28 5 5 13325 0 13059 21 
21 18533 5320 4 9193 15658 22657 31 16689 5 15502 8386 5 
3510 28 28 5 21 
21 21 21 26 26 26 26 11617 26 26 0 
26 26 20497 14335 31 26 4 
21776 28 26 26 26 28 4 26 21 21 29 
3058 7127 31 21793 21 
21 28 28 23016 1393 28 
19969 4766 18034 
2685 
22564 7645 
23316 15678 10546 
17035 15678 15200 
20149 7847 9901 13909 7558 28 4 1926 4766 15678 28 5 21 
21 11586 15502 15658 4 26 0 23135 15658 19900 15678 7127 6103 1022 5 7 21 
21 21 21 8715 13055 22805 17106 4 6103 8195 10765 21260 
8840 18498 15678 20749 13055 23016 21 21 29 
3058 7127 31 21793 5 21 
21 19900 15678 18498 6075 23135 18533 753 21793 15190 4 
20402 3058 6329 0 
7850 9971 4 23135 19969 4796 15678 19854 7509 11454 4 
15678 9608 4 15678 12676 4 15678 4273 4 15678 12861 7730 15678 1616 5 
8443 15678 15422 654 20402 1540 31 20402 3058 5219 14539 4 
7730 14335 4730 7914 17819 13727 4 
1276 6103 22327 7730 21793 5 21 
21 21 21 21596 28 18498 23135 15658 18533 13909 352 
31 15533 15658 21596 9971 
15678 7127 15658 18533 13909 4289 
14604 28 15678 18498 12780 20402 6103 9193 0 21 21 29 21 
21 21 21 18476 15678 15190 3510 1393 14604 19030 
21680 3192 14335 20215 
18476 15678 15190 3510 1393 14604 19030 
20402 31 8838 17872 9193 
18476 15678 15190 3510 1393 14604 19030 
7730 31 10268 20149 12780 8147 150 7914 22318 
20211 
20215 7914 9193 15256 5 5 5 21 21 29 6 22 21 
21 560 8995 13010 31 22386 23127 22564 4 16066 31 23180 0 
4766 22463 23180 13512 1459 7847 4766 31 22386 23127 4 9193 5 5 5 
4766 22463 23180 19854 7730 22463 11091 6714 4 15658 11284 22386 23127 18498 6075 12939 5 
4894 22805 5 5 5 6 21 
21 23 27 4 15855 18498 13512 5 5 5 
15658 20402 12861 5 5 5 6 
21 21 21 26 14335 21776 26 
11617 22 30 26 13585 31 13433 
26 22 20539 26 26 
26 14335 21776 26 21 21 29 21 
21 21 21 26 14335 26 26 
26 14335 26 26 
26 26 26 26 26 14335 26 26 26 
26 26 26 21776 26 
26 11617 4796 26 
26 14335 26 26 26 11617 22 30 26 21 21 29 21 
10672 19736 7730 11182 20402 16083 15669 8 29 26 26 28 
21 17960 17989 7730 8458 4 8235 17511 21752 22463 4633 5 5 5 2136 13909 10606 5 5 
3058 15533 31 21793 20402 21 
20149 17714 18231 16404 31 18069 6103 1022 
14604 12787 5 5 5 6408 6103 13909 6103 29 13539 6103 6026 1421 22463 8561 7850 17960 5 5 5 2371 20402 28 22805 5 5 5 
23 17960 17872 6075 22463 7594 6103 3393 22805 5 5 5 
21 21 21 20402 18498 9193 13055 17511 8317 0 
16066 7102 1453 20852 0 21 21 29 21 
21 3058 7127 31 21793 
7850 8840 18498 15678 7127 11462 20402 15138 17914 5 5 5 21 
21 15643 16721 18498 20402 22385 7188 5 5 5 5 6 
26 17960 7594 6103 3393 21 
21 10606 31 14370 18498 23135 21623 20931 16440 7850 21932 4 14335 8458 22805 11980 5 5 5 21 
7509 21551 18498 740 20402 5547 27 
21 21 21 733 20 18498 23167 6103 1190 5354 20 
16673 12916 4 7850 23030 7509 28 4 
16647 7914 22318 15256 7730 23123 
16673 11757 7509 21631 7730 22318 472 20 20 21 21 29 21 
21 21 21 9193 18533 22318 20444 4 9193 18533 22318 15684 
23104 22318 23167 4 19089 22318 22821 
22318 11514 4766 9193 22942 4 7914 22327 22318 472 
14550 4 1095 4 28 28 
8956 20402 15678 14604 18533 5 21 21 29 21 
21 21 21 5 5 5 7730 1393 19030 6103 3450 8946 4 
7914 4434 6103 3450 14981 
9193 15658 17908 17438 5564 4 
16066 16673 702 7509 10192 5 5 5 21 21 29 21 
21 15138 3058 4 9743 18069 6103 12327 11617 1022 4 13923 6981 12939 5 5 5 21 
15658 20402 2727 15678 18498 9193 18533 5 5 5 
19900 1612 20319 6103 19900 18498 20931 15585 20402 3058 9193 23135 17304 21596 21752 22463 15585 22463 17556 14425 7914 17951 5 5 5 
9193 7850 5695 9743 13176 8956 11518 7509 15533 27 
21 21 21 4854 4 16439 7509 4346 7730 31 835 
4835 4 16143 7509 7594 18498 20149 9743 9193 5 5 5 21 21 29 21 
28 6256 9193 561 5 5 5 27 
21 18476 9605 4 15658 19900 31 10268 18498 21596 22463 16192 7730 15678 7809 18498 1453 22463 16192 12780 21198 7850 16971 18498 8995 16098 5 
21371 18476 8720 866 4 18498 16404 31 16971 18498 8995 9594 16393 20402 866 22233 4 9193 4060 22463 11792 11020 4 2136 1964 5 
7102 14370 9193 16192 4 20402 18498 20149 20402 7491 31 15671 4 10959 6103 22396 16098 0 15678 18498 31 16083 16971 20357 1393 16090 0 
31 16192 12780 7279 1393 5528 20 
18498 18824 21596 15458 5528 0 7730 7914 23042 6981 16192 4 4796 8956 5528 12780 636 0 
16721 22310 22898 1276 6103 9594 866 18498 17511 9835 16066 13822 873 4 1393 22898 18525 13909 1027 20402 18498 15228 7850 910 5 5 5 
18476 9594 4 5876 16404 18498 20931 16192 20402 14426 18498 15678 20463 20537 5 21 
17950 6 6103 
6 
21 21 21 4766 13764 9193 15860 23135 15963 
20792 31 28 11849 
10268 17872 20688 5 5 5 21 21 29 21 
21 21 21 210 15678 14604 5528 20 
210 15678 14604 5528 20 
15678 22797 8995 20844 
9193 20402 22318 472 18498 22773 15678 14133 7509 573 21 21 29 6 22 21 
21 21 21 21680 5528 22318 7491 
18498 15658 21596 12939 
22463 23180 22318 7491 18498 201 21 21 29 21 
21 21 21 6739 9193 22318 3348 
10369 368 
18498 31 23067 7509 22318 28 
20402 22327 15678 18498 9193 17629 21 21 29 21 
21 21 21 6256 9594 4 6256 14487 
28 8995 15855 8995 16098 22327 
7730 14335 14018 23017 7491 
9901 3532 9193 12780 9594 17438 23135 21 21 29 21 
21 26 13055 8995 7850 16196 5 5 5 
21 21 21 3510 15678 15206 4 21752 31 16633 
9193 22495 15658 20402 18772 
20149 31 22821 20402 15678 18498 17664 
17458 8561 15658 20402 22463 0 21 21 29 21 
7 
9901 31 7157 
21 21 21 14604 8186 20402 7850 4417 6103 28 
7914 19856 6103 16067 9193 12780 3610 
8995 11731 31 23501 7509 22942 
7914 18553 6103 21551 9193 12783 17872 13761 
14604 8186 20402 7850 4417 6103 28 
15678 14604 16467 9193 13055 5204 
2171 16673 20044 7509 28 
12780 15005 17872 20293 13030 6103 28 21 21 29 21 
27 
15643 21596 19310 22765 5 5 5 6 15678 
27 
27 
21 21 21 4796 22463 6734 28 22 910 8995 
15138 18736 16404 6820 
18498 23167 6103 4346 
9193 9193 19900 15658 7102 6564 31 15256 21 21 29 21 
21 21 21 28 4 14604 28 
22327 8995 22385 7188 17872 9193 
28 4 14604 28 
15138 14335 16836 6 15894 22318 8995 0 21 21 29 21 
3058 7127 31 21793 5 5 5 
21 21 21 7286 17438 8956 9078 
21810 22463 2530 6103 20749 
21596 14673 16404 16776 1276 6103 4289 7914 3962 
7730 31 12970 1453 4809 21 21 29 21 
21 21 21 9193 14096 14604 13131 20158 
8644 2116 6103 4276 7730 3458 5 
9193 15678 14096 17729 4 9193 15658 17511 5428 5 
17458 20149 9193 6256 7847 19969 4 
7847 12780 14335 6914 4 14335 6448 5 
17458 15502 23016 7730 14335 20007 7384 0 9743 12861 201 20 21 21 29 21 
21 21 21 6256 9594 4 6256 13010 
23135 12780 9901 4796 28 15128 
21282 155 20931 2988 16404 78 
9901 21987 7730 6256 28 9594 21 21 29 21 
21 21 21 3510 10159 7509 6014 4 
18516 8956 942 
15061 17872 8956 17563 
18498 11284 28 7914 28 21 21 29 21 
21 21 21 15678 6014 4785 31 20149 155 
21793 31 21631 20149 7521 31 22318 
5792 4 19169 7509 28 
23016 9193 3348 21 21 29 21 
19969 1614 5 5 5 3058 21409 31 21793 20 
21 21 21 5 5 5 2727 13909 10544 873 1515 
15678 8564 18498 9387 7914 9193 
9193 15678 20304 14335 9743 18962 
18498 14335 1027 14539 1920 5 5 5 21 21 29 21 
21 21 21 20402 4796 21219 7850 6014 
18476 8995 4346 17872 22318 
15678 11091 6103 22463 910 15502 
7850 21631 20402 3735 6103 16098 21 21 29 21 
21 21 21 31 22942 14335 17664 13909 22463 16630 4 17438 8956 15658 17304 8840 4 22327 18498 20825 6361 5 5 5 21 21 29 6 22 21 
21 26 19735 5795 15187 19735 28 6 
21 21 9193 15658 18533 23104 15036 17438 6389 5 21 21 26 21 
21 21 21 8956 9835 16393 15658 4396 
8956 7594 20402 22385 18772 
11284 21389 4672 18498 15678 21551 15658 17304 1400 21 21 29 21 
21 15678 28 20402 15678 17819 21726 31 16784 17872 28 7850 15604 14134 5 5 5 
439 18525 20402 15678 20207 0 
27 21 
19224 22463 17556 5 5 5 6 
21 21535 6103 11462 6 
21 21 31 16192 6103 28 20149 19295 31 3450 7127 4 14466 15678 13697 7509 11685 20 21 21 6 6103 
3058 7127 31 21793 20 21 
21 11462 20402 7127 7509 10055 23029 11449 4 2631 22463 6446 4 17872 7847 4809 31 9594 7509 16468 5 27 21 
21 10959 0 15658 0 4 18498 16689 4 15658 15344 16404 659 15502 14539 5 5 5 7 21 
21 21 21 11462 4099 
18476 9193 352 7730 15658 22318 22805 
9193 16721 7914 21389 4672 
21596 14378 
733 4 4796 9193 4346 4 9193 20738 
7914 20191 
22327 12861 
11462 4099 21 21 29 21 
21 201 6103 352 7730 15299 14426 4 16673 5431 26 9743 17107 5 5 5 6 
7542 3590 13923 21 
21 20336 7850 8713 4 15658 17511 8918 
2136 14539 654 4 16765 15678 21551 18498 9193 15643 21596 
22463 16083 11454 7509 1040 18392 7509 6996 5 
26 21 
21 288 18498 21776 9901 21168 7730 15658 18533 368 4 22385 21787 15286 26 7914 19709 3198 15458 9867 7850 1659 0 20402 12861 14539 17919 0 21 
21 7594 7850 5574 12526 4 8443 30 4289 17438 11462 15658 20402 0 20 6 21 
21 22440 28 27 
21 21 21 15678 20825 15658 201 4 15678 21551 13055 4809 
8995 23104 22327 15678 18498 7847 17714 
15678 20825 15658 201 4 14604 28 18779 
20931 16192 20402 4179 9193 17511 5108 
17629 8840 21 21 29 21 
21 21 21 15678 6014 4785 31 20149 155 
21793 31 21631 20149 7521 31 22318 
5792 4 19169 7509 28 
23016 9193 3348 5 5 5 21 21 29 21 
21 9193 12780 21095 12861 4 7509 14539 12939 18498 20293 20402 5 22463 7127 6103 3450 22897 4 2136 18476 9193 15658 713 13909 5 5 5 
28 21 
21 23135 8995 13822 4 13895 4 
6419 19525 8995 
18381 7730 16393 18498 21793 13749 
16404 22318 6256 17106 5 
28 21 
8995 4289 31 11518 5 5 5 16440 19859 1393 527 5 5 5 
21 17797 5362 7509 11076 7914 29 4 29 4 29 5 5 5 21 
21 21 21 14604 8186 20402 7850 4417 6103 28 
7914 19856 6103 16067 9193 12780 3610 
8995 11731 31 23501 7509 22942 
7914 18553 6103 21551 9193 12783 17872 13761 21 21 29 21 
21 21 21 6103 18498 22657 31 10268 4 31 19898 4 20149 15678 14604 982 15658 8995 7914 22318 
6103 18498 22657 31 10268 4 31 19898 4 
20149 9193 15658 14335 13185 4 20304 4 17872 22318 0 21 21 29 21 
21 21 21 19169 7509 28 4 7850 16192 8995 6103 18376 
11945 20402 9193 10547 
7850 7127 13923 4 20304 4 22318 472 
22318 3348 18476 13359 28 29 
22318 1691 22564 
7730 4766 15138 17630 14335 6202 7730 1987 20 21 21 29 21 
21 9808 4766 9193 15585 6103 17951 6 6103 7730 18498 7850 20207 22495 23016 22463 29 5 29 
17951 26 21 
15908 5 5 5 
21 15678 28 14265 15678 28 4 1519 15678 28 7730 6073 31 17556 12780 6075 17671 16404 17258 5 7491 20402 15299 21 

