21 1393 22898 20402 17629 10566 4 20244 5340 4 20244 31 4701 7509 18631 5 9193 20402 2727 423 1393 16133 7730 31 12159 3532 5 21 
21 23016 17872 4624 4 1114 20 21 
31 16568 12470 21810 5320 6103 8807 18498 7102 20402 2270 7730 12125 6 12861 9743 16440 7509 10927 5 12780 20202 9193 13749 0 
21 20149 28 22318 6075 22463 7563 
20149 5741 15658 12787 
20402 18498 23135 8995 7102 17438 22310 5 21 
11731 0 
26 20 28 8995 7850 20269 20 
21 3058 4 6408 6103 13909 22463 3784 7994 15908 7914 10628 15803 26 4 31 21266 21 21 17380 3170 21 21 15658 18533 9901 2116 7730 9193 22126 22463 19630 11886 5 20402 18498 8995 3610 16404 22463 26 26 7174 7509 18498 21793 8840 0 21 
21 31 18525 12578 17511 6 8995 15458 21648 16429 7509 17819 8147 7509 17950 20402 28 21639 7197 4 18498 12780 6110 18553 19217 31 15267 13591 5 9193 16431 20149 6075 7850 20357 6103 9569 31 19745 7730 5421 4766 31 7318 31 16440 7509 9422 7509 16847 12745 5 
12780 8995 13026 4766 22463 10606 6103 16958 4 21971 18498 5174 4 452 7730 340 6 16847 7914 15102 4 12974 13591 4 28 7730 6721 7730 15658 14335 8344 5 
11036 1393 28 16673 5483 4 8995 13026 7730 14810 20 21 
28 15658 21596 7251 
8386 16066 17629 6717 0 
21 20402 12861 20 
18533 6472 0 15658 21776 8386 
14606 4766 31 5896 23135 12780 19969 16784 20 
12442 7850 22861 7509 20165 13748 20 
2287 4 5896 20 21 
21 15678 28 9901 20 
7730 31 16630 6103 28 20402 22463 16102 4 21535 4 31 5896 15658 8995 6103 3222 5354 15658 4 20463 10930 5 22150 7850 2614 18498 8995 13480 1614 5 
20149 7850 18381 10982 28 31 10765 13055 21438 16689 7730 13749 4766 21793 31 9193 1694 5371 31 9620 6103 19456 4766 15678 17934 7509 5896 4 11731 15458 10982 10930 4 22293 7730 11699 5 15658 21596 13909 16135 15658 4 18688 4 17159 13483 17438 1614 18498 15658 21596 11644 4766 10930 15658 5 
15678 28 12780 23151 14539 4 12125 6103 18525 20402 17753 4 7730 13909 6 18525 14018 7850 28 20402 31 5896 4 9942 4 15658 23016 4766 8956 20463 14753 8696 2371 15658 18498 1614 15658 20402 15678 18582 7509 20931 3962 5 
10930 8696 5 21 
21 14425 17872 18525 4 1095 0 
3058 7127 16404 15678 10930 4 17458 17872 18525 20402 18170 15678 7127 8995 7188 5 21 
21 4766 23135 6 15678 14753 7509 19225 9477 5 
654 12780 28 20 21 
21 21 21 31 21161 5621 3170 6146 7850 20247 16468 18498 28 5915 4 15678 6428 18498 13473 15678 8747 16404 538 31 17753 28 4 7102 20149 538 7509 3858 16404 19474 17889 17438 5767 6103 5614 5 15678 22929 28 21535 4 18498 21810 17511 7850 18581 4 17304 8995 12213 17438 15840 1249 13055 18498 31 13048 7859 15678 5041 17438 23001 15678 13494 6103 7514 6103 3621 5 
5 5 5 
15678 28 8995 3598 17438 5320 7509 20931 17106 18897 6670 29 4 7730 654 31 5782 17380 8995 6111 31 5107 7850 20127 6103 20931 12979 6340 5 21 21 
22133 7509 7794 7509 26 26 28 21726 6103 15908 4 21282 16404 20357 4796 31 5107 7509 15190 7850 28 8995 21145 7730 4796 15658 21596 15299 31 21535 5 
16323 1393 8464 5 21 
21 28 28 4 23135 20402 22463 3119 8696 7509 3805 5 21 
21 9193 15658 18533 18498 20402 31 11454 31 15061 18498 8995 7509 13131 4179 4 15678 5960 7384 20402 15138 951 4 20402 15138 16971 17669 4 15138 22942 16784 4 15138 21551 16784 4 15138 2088 7914 7277 18498 16404 20149 5258 15603 12780 17629 6103 7707 5 15678 21551 20402 654 4 15678 17737 5 
8995 7850 19856 7730 7914 21793 15678 8807 6103 13749 5371 15678 12588 10982 21535 4 5371 15678 19575 4 5371 15678 2087 5 9193 15658 18533 23151 1393 16468 4 15658 18533 22463 14757 7509 5896 23151 17872 14757 7509 7804 4 8956 13793 13055 20402 21095 11284 15138 21551 5 15658 18533 29 6103 14756 6103 8995 11474 4 15658 18533 13909 5621 9193 7277 7509 17563 21931 4 15658 18533 22240 22463 10982 19854 17438 22463 10982 17106 5 
7730 368 4 21758 8995 8561 6 17106 7509 18498 8995 9901 20539 4 7730 9901 15138 5 16689 18498 15138 17658 16162 17872 22805 5 
31 13749 5360 4 20293 20 21 
21 3058 7127 17872 23135 18498 352 4766 21535 7850 20931 26 5 
10828 7730 5107 4 7509 12213 7730 15643 7855 10530 17753 5 21 
21 10765 4 7850 3058 4 13055 6075 15658 20402 0 
18498 21340 31 10765 4809 6103 15604 0 7861 10795 13055 4 1575 31 15193 7730 9743 15678 19768 21793 6103 15604 4 17753 4 20300 4 10976 4 6428 4 22327 6103 15604 5 
7957 0 21 
3790 5 15678 28 6221 15658 20402 16404 1004 5 
18498 19695 8956 14469 7509 28 20 
21 20381 21752 22463 10548 7914 28 31 5960 7509 17563 4 17458 15658 20402 4 6448 31 28 7730 14514 22463 6564 14539 5 22657 28 20 21 
21 17335 6 536 6103 5915 20402 11695 0 20 7730 31 18525 20444 31 21 21 13279 21 21 0 21 
21 3058 4 10765 5 5 5 5 13055 18498 6075 3568 7850 14600 4 19822 14520 4 28 4 22564 17286 16404 8793 17931 4 12324 7509 18987 11609 7509 8995 7730 9769 8632 15658 5278 15083 21036 16404 11802 4 18498 21340 16630 15678 536 7509 28 17438 16615 10015 0 31 13036 8995 2371 20 21 
21 19703 5 5 5 8302 8956 15576 16587 4 15658 20402 0 7642 31 9904 4 15678 3790 12780 20402 20559 17753 5 16066 20402 18498 21596 28 28 4 7509 17572 4 15604 17753 7509 28 0 
12780 19698 4 17872 15658 4346 5 21 
20402 18498 13055 352 14539 0 
21 20165 20402 11462 22463 7509 17835 10268 15091 7509 13749 20699 7914 5942 5 7914 14336 31 21389 11429 4 6326 7730 5684 17380 4 7914 14336 31 21389 7254 7730 22765 7255 7850 21 21 3962 7509 17563 21 21 28 582 4 22463 2367 6981 9193 9743 18983 15678 10563 7730 31 8838 5 
1471 6103 23135 4 8908 22765 4 31 13749 5360 5 21 
4796 7102 20402 21793 15678 28 7850 5993 7730 1903 13290 6 
21 733 20539 4 288 13043 5 9743 15678 14539 5 26 21 
3058 7127 5 
21 18476 31 10765 9605 18498 9387 22463 16377 7509 20709 18498 636 15101 14500 16673 23560 4 18498 636 6103 14031 18656 7730 12793 4 18498 15658 5219 21225 15424 17438 22463 14763 22463 1676 13793 5 5 5 20402 6103 16971 4796 15678 3873 18498 31 10765 8995 9594 5 
22834 875 21911 5 21 
15678 15855 13909 3086 
8956 21535 15658 21596 12939 5 5 5 
21 9193 288 8302 18498 23135 472 16162 16553 16404 15678 9194 4 13761 22327 20402 13512 7730 10473 5 2371 23016 15678 26 28 21726 4 26 26 26 4 26 26 4 28 5 5 5 5 21793 7491 4796 20402 19676 8956 11802 7850 28 7730 6391 15678 16296 7509 15267 3170 7850 10927 5 9193 2371 23135 17658 368 7850 10889 7730 7850 22805 5 5 5 12780 8386 5 5 5 21 
21 733 4 21282 22463 7728 4 201 31 15932 13253 12922 0 21 
31 13749 5360 
21 5360 11462 7730 5360 20293 7850 19441 20 4766 31 28 4 31 17316 4 31 15286 7730 15138 13749 20 21 
3058 7127 5 3472 31 14520 0 
21 17629 9594 20670 21535 
28 21535 20402 3735 6103 22507 15678 28 0 
8840 18498 20539 20 21 
23135 15658 17304 13494 9193 28 20149 9193 3653 7847 1276 5 2702 
15678 15855 13909 18328 18498 13055 18876 15458 17230 21631 5 
21 12780 4289 6103 3790 13501 4 7850 7362 6103 20803 4 22240 4 9594 7730 16098 16083 15936 0 
12780 19969 7509 20326 4951 7730 1563 9193 7318 17380 7850 16847 4 20244 3510 7850 12960 7509 9608 17332 0 
7957 5459 10606 4 17872 9193 22507 7730 17872 9193 10252 17458 18476 31 5531 1765 4 31 10765 19900 2727 18470 20402 15678 13131 13909 10296 5 21 
21 13640 13909 21776 8165 15458 3077 4 18525 12780 0 21 
21 7850 16847 31 10765 20293 20149 8147 4 12716 4 11905 5 
15855 18498 4672 12577 20 
19349 4886 6 11560 6 2914 5 30 29 21 
21 7914 14230 4 15678 16847 12745 23051 31 814 12201 19281 4 7914 28 4 16404 11051 31 17819 7795 8810 7509 17950 4179 15855 4 12653 21 21 31 3102 7509 8995 5 21 21 
15678 17950 8995 7359 7850 28 7730 17304 20402 268 21371 16673 18352 7509 16847 12745 5 
8956 13520 19142 20402 9743 16673 15855 7509 28 10289 5 
11139 8956 23111 15658 13727 15138 8810 6389 6103 9193 5 
11036 1393 3444 30 7730 31 21793 31 814 18498 9193 18876 6103 14031 15138 6305 20 21 
12780 5459 0 
21 10273 19603 5 
18525 12780 18304 15678 13135 6103 14520 0 21 
3058 7127 
21 9422 13512 20402 23051 7730 5174 6103 16936 8956 814 4 22463 17869 7730 15138 1542 20 
22942 13669 1393 15576 23545 20 21 
16066 23135 352 654 16066 12780 4346 7850 10530 5 
21 662 21371 6 28 28 28 16673 14924 4 21935 4 9132 7730 1103 4854 20 
28 28 16673 3870 4 10268 4 1542 7730 17743 20 
1393 17931 6 28 13307 28 16673 1506 7914 14924 7188 4 16673 15941 10748 6103 5284 22463 21932 5193 4 16673 13606 22664 4 3251 7730 19699 20 15708 14550 20 
28 28 4 16673 7362 7730 16007 1393 14604 21932 6103 21446 4 22463 7509 21935 18498 13909 21596 17605 6103 6728 1393 13669 6981 21961 206 5 
7730 21371 1393 17930 28 22803 10361 4 16673 11510 4 16673 4932 7730 7362 4766 18498 22092 20463 970 7730 17438 15658 20149 15889 7850 15138 13749 22110 5371 31 3332 7730 17614 7509 9193 8632 7730 22516 4 18498 21282 5219 20402 5284 6103 10211 13909 13043 7730 20780 31 16440 6981 7947 5266 5 
11036 8810 31 8956 16971 5 11036 21371 31 21793 1612 18498 6103 871 10211 5421 4 9743 16440 6981 11454 20 21 
662 21371 31 9634 18498 17304 8995 31 18498 15658 17304 21371 5 20244 7847 15299 7384 21596 20357 5 
21 6820 7509 21684 4 21282 18533 662 31 7847 17438 21596 14335 340 7686 8956 16778 6103 20222 1249 5 2395 7914 14196 16673 28 20 21 
5915 20402 15678 18498 20402 5 31 11884 9743 6103 5320 18498 15658 22805 15678 14336 2848 7509 21073 7730 20931 15244 6103 9743 2504 5 17658 5876 7509 16618 7509 21872 14346 5 
21 19703 5 
21 21 17382 18498 12780 23174 15678 11802 7509 17751 7509 28 20402 388 6103 13909 5614 18498 7847 14539 
7509 29 14443 7509 4821 6103 11802 4 29 8241 389 6103 5614 16066 16083 5767 21267 4 6103 352 4766 6075 10237 1393 7850 28 21726 16673 15989 22059 28 5 21 21 21 
22327 6103 28 13828 
21 4766 31 19969 7509 17287 7509 10982 4 15678 21535 21371 12780 19303 0 16066 12780 16866 7850 10982 20244 20402 7509 10982 0 
18498 9074 4 15658 288 0 21 
21 15658 5960 9431 6 15678 17889 6103 11802 18498 2126 8995 7914 22306 7850 5993 20402 21743 20402 5041 17438 16162 22463 7720 5 4796 23135 15658 21596 7251 16404 16162 31 7720 7914 7127 4 16630 8060 5 2371 23135 16162 31 7720 5 7730 6408 23135 7110 15678 7251 17872 18525 22318 8060 5 7730 2371 23135 20402 17889 17438 12861 5 
9193 2717 4 15658 21596 10927 15658 4 8995 4179 5 21 
20402 11462 9193 10765 20 
21 15658 20402 31 21778 18498 15678 23577 10982 28 18498 6103 9707 10252 31 12128 7509 17377 9774 16404 12735 5767 6103 5614 7850 16587 8995 20402 16909 7730 14247 16673 20462 13909 5611 7509 17380 15291 5 
9901 11731 20149 15678 10982 2118 4 18498 21 21 16878 21 21 8406 1874 15678 2288 7509 12737 2136 8956 15669 14156 21371 17438 11696 4807 16673 630 7509 13000 7730 7509 17009 4 20402 15392 7491 20402 13325 16673 20931 5782 7730 5225 6448 16066 20149 9901 14156 16673 4774 31 5614 4 740 18498 31 5960 7509 18191 20689 13055 18498 20402 22463 10982 9472 5611 5 
560 4 31 15932 13253 12922 2288 4 4730 7914 19701 15678 8995 6103 7277 4 20402 9707 4 9193 2288 5 7730 2288 7850 10982 28 5 
15658 21596 31 11723 6103 4766 31 6448 6103 28 4 20402 16404 1959 5915 16066 21535 4 31 15932 13253 12922 12780 5360 17689 8062 7730 17382 7509 17478 18498 23016 17689 5 20559 15658 12780 349 4 15678 3962 12780 21075 7509 15267 7730 20402 8391 7850 13000 4 7730 7914 17556 21551 15678 2645 6103 16255 7730 15678 1335 22825 1036 12780 9164 31 19856 7730 23151 31 17951 15558 4 560 4 21596 31 15871 16404 21842 16673 28 8329 15678 5611 6103 20293 17287 5360 14018 7850 16587 4766 20463 8927 7730 21965 5 
8956 4 18498 11462 15061 21389 12159 4 21282 20149 13325 7384 18476 873 18344 15678 1961 14539 4 7730 12107 20670 31 19653 5371 31 5614 7847 7491 18498 13055 9743 31 16440 6318 4 21752 31 28 5 20402 4 8995 16970 4 9193 14335 22126 15138 9801 8995 8254 
7730 2631 21752 31 28 16404 18498 22327 23151 31 20402 4796 1276 5 
16066 871 16083 17753 21681 5521 6103 6256 19761 22463 12737 6981 13888 4 20244 9743 6103 22327 4 17521 7730 11875 4 16404 40 4 8391 6103 22897 0 
13729 15643 21681 4 4524 4 20149 1575 7730 1133 15678 8927 9386 5 17872 9890 8443 4 12737 20402 13340 5 
6103 18525 8443 8995 8840 5422 7850 4774 31 5614 0 
18525 12780 8637 15678 15604 14753 7509 13048 4 23567 1393 18470 31 17009 20402 20973 0 
5915 0 21535 0 28 0 
16066 5108 7850 15576 13000 7730 7850 11341 15005 4 18498 6977 15678 7277 6103 6202 11015 5459 8406 4552 7730 512 7 18498 9743 5065 4648 20244 2614 13278 871 7 18498 7480 5459 18044 17438 20514 4 7730 17106 740 4 5459 6103 22463 17753 7509 19404 7914 9370 4 20670 31 18470 7847 15658 21596 4876 16404 13010 0 15678 18498 8956 13048 17304 9743 5200 0 
15678 17304 15658 8147 23203 5 
18525 12780 17649 15678 23203 6256 17438 28 0 
873 18498 8995 7850 19856 21596 22463 17960 31 1547 0 7730 31 5055 15392 16404 9363 0 
13770 4 873 9193 753 5 21 
17840 5 5 5 5 
21 15708 4 9901 17872 18195 5 21 
20402 5708 20 
21 12780 288 18498 9193 1190 21282 20 13909 6103 29 1927 4708 7730 12183 4 7278 7509 16847 4 7914 1453 29 5 17304 1522 18498 23016 15138 13909 17438 2371 4 11091 7914 951 7730 3058 20799 6 
15658 12780 21596 10927 20 21 
21 28 28 4 6428 9774 7730 13786 7509 28 7850 5993 4 23016 6202 20635 15678 11808 7509 17753 28 4 12749 20293 31 16615 10015 5 28 201 6103 20402 5041 16673 28 31 7110 13909 6103 29 14676 6103 18772 1393 4656 18449 4 17438 10350 7914 5415 6103 965 6103 18159 18498 150 8632 18449 7914 28 4 4110 18476 7847 20402 20161 6103 7804 5 20402 18498 7847 20402 31 9721 7509 18191 11808 0 21 
21 14055 16847 5371 15678 10927 
1926 1614 6 11560 6 26 5 30 26 30 29 30 
16847 4 22901 4 5628 23135 7102 8995 16721 15678 18498 23135 21596 31 22805 4766 12861 
15671 4 14995 7730 14995 7509 16847 4 18498 15643 7599 8329 15678 10839 352 4 8995 1614 17872 14018 22463 20007 2727 20833 1393 9688 6 20402 5371 13909 22463 10927 18498 8995 7914 5942 7730 18498 9193 2046 7278 20 
15671 4 18498 15658 6202 7730 5360 1515 31 5393 7509 10982 16987 4 18498 9193 4980 1453 14659 8329 20149 881 4766 18525 9193 9441 5 15671 4 18498 21371 9193 15398 31 3610 13131 31 13131 6103 18525 19363 31 3962 11020 5 
15671 4 16848 7730 16848 4 18498 8995 7850 13749 15658 20402 6103 11462 5 15671 4 18498 20402 6578 6103 28 7730 23469 4 20687 7509 14247 6103 15576 1291 15416 7730 12201 4 9942 7730 9943 7509 15554 4 7509 15256 18498 5284 31 11020 14599 7730 5762 15678 9943 7509 20304 5 
15671 4 18498 8995 1393 14173 7509 14173 7509 7277 20699 6 7804 4 14994 4 5896 4 20127 5 
15671 4 18498 12521 15106 20699 1276 14539 7509 28 6103 18475 16440 17382 7850 13749 16673 3365 6 13759 12454 4 702 8089 4 28 1862 7730 5758 14294 7850 8632 5 
15671 4 18498 8125 13141 7914 15230 17872 10657 15576 21674 7730 5204 22463 16620 6103 4387 4 20244 278 1393 21631 21810 17438 13226 7730 8827 5 
15671 4 18498 19934 17438 22310 4 18497 11518 17438 7127 4 8901 7850 22647 4 23572 4 13680 4 8241 11020 7419 8406 9193 3962 1393 4147 7772 4 1393 4147 6103 13264 4 1393 4147 7509 15190 5 
15671 4 18498 19440 31 3450 7127 4766 31 28 7509 10632 5763 7730 20774 5 15671 4 18498 9743 21468 7850 19361 4 4443 7850 10655 7730 17316 7850 17406 6103 23572 5 
15671 4 18498 465 7730 16143 9193 17992 7730 11543 20244 13802 4 15258 4 15424 19277 5 
15671 4 18498 10252 9193 10547 7914 28 14426 4766 15678 12787 7850 14797 4 7850 5893 4 7850 21634 4 4766 16066 20244 28 7850 5528 4 4649 7850 9193 3609 5 
15671 4 7583 4 654 4766 3930 1926 5 15671 4 3607 7730 14219 4 18498 21932 20749 31 20749 16404 21752 15576 21225 5 15671 4 21931 7730 21931 4 18498 5360 4766 15678 13909 2447 20015 7730 20357 7850 16668 31 5782 7772 4 15678 6700 7730 31 12283 5 
15671 4 18498 8406 7850 22516 9193 23575 1249 4 4766 18376 7850 17478 4 3393 8546 4 15995 7850 16654 7730 16925 7850 11522 5 
15671 4 18498 15781 9193 8632 20244 14520 15424 9122 16404 8361 7730 1540 5 15671 4 17931 7730 17931 4 18498 368 7850 7804 18449 7730 15658 9193 3532 7730 9605 20539 6103 11205 4 20476 4 11454 587 7730 11454 12201 740 18498 21582 9193 11810 5 
15671 4 18498 20402 1515 4796 17877 7509 20709 4 17729 7730 17689 1393 29 4 29 4 29 1249 4 4796 18533 15678 6428 5 
15671 4 5879 7277 5360 20402 23001 16673 8995 4 13405 21394 7509 2513 9660 4 5041 20244 20402 13010 4 8102 4 8918 4 18476 15658 1893 7730 740 7491 6 14466 22463 2524 5 
15671 4 15144 17790 7509 13909 2553 3884 7509 14506 4 18498 20738 31 23014 7583 4 21934 4 15746 7730 12996 4 7730 4346 17438 9943 7730 9942 21814 16673 630 7509 8995 5 
15671 4 10716 4 13775 4 2911 4 22120 4 11474 7730 15144 21993 4 18498 8241 31 31 23014 7730 12743 4 7730 15658 238 18498 9193 4730 6103 23151 7850 1705 5 
15671 4 18498 15658 238 9193 11454 5320 17438 22463 15267 18498 15658 9193 19363 7730 13749 16673 7277 1393 4962 5 15671 4 18498 8995 5284 4 4766 9193 23180 4 31 18191 15339 6 17316 9594 4 3702 4 8678 5 
15671 4 18498 20293 9051 7850 19856 4 7850 19415 4 7850 5993 4 7850 4687 7509 17360 6103 17244 7730 18498 654 20402 21440 6103 21644 17438 4060 6103 9193 13749 5 15671 4 18498 1540 31 9743 2136 13301 16404 5360 13749 17438 15576 7277 5 15671 4 18498 10657 31 7687 16689 15678 15270 6103 8720 7914 8807 6103 17304 4 15658 238 6075 15424 22463 16468 2116 5 
15671 4 18498 20402 6103 23206 16847 4 9193 14055 5371 15678 10927 5371 15678 2118 10982 9774 17982 17438 17382 5232 4 8062 20244 4932 4766 15678 17563 7730 22463 15267 14064 5 
15658 4834 4766 18525 12780 1393 19856 6103 3616 1034 4766 22463 7314 6103 23560 4 9688 4 1676 15678 13043 4774 1393 5614 9193 15081 17438 12578 17858 5 15658 4834 4766 18525 6202 31 18506 7509 13279 16404 2748 31 16377 107 7509 17436 4 7914 22240 7509 8239 7509 8995 6345 6103 7277 16673 18470 15671 7509 15106 20699 16848 13749 15908 4 11462 7730 5360 13749 1022 5 
15671 4 18498 19900 18498 31 6340 18772 20402 7813 1453 4766 31 1134 6103 7277 7730 5204 6103 15576 17563 17790 4 16848 7730 17297 4 31 16440 7509 8933 7730 6103 2442 17872 4434 5 
15671 4 18498 5204 21282 22463 16440 7509 18498 20825 7730 21596 7277 4 15658 462 19575 5 19196 15678 19456 1393 20665 7509 22548 7730 31 14114 7509 8995 6345 6103 7277 5 19196 31 19856 8329 8806 6103 7499 4 6110 7730 9743 17382 4 9193 15643 4796 21639 7509 23560 5 19196 9193 13441 6103 9462 4 20402 7847 11658 4 17380 16066 19239 5 19196 31 6860 7509 17377 4 7509 17380 7730 7509 22942 20699 5 19196 15678 2288 7509 17380 18449 4 7509 7277 4502 7730 20699 5 
15658 12780 21596 10927 5 15658 12780 21596 13749 5 11284 13749 20 21 
21 15678 10927 7509 20304 8995 6075 9193 15658 8840 31 3393 2442 20 12780 21596 19441 7730 15138 13749 20 15425 16468 2116 20 13909 7277 4 13909 2289 20 
1926 12178 7730 16066 4704 15678 14055 16847 5371 15678 10927 20 21 
16847 30 10927 
21 21842 18498 12034 31 10889 7730 12034 15678 18201 9072 20738 7958 7509 17286 1393 9975 7509 12960 7850 1662 4 20244 13046 15425 5 184 5 21 
21 15599 6103 29 4 20670 12584 7914 17890 12999 5 28 28 4 11341 7509 17563 5 21 
21 31 13749 5360 4 20293 20 21 
23135 8995 20402 14065 
15658 5219 16721 7914 9927 14425 17872 19363 18525 8995 7850 28 654 7509 18498 1612 16526 10839 7509 9920 5 23135 20402 22327 16526 7730 17438 12861 21793 16162 15678 16526 5 
16784 29 14764 7509 20463 21551 22805 8956 23222 17872 23135 7770 29 1249 7509 20931 22942 5 
21 3058 7127 20 
15855 21282 15678 18498 19761 6073 31 17556 7850 22971 28 20 
20402 15286 6072 12939 20 
7957 0 21 
21 20149 21282 9387 18497 16066 4436 9634 18498 7573 15678 14409 6103 4962 4 4796 9193 17511 9594 7914 13441 6103 11884 0 20420 4796 20149 7850 28 9387 18497 16066 4436 16971 18498 21596 18016 5 2371 23135 7491 6 9193 20402 31 9721 7509 7277 1393 18016 5 9193 6202 8956 18497 16066 4436 5 3058 4 8443 23135 15658 8995 6202 15678 7277 1393 18016 4 8995 6202 18497 16066 4436 18017 5 20402 12861 18498 20149 16468 4 1393 14604 22805 4 4766 31 4229 13441 6103 11884 7850 28 5 21 
21 31 11444 7509 618 26 4 7914 21592 7509 15936 18449 4 6202 18498 21 21 7914 5227 7509 2367 7509 12971 4 21525 7730 16083 14409 6103 12301 4 15678 18449 19900 16066 11680 4 17769 2031 16066 6669 4 18789 16066 15407 7863 8831 7509 4156 18449 5 31 16971 21596 21573 16404 12025 16066 9343 6103 20463 5179 1616 18498 15678 26 15260 12025 16066 9343 7509 20463 18191 5353 5 991 7384 4 15678 18449 21596 31 2098 23480 18498 8956 5353 12025 22463 11868 18498 19089 6103 16936 31 23532 2098 16673 26 15260 1393 350 4 1393 17877 4 1393 16971 21 21 26 4 29 5 
3058 8855 31 21793 4 8329 12861 5360 21932 4 4766 2367 17380 6103 9707 4 7850 17406 4 16404 991 7509 16196 12470 4 14658 7730 16438 5 21 
21 20007 10606 4 1097 4 9634 20 
1393 18498 15658 19900 4 6670 15678 9975 7509 1249 16468 8995 4680 4766 31 731 15198 6103 12973 7509 16847 5 
9193 17819 14307 7850 2949 15198 4 22463 7509 3643 7509 731 4 8995 7850 1623 20 
11036 1393 28 4 26 21347 4 1095 7730 4841 6103 13749 7509 23423 13359 4 17438 21596 4099 20463 21551 7730 2031 5 
663 21371 31 28 28 16673 15855 7730 28 5 
18533 22805 20215 8956 14907 654 20 
20149 5876 28 18498 31 23423 13359 8995 4289 13909 22463 22897 20 
15658 17304 8995 14425 19363 20 21 
21 22463 17605 5174 8956 9927 4 3418 26 7850 17950 4179 15855 20 21 
21 26 10606 4 21969 16936 6103 3962 20402 15678 18498 11284 20 7 21 
21 7730 4 7850 14539 7934 4 15855 21282 4796 15678 17950 5741 20 
7914 3206 21596 31 13909 15604 7795 4 4766 3418 26 20 
8995 3086 11300 20 21 
21 29 1249 2116 4 19761 22463 8147 13688 7850 17016 20 
3058 7127 20 21 
21 31 11154 15658 20402 22463 4774 15039 4 10555 4 9193 22463 8744 23551 7914 17965 7509 28 7509 17838 7509 910 20670 31 12189 7509 8908 7730 15678 5139 14273 5 21 
3058 7127 20 
21 23151 4766 10911 13055 20402 6329 20 28 4 16587 7509 11921 20 21 
21 18525 16162 31 5320 4 8637 31 15588 5 21 
21 11462 21596 4443 7914 28 4 21282 4687 18498 20402 7850 9586 7730 740 19761 22463 22240 6103 11644 10012 1603 15678 9956 20 21 
21 19900 4 1393 22898 31 10765 6361 31 8386 18498 753 19410 17818 8720 5 7730 8720 4766 2031 5 31 10765 23104 15637 20709 7914 18498 15678 7826 7573 21793 31 12491 7730 19225 4 21793 15678 4901 4 31 15270 2367 5 
16404 15671 23104 15459 15190 17304 20402 7188 20149 6838 7509 15576 7826 4 7509 15576 9193 4 7509 9193 18191 9422 6103 22942 4 7509 15576 18191 22520 20958 4 16404 409 15637 16083 12491 4 16404 8720 4 16404 16098 7730 4915 15678 16083 5 
21596 31 14069 6103 18476 22463 16971 9193 5320 22463 17877 4 9193 16630 753 4 15671 13055 16721 2233 18498 12861 20402 20670 15671 14539 5 18498 31 20794 16404 1612 17877 6072 16971 20402 31 20794 18498 16404 15671 20444 4 16066 20444 4 7914 871 14924 7509 22942 4 9193 18498 16404 8956 16083 16971 4 18498 9387 16404 991 7509 15576 18191 9193 4 15658 20444 5 
15138 22898 201 15424 8720 15678 18498 1612 16971 8995 7491 6103 9707 4 17324 21596 22463 4181 22385 11020 6103 18498 1616 20149 22092 20670 15671 14539 4 20670 22463 17877 16393 18498 15671 14539 13055 16468 7730 5219 21095 16066 15658 4 18498 21596 21793 31 19484 16404 1612 1220 5 5 5 
201 17438 15658 16765 18498 1616 15658 20402 20670 15678 15576 9193 5 20402 20670 16083 16971 5 22463 16083 22942 5 4766 16083 20520 4 16083 10211 6103 16721 4 636 4 6103 20402 7730 9387 7850 15190 5 
15658 11862 15678 20520 18498 15671 6075 1612 9422 4 20149 31 5241 13909 16066 14466 7205 6103 20739 5 
15678 9707 20402 18498 31 16971 4 15138 22898 22463 16971 18498 1027 4 18498 9193 20402 18195 4 20738 5 7730 16630 753 5 
15671 17304 8720 8956 16630 7730 15812 22463 10826 3872 4 22463 8720 20584 4 22463 16192 1095 5 
16066 17304 13010 15678 15262 7509 20739 875 6103 352 4766 15678 15576 18191 20634 6103 22666 4 7730 21623 17438 538 16971 18498 1027 7730 18498 9193 1027 5 21 
21 15138 13606 4 10268 7730 19898 22985 7509 16192 5875 7509 28 20 21 
24 
3058 7127 23579 31 21793 20 
21 8329 31 21413 15658 41 15821 4 17304 41 7850 14213 6 
20149 15658 20402 9128 4 15424 20402 16647 12523 5 5 5 15658 22564 20463 2846 23577 7850 23572 15424 7850 14600 5 16162 31 16464 7914 7251 4 20293 4766 29 16066 29 18772 7 3962 15678 4619 21596 22240 4 19539 31 14886 4766 23135 4 20402 20293 3058 21596 1612 4656 7914 3962 4 4179 0 
20149 7847 15658 21596 4 9380 20463 22240 4 560 20402 20463 7277 5 
15658 21596 22240 4 16066 23135 16162 13909 2553 4 16066 1190 6103 11066 5 
3009 31 21413 21 
21 15678 28 20402 20539 22463 17653 10967 5 7847 155 31 16559 1393 28 16404 31 17436 4 9193 18470 17436 21596 7251 17872 16162 21413 7850 7576 17872 4289 7850 16559 0 
7847 7491 18498 20402 15678 17653 7509 7499 4 9193 2136 654 21282 19900 17894 15677 8322 1393 18497 22800 4 1393 14425 9032 26 28 560 4 20402 15840 2848 6103 18772 5 
15678 17653 7509 7499 21371 4 15459 2156 7509 21413 7914 29 4 15658 4229 15678 5220 7509 4417 15424 16404 9996 18498 20931 6152 20402 6345 4 4796 9743 7914 29 5 15658 7319 4766 15502 9010 2156 7730 8995 12801 7914 20931 6152 5 16393 18498 15678 5492 4766 15678 2253 28 15658 9743 15138 2727 1393 17653 4 18498 20149 20357 7589 7509 17304 4 7509 4417 7730 7509 22942 7509 16971 5 
17438 18498 15678 28 4 22463 3790 18498 20293 17805 14744 16673 6110 4 16673 6202 7509 11644 4 18498 20293 19900 20149 17396 7914 20931 15936 4 8995 6973 6981 14031 15678 6110 20670 22065 7850 4417 0 17438 18498 20149 18988 31 6110 15678 21535 4766 31 20421 18498 7847 9380 0 17438 18498 12792 15678 30 7730 15678 15106 18498 21810 31 19856 5371 15678 2156 0 
909 4 15658 20402 9312 12861 18498 9743 15678 20462 13909 5232 7509 4417 4766 15678 18191 17653 4 18476 9010 23016 4766 11644 18498 16393 184 4 4796 31 4413 4 31 19039 6103 22767 4 15678 3192 155 0 
15658 20402 4 7847 18191 4 12792 4 21440 6103 13688 7730 4 740 1920 4 15061 22463 3610 7174 17521 16404 20402 28 0 
17438 18498 8443 9743 7847 9312 15678 14539 654 4766 15678 30 7730 31 21413 23394 0 
21282 22657 20402 21 21 17578 21 21 7730 2647 6103 10366 4766 15678 5233 18476 15678 5232 15658 20402 20463 18191 1097 4 15658 20402 17653 0 20149 20402 4 2371 8995 22657 6973 15678 6110 5 
23104 16404 22805 15678 7127 7914 18498 31 3512 17790 7509 22065 6103 20402 28 20402 155 5 20149 20402 18498 12780 20402 871 7127 5 21 
21 29 4 29 15502 708 5 7850 14996 14539 5 21 
12861 18498 9193 18784 4229 6103 19950 5 
21 4289 7914 20402 28 6103 14088 4 22126 7914 9193 31 8208 19295 16673 15364 12094 7509 14265 11099 7509 21063 5 13055 14335 1457 7509 4672 4 7509 15106 7509 4417 4 18498 14335 4623 5521 7730 7362 16404 31 13749 5 23151 13905 4 20402 28 4 22126 15138 13909 4815 7730 7914 9193 5 7730 12780 16404 4434 20244 7722 5 21 
20402 22463 3790 6103 20855 20 
21 7957 9743 22463 29 6103 15604 7730 2593 15678 2156 17872 6256 8956 10827 18449 22327 13483 7730 4766 15678 5859 7850 15256 6103 15604 0 
29 4 29 15658 20402 22665 6103 16464 4 15658 21596 13046 17872 12861 4 15658 12780 20402 31 6326 3335 7509 28 7730 15138 14466 31 22294 17341 7509 28 18498 12780 9193 3532 5 
29 4796 9365 4 15678 20165 4796 12446 5 15658 21596 16083 12939 4 20402 21282 7850 28 7730 7850 13749 18498 5204 1616 18498 13055 7102 20402 15576 5 
7957 0 21 
21 20149 31 4672 20402 11971 4 15963 20 
15658 20402 15081 16404 15658 18544 5 5 5 5 
18498 22223 15678 3611 20149 15658 20402 
31 17743 7396 7509 9094 20 
21282 31 22608 22657 31 16689 20 21 
21 13055 8995 21932 20 
1097 7509 12589 7730 13579 6103 20879 4 18525 17304 10252 7730 20803 4766 15576 21932 15458 1249 6103 29 4 21282 4854 31 12301 20 21 
7509 5 26 7509 26 5 26 11617 7850 26 5 
21 17819 15678 4145 5897 7509 13463 4 654 15678 15215 7509 13788 17485 4 1067 7850 14539 19143 7509 4417 4 7850 13759 4 2727 18195 22463 7509 16083 4 12027 5 22223 5 21 
21 17324 20402 4 1471 7509 6152 8534 7509 13048 16066 15658 5 5 5 4 15658 20402 15708 31 16098 4347 6103 18525 13717 2848 22782 12301 16972 7509 22588 17872 8057 4 7730 18476 8956 14539 12301 20402 20762 16673 13048 4 7491 18498 15658 21596 5 
14466 28 4 2727 14466 20 14335 17560 6103 20931 4353 5 21 
21 8235 4 15678 12655 20402 21787 5 18498 20670 16404 21793 20 21 
31 18525 12578 6 8995 7850 26 5 
21 3058 7127 16971 4 
10959 6103 6256 8956 23222 16404 23135 5 20402 12094 7730 22657 31 16689 1937 2136 15678 23575 20207 5 
22463 2700 31 21793 7730 21793 5 21 
7730 4229 7847 6103 22458 5 5 5 16393 18498 15678 12960 23029 15658 20402 14539 1097 
14604 1249 8995 16468 22385 19871 18498 8329 23135 4788 15678 28 9193 21776 4766 31 20319 6103 18498 13055 20402 28 5 
21 5682 20 
8956 20402 15678 19563 7509 7804 8977 5 7850 8632 15781 7730 5 7730 28 7727 4 7850 28 16559 4 11462 31 21409 4 15678 7280 4766 753 6103 871 17931 676 7730 1077 15678 970 15780 5 18525 20402 15678 23208 0 18525 8995 7017 31 8632 0 
873 2371 288 18498 9620 15081 17872 15781 31 8632 6408 6103 22805 22463 4127 4796 8956 0 
15658 16468 20 
21793 1393 28 7727 17872 6256 22463 18852 17872 8956 7284 22293 5 31 8632 20402 7509 9128 20 21 
21 10765 4 9193 11508 662 1393 15576 17382 17438 17518 20644 22385 4087 31 17406 6103 9387 4672 4796 8956 5 31 16454 18498 19969 7509 23575 23222 4766 8956 6070 7914 28 9901 20559 20311 5 14273 11593 16404 19698 2136 29 8995 10657 5 21 
17438 18498 6202 15678 7277 11578 0 
21 20402 21743 1920 6 7847 22385 13761 7850 5168 4 7363 31 4821 4 21582 3979 22463 4 11810 16083 4 2371 15678 20915 4289 4 21212 22327 7730 18525 19900 18470 15678 18195 15102 4 15678 18195 17885 7509 9193 12471 3335 5 
8329 12861 4 31 14907 5360 20402 2473 16673 17286 5 8329 12861 31 10765 5360 8313 9193 22065 18449 5 8840 31 702 4289 5 31 13152 201 4 31 3962 19969 5 5 5 
21596 18498 13749 17872 15658 21752 15678 22385 17556 18498 13055 21596 4 13749 17872 15658 9769 31 8632 4 17872 15658 5621 31 22816 22385 17556 18498 9743 20688 21389 10765 5 
7932 31 13749 20402 17872 20688 5 7914 4434 4 16673 22649 4 16673 17304 4 7730 15424 19900 13909 16673 18498 5 5 5 
20402 4524 18498 15658 14335 6582 11454 17872 3006 7599 6103 11802 4 9193 14335 6582 18494 14466 31 11454 6103 21 21 6202 7509 6340 21 21 5 
4796 20402 8956 21340 6340 2371 18498 23135 22385 6202 0 7847 10473 4796 7730 16404 18498 13800 0 
8235 4 14425 31 10765 20149 22507 1614 7932 7730 21810 6103 1889 15678 18498 20402 15576 4 17458 20149 6400 6103 18475 22463 7509 3333 7509 9193 21 21 6340 21 21 17872 18475 4672 31 10765 8995 20402 7850 13152 14539 5 21 
13640 13909 21596 15061 7730 28 28 26 7850 22971 28 20 7957 4289 0 
21 15781 16404 19440 20 
31 17608 4 19856 7730 8632 20402 9193 20 21 
21 9193 20304 7509 4436 3031 4 19754 17438 15671 15458 14924 22385 7188 7509 22942 5 8840 18498 31 22318 11066 20402 3735 6103 16878 15678 8119 6103 9193 12970 22519 15459 20262 5 1920 20402 5 21 
21 8443 1097 4 9980 873 9594 866 18498 23016 14335 12034 11284 22463 21551 5 5 5 
28 18533 6826 31 15783 7509 8632 7491 31 21793 14924 18498 7847 20149 22092 6103 22463 15102 17382 5 
873 14335 9431 18476 18498 21810 2053 17380 23029 866 16664 0 15658 4915 9010 18629 7509 15576 12534 20505 10976 5 
20402 9229 18498 7850 15576 16587 4 15894 21596 19362 7509 3553 6103 5915 4 28 7730 28 4 31 17380 12470 23029 20622 6103 22327 18498 9387 6103 13909 11781 7850 15190 5 
9193 4 1393 16440 12861 4 18470 2053 20402 15658 17380 0 
909 4 12780 16721 6 
9769 8632 20402 22463 2053 15658 17380 0 
4770 31 17286 31 2647 7914 9128 20402 22463 2053 15658 17380 0 
15398 9707 7730 4730 7535 7914 20514 20402 22463 2053 15658 17380 0 21 
21 7850 15576 20634 6103 22666 4 15678 3749 9983 4 7772 4 20402 21121 31 21793 15678 16083 5 15678 19093 7384 20402 23068 7850 9193 20709 5 
7850 23513 6103 9193 22942 16972 4 15138 6103 15671 16468 13909 21551 7850 21932 7509 18498 4766 31 9193 9634 4 15576 1097 4 9193 16971 18533 5 17819 17629 21596 7251 5 31 16971 23016 7914 20207 17226 5 
7850 23513 7509 7277 4 15138 16971 20402 6919 6103 18159 7730 3962 18498 7914 20202 20149 21858 11946 5 21748 15678 7277 6103 15005 6103 22463 16971 16404 10657 15678 7277 31 17511 6103 16083 740 18498 8956 17511 15658 5913 10502 20699 871 5 
7850 23513 7509 17380 4 17658 5621 22816 7509 7804 4 7509 20127 4 7509 5896 4 6103 18475 23498 4 31 6256 6103 16162 13038 16404 2540 7730 8827 9983 909 4 12861 20402 11815 16404 31 13907 7509 10980 5 20402 17660 15658 5284 22516 4 8632 7730 11543 31 6256 6103 16162 13038 7730 8956 20402 22463 8637 9790 5267 5 
9010 20402 871 9367 6103 4796 31 20931 22942 4 31 9193 22942 7730 31 22942 6103 18475 16971 22657 15138 17556 7850 3750 5 7850 22821 4 7847 15658 22657 15299 4 20365 31 13910 18498 7847 20402 3735 6103 17918 5 21 
21 23222 9343 7509 21525 10179 6408 18498 15678 10976 9743 22463 23049 21978 1393 12971 5 
21 20402 12861 4 3058 15533 5 21 
21 13033 10765 4 18498 7847 15658 18533 31 14427 7509 7804 4 7730 20539 7770 7251 0 
15658 17304 20402 4 15678 28 4 8956 10672 6103 16067 4 21083 21267 4 17703 4766 31 16971 4 9743 12861 4766 31 8632 0 
8995 16468 5 21 
21 11462 20402 7127 6103 15286 20 
12780 0 21 
21 7847 14335 10648 7850 15855 20 
13909 22463 21752 16673 28 10289 20 11036 17438 8956 10273 13512 20 20 21 
21 20402 11462 9193 10765 4 21282 4289 7730 5947 15678 20799 20 23016 18498 12780 20402 3086 20 21 
21 9193 23575 28 4 23206 14079 4 1097 4 23016 14335 7491 18498 31 14703 22385 15138 18647 4 22385 9303 7850 16367 4 7850 2367 4 8995 9526 5 
9193 7850 3058 4 7850 3058 14539 4 19900 15678 18498 9193 288 0 
288 20402 17556 5 
21793 15678 28 20539 4 21793 15678 28 4 21793 31 14703 16468 17438 20644 11585 7914 18475 13727 18498 8995 6 7850 28 4 7850 22065 18449 4 7850 8632 4 7850 9574 7730 14539 7914 13727 18498 21593 7102 20402 13909 20215 16404 7847 15658 20402 4 4796 8807 5897 7730 6103 14687 17380 5 21371 20738 193 6389 6103 20931 18191 3962 4 16066 20402 4 2620 15658 9387 15425 13727 20215 7850 9193 20709 16404 31 15144 5 15425 5 
23135 21596 871 11644 7509 18498 20402 12861 0 23104 21793 15678 28 4766 14378 0 20402 23231 6103 23206 21743 6103 193 4 6670 15678 13909 21236 2136 15678 13909 12682 4 21793 15678 28 20559 17438 20402 18525 20149 20402 0 
4524 18498 23135 15658 21596 4 15424 9193 21596 4 17458 31 10765 15658 23104 12861 5 
13667 6103 9193 18533 14335 7491 16816 4 20402 15138 7188 5219 14335 6760 6103 21793 15678 16719 13820 15637 20709 7730 5896 7573 16673 13819 15678 18498 15658 14335 11810 6103 21582 5 
21282 18533 16630 31 21793 15678 14604 1097 11474 6 15658 7235 31 13749 7509 15144 4 15658 7491 18498 15678 18498 7847 9743 20402 21 21 9303 21 21 4 20402 21 21 16208 21 21 20 15643 7491 12861 20 
20402 7831 4 20402 14540 7730 20402 22463 7314 6103 17868 4 18498 15643 20357 31 7594 6103 20402 15144 15458 15190 5 
9303 20402 15678 18498 7847 20738 21793 15678 28 5 20402 15678 18498 15671 4 11474 4 9743 7847 16468 21793 15678 28 5 
12780 22667 8956 13749 4 8294 4 16404 18498 9193 9942 7730 31 18195 10796 6103 15144 15658 21596 18498 20402 20967 1393 20644 22385 22107 7730 192 4796 31 15144 6103 11462 740 20402 5 
16066 17438 228 15658 20402 8956 15678 15697 31 20402 16909 0 20 21 
21 8995 4289 31 11518 4 7957 0 21 
21 1022 21596 28 28 26 7850 28 16559 4 7850 6014 17458 22831 20 
7957 4289 10606 0 21 
21 20472 20402 7127 6103 19441 15218 7850 17406 18706 20 
7957 0 21 
21 13048 14018 970 19969 6103 8632 5 8386 0 
16404 31 9193 20709 4 31 13048 20402 18498 15678 970 15658 15781 31 8632 5 21 
21 13566 7509 9244 14601 7509 21264 23343 18498 16468 31 20402 9927 13574 
29 8632 20402 17856 5 
29 31 13152 7509 8057 12780 7017 15678 17230 5 21 
21 9193 18498 3085 20402 8956 0 
20402 31 5896 7509 23423 13359 20149 10252 31 3450 7127 5 
12780 20215 20 21 
21 31 22942 20402 10445 7730 9743 31 10765 6256 17872 22305 23206 4245 6103 9743 13909 5 3450 22463 7850 20931 11154 7500 4 13749 4 16784 2635 4 10648 14659 7730 1393 19030 6281 5284 20931 15199 5 
3450 22463 14265 20463 13424 7151 4 9164 5528 4 7151 5 892 11723 5 7151 5 
31 22942 20402 10445 7730 15678 21551 15658 20149 5951 1393 23167 4 22362 4 6103 22463 18688 4 18498 8406 14487 8317 7730 5528 21052 4 16644 4 13167 4 21471 19094 16852 5 
16784 7850 13102 8406 15678 18498 16721 7730 15678 18498 20357 4 20202 5 14335 13325 7509 16375 18498 14539 20244 7251 20803 4815 5 20244 18533 15425 18937 4 21282 15812 17743 5 31 22898 2136 5150 4 9193 20293 18772 7730 12545 5 
9193 31 22942 20402 10445 4 18688 4 7730 4 1393 22898 4 2136 12861 16393 21596 9901 17872 22305 5 21 
21 11462 31 15533 21596 15286 3058 7850 6014 28 7509 28 5 20402 21282 4289 17872 5174 7730 17774 15576 9224 28 28 26 4 8956 1845 12094 7730 21347 20 
12780 20402 13512 20 21 
21 3058 21409 16847 4 
11462 21596 2635 6103 19685 7850 15783 5897 28 28 20 21 
21 20497 6329 4 5896 21999 7850 23423 13359 20 21 
21 20402 22463 1229 20348 
14335 1443 9570 1393 18498 6933 15678 14604 6679 
21582 14335 15708 31 9743 15678 18498 15658 18533 
7730 23135 12780 13640 22805 15678 18498 349 
288 18498 8386 15678 18498 23135 18533 14335 7491 
9193 9387 16083 4672 
5219 14604 8522 5623 31 12398 
22327 8995 16784 4 9193 9387 17517 
21596 31 11644 4 9193 23135 15128 15678 17233 
21596 22463 17226 4 23135 15128 6103 11644 
13055 16468 4 13055 16468 18525 19900 16083 7127 
1276 9193 20825 4 654 13055 15658 7599 
18476 20402 18498 4872 16673 17819 22897 0 
15678 18498 15502 16765 20402 15678 18498 21793 15190 19900 
15658 8386 21643 4 9594 6103 1103 
15658 8995 13909 12578 7850 18498 20357 
15658 368 7914 15299 991 7509 18498 7693 
23135 8840 19484 18498 9193 15658 21596 9193 
15658 12780 3213 17438 4060 7384 
2136 16721 7558 22898 20149 23135 18533 9901 
9193 13198 22825 4 17438 18498 8995 22385 17594 0 
20402 7509 28 6981 15533 4 7509 20412 7509 13860 
21596 22463 20853 2977 4 16393 4766 20792 
8329 15678 3720 20202 7914 10366 
4766 21793 31 3558 7509 15190 21 
21662 
21662 
21 15138 13688 17304 22240 11644 4766 31 10606 7509 15823 6103 12973 7730 2144 4 17982 16673 4708 3661 4 20670 31 5896 7850 16847 20 
16431 7279 7730 12164 6103 28 28 4 28 28 26 22 2367 4 26 7509 28 4 28 28 4 28 27 4 28 28 26 4 12984 26 26 4 16847 12745 4 28 28 4 28 28 28 4 28 28 28 28 
11036 16673 5483 28 28 4 12346 15138 11861 4 22942 13669 1393 4708 20 21 
21 12780 21858 20158 22327 1616 18498 17304 6075 14512 17872 9193 7850 7861 17749 0 20539 4 12780 5 
12780 4809 16673 14512 13905 6 
14600 4 19901 4 17286 4 17782 5 
654 4 20402 11518 7509 3014 6 18470 20402 31 18195 23498 7850 18470 21739 28 4 15678 17382 13909 2944 7509 16587 4 12780 11857 20514 17872 8644 31 14512 0 
21050 6 
21013 7509 20127 
21013 7509 8632 
6075 9983 7509 22516 16559 
3014 22657 23176 5371 15678 28 7850 18195 7861 5 21 
21 22059 20402 31 14156 7509 10982 6103 20402 28 5 20227 28 6103 18471 4 20227 16065 6103 4419 16559 5 21 
21 9792 7509 14133 4 10648 14604 5528 4 21793 15678 14604 1114 5 15708 16673 28 4 21409 4 15533 5 16673 16378 15458 3610 4 16673 4842 4 3870 4 1114 5 
14335 16793 16673 9604 7850 14336 7509 3610 5 
20402 8564 11511 7 7545 4 9193 19900 5 
9193 12780 1540 4766 7847 16404 20402 31 3450 7127 22463 17556 14426 5 
22318 1027 182 5 21 
3058 7127 17872 15671 20 
21 31 20709 20255 23560 4 5892 23014 7730 6103 871 12939 4623 22463 4712 6103 1114 5 18476 15678 1114 15658 23016 4 17689 15678 14465 4 5891 15678 14465 4 14265 15678 14465 5 
20402 22385 7188 1920 8386 18498 20149 31 5758 22385 7850 3610 8561 20402 17458 15678 498 15658 22385 19900 11165 0 
11462 1540 4 23104 4 20852 5 7730 14539 18498 11462 21596 20402 21282 22463 11462 5371 23206 15908 4 11462 20402 3735 6103 22020 15678 1022 5 
20202 7850 13749 4 6103 3393 8546 4 20244 21551 17872 22619 5 21 
22463 19662 7914 14336 1393 3720 7509 4417 20 
21 20402 15678 18498 15658 17304 20402 7491 9193 10232 
22327 18498 15658 3391 7850 14199 6103 13753 
15424 7850 23088 6103 11723 
1276 6103 565 18475 4672 
20402 3720 7730 15404 7 
18988 6103 20402 22385 11686 1393 16083 
31 17406 6103 20402 15502 
7509 17318 9726 21 
21 11284 29 1249 31 14469 6256 7850 15781 7509 28 13055 14335 9594 15138 5 11462 4 7847 20402 740 13909 2118 7509 18498 15324 7127 5 21 
21 19695 6329 20 7957 4289 4 11462 21596 20 21 
8956 21252 12780 20402 3086 6329 20 
21 20670 23104 
9193 9594 4 11284 17556 4 7509 18020 
14604 5528 15658 20149 6146 740 6 
28 16066 22386 4 17919 16066 23558 0 
20402 22463 3610 20850 15637 5531 2488 
41 4 11284 8967 8322 7730 1393 9975 
7850 16083 17406 7509 5531 4 
7509 16083 13131 7509 17626 
11284 22463 1893 20046 4 17989 16404 31 9193 4289 5 
15458 18458 1964 23135 14335 1421 4 4766 22463 20853 13968 
7730 14335 18549 15894 12780 0 
13055 15457 4 16404 15678 16083 13131 4 9193 19474 5 
7730 14335 18090 17438 18498 12780 0 
12780 17458 15658 9901 4 20402 7188 14096 15678 8522 
9193 23135 12430 15678 18498 3348 0 
20537 5 
9193 19484 20402 22463 19582 7730 6018 20537 5 
13055 11284 15138 9193 17908 8956 19484 4 15678 18020 5 
13055 11284 15138 9193 14335 16784 6103 9193 14539 9193 13103 6103 20826 876 18498 21858 14604 
2136 18498 31 11723 20149 22020 7850 20304 15041 7730 1744 22327 15678 18498 9193 21596 6103 23045 
20244 19900 15678 18498 14335 19509 4 9193 5360 1190 4 20202 16673 5531 2488 4 21582 14335 8520 17438 8406 31 8967 8329 15678 1893 14335 8840 7509 16083 13131 5 
6670 18498 23135 14335 9743 4 4766 20463 20853 13968 4 1612 16836 3737 4 7847 23016 19328 7914 9193 14487 4 1948 15678 14604 5528 5 11462 31 19484 13909 11509 7730 13909 5008 20402 21282 22463 22816 4 22463 12469 5 21355 2136 14539 22463 12500 31 21793 1612 18498 22463 7127 8474 866 991 15458 8908 17297 4 16753 7730 16784 5 21 
21 4524 18498 15678 21806 20730 21644 6 
14604 16587 20402 22463 4402 4 10546 7509 9942 7509 28 28 5 21 
21 7730 20202 7850 13749 4 7500 4 11861 7730 15392 5 18525 23104 4 22805 20 21 
21 15678 20634 20402 22463 28 4 465 31 16971 4 31 16971 9901 3341 7730 20149 22020 7914 630 7509 20634 4 18533 20149 8789 17872 14481 7509 16083 5 20402 15045 17908 7114 5528 4 16718 3752 16673 20304 7509 11928 5 
9193 23135 15658 12780 5219 4 20463 7542 7573 7571 4 22020 31 10095 7509 15190 7914 8303 20244 5518 5 17458 15678 15576 8908 20402 10159 7730 15658 17304 20402 5341 4 18533 23135 238 16066 15658 5 
20149 238 6103 3058 10993 31 8667 4 18498 5360 20402 15244 31 20446 7509 20634 4 9193 15658 21596 21021 7914 3009 31 13448 7509 18498 31 17908 5 
31 19441 15658 20149 7521 4 28 23104 991 7509 26 4 740 18498 31 13907 5360 17658 21810 31 18392 2352 5 21 

