26 20 
21 19735 11943 19698 22805 29 20455 28 28 
21596 29 12334 12528 7730 22463 14336 8406 16404 1022 
20149 19900 6103 873 18498 18533 20 
18610 29 4 29 12526 18610 29 4 29 14336 
22657 20 21 
17872 18525 5947 18223 5 
6329 20 
31 19441 20402 22463 18987 9999 7850 15576 6011 5 
21 15671 288 18498 5174 15678 2727 4 
15671 288 18498 5174 15678 13923 
15671 288 18498 19900 9312 17460 9010 15190 8995 10855 5 
15671 288 18498 8995 5741 4 
8329 8995 3610 16404 22305 5 
20748 21 
16404 31 22942 5 
18498 26 20 
28 26 26 26 20 16323 30 20 
26 26 26 26 26 26 26 5 
26 26 26 5 26 26 26 5 26 26 26 5 26 26 26 5 
21 21 21 15678 14133 7914 18498 22318 15374 20402 31 19956 18498 22318 20202 31 4102 21 21 21 
15658 14335 3697 5 5 
25 
26 26 26 26 21776 26 11943 26 26 0 
29 5 5 5 26 31 28 26 
19135 9989 6329 20 
26 11617 12863 11617 22 13800 26 26 0 
21 21 21 9193 3393 20402 17872 16083 13727 654 5 21 21 
20402 20293 3058 13325 5 21 
26 11617 26 5 5 
21 16891 18498 23180 20 
21 21 5 5 5 11617 7585 22 21298 26 26 4 11617 26 26 11617 22 6103 26 26 28 1983 26 5 5 5 21 21 21 
21 22463 7509 14426 20455 7509 3010 26 5 
26 7592 21 
6329 5 
21 21 21 5 5 5 26 7850 26 26 26 26 26 26 5 5 5 21 21 21 
18525 20402 18498 14018 0 
7730 8956 12780 991 7509 9173 5 5 5 
26 12863 
17872 18525 10959 6103 28 26 7730 20380 5 1776 20 
26 26 
21 26 26 21726 26 11617 2914 26 15005 26 11617 26 26 4 26 26 12863 26 26 26 26 26 
11617 2136 12863 26 26 26 12863 16073 5 11617 26 12863 26 26 11617 26 26 5 5 5 
5 5 5 26 26 12863 26 26 21 
21 27 7509 11518 
26 26 26 
873 21830 11462 0 0 
26 26 
26 19229 20402 17629 5 5 5 13002 5 
26 26 26 26 26 26 26 0 
11617 22 13800 26 20577 11943 26 3344 20 
16035 20 
21 28 28 20402 20244 11686 14539 5 23180 4 16823 7730 13375 20244 4795 15458 22861 5 5 9840 21 
11617 26 26 26 26 5 5 5 
21 26 15803 26 26 5 5 5 28 26 4 28 26 21 
10907 26 26 26 5 
21 28 28 4 28 28 27 9193 13325 15138 9867 21 
21 11617 26 26 26 26 26 
26 11617 26 26 26 26 26 5 5 5 
26 5 21 
21 28 28 4 28 18670 4 28 28 7730 28 28 5 
12780 2371 0 0 21 
21 18307 19735 7730 26 14565 20402 3058 27 
21 26 20402 26 26 26 
26 26 11617 26 15803 26 
26 5 21 
26 9579 16073 26 26 9579 16073 
28 15803 26 20 20 20 27 
26 26 26 1631 26 20 
12577 
21 21 21 11678 11617 26 31 26 26 4 11617 22 6103 26 26 26 26 26 5 5 5 21 21 21 
9193 
21 14335 13325 22463 3058 9692 7509 9193 22942 5 5 5 
5 5 5 7730 18498 15658 20149 20402 740 5 21 
21 21 21 26 26 26 31 26 4245 21776 26 31 26 26 5 21 21 
28 28 21 
21 26 26 26 26 4 26 26 26 5 5 5 21 
21 12861 20402 6103 22821 7730 9193 15658 22805 4 28 28 0 0 0 0 0 0 0 0 21 
20402 5 5 5 
28 28 7730 20463 20785 5 5 5 
18498 8855 6103 12960 20 20 20 20 20 20 20 20 20 20 20 
28 5 5 
21 21 21 20402 23135 14539 4 3790 
21596 15995 6103 18525 23135 20402 21 21 
21 21 21 26 26 14335 26 22 26 26 
26 4 11617 22 13800 26 22 26 5 5 5 21 21 
19135 22 15658 22 3232 6103 13405 21 
21 654 23135 12780 8386 17458 8956 15286 20402 9840 27 
8956 23222 20402 4970 6103 27 
28 4 28 4 28 4 28 4 28 4 28 
20380 7730 4534 0 12780 4289 15458 16367 2371 
21 9193 20402 15138 9840 14539 5 5 28 4 28 21 
21 26 11617 26 4 7574 20 
28 28 4 28 14185 4 28 28 
21 28 4 20215 20 20 
19735 22 15658 22 26 
9872 6103 19767 5 21596 6103 21793 12939 7730 17872 21793 5 2136 6246 21810 5 27 
18470 15678 14425 0 
21 26 22 20539 26 26 4 30 20 20 20 20 20 20 20 20 20 20 20 20 20 21 
12787 20 
21 22765 4 26 26 22 21298 26 26 20 21 
26 26 5 5 
21 3790 4 18498 12861 0 0 20402 17872 6177 15678 9971 7509 14055 5 17458 31 3962 12780 3510 20 20 
20472 29 29 29 11518 28 26 26 26 4 26 10291 26 4 28 28 22182 7730 26 11981 5 21 
26 26 26 26 28 28 5 5 5 
21 27 20311 20 
21 21 15658 9387 430 16066 2087 5 9387 4289 20 21 21 27 21 
21 21 21 11617 22 30 26 26 3789 4 11617 26 26 26 
26 11617 26 26 4 4796 26 19135 11617 26 
10859 4 26 26 4 4796 11943 26 26 26 26 
26 14335 13221 4 11617 26 12863 4 26 22 20539 7509 12863 21 21 
2975 28 26 21 
21 26 22 30 26 26 16073 26 20402 26 5 5 5 
26 21 
21 26 11943 10418 15803 14335 4 26 26 4 11943 10418 15803 14335 5 
20748 21 
21 31 26 4 26 21726 648 5 5 5 
11617 26 20916 26 
26 26 26 26 21776 26 14335 26 5 21 
26 
21 22240 15678 3643 4 20402 15138 13688 5 
26 26 5 
26 26 5 
21 21 21 26 26 26 26 7509 11617 26 26 26 26 26 4 26 26 26 26 26 7509 26 26 5 5 5 21 21 21 
4284 6103 5695 
21 3058 28 
8956 3790 20402 9840 27 
20240 7850 2988 24 
26 30 26 20 
14335 434 2371 15458 21340 6103 28 
21 654 20539 30 22685 15458 28 4 15658 20402 15658 28 9542 5 28 7730 28 28 0 21 
21 4289 14604 23221 20 
21266 26 27 
425 15190 5842 20 21 
21 31 13749 13909 10131 6103 26 26 7509 15190 5 
14335 13325 9193 4 15678 13286 4 14156 23523 7850 13749 5371 15678 16526 7509 28 28 7850 26 15761 5 
21 26 19735 22 15658 22 26 4 26 20 21 
22327 26 20 
21 11617 26 26 26 4 11617 22 30 26 26 
26 26 15803 26 26 4 26 26 11617 22 13800 26 
26 26 26 4 11943 10418 15803 14335 
11943 10418 15803 14335 5 5 5 21 
21 20402 6103 20149 7995 
21 9193 9942 7730 20463 17819 20799 5 1765 4 14464 5 21 
14604 20214 10657 14604 20828 20 15708 5 
1247 28 20 
20497 7509 29 7730 22463 2647 3393 21282 6103 15144 5 26 16647 
14565 20007 22327 18498 9387 27 
21 15299 4796 4809 15678 7127 15187 7509 19735 9743 6103 22463 10674 6103 4189 4 22463 11181 27 21 
21 18498 12861 4 26 20 21 
8956 15658 13202 
654 20539 
31 26 26 28 26 28 28 
20455 17872 18525 10959 6103 16247 5 
17629 6103 22463 5291 6981 15678 18481 1276 5 
21 22918 6329 4766 26 28 
22463 7509 14426 23489 5 5 5 21 
17872 18525 10959 6103 2824 5 20497 20 
21 20402 15138 19898 27 
26 11617 26 15803 26 26 26 26 26 5 5 5 
15678 13688 5 
28 5 5 5 
21 22463 3929 14452 18498 30 11462 6 
21 21 23135 352 654 5 31 16847 15643 7599 5 21 21 
3790 4 18498 11792 21 

