23135 20149 288 13278 7730 23554 
26 26 28 5 4766 26 
13405 29 23122 4229 21313 7850 7791 6103 21684 
11477 31 28 
4289 14604 28 
20126 
19474 5594 
29 16192 
21 5 5 5 26 26 1983 31 21726 
26 22 20539 7850 26 21776 19866 
12863 22 20539 26 5 5 5 21 
9193 12780 16404 15678 12261 
28 15061 18498 28 20402 7188 20539 
11456 26 26 26 
26 16583 
9193 15855 15678 16822 6103 23135 
15894 18498 7847 8995 0 17249 19474 7914 10364 7847 8995 7850 
26 22 21298 26 26 26 
10959 6103 19621 8956 15286 4766 16582 
21252 15138 13688 
21 17714 15678 4346 4 10606 21 
21 8995 17556 26 740 4 4730 22463 7914 3450 6193 21 
21 30 4 1920 23135 14335 14265 21 
9010 3718 9387 7730 15658 14335 2322 0 0 
21 17257 14335 26 19870 
21 16393 12372 4 9193 6 20402 22463 26 15719 4766 22994 7730 21793 31 26 8561 21 
20126 15658 15036 1864 7914 7788 
29 
7730 15658 20402 18498 19151 
17989 29 
16404 23135 19900 
7730 8956 28 
6103 23151 7850 3148 
9193 7730 15678 2975 17399 
30 
29 13566 18498 22657 31 16689 
15658 11284 16083 15955 9335 4854 
22463 22942 19525 7914 20738 16404 352 
29 20126 
12780 18498 12780 
21 6 22615 20402 7850 30 7509 10674 
8956 20247 12780 7687 22310 20247 
9769 1733 7730 15658 20007 

21 29 4581 
21 6097 20539 
21 5360 17525 19333 15678 26 7509 3439 15036 4 17324 740 15658 8386 21 
5481 
3058 7127 
9901 9632 
6103 15604 
21 17438 10767 4 22805 31 28 5 21 
3614 23572 
21 14604 1095 4913 22463 3906 
16404 20149 5929 7509 13923 21 
11030 
21793 20402 5474 
14331 22825 
8995 4766 31 8525 11816 28 17576 5 1506 6 28 11560 6 28 5 4766 28 5 3148 
21 18533 31 4413 4796 8995 7850 17960 4 15658 17171 6103 29 4586 
2007 4 
28 21 
15855 31 3222 
5360 
13236 7509 28 
26 

