9193 18533 18494 21793 
20539 
13278 6103 
12577 
15855 2371 28 28 
5763 20402 22327 
15138 13278 
18328 22821 20 20 20 
21 21282 6103 21787 7850 15256 4 7730 20149 22463 11474 1900 16083 4 4796 21389 9743 4766 31 15144 0 4796 20420 31 18824 6318 0 21 
21 17438 22898 4 11810 18498 15678 21 21 16083 21 21 16765 31 11066 6103 28 21 
28 28 28 17872 14265 20126 
23 20 20 20 15658 21438 19900 7384 
15855 12861 28 18670 9193 18533 
1027 20 20 20 
7850 26 4179 
13278 
15658 19900 7384 15855 13761 15146 12780 9743 22657 15576 7277 
15138 7118 
3058 16836 
21 15855 2371 28 28 28 4 28 5658 9193 19900 20 20 20 21 
20244 16192 
21 22327 12577 6 15678 18498 31 10672 6592 7730 15678 21932 8633 
4796 8995 2087 21 
22821 18328 20 20 
27 23 17406 
1393 14706 7509 14604 5528 
21 9193 3962 4951 4 9193 19478 5876 20 20 21 
13030 20402 13909 20 20 20 
1920 1920 
20244 16192 20 20 
740 15658 6146 20149 12861 20402 18069 6103 5107 16066 6103 13984 15678 18498 288 0 0 0 
472 20 20 
3965 27 
21 28 18667 4 20402 20670 12861 18498 22318 9594 21 
2371 10765 17629 18081 22463 22144 6981 
21371 8995 4766 8956 7728 
15834 15671 2371 28 28 27 
26 0 0 
9324 
28 28 28 7730 28 28 6103 28 17629 8350 27 
10959 20 20 20558 7730 3086 
21 20558 1920 4 9193 15138 7188 21 
18533 22463 6075 20 
27 15855 2371 17563 
20402 23553 
28 28 17872 23135 
13512 20 20 20 
7359 16404 15678 3885 740 
13761 7914 3962 12780 22564 28 28 28 7730 28 28 6103 28 14335 703 20 20 20 
17324 20402 5 5 5 
28 5846 7730 28 18667 18195 17872 5174 27 
23 17563 19871 27 
18328 22821 20 20 
9980 13647 
13055 9743 12861 21282 18498 20402 22463 6103 3450 13131 27 
27 9193 21371 28 28 
5220 
20304 20 20 20 20 
4179 
27 
27 19662 4886 
5018 
26 
27 
5739 20402 22821 20 20 20 
2371 10959 27 
3058 20 
23570 20 
27 4346 6103 19698 27 
27 14335 201 27 
27 19474 17872 15253 12780 
21 3058 4 15138 3058 21 
3058 8956 15678 28 264 
27 
27 
3058 7127 20 20 20 31 15364 20402 16816 20 20 
21 28 28 4 22463 14468 7509 16580 20 21 
27 13325 6103 15604 28 28 28 7509 28 
23 8995 8956 28 17629 6103 23559 27 
5018 20 20 20 
29 5595 
1920 18498 16721 1027 
27 23 4676 
27 15658 20402 9193 14539 20 20 20 15424 19900 15894 20402 31 5995 7850 14604 4122 27 
15918 7509 
27 
27 3058 21776 7850 9934 
20402 9193 
21 17324 7730 4 26 5 5 5 21 
28 28 28 17872 9193 
27 20931 3790 28 28 
27 
21 835 4 7957 3224 21 
20244 16192 
28 28 9010 9605 20402 20931 27 
21 28 28 28 4 8141 22463 17872 9193 27 21 
27 15855 31 5782 
21 28 28 4 13325 6103 23135 27 21 
27 
27 
5018 
28 28 28 7730 28 28 6103 28 17872 23135 4766 15138 3870 27 
5764 27 
9847 9847 5 5 5 14335 9847 
21 15855 2371 28 28 4 28 28 28 7730 28 28 21 
9743 871 21551 
28 5846 7730 28 28 28 28 28 23135 17304 9431 12861 27 
27 22821 
5595 
25 27 
21776 2727 264 21793 
21776 2727 264 21793 
3738 7509 20060 
9193 288 
8956 20402 9193 27 
2625 
9010 12780 1540 31 8678 15678 15540 1393 29 1249 
21 9433 4 654 8386 21 
10343 7509 15266 5018 7914 11205 15677 11048 
17872 23135 28 5658 27 
0 0 0 0 
3058 
17106 18498 20402 5 5 5 
16404 19089 
20402 3625 20 20 
27 472 
21 21631 4 21631 4 17438 13909 7396 4 15678 8560 15373 5 5 5 21 
10765 20 20 20 7509 18533 8956 14464 17872 9193 20 20 20 
15138 3058 20 20 20 
28 7730 13729 20293 20402 13325 23 7722 
27 22821 
11408 5764 20 1027 
21 2727 1920 4 12255 21 
15138 12577 7730 12486 
7491 13909 15678 18498 0 
27 15138 3058 
15855 9193 2371 27 
8956 20402 6329 20 20 20 20 
17942 
21 15833 4 5842 22821 20 20 20 21 
8956 20402 15678 3790 
22821 20 
8956 20402 3058 20 
27 
21 27 28 28 4 13325 6103 22463 22771 
28 28 4 28 18667 7730 28 5846 21371 27 21 
23 7509 
1027 9010 17509 
17106 18498 20402 14539 
20126 5 5 5 5 
25 9847 
21 28 28 28 4 8627 2371 4 17438 9721 21 
8956 20402 3058 
11645 27 
20402 5758 20293 15658 20402 28 28 
27 
15658 29 12780 13909 17872 13652 20 8995 14335 6337 20 20 20 20 
17872 7599 27 3058 
15138 3058 20 20 20 
20304 20 20 15678 18498 7491 0 
27 
21 28 19668 4 28 28 4 28 28 3630 4 28 16811 4 28 5846 4 28 28 4 15855 12861 21 
27 
13278 20 20 
21 2727 1920 4 15658 20402 28 28 27 21 
22657 31 16689 19318 20 20 20 
17872 12780 7599 27 
13640 13640 
2727 17438 2371 
27 
27 14335 13325 7509 10765 7850 17583 7730 15678 14604 21814 27 28 28 
27 
12255 2727 1920 
20402 15671 28 28 27 
20244 16192 
31 14425 
21083 5764 20 20 20 
21 27 28 28 4 28 28 4 28 6103 28 28 4 28 6103 18533 22805 9743 9010 27 21 
22821 
21 8995 15812 0 28 28 4 28 28 28 4 19795 28 12780 22463 5511 0 21 
28 28 28 7730 28 28 6103 28 23135 8995 20007 27 
2727 1920 27 
26 
654 19969 4179 28 28 
21 28 28 28 4 12780 8361 31 28 0 0 21 
11020 22821 20 20 
15855 2371 
27 5 28 28 8956 23135 12780 10959 
21 28 6103 28 28 4 11686 23135 27 21 
27 
27 
21 2371 28 28 4 28 28 7730 28 28 13909 22463 27 15658 21596 15678 18498 9743 20402 16053 12106 2727 18498 15678 28 21596 22463 3222 17872 15671 27 21 
24 16971 20402 17872 10648 20 20 20 
21 15678 14604 21371 4 28 28 4 9743 2371 28 28 27 21776 5935 13089 21 
11284 28 
22657 28 6103 
15855 2371 16971 
27 
21 28 28 28 4 28 5846 4 28 28 4 15855 2371 21 
22821 
22440 
27 
21596 
5018 20 
21 8443 4 15855 21282 4 31 21058 7509 9193 17380 21 

