21 26 21726 11617 26 26 28 4 26 21726 26 26 26 26 4 12863 22 20539 26 12863 26 26 26 26 5 26 26 26 5 21 
15678 5935 3962 6103 28 26 
21776 20244 4122 6 15658 14335 14265 20149 9193 15658 19474 27 
3805 20 15678 18498 20402 12861 0 20311 
26 26 26 14335 1631 26 26 5 11617 22 30 26 26 26 5 11617 22 13800 26 26 26 26 5 
29 1249 7730 14336 6981 4672 9786 8 29 
20670 20402 15558 6 15671 15658 20402 5 
21 18476 9193 8406 7850 28 9193 22805 31 16971 9594 20670 20402 7746 7730 9193 15643 8386 12861 15138 2727 5 7850 8377 4 2626 17556 15266 17872 9193 14335 11649 4766 8956 13727 7730 4766 31 16971 15423 5 31 28 20402 15138 13909 18498 22463 20558 3633 7509 22575 4 7847 20402 31 9193 3962 5 20402 15678 13727 15894 9193 14335 20357 5143 7914 20402 9193 14539 4 15894 31 16971 14335 238 1276 14539 6103 9193 14335 238 5 7850 10495 7850 26 20402 15678 12939 18498 15671 4 2930 6103 14196 4 8147 6103 15061 8956 1114 4 22564 22463 3618 4766 22463 20520 15138 13905 18498 1453 15678 6103 21 21 21787 10495 15637 9867 21 21 4 7847 20520 1114 7730 22521 4 6103 9193 4815 14539 7730 4766 15678 19509 7509 9193 22356 4 18498 20149 9193 17304 8637 4 8637 15678 14539 5 30 20402 15678 12939 6103 15061 9193 11036 31 21793 8956 1114 18498 8147 1614 5 21 
20215 8956 28 
21 28 26 20799 4 15803 26 26 26 4 26 26 26 7730 26 5 16440 3805 21 
21 26 11617 26 26 21776 26 5 11678 26 26 4 11617 28 26 5 21 
20879 8 29 
21 17438 13909 4796 12905 4 11554 26 7914 28 4 15138 4629 7730 3678 8060 8 29 27 28 28 6103 28 21 
21 26 26 26 12863 4 26 22 20539 26 26 26 26 0 21 
21 21 21 26 1983 28 4 26 26 26 26 26 5 11617 22 30 26 31 26 21726 26 26 5 26 26 26 26 26 22 20539 14335 26 11617 26 26 26 11617 22 30 26 26 21776 26 5 5 5 5 11617 26 22 21298 26 11617 22 13800 26 26 4 26 11617 26 26 26 26 26 15005 26 28 4 26 26 11617 31 26 26 26 26 4 26 11678 26 7585 22 21298 26 26 21 21 22240 21 21 28 21 21 17438 21 21 28 21 21 4 7730 23135 12780 8386 17458 9193 1027 8956 21266 5 21 
21 31 23014 18498 9193 16765 20402 12132 4 20402 31 23014 18498 9743 4766 15671 14539 18476 21596 14378 6103 20402 18525 18784 20402 8 29 8 29 21 
21 11617 22 13800 26 26 26 26 4 26 11617 7585 22 21298 26 26 26 26 21 
21 26 22 18740 26 15803 26 26 4 26 22 18740 9581 26 5 26 26 26 21776 26 4 26 22 30 26 15678 26 8 29 21 
26 26 31 26 26 26 22 18740 26 26 
21 11617 26 26 9783 26 26 11617 20402 26 26 4 26 11617 26 26 26 21776 26 5 11617 26 22 21298 26 26 26 4 26 26 26 26 21 
21 18476 9193 9594 18498 7102 4730 8406 15678 1190 7509 26 7850 26 4 9594 18498 9193 21438 22918 21 
12861 8995 22385 18772 18498 2136 7545 28 28 
21 26 15924 26 26 26 4 26 14335 11617 22 13800 26 5 26 11617 26 26 10907 26 26 4 11678 11617 22 13800 26 26 21776 26 26 22 20539 26 26 26 21 
21 8443 20402 12861 4 15678 9224 16673 18470 9193 21389 16098 9594 4289 7730 13055 20402 7957 5 17818 4 4796 14443 7509 1945 2070 206 28 22575 4 18533 662 31 9193 30 28 17438 21793 15678 1506 7730 17438 5108 21389 19478 6103 22463 9224 22385 11020 17872 21793 8956 8525 9522 6184 7730 14149 4 662 21371 21793 8525 6103 4958 7509 18470 21596 31 13905 20855 6103 8406 24 28 28 28 28 28 28 21922 2524 4 7730 1393 2930 2926 18498 1920 4796 9193 8406 31 17556 21551 4 9193 13055 6075 15678 14425 6103 20500 16404 18498 22327 17304 349 5 9193 16098 9594 21389 6981 9224 4 7730 1471 6103 21793 31 8042 9193 15643 18784 5219 8386 15678 18498 12861 20520 5 11462 9193 19900 5 21596 21793 15678 16673 1792 1393 22805 31 2647 2524 21787 15658 12960 4 21793 31 21842 3798 11091 7730 3702 21793 15678 11403 5 12861 20402 31 9574 4 12861 20402 8893 4 12861 20402 16179 5 17877 15770 4 7914 13202 8593 7192 6103 16464 4 9193 15658 8995 22223 17458 19900 18498 6075 15678 14604 14425 4 4346 4 23316 4 11091 4766 1097 4 6256 16083 12834 4 22327 12861 17458 9193 8995 7850 22805 22327 16673 18498 9193 8525 21932 22385 7687 1547 20463 7102 2372 5 15678 5 22 20539 5 9193 21793 8956 9103 22657 31 16689 20 22805 871 7901 4 22805 17877 20402 19450 4 22805 31 4920 7509 20463 1097 7148 7509 20463 21541 4 7730 22327 10473 7850 9975 5 7730 654 17511 7491 18498 21596 14604 17819 12552 6103 15138 4 14604 12552 6103 2928 4 22463 12552 18498 17304 349 7914 16440 17438 9193 4060 4 17304 753 7730 9743 16440 6103 22327 12861 15658 21596 20352 18498 6650 5 560 4 21 21 18498 20352 20402 8956 0 21 21 20402 1114 20 20 1114 17438 21596 8147 6408 6103 21389 21551 22463 13727 15894 9193 16933 4 15894 9193 17511 20402 9193 14539 20244 14378 6103 13009 7730 19387 5 12861 20402 31 28 4 14604 17819 1114 5 7730 654 20149 17714 4 17458 8956 1249 15658 20402 4 9193 9193 12780 13026 7509 23 28 21932 17872 22463 28 22575 26 7850 1249 18498 23016 4 7730 10657 18498 23151 4766 15678 3672 6103 29 13727 7850 15256 5 7730 17438 23575 4 9193 15658 14466 11861 4 18533 662 1393 28 28 17438 14335 328 4796 1882 28 28 8 29 7730 17438 641 21793 8956 21842 4 17518 8956 12552 6103 20402 12094 20 21 
3472 15612 18498 15658 4289 0 0 0 
21 29 28 17872 14425 9224 28 20 20 5590 17872 4913 31 21738 22840 7730 1034 4 18443 31 20931 20018 4 8125 31 3671 7730 5590 17872 10657 20463 13727 7850 23572 4766 6996 31 28 20879 21 
21 31 11454 18498 9193 17629 4 7850 14924 18498 9193 17629 21 
7730 7847 23151 8 29 
20725 
10606 6103 14196 8995 4687 7914 16958 17872 753 31 19363 31 14149 20 30 8 29 21282 3616 29 13055 20402 28 29 
17872 4434 26 20 20 21282 3616 29 17872 4434 26 13055 20402 28 
17872 4434 26 13055 20402 28 22575 26 3616 29 
8 29 
20402 11462 20 20 20202 26 21840 28 13055 28 22575 
22463 1249 18498 23135 20402 7957 6 28 
21776 20244 18824 
21 11617 22 30 26 31 26 26 4 26 26 26 26 26 21 
15708 28 8 29 
21282 12780 20 20 
28 28 13055 4913 22463 27 
21 11678 26 26 26 26 26 26 26 4 26 26 26 22 6103 26 26 26 26 20402 26 21 
21 26 26 11617 26 26 11617 26 26 31 10051 4 26 26 11617 31 10051 26 22 20539 26 21776 26 26 4 26 26 26 12863 26 26 22 21298 26 26 22 18740 26 26 5 26 26 26 26 26 26 5 8 29 21 
20483 5 5 7585 22 21298 26 26 26 
21 26 22 30 26 26 26 16105 26 26 26 4 26 22 30 9971 6103 20247 26 26 26 26 4496 26 5 26 26 26 26 26 26 26 26 5 12863 26 26 26 5 21 
288 18498 15658 21596 15299 13909 13043 7509 18498 9193 17525 8956 10273 11462 5 22318 1027 6329 8 29 
26 12863 21776 14335 11617 22 13800 26 12863 
21 21 21 17458 9193 20826 8406 15658 15190 12525 15576 5 6256 18498 14523 7850 13909 17942 15761 4 16066 10105 7850 13909 951 15653 21 21 21 
21 14425 4372 4 7509 14425 22356 4 7509 14425 16953 4 7509 14425 5942 4 7509 14425 3633 4 7509 14425 9574 4 4766 15678 14426 8 29 21 
21 10765 4 20402 31 14425 21266 4 21267 21 
22463 7509 9193 15286 9726 7730 7847 15658 3702 7850 20497 6103 20879 8 29 
7730 16393 18498 15678 1114 8995 22773 
7730 2136 14604 21252 6103 14049 23029 7850 14149 5219 20402 3058 4766 23135 8 29 7850 10495 7850 26 
21 8443 1097 4 1614 8995 20670 21 
21 16404 30 8995 9743 4 7730 12780 1937 21 
21 26 11617 26 26 4 26 11617 26 26 21 
18470 20402 31 18195 13375 0 12658 11746 
21 15678 17819 26 14156 9193 22942 4 7730 654 15678 20207 5219 21095 15678 17819 8 29 8 29 21 
21 15678 15190 20402 1964 7730 9786 4 9193 9901 21987 4 9193 22318 18044 5 21 
21 26 22 18740 28 4 26 26 26 21 
21 8 29 8 29 8 29 8 29 9193 22942 8995 4886 4 13055 17511 15036 7914 16580 21 
28 8 29 
18525 12780 0 
21 26 1631 26 4 26 1631 26 28 26 8 29 7850 10495 7850 26 21 
21 10765 4 13055 9743 29 1249 20 20 28 28 8 29 21 
7850 10495 7850 26 
23016 
1114 28 8 29 
21 7585 22 21298 26 26 4 7585 22 21298 26 4 4060 26 22 30 26 26 4 12863 22 20539 11943 26 26 5 21 
15658 7576 817 5 5 27 
20670 15678 19768 12221 18498 201 7850 17583 
21 22657 3450 4136 4 22657 3450 3450 13764 20402 15138 22657 3450 14763 7850 20749 8840 4 22657 31 7594 7850 16882 6103 9901 7914 18376 17438 29 11518 20202 4 22657 15678 3790 4273 18498 9901 8066 4 22657 31 16971 18498 5174 18498 21596 16169 13284 4 22657 4346 3702 26 7730 26 4 22657 9901 4766 15138 20402 4 22657 31 8840 6103 1249 6670 18498 5174 23135 4 22657 31 8003 6103 12780 7850 20497 7509 9193 2510 9726 4 22657 19900 31 13375 6103 3450 15286 4 22657 21793 15678 21551 4 22327 22657 5 15708 11731 26 4 15708 16673 14425 15533 7509 9193 22942 4 13026 7509 14425 1095 7509 15190 5 15833 26 15803 31 5 5 5 11617 22 13800 26 26 21 
21 17556 13909 6103 22463 1249 2116 23135 23016 17872 5980 4 7730 15678 18498 9193 17304 9743 20402 16098 15678 20497 17438 21500 4 17458 21596 31 1095 13909 13512 7509 15190 5 11462 23135 8995 6103 23151 4 7730 6981 22897 12780 17304 22805 23135 6103 16936 4 12780 17304 3702 3450 15286 4796 15678 20149 15678 15190 20402 201 6408 7509 18195 4 12780 17304 4346 7730 11091 2136 9193 10667 8019 5 9193 12780 8995 7850 4 7730 12780 22657 3450 4136 20 9193 1027 23135 11731 26 20402 11462 3805 21 
21 20402 1022 4 17461 8 29 21 
29 28 20 20 28 28 
29 28 20 20 
7585 22 21298 26 14335 11617 26 22 21298 26 26 11617 997 5 
29 28 23016 20 20 20 20 
29 28 8 29 
29 28 11731 26 
26 22 20539 31 26 26 26 26 16073 
21 26 22 18740 26 26 26 21776 26 26 4 26 22 18740 26 26 26 21776 9971 6103 20247 26 26 26 4 26 22 18740 26 26 26 21776 26 21075 21726 5 26 22 18740 26 26 26 4 26 22 18740 26 26 26 21776 26 5 21 
21 26 26 26 6057 4 6057 4 26 26 22 18740 26 15803 26 5 21 
7995 17458 20539 
8 29 8 29 8 29 8 29 
21 23577 7730 23575 4795 20670 6 7509 15894 23135 21752 18498 15678 18250 20402 6103 8933 0 14335 9431 4 21267 21 
21 26 26 14335 26 4 26 26 14335 26 4 26 26 26 26 31 26 8 29 21 
14196 8 29 
21 11617 22 13800 26 20402 26 26 4 26 20402 26 26 11617 26 11943 21776 26 26 5 21 
21 26 11617 22 13800 26 26 26 26 4 26 11617 22 13800 26 11617 26 26 26 21776 26 26 26 11617 22 30 26 26 4 26 20402 26 26 21776 26 21776 26 5 21 
15894 4543 17872 19341 0 
8 29 
23016 22575 
5891 7509 18250 20 
17572 20402 15678 3805 
26 22 18740 26 26 26 26 26 7509 20402 26 8 29 
17461 
16468 7850 22575 17461 8 29 
14466 6103 22463 15266 17872 26 26 8 29 
21 23016 9883 4 23016 26 26 21 
21 21 21 15678 26 16073 3143 20149 21858 17426 5 11091 12861 7509 21830 6103 18159 20149 23135 18533 4 9193 4 20149 23135 9743 12861 4 15658 8918 6103 373 7730 7847 8995 1755 22 21 21 26 16073 3143 26 28 21 
21 6256 9193 21582 18983 14604 6011 4 17458 3295 9786 1614 21 
2689 13909 3086 21282 18476 9193 20402 5758 5 
21 7585 22 21298 26 26 26 26 26 4 3143 0 21 
14425 15286 7509 3916 
29 
10442 
16404 16404 16404 16404 16404 16440 20207 9692 20 20 
16192 20402 6879 
26 31 17461 21793 
4854 9193 9801 
7957 17872 20207 9692 8443 0 8 29 22481 
21 26 26 21776 26 26 26 4 26 26 26 12863 5 8 29 21 
26 14335 13405 8 29 
21 11678 26 26 4 26 26 26 15678 21 
21282 8995 4809 5 
21 8995 2371 15678 3790 18498 20402 7855 7914 29 13727 7914 21793 31 4417 6103 20879 4 9335 28 5 21 
26 18498 20149 17714 17458 15678 21858 8995 4289 7914 29 
7858 19646 18498 18070 20402 15678 14539 18498 23174 7850 28 5 5 
21 5015 7509 7861 29 6 
29 15678 3170 20402 3341 
29 871 17556 3665 15061 18498 740 11284 8838 7850 17380 3170 
29 8956 17556 3665 20402 6256 6103 13131 17458 15678 3170 20402 3341 21 
21 21596 13471 23206 16971 9594 18498 20813 21596 29 3665 31 17757 4 20402 18498 20420 12764 23174 7914 871 18498 15658 9010 6389 6981 22310 5 10606 4 18525 740 15658 20402 23174 4 15658 9743 12861 20 22463 23174 17304 15128 15138 4672 4 8443 8637 15678 18498 20402 14425 4 7850 20931 15936 4 7730 15658 1612 18498 8995 22773 7914 16967 5 3058 23174 20 21 
8 29 
2727 13043 
21 11617 22 30 26 26 26 26 4 30 22 20539 26 26 26 26 5 8 29 21 
14425 2136 654 
21 28 21282 8918 18498 7850 28 15658 9387 20813 5795 5 5 8443 3894 3664 4 20149 18533 10982 18498 10982 17872 21793 4 15658 17872 22463 16440 20813 5 21 
21 26 26 26 21776 26 26 26 26 26 26 26 26 4 26 7585 22 21298 26 12863 22 20539 26 26 21776 7509 26 26 26 5 21 
8 29 
21 26 26 21776 26 26 26 4 26 7850 26 26 21776 26 21 
21 13055 17511 9594 18498 20402 15678 14425 9956 7509 1249 4 17458 20402 21 
21 24 20 7127 7509 10273 6103 21793 15678 1249 27 16323 1114 14604 4 22327 6103 3058 20293 5 5 26 26 8 29 21 
28 28 3364 28 23 3805 15678 5 15678 
21 1616 18498 20402 19814 11462 15658 16468 6103 13324 5 15658 22805 871 6103 23135 31 15266 4 871 15424 14539 14335 13325 18470 20402 31 23575 22897 4 9193 12861 15658 21752 15678 13727 18498 3450 22463 21596 1614 6389 8 29 21 
26 19650 4766 22463 4122 11020 5 5 5 8840 
11617 997 26 26 21776 26 26 13585 5 11617 997 26 26 21776 26 26 26 26 5 
21 13909 22463 17872 21 21 16753 21 21 13566 6103 21266 18498 9193 22805 21 
21 26 22 18740 26 4 13585 26 26 26 5 26 7509 4 26 26 4 26 26 26 5 21 
21 13055 18498 15658 19761 6103 6917 16973 27 5 5 5 9193 15643 20402 3058 4766 6917 5 8956 20402 1612 14924 18498 31 10765 20293 19900 18498 4289 4 31 18780 6103 4 17302 7491 4 22463 20825 4 15678 18498 9193 15658 11731 20402 15678 18605 7188 20420 12861 17872 9193 5 1393 14539 21551 18498 9193 9901 9522 9808 17438 23135 4 9193 9901 21371 22223 4 17458 23135 12780 7957 15658 12780 20402 20559 22463 1095 18498 9193 12780 6361 22463 21551 31 13909 17872 22805 4 12780 20402 22463 12787 4 2136 13909 7509 18498 12861 4 18498 8406 15324 23572 7730 12780 17872 22463 4417 31 29 11518 29 6103 7419 5 12861 20520 15678 9971 6103 15138 4672 18498 31 10765 9743 13026 4 9193 17872 23135 20520 22463 15604 4785 4 15658 13727 15604 7730 6621 4 4785 6103 15604 9422 4 15619 1097 4 8235 5 5 5 22463 15604 22942 5 31 5459 6103 28 5360 31 14539 4 21282 12780 20402 9074 4 1276 9193 19900 18498 23135 8995 31 29 4 7730 654 29 29 5 15708 17438 22327 4 17438 16098 9193 18912 4 18498 15658 20402 17555 4 17438 16098 14604 6453 7730 21793 31 22911 31 16440 4 17438 14335 753 7850 9193 6421 4 7730 17438 19698 4815 21793 31 16083 22898 4 16673 5459 7509 13860 14466 31 18498 23135 7599 4 9193 15658 20402 5 5 16673 15286 3058 4 16673 9956 18498 9193 15658 1937 4 16673 21266 4854 4 8235 5 5 5 15708 17438 21793 8956 21551 18498 23135 16784 4815 27 5 20402 4766 13764 9193 15860 18498 9193 15855 17872 22305 4 17438 22327 18498 13055 349 6670 15678 14734 7914 18498 9193 22318 5174 4 7730 22805 15678 18481 23135 8995 14156 15510 22327 5 7730 14539 13405 7914 5320 15678 18481 18498 9193 13055 22318 23316 4 9193 9605 18498 15658 17304 8995 13909 15999 16323 30 5 7730 15658 8918 18498 3450 22897 18498 23135 23016 4 15678 18498 20402 14336 18498 11897 4 9193 12780 8995 1614 8840 17872 22318 23316 6103 15604 20 22318 1027 3790 4 7730 21776 21842 17872 20463 2332 15658 3510 27 5 18197 5 15658 21596 15138 15955 6103 10273 27 21 
26 26 26 7509 11678 26 26 26 26 26 26 26 14763 21776 26 0 
7 
26 26 11617 18772 
11617 997 26 26 26 26 21776 26 11617 26 5 
16323 20 20 
21 4060 26 15803 26 26 4 26 26 26 4 26 26 26 21776 26 4 26 22 30 26 26 21075 26 5 26 26 26 26 4 26 26 26 26 26 4 26 26 26 26 26 16073 5 21 
21 15833 4 26 26 5842 5 12863 22 20539 26 26 11943 14335 5 12863 22 20539 26 26 11943 26 5 21 
21 21911 2242 20670 9193 4 14018 7957 18525 15658 14335 19456 5 21 
23221 12130 15458 2510 
16393 10765 11020 5 
15678 5 15678 
15894 14018 5941 0 
21 26 26 26 15803 26 4 26 12863 26 26 12863 22 20539 26 636 4 26 22 20539 26 26 26 26 26 5 11617 26 26 5671 26 4 11617 26 26 26 26 26 5 26 11617 26 26 11617 22 6103 26 26 21776 26 5 21 
10131 6329 5 4181 18498 12780 20402 31 14425 9087 7509 26 26 
15671 
8 29 
21 26 8611 23351 6933 4 26 19900 28 26 5 26 19466 4 26 15643 19153 5 23351 26 23104 4 26 9387 4 20357 26 20537 5 26 7850 26 26 4 20751 26 8147 28 7127 6103 16580 5 21 
9193 15936 20670 15678 12960 6103 21649 
21 21 21 26 11617 26 26 26 26 26 0 21 21 21 
28 18670 
21 21 21 26 4 26 26 26 21776 26 26 21 21 21 
21 7730 21282 17872 13325 4 23135 20402 15678 17930 18498 13909 9193 11998 31 22327 4 15658 21282 9193 8893 7102 9193 23167 6103 12780 17872 28 31 23135 5 31 4672 349 12364 4766 31 14426 16971 4 7730 23135 12780 5219 22463 13727 14425 4 7730 18498 6075 15678 14514 18953 4 17458 23135 20402 7730 740 20402 4 15658 21282 17872 9193 4 15138 13909 18498 22463 17930 4 22463 11020 1095 5 28 28 21 
4369 22988 
21 7730 9193 15658 14335 3697 6103 13359 12861 4 6103 15604 4 7730 6103 15604 4 7730 6103 15604 5 21 
15855 18498 14464 13909 3086 8 29 27 
740 15658 21095 15678 3652 6103 26 26 26 6 
26 20 11617 26 26 5 
8 29 
13909 20480 7509 18498 15678 15558 26 26 
21 26 11617 9971 6103 20247 12863 26 15803 26 4 11617 9971 6103 20247 12863 26 15803 26 5 26 26 11943 26 11617 22 13800 26 1631 26 26 11617 22 30 26 26 5 11617 9971 6103 20247 12863 26 21776 26 26 4 11617 9971 6103 20247 12863 26 21776 26 4 26 26 26 11943 26 26 31 26 26 26 26 5 21 
15190 7914 11286 27 
2371 3805 
15678 5 15678 
26 6329 20 17461 
21 12333 6 18610 29 4 29 
23572 6 18610 29 4 29 
20931 14425 1095 22318 13480 17872 23135 16098 20497 7509 20931 2510 9726 6 15658 21596 17807 5 
27 15138 4549 4 9193 9193 22318 1027 6329 28 28 21 
21 4730 15286 7850 817 17872 8720 4 7730 21282 14335 21787 26 7730 11731 26 5 12780 879 4346 21 
14142 6421 17438 15658 12780 1393 28 29 29 
14142 6421 17438 15658 12780 1393 28 29 0 
14142 6421 17438 15658 12780 1393 28 29 0 
14142 6421 17438 15658 12780 1393 28 29 0 
14142 6421 17438 15658 12780 1393 28 29 0 
14142 6421 17438 15658 12780 1393 28 29 0 
14142 6421 17438 15658 12780 1393 28 29 0 

