20402 15671 10943 20 20 20 
21 28 28 28 13817 28 28 28 28 28 28 28 3510 28 28 28 28 30 
12780 26 0 21 
28 30 
28 28 30 
21 29 16553 7850 5859 6103 18525 23174 7850 28 4 29 16553 7850 5859 6103 18525 23174 7850 28 5 21 
27 5 5 5 
21 20 20 20 23360 30 29 29 23360 29 29 31 31 26 7509 31 1868 23360 20 6103 29 31 30 4 4 29 4 29 4 29 4 4 18475 4 29 4 29 4 4 29 4 4 23 4 21298 4 30 4 30 4 18456 4 4 23 21 
9193 16375 30 
23 20402 15671 22632 
28 26 
20402 15671 14907 7557 20 20 20 
21 10943 16375 6103 28 1249 4 8995 13480 15658 20402 10943 8995 13026 20 20 21 
16393 14487 5 5 5 9193 15658 20402 27 
24 24 28 
12863 22 20539 26 26 15803 26 26 20 20 20 
8995 13480 15658 20402 16375 
27 
27 
14116 30 30 30 30 5 5 5 
28 28 28 13817 
10959 6103 21672 11020 20 
10803 22 20539 10628 20 20 20 
17458 15678 19277 15558 15658 1085 31 17766 20 20 20 20 
21969 7509 28 14907 7557 20 20 
6 
21 8482 15678 10731 4 20931 18774 20215 17438 22463 10003 6103 3388 20 20 20 20 21 
8329 20402 15855 17872 15855 15678 15190 12780 201 4102 20 20 20 
12780 22825 20 20 20 20 
8956 2070 14613 20402 22463 8255 14539 20 20 20 
2154 6103 21252 20402 14010 30 20 15138 8561 
28 30 7850 19768 2371 13055 20402 31 13909 20 20 20 27 
21 14813 11922 4 15598 4 20584 15658 201 15643 24 5 5 5 5 21 
20497 7509 16739 20 20 20 
21 28 28 20402 26 2727 18498 23135 9594 14539 4 8956 3790 20402 7948 6329 20 20 27 21 
15658 15416 9193 13818 20 20 19703 
23 14464 5715 20 20 
3058 15533 20 20 20 
9980 20 20 20 20 
4796 9193 1027 31 9193 1095 7847 7730 31 16971 13909 13512 7509 15190 15708 30 
16958 20 20 
20402 12780 28 5 5 5 
3805 20 20 20 20 
21 23 4 23 23 4 23 20 20 20 20 21 
1027 6329 31 28 18498 14464 13512 
28 28 27 
21 19859 31 28 
12780 10648 17446 21 
23539 20402 16083 11644 20 27 
16404 31 10629 18498 18533 7319 20 
26 26 26 26 15846 20 20 20 20 
12780 28 20 20 20 
21 11560 6 23273 5 28 5 4766 26 0 22615 28 29 
28 28 30 
20402 15671 3805 20 20 
12780 28 20 20 20 20 21 
12780 28 20 20 20 20 
21 10916 3805 
12780 28 20 20 20 20 20 21 
26 28 28 28 13325 18476 9193 20402 6981 12939 17872 3962 0 27 
21 15941 6103 9146 7850 23498 21154 6103 19415 4766 3044 6103 18610 29 5 29 4 2275 22065 5 2439 6 12916 20402 28 5 16404 10657 20931 16431 7850 17889 20235 275 11561 6 23273 5 30 5 4766 5 3148 9128 22640 9146 13566 22640 3664 0 11634 22640 29 4 16066 8406 7914 5322 5200 29 29 5 21 
21 15941 6103 9146 7850 23498 6103 21154 22386 4766 3044 6103 18610 29 5 29 4 2275 22065 4 19511 7850 13616 5 2439 6 28 20402 28 5 16404 10657 20931 16431 7850 17889 20235 275 11561 6 23273 5 30 5 4766 5 3148 9128 22640 9146 13566 22640 3664 0 11634 22640 29 4 16066 8406 7914 5322 5200 29 29 5 21 
28 28 
28 28 6103 28 
21810 10629 20 20 20 20 20 20 
28 28 6103 28 
28 28 28 28 28 28 28 28 28 28 28 
28 28 28 28 6103 28 
654 9901 7509 11518 27 
27 8956 20402 15678 3885 
28 28 30 3510 28 28 28 28 28 28 13817 
28 28 28 28 28 3510 28 28 28 28 30 28 13817 
28 28 6103 28 26 16083 17226 27 
15678 28 28 28 20402 15678 12787 13909 22912 18498 9387 18339 18498 16404 
27 15678 3790 20402 10131 21596 18498 462 
17304 30 12861 20402 22821 
21 9652 20 20 20 
9193 3702 15138 28 6103 28 
9193 7730 8956 12787 28 7509 28 0 
15138 3058 8956 20799 20 20 
2371 20539 27 
7957 28 20 20 20 
26 28 28 7730 28 28 28 
4380 18069 6103 18607 31 29 11518 14335 10131 17872 3805 
18328 18774 
288 18498 31 28 9901 22104 4766 15678 30 11462 27 
21596 18498 20402 1920 14539 20 
18069 7509 18268 6073 31 17556 6 20539 
15678 13688 15678 4429 6246 20 20 20 

