20402 22463 11020 1249 20 15708 17438 9743 16440 6318 5 
16972 20 15138 15708 17438 21793 31 9803 7850 14604 1247 20 22657 20 20 
7127 7509 16169 17211 
10916 13909 19822 
3031 12745 
21 11617 22 30 26 26 31 3091 20 26 26 26 12863 26 28 5 31 26 26 26 21776 26 4 26 26 26 26 26 5 21 
21 16972 4 15138 15708 17438 21793 15678 16323 20 20 136 16404 21793 20 21 
21 23572 21793 13679 4 29 16404 288 22463 22383 5 5 5 21 
21 4841 4 12255 20402 15708 31 7301 7509 15083 7509 14058 18498 23016 349 7914 21793 28 5 
15678 17819 16468 16404 1164 31 20644 20402 8386 15678 17460 7509 2156 7509 17807 7509 22065 18449 5 31 17835 4060 20402 22463 9829 18498 17438 15138 1249 9193 2079 4 9193 18498 9193 23575 29 1249 9025 13909 20531 6 31 12283 5 
31 12283 20402 15678 2156 10743 7509 17807 7730 20402 4060 17438 22463 21266 6103 9709 4 7509 18470 871 7319 1614 5 8386 18498 4 1920 4796 15678 17807 7509 21812 7730 7509 4203 3365 2156 11284 29 1249 4 31 4203 3365 18610 29 4 11462 5960 18610 29 4 15678 5962 7509 8057 6103 22065 21371 2156 14114 7509 8524 4 1618 6103 22899 15619 7730 2156 7509 20015 5 4796 7251 15658 6075 7914 23501 4 7730 9545 7251 10795 13909 12283 4 31 8057 17629 19318 9010 5960 1393 17807 7509 16464 4 14539 18498 15658 12519 5 
20402 23556 18498 17304 21596 21413 23394 7730 9743 4766 18498 15678 8995 1649 4766 15678 5962 4 9193 15678 10982 21371 15658 17304 9545 15138 7251 4 20365 21371 10795 12283 4 8443 21596 18498 8147 22463 10211 6103 1767 13909 7251 4 18498 20402 2092 6103 13909 11857 4 7730 4796 15678 10982 20402 13909 22463 9169 433 7850 17889 4 21596 5962 434 4 9743 4766 18498 15678 18610 29 4 29 23029 18610 29 4 29 5 1920 4 288 15138 14425 16162 18610 29 6103 11876 13909 18610 29 4 29 16404 31 28 7509 18498 16162 18610 29 4 29 16404 15678 10982 4 5018 0 9193 4796 12862 15658 20402 12460 4 23135 15424 16765 5 
3058 4 9193 2371 23135 12780 14335 7491 18498 15678 10982 10691 4766 15138 4672 12764 7730 18498 31 5614 8281 15138 6075 18987 4 7730 18498 4 20149 11284 14466 5614 7730 7043 6103 7251 15658 17629 19318 9010 5962 9193 11857 5 5018 17267 4 7730 20402 17438 12861 18498 8995 13749 16673 15083 8561 5 
1393 12755 6103 18055 5371 15678 2156 7509 16464 16066 16673 21413 23394 4 18498 15658 19450 7914 15299 15576 17877 4 7102 8995 7850 19856 13749 16673 9971 7509 7046 6103 7251 18449 4 7509 5614 7730 7509 10691 6879 7509 10982 5 9010 20539 22463 13749 18498 17304 22126 2750 18772 7730 6103 13669 17605 16404 31 20709 5 
18525 8995 4815 0 21 
21662 15678 17275 7509 28 7850 23273 5 28 5 14335 5 
26 26 4913 20 20 20 20 28 28 26 
21 20402 31 19652 7509 2822 28 28 4809 20 20 27 
28 28 28 28 21 
20293 19900 7384 20 20 28 5915 
21 22463 11454 16404 16468 15678 21551 5 5 5 9193 18498 8678 20 7990 20931 15936 20 
28 28 28 28 28 28 
28 28 28 28 
21 6256 15678 8980 9743 31 7795 7509 13591 4 15855 15678 18498 349 20 27 21 
10548 20 
21 23479 18498 8918 22463 3402 28 7730 22463 2963 2352 4 9721 19547 20463 16933 31 28 28 28 4 29 20 20 28 5629 4 28 7509 28 4 28 28 4 28 28 4 28 28 21 
15834 20 20 14604 2685 23151 20 
21674 20751 20402 16404 15678 10300 20 20 26 28 
13194 7623 13194 20 20 
10907 26 10907 20 10907 26 10907 20 29 
11462 9193 20402 23051 31 30 26 20 
15658 20402 6981 22897 5 5 5 9193 16673 14466 9743 26 26 20 20 20 
15481 20 20 20 20 
26 22861 28 20 20 
15708 16972 20 20 16404 21793 23135 20 20 
21 19822 6103 23135 28 26 6 
7850 20463 16822 15658 6075 17872 13359 7277 4 8443 18277 15678 13543 20 21 
21596 18498 4730 31 20237 30 7850 13727 7509 17835 20 7847 20539 12960 7277 20 20 
28 26 14196 26 20 18498 23016 15678 28 20 

