17667 26 26 26 21252 
21 19969 15604 
30 26 28 26 26 21 
21 21582 4796 15678 17541 21793 4 9193 14335 10050 5 5 5 26 11462 8995 3564 21 
10138 26 5 5 5 26 5 
16066 15658 5 
26 26 
21 31 10765 5741 5 9193 15678 1114 16866 5 
26 23247 26 21 
14811 19450 0 26 
27 
14604 12787 20402 1612 21743 6103 16971 18498 16784 31 21373 7509 10674 6103 3488 5 6137 20916 26 26 
21 20670 22918 4766 31 26 
26 26 26 21 
4796 14335 20357 7914 19225 1393 3488 7509 21932 5 5 5 
21 9193 6103 3058 4 22861 26 8 29 21 
20126 19969 4766 14604 2818 6103 9040 5 5 5 7491 5 5 5 12787 13909 15604 8 29 
21 23135 2371 4 18910 7509 3564 5 7730 9193 1614 4 6103 3428 4 21810 13307 18527 4766 14413 5 5 5 19425 23180 7509 28 21 
21 28 13284 4 18525 12145 0 21 
26 
26 26 6 29 
20402 28 14335 8095 1393 22898 5 5 5 26 1252 20023 26 
21 16323 28 20 20 
24 26 21 
21 28 28 
26 21 
26 14335 26 
21 15678 18498 9743 18476 201 31 13759 7509 18159 5 5 5 
26 26 26 13759 7730 20809 20840 21 
14604 1114 20584 
21 21 21 15833 28 4 9193 16630 17872 4356 4 9193 4356 6103 14088 5 5 5 17872 4380 3510 4 9193 2727 7090 4 17872 22805 20149 15344 22463 17239 7850 4387 5 5 5 21 21 21 
21 29 6103 20460 5 8995 4356 5 20149 15678 21 21 1341 21 21 8995 4187 4 21596 4380 7730 9684 15678 19509 7509 1249 5 
11518 6103 368 7850 5734 17431 5 21 
20402 18498 21596 7127 18498 31 10765 19969 6103 3962 4766 3790 6103 10765 5 5 5 
21 10959 6103 7491 18498 15678 14604 10326 10412 9901 6308 13512 5 
26 26 26 10326 10412 21 
21 3031 6103 11462 6 3031 10224 
26 26 26 9697 26 21 
26 26 26 5 5 5 
21 28 4 29 2116 5 21 
21 23135 14335 7491 16404 9901 5 9193 9193 10447 7730 15658 8720 5 31 22942 14335 9743 19969 5 5 5 
26 26 26 21 
4796 2685 702 21793 15678 28 
21 17872 5268 6 21596 4661 7730 7847 22385 13520 20 20 
26 21 
26 26 26 26 26 26 
26 28 
21 21 21 22327 349 4796 20149 15299 21596 349 21 21 
19768 26 21 
21 26 26 
26 21 
21 17304 8995 19822 4 17304 8995 14265 5 5 5 9193 8995 1614 4 9743 3031 31 15533 5 5 5 
26 26 26 26 3031 6103 12769 21 
21 3894 4697 6103 8908 10943 5 10959 6103 2322 18498 8995 21596 9867 7509 294 7730 18498 15671 12780 5 
26 4 9193 5 21 
7995 4766 31 2717 7730 6309 7509 14604 3031 27 26 26 26 
21 12780 21596 3031 14336 15533 20539 4 7730 20149 18910 9743 3211 26 26 26 21 
21 15912 7509 15533 7730 9193 9743 3031 17458 5 5 5 3031 15658 20402 0 8 29 
9193 18533 5896 23104 
21 16169 7730 15253 
29 288 11139 21 
17790 14604 9971 6103 20247 17667 
21 14604 23114 6 2647 16255 5 
9193 6 6246 4796 18374 6103 18512 5 
20402 21282 22463 18553 6103 17840 5 21 
16440 4796 20 
26 
8 29 
21 21662 15678 918 6103 1022 6 26 6103 10326 7730 14915 3166 4 196 4 28 7730 19973 30 26 26 26 21 
21 21 21 11617 26 26 21726 21776 26 26 26 26 26 14335 21 21 28 28 6 29 21 
21 10447 6103 23135 4 9193 23135 15658 10447 6103 9193 27 21 
21 21 21 9193 20357 12861 21 21 
26 26 26 21 
21 3697 6103 12780 17872 9867 7730 9901 16367 0 6070 2462 31 3393 16066 21282 4766 15678 6193 0 
5590 18498 6075 21551 6103 15128 12861 20 20 6 6103 
5943 12548 6103 6070 4 23206 19710 20 20 8 29 21 
21 9193 5 3049 7850 26 6070 5 8 29 
16440 6070 21 
9193 5 21793 31 14049 7509 9193 22942 5 
21 8995 22463 13512 7127 7850 3749 16563 5 
13512 16404 15658 19969 6103 3962 7730 9901 6106 7509 4624 9743 15299 5 21 
21 21 21 15678 17318 20402 22463 9994 5 7730 9996 22385 4885 4 18498 4289 31 9996 18498 20402 7594 4 31 7594 18498 7102 20357 5 21 21 9542 5 16971 21 
21 9193 18950 31 10273 6103 23135 16673 5527 5 5 5 654 22 30 22385 14335 15708 31 15855 17872 10273 7730 17908 31 3790 6103 23135 4 23 5 5 5 21 
9707 8 29 
21 1097 5 1612 16971 18498 22318 753 31 6728 20463 2207 5 5 5 
21 21 9193 28 20 20 20463 18519 20402 14918 20 20 17438 12861 23135 15658 8285 20 12780 22327 17872 2991 7730 17872 18519 20 20 6 6103 21 21 
15756 9193 16468 26 21 
12780 18498 5 5 5 
22463 20126 6 22805 5 
21 9193 6 1612 16971 18498 13026 5920 7509 3512 6103 17211 5 
26 26 17211 10943 21 
9193 5 
14604 8 29 
8 29 
9634 3086 20402 16083 4672 5 5 5 6 29 
1612 28 7914 18498 5 5 5 17304 22240 14604 20044 17438 3488 18498 5360 4766 20828 5 5 5 
873 16404 7512 31 28 0 16162 4766 15678 19509 7509 16275 8 29 
21 19525 7509 9833 6 
21932 7850 18584 4 22918 4 4796 4 7599 4 4796 4 9743 30 4 9743 4796 4 4796 4 21583 6103 7512 20044 10430 16673 9620 6103 16958 4 4796 4 7599 4 9743 30 4 9743 4796 4 4796 5 
1022 31 22942 23151 5 21 
17458 22327 21596 22463 4785 5 5 5 26 14856 12984 
21 21 21 5 5 5 19900 18498 8995 1614 4 7730 18498 20402 22385 9074 18481 23135 5 21 21 8 29 21 
21 21 21 5 5 5 7730 9193 15036 9808 4 7509 5528 4 17438 21596 23104 20244 4796 7914 12780 20 21 21 28 6103 28 8 29 21 
21 16821 6 1995 6103 4730 3015 7850 10240 4 12780 21810 2530 7730 19969 7850 14924 9314 6103 21763 5 
10991 6 9193 3015 5 8 29 
238 8141 27 21 
21 10959 6 18476 15253 16169 6103 1097 1097 7509 14604 16169 15658 3213 4815 17438 9193 4229 6103 22 20304 22 22 20304 22 7730 16066 4886 4766 17017 21743 21 21 23 15658 20 20 20304 31 8995 7850 6014 27 21 21 5 
15253 14335 8361 1920 21 
21 21 21 15138 2727 4 20892 5 10976 20 20 1485 16404 23135 18498 23174 15423 20 
733 4 7055 4 20207 7847 4 21371 15658 11284 18636 6103 702 7730 15678 3633 7509 22575 13359 15658 20402 5317 5 
15678 16292 28 14018 13324 20 21 21 
26 26 21 
21 30 26 30 26 5 5 5 6 29 
28 30 21 
21 21 21 22463 8147 6103 7558 6 
15860 9193 15860 4 28 31 28 5 
7730 8443 1746 15678 15860 4 7730 4725 7850 13727 7509 14604 7 
1745 15678 15860 4 7730 4725 7850 13727 7509 21680 5 
8443 4 22318 22806 4766 15678 14604 15860 4 
7730 9193 22810 4766 15678 15860 21680 5 21 21 12876 5 13098 5 15018 21 
2371 20463 17812 13909 15604 6146 18498 23135 21596 18498 20954 7850 12911 4766 7847 5 5 5 7730 23135 6146 18498 15658 5219 5 5 5 23247 
9193 13909 15678 12787 6 29 26 23247 
21 5 5 5 9193 7847 22318 5446 31 20954 4 7730 23135 6592 18498 15658 19900 13909 6582 5 26 26 23247 21 
21 9193 4 21582 9743 18374 6103 2501 20244 13307 7730 20244 16102 4 17458 15678 1097 22744 21371 17629 4796 5 21 
21 21 21 26 26 14335 31 26 26 5 11617 26 26 31 26 26 26 26 11678 26 30 22 21298 26 5 26 26 26 4 26 5 21 21 
15299 31 373 5 21 
21 9193 4 14335 20357 7589 6103 3962 7914 6 17031 196 21282 17872 13405 6103 918 5 21 
21 18533 1097 6 17304 6256 18498 5876 7509 20463 9943 6103 9971 6103 20247 4 8995 0 6 6103 21 
17903 6 16971 13512 7360 31 12901 7850 13441 4815 1022 20207 5 8 29 
6 29 
26 26 5 5 5 
23 20 
21 26 26 26 26 4 26 26 5 21 
21 21 21 26 16066 26 6 22938 17458 8956 7681 13439 7591 4 22463 15474 18498 22318 6256 9808 7730 12534 5 21 21 
4796 2136 14335 21858 31 28 7509 21264 5 23351 21 
21 1027 22318 15790 4 15790 22318 1027 5 22575 8 29 21 
10211 20 9542 26 20 10217 1756 17872 10273 14539 
13640 20402 22318 11190 20 6 29 10217 
10217 
14604 22765 1095 5 5 5 15708 17438 8995 13761 13909 22463 22897 20 8 29 10217 
21 22575 5 5 5 20402 29 6103 12545 1114 7730 23560 4 9193 654 9193 20369 5 5 5 17438 8329 5 5 5 10217 21 
15708 14604 14464 20 8 29 
15678 7127 18498 5219 21752 10273 4766 28 7730 28 6507 5 5 5 10217 1756 17872 10273 14539 
21 9193 4 6103 15127 4 16630 871 3512 11020 7850 21932 5 15678 20304 19483 16673 21340 16836 18481 9193 18533 5 
15658 6 21 21 733 5 5 5 22463 7558 4 22310 5 5 5 288 18498 6075 5 21596 17556 4672 21 21 
20539 6 21 21 9942 4 17297 9605 18498 21596 17556 4 7850 11518 18498 12780 21752 31 4672 6103 3962 15658 19900 15894 4730 5 21 21 
10648 29 3512 5 
18498 15678 12963 4809 5 21 
21 20402 28 5 23135 12780 7957 16404 3962 7850 11538 6103 17031 5 
4380 5 
22144 7730 14594 16066 16367 4 16066 13909 13350 5 
23135 15658 12780 16404 3962 5 
26 26 21 
8 29 
21 21282 9193 288 21793 8956 10765 3358 4 7730 2647 16255 4 7730 20844 9542 28 23199 5 5 5 22463 2510 6103 21194 0 21267 12787 5 5 5 3472 3058 20326 7730 19456 4766 15678 23114 18498 18533 9901 6103 3058 7914 3962 6408 6103 21932 15678 7127 12526 0 21 
21 8443 31 28 19450 18498 15678 20577 6103 23255 7509 21680 1429 20402 15678 14425 18498 9387 5 9193 5 5 5 22805 21282 5 5 5 23135 15658 17304 22591 20 20 24 20 
7730 31 28 155 7509 23113 7102 8995 20672 5 5 5 21 
15576 4257 6 29 
21 15678 12939 15299 10138 7509 22575 7491 18498 23135 20149 10211 5 16066 12988 4 15643 20149 19900 5 5 5 
7157 7509 28 21 
21 20402 7850 9574 11462 4 3348 4183 6103 5015 6103 5942 21793 22923 5 16468 16673 2521 17872 5459 4766 31 21739 7509 8406 7509 2521 6 
21298 21 21 733 28 4 8443 23135 10211 654 4 15658 20402 0 18498 3058 20 20 21 21 
15658 21 21 15658 20402 21739 0 6 6103 21282 20402 19854 17458 654 15658 17511 13909 2520 4 15658 20402 0 6 2 6 21 21 
21298 21 21 733 5 5 5 8406 2371 5 20402 20463 17737 6103 10217 5 21 21 
26 26 26 8 29 8 29 21 
21 21 21 17438 18498 23135 20149 13405 22385 31 21267 0 21 21 21 
18748 5 
7127 6103 8003 23206 5 
21 15708 17438 13325 4 16673 3031 4 3211 10967 8 29 7730 31 9093 18498 9439 5 8 29 21 
11454 7509 22942 5 
21 13278 6 15678 28 11462 8995 11476 15678 28 28 6103 28 5 
22223 6 31 13907 21793 0 15678 14604 1097 15658 9743 11670 6103 18525 20402 7847 5 21 
21 14924 12446 7509 7127 6 
21 21 18476 21282 871 16971 7509 11111 5741 4 15678 18498 20420 22463 6019 23029 22463 10211 7327 4 22463 7893 9787 5 9193 20149 21793 5741 4 15678 6019 5741 20 21 21 
12446 3232 15678 18498 23135 8995 7491 28 0 21 
26 14856 12984 5655 11571 21282 1114 
21 21 21 18498 20126 14335 6075 7509 1097 4 18498 20126 14335 6075 6103 23135 5 5 5 21 21 21 
21 1796 4 26 5 5 5 21 
14604 1114 19768 8561 
21 15658 10530 15658 15138 7396 5 5 5 21 21 15834 4 17605 5 20402 22463 7509 10475 7509 22402 7730 14856 12984 5 22575 21 21 21 21 23271 20 21267 0 20 15658 368 5 5 5 3790 5 5 5 21743 5 5 5 20402 31 14425 30 7509 16587 20 20 21 21 21282 1114 9743 20149 30 30 26 14856 12984 21 
21282 1114 5655 11571 26 14856 12984 
21 3031 6103 4130 4 18374 6103 18512 7730 3488 7850 14534 5 
9620 23135 5 21 
28 5 20244 21810 3488 31 5 5 5 13909 21551 7509 18498 10959 5 
16440 16475 6103 22371 6 29 
21 17903 22463 910 13512 18498 18533 14335 6075 15678 5483 17872 20497 7509 23522 6103 1247 5 
26 20402 31 26 26 26 28 26 14335 21706 20402 23522 22 20539 26 20402 26 26 5 
8 29 21 
21 7509 4672 18498 15658 8386 6 16822 6103 3959 5 
9193 18498 21282 21596 18264 6103 22463 6318 5 21 
20670 17908 13727 17872 15005 6 22805 8564 21570 7850 1392 7730 16784 31 5107 5 
21 15834 20463 13520 6103 20402 28 20 8 29 
31 20644 20402 31 20201 6 17629 6103 22640 7914 1429 4 20149 17521 18195 1393 14594 4 15894 21793 31 5320 9901 7914 2136 29 5 
18525 19900 6103 22640 4 16066 16971 7850 14539 5055 7914 17908 6103 13727 4 9721 2322 5 21 
21 15678 4044 13591 7480 22463 13566 4766 29 16822 6103 28 6103 11669 9694 16404 18069 18498 9032 7730 5763 20402 9176 
22805 22402 7730 14856 12984 5 22575 21 
21 9808 4 6582 13130 17872 12780 4796 7850 13441 4766 1095 18476 15678 14539 23029 7730 7491 6 
21 21 9193 28 20 15643 21596 19310 22463 4672 7914 23135 5 19900 1612 15144 18498 21596 15138 16654 7730 7847 2462 18476 7847 1190 0 16066 15138 3315 0 21 21 
21 21 23 5 5 5 18498 18498 21596 0 21 21 26 
21 21 8443 5 5 5 20931 2991 2462 20 21 21 
15756 9193 21596 18498 16468 21 
12876 22 26 8 29 
21 7839 18498 4785 31 4356 16633 4 17458 20539 5 21 
21 20402 28 4 21649 9789 29 6103 12897 5 
29 5 
29 5 15834 0 20 21 
9193 22318 8386 5 5 5 6101 6 
21 23135 16933 31 22463 13727 18476 5 5 5 31 2010 7509 14506 16765 18498 23135 8995 6103 10548 4 17458 20357 20931 9620 17438 13761 5 21 
18533 5 
21 7850 3784 6103 21 21 15678 13066 7850 2547 7509 8946 21 21 6103 11462 5 5 5 
21596 22463 3790 3702 2727 15669 21 21 15678 3439 7509 23112 22385 13236 7914 6739 21 21 5 21 
21 16404 15678 1247 18498 13055 8918 4 7730 16404 15678 15138 18498 8918 5 8 29 21 
21739 7730 16169 
23 5 5 5 15678 4700 5 5 5 
31 14464 7509 15253 6 29 
21 20402 4913 22463 21 21 8435 22753 21 21 4766 15678 12787 5 19450 15658 20402 22385 10943 4 7730 16630 22463 13909 13405 5 
10648 22463 21 21 28 21 21 5 
15678 11861 20402 18498 8995 3058 5 6 29 21 
26 8 29 
21 1249 15604 6 29 
4766 28 7730 28 21 
18270 5 
21 22137 7286 4766 16292 20402 6 9743 7120 6103 5951 4 20244 2647 16066 201 4766 15678 3906 15708 14703 7 9743 18671 4 7850 19749 7 7730 4730 15678 3906 7850 10655 4 6256 15678 17490 7850 13727 18498 15678 17490 7102 9901 5 23351 21 
21 14425 18498 22463 4 20402 7558 17822 13520 20 8 29 26 26 28 6 29 21 
21 31 18525 9743 16440 6075 1249 4 15708 20 8 29 21 
21 15005 7914 20402 28 20402 6 9901 29 20336 7850 19965 7509 18159 4 17458 31 4380 20402 21389 18498 15658 6075 17872 19969 7730 6075 14378 6103 16647 15678 7882 16404 23151 17872 1429 5 
18772 26 30 21 
28 8 29 
21 17458 9193 10959 6103 17737 4 4796 7730 6103 23135 5 8 29 21 
17458 14604 28 4766 23135 20402 22385 11710 18481 9010 10273 5 8 29 
9193 22 17812 26 22 15459 21631 12511 5 
201 6103 14335 12406 7914 22463 15823 11046 7850 8632 19956 5 
23 5 5 5 8956 5758 12372 5 5 5 
17812 6 29 
29 6 201 13640 16066 15658 11284 19971 11099 7730 1818 18498 2631 5 
21596 5782 6103 10151 
6996 29 6996 20149 
21 31 20900 13512 8 29 
6996 29 6996 20149 21 
15678 3959 10138 6 29 
20183 21282 18498 15658 
21 21 21 855 20 855 20 21 21 5758 9808 21 
21 20293 3058 13325 18498 28 4 1249 15604 4 1247 7730 7127 7509 5758 8995 13640 2371 5 6 6103 21 
21 2371 15678 17930 19483 16673 9146 15712 6146 18498 8057 28 22657 4796 9146 5 
31 22942 20402 2725 5 8 29 
30 26 12780 21932 31 14466 21 
21 7730 31 19956 21 21 9620 6103 702 9620 6103 4796 21 21 5360 7850 14425 22516 7509 28 13229 5 654 20244 26 26 4 17458 31 4672 8995 9786 5 
22575 5782 425 702 425 12901 21 
21 18533 18498 9010 26 18876 4 7914 26 26 10676 4 20402 23454 5 9193 15658 5 
22575 23454 20244 13494 425 702 21 
10940 15242 7730 3086 5 18533 5 
21 23016 22805 20 8 29 
26 14856 12984 28 30 30 21 
6443 13909 7509 18498 4331 5 
21 26 26 6 29 
14856 20244 11636 21 
21 28 21 21 654 9193 12780 9594 20 21 21 6 16404 21 
21 21 21 31 16559 21 21 7730 15678 15109 18498 31 482 8 29 
28 30 28 2373 21 
21 11284 22463 20247 21623 15678 6996 4 18498 349 7914 17108 19720 5 7686 15678 18497 28 6103 9224 4 9193 12520 11761 7850 21535 22 6256 16647 4 989 23169 22 7730 20402 9045 31 19089 21389 20670 20931 21961 16972 18481 7850 15102 8057 28 5 
31 22402 7730 14856 12984 662 7730 16318 16673 18891 7730 16673 21932 6728 17438 21793 15678 30 17549 20 6996 29 28 2287 30 22805 22402 7730 14856 12984 5 22575 21 
6996 29 6996 20149 
21 21 21 15678 11875 20402 1453 13909 7188 6103 20402 5219 5 18533 4 22327 20402 17521 5 21 21 28 18667 
6996 29 6996 20149 28 21 
21 22402 22402 
6996 29 6996 20149 28 30 21 
21 23135 13055 16721 20670 21223 11462 0 7730 21223 7850 14856 4 20402 18498 20402 17521 0 
21596 21340 16836 4796 7270 7914 22463 14307 7509 5942 6103 22402 7730 14856 7509 22575 4 31 969 20402 11998 31 16721 7914 10211 6103 21858 31 14856 866 13909 21231 4 10447 22463 17556 7509 5298 6714 4766 15678 18470 8995 362 11462 7914 7127 5 
4796 21535 6103 16967 16404 6728 21340 17960 4 22463 11111 6146 9743 15678 21932 10122 7914 3197 7730 16721 21 21 17438 18498 15658 22463 3197 12240 0 20 21 21 5 
4680 4766 15678 6731 7509 21932 19474 15678 18551 31 20202 6 21 
21 4766 15678 15535 8 29 
29 6103 3960 28 28 21 
21 21 21 26 26 4 26 22 20539 26 31 20238 5 5 5 21 21 28 21 
21 21 21 733 5 5 5 9193 9743 4766 3870 5 5 5 21 21 6670 20293 22463 15965 16404 6 21 21 8840 18498 31 18884 6075 4179 20 21 21 9 8 
26 21 
21 9743 15678 21662 5 7730 19969 4766 22463 16918 15299 31 22805 5 7847 20402 21254 4 7509 13923 7730 5 5 5 15833 20 26 20 
21 21 5570 28 28 6 23135 20402 19883 5 288 18498 31 4672 7102 20402 6103 22463 7070 12939 4 7730 18304 1612 18498 15658 1190 6103 352 4766 20463 15190 11641 18304 4766 7594 16066 4766 12790 5 264 0 21 21 15833 4 12863 22 20539 31 2857 20 21 21 21 21 
28 21 
20402 13512 7730 21340 5 5 5 
10959 6103 13325 18498 15678 28 8995 4289 6 6103 
22463 4672 18498 472 20357 9620 6 9594 4766 14604 16753 5 8 29 
26 26 6 29 
21 15678 6014 8995 4458 4368 7730 8995 22797 13687 5 
7102 6075 14378 4 9193 8995 4766 4292 6103 12319 5 8 29 21 
21 23135 19969 6103 3962 16721 21 21 20402 23579 16404 31 20709 4 12780 7512 20044 20 20 6 6103 21 21 
2371 23151 20244 7512 17458 6592 18498 8995 20244 16958 21036 5 23351 21 
23167 6103 12780 7512 20044 7850 21252 5 4842 0 6 6103 

