15855 21282 20 27 
21 733 4 31 28 20 27 21 
6006 21083 7623 7730 1098 20 27 
26 21726 20 
20472 20 
21 15502 20215 8956 9840 20 18498 3790 3144 20 
27 21 
20238 7509 9193 28 4766 31 28 7730 31 1244 20 
20238 7509 9193 28 4766 31 28 20 
11518 7509 20497 20 
6177 6103 10548 
15678 6177 20402 6075 20 5913 20149 5 9193 28 
14425 18352 20 
28 28 28 
21282 17304 20402 17022 5 21267 14539 0 
5360 8840 15678 21442 20149 15988 8458 20658 7730 3009 15678 28 5 27 
22369 6103 4796 15658 8386 22463 23577 16192 7730 740 1920 5018 4766 22327 20 
21 21 21 14145 21 21 18498 349 7850 13512 20505 19404 17431 7509 28 5 
13170 5 5 5 21 
13909 22463 16468 20 30 20 
1285 15678 6177 
21 2440 21932 13698 4 30 5 5 5 2367 6103 6075 15995 4 6103 5320 16404 15678 15460 5 5 5 21 
21 28 28 20 
27 20 21 
6026 20244 11646 
9193 28 
4766 23222 15658 20402 28 20 
26 26 26 26 26 26 0 6 16404 
21 15678 7158 8995 6103 23151 4 26 20 
29 29 11518 29 29 29 21 
10999 7914 22463 23222 5 5 5 
3086 3616 5 5 5 
29 11518 29 29 29 
13405 22463 5573 16404 8956 11474 20 
15678 10523 19466 20 
15299 6103 3191 20 
21 21 21 16404 4 28 20 21 21 21 
28 28 1233 7850 5948 7509 4372 5 8956 13055 20402 20 27 
23 20 
25 
7850 6014 21596 26 26 0 7730 9605 5 5 5 
21 7509 21266 21 21 30 21 21 6 21442 4793 7914 11112 7509 28 26 20670 4796 15678 28 20402 22463 20446 17126 7730 18498 8995 19822 4552 6318 5 7102 4809 31 15128 31 20644 23151 17872 20658 7509 15928 5 5 5 21 
21 26 26 4 28 5 21 
21 2725 4 18872 7730 7509 13194 20 21 
21 15678 15190 17629 22857 4 7491 4 23064 12861 20 21 
21 14810 19240 4766 17380 6 16784 22213 17413 4 9901 7118 19745 20402 7509 22942 7730 20402 8007 17438 22463 22144 31 3450 22897 18498 9237 31 21 21 23151 7509 7424 21 21 5 21 
21 7730 11462 4 1097 4 12780 1540 15678 18498 20520 21 21 13501 4766 3119 15678 4387 21056 6103 14512 21 21 5 3058 21409 5 21 
6 29 
21 4846 4549 4 9193 18498 15138 21 21 14577 10827 21 21 740 15658 1540 5 
7914 17269 29 7730 740 22805 21 21 4284 21 21 18498 1532 22463 14249 7850 7826 16404 20662 7853 5 5 5 21 
21 14425 28 13055 5762 20 27 
9193 22942 5579 20 
26 26 
15678 
26 26 26 5 5 5 
21 30 
8385 8386 20 27 21 
28 28 20149 19961 4766 22463 26 6103 11208 20402 22944 5 5 5 
21 
21021 7 
1453 1532 31 16609 13956 7730 12960 6103 18463 7509 15576 28 26 29 
22657 31 5556 5 15678 10523 740 18498 13923 12960 740 19466 20 
14799 5913 5 15678 6177 20402 6075 5 28 16793 8956 16971 19854 5 16580 20 
16938 20110 20 
21 21 21 9808 28 30 29 21 21 21 
21 17930 4 288 20463 26 20 21 
22657 31 16689 13325 5 5 5 
7509 16962 17872 2442 20402 3674 20 
7 
21 9233 6 17535 20670 17380 4 4189 18527 4 16494 6103 10326 10405 7730 1021 4 22564 28 4 31 18642 13359 7914 28 4384 4 13530 12620 18476 20149 17629 6103 951 6699 7730 4 13125 5 
31 16580 6103 28 8995 5488 7730 4766 15678 19455 12645 5 21 
21 15678 20402 11570 7914 20931 17268 1230 5 18498 7127 4 1097 5 5 5 21 
21 13729 14753 6 
6075 17872 15988 22463 4372 17872 4788 5 
28 15958 4 14550 6103 4173 5 
28 5876 7509 13502 4 21752 15678 18394 4 9170 5 
28 5876 7509 2547 4 7414 702 17872 10606 5 
28 22126 22463 12890 17872 9743 31 20214 5 
28 7850 12308 4 5284 22463 2301 17872 4289 13909 19871 5 
26 28 7850 20906 26 26 827 31 10606 5 
1453 5 5 5 21 
21 23135 17304 20988 21 21 26 21 21 17438 21 21 13481 21 21 4 17438 9365 5 
23135 17304 20988 21 21 14387 21 21 17438 21 21 8147 21 21 4 17438 9365 5 
23135 17304 20988 21 21 26 21 21 17438 21 21 14494 21 21 4 17438 9365 5 
23135 17304 20988 21 21 18525 20402 15678 5891 0 21 21 17438 21 21 4796 17511 22318 753 31 19450 15678 17877 7850 18470 23135 20149 7360 31 19450 0 21 21 4 17438 9365 5 21 
27 
10765 4854 15599 7509 20313 20244 19900 18498 20402 26 5 8995 6103 15855 5 5 5 
27 29 
15678 10523 740 19466 5 11462 15658 21596 16553 6103 20238 5 11462 15658 21596 29 20 
7 
21 26 11943 26 26 22 21298 26 31 26 31 26 16073 15803 26 5 5 5 
26 11617 26 5 5 5 21 
21 31 23577 15286 18498 9193 5219 10959 6981 2510 13375 6103 5 
9193 20402 3058 5 5 5 
26 26 13624 5 6103 13405 5 21282 17872 22805 20149 8995 3058 6103 19971 20 6 16404 
7 
28 22823 
19525 20670 31 22942 5 
20237 15355 636 10260 5 5 5 
21 17872 18525 288 18498 21 21 18475 23561 20444 21 21 5 5 5 21 
7730 21793 7127 22463 29 7174 5 5 5 
19296 1373 6103 5472 6 31 13539 2352 20402 12274 17106 18498 31 13539 22840 5 16580 5 
21 26 11617 26 26 7850 26 26 11678 26 26 26 26 26 26 26 5 5 5 
21 20670 13721 1978 7730 21 21 19538 6103 21346 21 21 5 21 
21 22385 13405 7730 20932 5 5 5 22385 19092 5 5 5 
3058 14924 4 1341 21551 5 19223 7730 16937 4 7850 14539 14370 5 5 5 
20474 9789 4809 5 5 5 
11518 6103 4546 20 
21 18516 31 13202 7850 918 4 9193 5360 7850 10010 8840 15678 6177 5 2053 5595 0 
27 21 
8995 10544 5 5 5 
1614 15658 21596 16553 6103 20238 5 
3126 13375 23135 4766 3848 20311 20 
30 30 26 26 26 31 26 5 5 5 
22597 18449 
30 5 
27 27 28 
10723 14425 20853 20 
21 8482 10731 26 5 
22564 15678 1676 7509 507 18476 5482 26 5 21 
28 14425 26 20 
20311 20 27 
12780 21596 18498 6570 5 5 5 27 
21988 7730 9728 20 
27 28 
21 13909 22463 22897 4 31 19956 7509 14334 26 7509 20435 20 27 21 
28 26 
26 22 20539 26 26 5 5 5 26 26 20 6 16404 
21 7839 18498 15678 10685 10447 6103 23135 5 5 5 
23135 23135 28 21 
6 
21 8956 3790 14514 22463 18164 4 18339 14512 20 
27 21 
21 4289 4 29 5 4289 5 5 5 21 
21 7157 2389 16404 15678 26 30 20 
7730 21596 3144 18498 16630 16673 23151 6103 22463 7424 5 5 5 
18525 7573 15678 16468 7573 15678 10530 7 18525 7573 15678 17737 7573 15678 16468 5 29 3450 22897 14466 9902 5 5 5 
7730 31 10796 20238 7850 8832 288 18498 20402 26 5 5 5 
31 26 26 26 26 4796 26 5 5 5 
21 7157 16404 20402 9808 7850 18195 29 11518 6 
29 2442 15678 26 5 483 16404 31 22942 7 
29 20149 17629 6103 4229 4 21582 15678 26 7 
29 20149 18533 13909 22463 947 4 22564 15678 28 28 4 26 4 9170 7 
29 5078 22564 22463 22415 7914 23181 22564 15678 28 4 17438 9365 7 
29 9605 4766 15678 1097 7 
21371 5241 6 
15658 4796 4372 11069 7850 4145 7 
22564 17746 7 
15658 21810 5573 4 16633 29 4 4074 7730 16066 6432 6103 9156 22730 7 
3009 18043 12780 6103 28 7 
31 16580 6103 28 5 21 
5320 7509 28 5762 7914 29 6103 23151 1393 2058 5 9193 28 
21 21442 26 28 7 
15928 6103 21503 26 28 7 
1453 8840 31 19653 7509 6089 5371 31 11298 7509 4945 5 5 5 21 
6 16404 
23 5 5 5 26 20 
28 28 28 28 3790 5730 5 16580 5 
28 28 28 
21 23575 7127 5 23575 18069 7509 23575 7297 7509 10999 5 
6408 6103 15138 7730 18443 15138 2371 21551 4 22463 17556 6103 18655 4 4346 7730 18780 4 4289 15678 7127 18498 288 18498 15643 4289 20 9500 15821 4 10211 20 
15678 14464 6842 18498 8406 1614 11284 29 1249 4 19969 11462 4796 22463 11474 20 
15708 31 21793 15678 8464 5 15708 4 28 5 
2136 3206 0 20 21 
21 15299 4796 28 4766 31 16431 7509 26 26 28 20 
18498 4581 20 21 
21 18379 18498 21282 22463 1062 5579 2611 7914 10216 15924 26 17304 18009 6 
21 21 15658 18533 18498 9193 9942 9130 7850 22575 5 13761 21282 21596 14174 5 21 21 
21 21 15834 0 7945 7914 18498 23135 7491 12861 0 21 21 
21 21 733 4 879 20402 22463 13727 16852 7730 21282 21596 13835 7730 22632 9130 13761 4 2936 2936 2936 12 26 29 29 3120 7501 7 13 21 21 5 
8302 4796 21389 20505 14174 10795 29 7509 17919 4426 7509 16587 4 5219 14096 31 22516 8406 31 14426 7509 28 13229 7730 21793 1249 21596 22463 29 14667 14178 7363 22463 22640 5 
7127 19854 16404 9369 31 2148 5 5 5 21 
26 26 12863 20 
21 31 18006 20402 8125 15678 28 4766 15286 3058 4 18506 6981 10211 15678 14991 10109 6103 20239 4 20312 7730 10343 6103 2196 5 
20149 23135 6075 26 15459 23222 4 18876 6103 9193 16440 22463 13375 7509 851 7730 21596 18498 8147 22463 2248 4 1845 16066 2510 5879 15540 4785 17438 8995 13375 7730 17525 7850 7914 20463 15198 13026 4766 8956 21684 5 9193 13375 20402 21 21 15678 21 21 4 8637 17438 28 28 17577 5 
21 7509 21266 6 19671 4 20308 7730 30 26 5 30 20 21 
26 5 5 5 
26 26 26 5 5 5 
7730 12861 13055 9743 29 1249 20 6 16404 
21 22289 5 5 5 7509 21266 6 21 21 15502 8995 18328 15658 21 21 20 21 
2156 31 9586 6103 16622 20 30 20 
17304 21596 20402 8678 17438 9193 5 5 5 
28 6 4371 7614 28 20 
26 26 20 
15658 20402 28 5 14487 5 20402 20539 5 5 5 
20402 6075 31 13202 5 9193 28 5 
30 
18498 23222 20 18498 2053 20 
21 19735 26 26 22861 21 21 4379 17790 4 14336 7850 951 4 4766 7558 23141 951 21 21 5 
20311 20 
21 19735 26 26 22861 21 21 4379 17790 4 14336 7850 951 4 4766 7558 23141 951 21 21 5 
20311 20 
21 21 21 22385 15355 18481 31 13759 7509 7127 5 5 5 21 21 
27 20 21 
21 31 28 20402 20932 4 9193 15678 20634 20402 3265 5 30 20 21 
21 21 21 26 4 26 4 26 29 15803 28 5 5 5 21 21 21 
21 4944 9594 6 12454 15678 28 26 7914 22463 5527 28 4766 29 6103 18664 5 15678 14464 8995 26 20 
27 20 21 
8840 16673 19522 6103 22463 1127 15749 7850 13539 22840 5 5 5 
22318 20 16495 5 20558 5 
16475 7850 28 4766 31 5320 7509 28 5762 11284 22463 29 1249 7730 18498 740 9387 5 5 5 
4809 31 8386 17458 15678 13176 15643 23016 11686 1393 7509 10273 5 5 5 
21 28 4 5508 8956 21371 6 
21 15678 7277 1393 13299 6202 20402 12684 1393 20402 23104 4 1393 1229 4 1393 20402 11570 5 13909 18498 22463 13301 19133 17438 22463 28 4 19240 16066 20402 13761 15678 18498 20402 4 20402 22463 13301 15355 5 
20402 22463 7277 6103 21793 7730 15658 1453 22463 17869 4980 16404 15678 21 21 1097 7509 19169 21 21 5 
21 21 20500 22970 30 4 16404 28 21 21 21 
14577 6103 29 20 23135 23135 28 28 
21 21 21 24 21 21 21 
26 21776 26 26 26 26 5 5 5 
15834 0 23029 14856 0 
22463 14975 20 
21 7850 18772 4 12780 6075 20126 6981 13727 5 5 5 21 
21 8840 16673 10606 21 21 17361 7730 1300 21 21 9743 22463 16257 5 5 5 21 
21 21014 4 4796 20293 5 5 5 21 
7730 8956 3144 740 20402 7855 7914 29 22358 5 5 5 
27 
21 15266 7509 5758 4 7509 28 28 7730 7509 4542 5 19703 5 
15266 6103 23295 31 15144 4766 4581 7509 9049 6103 28 4 28 4 28 4 5 5 5 
28 28 4 22318 1027 4 10696 20 
20202 6 
15704 6103 28 7104 1532 7850 918 20 
21 733 4 1027 10548 4 15658 17304 11284 22463 19113 13909 13512 18498 15678 6981 4581 4 3702 16673 28 7509 21 21 23 23 23 23 21 21 4 16404 17770 8956 15270 11477 6 
21 745 4 2647 5 5 5 20402 10916 20 
27 20 21 
26 11617 26 20 
21 733 4 18498 15538 7509 5993 5 5 5 21 
21 21 21 26 26 7509 26 26 11617 26 11678 26 7585 22 21298 22564 26 26 26 4 26 26 26 21075 22101 21 21 5 
21267 0 15424 16393 5 5 5 27 20 21 
21 22805 4 28 28 4 1062 20215 20 22318 1027 20 21 
21 26 9542 21 21 21 21 13085 26 20 11617 7585 22 21298 26 11678 12863 22 20539 26 4 26 26 26 20916 26 26 26 20 21 
1453 16404 6075 22463 3058 15533 4766 15138 20421 5 5 5 
21 26 5597 4 4796 20293 5 5 5 21 
21 8956 20402 22463 6072 14924 7914 18498 23135 3510 15637 16440 6621 7730 18494 1004 22942 31 6725 480 7509 1545 7509 28 5 
6075 17872 9743 22463 19094 2727 12577 20670 31 19225 17377 23274 21 21 16822 7509 7863 16155 21 21 23274 21 21 23423 15658 16878 16404 23135 4 18498 21596 3790 6103 17297 21 21 5 
2389 22805 8956 21932 17341 15894 15678 110 21596 15678 23573 6103 18069 18498 15643 20402 17729 15424 15502 7509 20931 9634 5 
2389 22805 8956 21932 17341 18498 14536 22463 5294 9983 4 5982 6103 4930 6103 19283 7730 2136 6103 18884 9774 5 
22327 6103 22463 10211 15658 12704 4 15299 12649 4 9978 4766 22463 327 21 21 18686 20402 21 21 5 
15678 3790 17304 17545 4807 22463 5767 7914 871 20209 0 12780 19900 5 5 5 
12861 7102 349 21793 7127 5 7914 21793 13727 5 7730 17304 21596 20402 4815 16066 18475 22463 7509 9193 9634 5 5 5 21 
28 5 5 5 
22463 17556 6103 11454 5 5 5 16404 
21 16323 4 656 4 17438 15658 21596 4886 20463 15550 20207 7127 5 2702 5 21 
21 21 21 19224 4 9193 21776 7914 26 5 11462 20402 7127 7509 13600 21 21 21 
21 15585 14480 16404 15678 7501 6103 14453 7509 22942 6 
21 21 20247 12345 7914 29 29 29 6 3058 20247 16404 4809 31 368 7914 21 21 12261 1971 21 21 5 740 8840 10648 7850 14388 20297 21 21 5 21 
15678 15190 17629 22805 12861 5 5 5 
21 2440 9032 4 18339 14512 5 14425 10273 20 
23135 23135 28 28 21 
21 28 28 7509 4985 
20474 9789 6103 4127 13166 4289 5 27 21 
21 21 21 7850 28 11928 4 15678 19132 28 28 28 4 18498 1959 15678 3858 7914 29 7730 18498 21535 15678 17304 7509 17436 4 3348 31 7386 6981 14692 7730 7813 31 11139 15291 5 20463 15697 20402 15678 10255 7509 17304 4141 5 15678 17478 6103 1694 20402 17958 16404 23545 7730 15416 9335 3758 4 9228 18498 15678 18020 7509 6519 20402 31 15951 7509 11111 23074 4 7730 15658 20931 20214 5 21 21 
22463 17556 6103 11454 9743 2727 5 5 5 21 
21 19349 7509 9652 20670 1153 6 703 15678 18195 29 28 6103 4352 7730 11454 22223 4 16673 28 7730 17438 21 21 8812 21 21 7850 1961 5 5 5 21 
28 
18498 15538 6103 16098 22463 14512 6981 5 13170 5 5 5 
21674 17790 
13375 23135 10544 18498 14514 20402 4854 20 
26 30 27 
6072 4127 4894 7914 18498 31 28 11773 31 22942 5 5 5 
21 21 21 15678 3750 20402 22463 11644 14149 4 17458 6075 15955 5 15678 17877 8995 7850 11644 6103 18498 20402 17629 14319 13721 7730 18498 21282 12861 20402 248 4796 15422 5 15658 20402 19728 9736 6103 7251 5 31 22942 15658 17304 20402 19038 31 22463 3348 7831 4796 8956 5 21 21 21 
28 26 21776 26 26 26 20 26 12863 20 
21 6075 22463 15855 4 28 20 21 
13909 22463 11048 5 30 20 
21 20500 7850 21830 4 6103 15604 20 
26 26 20 16404 21 
7730 9010 7102 20402 15678 19525 7509 20474 6103 4127 13166 20 
20500 7850 21830 20 
16404 
13909 22463 17556 20670 15678 10530 7509 15382 5 5 5 
8956 7102 21596 20402 15678 10530 7509 15382 5 5 5 2440 19922 5 
7914 3206 7850 17608 13909 18195 5 5 5 
4766 5023 20402 13909 13278 20 27 
21 22463 21389 18481 29 1249 20 
21 7509 21266 6 21 21 19900 18498 12861 12780 349 21 21 5 5 5 21 
27 27 27 27 26 31 5671 

21 9620 22310 5 
8840 7730 21074 11680 15678 25 5 5 5 21 
27 27 27 
6075 4179 573 6103 22805 8956 13749 6103 4387 7850 13002 5 8995 9620 15138 9785 2371 5 5 5 

27 20 
26 26 10907 26 5 5 5 
23558 5764 20 16404 
21 20319 21 21 18498 6324 4 3790 21 21 6 
29 4878 6103 17819 20244 26 26 7730 20244 12780 7 
29 12408 19418 7850 28 26 5 21 
6 16404 
17872 15658 16784 15678 5652 5 5 5 
21282 18525 21681 18498 4913 22463 4092 6103 26 16404 9743 15678 21935 6103 8632 19900 18498 15678 28 11729 20402 31 4672 13909 13512 6103 28 5 5 5 
27 27 27 
4346 26 20 
26 26 20 
26 26 
21 7509 21266 6 21 21 18481 13909 9193 5174 31 16971 4 13909 9193 10959 7509 14604 1229 10967 21 21 5 
10259 21573 13375 7730 5 5 5 
28 28 
21 
21 13909 22463 7509 21266 6 21 21 15678 17525 14666 7850 3439 21 21 5 5 5 21 
26 26 30 30 
21 5947 7730 11099 5 31 5 13059 5 31 21 21 17581 21 21 5 5 5 21 
21 8840 873 20402 17729 17438 28 1393 5767 18476 22564 22463 3618 21 21 9548 7850 4076 21 21 5 5 5 21 
20670 15678 15190 7730 21793 31 16083 4672 6 18498 9692 20 
21 18736 6103 29 7509 21 21 20528 21 21 7914 11112 5 5 5 21 
8 22608 9 17438 18498 15658 155 13909 29 22640 22877 14096 31 29 9386 0 8 22608 9 
23 0 
21 
22805 4 28 28 0 21 
21 22463 21215 6103 835 7914 22463 10523 18498 19466 17438 1425 5 5 5 
14823 20 21 
9965 3086 17872 14746 31 20740 5 5 5 
21 20402 19698 17872 15658 4346 4 1097 5 5 5 27 20 21 
21 733 4 8956 14464 18498 8386 22327 6103 30 4 30 4 26 7730 5621 15678 18191 3388 5 5 5 21 
26 20 
16404 

