21 21 21 15678 12787 22385 21743 3059 5 5 5 21 21 21 
21 17930 28 14604 16323 4 9808 1247 4 22327 6103 3058 6 20127 4 7251 4 9801 4 9170 5 7730 6103 20670 22463 19804 19871 16404 31 22385 915 17583 4 740 7102 14156 22463 17583 4766 15678 20304 7914 4 17872 12960 22463 6052 21364 18772 5 28 28 4 28 4 28 28 28 28 28 28 28 28 28 28 30 30 28 28 28 28 28 28 28 28 28 28 4 3697 6103 14156 15678 16972 18498 14156 18525 9620 9193 4795 21 
21 30 4 28 18533 21282 22805 20 21 
6670 15678 10476 2136 15678 12277 7730 991 27 
21282 4809 
15678 26 29 7509 28 
21 13325 6103 22318 28 14212 4 15658 19900 17458 27 21 
15658 20149 8593 12959 7509 21726 507 20 28 28 28 28 28 28 15741 6 9193 15658 21596 9010 17877 17458 15678 28 20293 10648 20 
18525 20402 26 16936 6103 28 14823 0 20 
21 17438 15894 10083 4 10089 21 
3058 21551 
27 
11474 13804 26 20 15741 6 9620 15678 28 20 
28 28 7730 28 28 
21 28 4 28 4 28 4 22821 7730 13909 22821 4 20007 28 28 20 21 
28 2136 7847 13055 19900 27 
16468 21056 7509 28 12960 4766 30 27 28 28 
28 20402 20237 
18525 12780 5621 16404 8933 654 0 0 0 
21 26 15678 18498 11862 20402 31 28 4 28 28 28 28 28 28 28 30 21 
21 18498 19922 4 15658 20402 15658 28 0 21 
21 4369 28 4 23 28 4 28 28 28 21 
11020 28 20 20 20 
28 14418 4581 4796 20293 
23 11020 28 
21262 16784 28 28 
28 28 
9980 28 20 20 20 28 28 28 20402 6318 18498 9193 8995 9594 
28 28 7730 28 28 28 
28 28 9172 20 
28 28 27 
9901 7914 16580 
22463 4127 12094 
15658 2631 20402 3341 21596 18498 5621 31 17211 7850 14336 8561 28 28 30 28 
28 28 28 28 
28 28 12984 5 28 19668 28 15671 9594 6103 22918 23 2371 
28 28 28 28 12984 5 28 28 28 28 
21 9620 7509 18498 9743 7914 28 28 7730 28 28 4 10548 6075 15510 20 20 20 21 
28 28 12984 5 28 28 28 16179 
15658 17629 15424 6103 22406 28 28 28 7730 28 28 
28 28 28 28 28 28 28 28 
21 9193 7730 15678 16384 28 28 4 1614 6103 3058 21 
26 13325 6103 23135 18476 22805 12861 28 28 28 19668 28 28 28 28 28 28 28 28 6103 28 28 28 28 
28 28 28 28 28 28 
28 19668 28 28 28 28 28 28 28 28 28 28 28 12984 5 
21 16971 20402 19822 20149 18876 18475 21743 6103 14469 15658 20402 9193 18525 8458 4 17324 20402 19822 13026 4766 28 28 28 28 17438 22463 14336 7729 6103 17196 5 26 9901 6137 17458 7847 15424 8840 16404 21752 22463 20238 5 5 5 5 13026 4815 740 8995 28 28 28 7730 28 28 12984 5 18498 15658 4 12861 14539 4 15658 20402 19822 5 21 
16404 18498 10916 20149 21596 31 3031 28 28 12984 5 28 28 
28 28 
28 28 28 28 28 28 28 28 12984 5 28 28 28 16179 
28 28 28 28 
28 28 12984 5 28 28 
28 19668 28 28 6103 28 28 
23 2070 
26 9620 15678 28 28 26 15658 28 28 28 16179 28 28 28 28 12984 5 28 28 28 28 28 28 
28 28 28 28 28 28 
28 28 28 28 28 28 
23 28 15061 18498 7850 22971 15658 21596 16404 15502 
26 15678 23556 28 6103 28 28 28 7509 28 28 28 28 
28 28 28 28 
12861 20402 18498 20402 12960 28 28 28 28 
28 28 
21 21185 
28 28 28 28 30 28 
28 28 30 28 28 28 28 28 
21 23016 1614 4766 15697 6103 8789 15678 21932 13909 23453 6103 20716 5 
28 28 28 28 28 28 28 28 28 28 28 28 28 28 28 28 28 28 28 28 28 28 28 28 28 26 28 28 28 10322 21 
28 28 28 28 12984 5 
28 28 12984 5 28 28 
10530 3625 7509 5505 7509 15190 4766 10916 6103 30 7850 23575 14763 5371 15678 28 15658 7730 28 28 7730 28 28 
28 19668 28 7730 28 28 7730 18476 7730 26 28 28 
3790 22805 9010 26 13325 6103 22318 28 28 
23 2070 
15678 14425 22386 6103 21793 15678 21551 21282 15678 28 20402 14425 17458 15678 28 20402 15678 3790 28 16179 28 28 12984 5 2371 14425 18498 15678 28 
28 16179 28 28 12984 5 
28 28 28 28 
15643 23151 1614 28 28 28 19668 28 
28 28 
28 28 10014 28 28 16784 10916 28 28 3086 18498 15424 15678 28 
27 28 16179 12255 20402 22821 
28 6103 28 28 
31 17819 22897 7730 20293 9847 26 15658 28 28 28 28 28 
21 23 28 654 7730 31 26 
28 28 28 6103 28 28 28 6103 28 28 
28 28 
28 28 12984 5 
28 28 28 28 
28 28 
28 28 12984 5 28 16179 
28 28 
21 28 28 15678 28 20402 20237 4 7847 7730 15678 28 10509 13030 7076 2136 15678 28 21 
28 6103 28 28 
28 28 
28 28 28 16179 
28 7509 28 28 28 28 28 28 
28 28 
28 7509 28 28 28 28 
28 16179 28 28 
28 16179 28 28 
28 7509 28 28 7730 28 28 
23 28 28 28 
21 28 28 28 28 15678 15576 21932 6103 11454 20670 31 589 18498 31 28 22805 7730 10959 16673 14466 19698 
7730 15424 22385 4099 
28 28 
19900 17458 28 28 28 28 28 28 28 28 28 28 19668 28 17458 7847 7730 22463 11153 2352 
30 17511 4793 28 16811 28 19668 28 28 12984 5 28 28 28 28 
28 28 28 19668 28 
28 28 
28 19668 28 
28 16179 
12780 17872 4434 6318 13752 26 15658 28 16179 28 28 28 28 28 28 28 28 28 28 28 
2371 28 28 
28 6103 28 28 
28 16179 
28 6103 28 28 7730 28 6103 28 28 

