21 26 10606 4 31 28 8995 13185 20463 17950 6103 9913 1095 4 7730 15458 3222 6103 10648 26 26 7847 8995 7414 14673 20 
20402 21282 3454 7730 20202 15678 16468 31 16468 16404 9711 2136 29 14667 14673 5 
15678 3454 21596 18498 20402 9790 17438 5483 4 8443 18525 18533 16429 20402 21282 14335 14018 15678 7733 1614 15458 22408 4 18498 9193 14018 15678 5483 20 1603 18876 15678 7733 4 20402 21282 20149 3454 7850 26 7730 14335 14018 15678 15677 1095 16404 18498 9193 17511 2058 20463 3454 20 
9594 20 21 
26 22 20539 26 31 10859 26 14797 26 
14245 20 4875 20134 7730 5023 13270 20402 20293 2740 15458 14506 7509 13923 5 27 
21 26 20 20 20 
22463 28 
12861 14539 
26 
9312 
21 15678 3790 15036 4 18498 16780 20 7847 13749 15138 16404 14096 15678 5652 7730 22666 2727 2389 18498 20402 18705 5381 7850 12202 6103 10628 5 21 
21 201 6103 6075 9193 5422 20 8995 18494 201 7730 18494 4886 5 21793 753 20402 15392 20 20402 22463 17960 16404 6731 6103 15286 4 1235 7730 26 16404 5758 5 4289 6981 4672 11862 5 12780 1502 22463 17919 15291 6103 18471 4 18498 21340 0 21 
7914 18498 15190 23104 5 5 5 8995 16784 20 
21 12780 15585 4 17304 20402 0 21 
5762 4766 28 5 4766 26 
21282 31 15346 7509 7661 3170 
21 13055 16721 20149 11284 947 5764 7730 15291 16404 9193 5758 0 15299 6103 10620 17098 7730 8956 4672 11862 18498 11425 31 5758 7730 871 2136 7973 5 
8995 2371 22463 9365 20 13359 20670 7730 16721 7914 753 20 21 
18482 4672 3058 381 15658 9975 6103 20247 5 26 22144 3058 20 
21 26 7509 30 4 19922 20 21 
15678 14425 20 
9193 20 
23 5 5 5 8995 2727 4179 12861 2371 5 
21 20149 12960 9193 10838 4 15108 20 21 
20127 15678 10838 
21 6670 1612 21551 4 15678 17563 13055 21438 4290 6103 28 13506 21 
21 9193 23174 7850 2510 5001 16404 155 15678 28 19735 29 20 
8995 2371 15678 6717 17872 18525 740 15658 8386 
21 15658 20402 6103 4854 8956 4672 5 5 5 9193 20402 15678 2657 4 12787 20 27 21 
21 26 7512 26 26 26 4 
26 26 26 26 0 21 
21 17563 14694 20 9743 2609 17458 740 15658 238 18498 16784 22463 3213 6103 11644 11284 15266 20 7861 13055 20402 4 21095 20 16393 22463 4417 6103 21282 5758 5 5 5 13055 21438 9786 1276 4 654 8995 22836 5 21 
21 15604 12960 4 10765 20 18525 5219 13359 31 14307 7509 22805 2136 15678 9971 20 
20215 31 23517 26 4 14604 17563 20 
15458 14307 9193 5219 13359 2136 15678 21613 16451 5 
18525 5219 12780 13909 991 0 
14604 26 6 29 4 29 21 
26 20244 26 15669 6 28 
5 5 5 11578 0 
9193 288 18498 15678 10696 20402 2352 
21 11560 6 23273 5 26 5 4766 26 26 26 26 28 11617 26 21776 26 26 23274 26 29 29 
23570 14307 6103 22463 22223 18026 5 
15678 14506 20402 10405 4 15658 16721 7914 18471 4 20813 7914 18478 7730 13717 13789 5 
16721 21371 18498 20402 12861 20402 22463 22223 12144 6103 4796 31 20709 8995 13909 10122 7850 12180 7730 17556 12578 9193 17877 4 2053 7730 14843 20699 5 18498 20402 4 7850 9193 15936 4 15678 17406 15894 13909 7179 31 7558 14156 5 
8956 17406 20670 12180 23274 20402 20699 20402 15138 7319 7850 10931 12530 7730 9193 11020 15540 7509 4509 20699 5 15678 12094 20402 22805 4796 12861 4289 7914 21793 31 17406 4 7509 2053 7730 16718 12178 1393 10332 18498 5298 5 
20402 10606 4 31 8303 20149 19263 7730 31 10765 17304 20402 13405 16066 8386 15678 17889 7730 9743 31 9193 15127 4 17458 22327 15344 7509 22463 7730 12780 17872 5193 7730 21596 4181 18498 15678 28 13055 6075 23206 13606 20670 12861 5 
31 8838 20402 4766 31 26 654 4 7730 31 10765 17063 17872 10332 15658 15036 6103 22897 14539 18498 16393 12226 5 
31 20709 3751 15568 4 31 18470 20202 31 21573 4 9193 550 7730 12287 7278 9193 22666 28 21 
1233 7730 20 
21 18638 20402 15138 991 7509 23135 288 18498 20402 5 8386 4 13909 7509 14561 7509 17436 3170 20402 15416 4 20402 9193 19478 21596 15936 7730 8995 11599 31 7319 12861 5 18910 7509 28 4 7509 702 4 7509 11921 5371 15144 7730 11503 7730 11680 16083 18553 20402 9604 11658 5 31 15407 20402 11956 7850 9193 20709 5 5174 15138 18204 15658 18639 4796 8956 18688 5 155 15678 15855 10606 4 21282 2631 11580 7730 4920 5 
6103 15604 4 13909 7509 14561 7509 16587 20402 15416 4 20402 22385 3172 4796 21793 15190 4 7730 20463 17877 21371 20402 15576 5 20149 7847 20149 10131 4 21793 20149 10131 5 8956 16208 6103 20194 12780 13667 6329 4 16393 18498 18481 13909 15678 21551 16468 4 13909 31 10765 892 31 11921 7730 7830 5 31 11571 17629 5741 20 20 
7850 20396 4 21684 7509 28 28 4 20670 15678 26 6 
21 21 
6361 22463 17556 16404 1937 8956 23222 7730 21371 16404 7194 5 12255 4 7847 20402 22463 2154 9365 20670 4796 20149 6728 15678 6110 5371 15678 18638 7850 28 5 11284 15138 1875 20670 15678 18470 20420 17521 9594 6 31 17931 7509 28 4 8303 10476 7509 9122 18639 7730 4532 7509 22516 15658 20149 8256 18498 7491 18498 17629 6202 20463 7277 6103 6075 2154 4 7277 9010 18498 7847 4 20402 17931 6103 7766 4 19900 2727 18498 20402 15398 23479 6103 19283 2442 4 18494 21793 15416 4 18498 10959 6103 1933 4 9193 20402 2958 16673 20634 3645 7509 22882 7 15678 969 15416 18498 5762 31 17406 7499 8406 15678 14683 7730 15678 970 4 9193 21282 15678 5219 7850 14370 7914 18498 7847 4 20402 11474 6103 4526 15260 951 4 20402 22886 7730 19456 16673 16083 970 18494 4796 22463 16312 7730 4 17477 4 12597 7205 6103 20402 16098 4 1393 5431 7509 16083 15416 4 14683 4 879 7 31 20374 7316 7730 19365 15658 1453 8406 15144 15416 11453 7730 11474 3166 5212 4 9193 21371 8406 15144 15416 18498 10588 7730 9605 13923 7730 11474 15416 18498 7573 31 9605 7730 17518 15678 5223 7 7730 14667 16083 7178 18647 6103 17509 6103 9605 7730 17509 6103 17304 4 18494 20293 4 15359 4 15658 14354 12470 16066 11450 4 9170 5 18533 1515 16404 7558 3802 4951 6075 21743 6103 7947 5 9901 31 7157 16404 15678 4697 3156 970 6103 22516 18449 17836 31 8977 7509 8995 6103 20879 16404 18498 15658 16468 22834 7730 20149 4902 4766 6181 4 7850 14370 7509 17521 4 7509 18195 22897 18498 20402 13293 5147 7850 20931 17509 4 12212 4 6103 17868 5 9193 4 12027 5 
29 5 15678 17868 4 15678 969 11474 3166 6103 22463 7509 9574 13909 7897 7509 22575 4 31 28 4 15658 1453 15658 20149 22805 4796 17868 7914 22463 16587 4796 15678 15576 18498 21596 22463 11455 6103 8667 18498 4 8406 16083 7809 4 5284 20463 17869 4 4796 18475 1524 6103 11454 15061 9193 20149 22805 4796 23231 5 15678 683 4 15458 3962 4 20402 12979 15416 4 15144 15416 18498 4807 15678 184 6103 8406 7850 3988 8095 7509 22516 18449 16559 9380 18498 20149 7319 15324 9574 22805 2727 4 7847 15658 9380 5658 4 7847 9380 20149 7319 31 11868 7509 5658 4 15678 15270 7509 15270 15678 9707 9121 18498 6256 1612 4766 31 14539 5518 6103 16668 6281 7730 4766 31 14539 11454 6103 15951 20636 6281 20402 7509 22516 18498 4 7850 8377 4 20402 16162 17438 21793 4 15416 7730 3156 5 31 23231 4 15459 13793 4 15658 20402 18525 15658 5219 8406 7850 22516 17438 5227 7509 5767 5371 31 11571 4807 16673 8995 4 9193 1612 969 4 11450 2748 17438 1612 5767 4 18498 21596 31 20931 2154 12628 7914 12277 14336 11518 5 
29 5 16083 4581 7850 6110 8406 3156 17868 7730 15416 7850 19441 20402 31 9381 17438 16440 7509 17868 6103 18498 1612 18498 19440 9605 7850 20931 13788 4 7850 20463 7143 4 7850 20463 21806 6103 23180 4 7850 20931 16824 4 7850 8806 7730 7850 11518 7914 18498 7847 18533 7730 16878 5 22327 12862 15671 22805 7850 23222 5 15678 17868 15658 7573 1453 15678 21551 7730 15678 8806 15678 11538 7509 2154 7730 31 19972 7509 28 4 9193 31 18191 13530 18498 6075 13295 1393 9605 7730 4 2092 6281 4 1393 9707 5 15658 2631 18498 31 14683 15416 15637 11454 11437 4 9193 18777 20738 17635 31 22942 12526 7 22805 20931 15253 7730 21739 21932 9193 8052 13909 17638 7 20402 7802 31 22942 21793 16404 20444 4 18476 12979 4 6103 9877 20475 7730 4 18476 22765 4 6103 15256 6103 15704 13909 2553 7509 14506 7 20738 4766 31 2169 6103 22463 16169 4 18070 10447 4 17729 16066 1893 7 20738 23014 13820 18233 7730 28 7509 8995 7730 6103 11474 3156 7730 15416 7 15658 2631 18498 1471 6103 22327 12862 4 7730 15138 4 15138 13909 4 4796 19522 7509 13749 7730 7509 10268 6281 7730 7509 15102 4 5219 19895 28 4796 8406 7914 22463 5942 17431 4 1393 22898 16341 1393 21932 18498 10657 31 20983 6281 7730 7509 9634 4 18660 16404 20149 14096 4 16404 9130 7730 16404 18779 15678 14668 18498 20402 19779 4766 15678 7446 6019 22939 18498 8464 15416 16848 7730 8406 7914 22463 7509 8807 13909 7772 4 17380 4 18627 7730 11450 18639 7509 28 6 31 22516 18449 5 15658 2631 18498 7847 21596 9790 22327 12862 7914 11636 22385 12979 5 16404 15678 17868 969 7509 28 4 20402 11949 18498 7847 13398 15678 21806 6103 23180 16066 4 15061 10341 1393 4346 4 16066 20149 23082 4796 20149 12861 20402 17521 18476 21596 6103 19474 1393 6113 6072 18498 15781 15678 8806 18498 9343 5574 4796 15678 20463 7730 1393 569 20402 21793 11686 4 18498 3450 9897 7509 20463 5574 19900 4 20402 9608 5 7102 20402 21793 11686 4 9193 740 15658 20402 7730 21282 20402 16440 7509 18953 6103 18498 15658 20402 5 1393 20402 18090 16404 20402 7509 7143 7509 6110 4506 4730 7850 21551 7730 7850 8806 7509 17868 4 20931 9605 16784 4 16404 7847 4 31 13295 5 6097 4 20244 7728 4 7850 11871 6670 15678 12760 7509 7499 4 15678 11913 1393 23014 4796 10211 6103 5322 8406 15678 11112 7730 4526 5 21282 19900 9594 18525 13055 20402 7509 4576 7730 21282 20402 7509 4576 18525 19900 9594 5 15658 20402 11875 4 14539 7914 5055 11455 9524 4 1540 31 11771 9010 9605 5 9193 4 7102 0 
31 10343 20402 21793 11686 21225 15678 8955 3988 6103 3928 18498 20402 31 5216 7509 17868 7850 28 5 7957 21371 20402 4449 4 15658 20402 21282 5 20402 21371 22463 17763 11861 18498 16878 31 9010 16971 7599 14539 18498 22463 20828 16958 6103 15533 5 15678 12979 969 3166 7509 28 4 18476 18549 4 21596 31 19484 5391 7850 17406 7509 13788 5 20402 21793 11686 16404 5219 8406 1614 4 9193 16292 21932 16404 17304 16162 15678 5942 7730 7847 7491 12862 4 20539 4 4766 15995 5 18525 15658 21681 16169 4 15658 3391 7850 13793 6072 8806 4 21551 7730 7314 5 31 13606 17835 7509 23222 4 18498 9193 21596 21582 1540 9193 15106 20699 4 20402 15678 3058 20326 7509 20537 19463 7730 19092 5 7148 7509 389 6103 17869 22985 6103 873 7914 22463 8806 7316 7730 6103 17304 11450 15952 3391 4 12343 4 16098 4766 5876 5 20149 11284 4 6408 4 5107 17380 7730 19456 15678 2625 16404 22463 6110 4 18498 20402 5 9193 31 9605 7509 15952 4 14539 18498 9333 4 19885 4 20402 7509 21806 14882 7509 6110 17386 4 20402 18494 20293 4 17438 20500 21282 4 22463 2288 7850 6866 7509 9122 11455 6103 17304 5 15678 18705 21806 6103 23180 7509 20529 20402 15678 2625 16404 9743 1792 21793 31 9122 7509 20634 5 16098 13909 4 19089 4 7730 6408 4 155 15678 8806 7509 17868 16404 15678 20402 4 6110 5 15658 6110 4 6389 7509 20463 8806 6103 17304 4 4766 31 20931 19150 4 21810 17438 17763 18498 15678 16083 9605 7509 14539 17509 18498 23135 5 7847 15658 9605 4 7847 19900 7384 4 7730 20402 17438 12861 18498 12780 879 6 16404 15061 18498 1612 8806 15658 20402 22513 7730 6345 4796 20149 10959 6103 16721 5 31 5856 15658 20149 19525 1393 6394 4 9193 4178 16468 17438 7847 7850 17819 14924 5 31 14683 15658 21596 18498 20402 14425 7509 18498 15678 969 3166 17868 7730 15658 3510 7914 18093 5 7847 13055 20402 4 6103 15138 4 15138 13667 5 
6670 4099 31 15253 7509 10765 9605 1920 6 9942 4 17438 23135 20402 17790 4 23135 21596 18498 20402 7558 22898 14425 5 2371 16468 871 1249 4 9193 16721 6 4796 9743 7558 22898 14425 4 20149 23135 8995 16673 14466 4125 22898 2087 0 2087 16673 8667 4 16673 11454 4 16673 17635 4 16673 22101 4 16673 18236 4 8235 17438 22327 18498 349 4 7558 22898 14425 4796 0 5 16066 14426 4 23135 20402 15678 14425 4 16066 15678 17106 6103 22463 22897 5 20293 20402 1920 4 20149 23135 12780 8637 15678 18498 8995 13909 16936 6103 23135 4 13909 16936 7509 20931 18774 4 23135 12780 20402 7558 22898 14425 4796 0 18525 12716 12861 6097 0 18525 20402 15678 17057 18498 12716 12861 6097 0 21 21 
21 21 21 
21 5758 14694 
17153 3510 7850 4387 
8846 2136 31 15253 18058 4913 16083 
8995 4179 12861 0 
23556 18498 15658 21 
21 14594 4290 6103 10765 18498 15643 16647 14594 7850 22942 5 
7730 7847 8995 18910 7509 14594 5 21 
3058 17599 18511 13591 0 28 28 
21 8956 20539 23029 4 11300 20 20 21 
27 5 5 5 11649 5174 18498 20402 1920 27 
21 15678 15678 15678 23151 20 
15576 8855 7850 11165 7509 2076 
11488 26 
9087 29 6103 14230 18610 29 
13616 21468 13591 28 28 
19418 21468 13591 28 28 28 5 4766 
13680 29 13727 
4530 29 1249 21 
21 958 20691 
956 21283 21 
12863 26 31 26 26 
10127 8956 22886 20 
21 31 10765 4730 21389 4672 7914 4434 7509 14534 4 15658 20402 0 
3047 4 4796 4 4189 4 7533 4 13598 4 5320 4 3928 4 10273 
6097 9901 22463 2429 
21596 14534 18498 5762 5919 4 14534 4766 22954 22210 4 14534 6305 4 22058 4 16753 4 18103 4 7523 4 22463 17494 
7730 31 14534 20293 16958 4 15138 16066 17556 
21752 871 4672 6103 4434 7730 6075 22463 15988 
7957 23029 8956 17461 0 
21 21 14335 26 21776 26 31 26 28 26 
14335 26 14335 26 11943 26 26 
26 10712 14335 26 28 
11617 26 26 
11617 22 13800 26 26 26 26 11617 26 5 
11617 22 30 26 21776 26 12863 22 20539 26 26 21 21 21 
26 31 26 26 20402 26 26 26 0 
15658 23104 15637 20709 13820 
28 
21 9193 14514 12780 7850 20497 17458 9193 21776 4766 15138 10405 5 7730 15678 23577 12939 7384 16468 20402 9193 8930 7850 20497 7509 2510 18498 15643 23016 17872 28 20 18533 19735 20 14335 13405 17872 20497 4 8930 29 20 21 
21 26 26 26 26 15803 26 
26 26 15803 26 
26 26 
26 26 22 18740 26 26 21 
21 15138 15138 3058 
15678 31 19998 394 

7723 1233 20 7723 1233 20 
15658 13909 20 15658 13909 20 
7623 20445 4 15658 18950 20 
20402 22463 22897 7730 740 20402 
22463 22765 11454 4 22463 15604 3790 
15678 14539 2613 18498 13909 22463 22897 12780 9901 6103 3388 7914 18376 20 
31 10696 4 31 10620 4 15678 13018 7730 15678 3439 
19426 14453 18498 16630 20725 
15247 7914 15540 6103 22463 21282 23180 
7730 7850 15190 7491 18498 20402 21389 4796 20402 15671 
15678 16958 7509 21631 4 15678 17807 7509 11154 4 18525 20402 18498 3913 0 
9913 1393 9193 18655 4 9734 4181 9193 14799 
1393 20000 4 6103 2504 7914 2504 
6516 31 19695 8956 14534 12780 23029 
22126 15678 20825 17872 22942 18772 
21810 6103 1889 31 4417 11637 
866 7850 13759 6981 28 13026 9193 22942 4766 31 22318 
22463 11091 21972 7850 16654 17438 21389 5588 
7509 5320 5588 18533 20149 20786 
8329 7599 31 4417 4 20531 20402 15678 4774 
31 9074 20304 11462 9193 20402 
15458 20413 21793 2819 22990 12780 3702 
1393 14465 20577 6103 16849 4 14335 794 31 15256 14604 1095 
5590 16404 31 28 7730 15855 16404 31 28 
22318 7594 20402 9193 4 9193 7594 20402 22318 20 
21793 13030 20402 10259 
20402 10068 7730 20402 1649 
21793 15671 7850 14539 2573 
15658 11284 15299 31 21535 
7730 7850 15190 7491 18498 20402 21389 4796 20402 15671 
2031 20 2031 20 
11020 20402 31 21579 7850 16727 7509 2613 
20149 31 10765 3702 7914 5527 20402 13909 10259 15678 20799 7509 9193 23180 
2031 20 2031 20 
11020 20402 31 21579 7850 16727 7509 2613 
7730 7850 15190 7491 18498 20402 21389 4796 20402 
1391 1233 4 1393 20931 15970 15643 13909 20 1391 1233 20 
7730 7850 15190 7491 18498 20402 21389 4796 20402 15671 21 
7850 23575 22897 18498 15855 20402 20472 
21 740 8840 5483 17872 17583 5 5 5 
17438 9721 21 
20912 6 238 5483 27 
29 1097 7402 17525 28 6103 2606 5 5 5 18328 4668 16066 11462 20402 871 6086 8810 0 
21 23570 8429 4766 15678 14550 28 4 15061 20931 30 13799 7509 12963 7879 7730 5856 16958 1393 14506 6103 10628 2118 5 
20402 2389 17872 8386 31 14799 7509 28 4 7730 15678 17458 6103 21810 15678 17500 18498 21596 7850 23575 18494 7558 7707 7730 20931 7034 7850 14506 5 
21 21 
28 26 26 26 31 31 26 4 26 26 26 26 26 10628 26 11617 26 26 26 26 26 26 26 26 4 26 26 26 26 26 26 4 26 26 26 15803 17257 11617 26 26 5 
11943 26 4 11288 26 4 26 26 26 26 26 1631 26 26 26 26 26 4 26 26 26 4 26 16073 26 26 1645 5 26 11943 10628 4 11288 26 26 26 26 26 26 26 26 26 31 31 6790 11617 26 21776 26 26 26 26 26 21776 26 5 31 31 26 26 26 26 26 26 26 15803 26 26 26 4 26 26 26 26 26 26 26 26 10628 6790 26 26 26 5 
26 26 10628 26 4 26 26 21776 26 26 4 11288 26 5 26 26 21776 26 26 26 28 26 26 26 5 26 26 11617 26 26 26 4 26 26 26 14335 5 12863 26 26 26 26 4 26 11617 26 5 26 11617 26 20402 11617 21776 26 26 26 26 26 10628 26 26 5 26 11617 7509 11617 26 26 26 26 4 26 26 4 26 26 26 26 26 26 26 26 5 
21 21 21 
28 6 15894 3450 4482 18498 3510 7850 4387 23029 14307 17835 7509 9652 
26 
21 654 18498 16468 31 7861 4 17304 23151 4766 15678 23029 6103 1233 0 
16066 20420 14425 5360 7319 17380 17872 15658 21596 8956 5152 6073 31 29 1249 0 21 
15678 13909 12094 20402 18498 20402 17521 13359 21793 31 14469 4766 15678 7809 5431 6 15678 6103 11998 22463 16971 31 13202 15678 23221 20 26 20 
21 17872 19698 
7730 20149 1966 7509 17458 
21 15678 13909 12832 7509 17380 20402 18498 15425 7509 7558 13131 15643 8995 7360 31 155 15256 1393 16083 13131 5 20402 4796 20149 20402 22463 12500 15039 21596 22463 15936 7402 5 
9605 17438 9193 14539 2136 6 18476 22805 18475 15599 16066 23222 6202 15678 28 9193 14335 20357 5608 17438 6389 4 288 19676 4 184 4 22452 5 
31 4672 20402 15138 12279 17438 2371 5 4289 31 20402 23004 7730 19900 18498 18784 20402 9082 23004 10019 7730 15658 5 20357 22834 6103 22805 18498 21596 21389 14302 16404 7319 17380 18481 16404 6202 15678 21726 18498 8995 7914 3629 5 2136 15678 13909 7802 15658 21596 17714 7730 14302 16404 7319 17380 5 15678 19522 20402 22463 16057 6103 18204 8386 9376 20931 15936 21121 7 22490 12578 7914 8995 4187 5 21 21 2857 20 9193 10648 20 21 21 20402 15678 18498 21793 18533 7491 5 18481 1393 19137 7730 7284 18498 15678 16587 12780 21810 4 6256 18498 18910 6073 31 16083 18497 1249 5 
14335 6157 8443 15658 1595 31 7319 4 17324 15658 21596 14302 16404 12861 5 7850 8377 4 8995 16878 31 15061 9193 15936 4 7730 20402 12861 22490 15678 18498 17785 9743 5 7730 20149 18533 7319 4815 4 19900 18498 9193 16135 20402 13494 9193 12551 4 20402 31 14426 5 21 
21 18784 4 20402 22463 17406 15138 13413 7914 4846 1393 18498 15678 28 12780 9743 20149 7847 20402 7855 5 21 
26 3058 
21 29 4 9193 10765 5 21 
28 10763 18876 22463 22292 7850 3790 20 23570 5 
3805 20 
8995 21793 15196 6202 7847 
21 22657 17872 22327 5 
12780 19335 
17872 22327 20 21 
12863 26 11617 20 
19093 
23 20 22597 18449 20 
16958 
21 14487 12910 10753 20 27 
21 12641 6 
16972 4 16404 4766 8956 16208 6103 12874 26 26 26 5 
15658 17438 20402 19676 21282 17458 22463 9632 13761 6103 16083 5355 8995 9743 12861 15510 9193 15658 17511 22318 13010 5 
9193 17458 31 9193 18774 20402 6103 22463 8995 20244 702 20 10765 4 3472 31 19478 0 8918 7509 19419 20157 20 0 
18339 18498 16404 4 22805 5 21 
8956 26 21438 7850 19745 9743 29 1249 7730 9193 15658 21438 13480 
21 31 15599 20402 9608 4 9193 20420 22463 2725 11454 5 22657 31 5856 5 
21 22385 22821 18481 23104 5 
8637 14604 1097 15658 16673 16668 16066 16083 1736 18475 4 9193 16673 18311 5 21596 18498 21596 3219 18547 7730 21817 12385 5 
31 9193 15658 12578 15678 3058 6103 8908 15424 15678 14309 6103 11600 5 9901 4766 1612 18498 9743 6103 9193 13688 7730 20060 5 6318 15658 18533 19484 4 18533 14604 2312 5 18498 14335 22126 7728 7730 1220 7730 732 15678 18498 11284 6103 17106 7914 9193 5 
16404 12861 4 21282 20402 13688 20 18533 15678 28 4 16404 18498 15658 7693 7509 7178 7730 16630 16802 16673 12368 5 
8637 14604 1097 16673 910 13253 7730 16673 3790 9450 5 15658 18533 21282 15678 15880 7730 15678 4687 4 18533 21371 20931 13905 835 5 1095 18498 15658 19698 13026 4 15658 19900 20738 13026 5 14604 1097 20402 21793 1920 6 14561 2979 4 14561 20421 5 15658 18533 19703 17804 4 15424 4347 17049 5 
18533 1097 21267 4 6072 18498 9743 7509 18774 20931 10192 6103 1543 4 9193 13749 16404 18498 31 9645 15658 6507 5 15658 18533 1097 498 15424 4273 5 18540 14561 12319 7730 16083 14561 22764 20 5758 4 16404 18498 15658 8918 15678 22665 7509 22797 7850 19800 7 7730 22765 4 16404 18498 15643 21596 17758 5 21596 1097 16404 19900 18525 9193 20402 5 17324 1393 23218 13688 7730 28 4 2981 7730 21267 4 5758 7730 22765 4 15643 14335 8918 6103 18498 31 15559 20402 22463 11723 11743 7730 9151 5 
8637 14604 1097 16673 18311 
2248 6 28 28 21 
21 22463 15138 3058 4 16083 15424 21389 
15658 11284 7728 
3365 
28 28 28 28 20 20 20 20 20 20 20 
14450 20 
21 21 21 18533 9743 14264 0 14265 15678 9926 4 3807 20 21 21 28 4 28 21 
21 28 28 17125 4 3510 28 6103 28 4 28 28 7730 6329 14721 5 15678 15102 19363 20 20 21 
27 
11886 20402 5 5 5 9193 20402 3058 16066 19854 0 
21 7730 31 23113 8995 13253 15678 18582 4 3906 7730 3585 5 21 
21 15678 22406 15658 20402 17624 4 15424 17779 21 
21 22805 15138 18498 20149 7491 5371 5505 21810 22463 17509 4885 5431 7509 18498 20149 22805 31 871 28 2116 7730 5391 2136 31 20500 14539 22564 15678 12780 21596 5505 20539 5 
15658 8995 7914 17509 7730 15658 21596 15425 7277 6103 13010 23135 5 7850 8377 4 16630 16404 19089 20670 30 8678 31 20202 6 

4628 
15253 14335 6075 13307 7730 4628 7850 13991 
16292 14335 6075 18059 7850 5742 
31 7804 14335 6075 5179 
31 22942 14335 6075 7294 
11462 19900 18498 14604 5179 15643 20402 15678 2625 7 
18498 31 18059 7509 14604 16169 20402 15678 18498 7847 17304 14335 6075 7 
7730 18498 31 4628 15643 9743 2727 17872 9193 20127 5 
9193 14539 1920 9193 21810 4628 4 
17458 14335 19931 4 
9193 19900 18498 20402 22463 7645 4 
18498 9743 13923 4 18498 5608 14604 15984 
9193 21810 19900 7384 22327 5 
4423 7509 18498 7847 9743 
7730 7509 18498 7847 18533 18498 7847 14335 9743 5 
8443 4 20402 13574 4 9752 22463 9721 6 
19456 20463 7294 4 20931 7804 4 20463 16169 7730 16587 
21842 4766 14869 5 21 
28 20 
23570 23570 
21 21075 26 21776 26 26 
10273 6 28 12876 5 28 21 
21 11076 20402 22463 7277 5275 5 5 5 8918 6103 2322 12861 17872 8995 5 5 5 26 4 26 0 21 
21 26 7730 4870 4 703 13909 11300 28 
11891 9193 16066 12861 20402 22463 5856 1393 13576 21371 0 
21 12379 22463 14156 
15860 6103 16633 20293 15726 
21 4289 20 
7576 1393 29 7509 14049 20402 15678 7127 18498 21596 22463 16296 11861 5 9193 18930 21793 15678 28 5 
20402 21282 4289 4766 22463 11518 6103 1281 17872 10657 20463 12333 5 20402 17556 13727 5 5590 18498 31 21552 20402 5947 20 21 
21 16972 4 15678 17807 8995 13909 2442 18498 15678 19161 5 12027 4843 4766 31 13652 11087 5 
26 
21 27 5 
13722 7 22615 5 21298 5 8277 4 8254 4766 16192 3737 7 7927 4 11708 5 
31 22381 654 20402 22564 7509 9199 17872 210 15678 18207 5 
14335 4369 4 20463 8696 18823 20 20 15678 16296 7509 12973 20402 12296 4 15658 14065 20 20 
20402 26 
21 7491 26 4 28 21 
21 21 21 15678 11590 20402 31 12537 20402 5764 21 21 21 
17438 22463 15190 4766 14466 20463 4098 
21 3450 21450 4796 20149 15643 20402 22805 31 16971 15603 5 
3450 15834 4796 20149 23135 31 22878 21793 15678 28 5 
1540 31 22667 15678 425 7730 19146 15678 8147 5 21 
21 31 9193 20709 23104 7914 10502 7509 14114 7509 20634 5 
7102 23104 7914 10502 7509 14114 6103 20402 11578 5 21 
21 15658 19900 20149 368 20149 20402 16645 14539 16066 1699 5 5 5 9193 20402 15138 3058 20 
21 7850 18772 4 20402 22463 23570 13566 5 15658 21596 15138 2979 5 21 
654 18498 15678 17230 8995 899 5 15678 18498 23135 12780 9743 0 
21 13923 11591 7509 5505 14336 22730 5 11462 15658 20402 7127 6103 14606 4815 5 
13949 3332 5 7730 13949 2344 20 21 
26 22 21298 26 26 5 11943 26 15803 31 26 5 
21 21 21 22327 12780 20402 26 15458 22942 5 21 21 5629 4 28 21 
21 8443 18498 9743 22463 12960 2727 9790 
21 2462 15678 15880 
12780 4 7850 14909 
7509 17872 21596 22463 3058 15623 7509 16971 20813 1393 16765 15678 18605 19439 7847 20402 1393 15604 11670 5 
15658 12780 21596 5505 
23 20 
15658 20402 12673 7509 15948 
21 9542 22 15658 7509 3805 20 
21 28 28 28 28 4 13405 31 28 17872 17165 20 27 21 
3794 20 
5508 5 5 5 16551 
24 7850 20495 7850 3906 
9193 7850 13656 
26 26 20 
21 11731 26 5 18481 16971 0 871 4672 8406 22 10765 17872 3420 22 7730 22 10765 3805 22 5 
15678 11522 21438 21810 6103 16971 5 21 
8754 5 5 5 9193 1022 21596 13909 20 6 
26 22 20539 26 20 
21 20149 17714 28 20 20 20 20 20 
15658 18498 31 10765 15658 19900 7384 2371 4 9193 15658 7235 31 8042 20 27 21 
9193 20 
4809 8134 16404 10447 7509 26 2136 18498 1937 15678 21266 26 6103 28 5 5 5 15658 20402 28 28 0 0 
4179 15599 20402 16404 15678 2727 7730 31 10765 21596 245 16404 15678 18195 28 20402 17521 
28 7914 28 20402 31 18191 6223 6103 16551 
17930 21254 
11208 
21 28 4 
11462 9743 1247 5 
23016 6073 4 19900 0 
9743 16440 6103 18525 9193 20402 4 
8995 7850 20044 
15678 15997 4 
31 22834 4 
31 8838 4 
31 13749 4 
31 21631 4 
15678 4140 7730 20222 14667 11218 4 
15678 7123 18570 18458 4 
31 14265 4 
31 17608 4 
31 19856 4 
31 3962 4 
15678 1097 4 
31 9634 20 
20402 8956 16620 13195 6103 22463 7509 10273 4 
20402 8956 16620 7509 5369 3166 7509 16083 10273 4 
7730 20402 16620 6103 18525 9193 20402 11462 5 
20293 13194 6 
6 11624 4 29 21 
4676 20 27 
21 21596 15678 21364 6103 22463 18303 4 
10216 6103 22463 17088 4 
7730 15102 6103 22463 28 5 
31 7594 7509 16780 20402 10484 7730 13202 5 
15658 16630 13462 7730 15658 1380 4289 5 
9193 7847 16468 5 
7730 2136 13761 31 10765 13325 6103 29 1249 7730 29 15266 6103 22327 18498 22463 19225 9193 22305 5 1103 4 2169 4 18655 4 6663 4 11036 7730 1114 5 
12780 7914 16580 4 1095 5 21 
7730 23135 288 18498 15678 28 23469 4809 17438 871 23229 5 5 5 2981 
21 26 6219 
21 21389 17022 15658 23222 21282 5 5 5 20402 22223 19900 18498 9387 16971 1920 22385 18195 5 5 5 
12780 20402 7279 5 
17438 9721 4 1937 8956 23222 5 7730 20149 23135 15658 5018 4815 4 6760 9193 1103 5 17973 18498 20402 7309 7730 14096 7914 20191 31 20931 11647 5 21 
17438 12861 18498 9193 17658 31 13285 1004 5 
28 18670 26 
21 20402 16647 6963 4 19698 6103 22821 21 
21 7491 15603 6 
8995 23151 1393 22463 15190 20244 13494 16066 21282 654 18498 21596 278 31 8956 12301 5 
19104 6 31 11884 5426 31 17556 12301 18498 21596 16066 20402 15671 18498 15953 16673 16059 4766 8956 184 0 21 
21 8995 23151 1393 22463 15190 20244 13494 16066 21282 654 18498 21596 278 31 8956 12301 7730 15599 0 
19104 6 31 11884 5426 31 17556 12301 18498 21596 16066 20402 15671 18498 15953 16673 16059 4766 8956 184 0 21 
21 3332 15658 7102 20402 22564 16404 16056 15678 20463 7826 5 
9335 18498 21793 15190 9743 12861 5 21 
12861 
15658 20402 23449 5 5 5 11560 6 23273 5 28 5 4766 15588 5 28 0 11634 29 
21 31 11020 17478 155 4766 16753 4276 4 20293 5 21 
23 28 
2998 
21 2136 15894 31 4920 11570 794 4 
20402 12274 20602 22463 1393 16083 5 
17304 565 4766 21793 4181 18498 18475 20402 11570 4 
23104 16066 9601 4 
15344 16066 15658 4 
20402 4 
7914 20931 21912 4 
23577 5 21 
20730 9626 0 
21 28 9128 6 15658 11284 4473 6103 22144 7850 7576 
28 28 28 6 12638 15260 6103 29 14764 
28 4 17458 23135 15658 18533 18498 9193 19969 6103 3962 20 0 20 0 21 
21282 15678 21684 13055 20402 9826 20 27 
15678 12939 20402 15658 21196 
5698 6736 
20239 1983 26 31 5 13800 5 
15658 21596 22886 740 5 5 5 7730 19192 18498 21793 7102 22805 
21 21 21 15678 18638 15658 9387 13909 7850 28 21 21 
28 4 7850 3460 21 
21 16563 4 873 559 6103 22463 918 0 6 21 
21 8443 4 21596 17233 17872 8956 21252 0 
18498 21340 23016 22805 22463 16630 0 
11462 21596 9087 5 740 21596 12334 20 
23016 20 21 
15138 3058 20 
29 11518 17872 4289 7914 3962 5 5 5 23570 11300 
22765 17872 10367 20 7730 7847 21596 22463 9626 20 27 
18494 21793 15190 18498 23135 5174 15637 9867 21282 20 20402 7384 18498 15678 17294 10959 20 18533 13909 13909 7730 13909 5 
28 26 
21 17908 6 2642 17872 18652 1022 29 9882 
15812 6 7362 4 3058 23167 4 1235 
11020 15816 4 11300 5 15658 14335 9743 11849 20 6 21 
7730 654 0 
21 28 28 4 20357 15678 16958 6981 13311 5 
13359 31 18352 29 4 29 7730 29 5 26 26 26 5 
10131 21 
26 26 26 26 26 26 5 26 12863 11617 26 16073 26 26 26 26 5 
21 26 22 20539 26 20 
26 26 6 26 26 
28 28 21 
21 28 13055 20402 13909 5127 5 5 5 29 16971 0 31 18195 16967 7102 19522 7914 866 1920 6 21 21 29 7509 16971 8429 20402 30 7730 17520 17304 1617 13905 18498 29 7509 17436 16563 5 21 21 21 
9193 7730 28 

