2727 7090 5 5 5 27 
21 28 28 28 4 28 28 21 
2727 12861 5 5 5 
20402 22821 5 5 5 5 14425 20402 21187 31 6137 5 5 5 5 
28 28 5 5 5 
29 1249 5 5 5 27 
27 
27 
5360 22318 28 5 5 5 8 29 
18498 20126 20 20 20 
472 20 20 20 20 
21 15424 20402 17629 6103 21662 5 5 5 
14604 1115 20 20 20 20 20 21 
21 29 1249 20 20 20 20 8 29 
22318 1027 740 13909 5 21 
16753 6103 15253 20 20 20 20 
21 14604 1114 20 20 20 20 20 
8 29 8 29 8 29 21 
21 9808 1249 15604 20 20 20 20 
9620 28 
20126 7509 14604 9948 21 
22463 9808 29 31 21793 14604 1097 5 
1027 9193 17939 20 20 20 20 8 29 
21 9634 20 20 20 20 
8 29 21 
21 6070 7509 15535 7730 16150 5 5 5 5 27 
28 28 6103 28 4 28 28 4 28 28 28 5 5 5 27 21 
21 14181 7730 20693 10702 20 20 20 20 20 
8 29 21 
21 6103 11462 
5915 8 29 21 
8 29 
22385 16753 5 5 5 
21 1114 20402 1114 5 5 5 5 
13512 23222 5 21 
4809 31 4790 20 20 20 
21 11462 20402 22463 7127 15138 8810 4 17324 20402 15678 7127 18498 28 8637 16404 14335 17739 4766 15678 17737 13909 13512 18498 18876 7914 9193 22942 5 
28 4 23135 14335 8361 15678 18498 20402 15678 1114 6103 15253 7730 21858 9193 22942 13909 4886 6408 7509 20463 28 5 
16630 31 28 18498 22318 18044 4 22318 11139 7730 11165 20463 28 7850 3610 7509 2727 5 
9808 1247 4 14604 18165 5 22318 1027 5 21 
5360 20402 5 5 5 8 29 
21 9193 15253 4 28 28 4 16733 14604 3388 5 27 21 
21 29 1249 20 20 20 20 16323 4 28 5 5 21 
20912 6 9743 22463 20673 12758 16404 15678 28 20 20 20 20 20 20 27 
21 21951 
15215 7509 13788 17485 21 
21 28 28 4 29 1249 6408 20402 23135 4766 22463 2689 5 5 5 21 
21 28 28 4 31 28 7491 18498 8956 10273 20402 17872 23135 5 5 5 27 21 
5915 8 29 
20402 15678 12939 5 5 5 27 
21 20402 15678 18498 21596 17872 11462 6 26 6103 28 4 2637 10412 7730 3058 4842 5 21 
21 28 28 6103 28 4 13325 0 8956 20402 7509 20463 21551 20 20 20 20 27 21 
8956 9193 9942 5 5 5 27 
31 14426 5 5 5 8 29 
21 10217 
28 21 
21 21 21 15253 4 21752 22463 10273 7509 17781 16404 9193 15061 17872 28 5 21 21 6103 18506 740 21596 22463 9433 20670 15678 28 7509 14464 28 5 21 
5360 16721 31 14539 4672 5 16323 20 20 20 20 
28 28 5 5 5 27 
13055 8995 22463 15109 20 20 20 20 
21 28 28 28 4 15855 18498 13278 20 21 
21 28 28 4 871 4668 0 0 0 27 21 
4796 15678 21551 16468 19871 20 20 20 20 20 
28 28 6103 28 5 5 5 27 
22463 3099 17562 7914 14604 12916 20 
28 7730 28 5 5 5 8 29 
21 1027 8956 10273 4 9193 1027 740 13909 8956 5758 20 20 20 20 21 
17438 13909 13004 4796 8956 20 20 20 20 20 
8 29 
11518 7509 3855 20 20 20 
7730 15678 5505 740 8995 7850 15256 5 5 27 
21 1612 29 18533 10548 20 20 20 20 20 
27 21 
21 28 28 4 13325 6103 23135 5 5 5 5 27 21 
21 14924 13909 18498 8810 5 
20670 15908 21 
21 21340 16169 
21340 9942 
14458 27 21 
21 21340 15253 
21340 9942 
9867 31 9645 
1247 5915 21 
18533 21389 12780 5 5 5 
4796 5741 20 20 20 20 20 20 20 
21 22463 969 9193 8995 5022 5 
18525 17304 753 5 5 5 
4023 6 18104 14782 
28 28 21 
20126 
21 9193 17831 4 11462 9743 22463 1249 18498 23135 9193 6256 5 15658 20402 10544 19229 15678 7127 13909 22223 6103 9193 22942 5 
16630 20931 5929 7730 23135 20402 5929 5 15658 7509 14031 18498 18533 4 9193 7509 12939 18498 28 18533 5 
740 7545 15138 20931 2169 4 9193 19900 18498 23135 8995 20402 2727 5876 4 20244 19277 7730 11543 20402 15678 18498 9193 5255 5 
23135 8995 17872 20293 7914 15576 5528 5 21 
21 8 29 28 8 29 28 8 29 28 
1027 23135 20 20 20 20 21 
21 28 28 4 28 28 28 20402 18498 15678 28 7730 31 28 1564 871 6981 0 0 0 0 
27 21 
13520 7509 9193 22942 20 20 20 22385 16753 20 20 20 
9707 
27 
2727 1920 5 5 5 
13909 18498 14514 5 5 5 27 
28 28 
21 17831 4 23135 9743 9620 7914 9193 22942 5 5 5 6 22 21 
3790 6103 2689 5 5 5 
20126 5 5 5 
2727 1920 5 5 5 
21 15995 7914 9743 16440 6990 8525 20 
9808 17438 14604 9943 17304 16429 6103 14924 22385 11861 6103 1543 20 
16323 31 21793 15678 8464 20 21 
6 22 
29 1249 20 20 20 20 20 
21 28 
1247 5915 4837 
9634 
9620 15678 19722 21 
8 29 
21 17458 11462 20402 20474 20 20 20 20 20 
22996 
9634 
1027 15138 22327 12861 21 
14604 2689 20 
28 28 5 5 5 5 27 
28 28 7730 6103 5 28 28 5 5 5 5 27 
21 28 28 
27 21 
17458 20402 17831 2136 7599 20 20 20 20 8 29 8 29 
21 7730 6097 18498 11462 20402 18584 0 
20749 
9634 
17165 21 
28 28 
21 662 31 28 17438 21282 4730 17931 14149 7850 3610 7509 14604 9943 5 
23135 8995 16404 20293 7914 15576 5528 20 20 20 20 21 
16323 16404 9193 5 16323 16404 15671 20 20 20 20 20 
3790 7730 2988 5 5 5 8 29 
3058 7127 20 
1276 7730 6408 5 5 5 27 
21 28 28 4 28 28 21 
21 16440 
17583 
9634 21 
4796 5741 20 20 8 29 
8956 20402 15678 15576 10976 5 5 5 
12995 5 5 5 27 
21252 9634 4372 1027 15138 22327 12861 
21 28 28 
9901 31 7157 
27 21 
9193 14534 13909 3086 4766 15678 21932 7509 15253 8 29 
21 28 4 288 20931 10273 20 20 20 20 27 21 
28 28 5 5 5 27 
1027 15678 14604 12916 20 20 20 6 
28 28 
28 28 5 5 5 17304 20402 8956 5527 14539 5 5 5 27 
28 28 
6223 16816 
20244 13909 5 5 5 
288 18498 8995 17629 18814 8956 3710 5 27 
28 28 5 5 5 5 27 
28 28 8 29 
21 7730 15678 16296 20149 12732 6 21739 3913 15678 20693 4 654 20693 3913 15678 21739 5 5 5 27 
15678 21551 16468 5 5 5 
14265 31 20126 21 
22385 16753 5 5 5 
21 9193 9946 7730 15576 9943 6103 5528 5 
558 
15576 1115 
9943 10795 7850 5528 21 
23016 28 
20402 15138 10151 20 20 20 20 20 20 8 29 
21 16440 
26 21 
16440 4468 23151 31 20402 5758 
20402 22821 20 20 20 20 20 
21 15855 12861 4 28 13558 17406 5 5 5 5 21 
31 18525 17511 12578 5 5 5 
20126 5 5 5 
21 2066 13368 5 5 5 
21282 1564 21 
6223 16816 5 5 5 
21 7730 11462 20402 15678 7127 6281 20 9193 28 13512 20 
16323 4 28 5 5 18498 21793 20463 6684 20149 18779 5 
1027 23135 20 21 
16440 1575 15678 21252 4766 9193 9634 
21 15678 21551 23123 4 5 5 21 
21 4257 22840 15093 20 
17831 
29 21 
9193 21596 15678 558 13909 13520 7509 15190 20 20 20 20 20 
21 28 28 4 22318 13325 866 0 0 0 27 21 
21 3058 7127 20 
1027 
28 21 
21551 3058 5 5 5 
28 28 28 
20126 6 22 
9193 16753 18498 13055 8995 22463 15109 5 
21 9942 4 15678 1247 20402 20463 4 9193 15678 17737 20402 14604 5 17737 18498 28 14335 6075 17438 16878 20402 20931 15253 5 
22318 1027 4 17831 5 
18498 28 31 78 7730 22318 15138 20127 5 21 
21 28 28 4 22318 13325 873 0 0 0 0 0 27 21 
21 996 4 16150 5 5 5 21 
21 8 29 28 8 29 28 8 29 28 28 
15138 1114 8464 5 21 
3058 15533 20 20 20 20 20 
28 28 8 29 
28 28 5 5 5 11474 7509 9193 22942 8 29 
21 16323 4 28 28 5 21 
918 7509 7127 7509 16169 
21 21739 28 28 4 28 28 4 28 28 5 5 5 27 21 
21 21 21 15678 11474 20402 7509 21364 7509 20463 20825 21 21 
28 16971 21 
22385 16753 5 5 5 
28 28 28 13325 6981 19830 0 0 0 
21 19887 20402 16404 13236 7730 15658 16404 16971 5 5 5 
22657 31 16689 1937 5 21 
21 16323 4 9193 19169 5 1114 7509 9193 22942 20 
9808 1247 20 
9808 7127 7509 23179 20 17324 4796 15253 23135 20402 13892 4 9193 4796 2336 20402 20311 20 20 20 20 20 
1027 23135 20 20 20 21 
918 7914 9634 6 4788 15678 1247 7509 9193 19169 20 20 20 20 
21 15678 17563 18498 1027 20 20 20 20 20 20 20 
20126 4 28 9787 20 20 20 21 
21 28 13558 17406 4 23016 12780 7957 3224 6103 13749 15603 5 5 5 27 21 
21 9193 6 28 4 12780 7599 7850 20463 18487 20 
28 6 9193 9193 15658 18533 7599 21282 5 
9193 6 9193 23135 20402 15109 7730 7102 7599 7850 20931 3590 5 
871 14764 6103 4346 2136 7847 1421 7850 14604 18487 7730 7491 6 
21 21 9193 15678 11020 7102 5876 7509 16753 5 8443 23135 21596 18498 5876 6103 9193 5 21 21 27 
15036 5 5 5 27 21 
28 28 
21 28 28 6103 28 4 28 28 18475 20257 15658 20402 14532 4668 5 5 5 27 21 
21 29 1249 6103 15138 13749 4 23206 5204 7730 15138 1114 5 
18498 23016 15138 16083 5 
22318 1027 21 
8 29 28 28 8 29 
10343 18498 14335 6650 5 5 
28 28 5 5 5 27 
21 28 28 7730 28 28 15658 19900 15678 15081 4 9193 13325 6103 23135 5 5 5 27 21 
14604 1115 8 29 
21 28 28 6075 22463 15855 5 
21596 22463 8815 18498 13325 6103 23135 
5 5 5 5 27 21 
21 16323 4 22371 5 5 5 8 29 21 
21 11462 20402 15678 7127 6103 22463 16971 18498 21858 14604 20825 18774 5 20825 6103 20402 21739 5 
14604 18165 4 662 31 28 17438 20931 22942 4 662 31 28 16673 20931 20127 4 662 31 28 16673 20931 9388 5 
8840 18498 23135 20402 15138 9808 15458 20931 15604 9692 5 9808 1247 5 
22318 1027 15138 5 21 
28 28 5 5 5 27 
636 5528 
17831 8 29 
28 28 
20558 1920 5 5 5 27 
21 1247 7509 17831 7509 13858 5 5 5 
22327 13512 4796 7847 5 5 5 8 29 21 
21 29 21662 7730 15678 14539 19522 5 5 5 288 18498 8995 14539 7850 17939 4179 5 
1471 6103 21793 7181 1027 15678 18498 9743 5 21 
14604 10700 5 5 5 
21 15658 10959 6103 10273 4 9193 10959 6103 9743 22463 11066 5 5 5 27 
8956 14604 9942 20402 22463 9927 5 5 5 21 
21 28 4 29 1249 5 5 5 
20126 5 5 5 21 
1114 14604 5 5 5 14604 1114 5 
4443 4766 7847 5 5 5 7448 
21 13325 4796 20149 20402 15908 18498 20402 23051 22463 2689 18498 11284 201 6103 15344 7730 18498 15344 13026 15678 14604 1114 17438 7847 5 
15678 1249 20402 20149 16468 1612 2689 20149 21858 22463 5758 4273 27 9193 15678 20352 21095 5 5 5 27 5 17304 340 20463 5742 7730 19662 10382 16673 20931 9801 5 
28 4 9193 12787 4086 4 12787 20539 7957 16404 20709 20402 17812 4 20738 4766 20463 20739 4 14335 827 4766 20931 835 7730 11462 4 23135 21596 15138 15083 16404 4788 4 991 6103 20463 1247 4 31 5204 6103 20931 14514 3962 15604 5 
9808 1247 5 18498 21793 20463 20826 20149 18779 5 22318 1027 20 20 20 20 20 20 20 21 

