21 5 5 5 8406 21793 8956 4790 4 15678 20352 6103 1268 16673 10217 20149 5150 4766 22463 20126 11758 6074 18498 8995 6256 16404 22305 5 9193 21282 5219 16721 18498 15299 7384 8995 349 20149 15658 20402 23135 7509 14604 13131 7686 9010 18497 1249 5 
15424 19900 15138 15678 18498 22318 9594 5 15424 17629 5 23135 13055 19900 5 8 29 
10217 11625 21 
11474 7509 9193 22942 20 8 29 28 28 
21 18497 6103 153 6103 29 5 
14336 4 20463 1247 20402 8956 15266 4 15658 20402 0 7847 7491 4 21582 18344 22463 1961 7730 18506 15678 4554 5 
20537 
20402 11462 20 7847 19474 4766 22463 20853 6018 4 14336 20244 12939 16673 9620 6103 12648 5 
733 4 8995 3058 20 19579 4 4766 1623 6103 6113 5 
20402 11462 20 19102 4766 1612 16135 21282 6318 5 
7693 20 14335 6256 22805 20463 7533 4 8443 20 
22318 15061 14604 28 20 20444 0 7847 19698 5 19900 18498 21596 18736 5 
20537 
5 5 5 13909 20537 
5 5 5 20537 9172 8329 7847 16721 15637 18824 
2371 4 9193 20 18498 4273 20 15424 8406 7850 28 11462 5 6663 5 21596 22463 7127 5590 4 19900 5 5 5 9193 5 5 5 16323 4 15658 20402 20 16673 14466 4 9193 19900 18498 20402 7914 153 20 7847 19474 4766 22463 23167 12076 6103 155 22463 3320 7850 4387 7730 8661 17872 20402 7509 3962 16673 3692 7509 8754 14539 4 18498 20402 20 
13325 7384 4 11462 4 22463 1249 6408 4 22805 18498 15658 21596 14031 14425 6103 18931 4 16066 4809 4 16673 17819 22897 6103 22821 4 9193 11454 5 
6670 15678 17819 7127 4 6670 31 17819 22897 4 13055 6256 2727 4524 6 21 21 15855 4 9193 14453 20402 18381 7730 9193 15643 13325 6103 15299 7277 5 991 7384 4 21282 9605 
2781 5 363 5 12861 12780 22318 9380 15138 16135 20 21 21 5 16135 4 9010 4 18498 23135 21681 7730 18498 740 21596 5 5 5 
17872 9193 20855 4 11462 4 23135 14335 6075 31 4245 6103 8995 7509 20463 13131 7730 4 1920 4 14335 19016 4766 22463 16323 6133 20 
7730 9193 15658 17511 6256 6103 7491 18498 4 14539 18498 20402 31 4672 13909 3198 4 20244 11066 7730 4549 7509 15190 4 11462 20402 20463 1247 9193 15678 17737 21371 20402 14604 19703 20 8956 10343 20402 18381 20 5 
4788 22463 1249 6670 18498 31 4672 19450 20149 264 4 14335 9743 368 13909 7850 1114 5 21 21 17458 4 1276 4 9193 9743 7509 1114 22463 5982 14271 8561 6 16721 18498 4 20803 31 4920 4 9193 1027 5 15658 19900 18498 4 7850 22821 4 20803 31 12044 20402 18498 20149 1027 18784 5 
7730 20402 17438 12861 18498 4289 2136 1614 5 19900 20803 31 12044 7730 5741 21793 31 22898 18498 31 4672 7509 15190 21582 7235 15678 18498 9387 8406 15671 5 
740 15658 20402 3735 6103 6650 15678 21364 7509 16580 17737 7850 20319 6103 17304 14335 12960 15458 11454 20244 14378 4 7850 4181 6103 18498 23135 12780 8995 7509 16083 13131 17872 14335 20215 7 15658 19900 9431 15678 18481 20402 23577 14335 16784 4 8329 22318 22805 7599 4 662 31 28 17438 21596 14335 6075 31 4245 6103 20402 4 15138 22898 4 15678 15081 7509 20463 20853 5 
21282 5219 22318 6679 21793 31 4672 13909 13512 18498 5174 20 21282 5219 22318 6679 22327 1616 18498 3348 17872 9193 5 560 4 654 4 23135 13055 20402 22463 16440 
6103 9193 5 22318 6679 31 4672 13909 10259 18498 6679 17872 16971 18498 9193 13909 1027 7850 22942 5 11462 4 23135 20402 22463 6981 16971 18498 9193 13909 1027 15458 22942 5 
8840 18498 21596 15138 16580 7730 20127 5 8840 18498 31 9801 8995 20293 4766 23135 7730 18498 20402 4 1453 4 5227 7509 9193 22942 13030 5 
21021 7730 7251 4 9193 21371 6679 4 9193 12861 31 10765 5204 4766 3558 20 27 
1575 20463 7127 4 13512 20 5 5 9193 1575 15138 5 15658 20402 21793 7127 18498 31 10765 4289 9193 29 25 20 6 
16323 20 
9193 22318 1027 21 
21 23135 9743 4 7509 14604 28 7914 28 4 866 15138 13909 13405 8 29 21 
8 29 
17324 20402 20 
20293 20402 15678 14426 8 29 
20402 22385 3058 21596 23135 17438 16936 8 29 
20402 15138 13909 9808 7509 20463 13131 
21 9193 23174 7850 2510 28 7850 5037 6103 2510 28 19735 29 5 5947 31 18352 7730 23174 23135 21371 20 
21 17324 20402 4 28 4 23135 22773 5 8995 6103 23151 20 21 
7730 7491 22327 27 
13512 9193 
21 21 21 5 5 5 7730 23135 1540 18498 22823 1103 5360 31 5741 14539 7914 13669 7419 5 5 5 21 21 8 29 21 
9634 8 29 
31 9193 14425 8 29 
15995 6 
21 9867 13015 6 
13512 20 21 
21 8147 8956 9193 10273 15855 15678 20463 23489 5 5 5 2371 4 14335 6075 22463 20126 5 5 5 
20126 7509 21551 7914 18498 9193 21596 31 20855 6103 7459 4 15658 21282 21793 31 9193 21409 4766 23135 4 9193 21793 31 9193 22942 7730 14604 20192 5 
18498 20126 4 7432 4 6103 21596 20293 23135 16936 17872 14335 6075 15678 14426 5222 7730 17438 14335 9743 20357 4796 20149 15425 17877 20402 
22385 19854 18481 16393 5 
20357 9620 7509 9193 17022 21904 4 7509 9193 19699 4 20357 9620 6103 15424 17629 9594 15299 7730 23135 13055 23016 4766 1612 20463 12939 13512 
201 4766 21793 15678 14604 14378 5 5 5 
9193 1103 20402 31 13905 18069 6103 18498 11636 15658 20520 15299 5 5 5 2136 17458 4 12125 7509 9193 7178 6103 11636 4 23135 
20293 20402 7730 20293 8386 0 20539 7730 13800 16404 18610 7730 20402 31 14425 1095 18498 9193 13055 21596 15458 15190 20 
15708 4 7432 4 17438 14335 9743 368 7914 28 20 
22318 1027 20 20 21 
21 19592 7509 17822 6408 6103 22463 29 1249 27 
30 4 16323 16673 29 1249 20 20 20 21 
21 7730 31 23167 20402 15138 10259 4 740 5 5 5 27 21 
21 13448 7509 3572 7127 29 4 21252 654 20 20 12780 21793 15190 20 21 
15678 11474 15658 8386 12861 20 

21 21 21 15855 16404 15678 6014 7730 22805 31 12277 9094 9193 9743 16721 6 17438 18498 31 18737 11570 288 18498 7847 20402 11020 4672 0 21 21 
7730 12861 14335 13325 6329 23135 8 29 
3364 28 21 
21 9193 19900 18498 31 10273 8995 22150 5 
9193 22657 17872 7491 18498 23135 20402 14604 12787 7730 14604 13905 1115 5 
15708 17438 22327 5 
1027 6329 6329 14539 23135 22310 20 21 
21 15658 430 17689 15502 31 23135 5 18525 18533 16866 7850 20931 22942 4 12780 8147 22463 10211 4 14539 18498 31 22942 12430 7914 542 5 21 
21 8386 4 15253 0 0 0 28 28 21 
21 21 21 18476 873 22318 13822 4 15658 19579 4 15658 19474 7509 14539 10211 5 1453 20357 7722 6072 18498 17629 11586 4 15806 7730 13895 17872 20359 13909 10259 5 21 21 21 
21 18498 15995 20 6 
2727 23016 31 11625 4 3572 6 21 
21 21 21 12863 22 20539 26 26 26 26 26 26 11617 26 5 
11678 12863 26 26 12863 26 22 21298 26 26 5 26 21 21 21 
7340 13285 20 6 
9634 13512 
9634 8 29 
28 6 
31 22310 10796 20 1027 6329 23135 20 20 20 6 
21 9193 20 12861 14335 13325 6329 31 28 28 4 15658 20402 4 28 28 4 21258 28 4 28 28 4 28 28 4 7432 28 7730 21793 5 13325 0 0 0 0 27 
21 26 4 26 26 6 21 
21 20402 5758 20402 368 18498 15678 15190 10855 7914 10502 7509 20931 9388 4 18498 21793 1393 19030 22318 1027 7730 18498 20402 15678 19481 17438 20931 7594 5 18476 20149 20402 5758 4 16716 18498 22327 7102 20402 7509 20463 12939 4 16066 8443 4 6103 12939 15425 5 
5 5 5 9193 15678 21551 16468 4 15678 15190 4623 4 7730 31 10765 21596 18498 4809 31 19474 17438 15576 18191 2073 5 
16404 12861 20444 31 9867 6103 1247 5 15678 19712 20402 10476 6 21596 14539 18498 2771 4 3702 7730 2647 16219 5 1920 4 31 16971 20149 6075 5320 6103 18498 13909 22463 1249 20149 16468 7730 4 4766 7847 4 7102 12780 7957 4 21371 4 31 2053 12240 5 20402 11518 6103 19089 31 9422 18498 9193 9743 20402 7174 4 5741 7730 9239 5 8443 4 20402 11518 6103 15128 5 
7730 18498 9901 2727 4524 6 5741 15658 20520 9901 22765 5 5741 20520 1959 19478 7730 6256 6103 636 4766 31 12179 6103 22463 5758 14539 18498 12861 15658 20520 14265 31 5758 18498 21793 11474 21596 6389 6103 20500 5 
5 5 5 9193 4 6221 4 17438 13909 18498 15678 15190 4624 4 871 16971 12894 12780 5741 20 12894 5 25 21 
21 7432 28 4 21258 28 4 28 28 4 28 28 4 28 28 4 28 28 4 22805 14185 4 28 28 28 4 28 28 4 28 28 4 7730 21793 15190 13909 5 5 5 12780 9743 871 4672 7850 9975 6103 20247 0 0 0 6 21 
21 21 21 22805 20149 8918 7730 18931 5 5 5 21 21 6 21 
5 5 5 15138 3058 20 
21 28 28 4 15658 19900 17458 20 20 20 13325 6103 23135 27 21 
21 8956 21252 31 15533 17973 4 15658 20402 4 1095 4 28 28 0 0 6 6103 27 21 
21 21 21 2136 5621 15678 18191 6198 17304 20402 16852 5 15643 20149 19900 18470 20402 15678 6198 18498 21225 15576 7788 12526 5 21 21 21 
21 24 
13033 18498 15424 368 20 5 5 5 21 
21 21 21 3697 6981 21340 6103 22 22 19205 21267 22 22 5 3697 14539 5 6103 654 7914 7148 4 18533 22463 19205 7850 18470 9193 17511 19698 15678 21551 21793 5 5 5 21 21 21 
21 28 28 4 28 28 4 28 28 4 21258 28 4 7432 28 4 28 28 
15855 1614 4 9193 12780 8406 6103 10548 7850 20247 18498 23016 7730 15658 21596 6663 17872 10765 15658 20149 22805 4 2717 0 0 0 0 6 16404 
18498 20126 5 5 5 21 
3058 20855 11462 7850 10535 31 21793 15678 10533 3572 5 5 5 5 23 3058 20855 8815 28 28 7730 28 28 6 
21 1095 4 23135 20149 11649 0 28 28 27 21 
21 28 28 4 3364 28 4 28 28 7730 28 28 5 5 5 654 23135 8386 22327 4 15658 20402 0 0 27 13325 6329 6103 23135 4 20931 13512 14149 27 21 
27 
21 3364 28 4 13325 6103 23135 20 27 21 
21 9193 20 14018 15138 2727 20 
16323 16404 21793 23135 7509 28 19735 5 9901 6329 20 21 
21 15708 4 28 28 16673 14149 12901 6103 11462 20 20 23135 14018 15138 2727 7850 5695 5 5 5 6329 14539 4 1095 20 7 
28 28 4 28 28 1920 7847 288 18498 7901 21037 21 
5 5 5 
21 28 28 4 18470 15678 17635 4766 15678 22825 0 21 
21 20559 4 15658 20149 11862 4766 18525 9605 13923 6103 23135 5 
16971 16753 5652 7235 31 16083 17872 20149 20357 22463 17556 13905 5 21 
21 21 21 31 16971 3058 14514 15576 1114 7 31 19854 4 17629 6318 5 21 21 21 
21 9193 3439 6075 5762 7730 15678 9948 13055 8995 16404 7514 5 
12578 4 9605 4815 6 21 
21 21 21 15790 22463 16971 20244 5180 4 20402 21596 12709 20244 462 21 21 21 
21 10765 4 9193 3439 6075 5762 5 21596 29 3439 16404 489 5 20149 873 21596 12578 16066 19900 6103 873 18498 18533 4 14335 2322 4 17438 9721 20 20 21 
21 8995 21570 4 22805 6 20539 21 
21 28 28 4 28 28 4 28 28 21 
21 10765 4 4680 2371 7730 23174 7850 28 4 17438 9721 20 20 
17872 9193 4 31 14425 6103 21793 27 6 16404 4766 28 19735 21 
21596 871 4672 17872 9743 11462 7914 28 0 
4796 20402 3058 8995 7914 28 6 
21 28 28 4 28 28 5846 4 3364 28 4 28 28 4 28 30 4 28 28 4 28 28 7730 21793 15190 18498 9193 4229 17872 9130 7914 3962 5 5 5 13325 6103 22463 15422 5 5 5 
15658 21596 3460 7914 3962 27 21 
21 21258 28 4 28 28 4 28 28 4 28 28 4 28 28 15460 4 28 28 4 10547 28 4 28 28 4 28 28 4 28 28 28 4 12780 9743 871 4672 20205 0 0 0 0 6 21 
21298 29 20 20 20 20 20 20 20 20 20 20 20 20 6 
21 10765 4 873 21596 5483 17872 14984 5792 11462 0 0 0 21 
21 28 28 4 28 28 4 28 28 4 28 28 4 28 28 7730 4842 5 5 5 1022 4 15840 11518 4 7850 5459 7509 14365 4 12780 7850 8147 4766 15678 14940 7509 21932 6103 2880 16404 7319 15678 20652 20 17438 9721 5 5 5 15658 9620 20 21 
21 7730 4 9980 4 4766 28 7914 3962 20 20 20 27 21438 23029 13340 8956 11454 13055 5 5 5 21 
21 28 4 4289 6 21 
5915 6 6103 
4690 6103 11048 
1114 12051 5 15253 13098 
21 29 4809 7509 14425 10211 17521 20 
15138 9808 20 21 
21 7730 11462 20402 15678 23575 7127 5 5 5 
4690 6103 11048 20 6 21 
21 21 21 18476 22463 15144 22318 9743 22463 16836 4 19474 31 22821 5 21596 29 6103 4245 6281 8995 16836 13055 19900 31 22821 5 21 21 
22821 20 20 27 21 
21 10765 4 9193 8995 22782 16137 16404 15678 2947 28 15658 22482 5 5 5 873 2371 20149 12578 0 0 0 21 
16468 22575 20 20 20 
21 28 28 4 28 28 4 21258 28 4 28 28 4 28 28 4 28 28 4 28 28 28 4 28 28 4 28 28 5 5 5 5 12780 9743 871 4672 8956 20247 17872 4788 14604 1247 0 6 21 
16468 7850 22436 6 
21 28 28 7730 28 28 3058 7127 4 13512 20 
8995 15036 6103 20126 20 21 
21 7914 20402 28 4766 31 28 28 6 
15658 21596 4672 14425 21 
21 28 28 28 28 28 28 9808 1249 15604 4 10700 13512 20 7730 18498 7914 29 4 31 1103 21282 2156 20 
1027 15138 23135 20 21 
28 28 28 28 28 28 28 28 28 28 21258 28 28 28 28 28 28 28 28 28 
13512 

