5917 1027 3960 28 28 
1114 14604 
4766 31 13909 15604 14549 7509 22575 20 28 13114 12780 20357 20126 3960 28 28 
3960 28 28 20 18498 23135 20402 15138 15138 9808 20 1095 6103 12319 15534 13512 
9193 19169 20 7847 7730 14604 16169 6 14604 21657 13909 17623 5 1027 15138 20 1247 15253 17307 
21 740 20670 15678 1247 7509 15253 17307 20 18498 9010 1249 4 28 9193 4980 16580 4 22521 7730 13909 14924 9808 20 9634 2614 21 
7850 28 
13324 6103 18497 1249 2116 14426 20 27 19969 18394 19601 7914 17476 20402 20293 31 9867 13909 7451 20126 
20293 22385 3058 19052 28 26 12787 16440 7509 5917 5917 1027 9620 28 30 
23016 29 29 
13055 20357 20126 20749 14133 
18930 20 
3058 22925 20 9808 28 28 13579 23016 29 
21 21 21 16753 5 
7847 352 4766 31 2988 4290 6103 20826 5 
7730 31 910 4766 4294 6103 3488 5 
9439 7850 16654 20584 5521 7730 22463 7603 14407 6103 10547 5 
7847 15658 18533 15138 7509 22942 4 23104 20402 22327 15678 18498 7847 18533 5 21 21 
28 28 5 
20126 17583 21 
20670 31 15533 6103 15908 6 20402 18328 1114 7730 7447 20 8 29 4385 6103 3962 15604 28 28 5917 1027 1114 18494 29 12861 20402 1103 9620 31 14069 
184 7730 21911 6977 4766 31 17436 20 
21 14425 10211 6103 4788 22310 1249 13030 5 21282 17511 662 15138 31 28 17438 22397 7914 9193 22942 5 14604 17478 20215 4 14604 14425 1095 4 14604 1114 5 26 26 26 21 
21 3058 7127 4 7576 20 28 11555 26 26 22886 13512 18533 12780 7957 15658 10447 7509 3564 6103 26 21 
31 22942 5 5 5 4796 22463 15894 7850 14133 5 6103 15908 13579 17023 15678 13579 13909 13512 28 5515 16580 18868 31 2647 
15128 20402 17629 20 26 15604 5621 14604 3388 5947 6509 3744 20402 6981 
5876 7509 16668 
21 14425 18458 7509 9652 20 8956 20402 15678 22823 13786 4 11997 7730 18498 19900 6933 15678 14425 7509 20463 10474 20 21 
5947 26 26 4766 1097 20 15678 7509 9971 6103 20247 2510 26 26 19329 1249 29 29 
3610 20780 16086 28 20 20402 13512 16086 28 20149 21787 
10268 10122 10547 
21 21 21 11462 4 15678 14604 4932 20402 4766 31 9801 5 18475 2087 6103 22942 17304 20402 9570 3653 21 21 13800 5 28 5 26 22942 13405 21 
13606 6103 22942 20 15678 5179 20402 15678 3610 20 
21 4788 31 22942 4 17458 15678 14425 740 8995 17438 23016 20 26 6103 15908 3058 4842 21 
17808 20 
14604 17478 20215 20 20293 4815 1114 
20293 3058 20 23570 4842 6103 15908 
13324 7509 9193 28 20 29 22318 1027 
918 4766 7847 20 9253 6103 21932 7730 1095 20 20357 9620 20402 23570 
21 11284 29 1249 4 15678 7127 6103 11462 15658 20402 10544 5 31 20126 2156 7730 15678 15860 14167 5 15658 21596 23135 1614 16404 134 7730 7491 9193 22318 1027 4 9193 19900 18498 14335 340 7914 21793 15678 14924 7509 9193 22942 5 14604 1114 9172 4 14604 16169 5 
21 21 654 8995 22385 13667 
22805 4 31 13539 7509 11522 14335 7409 
7509 15576 17233 20402 18498 21596 13909 20126 4 
18476 15855 13030 7850 14539 7284 
1394 8995 23135 654 
991 6103 1614 6389 6103 9193 0 21 21 21 
21 21 21 18525 14335 22805 4 14335 22805 20852 7730 12780 20402 20293 1920 5 5 5 21 21 21 
21 22463 16566 7850 20247 16404 19698 5 5 7730 15138 20 20497 2746 7509 28 28 4 4766 7847 5 1114 12787 20497 6103 11590 28 28 21 
21 31 10765 21932 4 9193 21371 20149 7451 20 15138 19703 6103 17040 31 28 20 472 28 10577 28 21 
2449 6103 7558 26 5896 15555 
20402 21793 28 28 
21 21 21 5241 13043 21793 10211 6103 1114 21 21 5 21 
21 21 21 11129 4796 31 14464 7509 15860 5 8642 1393 20809 6103 22318 1868 21 21 5 19990 29 6 29 5 21 
21 16323 1393 12974 18498 19900 6650 16819 31 20560 7730 31 5535 7509 15576 17563 7730 6355 21911 19456 1393 15576 8995 20 
17563 17023 17563 5534 7730 20558 21 
8525 15585 29 7509 10577 7509 20159 8977 6103 13048 20 6103 11462 
21 22202 20833 7509 15533 20 
21 21 9193 22805 31 22942 
14425 7850 10530 
9193 22805 12861 
17438 4434 6103 22463 15200 
6103 11429 
18498 12430 
7914 9193 19746 5 5 5 
9193 22805 31 22942 
13909 4524 7730 9683 
19342 6103 21793 
20116 
18498 20149 21596 7277 
7509 10009 1393 4387 5 5 5 21 21 21 
21 5942 6103 19007 7730 7795 12975 16404 15678 1916 6103 4962 7509 8995 4 4766 15678 17923 5 28 28 5 21 
21 21 21 7730 7847 14335 9743 22385 2727 4 18498 9193 21371 18533 9743 12861 17438 7847 5 5 5 21 21 15658 21282 11462 4 9193 21793 7127 20402 7127 6103 662 17438 21596 23135 1393 14604 13131 5 14604 4841 7730 1095 6103 21793 15678 14924 5 4751 14604 28 7730 14604 16719 5 1027 23135 20 21 
21 14539 4766 31 21793 5590 6103 21932 7730 5291 15258 4 7847 20293 5219 6256 15678 14604 28 13909 13520 7730 10095 20 10095 1114 26 26 21 
21 7509 20497 7509 28 15908 6 16821 6103 19329 4 20799 4 23180 7730 17743 6103 16196 20 9872 6103 12726 28 29 28 21 
18498 10405 14149 20 7730 15678 20497 16816 7509 7509 28 28 6106 6103 15138 4380 20 20149 12960 9872 6103 12726 28 29 
17812 13512 20 16378 3960 28 28 
7 
20293 3058 20 3960 28 28 
3960 28 28 23570 4842 
21 7509 21266 21 21 1103 18498 15658 20149 6760 4766 15678 21551 21 21 5 22385 3058 19656 20 1027 17438 9193 15534 28 28 28 12780 3962 9801 13647 21 
31 14425 4842 20 13710 28 1114 
13710 28 30 23329 20497 16816 17525 4766 2087 
19229 20 4690 6103 11048 12973 22431 29 5 29 
21 20670 21252 5 918 18498 7687 22463 21409 12526 4 17458 20402 15138 2377 17872 4730 7914 7127 5 5917 20402 15138 20126 16304 7730 19703 23570 4842 15658 21810 6103 15502 21 
13512 20 
6679 7509 7127 20 20126 26 26 13579 7509 28 
21 21 21 9193 18533 31 20855 6103 22463 1114 21987 4 4766 19907 6103 10433 15012 5 15671 7850 2647 7850 7934 7509 19415 5 5 5 21 21 740 7509 9833 26 28 16816 21 
21 662 31 21793 15678 9626 4 1097 7730 4697 17438 3450 14469 7850 28 4 28 7730 28 5 7 
23135 9743 15678 14604 7127 15908 2727 13909 13512 7730 9808 20 8 29 21 
4788 13909 22463 17815 7509 14425 10211 17521 20 1247 26 26 
26 26 9833 
6103 15908 4766 14604 26 19224 24 
21 17990 7509 11543 20402 28 6 1453 29 15258 2009 4 29 16971 7850 9193 10366 7730 6408 6103 18494 29 11518 5219 20402 2021 5 
20149 9193 11543 16432 8995 1920 4 11731 9193 18449 20 
184 7730 21911 9620 6103 19456 4766 15678 4552 20 21 
21 7730 1276 6103 7491 18498 20402 22327 5891 7509 18250 7730 7509 28 4 13332 18498 31 2504 16987 23174 5371 15678 17960 5 
21 21 8812 7914 20716 7509 21932 4 28 28 22129 22463 4156 6305 16404 15678 18195 18497 1249 6 20015 29 13909 2447 16404 29 14676 6103 16971 5 2136 29 4 31 1769 9774 6923 4 550 15678 5298 7730 15678 17950 6103 7415 6103 19283 5 21 21 21 
21282 16404 15658 16468 7914 3166 6 20670 31 7594 7730 31 6324 18498 20402 20402 22463 12974 20 16323 31 21793 15678 14604 4697 6103 17939 20 18498 31 7181 7509 17939 15658 9193 9743 6820 6103 20402 3450 22897 14426 7730 6103 5913 15576 20446 18449 5 28 12974 29 
28 17629 7384 20 
26 7509 28 7730 19052 22424 5 9620 13909 10765 7850 10273 1103 1097 22424 31 22356 9061 1027 
4766 7847 20 1114 9605 
20559 16816 20 
21 21 21 20149 23135 15658 8386 31 11868 7509 21551 6103 17239 4 15643 12780 17304 6770 7509 21551 6103 4713 21 21 5 3058 7127 17239 20826 4713 18780 21 
12974 4766 7259 
21 6103 5 28 4 15144 18498 452 7730 1027 5 15708 17438 14335 328 22385 2727 7850 20931 9634 20 740 20670 15678 28 15144 29 918 7850 13940 21 
4766 31 15144 18498 13909 1027 7850 22942 20 15253 9193 22942 29 740 20670 15678 28 15144 918 7850 13940 
4672 7509 28 14335 5327 20 27 5 15658 8995 20402 10544 28 6103 13749 22463 7127 4289 13761 10122 7730 7297 
21 7576 6103 3885 29 6 6564 4 9132 7730 4372 7914 3962 4766 31 9634 7730 15678 1114 5 17872 18606 14425 0 6 21 
21 18525 20149 12578 16673 1961 4 7102 20149 12296 17819 20 21 
5917 1027 20 9980 15678 19052 20 3125 16304 7914 7127 472 
4766 31 30 20 6103 20207 3125 1103 6103 1249 
6103 20207 7850 3126 20 26 4766 2087 3125 19052 5917 1027 
7127 6103 15144 20 472 20 
26 14895 28 19668 15286 17023 3058 15286 
21 11560 6 26 5 28 5 28 5 3148 26 26 29 19169 30 7783 29 22366 31 7419 5 28 
22368 28 5 21 
30 23329 28 17318 10250 20788 20402 23570 28 9978 29 
28 
21 20749 4 14133 7730 15138 22797 9801 20 28 5515 28 5582 13579 17023 21 
23016 29 20 7 
918 6103 5146 7509 28 22431 5 16784 9193 28 20 5144 6103 18487 20402 23570 4697 6103 21932 7730 5474 
5144 
918 6103 5144 4766 15678 10144 7509 28 22431 20 
21 11560 6 26 5 28 5 28 5 3148 26 26 29 19169 30 7783 29 22366 31 7419 5 28 
7789 22366 31 7419 11454 21 
15311 18498 18779 15678 6684 6103 10941 7509 15311 20 8 29 6318 7464 26 20866 26 26 7576 9808 30 11029 
17458 7847 9743 31 12319 7509 9193 10796 22385 13909 9808 20 26 4276 
8995 20244 278 1393 28 28 6670 21252 5 13480 17872 15834 7730 7491 18498 15770 22463 305 7850 4145 18498 550 31 7415 7509 28 7914 871 23498 5 873 4766 15678 14539 17877 0 
11518 6103 18516 20 20 20 25 17667 25 10948 7850 26 7850 15209 
918 9466 7509 9193 28 20 12780 4766 28 28 4697 6103 21932 472 7127 23570 21282 16208 3962 
21 8119 7509 5942 6103 18780 2144 4 17982 16673 28 7850 22431 5 472 8956 20247 6103 15138 1542 7730 6103 3058 9422 5 7 17930 20149 10657 22356 23570 18902 7730 19295 5179 21 
23575 7127 7509 5942 6103 18780 2144 20 7127 6103 22805 31 17919 18779 7686 31 20247 5 7 20247 17914 14724 7524 26 15138 1542 12780 20357 9620 
21 15138 9808 6103 21596 20402 20229 16404 16429 7509 5942 6103 18780 2144 4 17982 16673 4145 2144 15567 7730 15554 28 7850 22431 5 
22463 20247 12526 16404 490 7730 4854 19900 7730 9422 20670 31 23498 5 
6103 7576 20 7 17822 1027 2429 18152 7509 7861 13055 19900 18498 31 28 12780 10648 13812 7509 28 22996 
21 1549 7509 1840 21 21 19870 10115 22519 29 4 29 7509 22431 6 7509 21592 1393 18103 21 21 7850 9224 6103 29 1249 7509 5942 6103 12973 7509 22516 9774 7509 28 5 
22385 3058 23151 1393 22431 20 7 12973 22431 29 21 
21 14466 23560 4 17635 4 11744 7730 13909 12301 20 21 
20402 28 20 21316 15423 20 31 22821 22773 26 23560 7730 31 14487 15995 7509 14604 28 20402 21793 28 28 13512 
13055 28 28 29 20402 21793 28 31 22821 12780 22773 15678 23560 7730 31 14487 5528 22654 
21 20402 12112 20 28 29 20402 21793 28 28 26 19525 16816 7509 6110 6 21 21 28 15658 20402 3058 15958 7730 28 20402 22463 18381 2076 21 21 5 21 
28 29 17413 7850 10366 6103 28 22805 7730 10889 6739 20 6739 7509 22805 16404 18498 8995 9786 22805 22834 6981 11884 14220 
15669 6103 1678 29 20 8999 90 6 15678 
21 22805 14604 1095 6103 22424 7730 7509 22942 4 28 28 6075 22463 16207 7914 22463 20497 7509 28 28 15018 15658 21596 17807 20 15999 7730 9808 17438 23135 28 20 21021 15458 15604 10796 6103 4784 17023 5 21 
15299 14425 7509 18498 21623 22463 18584 1920 20 20497 7509 28 28 15018 15138 3058 20 1114 1097 5 
21 21 21 21596 10765 18498 28 4730 7850 9193 22942 21282 17872 9193 6075 16580 21 21 5 15708 17438 6933 15678 14425 6103 9193 20 8 29 15576 7127 29 29 24 21 
4788 20 8 29 1114 29 
21 26 28 4 26 4 26 11554 26 26 7730 16119 20 30 21 
21 2727 12861 6981 21 21 4419 21 21 20 21 
17458 21252 21371 20402 7127 20 6408 6103 29 1249 20244 13964 15678 19553 17960 25 10948 7850 26 7850 15209 10122 7730 10268 
17458 7847 19900 14335 659 2136 7850 8637 7509 10095 26 28 12973 22431 18407 4788 
15253 7730 12787 20 8 29 26 12973 22431 
4788 31 26 16440 29 20 3058 6329 20 
7509 20826 18779 20 30 26 7730 26 26 28 28 5 12973 22431 26 28 12974 17438 10220 15619 6474 
21 8235 13909 22463 20825 28 31 20149 18779 20 
9901 15138 9808 7730 662 4766 31 17743 6103 21793 18498 9743 16440 6990 5204 5 8 29 
4690 6103 11048 7509 22356 6103 4962 20699 7509 22431 29 5 29 
29 6103 20460 6103 29 4 1393 29 6 29 4 7850 8806 28 28 22431 5 
703 23135 5 136 20 21 
6103 15908 17812 
8 29 
662 20293 28 7730 20463 3611 
28 28 6 27 
21 9980 20 9956 13512 4 13512 20 21 
20126 6981 7127 20 740 7509 10548 6323 7509 28 20749 7730 14133 
7 28 2547 
20670 15908 20 7 28 2547 17033 
7730 4766 15678 1114 5 8 29 
17458 21596 22463 22823 3962 6103 1114 4766 9010 4417 5 1027 9193 28 7730 9193 10765 20 22318 1027 28 29 
21 17458 15658 21596 22463 7127 7509 9193 22942 4 18498 9193 15658 16721 15423 20 11284 29 1249 4 8956 7127 15658 15658 21596 20402 10544 17872 9193 5 22223 4 9193 1393 14539 21551 9808 4 17438 21596 7491 31 11514 6103 21596 22463 16169 14149 5 21 21 23135 9743 16440 6981 3610 4 18498 11462 9193 20202 7914 16580 21 21 5 20126 22463 7127 12780 22318 8147 21 
21 6408 7509 9193 6202 1937 17438 7847 4 4790 7509 19522 7509 21446 20 21409 6103 4730 31 5459 7914 7127 20 15678 4341 1027 17438 9193 21 
21 15658 17511 6256 6103 662 1393 9193 2504 17923 5 28 7730 17923 5 28 28 4 16673 4795 8291 5 7914 8810 4 662 1393 14604 16003 4 17923 5 12875 28 4 16673 3058 7157 7730 11020 5422 1393 14604 21932 5 21793 15678 8744 22657 31 16689 20 21 
21 6408 6103 11462 4 21596 740 13909 4181 18498 28 14335 18009 20293 13909 7509 18498 15391 5 15678 20207 7730 15678 13909 20825 21446 4 6202 7730 1570 4766 23533 7730 4766 15585 29 4 29 20 18525 14335 5174 19900 18498 15658 20402 10544 4289 2136 1614 5 
22327 20402 13909 12545 18498 31 17819 22897 5 14539 4766 31 9620 6103 21551 4 15678 9707 6103 20402 22463 14587 15604 4 15678 17605 19038 7730 7730 6103 16721 18498 15658 6075 4179 4 9193 5219 20 20402 15138 3058 16098 6103 17931 9415 18498 15678 21680 21932 4 18498 7914 871 14924 23135 14539 6467 4 21596 18471 7730 14514 20539 5362 5 12861 20402 15678 18498 9193 15081 31 18533 20293 13909 5 7730 8956 20319 6103 7102 5913 20402 31 14425 18498 9387 20 662 11756 1393 16971 18498 14335 19746 7730 18498 7279 16066 12163 5421 16404 12861 5 13909 22463 4403 20149 9991 5 7730 18498 23016 13909 7730 15619 6474 5 20293 5 21 
21 8443 4289 1393 9971 6103 13909 22463 9169 11861 5 21282 17511 662 31 28 7730 1393 16971 18498 15138 14335 1502 7686 9010 12970 5 
1022 29 6202 15678 14604 21446 7509 5942 6103 12973 4 12653 6 1678 7850 12973 6 22463 1386 7509 15936 6103 22805 4 28 7730 23523 4 20670 31 14058 6103 13022 6103 29 4 6728 20663 31 16007 7509 17923 5 7614 5 12875 28 5 
18525 21596 12578 16673 21535 7730 6679 1421 4 31 6202 349 1393 29 11518 7850 4091 7509 22431 4 20462 6103 12973 4 7850 19972 29 5 
136 20 7 21 
15138 13512 20 22463 16373 7850 21631 20 
23575 7127 20 7 
6103 20474 28 5515 
7 
21 6408 6103 22463 21446 20741 4 9193 9978 7730 8414 4 31 3232 7509 14133 20402 31 14425 18937 5 30 17583 6103 1990 21 
27 7730 20402 15678 20207 21446 8443 5 23 20739 8995 16936 6103 201 
1575 31 22942 20 7 6103 15908 3125 
21 20402 31 19714 4766 31 28 4 15678 9707 20402 18498 15678 842 20402 15138 7209 2136 15678 9971 7730 9193 1540 31 456 5 28 21083 14514 20 30 21 
740 15658 6256 6103 20402 3170 20 23016 29 20 
7 20238 
21 17872 9193 4 15678 14425 21684 5 
21 21 662 17458 15678 6761 22107 15658 1377 31 835 23104 5 
7730 17438 19900 18498 23135 12780 21596 18498 8100 1612 3172 6103 14924 4 18498 2136 15908 21596 15995 7730 11462 13055 288 18498 12861 20402 28 5 
9193 15658 20149 17703 4 16404 15671 21371 20402 7188 21155 5 8995 13026 5 21 21 
21 9193 368 7730 368 20 20559 3510 1393 17590 13026 4766 28 28 5 20402 22223 7730 6136 4 9193 15424 17438 12861 6256 6103 21842 16673 14604 16587 5 12894 6256 20 31 20237 842 21596 14604 19456 7730 8995 6103 16323 20539 4 17324 20402 11581 7730 15424 7847 14539 8386 15678 18498 349 4766 15678 28 11462 5 15658 20402 15678 15576 7127 4 6221 5 20402 22463 12960 2137 5 20402 16728 7730 21596 20539 15678 14426 20 9193 21596 18498 19900 16784 5 654 20402 22137 13909 7730 13909 4 21596 11580 7730 21596 5426 18233 20 16083 5505 8995 17438 23016 20 21 
21 8956 20402 15678 15576 28 7730 12861 18498 20402 12960 20 7730 17872 9901 14425 740 4 4372 7914 3962 4766 31 9634 7730 15678 1114 5 8 29 21 
8995 21596 5505 20539 20 5505 7509 5505 28 
21 11560 6 13033 22657 5 4766 5 3148 29 29 29 18884 17872 9233 9106 
21 8235 4 13014 20 3699 7730 5590 5371 15678 21551 4 9193 28 8995 7850 4770 20 21 
5947 26 26 20 15678 14425 7509 1249 29 4766 28 
21743 9193 
21 1471 6103 20402 19133 16673 14539 17230 4 28 4 31 16971 18498 15344 9193 20525 6103 21922 7730 6103 13456 21596 14031 15138 7176 6103 22805 15678 15190 5 31 28 18498 19133 21922 20402 31 28 7509 4436 20357 4 31 7087 18498 22667 22327 15678 18498 17304 20402 21787 4 16098 4 22886 4 18069 16066 4292 5 31 20304 7509 15190 14055 18498 9380 15678 21551 21793 18069 5024 6103 453 4 1114 16066 3870 5 31 28 6103 13456 22667 22463 15190 11637 4 22463 15190 6103 11670 7730 10211 16816 18498 20402 16819 6650 17438 28 5 17438 12861 4 15658 9074 15424 20149 1438 20149 16765 18498 23151 7730 14336 15678 21541 6103 23135 8406 7914 5129 5 12861 349 17438 4060 7509 10259 21579 18498 9387 8406 15678 20749 6103 20463 14119 5 15678 19522 6981 6522 20402 22463 7181 7914 22805 15678 16083 5 23135 17769 2031 7914 4672 15138 7176 7730 4 17438 12861 4 5652 4289 31 5015 5391 7148 6103 22327 15678 18498 349 7850 22942 5 17629 4 17477 4 6103 22463 4179 21551 7730 6103 15138 5459 16404 4915 15678 17406 6103 22886 22463 7509 16083 5 4766 8956 7847 4 1067 17629 1540 31 4099 7730 17836 31 16098 15678 16083 5 31 7178 17304 7730 7102 20402 22602 4796 22463 5422 16404 15678 5742 6103 1067 4 15637 19225 18498 17518 15678 1542 15287 4 20244 18498 15425 16784 31 20931 12179 5 
13909 22463 22897 31 6522 8406 7558 10211 6103 9462 7509 14539 17230 12780 12584 7850 19205 8406 31 16971 18498 15344 7914 21922 7730 31 18498 15344 7914 13456 5 15458 3962 20402 28 18498 4 16404 31 1973 21939 4 19133 15678 20525 6103 28 7730 6103 8655 4 13042 15678 18498 4751 31 3962 7509 19205 8995 7509 15352 6103 13456 7730 21922 5 9193 7558 3976 4 31 8208 6103 28 12145 18498 15678 7558 17629 7730 6679 873 18498 15678 9045 31 21596 22463 16431 13909 2058 7850 22942 7730 7850 19225 5 14539 20244 21596 15138 5216 7384 4 22463 23104 18090 31 681 7509 16083 4 9193 20293 21596 31 11891 18498 8995 20402 18090 5 15637 3058 14370 4 8956 1875 17973 19225 9044 7730 4766 951 11048 6103 2093 28 5 18476 8956 8208 15658 20402 2727 7264 4 13405 31 3213 4 6723 7730 2136 31 684 5 
17438 18498 23135 15643 8386 15678 18498 9193 7491 0 
28 11534 4 1979 7509 6281 
18476 15678 1961 20402 21932 4 15678 17819 6472 31 20402 8241 8995 7850 23498 7509 4962 5 20402 17521 18498 23135 21596 12578 7730 11644 15138 7176 16066 5128 5 17438 12861 4 1393 22898 4 16393 15138 7188 4289 31 22463 352 5 7914 10793 4 22463 20149 18519 18498 15678 16083 15658 19900 20149 9431 7277 16066 8443 18498 15658 8995 17769 2031 16066 13405 7914 5243 15678 20463 1679 5 1067 18549 15678 13009 7509 16083 4 14539 18498 15658 15678 7491 7914 23180 951 5 15678 8908 682 6103 28 12780 8995 20293 7914 5129 4766 31 21573 14510 6103 18629 5 20402 4796 20149 31 7178 6103 15936 20402 1077 1393 20463 7826 4 18476 13471 22463 4766 15678 16083 5 20402 15392 5892 31 16135 7730 31 5243 4 20149 23135 17785 21932 13030 5 7730 21810 15138 5876 4766 15678 18498 7491 5 
31 7178 6103 21541 8406 21922 7730 13456 21371 12780 20149 14055 7850 19225 6103 1103 5 12287 17438 28 4 15678 21437 20402 15138 20333 1393 9381 7730 15390 7509 11112 31 18498 16933 7730 20149 8744 15138 16404 5421 16404 22463 5485 16140 7730 8338 5 15138 22898 4 20402 3735 6103 19937 12578 16972 7914 17965 7509 4708 5 13055 16404 15678 13458 4 18498 21596 31 3962 7509 1103 19133 16673 20749 4 15658 2631 20402 238 17438 22463 11111 5 20402 17629 20402 452 7730 4 6103 17659 4 20402 15678 4145 7509 2031 5 31 22649 26 12834 15678 21437 4 18498 21371 20402 22650 4 9193 15658 6355 12861 4766 15138 9567 5 8956 7178 17304 20402 14746 20149 15678 7558 8995 8017 15658 17960 4951 16066 20149 4854 12578 1851 5 4796 15678 7558 20402 9943 6103 28 4 12780 19900 1532 7730 6075 22665 1393 4672 3086 18498 15678 20402 11578 19900 5762 21 
21 21922 7730 13456 
8956 20402 7558 9943 6103 28 4 9193 9943 6103 16169 7176 5 1067 472 31 3058 22942 7730 15678 17605 18498 9010 17304 18009 31 21793 15671 5 7850 8377 4 8329 21922 20402 22463 20525 6103 21631 7730 17438 12861 4 308 6103 22327 20402 22463 20525 10555 4 13456 17805 16673 19085 6103 22463 3058 22240 14480 7730 12530 5 15678 18498 23135 21535 4951 0 15678 19773 4 31 15390 7509 19205 4 31 9913 4 31 3726 6103 20184 4 18498 20149 4730 7914 22463 4203 20402 18471 8810 7730 15392 16404 15678 6731 6103 18475 19225 5 15678 4328 17304 349 1453 7850 15390 20328 21437 4 22859 31 15390 14480 26 5 1067 20402 1025 7509 28 7730 6103 22327 15678 18498 8995 19206 1393 2717 5 13456 17304 22126 740 13909 20735 31 21922 7730 21922 13905 18776 1393 13456 5 9193 21922 7102 14096 20663 5426 20463 4499 7730 17513 4 17324 15678 19086 13456 15658 5219 794 4766 9567 20352 22385 11578 5 21 
21 4289 31 21409 6103 20749 31 17076 5 16673 19856 4 10095 7730 1097 14335 8147 22886 15678 14604 14425 20853 5 9193 16468 22463 21551 1190 7850 8713 5 17908 15658 288 31 19484 5 9193 20402 31 4060 7730 31 19969 6103 22327 5 7730 9193 4075 4796 22463 22415 15678 14604 3610 6103 23151 5 5 5 21 21 21 
15678 28 11462 8995 6329 20 27 
21 21 21 15855 17872 6014 4 14604 1114 5 22805 4796 7847 8995 13512 5 5 5 21 21 1737 472 13022 21 
21 21 21 18498 9901 4524 4 15671 15658 12780 1190 16404 22305 5 8443 12780 20402 8956 14481 18498 12780 21596 18498 1190 16404 10366 5 15671 13055 9193 155 17872 10648 15678 15190 5 654 20402 15678 15190 21596 18498 20149 23029 17872 10648 31 10765 6103 23151 5 21 21 
28 23274 28 20 6103 21649 26 29 
1247 7509 28 28 20 7 6103 20474 29 
21 9894 28 28 4 11462 21282 18533 22318 6679 13909 7730 13909 4672 3058 7850 22318 22942 5 22318 7491 18498 452 22318 10268 7730 21680 3952 5 14539 7396 7730 4766 15678 14673 6103 543 5662 4 15658 8918 6103 22318 7730 9901 1614 21842 15138 16404 18498 23135 18779 22327 15678 18498 6679 7730 20402 15138 9808 5 22318 1027 20 21 
21 21 21 20402 9312 7850 21680 12939 7174 7509 14604 18498 21596 10959 6103 22805 18498 20402 12042 15658 20402 866 19854 5 20402 23135 18498 14335 753 31 14426 31 22805 31 4672 18498 9193 15658 22805 7730 18498 4 20684 4 14335 753 31 14426 31 9193 22942 4 20402 4766 20463 12939 6103 21787 15678 3388 16066 4766 15678 20799 7509 20931 19699 7850 9193 19814 5 21 21 22805 22463 22115 16404 7558 
11462 21282 17511 662 4 17458 4766 7847 4 14604 28 20402 17649 4766 835 4 4840 7730 1114 5 8 29 21 
14604 28 20 7 7 7 
3058 7127 20 20 20 20 7127 7677 13512 5 8 29 12780 21596 5505 7127 7509 1114 28 11359 29 

4672 3058 20 
24 16468 22463 9956 7850 9193 3393 20 20402 15138 1114 16673 28 5 8 29 
14604 20853 6391 20 8 29 1114 31 14425 4842 
7127 29 5 871 4672 6075 15138 4179 20 
21 4796 20402 18498 9743 21446 4 4766 8956 13514 18533 3485 21793 11518 11300 0 0 9193 2384 4672 10138 26 1027 21 
15855 2371 28 28 7730 28 28 20 15036 27 

