21 15855 4 28 6103 28 7730 28 28 28 4 15678 28 4538 8995 4179 20670 31 23501 20 7847 5459 7730 20149 753 6 21 
472 15678 4795 20 27 
472 19900 18470 20402 31 18928 6103 13311 7509 28 28 28 20 
21 14604 3228 15604 5 
26 26 26 5 21 
21 26 26 4766 21788 15877 5 
26 26 26 26 26 26 26 5 21 
21 3962 873 740 15643 21596 22564 15678 28 4 8995 2371 18610 29 4 29 7914 22915 17872 23135 20 7730 5226 4 18610 29 4 29 17872 9193 6 21 
28 7850 28 20 
28 20 23135 22805 18498 13512 11477 15678 28 9743 17872 9193 1103 0 20 20 20 
21 4356 5509 5 9193 20244 3906 5 4289 20157 7730 18527 7914 3962 20 1276 7384 4 12901 21083 15651 17438 18610 29 4 29 4 7914 9324 4842 5 15678 18498 20420 6103 9193 20244 9010 14604 7558 28 0 20 28 20007 20 28 20007 20 21 
8995 6075 4179 20 8995 9901 4766 3790 6103 26 20 1540 7850 29 9789 6103 22704 7509 3962 7509 11644 20 7509 3962 7509 11644 5 
15823 6103 26 15855 6103 28 5040 7509 2358 26 5 
21 28 6103 28 4 28 28 7730 28 28 28 20 20 20 20 20 21 
21 28 4 3894 28 14616 4 26 26 26 12863 26 26 26 26 648 0 20 21726 26 20 21 
26 26 22 20539 26 26 
21 28 16811 4 288 31 20931 3790 6 21 
21282 15678 26 20 20 20 15658 6075 17872 16784 20 
918 7850 28 28 20 
9193 12780 20 
28 7730 31 15168 7509 3031 7730 7509 3488 
654 23016 31 14425 16440 7509 19592 20 20 20 15678 9632 3031 7509 28 20 
19592 12552 26 
918 11462 
20126 20 20 20 8 29 
12029 7730 4682 20 
8956 12691 13456 15658 20402 31 4672 13909 10138 0 20 20 
21 
23 20 
15138 15708 31 21793 20 20 20 20 20 10289 6 28 28 
5 5 5 
8 29 
21 26 17013 26 26 26 26 21776 17930 28 13800 5 14418 20 9968 26 26 21776 26 28 28 28 22201 4 28 28 4 28 28 28 28 7 28 28 4 28 28 28 26 28 28 5 
9193 21652 31 3610 7509 2504 20 21 
14604 14550 28 20 11036 20 6075 22463 15256 17872 28 20 
22805 23151 7509 22491 
22805 23151 7509 22491 
28 26 26 26 26 26 26 26 
21 28 23135 20402 7509 21743 6 
7894 6103 5763 
23135 20402 22463 1845 6103 15343 5 21596 21346 7914 1962 6103 20322 5 23135 10122 7914 20352 8871 7730 14273 5 288 18498 21596 18498 23104 2727 7730 9808 7850 22942 5 23135 10122 13909 7850 8871 7509 18498 14273 5 10959 6103 10070 7730 14096 19150 4 15658 20402 165 5 10122 7914 5763 7730 11213 5 23135 20402 1057 4 5523 7730 16072 5 23135 20402 22463 7894 4766 5763 7730 11213 20 26 16673 14466 29 5 21 
27 28 16811 7730 28 28 20 
13301 3170 6103 12029 7102 20402 20027 20205 6 
8 29 
26 26 28 5 4766 26 
21 28 6103 28 7730 28 14184 4 15678 1488 18498 9193 4793 4766 23135 6 21 
21 28 6103 28 7730 28 14544 4 288 6 21 
3047 28 20 
4790 20 
21 26 26 7850 26 6 7850 26 4 7850 26 4 7850 26 4 7850 26 5 
15678 1114 15658 21596 19887 6 15658 21596 18737 4 15658 21596 6217 4 15658 21596 11205 4 15658 21596 19240 5 
8 29 21 
21 23 4 16493 6103 6383 4 1002 6103 19830 7730 2368 14235 0 20 21 
6202 7509 28 
9193 14049 15643 13909 20402 31 14539 20 
28 7850 28 
21 19969 22463 17556 7509 7166 4 9193 17438 22463 3058 15081 6 3488 4766 10142 4766 31 28 28 20 21 
26 28 
23351 
9193 5947 20 
21 4552 28 6 5876 20 1488 16404 28 9743 31 13311 8561 7509 6026 6103 2605 7509 3025 20 20 20 22463 4934 6103 16160 20402 7990 4 9193 31 5320 15658 20402 16162 5 16673 18498 22805 9193 17535 7850 18910 1614 4 8956 17877 9387 6670 29 7730 15678 28 5360 7352 15678 1488 20 21 
22507 15678 21083 23579 1393 14388 669 6 22805 31 16200 7509 28 7850 28 7509 22436 7730 19611 9193 18537 28 28 
21 21 21 6075 22463 748 31 20500 14539 4 19611 20463 4982 21 21 21 
11617 26 26 26 26 26 21776 26 26 1983 26 26 26 21776 26 26 31 26 26 26 12863 26 5 
21 29 26 6 6 26 29 6 6 26 26 26 26 26 4 26 26 20 6 6103 21 
29 26 6 6 26 6 6 26 11617 26 26 26 942 26 20 11617 22 13800 26 26 15803 12863 20 6 
29 26 26 26 16105 26 6 26 5 26 26 15803 14335 6 11617 26 26 21776 26 26 26 26 26 26 26 5 26 12863 28 26 26 5 
2637 10412 20 
15138 21346 20 13512 20 20 
14616 13512 
21 13909 22463 3610 7850 14265 6103 20060 28 5 6990 22897 29 13090 4 6103 14049 5 21 
3610 15596 7850 14265 6103 20060 28 
21 9010 21743 6103 19349 20402 18498 7102 17431 15678 15589 6 21 21 26 26 22 20539 26 26 26 26 26 26 21 21 8 29 11560 6 23273 5 28 5 4766 26 31 26 26 9579 26 4796 21776 26 26 21 
13042 15678 18498 9193 17629 13359 15459 14924 20 22657 31 16689 1540 17872 15658 9901 6075 15207 7914 17406 6103 9548 5 
26 26 
21189 20 
29 29 5 30 5 29 18481 21551 9193 15658 5459 4766 15678 28 16973 20 6 6103 29 26 29 9808 
12901 4766 9632 
21409 12440 5 
29 29 5 30 5 29 654 20539 6 893 21148 6 28 17872 21810 6408 7509 204 29 26 29 9808 
21 29 29 5 30 5 29 23559 15604 4 15604 4122 22765 6103 3723 15604 4 7914 3962 7730 15374 7850 28 29 9808 21 
21 28 28 4 28 28 4 28 13611 4 15855 31 10765 30 20 21 
4796 18498 23135 15658 8995 14335 22805 0 20 21776 2727 30 23554 20 7509 13131 7509 28 28 19703 
21 29 29 5 30 5 29 14604 15604 28 22765 4 18498 4913 7509 28 7730 16647 11462 20 654 9620 4913 22463 4317 18498 3391 15423 27 29 26 29 9808 21 
21 29 29 5 30 5 29 13909 21 21 11907 21 21 4 6990 22897 4766 1097 7509 8 29 29 26 29 9808 21 
21 29 29 5 30 5 29 7127 6103 5291 4 10095 15619 5 8041 4766 31 4016 7914 1188 20 29 26 29 9808 21 
21 29 29 5 30 5 29 11462 9193 14335 7451 7286 15678 26 20 11020 4 13823 4 20531 4 5143 7730 740 19474 27 29 26 29 9808 21 
29 29 5 30 5 29 20402 22385 10962 22805 18498 7847 9901 17703 7914 19900 4796 8995 20 7055 17872 11518 6103 8458 20 20 20 20 29 6 29 6 29 26 29 9808 
29 29 5 30 5 29 22918 15458 15286 14335 19262 31 20352 15138 10962 5 18533 13325 9312 15678 18498 9193 23104 1393 20799 6281 5 29 26 29 9808 
21 29 29 5 30 5 29 23 4 21596 7127 18498 15658 20402 10544 8147 22463 14924 9808 5 740 2727 18498 21596 4672 18498 4 14539 15658 6075 21551 6103 22805 4 21282 6103 13325 13055 22126 3058 20319 5 29 26 29 9808 21 
21 472 9010 11644 20 
29 26 29 9808 21 
31 9634 8995 11020 20 
654 20402 5 9193 9620 31 28 28 20 
21583 29 5 5 5 
21583 29 5 5 5 
3224 4766 4623 
21 15459 10273 4 21793 15190 19969 12526 6 21 
15855 18525 15678 28 16811 13405 16404 15678 918 7509 12552 26 6 28 28 28 26 5 
29 17815 
21 26 2836 26 26 4 13909 2836 26 7509 18498 26 5 
21 15855 18498 10138 4 28 28 7730 28 28 28 12984 6 11560 6 23273 5 19997 951 7730 13991 5 4766 5 3148 28 4766 11454 472 15678 4466 4465 4766 15678 26 7509 2822 7509 10091 4 22463 11066 20 21 
5590 7509 28 29 
3058 19900 6 
21 10959 7509 3222 20 27 15678 28 28 28 28 8637 15678 26 28 16404 9193 5 15643 21596 16098 9594 6318 7730 10959 6103 5174 20 6 
21 21 31 11644 6 
15781 15678 28 4766 28 4 18506 31 14967 6103 10273 6103 918 16066 2822 6103 9042 5 18525 9743 22463 21 21 26 21 21 15459 26 12780 18876 15678 15540 6103 22463 1845 7730 21596 8443 4 18498 18263 31 10273 6103 871 21932 5 5508 9010 21684 7730 4730 13026 31 11729 21 21 5 
26 28 31 26 26 1983 26 21 
16404 18525 15005 7914 28 6 
21 26 20 26 22 20539 26 21075 21 21 26 21 21 20539 20 20 20 27 6 12780 201 4766 15678 21 21 9193 5 5 5 21 21 20 15658 22657 15424 21 21 9193 8995 15138 18527 11462 20 21 21 6 21 
21 17819 23147 7509 1249 6 
28 
8 29 
21371 18533 3224 6103 3863 5 5 5 9193 5 5 5 21267 18498 16393 0 20 27 
18482 4672 10962 7914 29 20 20 20 18482 10765 13512 20 20 20 18498 23016 29 4766 15138 13909 20 20 20 6 6103 
21 15855 18498 13278 28 28 28 4 28 28 28 28 4 28 15520 4 5 5 5 21 
4372 6103 5146 4141 26 
28 
21 21752 31 29 4 31 16083 9193 740 12780 9743 20 7957 13761 28 4 28 4 28 4 28 0 0 20 20 6 6103 21 
21 28 26 26 20402 26 20 
26 26 26 30 26 30 4 30 26 30 8 29 21 21 20749 26 28 28 30 0 13055 4 13055 4 26 28 30 22 20539 28 5 21 21 
21 20149 873 17629 6103 22463 6663 16404 31 4189 16066 17872 3488 20 27 9620 9594 7509 1875 20699 6 1067 22507 16971 4 15678 18498 17304 10795 15604 11644 7730 15604 16378 16404 2156 31 17913 7 21 
28 29 
21266 6323 28 29 
26 31 26 26 20 21596 22463 7127 13512 20 
21 9312 1920 27 
6 
22805 22463 9956 6103 15138 13759 4766 9193 18533 1095 6103 13909 13759 740 20 15138 16580 17438 20357 18498 20402 26 20539 9193 13905 5 
2547 7509 3432 28 28 5 21282 9901 9620 31 3432 27 
27 
6 
8 29 
26 26 5 26 20 
21 29 17960 28 28 6 9956 15291 17438 18610 29 4 29 11462 20 6 21 
21 26 26 26 26 6 26 26 11943 26 15803 26 26 26 11943 26 26 20 6 6103 28 4 28 4 28 20 20 20 28 4 7847 6 30 30 26 17022 30 30 30 28 4 5648 4 12783 4 30 4 28 4 28 4 28 4 28 18498 28 20 21 
22202 17031 7509 3404 9 28 
0 20 
22202 17031 7509 3404 28 

