14425 7509 18498 9833 7850 20207 7730 13026 31 9634 16404 16960 5 5 5 5 5 5 5 15708 28 
20828 20402 16404 15678 10300 
9872 4969 
9872 4969 
9872 4969 
9872 4969 11792 2304 10293 22866 
7730 15671 5 5 5 
17563 18498 1027 
17458 7730 4751 4766 23135 
21282 21596 22463 4672 31 7491 8956 26 15658 7730 6103 28 28 28 28 6103 28 
4766 7847 
21 871 16971 288 18498 15678 215 11259 20402 1453 13909 22463 13727 16404 7447 4 7914 18498 31 5758 16468 22463 21551 6103 20931 10548 5 9193 9193 18533 7491 31 23135 20402 18498 9010 215 22020 22942 4 15658 20813 16673 17605 6103 5174 15619 1097 6103 3224 7730 9518 4 9193 17836 16673 17868 18498 3450 5758 21596 6103 5174 31 5792 4796 28 6103 20931 22942 5 9193 13695 31 28 17438 9010 13727 4 9193 13695 31 28 17324 7847 21596 13398 16971 16404 9010 15704 4 9193 17818 9193 13695 31 7847 17324 9010 1249 14604 9942 15678 238 4796 28 6103 20931 22942 5 15708 28 21 
21739 28 28 6075 22463 21346 11462 
740 15658 16784 31 17599 1027 15138 
4854 7730 18784 11861 
26 7850 215 11259 9193 17511 8147 16440 6103 18525 9193 1027 6281 7847 20402 6103 13909 
215 11259 7730 11792 2304 28 
215 11259 7730 11792 2304 28 
215 11259 7730 11792 2304 28 
215 11259 7730 11792 2304 28 
21 7127 29 6103 13014 15678 18498 7491 6981 7127 5 5 5 3058 28 23135 13055 4289 15061 18525 14018 7850 16620 17324 4778 18498 21282 23016 1603 15678 215 9193 23135 1285 22327 7730 15658 18533 8840 5 5 5 5 662 31 28 17438 20931 22942 7730 18498 20402 1920 14539 22463 21189 21793 15678 28 4 18498 23135 5741 7914 9006 7730 11066 20293 9193 3611 7509 20304 7730 19900 18498 20293 21596 15678 15576 1506 4 1114 7730 15678 18346 7730 15978 4 2727 23016 31 9634 1027 15138 31 9634 18498 28 14335 6075 1027 14604 20693 1027 20402 21739 21 
20670 15678 215 11259 15138 1097 7730 18328 7447 
20149 21596 14667 4245 22318 8637 14667 22898 3960 28 7730 28 22327 13512 21793 7127 7730 7127 6103 20402 9808 
11462 15678 7127 20402 1920 5 5 5 7127 6103 14265 31 20126 5 5 7127 6103 1540 16404 8361 5 5 7127 6103 9743 17233 5 5 5 9193 17836 7127 6103 9743 31 7178 28 5179 14265 31 20126 1027 20402 7174 1027 20402 17931 
23135 12780 16404 9010 13727 0 
14604 16375 
16404 15671 15678 215 11259 13055 4809 5 7957 5219 9193 12408 
31 22821 15299 13909 18498 31 22821 28 28 7509 5846 
21932 16404 217 5 5 5 5 5 5 5 5 5 5 215 11259 2371 12780 15671 5 28 7850 4145 11341 7850 16192 
28 28 7509 5846 23135 7730 15138 8810 22463 17737 6103 28 7850 9193 22942 5 15708 16673 20931 1103 19900 18498 22318 19456 7730 22318 452 17438 22327 15678 18498 23135 7730 17304 7491 15138 4672 9193 21282 22318 1027 13055 2631 5 16323 17790 
18481 13909 9193 5174 8956 12186 13909 9193 21596 22834 7509 17380 7509 15576 16587 5 
21 15253 15708 16673 20931 6189 7730 16673 1114 20244 23135 9193 15658 20420 15424 14561 7509 18498 20402 11462 4 22318 1027 15138 21 
21282 9387 22463 13727 7914 18498 9193 17511 1540 7730 14335 7451 1393 14539 21551 215 11259 215 6103 9634 5766 6103 9943 15708 20304 
15678 14425 6103 9193 5 5 5 5 5 
16404 15678 5548 18498 288 18498 15678 22190 21438 15036 29 29 7850 17819 21551 5 5 5 5 5876 16404 15658 23029 10922 
21 15643 20402 10544 18476 873 18498 1027 16440 5 5 5 9193 28 19900 6103 21793 31 4672 5 2336 15678 20304 8995 16404 20293 7914 15576 5528 4 11462 4346 17324 28 18920 13909 22463 6103 20463 28 7509 21631 5 5 5 5 13749 21 
7847 
15137 14245 
15138 26 
9193 1027 9010 6159 
11462 15678 7127 7730 6318 5 5 5 
15658 20402 16816 15658 20402 20558 7850 22821 20402 1453 31 22942 9193 7847 20244 23135 15658 21596 20357 
15658 16393 9193 16647 10159 
21282 23 4292 7509 16169 13055 14335 8125 6103 835 
22821 
11462 20402 7127 6103 4788 17458 13909 22463 22897 28 14335 11514 5 5 5 16468 23 
17819 7127 6103 30 4766 29 5758 15708 20304 
17737 6103 28 5 5 5 8995 4766 31 9634 18498 21389 1027 5 5 5 5 5174 16971 22385 8810 5 5 5 5 7730 740 16098 7509 16192 7509 20304 5 5 5 5 215 11259 15894 11212 31 22823 835 
22463 17737 6103 28 5 5 5 5 5 5174 16971 14149 5 5 5 5 1540 7509 16192 6103 28 5 5 5 5 5 13026 7509 9634 18498 21389 1027 5 15708 20304 17324 14539 20402 22463 16603 15678 20304 740 14335 1027 5 
1540 16404 8361 5 5 5 5 10122 7071 5 5 5 5 28 7850 5426 
1247 23179 
5018 17267 20 20 20 20 20 
21 15502 20402 9808 21282 20 20 20 
15708 5758 16673 21189 5 5 5 5 
1027 23135 21 
7847 8 29 7 29 
15678 18498 21596 17872 11462 20 20 20 
21282 20402 16816 18476 8995 4766 7847 
15533 6103 12960 12222 7850 14134 28 23274 2070 
15678 18498 18784 11862 15658 20402 15678 18498 23135 21596 7850 22942 9193 20539 18525 23135 21596 7850 22942 
21 15533 7509 17055 7509 28 5 5 5 5 
15855 17872 18525 21596 12513 16721 15658 19255 3058 27 21 
16721 15637 7681 5764 
21932 16404 12780 217 20 20 20 20 20 
9193 7730 23135 13030 16673 28 
21 20126 5 5 5 5 5 5 5 5 5 
21 5174 31 22821 17438 22305 6981 7166 9074 18498 10648 31 21525 7730 31 18352 7509 19635 5 
21 18779 20463 20825 6103 16784 16958 20244 20739 
21 1247 16292 
3488 7509 14049 21189 21 
21 9634 30 9193 22356 15459 20474 29 5758 20 20 20 20 
15708 20304 21 21 31 22318 20402 6075 21793 31 11514 7730 21793 10901 21 21 21 
21 15138 13278 
21 1247 7509 17812 5 5 5 16721 7730 22310 5758 18498 9193 1027 15138 
13048 21282 16404 17297 20 20 20 20 
16721 15637 5758 5764 5 5 5 5 5 5 
10217 5 5 5 5 17563 14245 
21 201 20 20 20 15708 31 21793 18498 6103 871 14031 5421 16404 18498 15678 20825 20149 22266 18774 21 21 17324 20149 22805 13909 13667 20402 17438 8995 6103 18376 20670 15678 15880 6103 10839 21 21 6184 9010 14924 1393 14604 9943 7730 17836 1393 14604 8897 18498 20293 9025 1393 14604 13131 14335 1502 11998 238 9193 2169 14335 6075 10268 16404 18031 4 15708 14604 1114 17438 5876 6103 15576 9943 7686 22310 13669 1249 7730 15643 18910 16066 8774 5 5 5 15708 17438 8482 31 9193 13764 4 7730 18498 15658 20402 17556 5 5 5 15708 17438 9868 31 9193 5204 5 5 5 31 23135 28 9193 9172 11036 14604 9172 1114 5 21 
16721 15658 17563 14245 5 5 5 5 5 
16323 7730 15138 9801 5 5 5 
8443 20402 28 20 20 20 20 20 20 20 20 
21 15138 15457 5 5 5 5 5 5 5 5 11462 20402 14604 7127 6103 12780 16404 31 10197 
26 20 20 20 18533 7491 1547 21446 21 
1549 6103 28 15995 7509 16169 7730 7509 15253 
21 10765 15678 18498 20402 1612 16836 7509 5037 11462 5 5 5 5 5 5 
20402 17872 201 5 5 5 
22327 2727 18498 15658 6075 16404 9130 4 15658 20402 22356 7509 21446 4 9193 15658 20402 17872 21389 20 20 20 20 27 21 
18533 12780 20402 7850 21446 21752 31 10273 6103 23135 30 27 11212 17304 20402 18498 19768 22463 16831 27 
13055 7491 20402 15138 10273 18525 12780 4730 6103 17556 9193 22126 15678 28 7730 9193 16468 22327 30 
16404 18525 288 18498 31 22942 8995 19854 740 21596 10765 9743 21446 27 
21 1027 23135 
21 26 4796 15678 21551 1393 20463 13131 23123 20 20 20 6670 7509 17819 15855 2136 11462 29 1249 20149 16468 4 31 15286 7491 18498 15299 15643 12780 15128 4 9193 7301 4 17324 15138 4672 13055 15128 30 17819 15855 5 5 5 15678 14604 20352 15128 5 5 5 5 15678 18498 20402 31 17838 22463 2093 5 5 5 23029 22463 16179 2292 7730 22019 7914 22463 1114 11759 5 3450 9743 20402 8810 13909 368 18498 15678 1114 20402 31 5211 6103 21793 8956 17889 17324 21282 15678 1114 20402 3735 6103 4886 15678 20402 5 5 5 20402 1920 18498 14335 20357 1393 20463 13131 4886 4 15658 18498 9193 22942 20402 10544 17324 21596 9193 7181 7730 13749 7730 15424 20293 19969 23086 6103 9193 2635 13909 31 28 15658 20402 15678 13909 11861 17324 15678 11861 20402 18525 9010 1393 20463 13131 7850 9975 6103 3450 2635 5 5 5 5 15708 28 17324 1276 7509 9193 5766 15678 20304 13055 11284 17714 15678 28 16404 9193 4 1920 4796 9193 16404 7847 5 15708 16673 9943 13520 18498 15344 10433 7509 15576 1114 4 7730 18498 16673 18195 1249 9193 22942 5360 20539 15128 5 5 5 17324 15678 16468 20402 13512 9193 16404 20402 13325 4 15678 17737 7730 10530 20402 17976 16404 20402 23104 1393 13131 6103 18525 20149 1027 22318 1027 9193 22942 20 20 20 20 21 
21 22463 16753 17797 7509 9193 10273 21282 15908 20402 29 
22657 20 20 20 20 20 20 21 
9634 17737 6103 28 
21 12780 20357 15138 20126 6103 23135 21 21 16721 15658 17563 13688 21 21 
20402 15678 29 20262 6103 16611 21 
17304 9594 15138 4672 9193 21282 9193 22318 1027 13055 2631 20 20 20 20 20 20 20 20 20 
21 28 13591 20402 17819 21662 16404 15678 21446 20 20 20 20 
14464 20402 22463 11514 17304 16439 9010 14924 22385 8810 4766 23135 21 
21 8956 9193 15424 19900 18498 9387 27 
12780 17872 18525 15658 368 9193 13055 20402 5486 27 21 
9193 18533 22805 8956 3962 17872 3962 7509 15190 20 20 20 20 20 20 20 20 20 20 
16404 19089 7730 16367 6103 18910 
21 18525 15643 9743 12862 18498 2050 15678 17819 17664 
28 8956 20402 17872 23135 
26 20402 10962 10389 20 20 20 20 20 20 
18525 30 28 0 
21 18498 23167 6103 8995 7850 215 5 5 5 5 5 5 5 5 5 
9743 15756 20 7957 9743 21446 14539 21 
21 21776 6103 10548 
15708 28 15424 22463 9308 7914 4869 21776 7850 9574 9743 21446 27 21 
21 2371 18498 23167 6103 3903 22463 13679 5 5 5 5 5 5 5 5 5 5 5 5 
13055 16468 21 
15963 16673 28 7730 28 1067 4766 17290 
21 21776 12780 7957 16404 3962 9193 18533 9594 18498 9193 740 368 20 20 20 20 20 20 20 20 20 20 20 20 20 20 
7509 16404 23029 
12780 20402 28 21 
20725 21776 21596 2154 6103 28 7730 15678 20402 28 12780 8406 7914 3629 20 20 20 20 20 20 20 20 20 20 20 20 
21 2154 6103 
20290 20402 16404 201 21 
21 21267 7850 30 28 11462 20 20 20 20 18533 22126 15678 26 22386 7509 28 4 9605 15138 9605 15138 9193 19484 5481 15424 22463 5 21 
4796 20402 7188 16721 7174 7850 14336 6103 21389 11686 20 20 20 20 20 
21 2371 18498 7722 7509 28 11462 12780 12960 20244 21842 
26 20 3222 27 21 
7576 21596 20402 28 7914 28 5590 16404 10657 20463 12333 
14668 7509 9193 22942 7730 10437 7509 15576 1114 

