21 20402 28 4 29 6103 20460 4 29 4 29 6 29 
15585 14480 15677 29 5 29 
15658 368 9193 26 7509 28 15018 7730 15424 6103 15502 7509 10010 4 8956 4 9743 23135 20149 20357 22463 16065 7730 20931 9634 21752 21793 31 5721 6103 20463 1679 5 14604 16587 654 14335 15855 4796 20149 9193 1502 3213 6103 10602 5 5 5 21 
15127 6103 1190 7850 10010 7730 21752 31 3512 26 26 
21 31 2725 7730 31 9840 5 5 5 2725 31 7277 6103 17790 7730 31 9840 31 2442 6103 2352 5 
10279 6 28 28 4 21793 15678 7277 19418 5 21 
20149 20402 4788 21282 20149 20402 7850 12961 5 
21 8995 22327 2727 654 4 15678 26 13055 4289 31 13186 4 20402 28 20402 22463 13727 14425 21 
17877 0 8995 21596 
873 20318 16066 16673 14466 20402 30 16393 5 
21 8956 4316 20402 22327 7557 14539 4 2136 16404 19900 15678 7127 7850 3550 23135 21596 18498 19450 22463 8515 5 
21 21 16292 21252 18498 23016 20402 18470 7127 21 21 
21 21 31 14604 9942 20402 20558 4 21282 19450 2371 21 21 21 
20670 15678 7127 7509 15311 5 5 5 5 
21 28 28 4 28 28 4 5739 18498 8956 18379 19563 15678 20352 6103 11462 5 22463 10127 4766 18471 7 20 21 
26 11617 26 5 5 5 
21 6118 22463 6026 1614 4 288 18498 10473 5 
21021 4 4878 5 21 
21 28 28 28 4 26 14331 4 20402 23135 12787 0 21 
2126 17555 4672 14335 12834 13909 7509 18498 15678 8438 7509 2930 5 15678 18498 14335 5139 20402 18498 12861 16468 6408 7509 28 22 20539 26 4380 6103 15289 5 
21 15678 7188 15658 20402 2050 4 20402 3553 31 14780 5 21 
21 28 30 4 4766 7589 28 28 21 
15138 10405 8956 28 26 5 
21 11590 
13375 23135 165 5 21 
21 14454 7509 22942 18772 6 15678 3906 31 23491 18498 15658 19900 31 11518 6103 16367 5 10273 4766 7809 8810 4 22146 7730 22327 13909 21 
16753 17605 7509 22942 5 11617 26 26 20 
2685 7509 14847 6103 5758 5 18533 21596 4913 6 
11617 22 13800 31 26 20910 
20670 3058 14924 4766 7589 28 
16633 29 4766 16058 5 
21 10283 0 15658 4 15424 22463 17556 5 6 29 21 
28 28 8147 22463 4581 6 
30 21063 28 
21 15502 19456 31 4407 4 2136 18476 6 21 
12861 20402 30 20670 7509 26 5 5 5 5 
827 9193 22942 13909 7509 18498 16582 5 5 5 9193 15643 22805 15502 22223 4766 16582 
26 26 26 
20402 15678 6006 18498 3124 17872 15671 2685 
3450 22897 13909 22805 18498 26 21726 9010 15138 13909 16404 866 19206 31 498 7509 18498 31 5758 5 5 5 
20244 23135 15299 7509 4179 
21 21 21 31 15619 15658 14335 18533 21282 17458 9193 12960 7607 4 7607 4 7607 4 13055 13026 7251 7730 9769 7558 3124 5 21 21 21 
14370 20931 2053 16375 5 28 28 28 18498 17461 8956 12787 0 
15502 19456 31 4407 
21 4796 14018 31 21942 4 6670 15678 21551 13909 17830 5 5 5 21 
14454 7509 22942 18772 6 15678 3614 18498 15658 20402 28 5 
21 11066 794 4 13909 22463 22897 9193 20304 7509 4436 3031 15061 18498 20244 7847 15658 6075 16404 20149 10211 5 21 
23016 6103 1826 14163 18498 9193 12780 6103 30 28 
21 20463 28 8995 22782 6103 22327 5 
6073 31 17556 20402 15678 26 29 7850 28 5 21 
21 22805 28 17090 15658 20402 17635 4766 23135 4 9193 20402 18498 7850 20463 3962 30 20149 16393 4766 22463 5692 6103 9707 20402 22463 5692 5 5 5 5 21 
28 28 654 23135 8386 0 
21 9193 17304 21596 16836 4796 20402 18498 20402 8995 7914 19136 20264 4 9193 2371 12780 18498 15678 3790 19474 18498 9010 7850 9769 5 5 5 21 
8147 7509 26 6073 871 1249 
26 26 22 21298 26 26 26 22 18740 26 
4766 8956 17807 12780 21596 18498 16647 22463 23572 14539 5 
21 4796 19450 20463 17877 7850 21631 15260 6 
9 4229 23488 5 21 
15708 17438 14335 2133 2136 7914 28 18498 9193 14539 15658 21776 14335 21154 5 23135 22657 16067 5 28 28 5 
26 26 1983 26 26 
21 19549 9975 7730 31 654 19900 9743 15965 7914 13788 9074 16404 31 9193 20304 7509 4436 3031 7 
30 30 23 30 5 21 
28 28 20244 16169 6 29 
23135 352 7730 9743 16275 17872 23135 5 15311 18498 22657 16067 20402 16083 29 5 
19946 5 5 5 
21 6408 6981 9956 4 21282 22463 4672 4 22110 4 22110 5 5 5 21 
26 4331 30 
28 5 
26 26 1631 26 26 
21 28 15018 4 8995 2553 2136 7850 26 4 21752 15678 8655 7509 3047 12787 20 20 21 
26 7512 26 26 26 26 0 
21 5621 14604 3388 7850 28 4290 7730 22564 2625 13098 22 28 30 26 4 8995 2371 15678 23570 19522 21 
21 4796 15138 4 23016 17769 9193 11477 31 22463 11020 11592 18498 6103 9707 14335 15061 15678 18498 20402 11590 6103 22821 5 
4796 7491 26 6 21 21 22463 11020 16784 5 21 21 
22463 6103 20931 11020 18379 
11678 11617 20916 26 5 5 5 
21 19525 7509 12961 5 
18197 5 6408 14156 15678 19509 7509 15416 1614 5 21 
21810 22463 30 17872 8241 15678 15190 6006 
21 22318 1027 15427 15848 27 
2702 
28 21 
12780 21596 5505 20539 
21 2371 28 6103 28 4 20207 22318 13405 5 21 
2725 16655 
26 26 26 30 
21 26 3510 28 28 4 22318 8918 9743 29 1249 12861 1614 4815 27 21 
15034 29 6 29 
21 17818 5 5 5 3058 7127 5 26 26 26 3148 3148 5 
18197 5 13033 18498 15658 20402 9193 18498 9743 8956 15704 5 21 
21 
9 

21 8995 15138 10405 4 7730 7850 10405 9193 21596 15138 11670 3058 5 5 5 26 
21 28 28 4 15424 14076 18498 23135 21596 9790 4417 6103 28 4 7509 11518 12787 7 21 
7730 13055 20149 16468 29 11518 7730 9193 21582 4289 7850 20446 5 5 5 23 
21 7957 12780 918 0 
21 4060 11617 26 26 26 26 
26 26 26 26 21 
9808 7127 7509 15253 6 29 
16404 5 11617 5 13800 5 16404 5 5 15678 
8995 7914 7693 8406 31 17819 30 23575 5 5 5 
21 28 17090 4 7957 4913 22463 26 10691 21793 31 11029 7850 20799 7730 4687 7850 17478 7509 9574 5 21 
20813 31 14426 15311 7509 15190 8644 16585 7850 20931 14847 7730 22318 2322 29 28 6408 5 5 5 
28 20402 2727 10569 6 29 
26 26 0 20402 5 5 5 5 8995 4179 
21 16056 4766 17080 20402 10544 4 18533 22805 4766 17121 6103 2454 21 
6103 11636 2288 17495 4766 18016 14602 19244 5 
21 9743 8956 8330 7914 22463 11111 1393 18470 9193 16429 4 3058 10959 6103 13909 15936 20670 4796 15678 20304 15988 20463 17602 6103 4796 5 
31 947 20402 6 
30 9785 17438 4434 7509 1815 
30 9785 17438 2442 7509 1815 
30 9785 1393 13131 7509 1815 
30 15643 4796 12861 5 21 
3058 7127 17872 23135 18498 201 6103 22805 7558 3790 20402 2473 5 5 5 
26 26 5 5 5 7850 3790 15658 17872 15658 9066 15678 22771 5 
21 21 21 12863 22 20539 26 26 4 21075 26 26 12863 
20402 21075 12863 22 20539 26 31 26 26 26 26 26 
20402 14335 12863 22 20539 26 31 26 11943 26 1886 
26 11617 22 13800 26 21776 26 26 15803 26 22 12863 26 26 5 5 5 21 21 21 
918 7850 21932 5 5 5 16066 9743 22463 21932 7850 21932 5 5 5 5 
13909 22463 16404 31 4711 
17738 7509 14604 1114 
21 9808 29 1249 14335 712 4 27 288 18498 21282 9193 15253 14335 1027 6 16404 4 8995 8561 5 
22611 5 5 5 
19229 20402 23104 
21 29 1249 20244 20647 4 28 30 30 20647 20 20 
9193 12780 9743 6103 22463 20647 18498 7847 15658 12780 20647 20 20 20 21 
21282 20383 5 27 
21 18494 18498 9193 12780 14335 8918 6981 11402 
4346 4066 20 
20126 28 
21 20357 15138 31 20931 9620 4 23135 15658 19969 7509 9193 3393 22463 14763 5 18533 18498 17511 20293 8995 13030 5 19900 18498 20402 7562 22327 12861 4 9193 15658 18533 22318 16784 17438 15299 5 
15658 11284 22463 15533 18498 9193 17511 16468 20244 18498 23135 23016 14335 23051 7914 14604 20826 4 21355 8995 23104 22463 20825 7730 21842 16404 18498 7847 20402 16404 20293 5 
22318 1027 6329 5 
28 28 21 
15678 28 6256 21389 15678 4945 7850 9193 15256 6551 18498 13055 15424 19900 13909 15678 18498 17525 
21 29 29 
15138 1103 4 6103 6389 7730 20402 7509 17782 21 
21 26 9 9 9 9 9 9 26 
28 20463 1679 20402 12754 5 26 19173 21 
21 8995 2371 5 
29 1249 6103 9130 17872 8235 21596 31 14425 6223 6103 16007 31 15692 5 21 
29 15266 4766 8956 5765 13512 5 10941 20293 17737 5 7730 21282 5 
11462 18876 22463 6324 6103 5483 3790 27 5 22657 3790 5 
7730 4289 6981 14512 
21 7279 7509 1249 6103 29 5 5 5 23 4796 9193 12372 8956 23523 5 5 5 19867 3790 
12960 14031 27 
26 26 28 26 5 9971 6103 20247 26 1983 11561 6 28 5 4766 26 28 11617 29 
26 0 
18784 8810 
21 27 
21 21 23 21282 3124 15678 5621 7509 28 22556 4 23559 6103 7730 5 21298 7730 22463 3616 26 13528 21 21 
17818 18533 662 31 21793 18498 14335 753 15458 6152 5 5 5 11462 6592 18498 20402 10716 
21 23 4 27 4 8956 16367 740 12780 6075 22463 3459 5 
22318 1027 22805 
15138 15708 28 16673 17738 5 20559 9652 5 6 5 
28 26 
29 15266 15138 2727 340 5 
6130 7509 4385 5 3058 28 5 
20497 
27 5 5 5 13033 18498 15658 6075 15299 17872 7847 21810 
3450 7127 18498 16468 18533 8995 13909 13026 31 23135 5 
21 7585 22 21298 26 26 26 
26 22 18740 26 26 26 21776 26 26 26 26 26 
7585 22 21298 26 15803 26 
22 4060 26 26 26 26 26 21 
21 29 20262 7509 9574 6 
26 26 
26 26 
26 26 
26 26 
26 26 
26 26 
26 26 
26 26 
26 26 21 
11729 18498 14425 6219 8956 20262 6781 
26 26 26 0 
21 26 26 15678 26 
26 26 26 26 26 20402 26 
26 22 18740 26 16105 26 26 21 
21 6408 6981 4 12780 2136 7599 4 27 21 
29 29 
21 31 4127 6103 22463 5767 4 7558 3790 6103 4257 15855 17872 22463 16083 6103 11052 7850 4387 21 
6 29 
21 12780 4 13575 22463 9142 14480 5 5 5 14335 20357 23001 21 
15577 6421 4766 26 5 16468 3017 7509 10628 
6 29 
21 27 4 21282 31 10765 17872 20149 4915 21 
21 27 4 21282 31 10765 17872 20149 4915 21 
28 5 5 5 5 20149 21787 7850 26 9193 4913 7730 12780 4766 23135 
21 27 29 15266 2116 4 16674 6103 2530 5 21 
23 5 5 5 

