26 7509 28 
26 
26 30 22 20539 22215 
21 4289 31 10273 20 15678 
28 21 
21 21 21 7914 19225 31 16431 6103 14464 9193 3623 15822 6103 26 15803 26 4 12025 15678 28 7730 15678 4469 6471 4 31 26 10628 12296 18498 15658 9743 18475 21743 6103 7403 6103 11205 5 12959 6103 18475 11205 17304 16429 7509 21870 4 12027 7914 8525 14807 5 21 21 21 
21 28 
28 
28 
28 
26 6103 29 5 5 5 20 
19900 18498 12780 20444 16404 871 4672 20 30 21 
10131 20 
30 
23 5 27 
6 
27 
30 
21 10753 5 
7730 9193 21596 8956 11644 1276 6103 19969 6103 3962 20 
14425 8930 21 
21 23174 7850 23474 16404 15209 7509 22805 4 3564 7850 5528 20 8 29 
15209 7509 17425 26 18258 15803 26 
20402 10544 6 
29 5 26 7850 10273 5 
29 5 5947 31 10273 5 
21 
21 16066 4796 9193 22805 15637 21752 5 5 5 
21 21 15678 22588 18498 20402 15138 3341 20 21 21 
27 21 
21 7730 2371 4 10606 20 
22463 7509 23222 4 7509 3643 23 13566 4 9901 17989 20 
23135 17304 5097 22463 17556 6103 4796 20402 15678 26 26 4 4796 20402 6389 7509 9157 7509 28 7730 21371 4796 20402 6389 7509 19711 28 20 
18481 31 10273 4 9193 8995 20369 7730 13055 12780 17525 5 
16630 6663 16673 6361 17458 4 15658 20402 5 5 5 30 21371 9743 22575 7730 19900 4796 20402 8414 6103 21932 7730 20247 6103 18069 20 16404 
30 4 30 20 15678 21 
21 17458 9193 15643 16721 15510 0 20 
27 21 
21 21 21 28 15678 2783 155 6103 26 4289 20 12960 11115 2136 29 6103 13903 21 21 1575 2371 4 1097 6 16404 21 
30 20 
23 19083 20 
21 27 
19083 21 
20402 15678 18498 9193 16721 18476 23135 7491 18498 20402 7509 12589 
21 7509 23523 18498 9193 9130 5 
13909 6103 29 6103 5982 11617 15637 14539 20247 5 26 
27 21 
21 28 28 
5219 18779 8956 17875 6103 29 
27 21 
23351 26 22 18740 26 0 20 

16404 19089 7 
30 
21 23575 7127 6103 26 20 6 
16440 19711 28 21 
14090 6103 11462 5 
21 13909 22463 7127 7850 26 10628 5 
11462 20402 2727 17914 20 6 21 
8147 6103 15987 6103 9224 7850 26 10628 20 29 29 29 29 
21 26 10628 28 18610 29 4 29 21 
26 22290 16559 20 
8147 6103 15987 6103 9224 7850 26 10628 20 29 29 29 29 
21 20402 13909 6103 29 15987 20 
21596 10765 7509 28 12526 1614 5 
15138 20870 13284 5 
1540 22463 11209 4 15658 21681 26 7850 17211 7730 8995 8840 14604 11124 28 5 27 21 
21 26 6 30 4 6103 14550 7730 19740 
7509 8933 16404 31 7277 
27 21 
9157 7509 28 7 
16440 26 10628 20 
27 
27 
21 16066 9193 4289 13909 4099 5 
16066 9193 15658 4289 1983 26 5 
27 21 
21 12787 5 
27 21 
18498 10131 20 6 15678 
21 12577 20 
6 21 
21 26 22374 
8918 18498 15658 21596 21738 7850 11890 7730 15658 12780 5219 11898 31 19416 5 
9 9 21 
21 951 19083 7850 19416 6103 16967 6103 14196 5 
27 21 
21 9743 19416 16404 22463 14307 7509 9574 18476 6103 19324 9193 5219 6075 22463 9365 15444 17872 3805 4796 4882 5 
8840 18498 31 30 15658 20149 11862 4766 15678 26 5 

21 21 1603 15678 13397 2806 4 20402 15392 7845 22463 7501 16066 3467 6103 3629 4 7850 18470 15678 16966 1264 31 18553 18498 15678 13405 31 8637 15678 11111 7730 15678 21535 7509 16967 4 2727 4796 31 7728 31 20402 20025 7686 15678 9130 5 15678 3467 20444 6103 28 6658 6103 21793 31 9422 23104 16673 16966 7686 31 16967 5 7850 15190 5333 2118 4 4163 17438 21480 4 8956 3467 17304 20402 22463 11049 16066 22463 5995 6103 23222 4 15678 18498 8339 15678 21932 5 
26 26 10060 4 17819 21552 
17304 4491 4796 9365 18498 4 7850 17819 21552 7509 20420 21 21 26 10060 21 21 4 7359 7850 28 4 15678 4425 21 21 28 26 21 21 22602 22463 11049 4796 3467 6103 3629 16404 9743 15678 19142 6658 6103 20463 9132 20670 15678 14556 21 21 26 28 21 21 4 18498 20402 20463 15692 6103 9130 7914 22463 7509 8503 8831 7847 20149 18549 20670 15678 4901 6075 16918 7730 4 7850 14539 8503 4 7847 14539 19474 15678 18498 16836 7850 28 16468 4 5013 4 1920 4 22463 16440 6103 20463 9132 5 21 21 21 
21 26 15803 26 13480 6103 26 7509 22575 
8995 1614 16404 6075 22463 23570 15588 17872 4156 13616 6 
20402 5474 17872 4847 1393 21 21 17819 8147 6103 15987 3172 6103 9224 13480 1393 26 15803 26 21 21 4 20402 9193 28 29 7730 29 6103 153 7730 29 6103 13903 4 8995 7850 8686 7509 26 10628 7914 20402 28 4 4766 22463 17521 23051 17950 1393 9157 7509 28 5 
21596 29 16971 18498 20402 5474 16673 28 582 4 19363 15459 9224 20931 19455 4417 5 
12783 4 21371 4 8147 4766 26 18498 12780 16200 991 6103 16083 18498 12780 6075 22463 18285 7850 8686 5 
8956 21 21 17960 21 21 20402 23151 13909 16404 31 18553 6103 4964 4 4796 8155 7730 9224 4 22002 31 9422 7509 22588 16404 20402 7509 12960 4 16066 20402 4 15658 12780 22092 6103 26 6103 28 4 26 4 26 4 8406 16083 5 
20293 18498 6075 4 21582 11051 7730 14018 7850 26 28 15678 18498 9193 17304 5 18070 16878 871 11054 6389 7509 9157 20 
21582 20007 871 23222 7730 10273 20293 18498 17521 7730 6408 31 17525 21793 13026 7850 14604 16822 7730 7850 16822 7509 26 22575 6 
7730 13332 4 8995 13761 16673 4964 7730 22126 15678 18498 20402 17521 6103 12301 7730 4672 2389 5 15678 
8995 7360 31 13359 18475 21050 18498 18533 9743 20 
30 30 30 
19822 7730 400 15678 21684 7509 1095 28 28 20 6 16404 
18197 6 11729 14500 11720 8147 7850 28 11729 4 16404 9971 6103 6 21 21 4229 31 2031 21 21 30 21 
6 
12759 9129 5 
15658 20402 0 
26 30 
21 21282 9620 15678 21 21 22383 2369 21 21 18910 
27 21 
21 14823 28 20 
27 21 
21 8995 10131 5 
21282 15678 14594 13055 20402 18610 29 4 29 20 
6 21 
21 21 21 21793 15678 16953 1164 20149 19081 1393 10828 7509 10976 28 28 18201 5 21 21 21 
9193 7850 29 5942 5 
21 18195 16468 6 28 18604 7730 15319 20 
6 29 21 
15678 
22612 5 
21 14425 10837 6103 5 5 5 26 22374 20 
27 21 
30 
18533 8995 13761 6 22 
21 16673 14466 15658 20402 29 
27 21 
21 13055 9743 9008 4766 15678 28 11284 22463 1249 7730 22310 15266 5 
17458 20402 18498 9193 15643 16721 15458 20794 0 27 21 
18476 31 28 8995 4766 10183 5 5 5 
28 28 28 
21 2136 16393 1612 13693 6103 9910 4426 20 
27 21 
21 3790 5 
9193 26 17872 8956 9956 8995 15138 13905 7509 18498 16404 15678 11154 4502 5 
11154 4502 1453 4796 9365 11720 20 
21 16972 6103 9314 21371 5219 20402 19782 20 
17316 15669 28 5 21 
18498 10131 5 6 
21 21282 1920 4 15658 20402 0 20 21 
21 21083 26 29 
30 21 
21 17316 21236 5 
21 14604 5528 20402 22463 17211 5 
27 21 
21 31 12960 20402 23522 5 
31 11477 20402 10131 5 21 
30 
21 26 5 5 5 
27 21 
27 
21 991 6103 340 31 26 26 7509 28 28 4 15678 18498 13909 9743 7914 22463 15533 6103 9833 0 
13359 20670 868 17876 4 20402 4524 5 
15678 18498 13909 14335 4229 31 2031 0 
14298 20 30 21 
21 12787 4 15855 8956 28 20 18533 8995 13761 6 22 21 
21 9312 20 
9193 21371 16721 15510 7850 7576 20 
27 
21592 7509 5265 21 
6361 9193 19969 20 
15424 21596 15678 18498 4793 5 5 5 
21 22765 5 
15855 15678 15669 7509 17380 3170 5 5 5 
5 
15658 6075 16404 13405 31 21267 5 21 
20402 5371 7730 15658 10959 7509 28 7730 15678 18250 15658 20520 20402 31 9721 7509 11802 5 
27 
27 

21 16972 4 
14335 753 31 15658 21596 6408 8956 20262 0 20 
20402 20558 4 20402 21282 19474 8956 16967 18498 9193 14984 16404 22463 14307 7509 9574 20 
20402 17555 16836 4 8443 13405 7850 15252 29 14764 20 6 
27 
6 
430 31 9124 6103 11154 4502 16404 8956 7576 5 26 28 
9193 15678 13894 5 5 5 20402 11836 20 
430 31 9124 6103 11154 4502 5 12780 20402 8956 7576 20 
21 30 14820 7850 2125 5 
30 4766 20326 6103 11590 7509 15510 20 
27 21 
21 8956 14307 8995 9324 7730 15138 2727 9431 5 
13359 4 12303 4 21810 22463 15936 5 
12861 550 31 21793 5 21 
21 19866 26 
22861 1393 23104 7509 23489 30 26 11943 28 
21 16066 31 10765 15128 16404 26 28 5 
6 21 
6 15678 
21 4796 13055 7491 15678 28 5 
7957 22564 31 11644 6103 21 21 13591 14506 21 21 4 16440 1926 871 15928 18498 15658 4730 8956 13494 19676 6103 10332 5 21 
15678 12960 15658 19474 7730 15678 10797 6103 21412 21371 22110 5 
21 13301 6103 26 5 13405 26 7850 4874 7509 26 17458 15678 12960 22110 18476 9193 238 31 16440 5 19179 15678 4945 4 15678 28 19450 2124 21 
21 288 8956 13591 6103 21 21 14640 21 21 28 28 4 29 7783 5 
18070 15658 20402 14604 7730 9193 201 8918 6103 7110 21371 15658 20402 7509 2807 5 
7102 20402 7509 23523 18498 9193 9743 21 21 12675 31 14640 21 21 7914 29 5 
20402 6103 873 0 6 23135 
26 6663 20 
28 28 28 2398 28 28 28 28 28 28 28 28 28 28 21 
20803 31 2125 7509 12963 18498 9193 13909 12960 17438 15266 13055 6075 29 7509 5658 14470 18498 31 23104 18533 11857 5 21810 7850 5859 8956 15928 5 
20126 20 6 23135 
12780 21793 21810 7850 5859 5 
18610 29 20149 20402 29 
20402 22327 5891 7509 20634 20 20 
4356 4380 29 
21 28 29 23274 29 28 
21161 3625 28 6 
232 28 29 21 
27 
27 
21 28 4 16066 10131 0 20 
27 21 
26 21315 19907 17111 20402 9074 5 5 5 27 
21 22463 1095 14604 8995 22782 21594 14608 4 873 12578 0 15678 21 
21 6097 9193 3537 7850 14119 18498 31 7419 7509 9193 3962 2136 31 9574 20402 6103 29 4 29 5 
21153 18498 15678 10060 5590 31 22463 22767 15260 6103 29 11211 4 7847 9743 8956 16778 7914 1583 29 7730 29 5 
4796 9193 10959 6103 20402 15678 10060 7730 17304 7599 29 29 31 13909 21793 15678 28 5 5 5 27 
15444 26 21 
21 15678 21932 1373 7509 3790 6103 22463 22516 7509 28 20402 14307 7509 9193 28 6103 28 29 7850 17356 5 
22575 9 22516 6103 28 21 
21 7850 18772 9193 15643 5219 19969 7509 11474 16216 5 
27 21 
21 22597 18449 5 
909 4 8918 6103 1937 15678 21953 6103 19754 26 5 
6 23135 21 
24 
21 12787 
8956 17065 6103 26 10060 8995 15138 10131 
7730 654 9193 17629 1937 26 
27 21 
26 21776 26 26 26 26 26 
21 3794 4 8360 6103 22942 10131 20 21 
21 472 18476 12861 349 20 
27 21 
21 238 21050 6103 19751 6103 17211 5 
2557 4 6103 17659 6 16404 21 
21 29 8933 
9193 1612 29 8995 7850 7277 20 21 
21 5891 7509 28 28 
8995 8720 18494 22327 7509 1249 29 5 
27 21 
18498 10131 6 
21355 5 5 5 20 
15678 
21 12787 5 
21596 22463 10273 7509 28 20 27 21 
21 9241 7509 19830 4 6103 29 2136 29 20 
30 21 
21 12863 22 20539 18772 
12863 22 20539 23040 18772 
23 21 
21 18498 10131 20 
27 30 21 
21 28 28 
27 21 
21 26 26 20 
15678 21 
26 
15678 
21 12787 5 
30 21 
26 
21 17819 22897 18498 8995 340 4 6103 9707 4 31 30 5 8995 22463 17556 5150 4766 31 15127 6103 5995 9193 8995 7509 11518 20 24 21 
6 
27 
21 23 5 
15643 16098 9594 6981 28 20 6 15678 21 
21 20402 26 26 20 
15643 9743 21389 20357 5 
16689 18498 20402 22463 17022 20 
27 
18525 1937 0 20 
21 10765 5 238 18884 3972 16404 21908 5 21267 4 15658 6075 13909 5 8995 18494 15036 1614 5 21 
22385 16647 16958 7850 3222 6103 17819 6103 153 20 
17872 4809 2727 8956 20472 5 
21 15922 5 
15599 3058 1393 30 20 21 
9901 7157 
28 20225 6103 28 
873 5947 31 31 21266 7439 0 
21 12787 
27 21 
21 9193 5 9193 472 31 17461 7509 28 26 5 
17438 9721 5 22564 26 5 
22463 7127 9193 740 6075 26 26 7509 28 20244 2322 5 22 21 
21 28 28 
26 5 
28 28 21 
21 18498 10131 20 13055 6075 16404 12960 20 20 20 
6075 26 18498 31 17478 7509 22144 15658 9769 17458 31 3315 6103 22463 3790 9901 17729 7850 17478 5 
5758 1869 20402 5758 1869 20 
26 26 6 31 15286 6103 26 7509 26 15803 26 8995 22385 10131 18498 9193 15658 18533 13909 13635 21282 16404 8722 20 27 
21 22597 18449 
27 27 31 
9193 21371 15658 368 5 
9193 15678 14604 2647 6 16404 21 
0 
21 12861 6073 20402 7509 23523 18498 9193 20402 12534 5 5 5 
18494 10648 22463 26 10131 7509 28 28 6 23135 
9193 9193 22110 7850 18498 17519 20420 15678 17354 6103 28 4 18498 2136 11462 9193 15658 9743 11644 6103 4796 19450 5 22 

20402 15678 21 21 6472 28 26 11192 21 21 6103 29 5 21 
21 11284 29 1249 2116 5 5 5 
28 16227 
19083 21 
27 
21 21 21 26 26 22 30 26 26 26 26 12863 22 20539 26 21776 15924 26 26 26 21 21 21 
21 7730 11462 15678 28 14335 21048 1937 26 5 
15678 15678 22 21 
23 5 
21 14975 5 
27 21 
21 288 18498 20402 31 28 18525 7491 12861 22463 7127 5 
27 
20149 9193 13055 8995 12780 7599 4 20402 18498 13055 8995 21409 5 19703 21 
21 7585 22 21298 26 
10907 10907 10907 21 
15678 
21 14335 13480 7509 20497 7509 26 5 6075 17872 8720 22463 17556 5 3790 4 9193 18533 8995 13761 20 27 21 
21 26 11943 26 
21 12780 9901 4369 15678 6193 11462 20 6 
3058 20497 4 1097 20 30 
5947 17438 9193 20 
27 21 
7509 26 26 21776 26 31 26 26 0 
21 201 6103 13325 6103 22463 9707 8302 5 22463 22897 5322 22463 8057 15568 7730 7491 18498 9193 20402 7509 28 5 19474 4766 6 21 21 28 20 21 21 21 
26 26 26 26 26 20 30 
27 
21 27 
26 5 15458 9193 16721 18498 9193 20402 15678 7174 7730 21282 9193 18498 5947 17915 7509 7127 740 13909 17458 155 22463 7850 14604 3610 6103 3962 4 11284 17556 13909 6103 7558 15266 9193 16393 18498 8995 7850 14856 4 8956 14506 4766 21806 20704 5 
18197 6 15678 11124 6318 20402 3058 20539 4 7730 15678 6103 29 5960 14466 18498 22463 26 20 20 21 
21 16066 9743 16440 7509 17998 5 5 5 20 
21 201 6103 1937 21 21 21025 26 21 21 5 14604 6011 9439 4 8995 13026 15678 18498 20670 6318 6 23135 21 
21 21596 21 21 28 29 21 21 7850 28 4 9193 15658 21596 15678 17819 20 6 21 
873 16404 12960 7585 22 21298 26 0 6 23135 
9408 2442 20402 22463 3369 5 28 26 26 20402 7509 3805 20 
26 28 
21 3790 5 
18498 9542 15678 6103 31 20 21 
21 21 21 26 26 26 26 26 
26 11617 28 26 26 26 
26 26 26 
26 21776 26 26 21 21 21 
15678 7696 7509 22359 30 7509 28 8995 6329 20 6 22 
12327 20149 26 20 
27 
21 14539 18498 31 9408 16404 8956 9956 20402 2442 15678 18498 20402 3058 0 4 13055 21596 14604 21726 20 6 16404 
26 26 21 
21 20472 4 29 
26 17022 
21252 4 29 
3962 352 31 29 
21252 4 29 
1247 7509 28 
21252 4 29 
8930 26 7750 4 7850 28 29 16971 7850 1429 
21252 4 29 
26 7750 
7576 4 29 
30 22575 
7576 4 29 
20927 4766 31 28 
4766 7277 31 26 6070 7730 12963 6103 21314 2136 31 29 
20207 4 29 
3962 4 16440 7599 
20207 4 29 
352 5 
18498 9975 6103 20247 12399 20402 8956 0 
18533 13909 21 
352 5 3790 5 5 5 20 18498 9975 6103 20247 12399 20402 8956 0 20 18533 13909 
26 26 7750 
21 201 7850 28 5 
26 26 7750 21 
1021 7850 26 7750 
26 7750 
21 26 7750 
21282 4809 20 21 
15619 16375 
21 9010 20402 22463 17960 7914 18498 9193 17785 9743 16673 14466 29 10273 16404 14984 22463 4561 4766 31 9193 22942 1393 29 1249 5 
8956 23489 20402 4681 8443 20149 23135 21596 22463 10273 9193 4815 8406 29 29 29 7730 29 29 29 4 20609 31 23167 7914 18263 1614 7730 9743 16440 7384 30 21 
21 21 21 17511 17760 15678 16849 7730 15678 3720 
7730 15502 654 12780 14335 1081 
4766 31 9193 14487 4 12780 31 14667 13727 
7730 31 11733 14335 6075 10268 17872 23123 21 21 21 
21 21 21 26 26 23360 20 
14604 4932 20402 20293 
22773 20 20 20 21 21 
3759 28 8 29 
18197 6 15658 19900 23029 15678 23222 5 21 
21 18525 7491 18498 21282 20500 20402 15444 0 20 
21 21 20826 6679 794 
20402 873 4766 22463 17304 13905 
18498 23135 13055 21596 20 21 21 
18197 6 15658 19900 23029 15678 23222 5 21 
21 26 26 26 20 
26 26 26 20 
8956 22287 20402 19854 4 9193 20402 5960 2750 20 
27 21 
14799 28 
28 20 
21 1097 5 
17629 6103 22463 6026 7509 28 5 
17304 14335 14018 22463 4 17438 9721 0 21 
21 15678 6011 21282 18812 18476 15678 5528 18506 5 5 5 
21 
21371 8995 4125 7251 20 20 6 
26 17022 26 7750 28 1247 
21 17629 6103 13311 7255 17872 12960 20 
27 21 
26 17022 1022 5 20402 7850 14539 13727 31 16741 26 20 26 18498 10131 20 27 
7585 22 21298 26 15604 18962 6 29 28 5 5 5 30 22 
18498 23016 13909 20 6 
31 2304 4809 20 
18525 2371 21596 7585 22 21298 26 26 0 7957 12960 0 6 6103 29 16971 
15580 20 6 22 
27 
27 
18533 9417 6 15678 
21 7585 22 21298 26 20402 15138 7188 20 
13055 15036 22310 22898 5 5 5 
6 21 
21 17819 22897 7850 21 21 7585 22 21298 26 21 21 20688 29 28 21 
21 15458 11518 9193 18533 20402 5758 5 
27 21 
21 9193 16784 31 9193 2647 
6 15678 
26 9314 
21 28 4 20931 1095 14018 22463 134 6 16404 
9193 21282 4289 7914 3962 654 17556 17872 17525 20 21 
21 10217 5 
26 26 10907 20 21 
21 17458 15908 20402 13688 5 
20845 9961 21 
11518 6103 20149 1820 16404 12780 1393 10217 20 
26 28 
14307 12577 5 5 5 20 
27 
21 20539 20 
27 21 
20402 15477 26 
21 7730 4766 9010 21953 9193 9769 15678 14604 7127 5 
3058 15533 4 20304 7730 6052 5 21 
21 1097 17364 
17629 6103 22463 9721 
6 16404 21 
27 

21 21 21 15643 16468 20 21 21 17931 4 871 23274 5 21 

