26 26 26 
21 873 14335 9431 17458 22327 18449 18498 9387 22385 4730 20514 0 0 0 
5 5 21 
21 14055 16404 15658 2156 15678 11857 6103 15604 5 6 
26 26 26 
21944 15678 20520 7509 9193 21434 5 
9193 7850 4393 5 22657 16673 10273 28 17076 28 
20480 20244 20402 23188 18498 
27 5 9193 3790 
21 23393 31 22942 4 15922 4 20402 21282 20262 5 21 
18525 15658 7102 15658 21535 6 
15585 7509 18069 14018 2702 
16404 31 1095 6 29 

21 7730 21793 18498 20149 23151 7730 7491 18498 7102 9743 31 7178 4 15678 21000 5 21 
7 7 8 29 
21 15658 4 8840 5 21 
31 16971 636 4796 20149 15678 16468 15658 11862 9193 12430 7914 4807 8564 18498 9996 22463 7127 15643 21596 349 5 
6 
21 30 30 4 30 30 4 30 30 4 30 30 
21 19525 7509 2154 6103 11462 6 
15138 8 2625 5 21 
21 7730 15678 14604 18674 20402 17316 5 
18498 15658 14335 892 
9193 18498 9193 3558 21225 
21 15678 1114 201 18476 20931 15311 15658 10959 6103 28 5 
8 29 4270 21 
21 26 26 22 18740 26 5 26 22 20539 26 5 26 
21 11284 22463 6601 7850 21551 5 5 4356 15678 7127 12526 4 13761 7914 3962 
21 26 11617 26 26 26 5 5 
21 21 21 23 4 6361 15658 
7509 16083 13131 22385 22730 
5528 7850 22115 
20244 7841 6103 7284 
20402 21570 4 20402 22823 
15678 703 14335 8840 
15256 7850 10159 16066 7850 10731 
20402 9074 31 20319 
11139 15678 3720 
2727 7850 4381 
14915 7847 14604 8832 
910 8661 20244 16155 
6472 31 9193 13301 
9901 879 31 22760 254 
18779 4781 21 21 
22615 5 15658 5 29 21 
21 15833 26 14335 26 21776 26 26 
21 21 21 2136 5621 15678 18191 6198 17304 20402 16852 5 15643 20149 19900 18470 20402 15678 6198 18498 21225 15576 7788 12526 21 21 5 
28 28 21 
21 5 5 5 
21 11560 6 23273 5 28 5 4766 26 0 22615 29 30 29 
11617 26 15906 26 11617 26 26 11617 
28 26 26 26 26 26 
26 11617 26 26 26 11943 26 26 
26 26 21 
14425 10343 5 27 
26 26 26 
27 5 8956 7102 12780 17872 20313 5 

8443 15658 20402 5 27 
6 
21 9193 11654 4 22385 20813 5 21 
21 3805 4 20402 31 29 8905 6981 20247 18498 21776 13359 18498 20402 9494 5 18293 26 4 19690 15416 7730 654 15678 26 16004 5 5 5 21 
21 21 21 20149 23135 15658 368 7914 7419 4 4796 17304 9193 368 7850 21551 0 21 21 
22612 4 20558 5 21298 22615 20539 5 18481 13905 31 7419 4 14465 15678 21551 4 20402 17438 12861 18498 9193 11915 31 4672 5 21 
21 9193 17509 20670 31 19225 6103 11205 18498 21596 20402 7319 7730 25 6 
21596 21389 17877 18498 31 20709 17629 19450 1276 6103 18533 6075 20794 17872 22327 4 7730 17438 12861 15678 17877 12755 6103 20149 19450 4 20149 21858 13905 5 
1393 20149 16721 6 
15658 20420 13909 10544 8361 7850 8632 7278 20670 28 7730 14996 7730 12027 110 15678 17635 7914 20931 7445 10211 7730 18498 15658 20402 17555 0 
7730 20670 7804 20475 15658 20420 13909 10544 7802 15678 498 0 20402 7847 18498 12960 20463 22666 15138 22898 7406 7730 6103 9707 12287 20931 5758 5 
20402 7188 16765 18498 31 13749 17438 11688 15658 4785 7850 20194 20475 0 7509 14539 10211 18498 15658 20149 7102 238 23014 4 15658 20402 4179 11857 15955 20475 16066 19456 10268 8406 11205 5 19456 20402 866 18498 21793 15190 21596 18498 21596 17438 15364 7850 14924 18498 7459 15678 14539 8806 4229 17230 5 21 
8386 0 
30 18498 13512 
17872 18476 14335 9605 20670 10405 31 7558 
6 
17629 9130 5 5 5 5 7847 7491 5 
21 5 5 5 7730 15678 18498 15658 20402 15658 20402 4 9193 19900 18498 740 12780 23151 4 9193 9193 18525 20402 0 21 
21 21 21 31 3718 6103 1114 12716 15678 1114 21 21 5 
21 21 21 20402 22463 16971 498 15678 21036 16404 1959 31 5228 7509 20463 2073 5 21 21 
21 21 21 28 21371 4 9193 15658 21282 4 15658 21282 5 5 21 21 
21 7730 9193 15658 5 9193 13055 288 18498 15678 20537 22657 16067 4 
17438 18606 18481 13909 9193 10447 7730 5590 4 
18481 13909 12301 18876 14466 16098 
15678 14604 18191 11092 6103 20725 4 
13909 7706 7850 22730 5 
3805 8956 15286 14335 19525 
2442 15678 26 20539 17458 15678 3790 20402 3058 5 
20402 15138 1114 
21 15963 4 20149 15658 20402 9193 18525 13909 12780 6146 15678 18498 20402 3058 17872 9193 0 21 
21 23273 5 28 5 4766 26 0 22615 22765 29 29 
11617 7585 22 21298 26 4 26 11617 26 26 26 21776 26 21 
21 23273 5 28 5 4766 26 0 22615 29 28 7730 
26 26 26 26 26 4796 26 26 4 11288 28 26 26 26 21 
21 23273 5 28 5 4766 26 0 22615 30 29 29 
26 26 21 
6 15678 
23135 21596 23394 23394 23394 23394 23394 23394 23228 23394 6103 4245 6103 9193 16647 

