26 21776 26 
20402 5758 23 
21 21793 1820 
10273 6 28 21 
20457 1249 6103 1114 
14425 14924 7509 15533 6 16647 15678 20919 28 654 12780 28 7730 28 5725 18498 6324 10273 28 
9808 7127 
26 26 13136 
26 26 
1453 13325 18498 6 
26 22 20539 26 26 8 29 
26 26 28 5 4766 26 
19969 7850 2176 8893 26 28 28 28 28 28 30 28 28 28 2606 28 30 28 28 28 15460 28 28 28 28 
31 14856 11773 31 22942 28 3948 
12780 21726 20 28 
20670 15678 16257 
26 26 30 
9808 7127 15187 7509 13591 8 29 
13055 22805 17915 20256 1393 28 7730 9901 7850 7728 0 31 10765 9431 20 6 
8995 16429 7509 23174 7850 26 20 5174 15678 17960 7730 16429 23135 21371 5 
10765 16404 18498 8995 14619 
30 28 28 28 
28 28 28 28 28 28 28 28 16811 28 28 
21279 7509 9193 22942 
10273 6 28 
15874 
30 
6075 9193 15936 6 20402 11210 7730 7991 5 
5947 31 22942 467 
20238 
23 17461 28 28 28 28 28 28 16811 28 28 
9193 
21 21 21 9193 20402 14604 23174 5 14604 23174 15658 20402 21282 16404 9193 5 14604 23174 20402 16404 21793 21 21 5 21 
21 12780 9743 22463 4672 7174 11462 0 7914 22897 6103 9594 22463 14984 4 12780 6075 22463 13471 0 0 
21 21 9588 18498 336 15678 17297 5 
4796 336 0 15678 20402 11570 20402 6678 5 7847 18533 13909 7509 22942 4 4796 18475 16971 5 21 21 21 
20402 5758 23 
28 28 28 1095 9193 16098 7730 20357 20126 7509 10765 6070 6 
21 11462 9193 18533 14018 1612 134 17872 23135 18498 7491 18498 15658 9387 20009 17872 18525 20402 17297 7730 8995 31 14173 7509 20709 4 18498 2524 3058 20402 2524 15036 5 22463 2700 21 
9193 18533 31 14539 4672 18498 9193 2336 7730 9193 15253 18533 14466 11474 16065 
21004 
20402 15138 20739 
21 9193 11462 
10273 6 28 21 
21 26 26 21776 26 
11617 21776 26 26 21 
21 28 2578 8995 3450 7127 13909 19671 4 7847 20402 17307 5 26 28 21 
14604 28 12861 20402 15138 14149 
29 17106 1249 
873 753 9010 17297 1229 
8 29 14425 11165 
20238 
9980 10648 9193 22385 20825 10674 6103 1658 6103 28 20 28 
21 26 26 4 15678 20497 13909 13512 18498 18498 13055 22805 13656 21 
1027 20402 26 26 
23 18498 13512 21787 2975 28 19169 7509 28 8 29 
3058 7127 
20402 6981 
15658 9387 26 22 20539 26 22223 
21 10648 15678 8943 6071 20 20402 21675 20 15708 14464 4 472 31 21189 20 15708 16673 3870 20 21 
1247 21559 4766 26 7730 28 
6 29 
21 2371 4 18498 10141 6 29 11561 6 28 5 4766 26 28 11617 29 21 
21 8 29 8 29 26 8 29 8 29 
21 7850 14924 4 14860 5 28 3148 21 
21 12861 20293 14426 14604 7127 8 29 
8995 13359 7730 21083 18930 20 
22632 14796 8615 28 
951 1614 7509 29 1190 
21 9193 10765 4 17304 12861 0 21 
21 9193 21282 18533 7491 18498 6 
22805 26 21 
21 8956 1249 20402 12094 11066 31 23135 4 15424 5 21 
8 29 
4346 15138 4766 14604 17737 6103 28 8 29 
21 26 26 21776 26 26 26 26 
26 26 26 26 21726 
11617 22 13800 31 26 26 4 26 26 20912 21 
17438 9721 
19703 9176 
1407 16673 17737 20 28 
21 15658 9387 18638 7850 28 
21 
21 12780 9594 6072 21743 6103 26 4187 
11462 14335 21858 15821 22463 15144 19671 5 
21 11998 16673 28 28 417 21371 31 3222 31 29 5936 20670 9193 6 
29 21596 20222 12787 4 6103 11636 15138 7176 7730 18498 20402 12092 2389 7730 15138 18533 17438 9193 5 
29 6103 16468 7850 22882 9193 21282 21596 23016 17872 20879 17872 12780 7850 28 4 18476 23016 17872 5980 15658 19900 15424 1190 6103 14600 5 
29 5219 7172 7277 6103 8933 2136 11462 5 
29 31 13359 4766 29 1249 7730 31 5655 4766 29 5 
29 10702 5 
29 10959 6103 9743 5943 6103 10694 17458 472 5695 5 
29 1540 11559 7850 14604 17819 8051 
29 20402 15683 16673 9193 15253 5 8 29 
29 9193 8408 7914 10548 8633 9901 4766 14378 6103 6514 31 8678 5 
29 15678 14426 14924 7509 9193 12319 15770 7914 28 17790 7850 3962 7509 9193 17812 28 7730 26 5 
29 14539 18910 15138 4 472 9193 17939 7730 15658 14335 11731 9743 16083 4672 5 
29 9193 14335 892 20813 6103 28 20149 20402 17521 5 21 
21 21267 14539 0 9193 18533 19900 18525 7491 18498 873 17304 14335 110 7850 28 16404 14335 21 21 7901 21 21 4 17304 20402 16404 14335 4229 6103 10962 16066 17872 7491 6103 10211 10138 18498 14604 20853 20402 13512 2936 2936 2936 5 23135 15658 21596 9010 7277 4 26 5 11043 5 
18498 0 
14604 28 
21 18533 10648 15678 2667 6103 24 7509 18389 6103 22 15963 20 
8 29 8 29 8 29 21 
21 1027 20402 26 8 29 
12780 21153 18498 9193 8995 1409 17438 8956 3224 
9193 9942 8 29 
29 29 21930 29 29 
9193 21438 4766 21389 20126 20 28 28 26 
8 29 
20725 17461 28 
21 1453 8995 21596 22463 22287 
9193 288 22463 10151 8 29 
12780 21153 18498 9193 18533 22805 21793 15678 26 
201 6103 14335 5074 1393 4044 13591 16404 18876 7157 16922 7 
15924 10696 28 
21 8 29 
3807 5 
21 8956 30 20402 9193 5 
21 8956 10273 20402 21083 22765 9193 31 10765 8995 22385 9808 18498 9193 21596 18498 17525 5 26 16323 4 1027 15138 23135 8 29 21 
21776 11686 0 
26 
21 21 21 18481 1393 15144 7923 4 16721 18498 17658 8995 21282 7509 18498 13923 340 5 21 21 21 
21 26 10907 26 5 
20402 5758 23 
21 8956 21743 6103 1114 15658 20402 17872 9193 4 9193 17908 16083 21743 6103 642 5 
21 1453 8147 15678 28 13909 13512 7509 15190 5 
8995 1453 18854 5 
21 8995 4346 
10765 
21 20402 29 6 29 6103 22463 7576 9193 8995 7599 7850 3962 7509 9193 30 4 5013 18498 6 31 22942 8995 14149 5 21 
21776 15658 26 9172 6103 1114 8 29 
2031 1097 26 13520 
14335 1409 17438 8956 21684 5 
21 288 8956 22861 15138 14425 18498 31 7509 28 26 5 
23 5 
14604 28 4796 9193 15790 10702 5 
9193 18498 4672 13512 
21 1027 20402 28 8 29 
8155 15658 3998 18498 7017 3916 20 20 20 28 26 26 26 26 26 2418 28 26 26 26 26 3058 26 4189 28 
4796 20402 18498 9193 17511 14335 13591 7509 10680 6981 1114 10962 0 26 28 
17438 9721 8350 6670 13055 20 8 29 
21 9193 18533 5621 15678 3388 5947 6103 15604 4 873 14335 753 5 21 
22821 
12146 6103 18498 15678 9975 6103 20247 8995 4809 2727 6 21776 22805 16753 14797 4766 28 26 26 26 8 29 
21 16673 1114 6103 28 8 29 
15941 5 
7730 7850 9975 288 21987 5 
14425 18352 8 29 
21 9193 21776 4346 4766 15678 19522 7384 
28 5 4766 28 29 16971 18498 30 21596 18498 6292 7509 28 30 30 21 
21 18339 18498 16404 8 29 
21 30 15036 0 0 
11462 9193 15658 21776 3391 7914 9193 8 29 
28 30 30 
21 8995 4346 5509 5 
11617 26 26 5 
21 28 11462 20402 20463 7127 9193 3391 31 9193 11462 21282 662 5 15708 16673 5222 4 16673 15880 17872 4346 4 16673 19699 7730 17836 16673 5107 5 1027 23135 20 654 22126 15678 26 17438 9721 21 
21 3058 15533 4 1027 15005 7850 28 21 
21 7847 13055 14335 4796 4 9193 12780 15005 4766 7847 5 
1453 18533 21793 28 15818 
21 26 11617 26 26 21776 26 26 26 
26 26 26 26 26 26 14335 
9901 1614 31 7157 7509 20247 
15678 28 16563 15643 20402 22385 3086 30 
9010 20402 9193 11462 5 
6 
21 13512 21409 8 29 
9193 7491 18498 12861 20402 11875 
21 16673 1114 6103 28 19089 
21 23151 15658 22 26 8 29 
8956 7127 20402 13688 30 
15924 10696 7850 16323 16404 26 
21 18476 23135 16468 31 14049 12526 3702 12861 20520 18498 6 8 29 
9193 5 
15138 10151 4766 26 8 29 
21776 15036 
21 8 29 
21 14565 26 26 22 18740 26 26 
21 11462 9193 19969 6103 3962 20244 23559 4 15658 19900 20149 6256 7914 3962 4 20149 16784 7850 28 4 8235 4 18910 15678 7127 12526 17438 15658 5219 22805 15299 15513 5 654 31 29 11518 14335 6075 5320 18498 6 21776 22805 15678 15190 13909 3086 5 136 21 
21 28 7509 7127 5 
21 10328 4 1614 14335 21596 6103 19153 21 
21 12861 21282 5121 31 9193 21592 6103 18498 9387 22463 1945 7509 10943 19857 6103 20879 5 
18533 9193 15424 6103 23151 20 
4352 15658 6219 3952 
4289 8 29 
21 26 11617 26 20402 31 26 26 26 4245 
26 26 21776 26 26 
11617 26 12863 26 31 26 4 26 12863 26 26 31 26 26 
18533 30 14464 28 
20539 8 29 
3058 7127 23151 28 
23151 28 11560 6 13800 5 28 5 10889 5 4766 19841 28 15588 29 29 7914 28 15144 8414 17377 3760 18498 20402 22092 4796 9942 5 11559 
17438 9721 21932 
20205 29 7509 14049 7730 31 20931 3962 8995 21793 773 7730 23135 15658 5219 9594 4766 15425 19483 7850 18159 5 23570 5 
21 28 28 7850 14243 4 163 12094 8 29 21 
8 29 
21 9193 10765 
1027 28 7730 1027 4331 26 28 
28 14604 17737 6103 28 
21 28 26 8 29 
21 2031 28 28 18831 28 28 28 28 9193 18533 22463 6981 20149 23029 23135 
16404 15678 5969 
21 349 4815 21793 22897 18498 16647 22463 23572 17872 28 5 
20539 19900 
26 26 8 29 28 28 28 
21 11617 26 26 26 26 26 28 26 26 
26 22 20539 26 26 26 11617 26 28 26 26 26 8 29 
21 21776 10138 
8 29 8 29 8 29 
8995 4346 11561 6 23273 5 28 5 4766 3081 6103 15481 3172 
21 17818 3058 15533 5 
1453 20402 10943 15459 7576 
6679 31 21793 31 12353 22942 13669 8 29 
8 29 
21 8995 20244 16192 5 
16323 31 21793 15678 8464 
21 21 21 15425 14031 6103 21898 20402 22385 5434 18481 20402 15708 31 2133 16971 7509 18470 15658 20149 17304 8611 21 21 5018 21 
13086 3365 6103 20689 
9193 15658 21596 5891 
21 26 11617 22 13800 26 26 11617 26 12863 26 
26 26 14335 26 8 29 
21 6557 4 4766 3790 6103 4346 4 12780 15036 6103 20126 20 23151 28 21 
15678 7826 26 6103 3450 7127 9193 6097 11462 5 1027 5 
6663 20149 31 4284 14335 1027 20 472 31 3678 2414 20 
20539 
22463 16107 6103 15616 7850 28 15818 26 26 9693 12863 26 
16323 31 21793 15678 8464 
21 20244 17377 4 20244 23014 18055 20879 21 
21 9193 15658 20402 14054 4 9193 8995 7850 26 7509 28 11462 4788 22463 1247 5 15678 18498 9193 22805 20402 18370 4 20402 10765 4766 14378 4 10765 5590 6103 3059 6103 7809 14996 4 10765 21282 21438 7850 28 21908 17438 4060 7509 11199 5 20402 5684 4 20402 22463 7509 4672 13909 11532 18498 9193 13055 22805 7850 22942 5 21 
654 16404 6103 20402 16553 7850 5859 7730 9901 18910 7509 14058 5 
8 29 8 29 11617 26 26 26 26 26 26 5 5 5 26 26 11617 26 22 18740 26 26 26 11943 26 26 5 8 29 8 29 
9743 9620 21793 15678 28 5 
21 4796 20402 3058 352 3702 18737 8 29 
23135 12960 20402 
15678 1114 18498 9193 22318 6075 
15678 20825 18498 20825 
12861 15658 20149 9743 21 
9901 1614 14604 1446 5 
28 28 7730 28 28 16367 26 4289 
7279 7509 10240 20 28 26 7127 7509 15311 28 
21 12027 4 8995 16630 6336 15459 12459 5 
21 8995 4346 
21 20149 9387 4102 23135 20293 20402 12222 16404 1027 8 29 
8995 17958 9743 26 6103 26 18307 5 
21 1027 20402 28 26 26 26 8 29 
21 
3058 21409 8 29 
11462 8995 15138 20734 
22942 6 7110 9193 9645 7730 14604 3388 5 
21 9193 18533 21389 18498 23135 15658 10447 6103 9193 4 9193 20149 20402 9193 4 9193 10447 5 21 
21 29 6 29 7509 14049 7730 13055 8995 22327 22463 3720 4 15708 13539 22840 5 21 
11617 7585 22 21298 26 21776 26 26 12863 5 11617 7585 22 21298 26 21776 26 26 12863 5 26 11617 28 26 26 5 11617 26 21776 26 26 21776 26 26 5 
6410 17872 9193 3962 17438 10767 
19900 15658 11300 

