21 15658 21776 9594 6103 16986 4 15658 20 21776 21282 9594 6103 19456 1393 15144 14539 20 21596 15138 10765 18498 288 7188 6103 8386 31 7178 8406 15678 7558 19703 21 
7847 15658 20149 6075 1393 19456 20 20 20 20 8956 15658 20402 17872 3962 15658 5 5 5 23 23 
28 28 13325 873 0 27 
16436 6569 7730 6157 20 20 20 20 
6202 31 17286 7850 18268 20402 15658 5174 31 11454 7509 18268 20 
11462 5 
15678 3790 14780 7850 18268 20 20 20 20 20 20357 31 9193 12159 20 20 
21 21 21 4766 31 17286 6103 20402 28 4 6670 18498 23135 1502 15678 11802 23135 17304 6 5762 22463 8806 23015 7850 2277 5 16559 4 217 13761 17438 29 11518 20244 15425 17877 4 17035 4413 7730 19450 7850 5459 4 676 4402 4 676 12979 4 676 15144 5 23135 740 10648 22463 5364 17438 12861 5 
9193 20149 23135 8995 7850 28 7730 19450 16630 6340 7730 7491 18498 15658 12780 21596 10927 15678 18498 349 0 12924 6103 702 17872 4434 0 5364 0 18059 1393 16526 0 15658 5 2478 6103 3109 7730 3059 14539 5 21 21 21 
18268 20402 6340 5 18268 20402 19441 5 
28 28 
28 28 
28 28 18476 31 10765 15658 19900 15894 12780 5 5 27 
6340 0 
16673 1114 
28 30 1114 
733 9193 7491 22327 
733 8995 
8995 6103 15855 
23 
21 4970 8956 19415 10889 20 28 15005 4 20402 31 9721 7509 12737 4 9193 6103 10211 11686 31 21793 15678 5611 4 7730 15658 5371 22463 16440 1453 5 8956 22728 4 15658 14924 22385 8831 4 21282 14335 9743 5739 18498 15658 9387 12578 7914 201 4766 31 5614 4 11284 20539 22463 12578 7914 201 4766 22463 16440 4 13640 31 5614 5360 5 13170 4289 31 8956 17406 20 18470 20402 31 18195 21583 0 21 
31 16971 13909 8627 7509 14058 5 5 5 22657 19323 31 18553 7509 9456 7730 5241 740 31 11868 20550 6103 22463 11729 
30 0 
28 28 
21 15108 4 23135 8995 13688 0 21 
873 13325 7509 4262 7509 9632 17895 7509 19404 7850 28 0 
28 28 
8956 11474 
654 12780 2647 16255 21371 
15678 3790 18498 18910 7509 18498 15424 16468 7730 5799 15144 18498 20738 191 21793 26 7127 5 18498 0 20 
23 
21 29 6103 14230 15658 20402 22463 7127 6103 453 1393 15144 4 20402 22463 7127 6103 5216 7730 13749 20 21 
4796 8386 31 7178 7509 14378 7509 11474 7730 7509 15144 7914 22463 23577 11729 
9193 3790 17872 7127 6103 11462 5 5 5 
28 28 
21582 14335 8436 28 28 
28 28 
21 21 21 31 16645 20402 8956 6 15678 3790 20670 16673 8590 19760 7730 21238 16647 31 15256 6103 16083 3790 4 6408 14018 22463 17163 7730 2702 5 
20402 5935 16765 31 18824 7509 11474 6 8797 7730 19653 5 17872 18525 15643 21596 20931 12648 23001 4 17872 18525 5879 15678 5574 15658 20402 5241 18449 4 22463 21787 7850 15256 20402 22463 10826 22452 5 20149 15678 11474 16468 17438 22463 7127 15678 18498 15671 15144 16468 21793 15678 28 4 15658 719 15424 14336 11518 5 21 21 
7491 22327 21 
1027 
6408 18910 17872 9820 
21 15658 4 9193 14527 21 
18525 19900 1022 
21 21 21 15658 20402 18639 4 9193 5 5 5 21 21 21 
873 
21 17438 13909 15258 1920 4 20725 21 
28 28 
28 28 18476 31 5758 13055 20402 7635 27 
21 21 21 15424 13819 15424 9819 4 9193 1506 15678 11572 21 21 21 
31 19775 5 5 5 
23 1095 
3532 7730 5133 
28 28 20293 13325 6103 23135 20 27 
22463 7630 18498 2136 23135 20402 15708 31 23104 5 5 5 28 28 
28 28 27 
28 28 
21 654 20402 31 11518 4179 6103 11020 4112 18498 20149 7491 9820 14057 20 
3962 5431 4 6075 2136 17872 368 18498 22564 15678 9819 1453 17438 7251 4 12255 20 21 
1027 
21 28 28 20402 4 8443 20 21 
28 28 
28 28 
9193 14539 11462 
4516 9193 
17654 6103 28 
26 
4346 
2403 28 28 
28 28 
28 28 
28 1027 27 
21793 22897 18498 21787 28 27 
1027 
21 10889 4 13055 6075 4 8995 0 
8302 18498 15299 20402 9594 20670 15678 9707 6318 17629 7949 15138 14464 17872 21 21 9569 21 21 4179 4672 4 18498 7847 14539 20149 6374 21 21 7808 21 21 16971 2082 17438 12979 6103 29 2136 15678 29 1249 4 6318 17520 28 4 15658 17872 17525 15299 4 9193 17872 20202 14464 14465 6103 11636 7730 17106 4 6318 21596 7491 871 6981 4672 7850 18191 17950 4 17438 12861 31 19653 6103 28 28 5 
9193 20402 4524 4 22463 19415 18498 19774 15678 9142 4 31 21898 18233 7730 15678 1967 20475 7850 20931 23575 15609 4 12780 4766 4181 1502 8956 21743 6103 21061 20 21 
21 18498 6141 4 28 28 21 
20244 4795 20 
28 28 28 28 
17872 8627 6103 22463 22897 
17872 19102 
21 18638 15658 17304 20402 13045 17438 21 21 6641 7992 21 21 7102 1393 21 21 23523 7509 1249 21 21 5 18498 22834 20 21 
20670 1612 4799 9158 7509 28 
3450 22463 4807 31 5614 18498 8995 1393 20463 794 5 15658 5891 21282 15678 10982 7730 16404 6103 6075 15678 12939 3170 7914 22327 5 5 5 
28 28 
28 28 

