15138 22821 7914 22463 23489 21282 20 20 20 
5 5 5 
13512 20 20 
8 29 8 29 
21 10765 4 8956 13512 20402 15678 28 4 8995 6075 13194 21557 17872 7847 4 9193 14604 1429 20402 15138 16753 7730 7847 1027 18281 7730 5590 8443 17629 288 22463 13727 13512 4 11020 7730 4290 6103 1114 17872 23104 20 17438 9721 4 18525 21596 12578 7914 486 8406 7914 5322 4815 5 753 31 7480 20 20 7 20402 20244 7728 15678 14425 4841 6103 18525 486 5 5 5 8995 7914 20879 4 20402 13821 7730 12780 19900 13909 7055 6408 18498 13420 1393 28 20 20 7730 8414 3996 21371 20 20 7 21 
21 
8 29 8 29 8 29 
21 5 5 1114 18498 15658 20149 14370 
18498 15658 20149 19335 5 5 5 8 29 21 
5 5 5 7730 22318 2169 9743 20537 7914 21793 13727 5 5 5 5 8 29 
1114 7509 21739 20 20 
23 28 28 28 5 5 28 28 7730 28 28 5 5 12780 0 
21 8 29 
20402 9808 20 20 6 6103 27 
18476 9193 23151 5360 21056 20 20 6 20539 27 
28 8 29 
27 
15821 10211 20 20 20 
27 
6 
21 9193 21282 21596 12861 31 7491 28 28 28 28 28 
26 26 20 26 26 20 20 21 
17872 20293 20 20 8 29 
8 29 
15658 9387 20577 6103 1114 13905 27 6 
17458 9193 15643 14335 3697 6103 1937 5 5 
4289 9883 20 20 
21 8 29 
21468 15242 
27 30 28 
21 4289 7576 20 20 
6 
28 30 8 29 
28 28 28 28 28 8 29 
8 29 
21 21282 8329 9193 19466 12780 14335 13325 6103 23135 5 5 5 8 29 
8 29 
6 6103 
27 
21 7730 12255 9387 12763 16083 5 5 5 5 
26 28 
28 
26 
28 
4468 26 12787 5 26 28 26 
28 
8 29 
21 8 29 
7 

6 
21 26 26 28 26 26 

13512 20 20 
7730 4796 17972 20402 7720 5 5 5 9620 29 20 20 27 30 
21 21 21 20293 23135 4 14604 20749 5 5 5 21 21 
21 27 9193 21582 15658 4854 4 9193 8956 15658 19440 20 20 28 28 28 28 28 28 28 26 28 28 21 
20238 9037 20402 4766 15678 3439 14975 
21 21 21 1114 18498 15658 20149 16630 
1114 18498 15658 20149 14370 
18498 15658 20149 19335 5 5 5 21 21 
21 21 21 23151 17629 7509 21680 20853 4 20402 22327 20244 20357 
17629 6103 23135 1614 5 5 5 5 21 21 21 

7914 871 13727 7850 21551 15671 740 8995 13026 5 5 17872 20293 9901 5 5 5 
21 5 5 5 
28 5 5 5 7847 20402 6329 20 20 6 
11617 26 12863 20 20 
4809 2727 15678 7127 20 20 
13512 20 20 

21 13512 13512 20 20 
3633 26 29 20 20 
6 23 
27 
21 13512 13512 20 20 
13512 13512 20 20 
28 16816 20 20 6 6103 
14577 17872 29 16784 16958 7850 9012 27 13512 20 20 
30 28 
5 5 5 
9808 28 20 27 7 6103 
6 
16440 17753 18101 7 27 
2136 5737 20 20 27 
15855 28 28 5 5 5 21596 18498 12780 7914 22463 20497 21282 6318 20 20 6 6103 
4469 2504 7509 28 20 20 6 23 
9867 20 20 6 6103 
7 
29 28 6 6103 
21 31 5995 15658 753 15138 4 14244 21596 21738 27 21 
21 6061 15678 15190 
18476 23135 20852 5 5 5 
21 
21 20149 18525 9193 1027 21596 1114 17438 9193 
9193 19900 18498 740 8995 13667 7509 9971 
8443 12780 23104 
7730 22463 7127 31 10765 20149 8147 5 5 5 
17438 9721 20 6 22 
27 
17458 9574 20402 4672 21267 7 27 
8840 9193 15253 17872 7599 7 
21 5 5 5 
21 28 28 28 7730 28 28 27 20402 20202 31 7157 6103 26 6103 23135 7558 5 5 5 5 8406 7850 9 9 11560 6 26 5 10115 5 5 5 20402 7850 21 21 1409 21 21 27 7730 23016 13640 6103 3790 21 21 9193 17629 7491 18498 22318 1027 5 5 5 21 21 7730 21282 21596 15286 13512 14604 27 6 15138 3058 20 20 
23 2371 20402 15138 12446 20 20 27 21 
9193 19900 18498 7850 10484 7847 14335 1027 20 20 27 7 
21 5 5 5 
21 4289 7119 6 6101 
27 22385 9193 20 6 
15604 14443 7509 9634 
22942 7188 20 20 7 27 
9241 14996 21282 12861 20 20 
21 7 
6 
21 
21 22463 3590 7850 14336 7509 8686 4 9193 18533 12861 20 27 28 28 28 28 28 28 28 15855 12861 20 20 7 
21 10606 4 20149 13480 7850 10273 5 5 5 15658 21596 6663 27 5 5 17629 12780 27 7 11561 6 23273 5 28 5 4766 18857 22749 21 
21 4289 29 6103 7119 20 20 15855 12861 28 28 
20539 20 
27 7 

27 16816 20 20 


21 28 28 4 28 30 7119 4289 13640 20 20 27 21 
13520 20 20 
21 27 
21 28 4 20463 13512 20 21 
6 
6 
7 
9193 21596 4181 18498 20402 28 0 0 27 7 
6 20539 
21 28 28 28 28 28 28 28 28 28 28 
28 28 
13512 
20976 6 16990 16673 20990 7509 9418 1229 17438 947 
21 13512 4 13512 7730 13512 20 6 21 
15658 9743 20357 20 6 

6 20539 
15643 20402 4766 31 3790 6318 20 6 

6 20897 
27 
7 
21 16972 4 871 6006 18498 20402 7509 28 8995 13761 16404 489 20 20 7 21 
7 
7 
6 
6 
17458 31 10765 5876 7730 15658 4796 20 20 
27 
21 20402 21596 9901 14425 20149 9193 22487 20402 11020 4 9193 31 5518 20402 13512 20 3213 28 20 20 6 21 

28 20 20 20 
21 12861 20402 14196 20 20 6 6101 
7 
7730 15458 14924 5 5 5 6 20539 
13591 13512 20 20 6 6101 
18525 7491 18498 9193 15658 368 7914 1114 20 20 6 6103 13520 20 20 
7 
21 20149 7847 23016 14539 4 15658 21596 4796 15658 12780 15855 12861 20 20 7 28 28 28 7730 28 28 21 
21 5 5 5 5 13591 17872 17304 3348 15678 14604 13727 1393 20749 5 5 5 5 
28 13512 20 20 6 
31 11429 6103 21793 15678 28 20 20 
27 7 
21 6408 6103 7558 18069 21646 4 4289 7914 3962 7730 10648 31 14425 18937 7509 15190 7 6102 21 
21 13512 20 20 
27 31 20931 3790 28 28 17223 20931 10343 7 6103 
13512 20 7 
21 5 5 5 9193 15658 17629 22318 15855 
17872 22318 21596 7914 14604 15190 
17458 1394 18533 18498 9193 12780 
23135 8995 7914 22327 5 5 5 21 
7 
29 
29 
28 20 20 8 29 28 28 28 28 28 28 28 
21 8 29 
6 6101 
21 6 6101 
21 22463 29 1249 2116 4 17304 20402 0 0 6 21 
27 9707 20 7 
21 28 28 28 28 28 7730 28 28 4 13325 873 0 0 16404 21 
13512 

