7 
21 16164 
9971 6103 20247 
26 
21 21 15658 6256 15299 17872 6408 5 5 5 15658 6256 15678 21551 16468 5 5 5 17458 20247 18498 23016 17304 15424 4289 5 5 5 21 21 21 
21 17593 7509 3962 20 
26 20 21 
28 
22463 18655 20 20 
14604 15190 21596 22463 12939 21793 20463 
7 
27 
21 21 21 20402 14539 21192 31 19225 18498 9387 8406 7847 5 17458 7847 17629 6318 7730 7847 16393 13909 3558 1393 13131 6281 5 7847 15678 8100 7730 20149 8474 1393 14539 21551 5 7847 31 4886 7730 31 4915 4796 15502 5 7730 18476 7847 20149 21787 31 22240 6103 8208 16393 20244 9971 5 15678 20749 4 4796 20149 8995 1484 4 16393 3219 28 22463 10211 8810 5 7730 4 6408 4 20336 7850 16633 4 7847 16393 7491 425 20244 23167 6103 16440 5 31 14231 18982 18055 5371 31 20126 5 7847 12780 7957 6679 9901 5 31 11891 18498 6075 20402 18498 7847 17304 15005 879 16404 20293 5 18498 7847 16933 23479 13727 5 18498 22463 7127 7847 740 12780 14523 16404 15643 13909 23151 5 17458 8386 15678 17304 7730 31 13873 7509 14133 5 21 21 21 
18533 23123 0 22327 2727 15658 20402 9193 18525 12780 22318 20215 20149 14604 28 22318 2087 4 12780 18525 20402 17872 11810 23135 6103 6164 21 
21 3058 7127 20 
18486 0 
18498 22767 20 3444 17289 28 28 21 
21 3058 7127 20 
18486 0 
18498 22767 20 21 
20293 7914 10366 
21 31 3393 4290 6103 17877 
15658 14335 11862 4 9193 10959 14539 1920 5 21 
2727 1920 20 
21 9193 13055 1467 2625 15678 4453 4 15658 21596 13909 15894 1467 5 21282 18498 20149 1467 6329 4 31 4672 16404 5 20402 17629 21932 13909 654 7730 368 18498 31 4672 12780 14426 5 16006 18498 12861 20402 1453 21 
7 
21 20402 13512 20 
22657 31 16689 20 21 
21 15658 20869 20 
21 21 1393 22898 4 31 22942 2647 4766 22463 21717 7850 20931 3393 5 15658 16784 31 10547 5 8995 5446 6103 18498 31 23577 4672 18498 14335 16878 20202 430 20402 15678 14604 1114 16673 18498 9743 5 23135 21596 18498 6592 15678 18498 23135 1027 5 12861 20402 22823 21389 16404 15678 20463 21932 18481 16404 4766 31 16971 18498 23135 1027 5 
20463 21932 12780 17649 22463 16440 11020 7509 20931 22942 4 7730 31 23577 14031 6103 9901 18784 20112 20402 9743 15678 18498 23135 368 20402 22463 23570 21932 5 7730 31 23577 14031 6103 9743 22463 9324 21932 20402 1027 15678 18498 23135 9743 5 
20149 23135 740 15658 8147 15678 18498 20402 4 5360 17908 5 21 21 21 
1575 15678 14924 20 
21 21 21 18069 6103 1114 13905 15658 11284 4 18498 7512 31 22942 16673 12787 5 5 5 21 21 21 
31 15144 3086 6103 22821 15658 3391 7914 16155 6103 2717 16066 11644 6103 16821 5 17304 2136 7491 15678 5431 4 9193 7847 5174 15678 20463 13494 4 19900 7509 20931 11825 5 
31 15144 3086 6103 22821 8995 20293 5741 4 1393 29 4 1393 29 4 1393 29 5 
15678 18498 22657 16404 7847 20402 2717 28 21371 4 7730 15658 1453 5 7847 18533 16393 2727 7730 8995 2727 5 
31 15144 3086 6103 22821 9441 31 20931 15364 4766 11066 7730 19898 5 
31 15144 3086 6103 22821 15658 21596 11636 5 21596 22942 5 7847 23104 15678 20463 21551 7730 15128 4766 7847 5 21 
21 21 21 20149 9193 21596 22318 6717 7730 22318 8141 21596 9790 9312 1920 5 5 5 21 21 21 
21 6 
9193 1027 21 
27 5 5 5 21743 12861 
22385 3058 20 
20126 20 
21 21 21 15658 6256 15299 17872 20247 18498 23016 4 17458 20247 18498 23016 17304 15424 4289 5 5 5 21 21 21 
26 
21 21793 15190 18533 12780 4766 23135 7850 26 4 9193 15678 11861 20402 21596 873 7360 31 7850 340 7850 23572 5 5 5 21 
21 21 21 15658 21596 0 0 21 21 
17324 20402 20 21 
21582 5 5 5 
21 21 21 20402 15908 4 9193 5 5 5 21 21 
21 20402 11462 20 20 
26 21 
21 9193 10959 6103 15860 18498 20852 4 6103 10826 18498 20149 6663 4 6103 21787 18498 19900 5459 7730 6103 20537 18498 20149 6157 21 
21 6679 5 15390 5 23167 5 
14133 21 
19961 7576 
6408 7384 20 
6408 7384 20 
21 21 21 18481 13909 9193 22137 4 13909 20855 9193 21596 5 21 21 21 
21 21 21 17458 21793 13647 21596 20931 15018 20 21 21 
23 22942 4 13909 22463 1249 20 4796 16468 19871 5 9193 4 740 2727 18498 31 10765 1540 31 21582 16673 14466 31 1575 15678 14924 4 4110 3450 12459 4 4796 20149 20402 15678 23575 5 12861 4 1540 4766 23135 22942 13688 5 7 
9808 17438 17304 4788 13909 8956 1247 4766 23135 5 9808 17438 30 7850 7914 9193 22942 5 4766 21793 21630 7730 6304 21282 18498 15658 5 
9808 17438 22805 31 15144 18498 20149 21858 4 18498 18660 4 18498 5590 2116 7509 18498 18533 5 16673 17934 18498 20402 5 7070 5 15742 20 20 
7730 17438 9971 4 17438 14335 713 17438 21389 21551 7914 20931 22942 5 15708 20 18498 28 7850 4980 19898 4 835 4 20127 7730 10547 7850 22942 5 
20127 7730 21021 
13026 7730 14810 
11617 26 26 
11462 21596 
26 28 
6122 6103 15604 
4110 
26 26 26 21 
21 21 21 17458 21793 13647 21596 20931 15018 20 21 21 
23 22942 4 13909 22463 1249 20 4796 16468 19871 5 9193 4 740 2727 18498 31 10765 1540 31 21582 16673 14466 31 1575 15678 14924 4 4110 3450 12459 4 4796 20149 20402 15678 23575 5 12861 4 1540 4766 23135 22942 13688 5 7 
9808 17438 17304 4788 13909 8956 1247 4766 23135 5 9808 17438 30 7850 7914 9193 22942 5 4766 21793 21630 7730 6304 21282 18498 15658 5 
9808 17438 22805 31 15144 18498 20149 21858 4 18498 18660 4 18498 5590 2116 7509 18498 18533 5 16673 17934 18498 20402 5 7070 5 15742 20 20 
7730 17438 9971 4 17438 14335 713 17438 21389 21551 7914 20931 22942 5 15708 20 18498 28 7850 4980 19898 4 835 4 20127 7730 10547 7850 22942 5 
20127 7730 21021 
13026 7730 14810 
11617 26 26 
11462 21596 
26 28 
6122 6103 15604 7 
4110 
26 26 26 21 
21 23016 13640 28 5 5 5 5 
6408 23016 15678 25 21 
14450 20 
6 
21 7188 0 
6408 7384 20 
6 21 
21 2248 6621 7 

21 21 17555 4672 20402 3735 6103 14335 21752 15678 20853 7509 3790 5 19943 31 17311 20402 4815 14539 5 2442 31 3393 16404 10765 1807 12894 5 10691 17497 7850 8832 7730 1027 3450 4154 6103 6198 14604 20402 16440 6103 18525 20402 5 
10959 7509 3790 8561 4 16784 21551 4766 2374 13055 9743 16440 7509 9193 19814 5 
13055 20402 12545 5 740 20402 5 9193 13905 12398 15005 7850 20352 1114 5 13055 8637 15678 3564 7509 16668 4 4229 15678 5528 16404 5459 7730 17973 15658 6454 5 13055 20402 2977 5 12335 5 16753 15658 4 12861 15658 5 15643 14335 11862 4766 15855 6490 7730 13008 5 20357 14378 5 14335 20357 6970 7730 5590 16404 9193 14539 5 6760 13266 1467 5 1027 5 6495 5 6488 5 9193 15658 16367 5 
6679 15533 20244 9971 7730 28 6103 20749 5 22805 17316 7850 9676 7509 3906 4 7509 3510 5 19958 5 
13055 20402 7901 5 8254 5 28 5 15790 5 15658 13480 16404 15299 5 21282 9193 14539 14335 11862 5 9193 20402 11861 16404 9193 14539 5 14335 2626 5 7730 20149 11284 18525 15658 19900 14335 19456 7730 14335 22092 4766 15678 5876 18498 31 9193 15253 7491 18498 9193 14514 4 9193 6256 17872 13761 5 23029 31 17819 8946 7730 15424 14335 6917 5 6830 15678 21500 1276 7509 21450 5 
21793 7127 20402 15678 14539 19712 4 14335 7949 4766 7603 6103 8838 7730 19969 7509 9193 23423 6103 5139 16404 23104 4 1540 4 7730 18498 6061 6 14335 1788 5 
7850 14336 7509 22942 4 7509 9422 4 7594 7730 1115 4 9193 1540 18498 6103 17316 21596 15138 10765 18498 8386 4 6103 1114 15658 5 7850 14336 7509 265 18525 8561 9193 16793 4 7730 18740 4809 7509 15299 5 
20402 1920 4 740 20402 5 15658 6820 17438 22327 7730 15658 16367 17438 15299 5 21 21 21 
21 6 
17304 19424 0 
18784 5 5 5 7110 1393 23545 7730 16630 16802 20402 31 947 5 
22834 21 
21 12780 20155 18475 13764 18498 16072 3510 5 5 5 12780 7043 21793 13923 7509 21680 16718 5 5 5 21 21 21 
7 
21 16721 20 
16721 20670 20 21 
20558 1920 5 
21 26 7509 28 29 
4110 31 28 20 
9743 14604 22137 
17960 2385 2384 27 
654 12780 
26 16375 7801 28 
16323 21 
21 26 26 20 
14335 670 20 
21 20244 13909 5 5 5 
20244 25 5 5 5 
21 21 20558 21 21 1920 5 
22223 1920 5 
21394 7850 9193 3790 5 
16721 20670 20 21 
15138 9193 20 20 
7 
27 5 5 5 31 3460 9901 13761 14539 20 
21 26 7804 28 5 
26 
21021 1097 
654 21596 26 
654 12780 
9743 14604 22137 28 29 28 0 0 16323 20 20 20 1453 4809 5 28 78 23135 5 21 
15138 13909 20 
23 20 20 20 13055 18533 20 
21 21 21 20149 20931 15253 20402 14336 2333 7730 15658 8474 22463 16219 7850 10366 7509 15336 4 1071 4 20559 5 
9193 20149 7847 5219 12780 991 7509 18352 29 4 15658 21282 31 1027 4796 31 8720 5 5108 7850 20463 20474 20357 4 17769 2031 7850 18498 7847 7491 7850 8419 4 19456 20931 23111 4 368 7850 18481 7847 7850 5174 7730 7850 18533 2727 4 1540 4766 20931 20317 4 238 20463 16230 5 
15658 20402 17629 1926 7932 6103 22327 15678 18498 7847 7491 4 9193 4 740 1920 4 13405 7914 5243 20931 7157 7730 11891 5 18641 6103 15253 15658 20149 6964 5 21 21 
28 28 21 
1612 20209 18498 8530 31 7558 1249 5 5 5 5 19703 
20202 31 26 20 
21 20670 11462 5 5 5 
20402 26 20 
17812 20 
26 
6408 6103 3058 5 5 5 21596 15540 0 
8810 26 20 

26 22 20539 26 
28 21 
21 9193 15678 18498 9743 22463 15144 20402 8810 0 
22463 15144 8810 19900 18498 15678 15190 8995 13667 6103 20402 11637 4 9193 20149 8111 6103 7491 12780 6075 22327 4179 7730 1776 31 14041 16404 9743 15678 18498 7850 3391 17872 7127 21623 2727 5 
22463 15144 8810 8386 18498 15658 20402 17521 134 21793 31 4060 4 9193 15424 17438 12861 6256 6103 9743 20931 16440 5 1027 4 13749 4 15963 7730 6075 15678 20463 14425 17438 1616 18498 21596 10547 5 
22463 15144 8810 15855 16404 15678 8832 7730 238 20931 11825 4766 3058 11590 4 5105 6103 18498 17304 7642 15678 21551 4766 15138 3118 7730 3107 5 
22463 15144 8810 20149 17739 6103 22897 7914 18476 5 5621 15678 3388 4 9743 6404 4 17098 31 22487 6103 22840 4 9417 22463 19830 15604 4 13359 22463 13591 3058 5 1540 4 4766 31 14302 4 18498 15658 17629 6075 5320 6103 22327 20149 17819 15658 20402 5320 6281 5 9743 9308 4 16291 7730 13999 4 21810 22463 3058 22996 7730 1937 31 22463 9956 15604 7850 4443 5 
15144 8810 22564 19997 951 4 28 4 20068 4 4315 6103 6193 16066 20559 1190 6560 4 4179 6103 18498 15658 20402 15678 3585 18498 9743 20463 28 10010 4 7730 20539 31 23167 6103 19440 4 7127 1603 7127 4 18376 1276 18376 5 
22463 15144 8810 19900 18498 31 22942 20402 15138 5947 16404 20402 13405 1393 21267 4 7730 17438 12861 19234 16753 7630 7501 3704 22463 15286 15604 8329 8241 15678 22307 7509 4417 16066 16468 19830 7850 22694 5 5 5 
28 28 21 
21 21 21 2371 23135 23016 14335 6075 18059 
2442 9193 11139 4 14606 4766 31 8003 5 5 5 21 21 21 
21 26 20 20 
7127 29 21 
14335 19363 20 
21 26 4 26 5 21 
3058 7127 20 20 
19426 20463 553 
7730 17438 13909 22463 21266 6103 16083 4672 5 5 5 
21 22 22 20149 23135 15855 16404 15678 18498 23135 21596 7850 22942 4 23135 20293 21596 13909 5 20149 23135 15855 16404 15678 18498 23135 15658 21596 7850 22942 4 23135 15643 21596 15678 21036 5 22 22 
28 28 21 
21 21 21 9193 15658 5219 21752 23135 7509 3393 
22318 5174 20402 23104 22463 4127 6103 20825 
9193 7491 31 22821 18498 20402 17872 18498 23135 15658 8918 5 21 21 21 
21 21 21 18476 15678 1114 20402 20584 7847 23016 4766 22463 11020 1095 4 7730 18476 31 1103 20402 5024 7847 20402 4290 6103 1114 7730 3870 21 21 
28 21 
14450 5 5 5 
20558 1920 
21 26 
2161 
20127 16580 20 
9801 14667 5 21 
21 9707 6 16066 20149 9743 7166 16066 21596 22942 20699 20 6 
4270 21 
21 3058 7127 20 
26 0 0 0 0 20 20 
18498 20247 20402 8956 0 
9971 6103 20247 21 
4524 18498 20539 20 
21 28 
7 21 
21 3058 7127 
26 21 
7 6 
6 
23 26 20 
21 21 21 15678 14133 20412 18476 7847 17159 7850 1658 
18525 20019 7850 2708 7509 14133 20402 20408 21 21 21 
13091 
20202 
21 6103 13405 
26 
20247 
26 21 
23 20 20 20 
21 11561 6 21298 5 4591 29 30 
7491 2371 4 20149 23135 18533 7730 9193 21371 8995 18533 23135 5 21 
21 873 22126 8956 10152 17872 3702 1614 20 20 20 20 
26 26 26 3148 26 20 
13055 18533 8956 20497 5 21 
21 4809 14924 4349 20 
28 21 
22463 3710 3058 6103 23151 5 5 5 
21 27 5 5 5 12861 20402 18498 20402 1103 20 
26 
27 
17438 13909 1097 1920 21 
7 9312 20 
21596 4796 15658 1027 28 28 0 11943 14453 
18498 28 5360 78 23135 13858 21083 9808 3959 26 28 28 28 28 28 5 
10959 20 20 
21 21 21 15576 2700 4778 28 249 21 
7 
7 
7 
17872 22942 12526 
3124 10547 20 
21 21 21 13055 4346 15533 2136 16647 7850 20828 4 9193 21371 13055 20402 7599 22385 9808 31 17406 6103 15424 5219 9769 15678 15860 5 5 5 21 21 21 
21 26 
512 28 21 21 4110 4796 20149 1022 15678 15190 20402 201 20 
21389 4672 3058 31 22942 21596 17872 22318 6075 5 5 5 
15678 16718 13405 9743 31 10765 15128 5 5 5 21 21 21 
26 20 
21 4796 10447 7509 4549 0 15658 19900 5 5 5 
9193 1095 6122 11462 21282 18498 15658 20 
9808 17438 30 7850 7914 9193 11284 871 3885 5 15678 18498 7491 0 
15708 16673 3870 4 2031 7730 17438 19456 21793 9193 23067 6103 15190 14539 18476 20402 2727 7439 7509 20931 5 
15708 17438 14335 16098 14676 6103 22898 31 14539 4672 4766 31 3790 6103 18525 8995 16098 16673 17819 22897 5 5 5 15708 17438 14335 22805 4346 17438 22463 2976 18475 7730 15658 14335 8994 17438 12861 5 5 5 
15708 21371 17438 15643 21596 18344 14604 3388 21282 17438 18533 6070 13687 7850 10366 7509 16196 5 5 5 19662 31 13340 18498 21596 1095 18498 9743 8956 21743 6103 4672 5 5 15658 5 
6679 18498 20463 28 20402 20293 19343 6103 835 4 16580 7730 18029 20 18498 28 22318 4730 7850 4687 20293 7730 14096 20293 20463 20853 7850 19800 7730 7850 835 7850 910 5 
9801 14667 5 7730 11462 21596 5 
28 
7127 6103 9867 20402 6981 26 26 12786 13271 24 20127 21021 21 
26 
21 11043 20 21596 4672 13909 2389 18498 16098 6 
5 5 5 22805 12861 7730 30 17872 23135 5 5 13325 6103 23135 5 5 5 11139 17872 23135 5 5 5 
5 5 5 20149 17629 17304 5320 4815 
5 5 5 18475 4672 17304 14335 13480 

10765 4 17304 14335 4229 6103 2977 4 9193 15458 15190 22385 7557 20402 5327 4766 8956 10343 2371 5 7730 9901 15138 9808 20539 5 7 
662 
10767 10795 10767 5 
15708 20 21 
21 21 21 15678 3488 8749 4 15678 4430 1400 
15678 20352 15344 4 5741 7730 201 
15678 21551 12780 16468 
7730 15678 22797 13405 22327 5 5 5 21 
21 13166 15658 19900 18525 20402 15678 2248 20 
5018 6329 5 7 21 
7 23 26 20 
21 20670 9819 5 5 5 
28 28 28 21 
26 
9312 20 
6 
21 20126 20 20 
20293 7491 5 5 5 7730 23016 1540 5 5 5 
1575 15678 14924 5 
26 6329 
11943 14453 28 28 21 
3058 20 20 
21 21 21 7491 18498 22327 16468 5 5 5 
15658 20402 22821 5 31 4672 20149 22020 5 7594 23029 20126 5 20126 23029 13324 5 20739 23029 8632 5 18674 23029 20414 5 19653 23029 16580 5 7730 4 6103 19324 4 23135 20149 22805 13591 5 5 21 21 21 
21 21 21 18481 13909 9193 22137 4 13909 20855 9193 21596 5 21 21 21 

