21 21 21 26 26 26 26 26 26 26 26 31 26 4060 15803 26 26 4 31 26 26 26 26 26 26 26 26 26 26 1631 26 26 26 15803 26 4 26 26 26 26 26 26 26 4 26 26 4 26 26 26 15803 26 26 5 26 1631 26 31 26 26 26 26 15803 26 26 5 26 26 26 12863 26 26 4 26 26 5767 4 26 26 16106 26 5 26 15803 26 4 26 26 26 26 26 21075 26 26 4 26 26 26 26 26 26 26 26 26 5 21 
28 28 12620 28 28 4766 28 28 0 23 5 
21 31 13340 7509 5708 21065 18498 21282 15678 8062 7509 20463 21726 5174 4 9193 15425 21726 9210 19900 5 4766 28 5 21 
21 9743 21551 18498 15658 14335 7451 4766 21 21 26 28 30 21 21 21 
21 12780 4730 8956 29 6389 6103 22463 3031 11020 4751 4 2371 16393 18498 20402 2136 22463 15677 19233 5 21 
12577 31 11454 6981 21662 5 
21 7730 2371 3790 4 9901 3058 15678 5621 0 288 18498 20539 4 7914 29 9193 8995 22463 18374 6103 4766 4181 5 21 
18605 8696 17629 20402 16404 9743 22463 15422 6981 7914 29 0 
11258 14466 5127 7509 15190 6 11890 3972 5 
18525 22318 22805 18525 22318 30 20144 28 16559 5 
21 21 21 26 15803 14335 20916 26 26 26 15803 28 26 5 20916 4 26 26 26 26 4 11617 26 26 26 11617 26 26 26 11617 20402 26 21776 26 26 26 26 26 4 26 26 26 26 26 26 26 26 26 26 26 26 26 26 26 12863 26 26 26 26 4 26 12863 26 26 26 15803 26 11943 26 26 26 26 26 12863 26 26 21776 14335 26 26 26 5 26 26 26 26 26 26 26 26 26 26 7 26 26 26 26 26 26 26 21570 26 26 7509 26 26 5 21 21 21 
21 28 4 22463 7509 14426 12959 7509 11454 4 13909 5174 4796 9258 7509 28 5 21 
21 8995 16468 28 6 6103 4 9193 20402 7662 21282 5 6 21 
192 20402 9743 22463 13301 6981 20244 19900 18498 7251 21596 22665 7850 21551 5 
9193 15658 19900 9743 15299 7277 7730 31 9634 28 
22597 18449 6 
28 9431 5 
21 288 18498 654 9193 5219 6592 15678 18498 20402 4 22657 28 5 21 
18498 12398 5 5 5 
21 20402 21662 15678 26 26 7730 16721 6 20402 4 16393 22463 17556 14425 14539 18498 15678 28 5 20402 22805 4 8995 7850 18471 4951 5 
7730 1920 4 1097 4 20402 4796 10473 15678 23120 6103 5123 5 21 
21 11731 15678 18498 15678 21442 288 6318 654 5 
28 20149 19283 1393 3118 15604 7730 1393 3760 5 
12212 5 
15299 13909 4273 7914 17951 18498 9901 1820 21684 7255 17438 4060 6103 17277 7730 16066 12605 5 
28 28 6 31 13820 5 
21 462 18498 15658 14335 11888 15299 8956 21743 6103 15599 4 9193 20402 21267 18498 9387 22463 19635 4229 4078 26 0 21 
7102 14984 22463 2510 4766 15678 30 19795 5 
28 7426 21573 7850 26 5 
23570 1488 5 
28 12379 6 8429 6577 15678 8428 5 
15678 9145 8995 22730 17458 13761 9193 9194 20402 7174 6 15678 26 5960 29 14466 18498 1614 7730 15658 238 20237 4766 29 23141 6103 5340 5371 28 19671 5 
21 17819 22897 18498 6075 23167 6103 4913 22463 19810 4 21282 9620 22463 11286 11686 15678 26 26 9524 5 21 
21 15658 17629 20149 17703 4 12780 23174 7914 23135 6103 18475 12939 5 21 
733 14370 18086 5 5 5 

21 3472 15678 3137 6 16404 6103 6103 15061 8956 14512 4 20365 12780 9060 31 7514 18498 9743 5 21 
2136 15678 11438 7850 28 20402 23004 5 
7847 21371 20402 15708 31 13695 28 20202 8956 13793 5 
21 14156 4796 13471 21 21 9193 4 19728 21 21 21 
733 15678 11114 6103 2605 5 5 5 
6 6103 
27 
21 28 6103 28 388 15678 28 6103 20402 4967 7730 18533 10482 22463 19415 20699 2617 7850 26 4 22463 17248 26 19867 5 
15299 9743 20357 15458 11454 5 
9193 18533 23104 7850 15190 7509 16971 18498 8678 21684 7850 26 5 
6 6103 
3805 5 
11731 22463 6026 8561 27 
26 5143 22805 5 
16753 6446 6 5508 15678 21684 6103 22463 13727 7730 7850 11518 6103 4687 201 5508 15678 21684 18498 18533 20680 5 
15604 14454 6 31 1489 9008 4766 21134 19239 5 
27 
20126 26 5 
21 14156 4796 13471 21 21 15678 18498 15678 7251 15658 4913 21 21 21 
17556 9032 8956 3790 5 
21 20402 11532 6103 1937 4 9193 328 8956 10672 20420 3086 7730 21371 20420 1453 22463 14487 5 21793 7599 13909 21988 17458 22463 19116 20402 20007 4 9193 15658 7102 7850 9975 7509 5320 17458 15299 8995 19450 5 
7850 9975 4 31 6152 6103 20007 8956 14464 20402 7509 14539 21743 18498 9193 9743 19038 13908 16683 5 21 
21 21 21 28 26 29 26 17431 26 11560 6 21298 5 4591 26 30 395 18610 21 21 21 
16393 18498 8956 17226 6103 18366 7801 8995 12780 13923 
21 3807 4 8956 15422 6103 30 20402 15678 3741 6103 16452 5 21 
27 
20293 15678 23229 16404 1966 22588 5 
21 8956 21743 6103 4672 18498 14335 9743 16721 7914 4796 4 7174 7509 18498 871 11731 4 8995 15138 13667 6103 20402 22463 16587 6728 5 
31 10765 20293 3152 18498 17629 6103 7804 7730 21793 15190 9996 18498 20149 11862 4 9193 7850 9975 12861 17304 349 13909 29 18498 15658 12783 9193 12034 18784 5 21 
21 9193 19900 18498 31 19484 6103 15658 14606 15138 7850 19150 19969 22463 17556 16673 21380 5 6103 15604 6 20149 8840 21596 10990 16404 9743 17380 18449 4 18070 15658 9743 15425 5 9193 8406 21596 10990 7730 15658 21596 163 15425 15623 4 871 4672 7850 14336 7102 20402 18735 5 18476 9605 6103 13908 16683 7850 28 4 15658 21596 15425 15623 5 7730 7558 13131 5 31 16971 9605 6103 15978 5 7730 2371 12780 4491 3976 8831 16404 9743 1679 4 9193 20402 22463 22290 19587 5 31 10765 19900 4796 20420 20149 2156 31 16689 6103 1889 31 15256 1694 20149 31 16689 6318 1393 29 1249 20954 6103 29 16404 29 1249 0 15658 5 17304 21596 22463 7809 6103 7391 10774 8322 4 1920 4796 17304 15658 21596 15425 5 8956 20402 15678 7630 7730 20402 12861 18498 21858 31 7318 15138 8949 6103 20202 5 21 
8386 22463 29 7509 13591 7730 14539 1920 20402 23570 5 
23570 1488 6103 26 7914 17983 17438 1453 29 5 
21 14604 20825 20402 16836 6 3790 4 17438 18498 23135 15658 11139 17509 7277 0 21 
14425 22406 7509 14691 5 
21 15678 20670 6981 2949 20402 15678 16816 14444 21 21 26 26 5 21 
21 20126 7509 16587 7509 21 21 18374 7730 4468 21 21 4 654 20402 21282 18374 5 21 
22463 28 16404 18525 21681 31 11644 6103 22564 13284 16404 20215 3402 5 
12780 20357 9620 6103 9901 6103 3058 21810 3488 4796 1519 7850 20449 13359 13591 5 
21 14156 4796 13471 21 21 19871 7730 7090 21 21 21 
21 23 28 4 18498 3196 8956 10916 5 6 21 
14594 29 11518 7102 20402 22092 4796 20127 18449 6 20149 9193 21596 18498 8840 2136 31 29 11518 9193 21596 18498 5360 2685 17438 13909 29 11518 5 
11731 15678 5792 19011 6 19969 6073 5 
31 22942 11771 15678 9922 5 
23570 26 7509 15871 5 
21 26 4576 6103 23363 18498 8918 6103 20402 23363 7686 15678 12960 17458 20402 22463 21 21 3058 16971 21 21 5 
20402 26 7509 28 8443 5 21 
18498 3086 5 
21787 7850 10523 5 
18476 31 16971 4785 31 22564 21389 14601 18498 13055 15658 5219 8386 13909 15678 1961 16015 5 
21 18498 22861 21 21 26 21 21 5 21 
18605 6737 20402 9620 29 14764 16404 201 15678 9956 7730 7509 15299 15678 28 9605 6 1937 1022 5 
21 9132 7491 18498 31 16971 368 7914 22327 18498 4785 4766 21 21 9132 7491 5 21 21 5 21 
740 2727 18498 15678 26 8060 6103 23151 5 
21 13591 11885 16404 18525 5947 4509 2553 5 
21 2136 16721 18498 15658 22657 31 16689 7914 871 3976 4 9193 22805 16971 7491 18498 17304 20402 15400 21596 4185 20402 15616 16404 9193 5 21 
21 654 9901 13909 10544 9431 17380 7850 28 6 20402 21743 31 9922 4 21793 15190 19900 18498 21596 4672 7730 14539 1920 15678 14539 3790 20402 19043 20293 5 21 
18498 21480 20311 5 
18498 17819 15955 5764 5 
21 9193 8995 1190 7850 28 7730 22805 22463 3906 4766 15678 21939 419 6 28 20402 9918 5 
16721 22463 17556 16765 18498 8956 10343 15658 9743 20357 7850 9193 3393 5 28 20402 28 4 9918 20402 23135 18498 21596 22463 419 27 
873 19900 14335 9431 0 21 
27 
20402 17729 17438 20402 5241 20480 6329 6 6981 5767 9193 8995 13591 5 
21 23 4 7188 6103 11731 22463 22942 1920 5 5 5 21 
288 18498 15658 20402 8956 26 18498 8995 16098 
21 15708 17438 22327 4 15678 10523 662 20 6 21 
6788 8605 20402 20311 5 
733 20149 21596 8956 6075 5 5 5 
21 15658 8995 16098 16255 4 17438 18606 0 21 
21 3805 4 8956 12604 20402 15138 10131 14539 6 
7730 15678 12604 654 21596 22463 28 3625 3170 6103 26 10628 5 1920 4 20202 31 19814 6103 22406 7509 3625 6103 22327 5 15678 10672 28 28 16580 28 4 6103 29 1249 4 19962 3625 3170 7730 22927 13233 6103 28 13072 29 4 7914 3623 6103 22951 15988 16673 28 4 7850 23575 7127 29 6103 656 5 21 
288 18498 15678 9544 6103 3906 15084 17304 4809 31 9743 2824 6 13055 19450 15138 6981 17877 11284 1249 5 
20402 1097 
7321 5 
21 13055 13359 21 21 15678 19169 7509 12726 21 21 21 
14109 7509 22588 14335 9743 22564 419 6408 7509 29 1249 5 
30 19969 6103 22463 4561 7509 28 28 5 
21 28 6 28 4 28 7730 13729 9743 10916 5 3625 13055 5 21 
18498 12399 8956 11454 
11111 7509 15041 6 8995 21793 15190 15036 14539 5 
9743 22463 9620 11462 
15678 23575 16451 20402 15678 14425 5 
28 10723 5 
21 28 4 28 7730 28 5 21 
4796 22463 20238 4766 15678 28 28 22126 1393 21818 15678 18498 11284 6103 17106 7509 19415 20699 6 
21 6075 7509 30 15061 18498 31 28 10691 29 4 29 6103 20463 17915 12610 3265 7914 10691 20699 18498 12025 21371 1518 4 8329 7850 28 9010 10691 19363 29 4 29 15678 6075 20402 6103 29 7730 29 4 15678 13909 18886 7351 16673 15989 5 21 
27 
21 23135 17304 20402 26 4 9193 7693 18498 13055 13405 20931 15244 6103 8678 16404 15678 20449 5 21 
8429 16816 5 
21 6663 16673 26 6 21 21 6408 6103 4060 5038 4 18506 15336 7730 10349 15678 19800 6103 28 4 10924 20149 6663 5 21 21 21 
21 9387 22463 21551 18498 21282 11284 15678 26 16404 28 4 654 11284 29 26 7792 5 21 
17304 16468 31 9975 7509 5505 7509 15554 7914 871 3643 5 21596 4436 3643 16468 28 26 28 5582 5 
9901 14425 740 5 
288 18498 20402 22463 26 7509 6348 5 
3058 13566 5 
3058 9241 7509 20799 6318 5 
21 15678 16155 27 9387 11284 1249 4 7730 15502 20149 11862 4 654 31 26 7730 15678 28 12716 20794 18191 16404 15678 14539 17877 5 21282 9620 6075 4179 5 21 
9308 12604 6760 29 14823 20670 7821 7509 7804 22805 26 26 
21 8956 18553 7102 20149 1487 13909 1393 28 18498 15678 9194 5 
21 15678 28 28 20402 21743 22463 10651 4 9193 21596 31 22685 18498 15658 16393 8995 4766 1199 5 21 
21 26 26 26 21 21 26 26 21 21 5 21 
21 26 30 22 21298 26 21776 4099 26 26 26 26 26 26 26 26 15005 26 26 26 26 31 26 26 22 20539 26 4 26 26 5 22805 26 21 
8956 20402 15138 3058 14539 5 
9743 8956 5942 7730 5015 6 18498 13530 9074 5 
21 15658 20402 15138 26 7509 20909 26 4 9193 8956 26 5 5 5 21 
15678 18498 9193 18533 20402 18476 5741 0 11634 29 22805 26 
27 
21 15678 9956 7509 20402 22385 21 21 26 21 21 18498 18494 15658 5219 22805 15678 18498 8995 349 27 
16206 7509 9600 5 4766 4257 5 7730 20069 6103 3029 5 
21 3058 4 22463 17556 6103 835 7847 22126 16404 15678 17563 3170 5 21 
5168 636 6103 10211 12534 16404 10648 31 15936 18449 4766 18006 17437 7914 14924 6103 5782 5 22463 16689 20402 4870 15458 1875 5 
21 20420 20311 9743 22463 12960 6981 20 
21282 13480 7850 3058 7127 7730 4842 5 21551 7847 21596 5 27 
21 5174 8956 11454 28 28 0 8302 18498 20402 15678 5431 7509 18498 20149 8840 5 5 5 
21 12577 8956 16925 7509 17877 4 5241 13909 15678 17877 7509 14505 6103 22327 7509 18498 20670 19167 6103 14506 5 21 
31 12790 9431 15138 2727 31 12159 20235 5 
21 21 21 9743 20357 1515 12186 16404 8052 4766 2614 7914 20463 15262 4 8678 28 7914 22463 8350 6103 29 16404 15678 26 5 15678 15939 15770 18476 1612 18498 20402 22805 4796 21596 15262 6103 22463 21743 8831 20149 20778 7914 22463 15604 4526 20699 20244 8806 16404 16083 5 15678 5754 7509 9462 6679 18498 16367 6103 22589 4 17458 7847 21225 15678 14823 6103 18498 1612 18498 21596 7251 7730 17304 7102 14514 7730 31 5734 13909 20605 6103 18498 15678 14466 584 15658 14514 4672 14425 5 22805 26 21 
26 26 22 28 26 26 26 30 5 5 5 22805 26 
7509 3805 8956 9956 5 
31 9652 10542 6103 21687 7509 28 20 
21 2727 15726 6 15658 9743 20357 1502 15678 28 7730 20402 5371 31 13301 7509 21612 5 28 20402 31 22455 7509 14506 5 
15138 12577 8956 20446 6103 26 26 7850 15653 7509 28 20 
21 16083 16440 7509 14604 21684 20670 12780 7850 14109 7509 22588 5 14466 4273 6981 22897 5 6 
13444 18498 20402 17819 15190 6 3472 15678 17343 4766 8701 7850 8609 0 
13908 16683 6 16404 991 7509 6110 8406 19833 7730 18759 22805 26 

