26 5 14335 
28 28 7957 13761 5 5 5 
17438 2371 12780 6103 3058 28 
1097 26 14924 
21 16323 14604 1095 22318 6679 21793 9801 7509 15190 4 9808 1247 5 5 5 28 4985 
136 21 
19761 7850 7728 8344 
26 26 
19547 17730 19295 6103 28 
14156 28 5 15658 12780 9743 14512 27 
8995 1694 31 8525 5 
21760 6103 15604 20485 26 
22507 16673 15371 30 
11048 26 
28 28 
28 4985 13325 0 27 
17569 6103 28 8995 4289 22507 16673 15371 
22507 16673 15371 
28 22695 28 28 28 22695 28 28 28 26 28 10265 28 28 28 28 28 2606 28 21635 28 28 7730 28 28 28 28 28 28 28 28 14156 28 28 28 28 28 28 28 28 28 
28 
28 28 
26 26 
28 
28 1097 16553 7850 15244 
26 12589 30 
19768 28 28 
18525 7491 18498 17629 6103 17289 13202 17872 18660 31 19905 20 20 20 14156 28 28 22695 28 28 28 7730 28 28 28 28 28 28 28 28 
8995 9620 22463 9894 7509 15253 20 20 
15678 14604 1248 7509 11139 27 5 5 5 5 5 5 15756 
1097 21189 1247 
29 1249 2116 8995 1920 7730 11462 11081 27 
3058 7127 20 
20244 28 9193 15658 23104 
12780 22805 28 28 
1150 27 
28 30 18713 29 26 26 
1097 30 
16179 7914 7558 19745 
16440 17569 
26 
1095 
1097 
28 28 
2794 28 
21 18533 662 31 21793 18498 14335 6679 22463 9808 1247 4 18498 28 6103 7914 7521 31 23135 20 20 20 20 21 
21 27 
28 22695 28 28 28 28 28 28 28 28 28 28 28 7730 28 28 14156 28 21 
10520 1614 20402 22942 18876 
12780 28 22695 28 28 
30 9901 7557 
13512 19768 20495 
28 26 
28 
18713 2442 22344 28 
1097 16378 26 15426 4289 
31 17497 27 
21 21582 15658 19698 27 
28 28 28 22695 28 28 28 28 28 28 28 28 28 28 14156 28 28 22350 28 14418 28 28 28 16811 21 
1247 7509 28 17822 21739 9634 22327 6103 3058 
20497 
28 28 28 28 28 22695 28 28 28 28 
1097 17165 7576 28 16323 28 
28 22695 28 28 28 28 28 28 28 
28 22695 28 28 28 28 28 28 28 15094 
20402 22463 11020 1249 20 15708 17438 9743 16440 6318 5 
20293 7509 17872 9743 
19972 2241 20023 14335 22327 16367 12780 18498 12780 26 
8995 4289 28 28 884 
9743 2727 5590 
2371 28 28 28 28 28 18533 22805 9743 12861 20 20 20 20 20 
2371 20402 26 
26 20 20 
21 23222 15061 305 8406 15084 7730 23572 5 14465 15658 18927 6 
21 23222 4327 15061 305 8406 15084 7730 23572 5 14465 15658 18927 6 
21 4127 11527 8147 7686 18511 7509 2332 7850 28 20 
21 4127 11527 8147 7686 18511 7509 2332 7850 28 20 
21 4127 11527 8147 7686 18511 7509 2332 7850 28 20 
21 4127 11527 8147 7686 18511 7509 2332 7850 28 20 
21 15138 3058 20 19900 4796 15749 12128 9983 16673 28 5 5 5 14335 753 2625 20 6 
21 15138 3058 20 19900 4796 15749 12128 9983 16673 28 5 5 5 14335 753 2625 20 6 
15138 3058 
9387 2358 7730 21743 2358 5 5 
28 20258 28 
31 28 28 9605 18498 20402 21743 14887 5 5 
31 6070 7509 14907 
2371 28 28 18498 23135 288 0 0 
26 
15678 5 5 5 
1150 
22952 
12960 22951 
1150 
26 
14018 26 
26 
28 28 28 28 28 22695 28 28 28 28 
15678 
21 26 
5 2371 28 28 28 28 28 28 7509 28 28 28 
21282 15678 30 2802 
21 30 
28 28 28 28 28 22695 
28 28 28 28 27 
19522 7509 21793 28 22695 28 28 28 28 28 28 28 28 28 28 28 28 28 6103 28 28 28 
26 
28 28 28 28 28 28 28 22350 
26 5 5 
22657 1453 1937 
28 28 28 22695 28 28 28 28 28 28 

26 
1150 
26 
26 
28 28 22350 
8956 20402 17872 23135 28 22695 27 
26 
27 
21 1150 
26 
1027 
26 
28 28 28 28 28 22695 28 28 7730 28 28 
28 28 
9707 
28 28 28 28 22350 28 28 28 28 28 28 28 28 28 28 28 28 
28 28 28 28 28 28 28 22695 28 28 28 28 22350 28 28 28 
16647 31 4313 28 28 28 22695 27 

