21 4289 7914 3962 21409 4 662 15138 31 28 17438 13909 22463 29 29 4 14604 20207 1247 5 22463 7127 6981 1937 22463 8429 7509 28 4 9244 12959 6103 2621 4 7914 18498 7847 7491 18498 15678 20825 7509 22942 6281 20402 10648 7251 16404 18498 15678 16169 6281 15658 17629 21932 5 5 5 7730 1920 20402 5 16721 21 21 23 4 18498 4668 4 14604 13905 20825 20402 21596 5055 6103 20444 9193 15253 15678 15252 17521 7914 22327 15756 7847 17629 5 5 5 18498 1920 20402 21 21 5 15253 15708 17438 22327 4 7730 16323 16673 20463 7127 4 18498 11066 31 28 20402 15678 15576 7127 20 20 20 20931 4842 5360 20402 31 14425 6103 21793 5 9808 1247 7730 18498 28 6075 15138 20127 17872 15671 17458 7509 19509 31 10765 5590 2116 4 4796 20293 20402 20 22318 1027 28 28 8 29 21 
21 22575 4 16404 6103 14335 2647 20 20 20 3017 21 
20126 20402 5758 20 8 29 
21 20244 17285 4 20244 3134 4 20244 28 7730 20244 23414 6 8956 20402 9193 15253 20 20 20 13512 22318 1027 28 28 8 29 8 29 8 29 21 
21 11678 11617 26 26 4 11617 26 12863 26 5 21 
15658 19900 15424 17438 18525 21842 20 7666 6103 9840 
21 15671 23151 7509 12552 11462 20539 11462 5 
21282 9620 23135 28 28 21 
21 26 26 5 5 5 
26 26 26 26 26 5 21 
21 22327 15756 12780 23151 5 15756 16721 4 15756 9605 4 4796 636 4 15756 9743 5 5 5 22327 21596 31 13301 7509 19553 5 
8443 4 15756 6679 17872 9193 4 23151 7914 7521 17872 23135 7 
15138 1114 17872 15671 5 21 
3058 22925 7730 5204 17872 21793 15671 20 20 20 
15658 21282 16404 15678 14604 4697 6103 4526 17939 9193 21371 17872 21793 3170 5 
15995 20 20237 16729 16239 20 
4809 12780 28 
21 15678 14425 1062 20244 7728 20402 31 18458 20 19997 3450 22897 13909 11249 22137 28 22575 
5855 6 28 28 21 
26 26 26 26 5 7850 3232 28 
21 5762 4766 28 5 4766 26 
20402 12861 5 5 5 7730 10127 15678 26 20 21 
740 15658 5219 21095 31 12901 6103 11462 5 
21 1453 9193 14539 19900 18525 20402 5 5 5 15678 16083 21282 11731 5 7730 12861 18498 23135 22805 4 15658 20402 21036 17872 11731 4 17458 14335 9743 7509 4672 18498 15658 20149 8474 22490 4766 15860 5 21 
4526 15658 20402 31 16192 4179 20149 26 27 
21 9193 5 5 5 15908 20402 22463 7127 8852 4 9051 6103 10366 4766 15678 21726 18498 13909 1027 7730 452 7850 15190 6 31 20237 6103 11249 5 18525 14335 5174 19900 15678 18481 20402 13688 17438 8893 4 7914 8810 8956 5 2136 14335 9620 31 16192 17458 18784 20402 7509 6329 4 15658 20402 20293 18498 17304 22240 11644 4766 3625 15189 28 7730 2811 15877 28 5 17872 9193 15658 20149 22092 21282 6103 7558 21726 4875 8425 7730 20539 6074 18498 13575 15128 9193 22942 4 14335 7275 31 9743 15604 8637 15138 9808 17438 20577 7730 14335 15081 21793 15678 28 5 20149 23135 21596 22463 23539 16066 866 873 7914 18498 18525 20149 12442 4 18070 12780 14335 8386 5 
12255 31 2647 7509 14604 4122 201 9193 15678 18498 6075 17872 19140 8995 2371 4 28 4141 7509 28 4 26 26 26 26 28 26 4 15678 10852 15894 8147 23206 4697 6103 18458 7730 31 3616 13679 6103 1927 7509 12959 22386 7509 7558 14426 8525 7509 15190 20 20 20 15138 1114 20 20 20 
28 28 14156 28 4095 8995 6329 11300 14464 4 16323 20293 20 3058 22318 19611 5 21 
10273 21752 16673 30 5092 3170 6103 11249 7850 6472 7509 3625 28 23274 28 5 9193 7730 15299 13909 15299 14466 18498 31 14425 10923 6103 11249 7509 15190 28 29 
21 9605 21267 4 21596 4672 13909 26 7509 18498 23135 20149 19206 4766 22463 16971 18498 22318 9743 2727 4 22318 452 4 20402 1409 17438 23135 5 5 5 909 4 7850 9193 4993 8995 1409 20402 15678 15270 18498 7102 349 17872 20149 15311 873 5 5 5 7730 20402 17438 12861 18498 21596 10765 18498 15658 7509 4179 4766 15502 4 15311 17438 22327 4 14466 17438 16179 1114 20 8443 4 20149 11462 23135 8995 4788 8956 6086 4766 873 8810 7509 20463 13131 4 6075 22665 4 560 4 15658 20402 18475 22463 15458 15190 18498 22318 14514 7730 22933 5 4788 17438 9193 4 8995 20788 17458 15658 288 873 18498 14335 6933 8956 13185 7509 11518 5 5 5 7730 7850 18772 15424 21776 17908 4 20402 21987 4 1471 7509 17556 11636 1540 23206 4672 15458 22942 4 22463 6281 20402 14335 2626 4 17872 9193 14335 20357 4886 15658 6400 6103 15502 31 15658 20402 6103 9193 14539 5 8235 4 15756 21596 18498 20402 20402 5 5 5 7730 18476 20402 4 12780 20402 12094 4 7684 7730 22823 20 20 20 
9808 7127 7509 15311 6 6103 8 29 21 
23351 
21 15855 9193 21438 17714 22463 21684 1614 4766 23206 4672 12577 9193 7850 14336 7509 3610 14335 6075 740 13909 17667 4 17458 22327 20149 19525 7914 6 15855 4 21776 3697 6981 10606 18498 20149 7491 19239 7730 16721 18498 21596 7277 6103 19393 3009 20402 7850 18525 20402 20 13055 15855 15678 14119 28 0 11284 2848 6103 13727 1062 16971 7176 6103 23135 5226 5734 7087 7617 7176 21371 19900 20 20 20 17477 4 15678 18498 9743 23135 16721 18498 12861 16066 1616 20402 8561 7730 16066 6978 0 20931 19240 11685 0 0 0 27 5 909 4 15424 12780 8406 15458 15262 15658 20402 17458 31 11454 8995 2371 4 17872 20402 9130 17438 18525 20149 12578 5 5 15658 10959 4 9743 22463 9721 17872 15671 6 14335 9343 5 21 
21 9193 3616 29 22825 20738 31 9620 7730 7914 20202 2647 29 7730 9743 10916 20 6670 13055 15708 16673 15941 20447 28 4 8995 20402 15138 13278 9743 16440 6981 21726 20 10907 20447 
18197 6 12960 8060 16404 15678 21726 507 5 21 
6670 13055 15678 14425 12960 7509 22942 20 20 20 20 6 6103 18737 28 
21 23570 1618 11462 7850 9789 7509 13591 20 20 20 22463 16404 5291 206 4 16083 7558 16404 2614 8425 7730 21793 16404 8339 5353 7 21 
9193 19169 20 28 28 
8995 13512 20 
28 28 15708 15708 15708 9171 20 20 20 8 29 
21 23556 18498 22463 9678 6103 22897 7914 18476 20402 3058 9193 6 14335 4229 17872 9130 4 21776 20869 6103 19768 21 
23 2136 9193 18498 15424 340 10523 21776 12247 1614 4766 8956 12960 20 20 20 12780 28 
1027 9743 12861 8 29 7730 21596 15138 31 14426 7850 26 7850 26 
21 432 20402 22463 11600 18498 15658 7102 9387 5 5 5 560 4 15671 15658 21596 21 21 17872 20293 21 21 7730 15678 17872 20293 4 20293 201 5 
20126 9634 28 
26 21 
21 26 21525 17889 20235 
9605 10606 20 31 26 21525 155 22463 17889 20235 16404 18475 22640 7 
31 26 21525 15344 7914 29 4 10482 17438 22310 22892 6103 14196 5 11462 31 10828 20402 21916 16083 4 9193 31 3790 5360 31 14539 20 23016 9743 16440 7509 10828 29 7 
23135 20149 11649 4766 15678 15576 21932 7730 18533 9743 16440 0 21282 23016 20 
20293 21681 23167 6103 20402 15678 8428 16066 21596 871 31 1095 31 18498 21596 15678 17542 6103 20402 0 14156 9193 4795 20 
10959 6103 14606 4766 8524 6103 20799 4 11729 7730 23222 4 7730 21596 5936 7914 20402 15678 26 26 0 21282 23016 7 
14076 6103 7795 6103 23222 4 7809 8810 4 463 26 7730 20149 11649 4766 15678 21743 6103 11590 18498 31 26 21525 18009 0 17304 23016 21371 18498 21596 8806 20670 20 
20402 15988 4 5764 4 10959 6103 5762 19813 7730 6103 5500 8525 0 23135 21371 20402 2727 23016 20 
18475 7728 4 17304 21752 4815 4 4766 31 28 9193 28 28 16066 4766 15678 28 28 13688 7 
26 6103 7481 5 6086 7730 9169 7509 17889 20402 7480 7914 3206 21 
21 12894 11284 22463 9692 22385 3058 18481 31 21 21 23523 6103 8632 21 21 5 5 5 740 13909 8956 7914 18498 9130 7730 14335 15995 2136 11462 8 29 20 20 20 16323 15604 10796 20 
28 6103 2606 28 28 21 
21 11462 6 18487 6103 9975 7509 26 22 20539 28 26 26 4 20263 9975 26 26 6103 26 4766 28 3996 23236 4 20263 9975 7509 21123 10907 28 7730 9975 7509 30 28 4766 20412 28 9542 7730 28 28 13800 20 20 20 20 20 20215 8 29 21 
21 15756 20357 654 20402 22463 8208 22385 3058 5 5 5 7730 22463 11036 9172 5 9743 20357 6 15678 1114 20402 31 20794 17872 22327 20 
21 21 31 16580 5 5 5 12701 15678 14604 5528 21 21 
26 21 
20402 18328 1114 8 29 9634 7914 17819 13727 20293 
30 18498 20126 8 29 15708 13994 28 28 
21 15658 5947 15138 21662 6103 28 9193 8956 1614 20402 10131 11300 7 
19522 6 20463 7863 20402 15678 10159 5 
23135 20402 1409 4 10259 7730 5523 5 20931 7071 7730 23067 20402 15678 18498 23135 20402 6103 22821 7730 23135 15658 6256 18498 12584 7914 20931 11644 5 23135 20402 12125 7730 23484 18476 15392 5 23135 20402 22463 17556 11832 7730 21596 22463 13788 557 5 23135 17304 20402 22463 17556 14466 7831 18476 13471 4766 15678 16083 7730 7102 21582 8147 22463 109 13909 3558 7730 16140 16404 31 4672 4 7730 15658 15678 18498 6075 22463 1623 13909 7635 5 991 4 23135 20402 22886 4796 22463 16971 19464 5 20402 15138 22898 12043 7730 17556 16393 8995 7360 31 5182 6103 22821 5 9193 23135 20402 9844 13270 23479 18498 2727 8386 31 20931 14996 21 
20402 11462 20 29 9193 
21 19900 5 5 5 18476 9193 20402 5758 16098 7446 3142 8406 31 15253 7509 14604 4697 7914 19225 31 9193 15253 18498 20402 20788 4 472 9678 7730 16647 10793 5 7847 20149 20357 21 21 14426 21 21 17438 21596 3962 4 3906 7730 16083 21 21 21 21 21 21 2727 21 21 21 21 21 21 31 5960 7509 14181 5 8329 12861 4 9193 19169 20149 17703 7914 21932 7850 15270 29 11518 17438 7127 17872 17304 14335 21225 4 14335 13405 17872 16475 4 22918 4 8235 4 14335 5762 5 
11462 8329 498 4 22805 1612 15144 12254 4 8995 7850 3790 6281 31 23167 6103 20402 22327 15756 9193 15253 740 20402 6 12125 4 13591 4 2456 4 16646 7730 22327 15756 22463 15144 21596 7277 6103 20402 20 16323 15253 4 15708 17438 14335 8361 18498 15658 11284 14181 4 13819 16066 20709 18498 20215 22463 15144 18498 19900 7730 17304 20402 9808 20 
9808 7127 7509 15144 8 29 21 
21 11462 20402 20474 4 17477 4 15658 5621 9193 3232 16375 7 21 
20311 20 8 29 
21 28 28 13688 482 7914 29 
28 28 482 7914 29 
28 28 482 7914 29 13025 4766 28 28 
7730 17438 23575 15424 17438 12861 14466 11861 4 28 28 28 482 11462 5 
7509 9193 16440 4 8995 8120 31 5658 6103 489 7914 29 5 21 
9193 6 15678 20 
21 14539 9193 20402 22463 15270 16446 15458 15190 4 21282 21596 18498 662 31 28 17438 7847 16878 18498 9193 5284 7730 7369 871 5179 4 15756 14335 21858 873 5764 5 17477 4 5360 5508 7730 2233 22667 9193 11644 4 560 4 15678 20749 15344 17872 21793 7730 31 10765 21282 20149 8832 7914 18525 20402 3058 7 21 
18197 6 20402 21282 15678 20207 7127 7730 13055 21596 7445 8593 28 22 20539 943 7 
10273 17438 28 9193 28 28 7 5 15708 28 20 
8956 20402 22463 3790 18498 21793 2928 2924 21596 18498 5174 20 28 
16323 31 21793 8 29 
20402 3884 29 
21 21282 17872 6157 18498 31 2924 10496 20402 6103 26 4 4369 20 8 29 29 21 
2372 20 
21 20207 206 4 29 31 29 1249 20402 31 9586 9189 7914 18498 31 4875 20402 13909 17737 7850 20944 7509 12186 5 288 22385 8302 18476 22805 4697 21157 7509 9193 11636 18533 4872 8406 20500 4 7914 17965 6103 15299 20 21282 21596 31 662 31 28 7730 31 22942 17438 21596 14335 16878 16468 6981 9692 7730 8386 18498 17629 4872 1453 4815 4 560 4 16404 4179 4672 23135 15344 7730 17872 16083 23135 18660 7 20402 12861 21 
6103 23151 1393 22140 
23 0 0 0 
21 21 21 26 7585 22 21298 26 26 21 21 5 12863 26 26 11617 26 21776 26 4 26 26 26 5 21 
21 21 21 9193 21282 18533 20402 20402 9808 
17458 9193 16468 7850 22575 15894 23135 20293 18533 5 5 5 20402 
7730 17304 14335 15995 
6103 15658 16162 3025 7730 10691 22327 7850 2547 21 21 21 
8995 16053 5 5 5 21282 2924 14335 26 5 5 5 
21 9980 6 654 21596 4122 26 20 20149 23135 20402 13278 4 14335 16468 15677 6 20149 20402 4273 9193 20402 14604 1095 16468 21371 12780 21 
7730 7850 12780 15671 5 5 5 
21 1393 14604 18533 26 28 28 28 28 3364 28 28 28 28 28 7730 28 17423 6 15708 16673 15591 18533 4 15708 17438 14335 452 12052 4 1114 6103 26 20402 22463 4672 15138 13512 20 20402 23539 6103 23135 20402 14149 21371 5 15708 17438 14335 452 21389 4 17973 18498 7850 26 6075 2267 5 2702 4 21 
21 15144 4672 21267 6 15908 9193 7730 22463 1097 8995 879 16673 16559 4 7914 22463 2547 4 6103 19324 22463 14703 4809 31 9743 22463 8725 20559 17458 22463 3790 340 6103 22463 29 1097 15658 238 8060 16404 7847 4 22463 14534 7509 7558 18498 7847 8995 22564 9743 20357 17324 4 29 16971 15658 3391 7914 22463 6981 14534 16753 6103 2547 5 22805 15678 19761 7509 4785 1393 9971 17324 20402 1393 13131 7509 9193 14534 5 7847 4809 31 7319 4 20149 9306 4 12960 4189 7850 3790 4 8235 4 21083 5281 5 15678 3790 9901 18339 4 23556 4 9193 15424 7319 15138 4766 7847 7730 13055 13398 4766 15678 1097 17872 12780 7957 5 7847 15658 5335 20402 7730 6075 22463 15207 15423 6 7850 11518 7847 19625 7730 7017 15678 19800 6281 4 21389 20402 18498 31 21061 9901 6843 871 20209 5 15658 288 4179 11474 2647 7914 15144 4 12027 20402 20293 3058 13325 18498 11284 13301 18498 21 21 18044 21 21 31 15144 15458 3962 4 17495 4 288 17106 740 15144 18498 18533 2647 7914 11474 20 1249 16468 349 18494 31 14539 4672 4815 9193 15658 19625 5 5 5 20855 31 9193 18498 19969 4766 31 18736 7730 31 6281 6103 15658 21596 13405 22463 2725 15207 7850 3790 5 
1506 31 15144 7914 7445 18553 4 20402 31 9721 6103 21793 5204 13909 7277 4 20402 163 5371 15678 13819 4 9193 4 15658 20402 4766 684 18498 31 4672 12780 17872 10366 5 991 7384 4 17304 20402 5371 11474 4 15144 16066 20402 7850 18525 20402 4 20149 8995 17714 31 17872 2647 4 8995 17714 31 17872 1414 7 9901 31 7157 16404 31 13512 18498 1190 20149 14577 31 2780 17438 2371 20 
18197 6 20149 18533 12145 22463 204 17872 23135 17599 1826 14163 4 21596 22463 1095 9586 17790 4 4181 18498 12784 472 13749 4766 7847 7 5 21 
22657 31 16689 5097 5 5 5 
18498 12960 20 20 20 18737 28 
13480 7850 15187 16673 18195 29 28 20 11249 1027 18737 28 
21 26 26 4 15286 26 5 5 5 2371 28 5 5 5 8 29 21 
21 6103 23151 31 20241 6103 16633 20 8956 10548 8995 19283 11300 4 10959 1920 6 6103 21 
21 25 4 1249 18498 23016 20402 15671 6 7850 28 20 10535 10131 21 
21 4289 15678 23575 7127 7509 1249 5 21596 21389 4672 17872 9594 7730 10765 17872 662 18498 8956 8806 20402 16753 17872 12861 5 8235 4 14604 28 20293 22657 31 16689 4 13640 288 21083 8957 4788 15678 9971 7730 15678 4785 6103 22463 1249 20 14539 21596 5216 6103 18498 7509 18394 23016 7730 1393 18394 23151 4 14335 20357 8810 16404 15678 15190 7730 31 16971 1393 14604 19030 5 16721 2727 4 15643 13909 12780 23104 28 4796 9010 20 
9808 29 16404 21793 8 29 21 
21 5 5 5 5484 4766 16083 16971 4 7914 16083 13727 4 5947 16083 26 5 6670 13055 4 9743 18553 6103 21596 1453 4796 13324 3058 7730 19854 22327 15756 23104 15459 1249 5 19969 7509 14604 15190 7730 8995 1540 15756 15658 19900 4 16098 15286 18498 15658 5174 4 9594 20670 22327 15756 10447 7509 14604 5652 5 1920 20402 2136 31 4289 7509 15604 1249 4 17324 7914 29 18784 22327 12780 15128 5 654 20402 21551 6103 6564 5 5 5 17458 13055 13055 20402 21551 6103 13749 11986 7 
10548 0 20 11555 28 8995 7509 11518 22657 29 23016 1249 15604 21 
21 11462 16098 873 7491 22463 4672 22385 8852 18498 9743 18553 6103 4854 4766 23135 6 
23135 20402 22385 17297 4 18498 31 23577 4672 18498 21596 20402 15678 20463 7251 20 
7 21 
20402 22463 11020 1249 20 15708 17438 9743 16440 6318 5 
21 20402 10131 21932 4766 18525 15658 21596 15678 14539 4932 18498 23135 5 8235 4 19900 18498 14604 21932 20402 18950 12 2727 13 15894 18533 18498 9193 12780 20 15658 10959 6103 17525 12861 9193 4 21932 7914 8525 15678 18191 15540 13055 7491 5 5 5 5 5 5 5 5 5 5 5 7730 8956 15658 20402 31 17819 22897 20 20 20 20 20 20 20 20 20 20 20 20 20 20 20 20 20 20 20 20 20 20 20 20 20 20 20 20 20 20 21 
21 21 21 8995 12780 4 6103 23151 17872 3962 5 5 5 21 21 
5947 31 9634 5 5 5 21 
21 16673 20207 22897 7914 9193 11454 5 31 16440 6073 15756 23016 20402 13717 4 20463 9193 20402 2727 20149 9193 15658 20402 23570 
18197 6 15585 6103 5621 6103 29 17872 29 8956 1249 11300 7 
21282 17872 12296 871 2828 18498 15658 8386 4 20402 969 22575 6670 29 9594 
28 30 21 
21 8995 22805 1114 4 15658 430 5 5 5 20402 15671 26 8 29 3364 28 21 
21 22463 6452 17872 21623 8956 1249 20244 19485 6 13055 21596 23206 9231 6103 18498 7850 9193 22942 22327 8995 8678 5 15658 20402 6981 18498 8089 4 560 4 15756 21596 18498 20402 20402 5 5 5 18494 22327 6075 4179 4 17438 9193 8995 340 7509 20855 7730 28 5 
8956 1249 7914 8810 9051 15138 13797 7914 18494 19703 21793 31 20644 4 31 17406 6103 21810 22463 6152 7188 7730 1800 5 6146 155 15256 6103 15138 4672 17872 20202 4766 22463 15697 5 5 5 15658 11731 18498 20420 22385 7188 2136 7562 9193 7491 7730 21793 15678 28 9193 14335 16836 20149 8995 9743 31 4672 4179 16973 17938 17458 4796 18475 16083 20402 11570 21596 14378 6103 14335 10430 5 7850 23575 20247 21793 15678 28 9193 19969 6103 9193 4 22458 31 13539 7509 15559 10205 7730 19450 8317 4 9193 17629 4 21438 10131 5 871 16971 14335 22092 4766 12150 4 16083 14335 15855 21894 9193 15678 13909 13278 20402 18498 31 14426 14335 330 5 14335 20357 15138 17868 17438 21596 23104 4187 14924 4766 16971 9330 7914 13727 14149 6103 22463 20402 9509 20244 9303 4 20402 22327 13512 7730 12545 1920 14539 5 866 14335 7491 18498 21596 18498 12780 4 17629 20202 7914 10366 4 15128 9193 17537 5 21596 20402 6103 5204 9193 4672 4 14335 21858 15756 11731 5 15756 13909 14335 571 20402 18784 15658 19900 15299 20670 15894 7730 4796 8995 7850 18195 1249 5 20402 7850 14539 13727 16066 15658 4 22327 20402 7174 4 31 16971 4 31 19814 5 5 5 8235 4 20149 15756 9193 6146 20402 3913 6103 20855 16066 2344 4 6400 7509 18498 23016 6408 4 8443 4 18498 23016 29 20 21 
12 12 6219 9193 22942 7850 23575 20247 13 13 20402 12861 5 5 5 5 
27 3058 7127 0 20 8956 9193 18533 22805 20 
12 12 12 23575 7127 6103 2154 13 13 13 5 5 5 5 5 5 5 5 5 5 20402 15756 28 18533 20149 20402 16066 15658 14604 23575 7127 7850 28 
9193 16468 5 5 5 
11462 352 1920 8 29 
21 21 21 16765 18498 15658 21596 4796 19900 
20402 21282 15678 20463 16230 7850 20931 15256 
20402 13909 7509 18498 15678 20463 15855 17304 22805 
8443 15658 6900 15678 14604 15540 21 21 21 
21 20149 873 21596 871 4122 18498 15658 22564 7730 18533 17304 8060 16673 1114 6103 28 4 14335 753 5 22657 21 
20244 4122 26 21551 12136 5 5 5 
21 3790 4 9901 18339 4766 18525 4854 5947 4793 23222 6103 10765 13405 21752 7850 3393 4 6103 10450 8731 2726 4 3213 10743 4 8406 16083 5 9193 13055 15658 1937 21525 17872 15658 21596 18498 14335 6396 4766 8956 4127 13166 5 871 17304 7491 21 21 20402 31 18774 21 21 5 5 5 21282 20149 20402 31 20931 18774 5 5 5 31 9193 16673 15678 14466 15658 11843 7914 14265 9835 873 5 
26 20402 16971 14466 15400 16970 5 5 5 21596 2311 1393 12861 20 
18197 6 19900 18498 3450 22463 9743 15756 18533 7509 20463 28 4 8443 4 9901 31 23167 17872 14335 9343 3962 10959 6981 21743 6103 4672 5 21 
23 4289 31 12901 20 
6 6 6 
7 7 7 
18533 19900 15894 15678 7742 13909 13284 12780 16468 19602 5 5 5 
21 20402 16404 15678 3192 6103 18525 20293 14335 18533 2727 6 15253 7730 9634 8 29 
16440 21 
21 7730 8956 6421 18394 12552 18498 15658 201 15643 5 5 5 
18197 6 15658 5947 4189 9193 21776 21810 22463 7850 3671 7509 28 21 
22463 7509 4672 13909 13284 13512 18498 13359 
20402 12861 
21 12787 15658 21596 4796 4 15658 21596 4591 9193 6 28 20402 15678 14425 19768 21 
21 20149 9193 15658 10648 22463 14348 15458 28 4 16162 15678 14619 18498 23135 18533 20 21 
21 22463 18162 16404 8956 12552 5 5 5 
18197 6 7850 10273 20402 22463 4697 9193 18498 16630 21 21 17438 9721 15658 14335 14156 20149 15658 9193 15253 14335 14265 21 21 5 7914 19225 1393 23222 7509 20202 18475 10343 16393 20402 14532 4668 5 21 
21776 17125 1614 15458 879 28 5 5 5 9193 4766 22463 7728 11758 20149 4913 16066 15658 4766 14378 7509 4913 15658 4289 5 5 5 7730 20149 4289 5 5 5 18476 0 18476 0 
14069 27 20 24 23523 6103 22882 27 5 5 5 3058 20855 16972 20 
9981 22463 3711 4870 991 6103 28 5 18498 23180 20 20 20 18498 23489 20 20 20 
21 22463 13727 16816 4 4766 16971 16816 6103 22463 12939 16816 5 5 5 8 29 28 29 28 28 22575 26 21525 21 
17583 16673 21613 20247 20202 20402 12861 14539 0 6981 22897 4766 31 10606 18498 13909 1027 28 8 29 16440 28 
7509 19252 28 16404 15678 15190 20 18498 10916 11300 28 20 
20402 
21 10273 7509 1247 7509 9193 15253 28 28 15908 5 5 5 4672 13512 6103 28 5 
7850 22942 4 20402 5758 20402 3058 15658 17629 15424 7491 15678 17458 5 5 5 20402 468 20402 23570 17458 31 10765 9743 22327 15756 18533 20244 13054 20244 20149 11862 4766 15678 1022 5 5 5 20402 498 20402 14425 740 17458 31 10765 6592 18498 15658 20402 11783 7730 7509 3450 134 4796 20149 20402 15678 23575 4 9193 22667 4 22667 15576 11111 4 15576 14336 5 8443 4 15678 15576 7171 4 20402 18498 15671 21596 22463 1393 16083 7730 472 12861 20 20 20 7850 22225 16066 7850 835 6 9634 8 29 20 1027 23135 15253 13909 13512 7509 15190 20 21 
21 9975 6103 20247 6103 21932 4 7447 4 19699 4 17583 8 29 4 22350 4 1542 4 20749 4 4380 4 13709 20244 28 4 26 4 9867 4 17165 5 5 5 8235 4 12545 4 8208 19295 6 6103 21 
18498 4672 13512 
15995 28 28 14156 28 7850 28 26 26 20 20 20 20 20 
21 26 26 26 4 26 
26 26 4 26 
19698 19827 11943 12863 4 26 
26 26 26 4 26 
26 26 4 26 
26 26 4 26 
26 19735 4 26 
26 19735 4 26 
11617 26 26 26 26 
11617 26 26 26 26 21 
28 14335 5139 7730 14335 753 31 8100 4179 4672 18498 22805 4796 12045 5 5 5 14604 13905 14378 20402 3697 7509 22942 18498 1393 17556 12780 14335 3697 
21 26 26 26 20 26 23247 26 26 7 
21 1097 7742 4 19900 1612 19592 12296 18498 9743 7730 9193 7451 15138 4 8406 15458 11111 7730 22805 31 18006 20 6 6103 15658 8995 22782 4623 15299 2717 0 20 19703 21 
20126 20402 5758 20 8 29 
21 5739 18498 15458 18195 18497 1249 8995 4987 7914 6 21932 4 13026 22463 14533 4 1820 9193 13936 7730 21450 28 4 9193 15658 12780 13909 9901 9130 7730 21932 17872 21225 21947 4 13135 7730 5611 5 5 5 7730 10765 336 18498 15658 352 17458 15658 18533 21 
21 20402 6569 31 16255 28 4 28 7730 28 4 15658 17458 31 16967 14489 15678 4730 4796 21 21 21 21 21 21 19713 21 21 21 21 21 21 7730 20539 17458 20402 22463 15241 15658 20402 9193 10765 4 15658 20402 13413 4 17324 6 18201 10982 8956 16587 29 1249 4 15658 17629 15424 4793 15678 19522 5 13055 20149 20402 15678 21551 7914 18498 15678 18250 20402 22463 15955 8838 16404 18498 11284 14427 5 31 28 28 4 1249 16468 6075 22463 16200 18498 1937 7914 9193 9574 4 15894 9743 7445 6159 18498 5392 15756 7847 6202 11462 1471 7509 14539 21596 12780 7850 17872 9594 6103 14336 1062 5 5 5 15855 21282 11300 5 8995 21570 4 15658 20402 17438 15299 15658 9193 28 10763 20402 20539 31 14425 15955 4 17458 15678 21 21 18533 21 21 16503 15658 12780 15424 9594 7730 15678 4697 7509 30 15658 8995 17714 5 21 
21 8329 31 10765 15658 490 31 13989 6103 18498 7850 15190 21524 7730 17382 21793 16836 20402 17804 7730 21793 19484 20402 6168 4 12780 5360 23174 8561 5 16434 4 288 18498 15678 6110 21524 21596 22463 11020 16377 6103 21468 4 7914 18498 15678 21684 6168 20402 31 16967 7480 5 4289 6103 18374 7730 4468 28 20 20 20 12780 9130 4 21596 18016 7730 18736 17872 7491 18498 871 18006 6103 10982 20149 1907 1393 10481 18498 23135 490 7730 15658 17769 2031 7914 18525 1421 13909 16066 9594 13909 3086 4 17458 12861 20402 636 4796 22463 17814 20 21 
21 16404 6103 368 15458 16967 7859 4 3805 20 21 
11617 997 26 6 6103 
22597 18449 
3058 20247 6 6103 
21 9193 18784 16784 31 16135 18476 17629 7509 21 21 20446 6103 10999 21 21 20 20 20 20 20 20 20 20 20 20 20 20 20 20 20 20 20 20 20 20 20 21 
21 201 6103 19506 14604 14409 6103 4962 7730 18876 31 15599 11532 6103 18498 15678 15576 1095 28 9601 20 28 5139 31 9634 4 31 15253 7730 31 21793 15671 20 991 6103 22463 16780 8323 20522 16404 8956 15190 4 7545 17458 8918 18498 15658 20402 11783 5 5 5 1022 5 5 5 16066 6073 22463 11518 4 17304 15658 8995 1614 5 5 5 21596 9790 22327 22657 31 16689 0 20402 11875 18549 15678 3611 7509 22942 5 12780 21596 7850 14453 22463 10672 18498 23104 22385 17556 9193 9743 15678 21036 16404 18498 13325 6318 4796 22463 23570 16971 4 17872 20293 5 21 
13048 
21 29 5 29 16971 1937 22463 12960 6103 11248 7914 22463 1662 8 29 20 15678 15190 15658 20402 21282 10523 17461 
21 12159 6 31 3610 6103 22463 9867 15908 4 9193 5590 15678 19701 6103 16784 9193 22942 20 9193 1095 28 28 20402 1889 17438 22463 2510 6103 6316 7850 16471 7509 20495 28 20 20 20 15658 11284 20214 5 5 5 15658 11284 15502 6103 11751 4 15756 4060 18824 7509 23231 7730 30 17872 871 13131 20 8235 4 12861 17458 8995 1393 3610 6103 22463 21 21 21932 21 21 5 5 5 15658 5219 8918 5 5 5 21282 5219 662 31 28 17438 8995 23106 11462 5 5 5 20402 15756 17511 7491 20 1027 23135 28 4 28 4 28 28 7730 28 28 18498 14335 22805 13923 7730 13640 22092 6103 21582 14335 753 5 5 5 15138 15708 14539 5 5 5 12861 20520 15138 17872 9193 20 
26 21 
21 20539 5 15678 5 20539 5 21 21 5 5 5 26 26 26 6 26 26 21 21 5 30 4 26 21 
26 26 28 
21 18525 15643 21681 22463 23539 15658 19900 15756 20402 1027 6103 15855 9769 5 11462 20402 1247 6103 22463 7509 16971 13909 12094 18498 8956 15190 5174 20 3711 4 1845 4 8897 4 15253 4 23539 4 19169 4 22327 6103 3058 18498 22463 16971 17304 21596 5 19604 18476 9604 4 15678 18476 20149 15790 5 22463 12446 20 20402 4951 31 10765 22805 873 11667 15756 22463 1845 9743 4 7850 22821 31 11667 16673 18498 7847 20402 20 20 20 5 5 5 22463 20402 11570 6103 21362 11868 18498 9743 18553 6103 20149 7235 18476 20149 22092 6103 11580 20 12861 9743 4766 18498 9193 6981 2031 31 8956 21932 20311 18498 21282 7847 19900 9743 6 3702 4 6070 4 20183 4 9743 19698 4 9743 4346 4 9743 4842 5 5 5 8235 4 7847 15658 7509 19735 4 7847 15658 20402 7509 26 4 7847 15658 20402 7509 17426 4 7847 20402 6 28 20 16323 20 
21 740 7509 21551 6 
9387 1114 7914 20402 28 20539 6 16784 14604 4122 3943 7509 2504 14335 7110 20 26 26 15678 
26 
20402 7384 18498 9193 21438 9594 5 5 5 8 29 12503 
20402 11462 18498 9193 12780 22805 8956 15144 3805 8 29 
21 9193 18533 20 20 20 28 28 13688 4 28 28 7730 28 28 20149 12406 17324 20149 23135 21 21 21 21 10648 21 21 21 21 14514 20402 17739 
7 27 26 21 
21 12787 4 15502 21095 
21282 20357 15678 7630 20 7 
20311 20 
21 18498 20126 7509 9193 13512 2372 
21 31 22516 3170 21596 15678 14425 11249 7509 15190 7850 9818 7730 15678 29 7850 14239 20 20 20 16323 1393 21793 15678 2066 4 7914 8810 1393 15576 4697 18498 12521 31 20237 20 8995 15138 9808 7730 15999 20 18737 28 21 
21 10606 4 15678 28 8995 7850 9989 7509 3623 15187 6103 11249 22519 14239 7730 9818 20 20 20 8406 15678 31 2066 18498 4897 31 20237 11284 970 7509 9193 22516 22575 5 12861 20520 18498 15678 11249 18498 12960 7914 12552 7730 16083 3623 17982 16673 9574 3170 20402 7850 15270 15678 29 7509 15190 4 18498 17304 20149 21858 15678 14425 1022 20 20 20 1937 31 9989 20 16323 16404 21793 15678 11250 22519 18498 8995 6075 10901 1393 14858 20 20 20 18498 15995 20 21 
21 11462 20244 7728 20402 15678 7127 13909 13278 6103 29 17872 9193 20 5910 15678 22386 28 28 28 4766 22463 1467 6103 15256 4 5459 4766 7847 7730 20931 4821 4 21752 20238 4766 3625 15877 18498 1937 6670 5758 5 5 5 20402 22463 15941 7730 21389 20 31 3450 7127 18498 16468 6592 18498 1027 15678 8893 4 21596 17605 7914 23102 7730 4516 22805 18498 8956 9829 5421 15138 4766 31 19478 20699 20 18476 13359 866 7850 12971 16066 7914 16083 10192 4 20402 3170 4766 15138 1114 4 20244 21389 15995 5 5 5 11462 18476 22805 8956 20237 3170 12960 4 14335 20357 3170 4766 15138 15995 7730 4766 15138 1114 20 8235 4 4672 18498 21282 15678 8893 18009 5 17304 16393 9303 9193 22327 18784 20402 8810 4 20402 31 17819 15941 18498 21596 6103 1937 22463 7509 9193 20237 17658 31 17658 20402 31 6103 11249 4524 6 16404 5 15708 14464 4 15708 28 4 21793 15678 2066 7730 4821 18498 5421 16404 21858 15678 23236 22463 7509 8893 3172 13909 22772 20 15708 17438 14335 9743 16765 18498 22327 12861 18498 20357 11462 20402 22463 20577 6103 18498 8995 7850 3610 4179 4 21596 17605 7914 9130 31 7804 28 7730 15678 8893 20 8 29 21 
16440 26 26 29 20 20 20 31 14426 20237 7509 15190 8995 1614 11462 20 
4122 7730 23371 23151 20 
21 9620 17556 4 20149 28 18533 12780 18779 22463 7509 14604 13905 20826 18498 20402 17736 16429 21932 7914 22463 15871 20 20 20 21 
21 8995 4766 29 17541 6103 21148 5716 7509 14156 22513 22463 7509 14426 5 3450 17541 21596 29 4 9769 7730 6389 7509 17605 6103 22660 5 18525 18533 16066 19900 6103 873 18498 18533 4 14018 11980 5 18610 29 4 29 15678 7558 17541 21 
20244 4122 7730 23371 21556 
7850 3232 29 6256 13909 20126 18498 31 5505 
21 15678 18498 9743 4766 8956 10606 18498 368 7730 19335 22327 15756 22805 7850 21525 4 20244 5803 15425 0 736 22805 20 21 
21 11617 26 21075 21726 21776 26 26 26 
26 7585 22 21298 26 11617 22 13800 26 31 26 26 
7585 22 21298 26 12863 26 4 26 12863 26 
26 26 26 4 26 26 26 21 
21 15138 3058 4 15678 26 3170 8995 7914 13909 22463 9975 15187 20 20 20 21 
21 19900 4 4289 22463 11518 18498 31 16971 7491 18498 23135 20402 13278 4 8302 7730 20566 13055 15658 20402 15678 21036 4 740 13909 17872 18525 15658 20402 22938 7914 1434 5 17872 9193 8956 13185 6103 4616 15658 22657 15299 4 3058 14539 20402 20402 22667 20 18476 20149 21596 22463 15697 20402 12226 18498 31 21 21 21 21 1103 21 21 21 21 20149 13494 4 18498 23135 20149 16836 20149 22327 22657 31 16689 5 5 5 1540 31 5484 4815 14539 4 17438 21596 3697 6103 16784 21551 7730 10122 4766 16971 7730 20644 18498 9193 17304 21596 9233 5 155 15256 6103 10548 4 871 9867 4 16971 4 871 14924 7914 9634 4 21596 18498 9743 12861 22657 31 16689 20 18533 20402 18950 16673 14604 8744 4 14604 22665 4 9193 13749 18498 14335 9743 794 15756 915 5 5 5 15678 21167 9193 5174 7730 19900 18498 15658 20402 17872 9193 5 21 
21 21 21 16404 16404 703 31 15104 7509 22144 1393 10366 21 21 
7730 9193 16721 6 22144 1393 10366 0 9743 18494 14336 11518 18498 15678 23575 16468 4 15658 20402 17521 18498 7847 740 15658 4289 7850 18195 9009 20 21 
7 
14604 9942 7730 9193 28 6103 22 20539 8 29 20 
8 29 
21 1937 20 1471 6103 9193 20293 21596 22463 6614 7509 1089 4 21282 16098 22821 21 
15678 18498 9743 18476 20149 7509 15678 15252 7730 740 1920 15658 20402 21036 5 5 5 0 
15643 11731 18498 9193 17304 1027 873 21389 1920 8 29 13512 7509 17812 
9867 13023 7509 9634 24 
21 14856 6103 28 4 10273 4766 10343 4549 4 15936 7730 1962 21083 19336 7730 654 9224 7730 5123 21083 6879 5 15678 28 8995 22463 3119 4 4273 4 3450 22897 17106 21 
21 2524 3625 7509 2465 17461 4 18498 9801 4 18498 15995 7509 14604 1097 20 20 20 16323 4 23135 20402 13909 18498 14513 20 20 21 
22463 19800 3086 7730 22463 5353 15658 22385 3086 1920 5 5 5 12861 15658 20402 17872 9193 5 
21 12790 7509 6996 6 20357 7850 16668 15678 19522 6103 20149 17703 13909 7914 4886 22463 23489 6103 9925 7509 18498 31 17380 6103 20463 16587 20 31 13905 7730 21 21 14426 21 21 22516 7509 28 7730 15678 23572 7509 22065 18449 7509 4417 20402 7509 5505 13055 8995 7914 11076 5 5 5 7730 23016 13909 17438 2371 5 5 5 21 
21 18525 14335 5174 19900 15678 18481 9193 22667 7730 6202 31 15144 4 560 4 20738 23206 17635 7509 13819 16673 20558 9707 6103 20402 9942 6103 15253 20788 5 5 5 9193 21596 22463 7728 6 20149 22463 11474 2647 7914 22463 15144 20402 5371 13301 28 7509 16705 7730 16066 13820 5 7730 18476 22463 15144 676 22463 11474 0 0 0 11284 13046 6103 18498 20402 10268 7176 4 17495 4 565 18498 15678 5283 20402 15678 14539 20 20 20 349 4815 5 15658 19625 17458 5219 19450 12861 20244 23014 5 5 5 9193 12780 2371 22463 7157 6 15424 21793 20402 4796 9193 4 8443 4 20149 20402 15144 17872 2647 20402 15144 17872 1414 7 21 
15253 7730 9193 20 8 29 5 5 5 
21 1022 21596 11249 28 7850 28 6 
9818 29 6 29 
14239 29 6 29 23274 28 
13325 18498 15678 21726 14239 5360 12741 7850 21266 13195 7509 5505 22575 20 
10273 26 28 9193 28 28 
17872 4434 26 21 
21 26 7585 22 21298 26 26 5 5 5 
13909 22463 14799 5913 7 7730 6981 22897 4766 21787 8810 7509 14604 9942 28 28 13688 18498 14018 15138 7850 7795 7730 8995 15821 7850 8525 7509 26 21525 2727 8525 20402 17872 23135 28 
21 23 4369 17461 28 28 2811 7509 28 14069 18498 835 1114 6329 22 21267 5 5 5 29 1115 7509 9193 22942 6 9634 4 26 7730 26 20 20 20 20 16323 28 12446 20 20 20 8 29 8 29 8 29 7855 31 14425 1690 8933 21 
21 12787 4 17629 6103 13909 6103 29 7850 7127 17872 6075 5320 6103 23104 20 21 
21 14604 28 15708 17438 8956 1114 11758 7850 9193 22942 20 7118 1249 2116 20402 31 12787 6318 18498 9193 3913 7850 4687 4 9743 7599 4 3224 5 5 5 11462 20402 8956 4672 13512 18498 21810 5320 7509 9193 22942 7730 9193 1027 20 20 20 
28 28 9634 17812 5631 1027 6329 12780 9743 29 21 
25 5 5 5 4796 7491 15678 22406 6 22821 5842 
6 6103 26 9867 7509 5409 29 
21 31 28 20402 31 11454 6103 18525 21681 6181 7850 11454 5 
10273 26 28 9193 28 28 21 
20402 8956 1614 6 15678 21726 7 8 29 
21 5446 14604 17812 31 22782 8956 7645 6103 23489 6103 9925 7509 5505 18494 4886 14985 4766 29 9925 7176 4 18525 18533 4 11980 20 
18197 6 7847 8995 13026 11029 16404 4913 22463 2824 15604 21 
18498 9833 20402 8956 14604 26 0 17872 13761 6103 3058 20 
16440 
21 24 11462 20402 1247 6281 6 9193 4697 4 17406 17658 6 6103 16323 13512 28 7509 28 28 21 
10273 17438 28 9193 28 28 7 22657 13521 
9193 12780 7850 14425 28 6103 21793 15678 21551 
21 10765 18498 18533 21596 2154 6103 18475 14031 5 5 5 9193 8995 21195 17458 21596 2154 7850 20247 20060 5 
20463 9193 1190 1694 5 5 5 21 
21 11462 9193 5219 352 29 6 29 4 12861 3058 7127 20 21 
21 18339 18498 16404 16784 31 13539 654 4766 8956 20263 8406 28 7730 20450 5 5 5 9193 2717 5 5 5 28 12780 23029 7730 20402 3625 20 20 20 
7957 7599 7730 8918 15678 23236 7730 23151 16404 14604 8893 11249 17458 1022 20402 15678 14604 12960 6 28 23274 28 28 29 6 29 20 20 20 18525 17304 4847 5 21 
14069 18498 19924 5 5 5 31 20052 17304 20402 23570 7847 20402 9193 20293 18669 7914 6152 20 20 20 23 18498 18655 
21 12780 15678 19924 
28 21726 3625 21 
21 15833 26 26 20 20402 18498 9193 724 4 9975 29 26 26 26 11248 4 22657 31 16689 1937 7 20 20 20 21752 8956 740 21596 20263 7509 21083 13480 6103 23236 11462 17872 4434 28 21 
21 15658 12780 21596 5505 16476 4766 14673 6103 16971 5371 22816 16404 31 5505 18056 16404 13909 7804 7730 14466 5505 
28 7491 18498 28 21596 18498 8637 11543 16066 5505 
2626 22463 23489 6103 9925 16404 18498 22327 12861 20402 8918 5 21 
21 1393 1097 18498 21842 16673 19698 21282 13166 20 
28 28 12780 10648 21 
21 29 22897 7914 29 15266 0 1190 4766 878 4 19971 11099 7730 17068 7850 3047 17458 15678 14311 20402 10131 20 21 
20126 11758 6103 22463 21551 3058 18498 15658 23151 15643 13909 5 
26 21525 8 29 
13055 16721 5 5 5 8 29 
4766 4181 20 
17438 9721 

