21 16753 14464 4 11020 11156 21 
14604 14464 20149 7970 17872 17737 
21776 16468 13923 5 5 5 
9193 9743 22327 4796 22463 14464 5 
13055 21582 9431 12861 17872 15138 10765 5 11208 5 
28 28 12780 0 0 0 
21 18525 20402 3166 15643 12780 19900 15678 18498 20402 12861 20 20 20 17635 9387 20539 7730 15671 15658 21596 4796 19900 18470 15678 20402 11792 7384 22327 7850 22942 6103 22463 16971 5 
17790 
10753 
9431 15138 4672 
17667 5 5 5 
15658 20402 0 0 0 20 20 20 
9634 22507 7599 13026 
20828 
8956 3643 20402 9652 20 20202 13055 20 
15658 6075 17872 14477 15678 21364 7509 184 5 
21 26 26 26 5 
21 4672 21267 20 15894 11284 7558 16066 13909 16971 18498 20149 1027 4 11284 22463 9634 5 23174 15658 20 20 20 21 
16673 14466 17304 7491 18498 21793 15190 21596 871 20 
8956 11644 13981 20 
21282 15678 17382 20402 5611 20 21282 18498 15658 5 13055 16098 15138 5692 17438 2371 1959 18498 9743 8956 4672 5 
16323 28 28 7730 28 28 28 28 20 15678 16587 9901 2727 13909 20244 11066 20149 15658 21596 15678 15554 20 
26 28 15658 21596 20402 15678 2625 8956 28 5 5 5 
20520 5 
871 9707 19076 5 
4277 15604 28 28 28 
10753 
7850 9078 
21 17438 13909 7451 18498 20402 15678 17535 31 19456 7509 7861 4 15658 288 18498 7847 20402 15138 5286 5 20149 9193 21596 18498 14684 4 18498 20402 16673 14031 4796 31 16971 6146 20463 23176 5 21115 4 14604 17889 6103 6152 20402 15678 20201 6 
4796 20402 11570 4 368 18498 22463 10982 7102 4774 31 6792 20699 7730 6103 7277 4 6103 278 1393 7804 4 1393 20127 4 20214 4 9170 5 
4796 22588 6103 22065 18449 4 368 18498 15678 4708 7102 20402 17843 7914 19225 1393 12578 12183 5 
4796 17934 7509 12202 4 19900 18498 31 2060 7509 20207 20462 20402 31 19483 16673 11020 13907 7509 5298 7509 702 7730 18498 15678 10799 19483 7509 18987 11609 20402 10476 17872 7766 7509 16587 5 21371 20402 9942 6103 28 4 10959 6103 21810 2530 7730 14604 5574 20402 29 702 5 
4796 9670 4 288 10476 18498 15678 10982 13289 7914 9721 7509 6731 4426 4 9178 4 17495 6103 10211 13150 5 
17438 23575 4 7850 9193 11581 15936 4 22463 10982 17629 20402 22058 4 12735 15678 3976 6103 5614 4 15658 1735 5 
9743 22463 19094 7509 18498 368 20402 11861 16404 15678 16587 7730 12780 2116 7509 9707 5 21 
15643 20 20 19703 
31 7509 28 20402 31 14425 20 
15138 4649 5 21282 18498 15658 
17737 6103 26 5 12780 20149 14810 
6329 20 
21 26 4 28 7730 28 21 
26 15803 14565 20 
20520 5 
11731 7850 5505 5 5 5 26 
21 13923 24 4 28 14289 28 4 20402 15138 10754 17629 4854 5 5 5 21 
31 19456 7509 13623 7509 18159 7850 28 
27 
18553 6103 8593 20 
15678 26 20402 15678 14425 20 
20244 16192 20 
12255 15658 14335 21187 5 
28 21596 18736 31 19456 7509 17239 5 
18339 11670 5 
21 16972 4 15138 15708 16673 16323 20 20 20 
18533 368 18498 23104 17872 22805 31 12723 7509 21521 5 2371 20539 4 17304 21596 21793 15678 14604 1027 7914 22463 4372 7850 13141 5 
2702 5 21 
15704 7509 1845 7914 28 28 28 
9743 20357 5 
16404 15678 16169 6103 16753 22938 7914 21480 5 
6103 15299 
21 26 26 4 26 29 11617 26 20 21 
27 
28 7730 31 4521 7509 22886 4316 
27 
18625 
6103 4346 5 
21 10765 4 16468 7850 22575 21 
21 5942 11115 4 4359 20 28 28 28 28 21 
24 20 153 8995 4289 20 
21 2371 20539 20 
31 26 26 5 
21 16971 4 873 2371 8995 17908 22640 7914 28 22962 0 8995 155 22463 17509 6103 1165 12984 5 7850 28 5 8995 16630 9422 7850 23498 16066 7914 19920 5 18475 7728 14018 11980 20 21 
21 26 4 12863 5 5 5 21 
28 7914 13055 
21 15678 14054 8995 6103 16323 4 9193 12780 14096 8956 8908 7730 9743 31 7178 7850 1249 18498 23016 20 31 7861 23016 2371 7730 3391 31 15671 9457 21793 8956 6632 7850 22548 20 17872 10366 4 28 20 21 
16972 7509 16468 13591 9450 31 2614 7509 15102 7850 19745 23104 654 5 
28 15637 11518 6981 5 5 5 5 25 
21 28 18339 4 17438 21596 6103 16367 31 22049 7509 14058 4 17438 4060 7509 11538 17382 20 27 21 
21 20149 23135 4 3894 1095 4 740 288 18498 22327 12861 20402 21 21 17438 4060 6103 29 4136 21 21 4 16404 6103 22805 31 15609 5 17438 9721 4 12780 20149 12296 20670 15678 16587 7914 18498 23135 23104 5 21 
27 
26 20 20 20 26 26 26 5 27 
7299 19822 17872 16395 7509 19972 
21 15708 24 16673 16323 16972 20 6679 8147 21793 4766 13905 10385 5 5 5 7730 4 20149 15678 23176 6103 18525 14335 6679 7251 20149 5025 4 9743 22463 9875 1249 18498 23016 20 
26 20 21 
1502 5 
23575 4672 3058 31 19456 6103 28 5 26 28 5 
21282 9620 31 28 28 5 5 5 
21 20402 6103 20402 4 16066 20402 6103 10183 0 
7509 10484 7509 2667 
21 28 28 4 28 28 28 4 28 28 12780 20149 15988 24 17872 12780 4815 6981 22897 20 6103 21 
21 4524 20577 7509 10739 23274 1421 7850 5288 4502 5 
21 15678 18498 22886 17872 4372 0 21 21 28 15250 6 29 9193 6 29 21 21 5 21 
21 21793 7127 9193 288 18498 21596 13909 22463 7127 4 18498 8956 7127 15658 12784 4289 5 5 5 26 25 20 21 
28 28 15678 20191 20 20 20 21596 18498 4854 14539 27 
21 20149 12861 15658 20402 15678 6042 7509 5299 4 15658 19900 15678 18498 20402 5 5 5 21 
21 9193 15658 20402 9312 9820 4 9193 12861 20402 12577 20 
21 28 4 23351 26 7850 26 26 0 0 0 
21 8840 4436 1249 17872 22318 288 4 4814 5 19703 21 
21 21 21 5 5 5 26 26 26 26 31 26 5 21 21 
6103 13667 15678 3227 13909 13278 7509 22136 6103 11462 20 
26 28 

21 16972 4 18533 662 15138 16673 16323 3872 18498 18876 17438 1614 5 5 5 7850 22821 4 10959 6103 6292 15678 28 7730 6075 21793 1249 22463 9867 6103 1811 16404 17304 18876 136 6103 21793 23135 5 15138 15708 6103 22821 5 15138 2702 21 
17872 14265 31 5936 7509 4359 

1114 20 20 20 20 20 20 20 20 
21 1114 6103 4403 3365 15658 21282 4289 4 16468 7509 9971 7509 9574 5 5 5 21 
18494 22463 17998 6103 16493 6103 6383 20 
28 7545 26 26 
28 7730 28 14335 8386 20 
4359 20 20 20 20 20 20 20 20 20 20 
14464 20 
20069 7509 2433 1276 7730 6408 
1115 5 
21 14464 5 5 5 22463 7599 4 16083 5508 5 5 5 9193 20293 13026 20 21 
8406 17872 20402 7197 5 
21 7509 23575 22897 6075 4179 
873 2371 21596 15678 5322 6103 873 18498 9743 22065 4766 26 7914 20879 0 0 0 
21 15855 12861 4 28 28 4 15144 6103 17556 10547 5 5 5 
17304 5739 20 20 20 20 20 20 20 20 20 8956 22657 4854 27 15643 12780 13325 20 

