21 538 18525 9743 15678 2727 7730 2082 18525 9743 15678 13923 20 21596 10765 18498 21596 15678 7563 6103 9743 22327 8561 4 6097 4289 7850 20201 5015 6 15424 22327 18553 6103 20855 4 23104 2727 7850 13907 7509 22898 4 20402 18553 6103 8637 20 
3058 15533 16404 15678 22823 20 20 20 21 
15708 28 8 29 
21 7957 17872 13909 22463 7127 6103 13749 
3058 7127 7 7 21 
21 15658 15855 17872 13131 12709 31 5204 7509 16083 4 3450 22463 9743 20931 8637 4 20149 31 20931 15658 6075 4179 15658 21596 12709 7509 18195 5 
21282 17872 5268 21 
21 21282 22318 662 28 17438 22327 18498 21596 9790 17438 15671 8 29 8 29 7 
20301 5013 
15708 28 21 
21 17872 3450 6240 18498 23135 20954 7850 22942 4 20954 7558 7850 11580 5 
11580 20402 8959 21 
21 18498 28 11710 15576 7127 5 
3058 7127 16404 15678 22823 20 20 20 21 
21 8386 31 7178 0 8443 4 9743 24 7178 7 7 21 
21 7850 14924 7914 18498 4730 15678 17877 7850 15256 6103 28 4 7847 5876 4 17229 7730 9901 7509 20463 13131 5 21 
21 662 21371 9743 16440 7509 15965 5 5 5 20 
15708 28 21 
21 28 15678 19522 7509 1386 7509 20931 16920 15775 20402 15678 20201 6 
23135 20402 22463 16971 3058 5 23135 22092 20463 1097 7730 16971 18195 15138 2727 4 17458 23135 20149 5108 5 29 6103 5107 16393 22463 17556 184 4 9193 20402 20931 28 5 23135 368 18498 20402 23135 22092 7509 14539 12939 18498 22092 15678 16083 5 21 
21 28 23135 20402 7509 21743 6 
7894 6103 12290 
23135 21596 22463 16718 4524 7730 20322 4 20402 22463 16920 15775 7730 7188 20402 8386 16673 16083 5 23135 19900 4796 22564 2727 20463 21346 4 20326 6103 12469 7730 20931 1386 16404 5762 22463 3058 1062 16404 23135 14539 5 23135 20402 2727 15988 7730 21596 22463 3058 4920 7914 8003 4 17518 15678 21346 7509 16083 5 23135 21596 12290 21185 1393 16083 4 13473 21793 16404 22463 7284 4 20402 22463 7894 6103 12290 5 26 16673 14466 29 5 21 
16468 21282 17872 662 31 21793 18498 6103 22463 10211 6679 22463 9808 1247 17872 9193 20 18498 28 78 11021 31 21793 5 
21 28 19854 20402 15392 4 16404 15678 28 3058 22657 1393 16689 5 
7578 
9634 10175 21282 12780 21 
21 16323 17872 9193 4 29 5 29 20 20 20 21 
21 28 4 9193 19900 18498 20463 17233 20402 13905 18498 15678 14604 5 1453 14335 753 31 16468 17438 12861 5 21 
14604 20304 6 
21 18525 9901 6103 12954 16762 28 4 8995 6103 18376 7914 18475 7181 5 
3058 20247 
15708 28 21 
21 9193 1027 9193 15253 4 15658 11862 15678 18498 16468 4 15658 11862 15678 18481 3213 17438 18498 7850 9975 4 9193 19900 18498 7847 20293 8995 7850 5 21 
21 20402 21389 15678 28 6103 13749 4 18498 18476 4289 15678 28 6103 10901 31 10765 15424 368 20 
15708 28 
8995 20293 31 10366 21 
21 18476 20402 17872 20402 4 2136 18525 2084 4 753 5 21 
22657 13909 7 7 6 
21 21776 3697 21282 6103 16721 18498 23151 31 21932 7850 20474 6 
10548 8995 201 9743 15678 18498 
6075 17872 1575 21 
1393 17556 31 22942 12780 6075 4179 5 7 7 
21 18498 28 11710 15576 3610 20 
21282 12780 
3058 15533 21 
21 20149 23135 21596 28 4 15678 19509 20402 7055 5 
10268 10547 21282 12780 
17956 5590 2087 14604 
20301 12780 18498 12780 21 
21 7850 2988 6103 18525 15658 17769 4 18525 20402 3058 15658 22657 15299 5 
21282 12780 
3058 7127 21 
21 15299 7850 22942 20402 11875 16066 7188 4 23135 21282 17629 368 18498 22327 20402 7850 21551 6103 28 20 
15708 28 
12780 18498 12780 17956 21 
20244 13909 20 
21 4289 22463 11518 7914 18498 23135 6256 6103 13131 15678 13923 15855 7730 15678 13923 9594 4 6256 6103 13131 31 16971 18498 22318 5799 7730 16468 31 6075 13909 22665 31 18525 18784 11862 4 23104 21987 13405 22463 2419 20558 17438 18498 19900 18498 1920 18498 20202 31 22942 4 15658 16816 13909 3058 6103 20149 23104 5 8235 4 5762 14302 5 21 
21 8235 23135 4289 20 
10405 21 
21 2371 14335 16836 20149 8995 9808 17438 201 15678 5942 4 7491 18498 20539 4 4766 4181 20 17495 8995 13909 9808 6103 5174 16971 18498 18784 9743 31 7178 4 16971 6103 2727 7730 9743 15678 2727 20 15745 0 12787 4 20402 23206 9193 21355 31 23167 6103 4289 7850 9975 7730 7491 18498 5219 20402 13905 5 21282 16630 31 28 18498 7847 11710 3450 22463 6103 23135 4 7730 18498 31 10547 20402 31 4841 6103 3450 22463 5 15708 1393 21793 24 27 21 
21 23 20463 13688 16323 12787 4 28 22318 78 20293 13909 7730 13909 5 20244 16192 17872 6650 21362 1103 20 22327 6103 3058 20293 20 21 
21 16098 6103 15138 10765 18498 28 21409 13909 15658 9604 5 9193 1540 18498 28 15658 21409 7730 15424 9604 4 9193 636 7850 11518 4179 20 
15708 20304 21 
7 
20402 18498 20402 21282 9193 18498 15658 19900 1190 7914 28 0 
21 7850 14996 4 15790 10765 18498 1564 17555 7730 3058 7730 740 20149 9743 6103 23231 20 12787 8956 2053 6103 14512 15658 12780 22318 13405 31 15299 5 21 
21 16468 21389 21551 16721 7914 23135 4 21389 15533 11731 8995 4766 23135 4 5320 28 4 11518 4 14764 7730 20209 7730 654 22318 20357 3450 28 13909 18195 6103 9193 7730 9193 18533 8995 4766 23135 20 20 
10548 
4289 13640 21 
21 31 17478 18498 28 155 4 15678 11474 15658 9769 20 
3058 20247 
9620 17556 21 
21 15658 9387 13688 18498 15658 20402 13797 4 7730 15424 13797 18498 15658 20402 13688 20 21 
21 18476 28 4730 23206 15745 7850 9193 22942 4 20520 15678 18481 7847 21371 368 7850 20931 3726 6103 22773 5 28 368 13909 7914 15671 7509 18498 15671 14539 20 20 21 
21 15643 20402 6103 4623 2053 6103 15502 4 16066 23135 21596 16066 15658 20 21 
21 20149 6075 4179 4 28 17714 4 20149 15658 6075 20402 17438 18498 7847 5174 15678 7127 6103 1022 20 21 
21 15963 18498 14426 20 
3058 15533 21 
21 20402 17629 20402 7174 4 9193 15138 5521 17872 9743 31 7178 5 21 
21 9193 18498 17667 3058 4 14335 6256 1614 31 21778 5 5 5 29 21 
21 7509 18498 430 7491 18498 21596 21551 4 9193 15658 21596 28 20 21 
21 20402 9790 31 22318 23167 4 20304 20 21 
21 31 16971 17304 16784 13909 21551 21582 20402 9808 4 4040 1103 7730 6256 31 21114 6103 13131 7730 20402 15678 18498 20402 6103 22821 5 15678 15190 13055 21596 10765 6103 13909 18344 21395 5 21 
1150 7 
21582 
4894 20402 8840 15138 6103 18525 15658 21596 15299 5 
21 21596 10839 7850 3610 4 9193 9193 22805 28 7730 4 20149 7847 20149 288 11020 
28 20402 2727 13905 5 21 
21 31 10268 23016 6103 28 4 5754 7509 6014 7730 7509 21631 20 
5893 
15708 28 21 
21 15658 430 18533 19522 7176 4 21596 20293 31 14539 2053 5 21 
21 31 15256 18498 14265 4 19662 5 19662 16066 14265 7914 12780 0 21 
21 155 15678 3192 4 23016 7730 14335 15311 5 5 5 29 21 
28 28 15255 7 22318 1027 13909 18498 22327 5 
21 5876 6103 18525 5590 7509 20463 13131 7730 22318 18533 2727 4 8956 20402 31 4672 13909 18328 5 5 5 29 21 
21 13909 15678 14425 31 20149 9743 20402 21596 16135 4 28 15658 6361 7847 3766 7 21 
238 12780 17872 22463 13727 15894 15678 23577 2609 20402 7509 22797 7730 7509 14133 5 
6 15678 
21 15424 10648 4 15424 16784 9193 17908 9239 7 21 
21282 15658 14335 11862 4766 20931 15936 5 5 5 
28 8995 23151 5 
21 17872 9193 18481 13909 31 16971 9605 4 14466 7847 9743 20 
9743 15678 18498 21 
21 31 22942 20402 22463 1542 4 7730 15299 20402 17438 228 20 
3058 7576 
10175 21 
28 15658 8995 15036 5 
21 15678 18498 15658 14335 373 4 15658 14335 9743 9620 5 21 
21 23135 15658 17629 9743 6103 20463 14378 15678 13905 15745 4 9193 17629 19900 18498 17438 22305 7509 21546 9387 11020 13606 5 
15708 28 
3058 15533 21 
21 12780 7850 10547 4 7730 15658 7850 15936 7509 16083 5 21 
21 17872 9594 20402 23206 4 9193 16404 21596 2053 7730 9743 13040 31 20931 16192 4 733 14604 1095 4 8956 31 10765 5320 9193 6193 5 21 
21 31 22942 22318 6075 15083 16404 6820 5 28 22318 6075 10268 17872 5360 5 
3058 15533 21 
15678 11474 18476 8995 7914 16580 15658 18533 11154 4766 15502 5 5 5 29 
18476 9620 20855 21596 18498 20670 2053 5 15678 2344 15036 6103 14378 6103 16971 7070 5 
21 15458 3564 4 22463 12780 17872 17583 4 16083 17872 17165 7730 9193 5 5 5 12780 21932 5 
22942 3058 
18533 17583 21 
21596 15138 10765 288 18498 3952 6103 22463 16971 8995 7850 21629 7730 11052 18498 7847 22564 5 
20244 4795 20 
21 6820 20402 22463 22816 13909 10544 18498 9387 4 9193 21582 5360 20402 15678 13909 11861 5 
10122 7850 14577 21 
21 7850 9975 4 15678 18498 11862 20402 18498 23135 19900 31 22821 6103 20500 18191 7730 18498 5459 875 15658 22318 11810 6103 12780 2116 6103 866 18498 22318 9743 2727 5 21 
21 3610 1393 13131 7509 20304 4 20402 31 17819 10179 6103 22463 13591 6103 29 18352 5 
15708 28 
23570 29 21 
9193 18525 15643 20149 16784 15458 22942 5 5 5 20 
21 28 17714 16971 4951 4 16404 6999 9509 20 21 
21 15643 7599 20244 22463 20825 4 7730 15658 352 20244 15425 18736 20 
15708 28 21 
21 18525 18344 19924 4 21371 18344 21395 5 
21282 15726 21 
21 17304 1522 4 15678 22823 20402 17556 4 9193 20402 15678 18498 22657 1393 16689 20 21 
16971 23016 7730 12780 5 5 5 31 10183 21371 27 
21 10259 14539 20402 1612 18498 18950 20931 10341 18610 16630 753 31 28 5 
3058 15533 21 
21 16404 15678 28 3058 6 20853 
16404 15678 28 19854 6 16135 
16404 21793 15678 28 6 10547 
15708 28 21 
21 5 5 5 8443 4 17239 20463 12916 7730 6172 20931 910 1393 12755 6103 8840 18498 7850 22126 10095 20 21 
21 21793 8561 4 9193 8561 5 21 
21 24 28 28 28 17714 15678 18678 18498 1022 8995 2371 20 
27 21 
21 26 16630 31 28 31 3369 6103 3450 7127 7730 15678 19509 31 10765 12780 2116 5 
15708 20304 21 
15678 14378 4102 15576 20826 5 
14335 9343 7509 28 27 15894 1467 17872 662 0 0 
21 16404 15678 6889 6103 17244 4 16404 4766 8956 18334 6103 18910 6103 18525 10648 16066 16784 5 15678 3790 22385 22327 13761 6389 19822 15576 7251 7730 8956 2510 6103 10765 18498 3494 16673 2988 288 18498 9743 871 7178 8678 3119 7850 28 20 17461 6103 7861 21 
21 9193 15678 17106 15658 20402 15658 5219 4 20402 6820 6103 21582 20 21 
21 21793 20149 1807 20402 7205 6103 7722 4 17438 18498 23104 7850 11429 6103 20149 20357 15678 15252 20 21 
20402 15392 368 18498 22463 20825 20293 20402 17521 20 
21 21355 20402 11518 6103 155 15619 3611 4 15604 11454 4 15619 20853 16404 15604 16971 5 21 
21 15458 14924 9193 18533 8995 7850 11685 15963 4 16630 31 28 28 17872 18498 7847 14335 753 31 21095 14604 5131 5 5 5 21 
21 20931 16192 15658 20444 6103 15299 4 20149 20931 2053 15061 15678 5431 5 21 
21 21596 10547 7850 22942 4 21596 10547 7914 28 7730 7850 15061 15678 3610 5 
3058 9975 6103 21409 5 
15708 28 21 
21 17872 18498 31 17758 4 20149 22327 20402 7850 21551 6103 28 5 
3058 21409 20 20 20 21 
21 15658 20149 14370 3952 17438 1434 4 7730 15424 9801 17438 20853 5 
23570 20247 21 
21 24 28 28 28 733 9433 6103 20357 21389 10183 20 20 20 
17511 9743 15299 27 21 
21 8956 16292 6103 6820 9193 15658 5174 5 
17324 4 18525 14335 10657 31 28 20402 9918 5 
28 5 21 
21 6663 15658 22318 659 4 9193 20554 10268 15658 20402 14604 10259 20 
3058 15533 21 
21 28 4 15708 17438 13909 22463 1249 6103 22942 20 20 21 
6539 5 
21 9808 20402 1612 18498 16468 15678 7127 31 7127 5284 20931 9801 17872 20500 14539 4 7730 15658 20149 17703 4766 31 15936 875 5 21 
21 2371 23135 15658 19698 6103 15299 20402 20244 11066 4 31 4785 31 19698 6103 22327 20402 6739 20 733 12780 21810 7850 23135 5 21 
21 20539 4 31 22898 20402 17629 18498 866 6103 8561 16404 22463 14425 349 5 21 
21 23135 21596 18498 1540 31 20402 11020 7730 14096 31 11580 20 13325 20149 4 7509 15299 20149 9743 22327 5 21 
21 15658 368 7730 15424 21810 4796 22821 18498 866 15658 12780 7509 4179 7914 20931 22942 4 20402 9918 31 20931 5216 7730 21596 5521 6103 8241 31 7442 18498 31 22942 7850 18006 5 21 
21 22463 20825 11875 7730 31 5204 11875 5 5 5 
9193 7509 11875 18498 31 22942 12780 6075 4179 5 21 
21 28 28 7730 28 28 28 18475 4672 7509 21932 14018 7850 14604 26 4 7730 9743 13055 22463 19526 7509 16440 18498 12780 4730 7850 20652 5 21 
21 2371 15678 13981 23104 17525 4 30 21752 22463 13264 7730 21340 5 5 5 7730 18476 30 15678 3790 15658 9743 15299 7509 22942 27 
12780 21752 13264 7509 18498 4 8995 3697 6103 1820 20931 3590 0 27 
9605 15299 21 
8995 13480 20931 13749 7500 0 28 8995 7509 20463 13131 
21 15678 4425 21582 288 31 10230 13876 7509 9801 4 9193 7847 7850 7491 18498 8995 8406 31 16971 5 15678 19671 21582 4913 7850 9193 7847 7850 9594 18498 8995 7850 4672 20558 5 15678 9632 21582 5204 7850 9193 7847 7850 8678 7491 18498 17658 15678 1256 5 21 
21 9193 17629 7509 20304 4 28 5 5 5 21 
8995 7850 20931 15256 20304 20 20 20 

21596 16135 15658 20520 18498 23135 21596 14378 6103 8241 866 7730 20539 18498 23135 20402 13861 15678 21036 16404 703 31 4672 7850 21551 6103 28 5 
20617 20931 22925 20 
21 5 5 5 9193 4 9193 12780 9594 17872 7847 18498 7847 20402 31 13759 18498 22053 9193 16580 5 5 5 21 
20402 9193 14924 13909 20558 18498 31 10765 6592 15678 18481 10959 7509 16971 5 
21 11462 7914 7127 4229 22463 5758 17872 3224 5 
23135 6 12780 3224 6103 8641 0 
5758 6 15894 20149 2442 12861 0 
12319 13055 15658 20402 31 14539 4672 21 
15678 15190 17629 6103 28 5 
15678 10530 1393 28 16933 5 
21 20149 15658 6075 4179 2136 654 4 20402 17458 28 21596 22463 17226 13905 5 21 
21 288 18498 7914 3450 13652 6103 19830 9818 7730 19972 6103 2717 7102 21596 22463 1392 7491 16404 31 15144 21 21 31 2717 15658 17304 20402 16153 4 3450 15144 20402 13512 7730 23577 7509 20463 12939 21 21 5 21 
21 23135 21596 17233 17872 9975 6103 20247 0 0 
733 4 4524 18498 21596 7599 7599 7599 21 
31 23167 6103 22318 22805 13055 20402 13905 18498 22327 7 7 
11462 7914 7127 15678 8957 15658 21596 15425 22665 7730 15678 18498 15658 11862 20402 15678 18498 17792 5 

21 16375 4 15658 430 9901 14335 6075 14667 15083 16404 6820 4 20402 18498 9193 21596 22463 15081 13905 16404 5360 5 5 5 28 5 21 
21 8561 16066 15658 4 21793 15190 5799 7509 14539 12939 5 5 5 8443 10131 20149 5 21 
21 19969 7509 21969 7730 13055 30 17872 5942 20 
3058 15533 20 21 
21 2371 31 16971 9901 10696 4 13512 7730 21340 5 5 5 7730 8918 7509 17297 9786 27 
20126 31 14667 12787 7509 5528 5 20149 19900 18498 6679 22327 6103 3058 18498 9387 7850 15190 4 17438 18498 18784 4 23135 14514 20 21 
28 18498 19900 20 
21 15658 18533 18498 23135 20402 31 15144 13909 16816 7509 15190 4 18533 18498 23135 20402 31 15144 18498 9743 14604 15190 13909 16816 5 21 
9833 10175 19768 28 5 
21 18525 9380 20463 5742 16972 15658 20402 31 20709 7730 4 20539 31 910 20 21 
21 7730 20149 22327 20402 10544 4 18470 20420 31 11066 5 5 5 21 
21 15637 20709 4796 8956 4 22805 16971 22385 16816 17438 20402 7730 22385 22730 17438 6389 5 21 
21 8956 13981 20402 22385 9942 7509 18339 18498 2136 7850 28 9901 7319 17461 6103 14156 6103 19830 20 3805 12780 21932 17819 4 7730 15658 9901 20149 288 4766 15678 7251 7509 3047 9634 7509 20931 15253 5 21 
28 28 20126 7509 16404 19841 6103 23135 20 
21 18525 12960 22463 10674 6103 11124 20402 4 21282 17458 15658 5219 155 20 27 7850 3058 9605 15299 4 17458 4766 21793 4181 20402 7544 5 21 
20149 14265 17872 8386 18607 6408 7509 21969 27 
21 7491 18498 31 22942 20402 22463 5412 4 15894 20931 17819 4582 20402 18525 15658 20149 1800 31 5590 19701 4 17304 20738 15678 13905 6103 21793 15678 6103 8391 20931 18191 5216 5 21282 18533 662 31 21793 23135 4 28 28 18498 20244 7693 20402 22463 7509 14426 16971 18498 13055 5174 4 20293 4766 20463 20853 13512 7730 5312 5 28 16971 15678 3790 18498 14335 6075 31 13905 10268 7730 22463 16971 18498 20149 17304 5320 20293 4 18498 28 22318 78 20293 12787 5 28 30 31 14464 13909 21978 18498 13055 5174 4 21842 17438 23135 20293 5 28 28 3790 15424 6075 17872 12780 9594 5354 4 13909 8840 18498 23135 5360 20402 1920 7730 20402 15678 18195 21138 13761 6389 27 28 19668 21596 18498 22318 662 21371 16673 3058 21551 18498 16468 13026 4 23135 14514 15678 17525 18498 1959 3058 20855 5 28 28 3058 20855 17872 23135 21371 7730 30 20149 5876 7509 28 7730 15658 6256 7847 21282 7914 27 5 28 28 14604 20293 452 20463 12939 20558 7730 31 16971 18498 23135 20402 4 5360 20293 1920 16689 31 10765 15424 21596 20149 6917 5 28 28 12787 12780 2011 7850 20934 11300 27 17872 9193 12780 20293 13325 6103 23135 4796 28 27 28 28 28 12787 23135 20402 7509 11518 11300 4 8995 13026 14907 7557 27 12933 28 3790 23135 20402 13688 6103 13909 4 5360 1920 27 15138 16083 16971 18498 8995 4815 7686 21793 8956 21551 5 
9901 4766 28 21793 23135 7730 8840 22463 7127 18498 31 10765 20149 8147 6103 15604 5 136 5 21 
22327 12780 6400 7509 20463 17406 6103 22886 20 
21 1114 20402 15138 3058 5459 4766 23135 11462 20 
14426 11300 4 4 17324 18533 15138 22318 22805 21 
21 21582 20520 4 15604 15941 7730 15619 11522 5 
21582 5204 7730 662 5 21 
5174 22463 3058 19277 17872 22632 5 5 5 12780 21932 20 
20617 20931 22925 20 
21 871 4229 6103 20855 4 9193 17658 4229 6103 28 5 21 
21 9193 21282 21596 15678 18498 14514 4 11580 23016 7509 2774 5 5 5 
1114 20402 21282 6103 15253 4 17324 15678 16083 9193 15658 5174 5 29 21 
21 7730 18498 23016 8956 15604 15941 20 
15604 11454 7730 22463 15604 4785 5 
3058 15533 21 
21 2371 31 16971 288 18498 9743 9620 4 9193 7850 22821 9743 9721 20 21 
21 733 22821 20402 18498 7850 28 31 14703 18498 22327 22463 15311 7509 13131 4 4841 7730 21340 5 5 5 9193 20402 21282 16673 28 14539 4 17438 18498 18476 23135 22805 31 14703 7850 28 4 7847 8995 12780 2136 15678 4387 4766 22463 14984 6103 3790 7914 4434 20 
12787 4 12780 20149 10131 7509 18498 430 9901 17525 17441 18498 15424 20402 22821 7730 7850 28 20402 22463 22632 20 21 
15963 18498 14426 20 
21 31 14425 16440 7509 21252 20402 1612 7914 18498 23135 19969 7509 20446 5 
10175 17583 21 
21 7730 18498 31 3450 15344 7509 7127 20931 10268 20149 19295 4 20931 10547 7914 28 15166 7730 18498 31 23167 6103 22773 20402 20293 13905 20 21 
21 7730 20149 9594 18498 23135 15658 20402 3735 6103 5204 866 4 19474 18498 28 13055 17714 16083 4672 15138 14425 20 
22657 1393 16689 21 
21 20402 21282 18553 6103 16721 17504 5 5 5 
28 15708 16673 4245 18498 21596 14335 4980 20 
22327 6075 4179 21 
21 9193 15424 12780 9594 15299 5 5 5 9193 12861 14335 13325 15138 22463 16971 20 
15658 20402 28 28 28 27 21 
5892 31 28 6103 16721 20 
21 28 12780 11710 15678 16718 6281 4 9605 17872 7847 18498 20244 7847 9193 15658 23104 4 23104 20244 7847 20402 15678 14604 17106 3990 5 5 5 
3058 7127 7957 21932 21 
13055 16721 18498 13688 22318 8147 1920 5 5 5 20 
3058 7127 20 20 20 
21 2371 23135 9901 20244 1961 4 4766 31 16971 18498 13909 18533 5459 5 
7509 11518 31 22942 20 21 
21 8386 18498 14924 19854 20402 15392 16404 15678 3058 22657 31 16689 5 
3058 7127 20 21 
7730 9193 740 18533 19900 20149 1190 16673 20463 16718 30 
21 15658 20149 362 4766 7903 4 17438 18498 15424 20293 31 22942 12780 21596 18876 4766 1485 5 21 
13301 7509 22942 6 23135 20293 12780 20149 21187 4766 31 16971 5 
12780 16836 24 20 20 20 
30 
21 15424 20293 18525 8995 7509 20463 13131 4 8995 1393 20463 13131 20 21 
21 1394 8995 4 15678 28 6103 17244 5 5 5 21 
16836 24 20 
21 8147 7914 3450 7181 22463 15941 4 17324 21355 20402 31 22942 22318 6075 22463 4245 6103 15061 18498 23135 20402 3735 5 21 
21 7730 8956 10175 18498 15658 4289 12787 5 5 5 7576 9743 22463 22202 7509 11518 4 5947 31 15364 7730 22463 7127 6103 20749 4 20357 31 3232 7730 19969 22463 17556 6981 19814 6103 21932 7730 9130 5 21 
21 31 20709 9380 18498 20402 3058 4 9193 18525 20402 3058 15678 21551 21793 201 8317 6103 22821 5 21 
21 15678 18498 28 17714 15678 11474 12894 18443 31 15256 20 
3058 13860 20 21 
21842 16404 18498 15658 4356 7730 31 10765 5219 4289 7850 21830 20 27 
28 28 16323 17872 23135 6103 15604 11300 20 
21 18476 23135 6592 22463 22821 4 21793 15678 19509 16393 14487 5 
10131 5 21 
21 20402 21282 18553 6103 16721 17504 5 5 5 
23135 20402 7509 21364 7509 20463 20825 4 1095 20 21 
21 21 21 15678 21021 23016 16404 1612 18498 8995 15138 15781 7914 17908 17438 7847 5 21 21 
3058 15533 5 21 
21 14069 4 7509 18498 430 6075 22665 6408 18498 16784 5 5 5 20 21 
15833 10131 20402 18498 31 16971 5652 6075 22665 6408 18498 16784 5 
21 5 5 5 9193 7850 18772 4 18525 7070 20463 13494 20402 23135 20 21 
21 14539 18498 15658 20402 654 4 9193 18498 349 5 5 5 
14539 18498 15658 6075 4179 4 9193 18498 9193 21582 5 5 5 
6670 18498 4 8995 13131 31 13131 5 21 
21 2371 31 16971 18910 7509 9193 17525 4 9193 20149 8918 7509 10526 18498 9743 7850 7128 20 
21282 15726 5 21 
21 20402 15138 10765 15311 4 17872 17556 10765 20149 28 20 21 
21 16836 31 20500 14539 4 4796 12780 20463 15190 0 21 
21 16721 11020 31 19456 6103 20500 14539 4 7730 15678 15190 288 18498 23135 20402 1616 18498 16721 20 21 
1612 14924 7914 18498 15502 4778 15299 7730 21793 15190 20149 8147 7730 22327 23029 22463 2429 27 
13055 16367 17872 16721 18498 22327 6400 7509 20931 10268 6103 23167 20 
21 12125 7509 18498 23016 31 20931 10366 4 15299 20402 13905 18498 28 5 
3058 15533 21 
3472 1612 14703 18498 20149 8095 16673 20853 7730 15658 17438 22463 3906 0 
19900 18498 28 7730 31 2614 7730 18498 20813 7847 11165 20931 22942 5 
20912 6 3348 23167 17872 12780 21932 15458 10405 20 
18525 19900 22463 7127 9193 28 7850 20463 16098 15678 18498 20357 17438 23135 20 
21 21793 15190 7850 14604 28 20149 20357 9808 5 5 5 
7730 9193 1614 11089 15458 3564 5 
7509 11518 22942 21 
21 21776 4809 31 288 18498 21776 15637 19415 20699 7509 26 28 6 6 6 
18339 18498 16404 5 5 9193 13055 8386 18498 7847 20402 7432 20 21 
21 7730 20149 18533 19900 17872 15894 9193 12780 7 7 17872 15894 21596 20749 20 
20402 17872 13761 18498 9193 12780 5 21 
21 15138 4 14388 4 2836 4 26 23167 6103 12780 17872 17583 5947 22463 7127 21793 4766 9634 7730 1097 7730 8918 6981 13690 7500 5 21 
21 18533 22463 7157 6103 22463 3058 13727 17872 5174 0 
15643 12780 7850 19404 5 5 5 15833 13727 9786 7509 16404 19841 12787 23135 20402 13688 5 21 
21 20825 4 23104 7730 21793 7127 662 5 21 
21 17872 18525 7491 18498 31 22942 7730 10544 4 15658 19900 15678 18498 7730 21932 7730 9130 1393 14539 21551 5 21 
15678 11474 18476 8995 7914 16580 15658 18533 11154 4766 15502 5 5 5 29 
21 2371 31 14703 20149 20357 22942 13688 17458 22564 3090 17872 22305 27 
21282 19698 14539 5 21 
22463 12787 31 10765 15643 6256 6103 13131 5 5 5 31 10765 20293 9901 7509 13131 20 

