21 29 9707 817 20670 9193 4 18498 15658 9743 31 15270 7178 7850 20931 22942 
29 9193 20402 21437 4766 1857 7914 1682 15678 18498 9743 15138 20357 17872 15138 10765 
29 9193 4672 17658 7850 22942 20402 4796 4 6070 7730 136 6103 22463 16971 16752 15658 14335 21752 15425 6981 4672 7730 9193 10657 18498 15678 15190 20402 22463 13727 14425 16404 21793 
29 4809 31 14335 1409 17438 14856 6670 18498 5655 22463 3958 12935 16404 15678 14604 22553 6103 16680 
29 9193 20293 14335 20357 14336 26 7850 4761 4 9193 31 28 23016 5204 14604 5528 
29 20539 4 9193 21596 14378 6103 2463 
29 472 16526 7730 12780 18048 
29 18476 20402 21582 5655 4766 31 15244 7509 9193 15253 4 5655 14604 17055 13026 
29 9193 13055 6448 22463 16102 7850 10164 21582 10414 4 1920 4796 13055 9066 7558 16255 21582 9743 17111 7730 22463 17602 21582 9743 3211 14335 16793 15253 0 
29 472 19973 
29 9193 6070 7850 14336 7509 28 7730 12861 17872 9193 20402 866 9522 15558 18525 15643 0 
29 9193 13055 14335 8644 7914 22463 13945 4766 15678 14604 12787 21582 22918 4766 15678 14604 16169 16066 16673 14466 20402 12861 18498 9193 13325 
29 9193 21596 22463 3439 4229 28 9193 9193 1449 7847 3871 6103 9773 
29 29 20402 14604 15677 7509 20855 1471 6103 15658 368 15138 7914 20855 4 9193 9193 10959 6981 15677 
29 9193 20293 21596 18498 9130 16404 31 18069 4 3962 15678 5431 9193 14335 20357 5891 
29 18589 9193 472 21752 10273 20 
29 14604 20825 20402 21596 22463 17446 6103 9042 7730 4229 7847 6103 28 2403 
29 6103 11011 14915 20402 22463 7509 14426 4294 7509 22942 
29 3031 6103 4130 4766 4615 6103 4331 20402 866 18498 17304 20402 7501 7850 9193 22942 
29 9193 13055 9901 29 15266 20244 4331 7730 20738 15138 4766 12861 
29 31 22898 11731 20149 9193 20402 22463 16971 817 7850 15190 4 4796 20420 9193 22942 7730 18525 20420 14604 1097 7730 9626 5 21 
21 7847 20402 14149 4 7730 8095 20293 4766 20463 21932 5 22805 28 23135 20402 6329 15253 21 
23016 21793 20 8 29 
7847 20402 21793 8561 
21 15678 15190 1190 4766 15138 23560 4 14539 18498 9193 15658 17511 15128 12861 6103 22463 11518 17872 16083 4 17304 12025 2053 13284 16404 14426 15678 7127 7509 16971 7730 9193 22805 17438 2371 22463 4672 2727 12577 4 4793 21 21 21 21 18498 9193 12780 9594 866 18498 9193 288 3086 16066 866 18498 9193 452 7914 23135 5 21 
21 17438 9721 13359 12861 
26 26 
7850 1249 6103 29 12345 22463 17960 6103 16967 7850 4761 14192 1725 15894 14335 10211 1249 16468 18498 21596 4796 15697 22129 15619 19860 7850 18471 7509 7804 3170 17438 14336 7509 21480 7730 7509 18774 2156 5 4766 8956 17960 5219 794 871 18164 7914 4875 15291 7730 6981 22897 18533 4289 13909 13667 6 7914 28 20 20 20 16404 18498 12861 17511 349 4 5320 4766 31 20931 753 7850 23175 15906 7509 17960 5 6387 15678 13909 23174 7730 871 16083 8637 16673 13033 4 29 20402 8637 16404 1547 15678 17960 7850 26 26 26 18498 349 7850 28 26 7914 20460 20 17304 23174 22463 22897 17438 7127 20 20149 23135 21596 871 16083 1424 4766 278 1393 28 17304 23174 13909 22898 4 21282 17629 12418 16083 8186 6103 7733 
15138 15708 20 20 20 20 
13543 16404 23175 6 11560 6 26 5 8576 13096 30 26 
11943 29 11617 26 31 26 1983 4761 14192 1725 26 11617 26 26 26 26 26 26 15691 15803 26 26 26 15803 26 26 26 26 26 26 26 26 5 26 26 26 15678 21776 26 21075 26 11943 26 26 26 1983 26 21726 26 26 21776 10907 26 6 28 20 20 20 20402 26 4 26 26 26 26 26 11943 26 26 26 5 26 26 26 26 26 26 21075 26 26 26 26 4 29 28 26 26 21776 20497 26 28 1983 26 26 26 4 26 28 26 26 1983 28 26 11943 28 5 26 26 23174 26 16759 26 20 11678 26 26 26 26 26 28 28 4 26 26 23174 15005 26 26 4 26 26 26 21776 26 26 7733 26 21 
28 26 0 
26 26 11943 26 26 
21 20402 17438 28 4 20402 17438 28 4 20402 17438 7847 4 20402 17438 9193 4 20402 17438 21793 15671 5 21 
8386 5 5 5 6 
12780 7509 22385 9625 21939 9634 3170 21282 18498 15658 
21 8840 18498 20931 22861 29 5 29 20402 4290 6103 14119 1971 4 14832 7730 9193 17872 23135 20 27 16323 14062 4 9801 4 4796 7730 22915 17872 23135 5 5 7730 18498 21793 3213 7730 7318 7850 9975 23029 13909 1612 21 21 133 29 14764 7850 3710 21 21 21 
20126 6219 30 6981 22897 21282 7850 17254 
28 28 22805 28 28 28 
26 11617 26 
21 28 28 28 29 9707 0 12780 13761 
29 9193 472 4292 6103 4647 7850 9789 
29 6070 20402 9193 16179 
29 9193 10095 9726 20402 19795 5518 6103 19795 7730 21282 21596 22463 16971 18498 19900 7384 
29 9193 21596 22463 14378 6056 6103 2463 
29 472 31 16753 4672 7509 22942 4 9193 20402 7056 
29 9193 10959 6103 19900 6103 22327 22463 17556 
29 9193 10959 6103 15726 31 16971 5 5 5 20402 2371 18498 7847 15061 20463 16753 11600 7730 20931 16610 
29 17872 9193 21793 20402 8810 6103 871 14031 
29 9193 4346 17438 22327 12861 12025 13598 4 9956 7730 31 17998 7509 28 6103 7127 7509 15253 
29 17438 9594 7914 13598 4 9193 472 13359 
29 14604 13905 20825 20402 5174 28 
29 5 29 9193 20402 19782 17872 3807 
29 21596 22463 15390 9524 6103 9743 21793 31 9193 23151 20149 20357 2727 15678 21551 21793 4 14539 19900 18498 12861 15658 20402 20293 17521 5 
20402 21282 5947 18498 9193 16630 871 9707 20670 23135 5 6 21 
14604 1857 7730 12261 1971 5 17738 18498 31 28 14335 22126 5 
14425 13727 16936 7509 1720 5 5 5 7589 2727 20566 
20088 28 28 28 13731 1818 28 6103 28 28 28 28 28 28 28 20402 18498 31 17931 6103 9897 238 0 
15253 
21 20402 15253 20402 22463 15422 14336 13688 15658 20402 0 
20402 29 15266 4766 22463 14414 7850 2601 9335 7850 14604 3962 18498 20402 8147 7914 22463 19345 7730 2371 17989 4 23135 10648 22463 17960 6103 10765 18498 23029 20931 22942 6103 17406 3393 5 5 5 
20402 15253 20402 7188 4 20402 7512 20463 21551 4 155 15256 6103 22463 4672 17438 873 18498 4289 1920 4 14336 7509 15299 5 
7730 19900 18470 15678 13909 9074 6103 22327 0 15253 1027 8956 873 4 7730 16673 17556 18498 9193 19900 20670 1114 4 17511 565 18498 8956 20539 20402 15678 1114 13909 10773 18498 9387 4 20402 15678 13909 18328 4 15678 13909 18527 5 5 5 1612 18498 4229 6103 12051 5 
19900 17458 0 17458 7847 155 15256 6103 18494 22327 17438 23135 4 7847 155 15256 6072 22915 4 6072 19969 4766 31 1095 5 5 5 7730 22805 7914 23135 31 13905 18736 17872 20402 9808 5 20402 7847 18525 21842 17438 23135 4 18498 18344 20931 15978 4 7509 3251 18494 21793 7127 5 5 5 17458 20402 7914 23135 18498 7847 288 22463 8838 17872 15190 5 
7850 9971 7509 5320 4 20402 15678 134 6281 4 15678 5222 6281 7730 31 15256 6281 18498 23135 17908 4 17458 8443 20402 15423 18498 23135 22805 20463 17478 20215 5 
20402 15253 4 6221 15658 20402 22463 8637 10544 4 9193 18476 9790 17304 20149 21858 31 13905 2304 7509 20931 22942 5 
9193 22318 1027 15253 4 17438 23135 21596 7512 22327 18498 7512 17438 9193 4 17438 14335 1027 6103 21793 15678 12939 17521 6103 20149 1027 873 4 17438 20402 18525 23135 20402 6 14149 4 10259 4 16915 4 1409 16673 22942 4 19959 5 
9193 22318 1027 15658 17438 20402 31 14425 15253 7509 15190 4 9193 17438 20402 31 14425 16971 18498 9193 17304 4229 6103 21 21 9193 15253 21 21 5 5 15502 4778 4815 22385 2727 18481 23135 5 
21 21 26 26 26 31 26 26 26 26 26 26 
26 26 22 21298 26 26 31 26 26 14703 21 21 21 
15922 
7730 31 20126 0 15894 31 10765 11139 0 28 28 
9769 15324 4549 3365 28 29 
6766 6 28 28 
18498 4809 5 5 28 
1820 6103 3058 9193 4711 6103 20069 
18817 15678 26 
21 19900 18498 21596 10765 16721 7914 22463 14856 13909 5212 7730 21231 5 22463 15190 18498 17629 6103 22463 19652 4 6103 23206 14856 6103 14881 7176 5 
17438 22463 15190 13909 21231 5 
26 26 18525 9743 31 9193 19830 21 
7850 9971 6075 26 4179 15658 20402 15539 0 28 
4809 20 20 20 
26 26 28 28 
17438 9721 5 5 5 
29 28 5 5 5 
21 6025 7850 2601 
17872 21793 20293 4 21793 1114 7509 15190 5 21 
21 6472 16673 28 28 31 17525 10273 18498 9193 14335 5241 3086 5 
560 4 21793 20402 14149 21793 15678 28 6103 18475 12939 5 
8443 9193 12780 6472 31 16971 18498 20293 21858 14604 7127 13909 2725 28 6103 28 28 28 18670 22805 28 28 15460 28 28 28 28 28 20088 28 2713 28 28 28 7509 28 28 28 28 28 28 28 26 28 14212 28 28 28 28 28 21 
21 21282 17872 6256 19140 15678 14604 16323 17872 23135 4 17872 20463 3388 18713 4 20931 5680 7730 20463 18374 14915 
20088 7509 2510 4 22318 20402 6329 
8995 2727 0 
8443 8995 2727 
2700 21450 
28 21 
28 28 15855 16169 18498 15616 13512 18498 9193 21596 17872 22318 5320 
20402 17872 28 4496 7730 14335 6256 1614 134 4766 31 20126 
28 18670 23 20 3472 31 9193 28 0 
26 11617 26 26 5 
8995 21987 0 
21 20126 6981 22915 4 7509 3388 11020 7730 7509 10405 21 
22733 
21 20670 8956 4672 6103 7277 5 5 5 8329 31 17436 18166 11802 9743 28 7730 9769 31 2277 5 16559 17438 13909 6103 29 11518 4 31 17436 5371 11802 21596 14378 6103 19969 31 19856 14055 20931 15936 17458 17304 1414 6103 17286 7730 20402 13508 17438 16083 16971 5 5 5 21 
21 16673 1114 6103 13055 5 5 5 18498 873 15855 17438 23135 4 17438 15671 7730 17438 15576 7277 5 5 5360 7850 13749 7730 6075 8956 9365 4 23135 20402 6329 26 19440 21 
21 10959 6103 5268 18498 11462 9193 15061 22463 10273 7509 28 16404 31 9193 1095 7730 7847 7491 6 21 21 9193 4 17304 20402 20463 9942 20 7847 20402 31 20931 3790 21 21 15708 30 21 
21 8956 11474 5 5 17438 9721 4 8720 8956 11474 21 
21 20852 4 
21282 19698 5 
19698 4 
1471 6103 22327 21 
26 5 5 26 0 21583 6103 13398 22463 20669 5 5 26 
23032 5 5 5 
4983 26 
21 20670 873 18498 15658 13480 20670 8956 21340 6103 9021 4 28 5 5 23135 9743 22463 23570 21932 21 
21 11678 26 14335 4 26 0 21 
23 28 
18498 12790 5 5 349 22463 11154 6389 6281 7730 7847 20852 20 
14335 11649 1920 5 5 6103 13405 
28 21282 19140 22310 7509 16083 21389 18498 13055 21596 8 29 
21 1616 18498 31 14161 6103 3885 22507 4 15502 20369 21 
7730 15678 18498 20402 19814 23029 20126 
18533 20 
21 753 15643 20402 6329 4 753 23135 21371 20 21 
1570 23016 22575 
28 28 
21 19900 18498 7127 20402 11462 0 11462 20402 15678 7127 18498 19969 15678 19522 7509 10535 5 5 5 18498 9193 12780 4809 21932 23162 7730 22327 13909 19900 0 9193 21371 20402 5 5 5 5 29 7509 14464 13909 13512 7509 17230 21631 20 20 20 20 20 20 28 16323 16323 16323 16323 20 20 20 20 20 15138 3143 10702 4796 15678 18651 17872 23135 4 15138 835 7850 20463 5528 4 15138 2501 7730 37 7850 20931 3723 7730 22327 6103 3058 20 20 15708 17438 14335 713 26 29 288 18498 8995 4179 4 17438 18533 2647 7850 16971 18498 14335 9743 13923 4 17438 9743 31 14426 22073 4 17438 20402 12534 7730 22327 13909 18498 23135 20402 20 20 22318 15790 14464 20 20 20 20 20 21 
7585 22 21298 26 26 26 26 11617 22 13800 11943 26 20402 26 26 
21 20853 15457 20 873 14335 753 20 21596 3431 7573 14604 3388 20 14487 4 21776 28 21 
15924 6103 19110 7730 6103 1114 
17919 0 16440 28 0 27 
5574 6103 29 20 
21 17872 4809 4 16971 18498 20149 2087 20293 21596 31 3058 12551 6103 4289 7850 11538 5 20402 21267 5 349 18498 15658 20149 22092 6103 22463 20558 6198 4 20402 18494 22463 7544 11331 5 20149 23135 20149 2087 4766 10385 4 17304 21596 4181 18498 20463 16169 21371 20402 1920 4 16066 15678 20463 2336 4 21 
21 21389 20853 17438 2371 7730 23135 18533 15678 14604 
21389 15855 14335 15855 7730 9193 18533 15678 20463 21 
21 21 21 28 4 14335 7509 22463 2904 0 21 21 21 
21 20402 10546 7509 20931 15253 17438 22463 20247 6 4913 3031 6103 13195 7730 7847 9901 19198 7914 4434 7509 14534 7730 23135 20402 15708 31 4973 
15585 6 21596 23570 10959 16404 3036 21 
2713 28 20357 20931 9620 6 
26 26 31 26 26 
29 5 29 5 29 5 29 
21 9193 16721 7914 22463 14676 6103 4672 16404 6679 20670 29 4 21355 9193 3510 15324 4549 3365 6103 6679 18498 21793 15678 20463 20826 20149 21858 18774 4 15138 16580 4 20127 7730 9170 9170 9170 5 9193 8443 9193 16721 18498 9193 13055 22318 6679 12861 15678 1249 16468 7730 19900 18498 15424 21793 15678 20826 20149 21858 18774 4 18498 4346 7730 18498 15424 20293 9901 2727 5 
8956 1249 9193 6679 18498 23135 8561 4 7730 8561 15138 4 16404 18498 18476 264 4 20357 21793 15678 10960 7509 28 4 6679 18498 23135 4346 21793 31 13764 18498 17304 4 16404 18498 18476 20852 4 9439 6103 21362 9801 4 6679 18498 871 20826 9604 4 9193 21151 16404 18498 15643 6256 6103 21582 2045 4 17458 18476 5219 5209 19900 15678 21364 6103 15576 21932 7730 15678 22665 6103 9193 5204 
8443 7850 9975 7509 5320 4 9193 22318 6679 13909 11571 4 13909 1114 4 8012 5 5 5 17438 12861 4 15658 21596 14378 6103 8561 4 5741 4 3224 5 5 5 9193 22318 6679 22463 7558 14667 7730 7122 19342 6103 6198 4 4766 29 15941 7730 4766 15138 15138 14539 11454 16404 5320 5 21 
21 21 21 4796 31 15253 5219 4796 4766 15678 26 5849 0 21 21 28 4 28 5 21 
15678 9707 20402 5 5 5 3450 22463 6103 15671 20402 31 20803 7509 14924 18498 13055 21596 5 7730 6103 21793 31 16971 18498 13055 5174 5 7730 20402 8956 14924 18498 20149 21858 31 9193 11454 5 4796 15678 14426 14924 7509 9193 13324 18498 16468 7730 19318 23206 22898 7914 9193 14487 
26 26 
29 29 29 8 29 
21 8995 9193 4 20336 7850 13591 5896 13359 15678 13591 7509 16753 18165 4 18476 7148 6103 9193 349 22463 4127 22463 21389 18481 16609 5 
22463 10673 6103 13909 16066 14466 29 1249 6103 11636 8406 7850 13652 340 6103 22463 20304 4 16673 3219 7850 15855 6072 10673 20357 18498 20402 20931 17819 22897 7914 22463 13591 6103 21362 13888 5 7847 4 20244 19900 16404 15894 15855 4 155 15678 20853 13909 20584 18498 9193 17736 15458 23575 28 4 31 20304 20149 12022 7148 6281 7730 8329 21752 31 14847 21218 6 21 21 15459 22520 23135 17304 14523 6103 3393 21 21 4 31 14464 8443 5590 16404 22463 17494 6103 13598 7730 31 20304 20852 4766 4179 8838 5 7730 9193 21371 5 21 
19456 20931 8959 
15995 6103 20402 14192 
7558 1249 13055 0 31 20126 21282 2156 20 22318 15790 28 28 28 
21 20149 23135 8995 13359 12862 4 6256 22463 13324 18498 23135 21596 6103 15671 4 14539 18498 15658 20402 15138 18195 5 6408 6103 9790 4 18263 8956 26 7850 20463 15198 5 23135 12780 20149 21187 4766 31 13324 18498 31 16971 21596 6103 23135 20 21 
15708 20 1453 20 29 
21 26 11678 26 4573 26 26 4 26 22 21298 26 26 26 26 26 1983 26 21 
9980 10211 20 20 20 29 4346 1720 4346 
21 733 12780 4 21282 17458 19969 20851 27 21 
16721 7914 22463 215 26 20 16721 0 15166 17438 14667 20 12861 20402 15678 28 29 
21 26 26 11731 4 26 26 15803 31 26 
26 26 26 26 4 26 11943 26 26 
26 26 26 26 26 4 23 23 23 23 
26 26 26 26 26 4 26 
12863 22 20539 26 26 11617 26 11617 22 13800 26 26 21776 26 26 
11617 22 13800 26 26 4 26 11617 22 13800 26 26 
21726 26 26 26 26 26 26 26 31 26 21776 26 12863 26 
26 26 14335 26 4 4060 11617 22 13800 26 26 5 21 
15253 6256 0 
21 15678 18498 20402 15678 21613 1249 0 17658 14335 1566 7509 4549 7730 7491 18498 20402 15678 14425 7730 15678 17106 1249 6981 9169 5 20402 22463 19225 9524 6103 1114 7730 23560 4 9801 7730 22225 4 3699 7730 22963 5 9010 20402 15678 1249 21 21 17872 22657 21 21 4 5099 18498 15658 20402 10544 7850 22821 4 20402 2727 7188 31 17766 3510 20670 15678 15880 6103 10211 13909 16958 7509 18498 20931 29 16066 13909 1524 18498 23135 16468 31 3913 21793 15678 28 7730 16393 8995 13909 13480 1393 7847 7509 18498 31 20931 14425 1095 5 15678 9132 5298 20931 22942 20699 4 20931 11518 6103 20828 7730 21371 22463 17556 7509 20931 9801 4 2371 23135 21596 31 18069 4 15678 22882 7730 740 14090 22327 7914 4434 21 21 20244 6582 7509 19997 951 21 21 26 4 22564 28 31 13905 16440 7509 21551 5 20402 21371 15678 1249 7509 6917 4 7730 9193 17438 20402 22385 20348 5099 18498 8956 20402 31 16440 13909 7188 17872 9193 6 4 14335 6917 17818 6103 22463 22765 9193 4 8956 20402 22463 1249 18498 13909 14335 15708 31 5741 4 14335 6917 7509 26 4 9193 2614 7850 13905 16440 7509 21551 7730 15458 23575 21551 6103 1097 5 21355 8956 20402 22463 7509 16440 13909 5842 6981 1249 368 4 20670 6917 7730 1103 4 9193 20402 8812 5 5 5 4 20402 9074 22805 21793 20463 15190 12780 7957 1920 4 22463 4328 5 
20539 4 20402 22463 1249 12545 4 7730 15458 23575 15266 4163 6103 13764 4 11092 4 3213 7730 5152 5 17495 4 4796 7914 18475 16083 1249 4 8956 15658 6256 6103 20402 16816 5 20402 16816 18476 7491 18498 17304 6772 7914 3450 14924 4 1575 7914 3450 9169 18498 20402 15392 4 23029 4179 4276 7509 9193 22942 4796 7491 22463 22765 1095 9193 7 7730 8241 21793 6472 18498 20402 8147 16673 10366 5 
8443 5 5 5 15678 21613 20402 7188 0 20539 4 15138 4 9193 17438 871 18736 12233 6103 7668 7730 10905 4 20402 22463 7509 1249 13909 14149 5 17438 12861 18498 31 22463 20247 6103 22327 12861 201 4 9193 21282 18533 21623 4766 5 5 5 15708 4 17438 21596 9790 16440 6981 1249 4 7730 21596 20931 11868 6389 7509 9193 22942 4 23135 15658 19900 15678 18605 11861 23135 20402 17872 9193 4 7730 15678 18481 14335 753 5 22327 9010 16404 20402 7174 4 7730 9193 15658 21596 16192 16404 662 17438 23135 21596 14335 17714 16404 12861 5 21 
1115 
21 9743 9193 835 6103 21793 20207 7730 18487 7730 9769 21 21 6075 22463 21752 4179 7914 23135 21 21 28 9193 5412 21 
15678 8957 20293 20402 12745 1393 15860 
26 26 22 20539 26 
15424 4346 7730 15424 12780 4346 22327 6103 15604 26 13055 7509 23575 8855 
20311 
5 5 5 
1612 10343 18498 14539 20856 1393 228 16393 18498 22318 8637 
28 28 26 26 
7847 16468 31 13405 15678 18654 6103 20749 7850 3388 17458 7847 753 31 4517 31 11644 
21 26 26 26 1631 26 26 26 26 26 26 26 26 26 26 26 26 26 26 1631 26 26 26 26 26 26 5 26 7585 22 21298 26 21776 26 26 21776 26 26 5 26 7585 22 21298 26 21776 26 26 26 26 1631 26 4 26 4 26 26 26 16073 5 26 26 26 26 26 5 26 1631 26 26 28 26 26 26 4 26 26 12863 26 26 31 2914 15803 26 5 
26 26 7512 26 26 26 5 26 31 26 26 4 31 26 4 26 31 26 26 26 26 26 26 26 26 5 26 26 4 26 26 4 26 26 26 22 18740 26 5 26 26 26 21776 26 26 26 26 26 7509 26 26 5 11678 26 26 1983 12863 4 26 1631 26 26 26 26 26 26 21776 26 26 26 5 26 22 20539 26 26 26 26 5 26 26 21776 26 26 26 26 26 5 11678 26 26 21776 26 26 26 4 26 26 26 26 26 4 26 26 5 26 26 26 26 26 5 
26 26 11617 26 26 7585 22 21298 26 26 26 26 26 7509 26 26 26 26 9971 6103 20247 26 26 26 5 26 26 21776 26 26 26 26 28 26 26 26 5 7585 22 21298 10907 20402 29 26 20402 26 26 28 26 26 26 29 26 20402 26 5 12863 22 20539 26 26 5 12863 28 26 29 26 26 1983 26 26 0 10907 29 26 4 26 26 26 5 
26 26 26 26 26 26 15803 31 26 26 15803 26 4 26 7585 22 21298 26 26 26 26 5 26 28 26 26 26 26 5 7585 22 21298 26 26 26 26 26 26 26 26 1631 26 26 26 26 11943 31 26 5 26 26 26 11617 26 15803 26 5 26 26 26 20916 26 4 26 26 5 
26 9971 6103 20247 26 26 28 26 26 26 5 26 4 26 26 26 26 11617 21121 11943 26 26 5 
26 26 26 21 
28 18670 
22805 28 
31 18069 6103 18498 9193 21596 22463 17931 26 
21582 1959 15678 3431 4766 3790 6103 7542 7914 22463 18487 2727 31 9193 3790 5518 6103 28 7730 4766 4672 10138 
26 26 26 26 12863 22 20539 26 
9193 5 5 5 
21 20670 4346 18476 23135 3702 8956 15286 16673 17819 22897 5 5 5 15658 19900 20149 16673 13375 16066 16673 9193 23180 14539 
21 21 26 26 26 26 11943 31 26 
26 26 26 14450 20402 26 
26 26 26 1631 26 26 
26 26 26 26 
26 21726 22 20539 26 26 20916 
26 26 26 26 14335 26 26 26 
15803 26 26 12935 
11464 14335 4573 26 26 26 26 
26 26 22 21298 26 26 26 
26 20402 14335 21776 4796 26 21 21 
6 22 
13543 6 11560 6 23273 5 22637 5 4766 5 3148 28 26 5 11559 30 29 30 29 21 
21 20539 4 15658 21596 15138 12939 15658 5 20402 7174 7730 16721 4766 31 18191 3393 7730 20357 4766 15678 18191 5528 8739 31 16668 7509 910 4 9193 6881 7914 18449 4 9193 9450 1393 13009 7509 21321 4 9193 9769 17478 20699 5 9193 4796 20149 5652 7491 4 22327 16066 18494 22327 18498 22657 31 16689 23016 4766 6189 7730 22463 7603 4067 6103 20739 5 21 
6 
21 7730 7850 9975 4 15658 20402 4796 15324 9956 7509 28 0 18498 5621 31 22073 7509 17831 6 7512 20463 18620 9193 7545 28 20780 21 
21 21 21 28 20402 22463 9462 587 18498 20520 21 21 17629 6103 10765 16404 20402 10765 21 21 4 4766 15678 2288 7509 28 7730 7509 21480 31 19225 12616 4 22385 8957 6389 6103 22463 20709 4 21862 13909 3206 7730 10439 4 6609 10019 22463 20402 11570 7509 16083 7730 12417 7914 22463 9172 20781 21 21 20670 22463 18069 6103 19007 18498 14335 9743 16721 20670 4796 14335 19206 4766 31 16971 21 
21 7730 20402 21389 14156 18498 13055 9743 16440 
7509 18498 20402 654 9193 740 19900 14335 23029 
15286 18498 15658 19969 7509 3393 21 
21282 17872 4793 7509 1247 7509 10839 15658 21282 6103 955 4796 21371 7850 14604 5528 20 22318 1027 7730 16323 20 20 20 5360 20293 20402 8956 29 18498 23135 20402 20 
1114 20293 20402 15678 3610 5 
20751 10207 6 
17872 18525 16630 6 13055 8995 4289 13909 7558 
20402 15678 23575 1249 5 5 20402 15678 4785 6103 22327 
21 873 14335 9431 866 20670 31 15533 6103 11462 0 22463 5528 1614 8995 21999 6103 835 7730 9801 4 15643 14335 20357 22385 4886 7730 28 20 21 
21 7730 1920 9763 15678 4403 4 15658 21282 6981 14142 6103 8855 4 7509 29 28 12549 6103 1549 4 9193 6103 29 1249 8995 7914 4434 6981 16196 5 8443 16404 15678 23575 7127 4 9193 21282 18533 6256 15678 14604 13909 20584 15708 5 15708 17438 14335 16878 20402 22327 18498 9193 18533 4 13055 20402 13786 6103 21842 4 9579 4 13405 15678 9503 17872 28 4 20402 9033 4 15444 4 26 26 4 28 28 4 22564 3388 2352 4 20402 28 4 26 26 4 7564 4 2048 6103 9548 7730 16209 1893 23 20 9193 31 4434 6103 22327 4 9193 20402 9193 4 7730 6103 1249 7914 1249 15678 26 14335 5284 7730 9193 15658 17304 8995 13909 9808 6103 18525 9193 14335 21858 5 11462 6256 14604 13194 4 14604 17478 20215 31 21793 31 14464 18498 5360 13761 4 31 20126 13055 2647 15138 10259 1614 4 9193 9193 19900 18498 8414 7914 3058 15256 5 
31 23135 18498 5360 4 15708 21371 4 17438 6070 4815 7730 5762 1393 14604 13131 11454 12222 5 15708 31 17931 18498 21389 14335 330 15458 8806 7730 18498 21389 20149 6184 31 9193 5 
8995 7914 4434 7509 16196 16878 15061 18525 9193 20402 6103 22821 4 7730 12861 20402 22463 7509 21657 13909 22664 18498 9193 13405 4815 5 14604 10530 20402 12002 4 9193 6103 22463 4672 9193 21596 4181 4 20149 15658 20402 16673 6070 14604 16468 15658 20420 15424 14561 7509 18498 20402 5 
15708 17438 22327 21 
20402 11861 9594 20670 31 5896 7509 9142 5 7847 1190 7850 8419 6103 15138 7317 5 7847 3610 1393 13131 7509 11644 6103 18498 11474 15658 5219 5341 20463 12469 5 7847 8995 21916 13480 1393 9608 5223 18498 17304 6075 22463 5758 5 7847 20402 19102 16673 12243 6103 15144 498 5 31 11921 20402 20931 14425 1095 7730 31 5889 7509 23231 20931 17835 1694 5 
21 21613 7127 4766 20751 2727 21 21 18899 21 21 20 
846 6 15658 21582 12861 7914 3962 21 
20207 7127 20402 1920 20 4766 31 3790 6103 20072 8644 16673 13759 7509 11469 7730 8406 7850 19745 20244 19900 15678 18498 9743 20 21776 28 9620 29 
23575 9124 15658 17304 20402 13909 4886 20149 15658 20402 17438 23135 20 15708 17438 22327 
9444 6103 3014 
2371 23135 6592 18498 15678 9956 20402 2617 7914 9707 18772 4346 19691 
14539 18498 2087 
7847 21596 15678 20853 10424 7730 1027 22463 134 1467 
26 26 
740 15658 19900 20149 20357 21389 4796 20357 20402 866 18498 14335 9743 2727 5 
21 22463 19768 18498 10855 7914 21858 6103 11685 28 4 14119 1971 4 26 4 17458 15678 2692 7509 28 4229 2692 7509 28 4 20453 6103 10273 4 16633 7509 28 4 16633 7509 28 4 2789 7850 14600 4 2789 9061 7850 14600 16566 17872 19466 3224 6103 8878 7850 18671 7509 5193 15291 4 20126 4 28 7730 28 4 20853 7730 14453 9172 21 
20670 16098 31 15286 11462 7509 13285 6981 10273 27 
20149 9193 20402 1409 17438 8956 13727 0 20539 16066 4524 0 
21 15658 11862 15678 18498 7491 4 23135 20402 8810 7 21 
21 26 7585 22 21298 26 
26 31 3143 26 26 11943 26 26 9645 
26 26 14335 
26 16073 20402 26 11617 26 22 21298 26 21 
15658 20402 6103 20293 9193 20402 17872 20293 23016 17478 9193 9193 15658 12780 28 20402 835 
21 26 11617 11617 22 13800 9783 26 26 
12863 26 16105 26 26 
11617 26 26 1983 26 
26 11617 28 26 26 26 
11617 22 13800 20916 26 21776 26 
26 26 21776 5714 21 
2136 3683 7599 4766 22463 22553 5 5 5 5 
21 21 21 11897 21 21 20402 368 14539 6103 15860 9769 18498 22327 17304 6075 4179 21 
28 28 
21282 17872 8406 15458 3222 6103 20402 5758 6103 15604 
21 26 26 26 4 26 26 26 4 26 30 22 21298 26 5 21 
14593 15678 9021 
21 21282 18533 6256 19140 22463 16620 6103 9193 1614 7730 21355 7509 9193 15256 13822 7730 23180 19826 15678 18498 20402 16404 20402 22463 20558 1549 4 20149 21858 22463 7509 14426 5 
31 15286 9743 22463 26 7509 11518 7850 14336 7730 19450 22110 4 9193 6075 22463 20207 4245 7730 9193 15643 14335 20357 22385 2727 4766 7847 5 5 5 20357 7730 13325 17458 18784 10959 6103 6070 5 10959 6103 20402 9193 14539 4 7730 6103 6075 19699 7384 4 15643 14335 20357 22385 2727 7914 4434 7509 16196 14539 18498 14767 5 11462 20402 22463 7127 6103 20207 4245 5 21 
21 21 21 9193 1027 31 16971 18498 14335 9743 19698 5 20582 4 288 18498 20402 31 4672 18498 9193 13909 10959 4 19698 21 21 28 28 21 
3261 5 5 5 
21 21 21 20402 1920 4 17658 20402 9193 4 21596 31 3930 7509 3944 22730 4 13405 15678 20675 6103 22627 31 14335 3962 4796 873 4796 23135 7 20469 4 13820 4 5232 5 
5235 31 7594 5 169 9193 22942 4 15726 31 9835 4 14335 18533 20447 7730 6103 18506 2727 20444 5 21 21 21 
16209 22223 20402 4796 18363 17729 7730 20244 935 23575 28 4346 1720 4346 
20402 21743 22463 16647 16647 6389 7509 10765 7730 15658 21596 13727 17872 20149 20007 20 
21 26 4573 26 26 4 26 26 26 
26 26 26 9783 26 22 21298 10907 26 4 
26 28 11617 26 11617 26 4 
26 11617 26 26 21 
21 134 20402 31 23577 4672 18498 18481 13909 1467 20402 4 14425 22327 9901 6 21 
11284 18525 15036 6621 17438 15643 21596 21596 22463 21468 7174 
8956 20402 14604 4576 27 
21 7509 21266 6 15005 7850 21 21 12589 21 21 21 
22463 10273 2727 31 10765 17872 4788 15678 7127 18498 23135 15658 21596 20149 15658 20402 17438 9193 27 22318 1027 26 19969 7509 9193 14414 16404 6103 15827 14604 3219 
6 22 21596 4179 4672 18498 23016 7850 11518 4179 5 5 5 
21 28 28 22805 28 16169 4 15253 20 20 20 20 20 20 20 17950 14156 13055 20 20 20 20 20 20 20 20 20 20 20 20 20 20 21 
9773 6 
23 27 
6 
21 20670 8956 11454 6103 21 21 15005 7850 12589 21 21 26 21 

