21 7509 14539 5754 6103 6 
21 21 20149 7847 8995 7850 11685 15658 21596 20402 9142 21 21 
4766 23135 4 15678 13909 15604 13184 6 
21 21 20149 7847 8995 1694 15658 21596 20402 9142 21 21 5 5 5 21 
21 11462 20402 22463 6072 28 18498 6075 22463 17556 6103 22834 6103 20402 3170 5 9193 21282 22463 17556 4 17324 31 14245 6103 14080 7509 7894 18498 1502 15678 10927 15658 19363 15678 17563 3170 5 6103 4179 10211 4 12780 1540 15603 31 13606 5 16689 6103 18525 13055 21596 1540 20 9193 15299 31 21535 5 5 5 21 
21 733 4 20215 15678 14604 17588 16404 22020 7914 3702 
7730 16404 14604 8797 9193 23180 6760 15678 15671 
18498 14335 1467 21389 
7730 13055 20244 31 5531 7850 16962 4 20244 31 10993 7850 12899 
7730 20244 15678 16958 7509 865 7850 15256 
9193 8147 31 4276 6981 4108 
7114 15678 14604 17877 7730 8281 31 20794 
733 4 20149 21793 15678 15190 17304 19900 
4796 20402 10544 23104 20402 6981 17856 
7730 6592 18498 31 22225 21596 9971 
7730 31 9801 17304 20402 20558 4796 22463 1467 6103 15256 21 
21 9980 13591 20 4796 20402 3058 352 4766 31 4181 6103 18498 22327 15128 4 654 15658 11284 13909 5614 20 15576 7251 15643 13909 20402 7043 7730 15678 6428 8995 4766 15678 17563 4 4766 31 9634 7730 4766 28 4 31 9365 7509 28 14677 4 3055 7730 5570 20042 5 16323 20892 5 17753 28 5915 17438 5064 8956 17889 6103 10211 11674 5 
28 28 5947 12861 21 
21 654 20402 21793 15190 5371 31 5614 7730 31 9721 7509 14757 18449 9193 18476 15671 20402 31 19856 7914 29 16630 31 6448 7509 16601 29 18498 19547 15678 17304 6103 12737 7509 15111 20402 18876 4766 21752 4 17462 7730 3059 7730 15138 1484 31 2367 7509 17377 5371 15678 21 21 2411 21 21 21 
21 654 18055 20402 5241 5767 6103 21643 5 4217 7850 16847 4 15658 5 21 
21 4672 18498 15502 7102 13405 16404 15678 2948 6103 3885 7914 20879 6 4122 4 3930 4 15311 5 21 
15658 5108 7914 22463 17377 5682 7730 9688 20 7730 18498 740 20149 15995 7384 
21 17872 18498 20444 31 13324 0 
20402 20402 13325 
23104 20402 19640 
7730 23151 5 
15678 18498 16468 8361 6 
15678 18498 21596 18498 20402 20402 
7730 13055 8995 13761 20 
15424 18498 20402 17629 
22318 18954 
18481 22898 20402 5 
9193 17438 11462 
12780 17872 13667 
6074 18498 13909 17629 5 
18470 15678 20357 0 
6103 21389 8720 21 21 18525 19900 21 21 
18533 8147 8956 9942 7509 18339 
7730 16836 31 22821 
20149 7847 740 12780 8995 13761 
13909 21409 5 
9193 17438 11462 4 
31 20126 
13923 3391 7850 2419 5 21 
26 28 7730 30 1446 20 7509 11518 14539 9634 20 
21 21 21 13591 16404 20202 10010 
13591 17872 7400 15678 3058 
13591 18553 6103 15713 
13591 16404 20852 21 21 
12780 3256 21 
21 15576 20634 22185 17629 20402 19097 17836 17458 13905 16440 7509 1769 12012 20670 15678 5298 6103 2727 7730 14504 4 9743 4766 18498 15678 13909 17297 16162 15678 14539 11876 18498 15678 13909 19671 18476 12780 9743 20931 4913 7850 14506 4 17438 9365 5 9193 3857 22185 20293 20402 951 13325 28 4 8406 16083 19653 5371 11857 192 9193 4 20402 18498 7914 13909 6103 29 1249 6103 11454 4 21793 15678 7251 1767 20402 2727 10691 16066 20402 17872 18660 0 21 
21 9808 17438 5013 9010 5942 4766 7403 20 11454 7509 5305 16673 28 5 15678 28 15812 5943 11046 31 7419 4 7914 21793 31 23498 7730 7850 14426 22516 7509 15190 5 18498 23016 15678 18195 20 21 
20241 28 20 
21 21 21 9193 15658 12780 10987 6103 15671 1453 22463 4430 
15424 12780 7850 2700 4 10691 1920 15678 14604 2658 21 
12780 9743 22463 4795 20670 22463 1961 9193 6097 1421 16083 1961 5 5 5 
21 13325 18498 15678 13037 28 28 12984 5 13055 20402 1393 20915 16630 15678 9971 7509 5658 18627 4 4766 15678 1676 6103 18498 15678 15416 21 21 19822 21 21 31 22640 7509 3156 5 16066 20402 6 20149 23135 15658 708 16784 4 13055 19900 18525 17908 5 21 
9128 16673 7804 5 17377 16673 9620 6103 5 
21 22597 18449 6 13152 20402 15894 15678 17446 23104 4 9808 7730 21340 4 15678 18498 20402 21916 7174 6103 19198 6103 14715 4 18498 5341 14577 16958 7730 22411 5 21 
21 26 7509 11518 9 9 6103 18525 20402 31 10343 6 
21 21 7850 7127 7914 18498 4 7914 15576 16587 4 20402 7017 15678 4966 4 19780 4 7850 22821 4 16404 20293 4 15678 15576 11082 5 
31 28 
2372 28 
23135 20931 21 
21 654 31 18352 21 21 15995 6103 20402 11605 21 21 12780 16468 31 20149 4229 21 21 15995 6103 15658 21596 6011 21 21 17872 9901 13909 9918 1393 18449 7730 1393 14273 18498 20402 19378 15423 5 21 
3450 7127 13909 7188 6592 20149 31 15599 20402 20313 16066 20149 20402 22821 14539 
21 7850 23575 20247 21596 22886 7690 10927 7850 6340 4 19093 6103 22463 17304 13290 9522 5611 7730 5232 7730 7509 20709 18498 15678 7855 5 31 14539 4526 18498 21964 4 11462 4 19642 15678 9007 7509 6519 5 22463 16378 13055 15658 22385 12758 4766 15678 13609 7509 9544 6103 1694 5 22463 15814 7509 21 21 4419 6103 2727 21 21 18498 8995 7360 31 2050 7914 873 5 
15678 9007 4 7957 15658 20402 16816 4 20402 19522 7509 29 19077 7509 11454 4 18476 20402 4229 16404 23174 20670 7070 21535 18006 7509 13288 4 9368 4 1920 4 22463 7509 10211 6103 16431 6345 7279 5 15458 19077 15678 17563 6146 4 17438 2727 4 19038 15678 278 1393 1694 5 17555 
9193 15458 14336 21551 4 31 7894 5320 4766 31 13248 4167 14656 4 15588 31 15041 7850 9719 4796 11154 6103 9577 19713 4 8329 15678 17563 7509 16847 23100 4217 7730 15678 23577 19553 7509 18498 16162 6103 11857 20402 19617 7914 3059 6103 11199 13121 7730 21752 6103 3109 7850 3790 6103 20304 5 
4766 31 23180 4 15678 28 6 21 21 7850 9719 29 17445 20402 10765 6103 2727 4 15678 19509 20402 2524 21 21 4 7730 8443 15678 9648 7509 23014 16468 31 21596 5518 7730 19433 5 
21596 10547 18498 14604 1097 15658 20149 10514 1393 20326 4951 4 6103 18498 2524 3058 20402 2524 15036 7 6103 18498 15678 9544 6103 1694 15658 21596 5891 17324 18525 2050 20402 31 15256 11570 7 7277 11578 16404 11578 7277 5 5 5 8406 16083 4549 6103 23120 9688 5 
20207 15678 14757 7509 20127 4 31 21440 6103 11486 7850 28 4289 
31 29 4 29 17438 29 14667 11218 7914 29 4 7730 7850 9586 6103 12979 6103 29 31 29 
1249 4 8956 21440 16468 16404 29 4 29 4 22463 7509 13909 951 7509 15190 5 4163 6103 
29 6981 11486 20402 16895 17438 1694 6103 10159 5 16066 20402 4 15036 7850 28 4 1374 4 4163 6103 29 14667 16971 17438 1249 23231 6103 1694 6103 10159 4 16066 29 16971 17438 7127 5 12861 20520 18498 4 6103 29 31 29 4 13909 6103 18577 14667 16971 20402 15036 17438 1694 6103 10159 4 7509 18470 13909 6103 22169 14667 12979 5 
7850 22821 4 31 1694 20402 31 17835 9845 7509 11870 7509 18736 1640 1393 10268 4 7509 10761 7850 16847 4 7509 9815 4 6103 18525 15658 238 15678 18195 5 7730 31 23014 15658 20149 21944 7914 15677 18476 15585 18498 31 1694 20402 21282 13909 22463 7509 10211 6103 19369 6103 18525 16541 15678 10761 7509 17436 12979 7730 16848 5 
20149 19642 4 4796 18533 15678 6428 4 15678 9007 7509 6519 20402 15678 9007 7509 1693 7730 18525 13717 4766 12861 20402 18525 10542 31 15197 19900 18498 15658 12780 20402 7847 15678 982 9975 7509 17915 5 
1694 20402 20622 6103 20634 6103 10982 2253 7730 12861 20402 15081 6103 22834 875 15637 10796 10530 1393 22805 18498 7850 8330 7509 5993 4 2126 4 29 7509 3172 20738 31 13248 4167 6103 368 18498 31 14813 21282 201 8644 16066 9481 5 
7509 20463 13131 4 15678 21 21 4419 6103 2727 21 21 13055 703 12386 15678 14924 4179 16404 9482 15678 29 18498 740 20402 5431 31 7847 5 21 
7914 3206 9193 4443 20 
21 22463 19563 7509 11429 6 20149 15678 21 21 2524 21 21 20402 17790 7509 16847 4 20402 4921 13510 654 20149 20402 6428 5611 4766 5320 7850 28 4 2371 15678 14054 6103 8933 18498 15678 5799 20402 9689 5 5 5 21282 288 18498 31 14996 6103 873 1190 13909 21056 18498 16553 6103 10618 7 21 
20402 17286 20 9128 6075 22463 20497 6103 4416 7730 15678 194 7509 10982 9743 20931 16440 5 5 5 
21 18476 15678 23560 7573 
15658 12780 20670 15502 5 5 5 
15678 13923 18498 23135 9743 
19089 7914 9193 21371 21 
21 5097 15678 15604 20799 7509 14079 7509 26 26 20 8956 20402 9193 9634 20202 31 22202 7591 7509 26 26 19384 7850 1338 4 4 4 21 
2700 22463 10672 9193 15658 21596 1612 12578 
20149 20402 1614 15658 20420 7174 
31 13048 20402 4102 9193 31 12368 21282 15658 22805 18525 15658 18533 
21 31 17377 21282 9387 17872 14096 23135 7850 13301 
13301 7509 20537 
13301 7509 13909 10296 
16066 238 20402 22463 19924 6103 16247 16066 12780 17872 19924 
28 15481 7730 28 28 20402 2593 17438 22463 10982 2253 11233 12861 18498 9193 4229 6103 18069 7509 18191 22788 
21 15671 16630 19097 17380 4 7847 21582 19097 15678 20634 16404 20149 16897 7850 17304 9193 15658 16468 5 288 18498 11462 871 17382 352 1834 15678 18195 10927 7850 16587 7509 10183 5 5 5 21 
15834 9193 20402 15678 28 21596 1249 7730 23016 1614 1820 22463 15311 5 5 
11208 
21 14453 7509 12319 7730 22327 15678 18498 13055 9743 17438 9193 5 5 5 5 
1614 22126 16192 18498 11139 17872 22318 
9193 20402 9808 1920 
21282 18533 22318 9743 9808 8 29 21 
21 18470 31 7178 8406 22463 17180 4 22463 17286 7730 22463 10976 7509 18201 0 9 
18610 6 17180 5652 20402 7723 21 
21 21 21 15678 5179 18498 23135 21596 4 4766 31 13690 1487 4 19522 15637 5015 5 5 5 7730 20149 5219 9457 31 5015 4766 19957 5 5 5 8443 23135 21596 22463 15704 23522 20 21 21 
13901 4 28 21 
21 15678 5168 1570 31 13301 7509 21612 
654 21282 9193 19509 
31 19652 
17273 7509 15190 4 22489 21 
15658 20402 12399 31 21583 6103 23168 6103 22463 18363 18498 21681 20931 1868 5621 5 12399 20402 31 15256 18498 7850 5621 31 1868 5 
21 8812 7850 12971 15291 6202 31 21612 6 21 21 15658 11284 16780 6103 7277 4 16673 5431 4 654 15678 21607 17304 918 7850 14539 19511 4 1190 7850 14539 23572 7509 8051 5447 5 5 5 
16035 4 26 13800 5 5 5 5 21 
21 1471 6103 23135 
11462 23135 20402 18525 14018 
9594 4 8995 9594 
15658 21596 7318 4 15658 5 
31 9193 10765 11462 1190 
9594 6103 13131 7730 15855 17872 4387 5 
22805 0 
23135 18498 12716 8956 8995 
12716 6103 12716 
21793 8715 
23135 18498 12716 15678 16605 
8921 6103 12716 15678 16802 5 
1471 6103 23135 
1022 11284 6103 20402 16083 7127 5 
9193 16836 31 23135 15894 12780 20149 8644 
7509 8322 9201 0 
4796 12780 17958 
18476 15678 10602 12430 7914 3702 0 
702 15604 3256 
7730 31 10765 20149 28 20244 16367 5 
18476 4289 15678 14924 
8956 14604 20739 
12780 4623 4766 13038 5 13033 20 
21793 8956 1114 19371 4 
8956 11091 5341 4 
8956 20019 7850 8713 5 
23135 18498 12716 31 22225 
15963 21596 31 9992 
6103 6818 5 
23135 12780 16162 4 7730 20402 7521 4 
3450 13764 19761 
15458 14604 16689 5 
1471 6103 23135 
1022 11284 6103 20402 16083 7127 5 
740 16162 17872 22805 
15678 12916 10089 
18470 23135 15658 18533 5 
23135 12780 20149 1040 
22805 15678 7127 18652 
20244 7850 16630 13462 5 
7730 9193 12780 15036 6103 19698 
7730 8956 7127 11284 6103 23016 
1276 7509 18498 23135 16721 5 
1471 6103 23135 
1471 6103 23135 
1022 11284 6103 20402 16083 7127 5 
23135 12780 21596 18498 22805 
31 14049 19281 
7730 8580 17316 5 
4796 12780 20149 9431 
22805 15678 6014 4517 4 6103 19324 4 
11920 0 
4796 12780 40 
15576 5527 31 3702 4 
7850 20931 10366 5 
1471 6103 23135 
1471 6103 23135 
1022 11284 6103 20402 16083 7127 5 
23135 12780 20149 6075 13923 4 9170 7730 21340 
28 28 29 21 
7850 9193 3790 
31 19652 15658 20402 21523 5 
21 6408 30 13761 17872 28 22261 31 10010 21793 
4766 2372 5 15678 5 7914 4434 4 9193 18533 18498 20149 9542 5 5 5 21 
21 4289 6103 11429 4 11462 31 4821 6103 28 7730 13048 18525 9743 15678 5426 7509 5276 7509 17962 6103 13301 7850 5993 7509 6428 23174 31 19039 7509 13908 16683 18498 4 4796 21793 19900 16066 16673 14466 21793 18498 15658 20402 7802 16673 28 4 15658 7235 31 23014 5 8233 12979 12312 7850 9193 22765 14240 7914 15299 753 31 18985 5 20402 20813 22463 14031 6103 22463 8995 9604 7914 15812 5896 4 13264 7730 7804 21596 6103 14126 22463 18774 18498 7847 14539 5883 5 
21596 22463 22823 9241 18476 31 17856 4809 31 20402 15781 17438 5611 4 5612 4 10976 18498 14018 20463 5682 676 14054 4 8406 16083 9927 18498 20293 19969 11922 5 
368 18498 31 7237 7509 6792 20699 21596 17438 5227 31 7237 7509 23014 7914 15576 16587 4 15678 19509 20402 2475 6103 18525 13717 4766 22463 20634 3836 9605 4 16066 6103 18525 18533 19931 20931 20402 6103 22805 17297 7730 17790 15678 18498 7812 12780 17689 7850 28 56 13909 740 15678 17782 4 20244 4245 6103 20149 18983 5 
15658 1393 19039 7509 13908 16683 21 
21 28 19735 14820 15603 7850 20906 26 5 5 5 7730 15678 7687 20402 18498 20402 22821 
654 21282 9620 462 18498 20402 9688 7730 18498 6075 3928 3166 16404 15678 22839 2050 7914 14054 5 
29 4136 20402 17556 9193 20402 19822 5 
17555 17872 20634 
20247 16468 7558 21644 6103 21787 15505 23016 7850 18506 6103 15084 7730 2050 5371 29 16971 7730 14265 22463 5 30 21063 9720 
21 20892 5 28 803 8361 31 10559 17872 22020 702 7914 16067 20 17819 23135 6996 15678 10648 4766 31 5320 6103 702 6103 14676 6103 16971 7686 29 1249 7914 22327 14466 17872 14096 31 9122 6103 59 5 6408 23135 5621 31 702 31 16440 7509 29 11518 7850 16847 17458 20149 15658 21596 20194 15658 21596 11066 5 5 5 8443 14810 31 702 4766 1623 4 21631 8406 16083 7863 7730 9980 15150 18525 5298 22463 10964 31 13909 18498 31 15260 5 12861 17438 4060 7509 8622 6103 18987 4 7509 18636 7730 4524 4 7509 15390 6318 7730 7509 19901 8339 31 5960 7509 17563 18498 18070 8995 20149 16836 20149 21596 4796 19045 16404 22463 21613 14020 5 13170 21 
21 18553 18498 23016 31 3393 7509 21931 6 
29 4 29 4619 0 
20539 17872 4867 15678 9128 18498 15658 16162 5 31 3450 29 6103 23135 2504 15678 16468 6318 4 28 0 
6256 9193 9743 22463 8515 5 5 5 9193 15658 20 
15459 5152 15658 7509 17872 5320 7914 18481 8995 7730 18481 9128 8995 5 21 
30 26 26 11617 26 26 26 26 26 11617 28 26 26 5 5 5 5 
9193 8386 15678 15190 9193 15658 8386 22463 9956 5 
21 14757 20402 4978 17872 20402 4980 5 
1751 17382 
11861 
16404 22463 16587 18498 17785 20149 22020 15637 11020 17240 6103 9195 5 5 5 21 
4095 20402 13688 20 26 
21 21 21 14604 8908 20402 26 
19652 14480 21 21 21 
21 15678 19522 6103 14703 10795 14514 6987 6 28 21681 14336 14676 6103 23176 31 13909 18498 28 26 7730 3962 7847 22773 7850 8995 7914 18498 10982 4 15678 19522 9975 17304 20402 7174 5 7384 6172 18498 15678 17563 20402 3341 7730 18498 15678 15555 20402 5891 2136 16673 20155 20402 866 15138 21253 15658 20402 0 26 21 
21 7730 18525 20820 11876 7850 28 0 2136 29 14667 20402 2421 4 15658 12780 17729 5 9039 18498 15678 14983 7043 16673 20819 20803 29 2848 17438 1249 5 15678 3047 9634 22564 29 2848 16404 2011 4163 6103 29 14676 6103 3172 5 18525 4 6103 9707 4 7730 18876 1938 0 21 
21 10606 4 3558 26 4 15678 4346 20402 13591 4 7314 6103 23560 7730 23299 4 15658 5 21 
28 26 
21 1515 15678 6193 16404 15678 16083 4 14466 17872 18191 1809 7730 17635 21 
21 23 735 23 23 23 8995 4289 31 11518 5 5 5 
15678 7127 13055 23016 18652 14604 2727 
13614 12780 12780 7957 
31 21 
30 
3450 22897 18498 22463 9128 6103 7277 5799 15678 7277 11578 20402 4796 20149 1612 7087 18498 19363 31 13048 16784 13909 22463 17556 7509 23067 
21 22834 875 6103 18525 6157 23174 7850 28 15660 5 5 5 20402 4796 8066 17872 6106 7509 21395 22463 17380 6103 1685 18498 20293 21045 15678 28 4 740 17438 4434 4766 15678 19887 6103 21 21 15127 21 21 
7914 14703 4 28 18910 18498 31 21441 21438 951 6670 29 7730 3014 7730 11462 4 21596 9078 18498 4289 7850 9738 7509 28 14185 4 22463 527 16432 20402 5284 4766 7251 18449 4 9170 4 8329 4 7914 16083 19143 7509 8995 4 16971 23104 12853 17458 15643 20402 5284 22463 17406 5 21 
28 
21 740 6075 21551 6103 3227 31 19046 6075 22086 7850 17819 22358 4 2136 17458 15502 3227 4766 702 14539 4 15658 20402 7 21 
21 16836 16404 15678 20199 7509 28 28 6 12780 13509 16066 485 0 
21 20434 4 28 4 21758 4 28 4 21526 4 28 5 5 5 16323 17872 18525 1522 18498 31 15127 7102 15770 7850 22548 4 8995 26 15678 19522 19575 21 
21 31 13052 20402 31 3790 7509 15127 7509 16587 18498 18533 20402 6 13591 4 13043 7730 20780 5 21596 20855 6103 9130 4766 22463 16971 8249 7914 4060 22385 11861 7730 3790 31 9193 20709 7730 9901 15138 9808 1393 19900 18498 8995 20149 3664 31 6428 8977 4 740 13909 16673 28 5 28 26 4 31 9193 23180 5 12780 19426 31 22608 5 21776 5354 20 21 
21 21 21 17438 12861 9193 23174 15636 
9193 15658 8930 4 15658 14335 1377 
21596 18498 20402 31 7178 
18498 23135 18533 22805 7850 17461 7509 2427 21 21 21 
21 17380 16404 31 20127 7850 3621 7509 26 28 6 5284 22463 529 13480 21793 11543 7509 19415 18449 5 1920 4 20149 23135 15658 5219 22640 7914 22463 4 16440 17872 16083 2136 8147 23351 21 
21 21 21 8386 2727 31 22942 4 20402 21282 13909 22463 11156 
7730 20149 20402 17872 20402 11474 4 18498 20402 22463 22823 5 
20149 20402 17872 13398 31 23180 4 20539 4 20402 15678 17819 5 
8386 14604 16375 0 
3393 20293 8546 4 
9193 19900 15894 14335 8147 
21371 19900 31 19969 5 
9422 4 21596 20539 4 7509 14604 21551 6103 22942 
7730 1471 6103 17556 4 14335 15061 7445 10032 
8995 6103 5854 26 4 8995 6103 5854 26 5 5 5 
3058 13943 15658 6075 10909 7730 15658 18669 9193 26 
8995 6103 5854 26 4 8995 6103 5854 26 
26 13981 4 15658 5150 8572 28 4766 8572 14265 21 21 21 
21 21021 20402 18003 14426 5055 31 18525 1027 4 20402 20149 6184 1616 18498 10959 5 20199 4 26 4 9624 5 5 5 15299 7384 22318 9743 2727 21017 21 
21 9688 15658 16468 
6256 9193 22805 20149 8386 6 23135 20149 14126 17872 21752 10273 17872 28 0 
15658 16468 
21 18525 7491 18498 17377 15658 21596 3726 6103 8406 7850 9574 0 
21 26 23016 16958 4 7730 20402 21282 31 17819 9370 18103 4 
17872 18525 6467 4 8956 23016 22318 5446 
7730 17872 18525 368 4 8995 13026 15458 
15678 22823 22385 4815 7730 23118 22855 21 
7850 3610 7509 18684 
21 8995 7914 7728 4 15658 19900 7914 18525 23174 17872 20300 5 5 5 14487 
21 21684 9324 4 9010 20402 9193 18774 6 22839 10760 20954 6103 16511 4 4766 18059 9000 7730 5241 11341 16673 3325 17309 5 15138 4217 1920 15770 7730 15643 20402 21707 4796 9365 6103 11921 16404 31 15267 7730 16404 15678 16065 7509 21 21 21525 19653 21 21 5 1393 18498 10959 6103 5692 4 5947 15678 28 7509 16142 
21 20149 23135 9901 22223 16673 7892 7509 20237 4 19900 18498 6 
15678 17297 18498 20402 6516 7509 19143 7509 9145 21371 9901 22223 1393 352 4766 15244 17989 17872 6349 20931 3962 5 
31 9634 7509 28 28 21371 9901 2727 22223 18476 15678 28 4 7850 2152 7509 7424 4 14018 4084 15678 12974 4 5879 2037 6103 23555 12145 18498 7847 21596 20149 21052 4 15678 18498 21282 20402 6858 6408 6103 7707 5 2126 4 28 20149 7491 7589 7509 10523 3170 5 
7730 4796 15138 3143 9594 21 21 12780 21596 5505 20539 21 21 4 18476 7850 22821 31 5505 20402 17872 7894 4 654 18498 31 5505 5360 16404 15678 16083 16587 14335 20357 7850 7277 6 20244 17563 4 15658 21681 5505 21 
21 15637 4417 5621 17438 7558 19691 17309 7730 18498 18910 31 9620 6103 702 4 20402 7188 368 18498 22463 13301 23151 16404 31 16971 20402 1570 4 9193 19440 20402 13749 5 16721 2727 1276 6103 23174 7850 28 4 21526 7730 16083 13603 21 
21 21 21 26 9719 12780 352 4 12780 15128 17461 5 
21793 15190 21596 7277 15459 21631 
31 9719 16630 16580 7730 15658 11154 21 21 21 
21 15604 19955 5212 7509 23423 15567 17872 15190 
21 15671 2322 7509 17446 9660 9193 15416 20402 3341 3341 7730 5360 23174 8561 
21 27 2727 3017 4 2727 3017 21 
3990 16404 15678 16169 1540 31 20149 4902 
21 2727 18498 31 21842 3170 9193 9145 17304 3702 6 21 21 12780 13761 28 4 31 11518 20402 8956 4 9193 9010 1249 12780 18533 15678 11359 5 15061 16404 15678 15190 21793 9193 21942 4 7730 6075 22463 11091 6103 10916 23151 4766 31 21444 7850 15256 5 5 5 21 21 15078 21 
15855 15678 28 24 
21 9594 21389 17872 10765 20402 22463 17563 18892 4 16468 22463 11729 17504 16404 15678 15190 4 22708 15576 17877 17872 6106 7509 21395 9170 9170 5 5 5 21282 
18498 8918 6103 2322 1612 23208 22765 5174 18498 12780 31 19856 6416 31 16971 4 31 28 7730 15678 7277 6103 14058 5 21 
21 9743 21551 
7730 740 14335 13325 
6103 18476 20402 5758 7730 21438 17556 14335 10131 
16404 15678 13169 4 
16404 15678 9617 20739 4 
4766 15678 18498 288 5 
15678 21551 16468 7730 14604 21541 15658 15128 5 
15678 20497 4809 4 26 
7730 15658 20402 26 26 5 5 5 
28 
14604 15540 20402 16066 15658 20463 19093 0 21 
21 17872 21793 18498 368 7850 10268 22016 7509 18684 20 
21 6256 9193 22805 20149 8386 6 20149 9010 15266 9193 6928 702 4 9193 5320 6103 1623 9901 13909 3790 5 5 5 21 
21 9971 6103 20247 6103 14162 7730 20402 11861 19900 17872 15894 14162 5 5 5 17872 9193 15658 11284 7728 6 31 13301 18498 5771 20402 7311 4 22463 10211 6103 20193 5896 18498 15658 31 6103 21 21 20044 2352 21 21 5 31 17959 15344 17872 18304 15678 14608 4 15678 15416 4 15678 11438 8406 16083 18498 4 11450 4 15658 4854 7509 14539 11644 7509 3325 18498 7925 17358 7730 18498 17304 5762 13301 20207 20931 5734 7730 20463 23560 5 21389 18498 4 288 11907 18498 15576 5168 15128 8956 4156 4 5108 13909 18498 15678 21161 18443 9971 31 11429 6103 22463 13301 18498 15658 21282 19519 31 13441 12178 6103 17239 22463 17239 16066 10461 22463 2617 7914 16580 4 9193 18498 21752 31 13441 6103 11474 7730 15144 31 13907 7509 16847 18498 15658 14514 8995 7850 14336 6103 2524 16066 7589 7509 28 21371 14514 5 31 13749 21596 18498 20402 16673 13441 7914 21793 15678 20357 20 6655 13055 21 
21 7730 1612 9608 17341 18498 9901 29 1249 7914 9370 4 20244 21596 15425 5179 7509 13301 4 9498 7730 17599 16083 5767 5 5 5 9743 20357 4796 7847 5219 8254 17438 21389 21551 20 21 
28 1086 20402 28 31 14466 5 
26 
21 18476 349 22463 14058 4 15678 12971 9743 18553 6103 19487 6 
21 21 11462 15770 13909 22463 14058 5371 31 5505 4 11284 6417 7730 22679 21 21 5 5 5 
7693 18498 4 18476 20402 15588 31 5505 7509 15190 4 9605 866 21743 6 
21 21 20402 18779 31 5505 7509 15190 7509 28 4 11284 5614 4 21111 4 12970 6103 21932 9333 18498 19522 7914 15041 4 6517 11695 5 5 5 21 21 21 
21 21 21 9193 21596 23206 14079 
22463 22385 13749 4 
22463 22385 13717 
7730 15425 6318 18344 15678 10699 17872 16083 12787 5 5 5 
9193 21596 23206 14079 
22463 17438 22463 17239 22385 16162 
9193 15425 6318 18344 13909 6103 29 1249 21 21 21 
21 23016 17872 14231 4 23016 20 21 
21 16404 22463 20709 15894 28 28 19363 31 15936 18449 4 28 28 28 20402 22463 11020 9970 7730 28 6103 28 23029 20060 4 28 17429 21596 21793 7277 6103 20402 4229 6103 11020 16717 5333 5 21 
21 7850 15270 12577 15678 14881 6103 9743 21 21 17380 21 21 7850 28 6 7148 6103 6394 6103 5614 7850 28 4 31 15948 21582 4248 15678 10982 7730 4 10430 31 21583 6103 21752 871 22685 16972 4 6146 18498 12780 1502 31 5766 7509 5700 5 7914 19484 4 15678 10982 21582 12025 15459 5700 12737 20670 21111 7850 14600 5 6097 31 15948 4 22385 17703 4766 15678 28 4 21582 21752 4 31 21793 5960 4 8956 1962 7509 5700 5 21355 15658 21596 21551 6103 4248 15678 28 16066 31 28 5 5 5 
21 20402 17999 18498 31 5505 7509 15190 20420 11861 17872 28 21371 17438 18736 7772 4 6075 31 22985 6103 9070 4766 20463 3749 17872 5980 5 9193 4766 21389 3170 22280 16162 29 18772 7850 16137 6103 9925 7509 26 7509 5505 4 15678 21144 4178 20149 22020 7914 7710 4 22327 16404 15678 3050 7509 9922 20 28 28 28 4 28 28 7730 28 26 662 5 21 
21 15678 19522 7509 16967 7509 28 8995 12732 4 7850 22821 29 7509 16971 5018 4766 31 569 6103 18498 15144 676 18498 16866 4766 15678 16375 10959 6103 1414 5 31 17444 6103 16971 18498 5018 4766 31 569 6103 18498 15144 18498 22564 19830 19603 14514 20402 1987 20402 6103 29 7730 15658 6103 29 4796 7480 1294 5 
16066 20402 4 5360 31 23104 15637 20709 6103 14512 20 21 
21 21 21 15425 15144 14514 20402 4229 6103 22632 21 21 6428 28 7509 28 7914 19484 31 22463 22839 
15637 18366 18498 20193 4 
18498 2254 22318 1987 7730 17958 20931 6202 4 
18498 22318 11810 6103 23174 4 6103 16429 4 13749 4 
18498 20149 6256 19363 17438 22823 9688 4 
15894 20149 5771 31 23231 9142 4796 20402 31 5891 4 
15658 14335 9743 9074 21282 1430 31 23014 7583 11284 17556 1249 2116 4 
21282 1603 31 15911 14018 5 
31 15253 7509 9943 6075 20751 1937 16083 20402 865 4 1116 4 
20244 17304 20149 13446 5 
9193 18498 14096 15678 13905 17304 6 
15678 6103 1027 4 
15678 6103 6256 31 13764 19761 
20244 20149 5133 5 
7850 22821 4 22463 5682 15658 5219 22318 1749 20385 4 
15144 5 
21 21 21 15678 11341 21596 4796 2614 
31 5521 4 15678 1114 7730 31 22821 21 21 
984 17960 17790 22765 21 
21 31 22861 15818 21596 16464 13923 8678 6 
16918 21052 
16066 5682 19913 20931 22942 0 
11688 20699 20402 10476 4 13299 5 
7730 1393 18498 17438 8956 11637 14684 
21898 7730 14018 17872 3629 6103 9484 0 
29 
6408 6103 5792 4 
2136 31 19652 8995 6753 5 
15701 31 18824 0 
12894 20 
20149 31 14162 6075 22463 16468 17872 10366 7730 22310 17872 22305 5 
20463 13923 20402 21646 4 
15678 15576 11742 
7730 8995 12741 20 
13055 14018 17872 13600 4672 17106 18498 14678 5 
15678 13905 15102 6103 7279 7509 28 31 10889 8137 
15588 22463 16476 7914 20402 28 
4796 20402 17438 20463 1247 5 
5150 15678 18498 20402 15678 13905 14055 6345 0 
8561 4951 7914 18475 15589 5 
31 15936 7509 12974 9338 4 
7730 26 368 0 
9193 15678 18498 7847 6202 20402 22463 21389 9688 5 
14335 6075 15538 5 
15658 22657 31 16689 22805 6103 15604 
1895 1243 16673 17563 5 
7730 15678 18684 20202 20402 31 776 6103 10366 6 
16580 4 13048 7730 13441 
20402 22058 
7730 15678 17304 1497 7148 7509 10765 20 
28 14334 21 
21 14335 16793 15678 10546 6103 23023 6103 28 4 13055 20402 21083 10546 7509 28 28 9193 18476 7847 155 31 2988 17872 9594 6103 17380 20357 23167 6103 23166 5 5 5 5 15083 13793 15658 9620 
27 21 
21 28 4432 4 9901 31 7157 6 21 
21 4854 4 753 4796 17304 20 21 
21 17872 4179 16971 15678 7277 6103 20402 9158 17792 20670 15678 7277 11578 5 5 5 
21 21 20149 5590 15678 11139 17689 20149 9901 15678 2504 21810 
3172 18411 
740 20149 8147 7914 8995 6103 4796 20277 
7730 22463 7509 20615 13909 23068 20402 31 9620 6103 16775 
222 22463 13611 
288 18498 20402 15678 20463 1229 6103 9042 
15658 5219 7172 
2540 6103 2507 
14388 21947 6103 14532 10474 
7730 1920 16866 8981 
18476 15658 19152 8329 15678 4770 6323 
21596 3450 22897 13909 15083 17872 16866 20852 22 22 
26 26 21 
21 21 21 15678 9707 6103 20402 22463 14758 4 14539 22463 14758 6103 22463 4 15658 20520 18498 23135 20402 13688 5 11284 22821 7730 11284 12724 4 7730 20149 23135 20149 614 1393 22821 4 14539 18498 15678 15190 12526 15678 5392 4 15658 8995 13688 5 21 21 29 28 28 21 
21 15538 7509 2513 5 5 5 6202 15678 5549 8464 4766 31 15041 7509 14464 3035 4 11680 16083 15041 7914 18055 4796 31 7509 10668 18498 15036 21040 17438 11199 13121 7730 654 9441 31 15041 7509 20463 8051 21752 31 16377 6103 5891 18498 21596 31 9971 6103 22904 22463 13301 18498 5771 14058 7730 31 21 21 6904 21 21 5 
15678 18498 8840 6103 22463 7987 18498 21596 15540 6103 10760 7730 8669 6103 23545 0 
20149 20402 9193 14780 15678 19757 7850 3850 7509 28 5 5 5 21 
30 7546 26 11943 26 20 
2524 3058 20402 2524 19671 20 
22 22 18525 20402 6103 22821 19900 18525 20402 6103 14487 5 5 5 22 22 
16440 19768 6103 2824 20244 7718 15658 13045 2112 15678 4402 28 28 28 28 9620 15678 28 
15678 18498 8840 6103 22463 9948 7509 7424 0 
3472 15678 194 0 0 0 0 
21 15678 18498 20402 18498 15678 17563 194 12780 288 20149 15678 21 21 13044 21 21 16647 15678 28 7730 15678 16169 6318 7730 1045 20244 7914 17608 18449 4 8793 4 9170 4 13055 18498 7847 20402 21211 6103 7043 14676 0 0 0 
11443 21 
21 15911 9380 18498 22727 9467 16641 7730 15678 6391 31 2251 4502 5 
654 439 15678 18498 31 21 21 11685 21 21 19474 6 
31 20539 4 15678 9467 4 560 4 8644 15678 3976 17872 15658 4894 31 11729 7509 16148 16641 7148 7509 4964 15678 18498 17304 6370 31 11729 7509 11685 
2372 15658 9467 15502 15299 7384 18498 23135 8995 9594 20402 22821 5 
23135 31 15911 18533 12584 7914 7617 21 
21 21 21 15678 8995 20402 15886 5 31 17377 4 6868 5 31 13048 20402 9604 5 15678 18498 19509 1393 4419 6103 2727 4 18498 4 740 17438 4434 4 20402 6521 0 
20149 6202 4 4524 20 
15678 5375 1393 2524 20402 15678 18498 9193 4229 6103 13299 6202 4708 6103 22463 20709 20244 8995 5371 22463 8995 6103 23014 20244 13494 5 
7730 1393 6211 7509 7277 11578 4 18498 20149 1479 7509 14174 7850 17525 4 13185 22463 3621 6 
21 21 9743 22463 9721 1393 28 5 482 22463 2524 20 21 21 21 21 
6256 9193 22805 1614 15678 21340 6026 16683 5 5 5 
28 6103 14692 17858 4 1825 5 29 6 5278 4 15988 4 12521 4 14096 16066 5961 15989 16350 4 14692 16432 4 11111 16066 8912 4766 31 9976 6103 17599 18475 7509 5767 17797 15459 6026 5 
12020 1393 5767 4 1825 5 29 6 12019 4 18262 4 31 18103 6103 5767 5 
28 6103 5767 16066 5775 4 1825 5 29 6 9743 4 18262 4 28 6103 9707 5775 16066 6103 2248 6103 5767 5 
3058 11644 5 654 4 18525 12780 13405 8956 10151 6103 28 17872 3962 0 21 
21 7914 8429 1393 10560 4 15678 26 9605 20670 13184 6103 20497 7730 15286 7914 16378 4 7730 7509 16847 6103 20402 28 7730 19698 6103 12897 5 26 16630 11802 6103 28 4 31 18525 15790 4 7730 28 9743 1446 1393 17377 6 7850 11518 6103 22137 21752 1393 982 4 16404 6103 4730 20532 15416 16404 15678 3790 4 7847 13405 12861 15138 31 21267 
17438 28 28 21 
27 
8995 22385 18527 18498 15678 1611 10883 13055 2046 16083 7987 
3618 7174 17872 22702 22463 17556 5 5 5 
15678 18498 7491 6103 22463 8057 18498 753 31 10457 22463 16587 4766 1694 18607 0 
17438 18498 6103 22463 11518 17872 16083 8995 21793 15190 4793 15678 17950 7509 28 28 0 
21 6408 6103 22463 13669 7127 6103 7143 16689 4 8995 1614 15458 15533 4 5459 22463 4766 1095 7509 13301 20 20 20 15678 26 20 20 20 22463 26 1095 20402 20244 22463 3058 4672 5 5 5 20 20 20 21 
20244 13909 5 5 5 
21 13278 9193 740 9387 31 19749 28 3166 4 15678 7883 28 7730 28 4 8406 16083 870 7509 7424 18498 20402 11476 1393 12755 6103 23231 7509 7424 5 21 
8995 22385 10943 18498 15908 9743 14336 7729 6103 2605 7730 14604 3192 9901 6219 5 5 5 
21 15678 20402 11570 4 17438 20149 5241 31 8905 7572 4 20149 20357 7850 17304 6103 20402 7589 6103 22327 4 7509 8905 4 7509 20751 4 7509 15364 5 15678 10475 7509 18016 17858 20402 15678 17819 31 4163 22463 16620 6103 21631 7730 7491 6 21 21 8956 16620 6103 4387 20402 14604 21 21 9193 18525 20402 15678 17057 18498 12716 12861 26 0 
6202 18498 15678 17230 20402 6103 21793 4 9193 20149 5241 18498 1612 18498 20149 8962 7914 22463 13727 21596 7277 31 18016 4 16673 18498 9193 19900 15678 28 20402 22463 8806 15894 23104 12201 18498 21596 20931 21631 7730 13441 21810 20244 7277 6103 12124 5 20244 5320 18498 21580 1400 8956 5896 2136 11462 6 15138 8632 8361 31 11454 7509 28 31 16440 7509 20463 21 21 6591 21 21 4 9193 4796 20149 17304 6592 22463 13727 18498 13055 9387 4 15894 13055 9387 22463 5896 4 22463 21942 0 
15678 4742 16721 7914 21810 22327 17872 9441 14265 18525 20149 15939 4 4796 20149 22463 22092 15678 6103 28 6103 18525 15643 9025 1614 21596 22665 5 7460 15678 16587 7914 22168 13227 7730 12348 31 9442 7509 11474 16673 11474 4 18498 9387 2136 11462 5 15678 15571 20149 18832 5371 15678 12326 7730 22773 4 9193 1614 15299 349 7730 31 7575 16916 4766 28 7509 8995 4 16066 14425 4 7509 3325 18498 1858 1393 17304 17382 1603 31 14930 20149 3697 6073 5 
2126 4 15658 20149 16721 7850 4417 4796 22463 13727 6103 11221 4 5485 4 13264 7730 21932 16404 21793 4 9193 16716 9344 7850 3749 5 6097 9193 22318 16836 6 7850 7947 18017 18498 51 22463 21636 16404 9743 8830 11780 22859 29 9634 18498 879 11219 4 18525 23135 288 18498 10648 0 31 19441 20402 13909 7509 18498 13299 20 21 
21 28 30 30 30 26 5 5 5 5 5 
21 7102 20402 15138 10544 1547 8956 17950 21743 6 8147 4 28 4 9170 4 23135 20559 26 22463 16836 16404 15678 5474 4 8840 7847 19474 4 662 31 17743 7730 9605 21 21 3058 7127 4 2136 1022 21 21 5 9971 21 
3702 31 18774 7730 22327 20402 17521 20 
21 14604 15190 12780 9901 26 
18476 20463 2700 20402 14604 5 5 5 21 
21 21 21 21252 4 29 6103 15612 4 9971 6103 21409 5 23206 22920 7509 17377 14684 4 19804 7730 2636 6103 14799 8810 4163 15678 20495 28 4 7850 8354 7509 30 4 7850 8908 20060 5 14799 6 18044 13653 7730 5297 1077 17438 22463 10765 17790 4 17297 7730 10496 18498 4 20872 6408 4 15658 15781 15678 20495 16404 5298 16066 20082 4 9193 16404 20149 18044 7509 23014 7509 22269 7509 17286 18498 201 6103 8120 31 10268 15678 2433 10495 18498 349 7850 17051 1393 13131 5 21 21 21 
21 12094 31 3726 18498 31 15267 21596 6103 40 4217 4 13359 15678 22406 7509 15599 7509 10179 4 7847 15658 7491 15299 5 15908 14539 15678 28 21438 14577 15678 16553 7914 21596 21319 10159 7914 23572 7850 23423 13359 7491 18498 20402 22327 17438 4060 7509 17856 6103 22463 21947 5 
1276 20402 22463 9604 4 9193 7850 22821 22463 468 15036 1603 22463 21 21 14234 21 21 19969 2050 4766 29 7730 4 1603 201 31 15197 4 155 10159 4766 22463 17172 7914 4434 6103 22463 11111 6103 12979 18498 8995 16098 10495 5 
20207 19210 6103 14995 4 11284 22463 22920 7509 17377 14684 7850 19143 11518 1276 7730 1603 15678 1987 4 31 22920 16468 13346 16673 13616 7730 20402 7957 5 
8147 31 15599 21282 1603 22463 16967 2288 7850 28 5 31 15267 20402 9688 7730 20149 1502 7850 13441 6103 11884 17872 8137 11112 6103 9484 5 15061 31 3790 6103 5775 7914 17950 17343 17458 19900 18498 20931 15247 8995 15138 2727 18044 5 21 
21 17596 21793 892 18498 4913 7850 14506 23016 4766 15678 2322 6 21 21 17304 5341 22130 6103 3986 6103 3519 21 21 5 5 5 
30 9193 22318 16836 6 
15678 18498 20402 18498 23016 8678 15637 7933 6103 3986 6103 3519 0 0 21 
21 288 18498 12780 8995 2727 4984 15458 1488 7914 18498 31 10672 30 15585 1393 11474 4 17458 31 9278 4766 18525 9193 21596 17877 6507 14802 5 5 5 21 
21 31 10889 4 9948 7509 7424 4 8995 18533 17999 31 11644 6103 18498 7102 21596 5876 4766 31 18519 5371 31 17377 18498 9743 16673 28 4 18498 20402 6461 31 21 21 2251 21 21 7730 2936 2936 2936 
21282 10959 6103 13325 18498 4 20149 1612 18498 20149 288 21 21 2251 21 21 4 636 4766 11696 16066 191 6103 17304 4 16784 31 2251 7730 21596 18498 20402 6391 14539 20 18533 14335 15708 31 230 22463 21394 7850 3790 4 22463 23315 4 22463 21752 6103 2478 6103 3109 17438 8995 7914 22463 14058 0 2136 16393 5 
909 4 13055 18498 20402 17872 12735 5767 7850 28 4 9901 2027 31 12020 1393 5767 7730 1393 23560 5371 4967 4 7277 11578 7730 31 6340 7850 18352 21 21 471 7509 19804 21 21 4 4807 4 17438 22898 4 16673 5570 21526 5 21 
21 17304 1575 18498 22385 9743 22463 15604 6026 16683 7730 21742 4796 5767 6 
5483 12004 16404 12963 22937 7914 19415 20699 7 
9951 31 10546 4576 7850 18259 7 
20402 22463 7509 12787 28 7 
22065 4630 7914 11303 58 4766 7251 18449 5 
9901 31 7157 16404 15678 15585 21 
21 15922 13055 4289 7850 9934 17872 1575 31 26 26 7730 6075 20855 18498 15658 21596 15502 5 12780 20402 15678 17819 31 8406 7850 28 7730 1575 8956 17983 6103 29 8735 16673 17807 6103 22463 5 
13055 5960 29 26 
3058 8252 8254 21 
21 6408 6103 22463 7127 6103 9370 10555 1603 1249 6103 20171 14335 20357 4796 20149 21596 20402 2046 17438 22463 23572 4 22463 14600 4 22463 22144 7509 28 4 22463 529 4 22463 10503 7730 22463 11175 7509 28 21 
21 18525 6202 16689 6103 15041 17872 2524 15658 19310 18498 14265 873 4 14539 18498 18525 14265 20402 15678 8995 4 20402 22463 5767 4 1920 4796 1502 22463 5767 20402 28 1393 5767 5 16066 20402 4 18525 1498 8956 21743 6103 16689 21371 20402 2524 7730 7850 9193 15936 7102 20402 15678 17819 31 12780 17872 3460 7912 5 4369 8956 28 21 
21 17872 18498 4913 19904 18191 17872 6075 2530 7914 3439 20149 17304 22564 15678 19918 16066 19904 18498 31 10765 22564 15562 4 560 4 21282 8995 7850 14506 17458 16468 7850 21662 6103 15658 9743 13923 1393 3439 5 
12477 28 18927 21 
21 20463 9942 20738 6103 7131 7730 17438 8256 23135 1487 22463 21103 6103 12499 5 15678 18498 23135 9743 6 
31 4229 31 1069 
2372 12960 7847 7850 19698 21 
21 6408 7509 17856 7509 14471 4 15678 13905 5611 7509 11454 9980 12780 16162 16673 19821 7730 8443 17304 7599 21988 17324 4 16673 14466 8329 7847 21596 17689 4 15658 11284 5614 7850 16587 15424 4913 6103 23176 6103 6428 15138 14466 13609 6103 8057 17872 21 21 12287 21 21 20463 23176 5 
31 6152 7509 21161 6760 4885 31 4993 6103 11921 18498 9387 4 991 6103 18069 4 6103 22463 22897 17438 21793 4 18498 31 13048 20149 9743 21389 16404 18525 21596 3058 512 18481 16404 15678 17297 5 
20149 11284 16689 6103 15041 17872 5611 4766 4181 12861 15658 349 4 991 6103 18498 20149 201 4766 21793 8956 18987 4 15678 13009 21623 2727 13909 19871 5 26 14335 753 24 13288 
7102 662 31 15267 4 18498 20402 15138 11798 7850 4615 7509 3962 7730 9743 18553 6103 15658 8924 4 1920 4796 15643 20149 8918 6103 8725 17382 4 4217 7730 14247 5 
7730 4 17836 4 16323 1393 9326 20304 28 7509 18366 28 28 5 20149 21793 13004 20402 4796 15678 20892 5 4 4766 4181 21793 31 23175 20420 22523 5 
23274 28 17593 26 26 21 
21 17927 29 22805 22938 12960 1393 19231 4 5150 4766 15678 13600 7850 4145 7509 4417 5 
4809 17438 5936 6 7623 20 18525 15658 9417 22463 6981 0 5 5 5 30 20 28 0 15658 13909 4 654 15678 15673 20149 19589 7850 21 21 26 26 28 21 21 5 
12960 7509 17927 18525 5947 10648 22463 1249 7730 21596 18498 9594 4796 12780 20402 7850 10530 27 21 
15658 20402 15658 0 
21 15678 28 28 4011 22463 18339 7730 14018 22463 7509 7863 7509 26 26 5 5 5 
20954 7850 14604 4982 21 
21 3213 17438 13325 4 28 7 
21 21 15678 14881 6103 15375 1391 15658 550 15678 4901 6103 16083 16971 4 20441 16066 20742 5 6615 6103 6 
26 18498 4703 16066 4854 12301 20670 23135 
18073 6103 20446 6103 28 16066 8057 18498 18718 31 18352 23051 
20742 13968 18498 18718 31 21474 18498 23135 7201 7914 22240 6103 26 11046 
22962 6103 630 20160 
16971 18498 8995 2116 6103 23135 21 21 21 
21 20402 5371 8956 2868 2254 17458 18533 21623 13640 9193 14955 9193 4 20207 31 15557 7509 97 4 740 21596 18498 9743 2868 23 21 
15616 14539 21282 15678 26 6103 10911 5 5 5 
8956 15679 8995 6103 21755 14907 6 31 17819 16468 18713 9193 654 20402 17872 6448 
21 4259 16404 15678 8847 6 
15678 18498 16958 13909 6 29 13080 6103 16689 16066 22463 13080 6103 16633 0 20149 23135 8561 21596 18498 17438 10273 6103 22463 10620 16066 6103 22463 5704 7850 20463 16822 4 6400 7509 19484 5 
15741 6 31 16957 20402 9790 20663 5055 15558 6103 17766 2072 31 15669 7509 14133 4 4766 22463 2462 6103 17630 21 
7730 6408 18498 15678 10015 15855 3183 17872 7847 5 5 5 7847 9743 18553 6103 17525 12861 21371 27 
21 23575 7157 17872 28 6 
20402 21282 9193 18498 21596 22463 16107 0 
15678 20149 9504 23051 31 21631 7730 9743 21662 4766 11578 16673 17956 7509 9504 0 6097 20420 14010 0 
7730 20149 10199 5371 23135 0 
1233 20 20 20 
21 21 21 26 26 7509 26 11678 26 20455 26 26 21776 26 21 21 21 
21 31 21898 20402 22463 3339 21362 18498 5219 21752 7509 12372 22463 5125 20670 866 18498 7847 15658 9743 4 22385 4796 20402 3735 6103 9743 4766 18498 15678 5891 18498 5219 19440 4 19969 4796 20149 12372 20402 5 21 
21 28 6075 4 28 21752 27 21 
21 21 21 22463 20007 17872 21793 14334 18498 23016 7509 20739 5 
19685 7730 9368 31 17939 16849 20 21 21 21 
21 18476 7491 18498 15678 20675 7509 28 
20402 26 26 
20402 17458 19900 15138 2727 
15678 18498 8995 7491 5 
17458 15678 3790 19363 15678 29 7863 6 
14334 4 26 4 26 4 26 5 6719 18498 20402 17226 6103 10484 7509 15576 20799 5 
11066 1393 28 
31 16057 4 31 905 4 15907 20402 11644 7850 5371 15256 7509 12551 5 
17458 20402 31 19652 20 
2031 5 5 5 18684 4 20799 2367 5 
16323 12787 20 
7730 740 288 18498 31 19039 20402 31 20794 5 
21596 29 4 
17689 15671 7558 8443 20 21 
21 23 15299 20149 4843 31 9980 12780 17872 3590 4 6246 4 8165 31 3393 7850 22115 4 9769 15678 15860 7730 11731 6 1022 9193 21776 9847 5 5 5 
3058 15533 20 21 
21 14604 28 15658 20402 15678 14539 4766 23135 
9193 4796 9743 17872 14335 14096 0 
15941 10264 5 5 5 
18533 18498 20402 15138 5 
733 18470 20402 4 15658 7182 5 
20357 18498 7850 9193 22942 23135 20402 31 23577 20 21 
15936 18449 0 25 20 
21 14335 13325 4796 20149 20402 15908 
7509 2700 18498 23135 14335 6075 5 5 5 
15658 20402 21282 22463 2700 18498 349 5 
7730 20539 15678 10159 7509 16179 18498 254 7914 9193 20 
21776 4897 20670 1114 13909 18498 15678 15658 26 
9193 17658 31 4846 4766 15678 26 
9594 15510 31 9193 19225 4809 18476 9743 26 
6103 13761 17872 5980 21282 14335 1409 14539 16673 26 
18498 7174 7509 9244 4 8956 15658 21681 9971 20 
9193 17658 1920 6 
9193 21282 17438 23135 
7730 23135 21282 17438 9193 20 7 21 
21 21776 3697 6103 22805 7850 15589 
18498 14058 21596 4060 
5152 4 22307 22337 
9193 16836 20402 6 
17438 18498 7847 20149 12345 0 21 
21 22839 18498 21282 9743 16958 7850 21631 4 21752 15678 30 30 20149 14335 8561 20 21 
21 28 28 20357 20931 9620 4 7730 20357 9620 7509 20931 9620 21 
22463 22148 11665 31 4842 2369 2593 873 20559 17438 9743 17017 4766 3059 21644 9170 31 9971 6103 9233 22463 2027 5 5 5 5 4796 20149 15678 21644 20402 9901 9743 17017 7850 11518 7509 7940 5 5 5 27 
7730 21596 10765 18498 12780 7850 11644 7509 28 5 5 5 
18516 31 13788 9594 18498 31 18069 7509 15679 12780 26 13909 10544 18498 15678 28 5 5 5 25 18498 18069 3412 288 18498 8995 13909 7188 20402 512 7509 18498 13004 20 9193 31 20855 12960 7509 14604 13131 654 9193 21842 20402 18498 18195 9692 20402 13909 10544 18498 31 20207 9692 7509 10535 27 
27 5 5 5 5 
21 15643 20402 5 5 5 
21 26 10889 4 9193 19900 15894 15678 28 16468 7730 17872 15894 8995 12780 4 9193 7730 15678 28 0 21 
28 30 30 
8995 22385 10405 18498 15678 28 10223 21438 7850 3962 6318 6103 3058 2136 18498 21787 31 30 7730 20402 22463 4430 5 5 5 
21 21 21 15678 28 20149 17501 5371 31 13282 7509 7645 7850 28 7509 21063 4 7914 20202 4110 31 14797 21810 22463 21444 6103 22996 5 21 21 11429 21 
14054 7509 28 6 16673 7277 6103 20402 22280 
21 23 23135 4 20402 13761 18525 20402 4 17872 20258 9193 15658 23016 
8443 4 20244 21641 
12353 12745 4 28 12032 
16909 9193 13055 15344 4 6361 21 
21 9901 1755 4766 31 16440 7509 28 4 740 13909 7509 10211 18498 349 4 22463 5684 5 7847 20293 8995 23104 17438 20931 3718 18498 5360 20293 7914 15576 5528 20 21 

