21 11462 4785 31 15613 7509 23032 28 6103 28 5 16630 15678 18498 20402 4 20402 15138 14669 5 18476 18876 9010 14469 19662 22463 2294 28 7730 9743 20463 16630 8810 5 2294 28 4290 6103 11066 4 15678 20304 20402 5488 5 2745 20402 22318 8406 31 15144 7730 2745 20402 15678 10433 7509 23172 22801 4 15344 28 5 20060 28 15253 6103 28 4 19754 17438 15671 16603 654 7730 7850 11518 7509 9193 15041 1150 20 20463 16630 5 
17438 9721 15658 18506 31 15613 7 5508 7730 4687 7850 11518 5 1150 21 
21 16323 28 4 22327 6103 14149 20293 4 2702 21 
21 28 7850 6170 7509 19856 4 9901 13512 4 8995 15138 9808 7730 662 17438 8956 15941 6103 9743 16440 6103 22327 12861 21 
21 28 9978 4 654 12780 16404 31 28 9743 16440 7509 6170 6103 5581 28 7914 30 4 21 
7957 21468 
21 3058 7127 20 20 18533 662 31 21793 31 14469 18498 18876 16673 14604 1247 4 20402 11043 31 28 7730 9193 20304 28 17438 21596 16468 9010 7127 15138 9808 4 2702 7850 5528 6103 3450 22463 21 
16816 20 20 20 20 20 20 20 20 20 20 20 
873 19900 14335 7491 17458 31 7987 6103 21525 15658 8995 15061 20539 28 0 
21 3885 30 4 2947 7509 28 4 8995 201 4 9193 5 5 5 21 
21 30 4 2947 7509 22556 4 15138 3058 21 
2947 28 26 
1150 
20402 22463 11020 1249 20 15708 17438 9743 16440 6318 5 
21 28 28 4 14335 13480 17438 9721 4 21493 8995 11980 4 15708 21 
21 7127 6103 5145 4766 1097 4 15138 22996 7730 2387 4 23 21 
21 9193 4 16816 20 20 20 20 20 21 
21 17240 6103 792 4 15138 10962 15678 13727 21 
21549 30 30 
21549 3281 13512 20 
21 14797 7914 12551 31 28 28 4 28 28 7730 28 28 21 
21 1393 17822 4 1097 7730 21793 31 16971 18498 22463 10211 16066 16083 19900 7509 17877 18498 9193 12787 8995 8241 4 9193 18498 4766 15965 7730 16719 17508 8995 13026 6281 7730 18498 6670 13055 662 4 201 6103 19900 6103 20931 14426 7730 8995 9808 4 8995 5212 7730 9594 2727 4 13055 21596 15623 6103 15894 8995 7730 8995 13909 3558 4 4524 18498 4 19410 740 871 5876 7730 2284 7730 12861 15678 15258 13055 8995 18081 4 9193 16630 18498 5360 4766 20931 15965 7730 16719 17508 4 12780 22053 1393 7847 15678 26 7847 20402 11861 17872 15671 4 9193 7730 21793 20931 9634 4 22318 1027 19415 21 
7850 13483 
21 15834 10765 4 18533 662 31 21793 18498 8458 14469 16673 14604 1247 4 19900 18498 9901 15138 9808 4 22463 10259 134 31 21793 5 21 
21 22540 20 20 1022 20402 15678 7127 6103 28 16468 7850 10366 5 5 5 16404 18525 368 7850 17304 7509 15965 20 20 18476 18876 9010 14469 19662 22463 2294 28 7730 9743 20463 16630 8810 5 2294 28 4290 6103 11066 4 15678 20304 20402 5488 5 2745 20402 22318 8406 31 15144 7730 2745 20402 15678 10433 7509 23172 22801 4 15344 28 5 20060 28 15253 6103 28 4 19754 17438 15671 16603 4 654 7730 7850 11518 6103 9193 15041 4 1150 20 9743 20463 16630 8810 17438 9721 15658 18506 9010 15613 4 5508 7730 4687 7850 11518 5 15658 20402 16404 4854 4 20402 16404 5508 7730 4687 7850 20463 15198 20 7730 1022 4 9193 5739 4 7847 13055 16468 7850 10366 7509 14604 17877 7730 13055 6075 22327 4179 20 20 20 20 1150 20 20 20 21 
21 1247 12787 4 15138 3058 21 

