26 26 15803 26 26 26 21776 5 5 5 5 
26 21776 26 26 11617 26 26 26 26 26 31 16251 
26 26 31 17425 26 16251 20402 28 26 26 28 
21 26 28 26 20 20024 4 26 26 4 26 4 16251 4 26 28 26 28 21 
21 12863 26 26 26 23247 20 20 20 20 26 26 1631 26 4 26 26 14616 26 11617 1631 26 21 
26 4496 
26 26 26 20 
21 11617 30 22 21298 26 12863 26 30 4 11617 26 21 
21 26 20402 26 26 26 30 4 26 20402 26 26 26 26 26 26 6 26 22 18740 26 21 
26 26 1631 26 
26 22 20539 10628 26 20 26 10907 30 
28 28 9193 15658 9901 21189 
9193 19900 18498 31 10765 20402 6103 951 16155 6670 20293 15658 20402 0 7 28 26 
26 31 26 21726 26 26 26 26 20 26 20402 26 26 26 26 26 26 20 6 6103 26 26 22 26 8 29 
21 7730 4289 31 11518 13909 7188 1276 6103 22463 11020 15941 4 31 11518 6103 12780 21282 5 12780 20357 20126 6103 23135 4 14539 5 1027 15138 3450 22463 6103 23135 9193 22805 6073 22463 13669 1249 21 
21 7730 7850 9971 6981 7127 18498 23135 4886 29 1249 6103 15138 18093 4 18912 7730 15138 1103 4 9901 8956 10273 10138 18498 31 10765 21752 17438 2371 4 17872 15658 6256 8956 6086 16468 7914 3166 1920 7 22318 1027 4 12787 21 
8956 22886 5 5 5 
28 6 28 8956 4417 
21 17458 21793 1114 20402 20293 1114 4 7730 14514 20402 4110 8 29 21 
21 13909 22463 6086 8810 13030 10700 20 15576 29 7127 7509 15311 13030 4 7730 22327 15678 18498 9193 18533 20402 9901 16936 6103 23135 740 13909 20 18498 23016 15138 28 7509 15311 1393 20463 13131 1114 4 22318 1027 20 21 
20670 15908 5 5 5 
21 15834 4 14335 4229 30 7730 1027 6256 14604 15311 8840 8329 9743 22463 5942 6103 14125 1027 14604 15311 21 
12674 31 13909 15604 4023 7509 19768 7509 18586 9652 6 26 6448 14534 26 4766 31 1095 
26 26 27 
21 19900 20 6663 28 4 8956 654 20402 14604 7 21 
1114 5592 
21 12780 21596 10273 20539 20 15658 9312 1612 16083 9193 4 9193 11139 16404 6329 15759 8235 4 16323 17872 23135 28 20 18498 9010 6086 23016 4766 15138 21021 4 13669 1249 6103 22942 7730 15138 18780 20 15708 17438 20402 14604 16098 1095 7730 14425 1095 3058 15533 7730 3058 20826 20 21 
21 8329 12861 4 7914 20402 28 5 5 5 5 21 
19768 22 4766 31 1095 18250 5 29 
27 
21 6103 3058 7850 20495 4766 21 21 15678 21 21 3790 21 
19768 22 4766 31 1095 16440 29 
9980 20 
1570 7850 12571 20 24 20 20 20 20 6 
26 8 29 
21 19768 22 4766 31 1095 4 20931 13512 8 29 26 15061 15678 16655 21 
21 5631 12296 23135 13055 16098 9594 20670 26 26 0 8956 4982 740 20402 15604 4 9193 21596 20149 17433 3450 22897 13909 5 22463 9365 6981 21480 20402 15678 28 26 5 9901 5935 20670 15678 1961 0 8443 13359 9010 14307 7509 5631 12296 6 11560 6 23273 5 26 5 22575 5 3148 28 12971 0 16404 29 5 7847 12674 15678 18498 20402 8956 15604 21480 4 15061 9367 7730 4796 7847 11792 7278 7850 7128 6103 21793 15671 5 
3058 13311 20 21 
22942 14823 21282 18498 15658 
28 28 28 28 28 20244 16192 
27 
16323 1114 20 18498 8956 29 1249 23016 4290 6103 5204 7730 15138 21021 20 15708 17438 14335 6256 20402 16440 7509 20931 11454 6 22318 1027 20 8 29 
21 12834 15138 20 9743 22327 7174 4 22327 1393 5431 4 7090 5 5 5 7730 20402 1920 18498 31 10765 13405 6 9808 7127 7509 12787 12787 8 29 21 
20238 7 
21 15855 21282 28 4 4289 20 9193 12787 18105 23029 4 8235 4 468 5 11284 16135 7509 20931 18533 12787 13909 22765 17872 713 8956 9692 5 5 5 15424 9193 14335 718 4 11731 713 13909 22463 0 20 9193 654 4 4766 29 1249 4 13055 20402 11669 4 17629 4809 31 16721 7850 18498 12780 9743 7509 22942 4 7730 13330 6103 9193 4 6146 22327 7914 4434 7509 11518 6 6103 5360 20402 8956 12787 4273 4 9593 4 18498 14335 12834 4 9193 18498 827 14604 7127 4 14604 18487 7730 18475 23222 20244 11066 7509 26 26 7 20402 4796 23135 20293 7491 6 21 21 26 26 3962 4 26 26 26 21 21 7 9808 1247 4 9193 12787 6 21 
13055 9743 22463 1249 5 5 5 20126 
7850 3232 8 29 
21282 15678 10259 20 
21 7914 3450 20853 4 14667 15083 17872 22318 18533 13909 4 17872 15658 22318 6256 12894 20 26 26 21 
10405 20 7730 10731 20 
21 23151 17872 9193 28 18533 20 6 22 
20126 26 21 
27 
26 5 23273 5 26 5 4766 12780 28 
21 15678 5 15678 22307 7914 20879 15299 4 15658 18910 13909 20 27 21 
654 9193 9901 9808 6 
26 20 20 20 
21 28 20 9808 1247 1095 7509 14604 8 29 22318 6679 22327 6103 14425 4 18498 23135 5360 20402 8956 1095 16182 18498 9193 472 6 18498 23135 21596 15138 7730 15138 1249 6103 22942 4 15138 21932 7850 26 7730 15138 20239 7 9801 28 20 2702 21 
21 27 
4676 20 
1614 8995 15678 14604 9956 7509 28 5 8147 15678 20463 7914 11561 6 28 5 4766 26 28 11617 29 
21021 28 
26 28 20 17438 18498 22385 13667 0 0 28 
3633 26 6 28 
15533 6103 3029 4766 30 6 
8406 7850 26 26 7509 26 6070 7730 6592 18498 9901 7914 29 13727 8406 29 12959 20402 2136 18498 13278 5 5 5 
23575 7509 1249 6 22318 1027 15253 
2371 28 5 5 5 
20559 6329 
21 10753 20 20 
1612 14924 7914 18498 23135 16765 18498 1612 19856 15658 15138 15102 9193 1773 7509 20931 3962 8995 6981 12939 5 5 5 15678 5 15678 
11731 20 9130 7850 28 29 
26 31 26 
21 28 28 4 4796 21793 5174 7 21 
21 9808 7127 7509 12787 4 20931 4273 8 29 21 
2371 20539 7 
17737 6103 15253 
21 26 4 20931 13512 21 
21 20293 4 20293 14758 8 29 21 
17602 7509 7127 6 11246 6103 20626 5 21021 20 20 20 
21 25 4 26 21776 26 21 
11554 26 26 6 
7850 26 20402 26 
28 4766 2403 7730 15003 5 20402 15678 18498 21596 17872 11462 5 16440 20 20 28 26 
21 26 4 8956 26 15424 19900 14335 11771 5 5 5 21 
21021 20 20 20 
21 17989 20 4796 20149 13055 15658 2626 10273 4 654 23222 7509 18055 7850 28 5 5 5 21 
18533 22805 654 5 5 5 5 
21 16192 4 15678 18498 7491 0 19900 18498 17304 9594 22327 4 2136 15678 18498 15658 20402 7491 4 15658 11284 15299 18498 7847 15658 5219 20149 1487 5 9193 18476 22463 20352 12780 991 4 15658 9387 16192 18498 20149 1487 5 7730 20402 1920 18498 9193 14335 20357 4 21793 15678 28 4 18476 7491 18498 22318 1027 5 9193 15658 20402 21282 1027 4 20402 2727 13909 18498 12861 4 20402 15671 5 22318 1027 2727 13909 7509 18498 17511 9431 4 7509 18498 18475 4672 16066 18475 22463 12894 21582 8386 7730 9431 22327 15678 18498 20402 5 9808 7127 7509 15311 4 14604 16251 21 
27 
26 26 
31 13909 13278 7509 29 18498 23135 21752 7 
14604 3850 9726 7 
21 28 28 4 28 26 4 28 28 4 28 28 12701 31 22575 5 5 5 5 16323 17872 15671 10606 6 17960 22575 29 21 
16468 7850 22575 20 20 20 15708 28 20 
23016 18498 20402 9193 20 20 20 20 22436 29 20 
16468 7914 29 13727 7850 28 20 20 20 7957 
7957 20 20 20 20 20 20 17960 11749 29 
12780 18498 12780 3510 20 20 20 
20126 6103 15671 20931 10138 8 29 
28 28 1276 7730 6408 
18498 20402 12861 0 0 0 0 3564 7509 12261 7730 654 8995 4356 2136 11031 1614 20 
18498 15995 6103 11111 20 20 20 20 20 20 
28 7730 28 28 6 
21 28 28 7730 28 28 23135 9901 18910 18498 31 18069 7509 28 6103 23135 20402 31 29 7509 14049 4 15855 7277 15678 7789 4 17458 31 18069 6103 23135 20402 21282 31 29 6 29 5 21 
28 28 8956 20402 31 15286 18498 9193 8995 22318 9594 6 
21 10765 20 20 20 5947 31 10273 17872 9193 4 17438 9721 0 0 0 15708 7730 2700 21 
26 29 23135 

