17872 9193 14539 5 5 5 
21 27 15855 8956 14453 12787 5 5 
4676 7509 3439 4 7847 15658 20402 9942 7509 18339 20 27 21 
21 19522 7509 3111 3872 7509 9971 6103 20247 27 5 5 7730 15658 4289 15424 16936 6103 20402 31 13909 17031 7509 22356 
2371 4796 5698 21 
21 20402 6103 3962 6670 18584 7730 11462 20402 18876 4766 22463 12901 21741 28 20 
28 20664 4 22749 20 27 5 5 
15253 21 
15678 29 20192 7509 16440 20 
21 8956 20853 8092 
22463 15739 16468 16673 9422 6103 22463 16440 7569 4 20730 10544 4 9193 15424 20293 20402 4 31 4622 7730 9408 20402 11758 4 15658 14924 11861 6103 8414 4 21596 15678 18630 18498 15658 16404 6103 21932 5 
20402 13892 17304 22805 31 10273 7730 16098 20463 19210 6103 16440 4 16098 20670 3450 9692 4 15678 7055 7509 18498 20357 4 8386 15678 21 21 9193 19900 18476 8995 4766 7216 21911 20 21 21 7730 21596 31 13441 6103 21752 31 22 7728 2977 22 6103 22463 17934 18498 15643 16468 16673 9422 4 20402 22327 12094 19703 5 5 
16323 16673 18494 29 15266 6103 28 4 16323 16673 18494 29 15266 4796 16169 4 16323 16673 18494 29 15266 6103 21596 16468 17438 9010 9422 7464 20 
11036 17438 21596 14335 18876 7730 4854 21389 4815 15458 9193 19871 16464 20 
1027 23135 20 21 
21 20828 7509 28 7730 11518 6103 918 20 27 
21438 4766 20126 30 4274 27 21 
21 29 23051 17872 28 7730 28 5 
28 4 15678 20693 7509 20853 8092 20 21 
21 7562 22126 17872 5216 5 5 5 
10083 6103 29 29 29 
6103 21793 15678 9146 7509 6784 4766 31 15364 12256 15678 13909 7188 20402 31 11650 7509 17605 15400 5 9193 4 8995 22822 4929 4 23135 5219 5 7730 18476 23135 22805 15678 6674 7730 15678 11792 18498 8956 5055 4060 7850 20931 22942 7730 7850 22942 7509 16971 31 20931 23151 4 23135 4785 31 18533 13202 8956 16155 5 15458 14924 23135 17304 8474 15678 18498 8995 22318 17689 7730 8147 15678 15676 7509 1443 5 7730 8956 20402 15678 12760 7509 6509 5 21 
21 9387 14924 7509 22942 7914 18498 20402 6472 31 16784 3965 4 31 4915 31 11868 6103 3610 4 6256 16175 16404 22305 5 740 18498 12861 7545 4 22463 22897 18498 15576 7826 20149 9122 31 16440 6103 1444 7730 11650 4 20402 31 4920 14373 6103 18498 22327 16468 18498 16878 20202 3610 7730 4 8235 4 157 1393 15604 18498 2714 20149 12674 7914 20931 22942 4 17556 31 17556 4 16468 31 16468 4 2136 18498 23135 1421 4766 31 910 21916 19295 5 
12621 7509 1648 6103 26 4 21 21 15678 4106 21 21 4 17438 28 21 
20311 5 5 5 5 
7188 6628 5 5 5 
12780 22020 20 8 29 
27 15036 6103 19698 20 
21 9010 20247 
29 21 
21 21 21 8302 21 21 4796 20357 7730 16765 15678 14539 5 5 5 9193 5108 6 8 29 21 
21 14372 5 5 5 12442 4 9428 5 5 5 
8414 4 238 4 5108 7730 662 20 
7826 23135 15658 12780 7573 20 19703 5 5 5 6 16404 21 
21 21596 4796 15658 19698 0 0 0 0 20 
27 
18197 6 6075 4796 4796 20293 21 
21 11462 14335 4183 18498 8995 22564 30 4709 14474 11284 29 1249 5 2371 6146 9743 22463 5341 5 5 5 18197 6 15658 8995 10648 15299 17438 9010 26 
14475 7914 15260 29 4 6075 4 15678 29 17819 20402 6103 10109 15138 12545 4 22240 31 3450 29 9193 22564 15596 7730 9193 28 20201 22240 31 3450 29 15678 4951 5 
8995 22564 15678 14465 22665 6103 136 15596 7730 4951 23135 54 4 16137 23135 29 4 18498 8147 5 5 5 
29 29 29 5 5 5 29 29 29 31 3450 29 29 15596 9193 29 17819 28 
29 29 29 5 5 5 29 29 29 4951 9193 28 20201 
21915 29 168 17438 4403 7914 15260 5 
26 12780 13761 5 5 5 29 4 29 22665 22507 29 4 29 29 4 29 29 4 29 18610 29 4 29 15266 5 7914 29 4403 20420 15678 8529 1393 18610 29 4 29 
15678 30 4913 29 17438 18610 29 4 29 7850 23523 5 
4766 29 1249 6103 22564 7770 18610 29 4 29 5 
7766 17872 3047 4 17872 14336 1062 5 
15138 14466 9103 17872 9193 3393 20 7599 7730 352 7914 16580 4 17511 22564 18475 19830 4 20336 4 13398 4 5590 4 6070 4 9743 22327 4796 20149 15658 8995 21 21 15324 28 21 21 5 5 5 
15643 13909 21596 6103 22564 1612 9632 10343 8406 31 1095 6 21 21 22805 20149 8995 22327 2727 1614 2116 0 20 21 21 
20402 15678 5139 4 31 22898 2136 14335 8918 7509 14476 20 19703 5 5 11462 6103 14049 14539 14335 8918 29 7127 7509 4403 4 352 7730 19969 16404 21932 4796 18475 16083 7127 7730 1393 14335 13325 20402 1393 2532 7730 9164 7730 13253 15678 5511 7850 17022 4 20558 1920 5 5 5 19703 
2371 18481 1114 17438 9010 23135 8 29 16404 11617 15658 11211 15678 
5511 30 4709 14474 13441 5139 14476 21 
22463 3058 17950 17872 5759 20 20 20 20 6 6103 
21 11284 17525 11284 22463 15266 7730 14018 6103 15604 20 
1114 18498 11219 14604 20402 4 14335 13446 7509 14378 4 7509 5528 6103 16633 5 5 5 18498 1920 20402 4 20293 20 21 
17438 13909 21409 1920 20 
21 10083 6103 15908 5 5 5 
15678 18498 20402 4179 16066 8561 0 8995 8561 20520 18498 23135 17629 9743 22463 8637 16404 20149 18322 5 23135 9743 22463 8637 19854 17458 15658 5219 9743 7174 4 17458 740 11284 16440 7914 23135 21972 7914 15404 4 16440 7914 23135 18498 740 15658 20402 4915 4 238 4 5929 5 20402 4796 22463 23543 4 23135 20402 2082 16404 7070 20644 5 17495 20402 21371 22463 11020 15941 4 22463 4245 6103 5929 7730 13448 5 21 
21 26 11284 29 7730 17229 31 22043 16404 7850 26 20 20 20 
26 26 28 21 
15253 7464 20 15253 21631 20 
21 10083 7509 7127 10083 28 7127 26 15803 26 26 29 29 29 
20402 17629 21596 5521 16404 8100 31 20500 14539 5 21282 18525 5219 9901 2727 5219 14539 17304 9901 2727 4766 15678 16083 5 20149 9387 14378 7509 19605 20402 17458 9387 866 18498 23135 15658 238 7914 20500 14539 5 7730 20149 15658 17304 20149 19604 4 23135 21371 15658 17304 18876 31 19605 7509 16083 5 
28 26 2385 21 
21 22805 22463 16083 21684 7491 18498 8329 8995 23106 740 11284 21551 17872 21582 19703 5 5 21582 7730 1540 4 22463 11518 31 10765 264 20 
6256 15678 22520 636 4 6256 22327 10100 5 5 5 
3058 7127 20 6 6103 21 
13819 9193 7055 5 5 12780 9193 13446 7384 14069 
12780 6070 19703 5 5 5 26 26 26 26 15803 26 6103 28 28 26 
21 15036 6103 4346 18476 22318 16098 9594 20 
17629 6990 14469 20 8 29 
2 21 
21 22327 20402 14668 20 2 
21 21 18476 9605 20670 15678 6933 7509 5528 9193 19081 1393 15127 28 7509 5528 7 15678 6011 7730 15678 5528 20402 7850 22821 13480 10019 5 
31 9976 7509 5528 20402 21810 6152 5 
15678 6011 17304 17889 6075 4 9193 15678 5528 21596 18498 6146 5 
654 4 7102 31 23135 8995 22385 10260 5050 4 15678 5528 21596 13346 15201 7 31 3393 8995 21810 31 6152 5 
18476 9605 20670 15678 6933 7509 5528 20402 4796 20149 15678 5528 11284 8406 7850 3393 5 
31 6152 23016 7509 5528 31 16440 6103 18476 23135 4785 31 23104 5 
20149 31 3393 20402 31 23577 6146 4 23135 8995 9387 5 
23135 7102 23104 31 16440 7509 5528 5 
12861 21282 349 20149 15678 6011 15128 17819 5 
18476 15678 6011 15128 4 13346 15678 5528 15128 5 7730 7914 871 14924 23135 12780 16765 18498 866 349 4766 23135 5 
7850 19205 4766 20931 8897 16066 9942 4 16066 15422 16066 17939 4 23135 12780 20149 22805 4 23016 7509 5528 5 
22463 22897 18498 23135 4785 31 23016 7509 5528 23135 20149 6396 4766 22463 8322 21021 7 31 9604 6507 5 
23135 20402 2727 21017 18494 15678 21551 21793 7730 23135 8995 7850 835 18476 23135 16765 15678 9707 6103 18498 23135 8995 23104 5 
23135 6592 18498 15678 15190 12526 20402 22463 14668 7 3450 4672 20402 22463 14668 7 3450 7127 20402 22463 14668 7 9010 20420 31 14031 18498 23135 8995 23104 7 15459 14924 23135 8995 1453 9387 5 21 21 
28 28 21 
17872 7576 20 
21 11617 26 31 26 
11617 26 28 4796 26 
26 26 22 18740 26 26 14335 
26 11617 22 13800 26 26 26 
11617 26 26 26 26 4 26 4 26 26 26 26 
28 26 14335 
26 21776 21 21 13253 21 21 8 29 21 
21 5444 472 31 15286 7730 15678 26 19703 
26 26 26 11943 26 26 6103 28 21 
10648 22463 6717 
21 23538 20 20 20 20149 21596 15941 4 12780 22805 9010 15144 16200 20 
28 28 20402 9652 8 29 21 
21 21 21 10606 4 11462 20402 15678 23575 7127 16404 23174 7850 23226 1393 10058 7730 2590 18498 5022 7850 29 9872 6103 17316 7509 4417 6103 20402 28 20 16404 23174 20402 20558 6 2631 5947 7730 4854 15678 13543 11560 6 23273 5 5593 17571 5 4766 5 3148 29 1393 10058 7850 20931 13539 7509 21551 16066 7850 6103 22463 1095 20 22463 23104 31 17316 20 10252 15678 1845 12125 20 20402 21793 7509 11160 
10273 6103 28 20086 
11036 9634 20 21 21 21 
21 21 21 21596 7491 18498 15678 17835 22788 7509 20402 11570 20402 31 15404 5 7847 20402 22463 14339 6103 6202 15138 4891 18498 22564 21793 15678 19329 7509 14487 16404 8137 16440 7509 9193 16920 18498 15658 238 7730 18533 8644 5 12861 20402 15678 18498 9193 14096 9193 6019 7509 11683 3213 4 7363 4 4872 4 388 7730 6202 5 20402 12861 18498 9193 14096 7850 11154 5 
28 26 2385 8 29 21 
21 21 21 18476 23135 20149 4163 6103 16971 17504 4 18498 8995 9743 871 7178 7850 15190 4 23135 16468 368 18498 22327 20402 17521 20 21 21 8 29 
17505 10547 7850 11571 1114 11036 21 
6 5 5 15658 14604 20 
7 8 29 
20670 15908 20 8 29 
10702 27 8 29 
8 29 
21 16083 23570 15599 20 22200 6103 16440 15558 6 6103 
23 20247 3058 20 21 
8 29 
20149 9369 27 8 29 
21 21743 9193 5459 4766 31 16971 7850 9971 7509 15533 4 16066 7914 21551 16468 18476 12960 5 5 5 5 27 21 
23 20247 3058 8956 20 19703 5 5 5 8 29 
21 7 8 29 
26 26 4 26 26 
15833 26 26 26 26 26 26 
26 26 26 1631 11943 26 
20402 26 1631 14703 1983 26 21 
21 20539 16066 15658 0 20539 20 15658 0 15658 19900 20 
27 21 
8 29 
21 1027 20402 6256 15678 16083 13591 4 12027 16404 15658 9193 1027 5 
28 26 2385 21 
27 
20402 29 7730 12780 29 22898 20 6 6103 
288 7850 4122 19703 5 5 13520 7730 1027 20 8 29 
22025 7 
21 8748 7850 3790 7509 20709 20 20 20 
13520 20 21 
21 13501 15678 18487 21596 6981 5 5 5 
21706 6103 14506 19426 13324 20 
28 28 26 29 28 28 21 
873 2371 8995 559 6103 10648 9193 4711 26 3143 0 19703 
21 9743 13502 7850 22942 20 
1487 15678 6509 19703 
9833 20247 7509 18366 23350 21 
29 7509 5942 13909 1114 7509 15190 20 8 29 
21 4809 31 3224 27 
9833 20247 7509 18366 21 
29 6 29 
6679 22463 7127 13512 17872 21793 15671 20 
5 5 5 5 
6 
740 12780 20 19703 8 29 
27 
21 23 4 19969 7850 26 7509 28 28 20 27 20215 8956 20 
20402 9652 20 9901 31 7157 21 
21 15604 1097 20 20 20 
8147 15637 9789 7914 28 20 
15658 4913 15658 4913 482 482 21 
21 27 9193 15658 5219 16367 6103 19698 20 
23 14004 
17458 15671 20402 7509 23475 21 
21 15138 16439 4 11036 7730 1114 20 
22463 7127 17872 1540 22463 17556 13909 20670 31 17239 7730 20463 22573 4 7509 14364 1393 19961 4 340 6103 22463 13892 918 5841 20 19703 
21 
21 13512 28 20 
31 28 7509 15860 2352 20 19703 
28 15677 29 21 
21 28 13512 20 
15678 20693 21 21 4331 3166 21 21 
20693 15677 29 21 
7850 28 11462 31 29 20 6 6103 
6 
1370 4766 31 6324 19703 
21 3794 5 5 20402 23570 20 
15138 13909 13797 20 15138 13909 1114 20 6 6103 
21 15364 9818 7850 20931 8959 20 8 29 
28 6103 14542 1755 20 21 
15102 12780 13026 6 6103 
15144 18498 16404 8406 656 6103 29 7730 656 6103 29 753 15658 21446 0 0 0 
21 17458 18476 9620 1679 31 16971 16440 17872 684 22813 4 28 6 21 21 18339 7509 13729 20 21 21 5 5 21 21 22765 9942 7509 18339 21 21 
3472 31 4652 0 21 
28 20 15061 17872 30 15678 22 2332 22 27 
22925 17504 20293 20 8 29 
21 6256 15678 15190 4243 6103 17668 17438 15658 1190 15637 5590 4796 22463 9648 1966 5 1453 9901 7914 20537 6389 6103 23135 14539 5 15658 20149 17703 7914 19900 4796 31 4672 7102 6103 20402 4 7730 20559 4809 31 15726 4 20244 17635 4 17964 16066 6684 5 15726 5 5 5 4796 31 22942 10100 31 20931 18191 23167 5 15299 1614 20402 22463 3720 4 9193 22463 11259 5 23135 13055 9010 6389 6075 10109 5 28 21 
21 10765 20 1937 20 7850 12971 11462 4 11462 20 27 21 
9743 11066 17872 7847 
20402 4649 20 6 
3058 7127 8 29 
6 7 
31 14464 7509 9634 19703 5 5 5 
27 13520 20 
8 29 
21 21 21 20149 1022 31 15144 352 7730 6146 18498 18784 10959 6103 20463 5574 4 11731 18481 12202 12784 1393 9623 5 21 21 21 
16376 20 20 20 1027 23135 20 20 20 
28 20 
21 17942 5 5 5 
21 21 31 10765 23104 9743 4 9743 6103 22327 16404 21596 20 21596 4 21596 4 21596 5 5 5 21596 16580 4 21596 1114 9193 7850 9971 15658 21596 15299 4 17458 8918 7509 20402 5 5 5 20402 0 21 21 21 
21 20670 15908 20 27 28 26 28 20 
21 21 15671 7850 21468 21 21 27 
472 23135 29 20 20 20 662 16673 9652 4842 20 21 
21 10765 5 5 5 9010 23269 20402 12094 20 20 20 
10821 7730 17934 4 21083 18930 20 21 
5 5 5 5 5 5 
21 29 21583 6103 9743 5955 14221 20 2136 18498 9901 10962 20 
31 17667 6103 5695 8995 12780 7957 20 25 17667 20 21 
21 662 20293 20 
11020 1097 20 11020 1542 20 11020 15127 20 21 
21 21 21 16753 21 21 2073 18498 9743 21793 31 7178 20 21 
19703 3450 7127 13909 2725 20 
18498 1920 20402 20 3348 14426 31 3450 7127 20 20402 1114 20 
21 21 21 4766 31 6152 7509 28 6103 13439 1393 18449 31 21440 6103 4196 6103 3450 15258 4 159 22463 3629 6103 2635 7850 21636 7509 2062 5 6103 22463 13131 15678 15258 134 1393 20931 16852 18103 29 4479 7730 6103 16083 13131 31 2063 16630 15127 22540 5 31 15127 20520 5426 7850 15677 6103 4196 7730 22059 5 7730 7914 23575 12491 31 7237 7509 13721 5 21 21 21 
21 9971 5 5 21282 7491 29 4672 6 
18930 20 21 
21 21 21 20149 15658 17304 19474 4766 19456 7730 1114 4 8443 8840 2136 18498 17511 21 21 21 
12147 20 20 8995 472 20 
21 21 21 15658 11862 15678 18498 23135 9743 5 16971 9594 2781 20670 23135 
8443 9743 15678 18498 20402 14425 16404 23135 20 21 21 21 
21 4915 7730 20805 20 20149 31 10765 20806 29 7384 7730 1487 6103 9707 7914 21793 15678 1875 7509 9193 22942 4 23104 15658 15190 22385 13909 13405 20 14335 12025 7850 11111 19703 
7151 21582 8995 14425 18498 15908 20 21 
21 11462 23206 21 21 16753 21 21 14924 18498 20402 17737 7509 22942 20 
20931 4842 20402 22463 6281 20 
20402 11570 13512 20 2287 7850 9193 2213 20 21 
6 22 
12408 2136 29 29 20 
21 31 16971 3735 6103 238 20412 7730 20530 31 7594 4 31 10431 7730 31 12253 15128 31 18191 18471 7509 12253 5 
16404 7847 4 31 12253 21371 20149 21858 21655 7 16404 7847 4 2136 31 7594 18009 4179 705 5 16404 7847 2136 31 8715 21596 20931 2717 4 17944 4 26 5 
14302 28 5 
26 26 26 26 21 
4751 15576 12726 20 
21 10083 7509 7127 29 29 29 
15678 20402 11570 6670 20293 21596 20738 6103 22463 17942 22730 9384 10795 16673 6613 4766 20931 22823 11647 5 16404 17649 8956 22730 20402 5762 7446 23221 7730 4941 5 9193 21858 15683 17438 17304 7730 2727 14273 4 9193 15678 17835 23221 20402 15678 6103 2082 20644 15400 5 20244 16765 4 6679 7730 2082 31 7544 4 31 3213 7730 15678 10297 5 12861 349 2092 6103 16719 12061 4 16021 7509 15364 12256 5 7730 20813 18476 21810 5216 6981 6679 16673 15400 20402 18498 21596 31 4245 6103 15128 5 
28 26 2385 21 
21 28 
20402 22805 15678 28 7914 4127 15603 20 19703 5 5 21 
28 10089 
472 19703 
8 29 
21 21 21 15247 20402 14339 6103 6202 5762 16404 9193 18044 7509 7594 7509 22101 7509 12319 4 7730 18498 17304 20402 11649 2092 6103 20615 4796 1268 4 6421 4 1220 4 22834 4 991 6103 4941 7730 23221 5 18476 4785 31 2647 7850 17478 7509 22821 4 31 9122 7509 15247 4785 31 20149 19779 5 8956 15658 20402 22463 17889 10544 17458 22327 18498 5174 2136 8443 8995 2094 31 12861 5 15671 4785 31 16784 31 19083 7730 31 8406 7914 5322 4766 1875 7509 15364 12256 18498 6621 5 12341 22463 21267 9193 2745 5782 4 17324 20402 2092 6281 18498 31 22023 20402 17521 20 21 21 
28 26 2385 21 
21 15678 1114 20402 13591 5 5 20293 4 12027 17872 15658 20402 19002 5 5 5 21 
6 3058 7127 20 8 29 
27 
21 7730 15658 20402 14487 15658 20 
16098 7730 22805 4766 14604 18191 15860 6 21 21 23135 20402 22463 3058 3664 17872 16440 7569 4 13055 16721 15510 0 21 21 21 
21 6592 15678 20463 20402 20402 15678 4785 7509 22942 5 1920 4 3450 14924 20402 22463 15604 6592 4 3450 14924 22126 22463 15604 835 5 22463 15604 14811 6585 20931 17478 4 22463 15604 1114 4785 31 5741 7914 23135 4 22463 15604 4839 15643 20357 1276 4 22463 15604 20322 261 7509 2717 4 7509 3076 5 
8956 20322 5762 15604 1103 16404 23135 31 1103 4766 31 23501 4 31 2294 4 15678 1233 4 31 14981 4 15678 19691 4 15678 15761 4 31 9094 5 31 22942 20149 21858 13909 19671 8329 15678 1114 20149 6728 4 8329 31 1001 5741 20 
31 14370 18498 23135 20149 21858 13909 20333 4 31 22942 9901 13905 5 15658 20149 22092 6103 22463 16753 13142 7 7847 20149 21858 15765 5 15658 8995 13494 31 23135 4 15424 1393 20931 15144 4 15424 1393 20463 9943 15658 8995 6103 14881 15425 13494 5 21793 8956 9388 20149 21858 20931 9634 7730 4 31 15658 20402 18498 21793 31 9388 20402 20931 9634 4 23135 15658 21681 5179 7509 18498 20402 22942 17458 15425 11474 20402 22463 11702 4 7730 21793 8995 22507 20 21 21 
14302 28 21 
21 21 21 1027 20402 15061 22327 4 31 16440 3058 7730 31 16440 19854 5 20149 23135 15061 20931 8715 31 22463 1095 7847 753 23135 31 4517 20931 8715 5 12861 15658 20520 18498 23135 7102 19969 5320 20463 20192 31 18475 22463 4 9193 5320 20463 20192 1393 16971 18498 15678 1027 5 15678 1114 8995 1271 16673 4245 6103 134 31 20931 8715 5 21 21 21 
21 21684 13669 9193 9652 20 
14372 4 1540 7730 15128 31 10387 20 
3058 7127 20 6 21 
21 21 21 20149 23135 15658 17304 9594 4766 19456 7730 1114 4 8840 2136 18498 17511 5 21 21 
28 21 
21 15678 18498 8995 17438 22305 7509 389 4 7509 4499 4 7509 17511 4 7509 7363 7730 6103 21793 15678 12963 7509 13757 0 20402 23135 368 18498 20931 9801 6400 7509 16083 5 8956 20402 31 11723 3365 18498 9743 6103 23135 22463 8672 7509 16083 5 
28 26 2385 21 
28 20 
6 8 29 
21 7491 18498 12910 20402 10405 7730 20636 4 9193 21596 22463 18498 5219 20402 11663 7850 14539 18010 20 27 
28 4270 21 
20244 13909 5 5 5 5 5 
17872 6638 20 27 
21 6 21371 21596 9422 17504 7914 28 20 
10767 17438 9721 20 8 29 21 
26 18498 2389 20 
21 3058 7127 20 8 29 7 
19703 9971 7509 15533 20 
472 15678 28 20 20 20 
10131 20 
3805 5 5 5 
8 29 
21 3058 7127 8 29 
21 21 753 15678 15190 31 20149 21858 14425 5 15658 15678 6256 7509 14539 10211 18498 15678 8147 6265 22463 17556 14425 4 6265 22463 17556 13909 3086 5 21 21 
26 17505 26 3058 22925 26 17999 1114 21 
21 3058 28 20879 20 
15643 11731 18498 22463 7127 9193 20738 17438 5320 7509 10405 20 21 
21 22463 7127 4 22463 11518 4 9193 16192 4 15678 15576 1114 4 2046 22463 13888 18498 31 10765 15658 21596 11644 5 5 5 22805 873 18498 8995 155 31 18876 8956 8208 4 20149 22054 4 20402 12094 4 20402 2371 18498 18950 18498 22327 9743 20357 7730 20402 17438 12861 18498 23104 20 
17872 17999 15678 1114 4 15678 19456 20 
8956 16971 9743 15678 14539 4766 16083 7730 873 7847 12780 2046 4 7730 8956 873 9743 4766 16083 7730 16083 5 5 22463 5588 7509 2727 4 22463 5588 7509 1114 20 
15643 6820 20 7512 20463 1114 4 7914 871 14924 7847 4289 7914 873 155 31 18881 7730 15678 22520 22318 662 17438 12861 4 21282 4672 14149 12780 19553 31 23135 20 368 20 
21282 21596 31 662 20 11036 20 21 
23016 1614 21371 20402 22463 21601 27 5 5 30 26 20 20 20 
18498 1920 20402 20 2 
8995 19698 18498 15424 22463 11663 27 
21 19089 20670 31 22942 4 8637 4 3611 5 5 5 5 
21 21 16404 16404 16721 5 5 5 20149 23135 21596 18498 5484 5219 14539 2136 15678 9971 4 20149 21596 6103 20402 8823 6103 23135 14539 4 20402 14425 18498 20149 8095 4766 15678 18498 9743 4 17458 1920 7180 31 22942 20402 16715 20 
31 22942 20402 20396 6103 8155 12758 4766 15678 15190 7730 17477 7847 15658 20149 6256 21944 7914 10559 6103 15425 8905 5 
18498 21340 4 6103 16654 155 4 155 16404 15678 15190 4 8100 15678 15190 4796 7847 20402 0 7850 20463 12204 4 7850 20931 23033 4 7850 20931 12813 7730 19900 18498 20244 10559 15425 8995 2371 7148 6103 22463 15190 9508 4870 16404 22318 8431 4 9193 1614 7730 879 21371 3735 6103 22318 18009 11020 835 4 11020 21189 4 14924 18498 23135 15643 13909 10959 18498 201 5 
20402 9010 14924 18498 31 10765 16765 7730 18498 9743 7509 22942 20293 871 4672 7209 6103 20402 3348 7730 9652 6103 20402 23104 20 21 21 21 
21 18533 5360 4751 20 
4751 17872 20293 20 8 29 
15678 1114 20402 17269 20 21 
21 20670 9193 2336 5 5 5 
662 18525 8458 14469 4 4847 1393 22771 7730 8391 5 662 15138 17438 3450 6357 6103 3870 4 17705 7730 1114 20 
8995 7914 16580 4 17324 7847 21371 8995 5 15678 5574 10555 6281 8995 9522 3697 4 15658 5219 13909 1190 4 13923 20149 892 4 11284 871 20247 20402 12610 17438 5320 7509 12496 19279 4 11312 4 8995 4766 7181 19467 4 1847 7730 1848 9743 4766 18498 3450 15102 4 14539 15270 20402 16715 5 5 5 15658 20402 13909 17872 7847 8995 1614 5 
7847 9193 6256 1614 7850 10555 4 9193 20293 8995 17737 7850 14453 4 7850 5528 4 20931 910 20293 8995 9193 18044 7730 753 7914 3450 15604 16468 18498 31 10765 6146 6075 5 
11036 1097 7730 16399 20 8 29 21 
4796 15658 20149 7995 0 
21 1114 20402 31 23577 19240 4 15678 23577 28 4 15678 23577 14811 31 20402 23104 4 8386 5 
1114 20402 13591 4 20402 19463 4 20402 17269 4 20402 12051 20 
20891 26 20 17999 1114 20 21 
21 11462 20738 1987 6103 1114 20 20 20 27 
18294 4 28 7730 28 6103 10484 20 21 
21 16375 5 5 5 20293 1540 15138 4766 23135 20 
11036 20 
22318 1027 20 20 20 21 
21282 21596 10765 4751 1614 20 
26 26 28 5 4766 26 
21 22463 17737 6103 22463 910 16404 16083 20 
11036 1393 22520 17438 9193 18009 9010 8155 20 21 
21 23135 15658 15344 1453 16404 21932 4 16162 31 5320 7730 15036 5 21 
15658 15391 13285 5 5 5 5 5 
21 
19822 7509 28 5 30 21 
17629 20 27 19525 15138 20 
21 28 7850 28 
26 28 26 21 
21 21793 17304 4 14514 7730 7102 20402 19456 15459 14924 20 
3348 22463 16440 19463 4 4766 1114 0 20 5459 4815 20 8995 21083 7360 1393 753 18525 18533 12862 20 7 21 
20149 1487 7914 16404 22327 20 
21 16404 18962 20 
13909 14374 20 21 
18498 1920 20402 20 
16404 21793 20 
21 17999 15678 1114 20 17999 15678 19456 20 
15671 21282 5219 15128 15576 16587 18476 16367 6103 1515 15678 6193 7850 8561 7509 16083 7730 15855 16404 15678 15576 18191 8564 20 
15678 18498 9193 4 23135 4 15671 8995 9743 17872 5421 6103 10211 17504 17872 2046 31 15127 0 20 
15128 31 20500 16404 8443 20444 6103 9365 7730 6075 10268 17872 18498 20463 8398 15128 21371 20 
12780 15128 13030 0 20 4766 1114 7730 19456 22327 20402 17521 20 15678 3610 20402 23497 9193 22657 15138 31 16689 20 21 
21 1542 7509 22942 5 5 5 
11462 20402 4788 7850 28 4 7850 26 26 4 15678 7127 7509 19205 20 
3450 7127 18498 16468 9901 3450 22897 13909 4524 18498 31 22942 20402 19205 20 
1540 31 28 6103 20149 19206 4766 15678 16083 20402 31 9193 11020 8632 20670 31 21631 5 20402 15458 28 18498 12780 6592 15678 1114 12051 4 17324 1393 14370 18498 12780 5174 15678 16083 5174 13909 7730 13909 20670 15671 14539 5 
8956 1542 21282 349 18476 13202 15256 7509 5426 4 17458 31 9193 21573 20402 31 6103 18533 18498 15678 16083 20402 7509 15576 12939 5 
21793 15678 28 7102 9193 19206 4766 31 16971 4796 20149 15658 31 5174 5 20402 31 9193 11729 17634 20670 15678 16083 18498 7017 15678 15576 19205 5 
22805 20463 18195 4796 873 22730 4 7730 8995 20293 155 31 18876 866 12221 4 17458 20149 31 22942 20402 22463 14811 4 11284 12277 4672 16404 9417 7914 15576 19205 5 
21 21 9193 13905 835 4 7594 7730 14426 9422 4 21793 23016 6103 15576 19205 5 15645 2727 5 21 21 
28 28 28 21 
21 14469 6103 11462 5 5 7127 7509 15311 
7127 7509 1114 4 7509 5905 4 7509 4840 20 21793 31 10211 7102 20402 19363 20 
6103 15894 23016 15678 1114 0 1114 20402 15678 18498 15671 20402 5 1114 20402 12684 1393 15364 11570 4 9193 18476 16784 31 23067 7509 9707 6103 18498 20402 1114 4 15671 4785 31 15855 16404 12861 4 6103 20402 4 9193 15700 4 16971 7730 17511 5 
4766 8388 8871 9193 17511 20293 14335 13325 6103 18498 9193 20402 22463 910 1121 7730 9942 7509 910 21161 4 15678 15761 6103 1114 5 18476 14335 5081 4 31 18471 18328 6103 16580 7730 1114 4785 31 21999 6389 6103 9193 5 
20402 21793 1114 20 21 
21 31 28 28 16630 17872 21752 22463 10273 6281 4766 31 13647 7730 14335 6075 15678 4122 1920 20 7850 5995 6103 20238 5 5 5 
26 4 12780 21752 8443 27 21 
11263 
28 7730 9193 9193 10628 20 
27 8840 22327 8561 7730 740 4766 729 22564 20 
21 21582 4680 17872 5298 5212 7730 20780 4 14604 23489 4766 871 4672 18498 8995 20244 22564 13761 7914 3962 4 21371 17511 2282 31 17517 6103 7512 871 6981 4672 6 
15812 14249 21602 14255 4 26 4 9170 4 9743 5294 19206 31 10822 4 16440 4 18273 4 1015 7730 21371 2131 4796 7610 5 
21371 17520 29 16679 6103 22954 16404 15084 28 
20202 41 871 4672 7509 18470 14335 12578 5 
1830 6 
4672 17872 3962 7850 10793 4 2841 9170 5 5 
13598 6103 18884 30 1249 7730 16066 893 20134 
4122 9032 28 4 30 3058 10472 
11282 29 29 
18727 4 20033 2442 5139 29 29 
155 31 18006 21 
21 7957 14156 15678 19768 0 20 
21 9193 368 18498 15658 9743 8956 3339 4 14244 5 5 5 5 5 
27 21 
21 15576 29 22460 15355 4766 15678 28 20 20 20 8 29 
15708 9193 1027 20 3450 20207 1393 13131 6103 23135 20402 8810 20 20 20402 22463 6324 19589 15678 11111 21793 15603 20 20 
22463 3058 11518 13647 20 18498 31 3058 22925 7509 22520 8995 17737 20 
1027 23135 20 20 20 20 20 20 20 8 29 
28 1845 28 28 15355 21282 9620 31 30 30 16426 21 
1103 22823 20 1103 17872 22942 21793 20 
2 
21 20357 21389 4672 1393 22805 9010 23222 20 
3058 7127 20 20 20 19703 21 
3058 7127 4766 28 4665 28 9594 20670 13750 16855 1614 7850 28 20 
16404 4110 1114 20 
2154 155 20 20 6 6103 
21 18962 20402 23104 20 
21 21 26 28 4 
11617 26 26 26 26 26 26 21776 26 28 26 31 19952 26 26 5 
26 26 26 26 20402 26 26 3840 26 10712 14335 4 12863 26 26 26 26 5 
26 21776 26 26 4 26 1631 26 26 26 21776 26 31 26 26 20 
2836 26 26 26 14335 26 26 26 26 26 11943 26 5 
28 30 21 21 
7847 14335 4229 6103 28 17458 288 28 7188 6103 17994 20 27 8 29 
21 21 14096 20931 5734 4 23135 8995 7850 3610 16404 20149 21858 22463 15739 9652 21 21 21 
21 30 7850 21 21 4074 21 21 11462 27 21 
21 19089 5 5 17458 2126 7850 21 21 14856 16440 11576 21 21 31 22898 8918 7509 16083 13131 5 21793 20402 15253 4 15144 4 4766 14378 7730 12409 5 5 5 19456 31 6152 7730 328 18476 18475 22463 20766 21 
12147 20 
11036 20 
3058 7127 20 20 20 6 6103 
21 4809 31 19745 7509 10737 20 20 20 
20402 12094 27 21 
21 14335 6075 2727 27 
21600 9652 20 22657 14156 11518 11300 20 20 21 
21 3058 7127 20 20 20 20 
17438 12861 26 17999 15678 1114 21 
21 18533 14335 10211 20 18533 134 15678 15190 4 14335 12960 7730 22805 2689 15344 20 20 
27 15658 724 13909 20738 7850 9574 20 20 
8995 201 20 19703 5 5 5 21 

