17608 17438 7509 20749 20 
16323 26 20 20 22327 6103 13909 13512 7850 20931 22942 18498 23135 5303 794 20463 15699 7730 18498 15643 16784 8956 3876 20 20 22318 1027 20 20 20126 5 5 2702 
8956 1114 20402 15678 13909 18328 6103 21793 20 20 9193 1027 21389 5 5 
1095 20293 15138 3058 8995 16936 6103 23135 20 
1027 20 20 
16323 28 3996 20 20 18533 18498 23135 19900 18498 14539 7396 9193 5243 17438 23135 20402 8322 20 20 6679 22327 6103 13909 13512 7850 20931 22942 11462 7730 20293 23135 20402 22463 11156 7730 452 15138 5 5 22318 1027 20 20 2702 
21 28 28 16323 20 20 6679 22327 6103 3058 11462 7730 20293 20 20 23135 20402 22463 16971 11710 4 11156 4 13512 7730 9193 1095 20402 4524 5 5 19703 9193 1027 23135 20 20 21 
9193 18533 20402 9808 654 20 20 
16323 21739 28 28 20 20 22327 6103 3058 11462 7730 20293 5 5 5303 8956 11474 14149 20293 20851 7730 4766 8956 5528 8322 18498 5204 21793 20 20 15708 17438 20402 8956 16169 21739 13512 9193 1027 23135 20 20 
16061 20293 20 20 21596 10547 7730 12780 31 13749 5 5 
21 16323 21739 30 4 18498 28 5303 11710 20931 22942 18498 23135 21596 15138 20127 7730 16580 20 20 18498 8956 15604 9692 31 3857 20402 13909 13405 7730 18498 23135 5219 794 20463 15699 20 20 1027 23135 5 5 28 26 28 28 21 
9808 7127 7509 16169 7914 8810 16404 9193 15253 18498 20293 20402 15138 13909 18498 22463 15253 7730 15458 7127 7509 16169 9193 662 7847 13909 22463 22897 9193 1027 23135 20 20 
21 15678 20402 11570 20402 9604 4 11462 14539 9193 9604 4 15502 15344 19900 4 8443 14335 6256 21582 5 5 5 20149 15678 20402 11570 20402 22463 17556 14466 15999 15678 15190 20420 2727 14425 21 
21 10548 4 1114 4 22915 5 5 20402 22327 16816 4 21282 21596 662 3450 14924 20 20 21 
20402 12861 18498 9193 17629 5 5 
10548 14514 5 5 
22463 23570 9833 20 20 23104 31 10548 
21 16323 10547 20 20 6679 22327 6103 14425 7850 20931 22942 4 18498 23135 5303 8956 11474 1095 4 20333 4 3872 4 3223 5 5 5 9193 1027 23135 20 20 28 28 21 
26 26 28 5 4766 26 
21 8956 20402 31 17819 10273 15894 22327 4809 5 5 5 19703 9193 17629 22318 9594 4 22318 8147 6103 18475 12939 4 17872 20336 7730 5459 4 6408 1190 6103 8147 1393 22797 5 5 5 22318 1027 23135 20 20 4841 4 1095 4 16375 4 1025 7730 15311 20 20 21 
21 16323 23104 20 20 6679 31 23135 22327 6103 14425 20293 5 5 23135 20402 14149 4 1095 4 15138 20566 7730 18498 4040 21793 17438 15894 16468 18498 23135 15643 15128 8956 20463 12939 13512 6103 20402 20 20 1027 23135 28 28 28 21 
21 16323 30 20 20 15458 7127 7914 8810 22318 6679 21793 8208 17504 4 22327 6103 13909 13512 20 20 30 4 18476 13325 7509 16468 7730 22805 22327 18498 16468 15458 22942 835 4 5204 4 3213 5 5 5 11462 22805 15678 18481 22327 22657 31 16689 16404 23135 20149 21858 8956 15144 7070 4 11156 7730 18498 5360 7914 22463 11020 9241 20 20 23135 20402 13909 18498 8810 7850 9193 22942 7730 16404 21793 18498 8995 31 20931 23151 21596 22463 5528 7730 22463 8908 13512 991 6103 20402 22463 15144 13512 7730 9652 20 20 22318 1027 9193 17812 4 12787 5 5 15459 7730 7914 16083 22942 20 20 21 
21 16323 22318 20 22318 6679 22327 6103 3058 11462 7730 20293 5 5 5 18498 15458 15604 9169 23135 5219 794 20463 15699 4 18498 21596 15138 20127 4 16580 4 8522 7730 15138 1114 14604 20402 4524 7730 15658 17304 8918 18498 20402 14466 4501 20 20 19703 9808 1247 14604 1114 20 20 21 
1114 13905 5 5 5 
21 9808 7127 7509 15253 20 20 15253 23135 20402 31 14425 15253 7509 15190 4 15708 17438 9387 7730 20402 8956 15144 11156 4 1095 4 18498 14335 5762 21282 7730 4766 21793 1114 7509 15190 4 19900 7802 7730 8361 15678 3610 4179 7509 22942 4 23135 20293 12780 20402 9193 2614 4 9193 1095 7730 31 16971 7850 18470 14335 8832 15138 16673 10268 18498 21596 7730 17438 20402 8956 15144 14149 20 20 9193 1027 15138 23135 4 1114 991 7509 22942 5 5 21 
21 16323 21739 30 20 20 11462 7914 8810 18533 22318 6679 22327 6103 14425 15458 22942 18498 23135 5360 8956 15144 11156 4 1095 4 3872 6184 7730 4766 8956 5528 8322 4 18498 23135 21596 15138 20127 16404 21596 15678 17869 6103 9901 1393 20463 13131 17438 15138 1249 20 20 23135 20402 15138 8810 7730 21282 21596 18498 662 17438 22327 18498 23135 13055 9743 17438 9193 4 17304 21596 4181 18498 20293 8995 1393 20463 13131 20 20 22318 1027 15138 21739 7730 13858 28 28 21 
21 21739 26 4 11462 7914 8810 22318 6679 22327 6103 14425 7850 20931 22942 20 20 18498 23135 5360 8956 15144 11156 4 1095 4 21931 5 5 22318 1027 20 20 9808 1247 21 
9193 21596 15678 20060 10259 20402 12094 31 9193 20855 20 20 
21 11462 4788 13909 22463 15266 5 5 5 15658 20402 15138 6103 8678 740 13909 16673 28 5 5 19703 13909 18533 662 16673 4840 4 1103 4 3870 4 1114 4 6189 7730 9594 15678 18481 23135 20402 11861 20 20 8840 18498 8956 15604 3610 23135 5108 13909 7730 3213 14466 5 5 5 19703 7730 15643 16784 31 8838 7730 23167 6103 13749 16673 20463 15699 9193 8995 4766 23135 13330 7384 20 20 22318 1027 20 20 2702 21 
21 11462 15678 7127 20402 21793 20463 9193 12787 20 20 
9594 6103 23135 20402 15138 7188 17458 14335 7995 13909 9193 12780 21582 5 5 23135 20402 22463 7509 16971 13909 8810 7850 9193 22942 20 11462 7914 8810 22318 6679 22327 6103 13909 13512 18498 23135 5219 794 21793 15678 20463 15699 4 18498 23135 5360 8956 14464 15144 13512 4 1095 4 20584 4 12534 7730 18498 5313 21793 4766 8956 20463 12939 7730 22463 3219 18498 21282 23135 21596 20 20 9808 1247 9193 12787 13512 23135 20402 6329 9193 1027 7730 452 23135 15138 20 20 28 28 21 
1247 28 
1247 21739 28 
21 16323 21739 28 20 20 18498 23135 5303 8956 15144 6184 4 11156 4 1095 4 20566 7730 18498 23135 21596 15138 20127 16404 9901 15138 1249 13026 20 20 6679 22327 6103 14425 11462 7730 20293 20 20 23135 20402 15138 13909 18498 22463 21739 15708 17438 9387 5 5 22318 1027 20 20 20 21 
21 11462 15678 7127 20402 20463 5 5 16323 20 20 15253 4 6679 31 23135 22327 6103 13909 13512 15458 22942 20 20 662 21793 15678 28 17438 21596 23135 4796 9193 15253 20149 9193 17304 8637 8637 23135 16404 20402 9193 15253 7914 21793 31 16083 22942 20 20 15708 17438 20402 8956 15144 10259 4 11156 4 1095 4 21931 7730 8995 20293 17737 18476 9193 7730 31 7850 17629 20 20 22318 1027 7730 15658 21596 16192 16404 6650 15678 1114 18498 21596 17438 23135 5 5 9808 1247 20 20 21 
21 28 28 4 9193 12787 4 4841 4 1095 4 9193 16753 5 5 19703 16323 17438 13909 22463 9169 5013 4 23135 31 3450 7127 18498 16468 14335 15061 20402 22463 16971 14149 7730 15138 12534 4 30 21596 15138 23091 7730 5204 16404 4788 13026 5 5 22318 1027 20 20 21 
1027 23135 20 20 
21 16323 28 28 4 21739 11462 7914 8810 6679 22327 6103 14425 4 18498 23135 5303 3219 5 5 9808 1247 20 2702 22318 1027 21 
21 9808 7127 7509 12787 9193 13512 20 20 28 28 7730 31 21793 14604 12787 6103 5528 4 22805 4 30 4 28 4 23104 4 26 4 10547 4 28 7730 28 5 5 2702 1027 23135 20 20 21 
201 6103 10648 18610 29 18772 7914 22463 18711 
21 11462 20402 1247 7509 15144 7509 9193 22942 5 5 5 16323 4 15138 16580 4 1114 4 8838 4 9801 4 11712 4 18059 4 19296 4 5 5 5 8235 22327 6103 14425 20 20 20 18498 9193 16468 1393 20463 13131 8956 6086 17438 15138 1249 5 5 15458 7127 7914 8810 22318 662 17438 21596 23135 17438 16936 7730 17438 22327 18498 13055 9743 17438 15671 5 5 5 23135 20402 31 14425 15253 7509 15190 20 20 22318 1027 20 20 21 
21 16323 16404 21793 31 15144 7914 8810 16404 9193 21739 4 17812 4 1095 4 9193 16753 11020 28 28 7730 16404 15144 7509 9193 22942 9193 15253 20 1027 23135 5 21 
21 21596 10547 7914 28 
21596 10547 7850 22942 
21582 16083 22897 5 5 5 5 21 
16719 17508 5 5 5 
9193 16753 5 5 3885 20 20 
21 9193 22942 4 9193 16753 4 10943 5 5 5 14604 1114 20 22318 1027 20 20 21 
12780 23174 7850 9193 21739 28 28 20 20 15708 
22463 11518 8956 7594 16468 5 5 5 7730 22327 23151 16404 15678 14539 13727 5 5 5 20 20 20 
21 15678 18498 22657 15458 22942 20402 22805 4796 23135 1575 
6670 31 11518 18498 13398 2136 31 11518 18498 6246 
18476 8637 31 4672 4179 20402 22327 20244 18884 
18476 16936 6103 23135 31 18191 5152 20149 745 2727 5 5 5 21 
23104 15678 1114 29 20 20 12780 21596 10122 16404 18779 9193 14577 5 5 22318 1027 20 20 
19601 
1247 28 
1247 28 
21 21 21 15658 20149 17703 4 8956 1220 18498 23135 8995 20357 5 9193 19900 18498 654 16393 18498 15678 15190 5263 5371 23135 4 9193 7847 10855 7730 7914 22463 10855 6981 22327 17304 15128 5 8443 15658 6820 4 20852 5 23135 20402 13909 10259 7509 18498 16721 7730 20402 13909 9808 7509 18498 11731 5 21 
14604 17812 20402 20497 20 20 
1247 28 28 
1247 28 28 
1247 28 28 
1027 22805 5 5 5 
22190 20 20 20 
16526 11514 15678 1449 20 20 19703 
2547 21549 
2547 21549 
2547 21549 
2547 21549 
2547 21549 
21 28 28 4 22318 1027 15138 5 5 5 7 21 
21 21596 10547 7914 28 
21596 10547 7850 22942 
21582 16083 22897 20 5 5 5 
2685 20 2685 20 
17324 31 702 23104 
740 8995 7850 10192 
21582 16083 22897 20 
23135 21596 7558 18376 
16404 5849 31 17406 
15299 201 20 
13398 20931 15256 20172 
7730 18931 31 1190 
15658 16721 
18498 31 3393 732 
20149 23135 16367 
15658 20 15658 20 15658 20 
18533 20 18533 20 
2631 20402 20584 
7730 6679 17942 
23135 20402 3735 
6103 19943 15678 15190 
12780 20 
21582 16083 22897 20 
7730 15658 7491 
18498 31 28 8995 16784 
20149 20402 6103 2635 
18498 20149 23104 31 22942 
30 20 
21582 16083 22897 20 5 5 5 21 
21 20149 873 7491 17872 23135 15658 3702 
6256 21680 20825 879 17576 22 22463 16083 11518 
18498 31 20214 9380 14378 
18498 18525 21596 14378 28 472 
20149 873 7491 17872 23135 15658 6070 
18498 15458 9867 23135 8995 6103 20402 
18498 23135 23151 17872 18828 5 
15658 368 4 11091 4 20244 6361 5 5 5 
9193 18533 20402 9808 654 20 20 20 21 
21 20149 9387 20855 20402 23104 
2344 20402 15658 15036 5 5 5 5 5 21 
21 1114 20402 16404 20293 
20471 21371 
20471 20402 7509 3058 
1114 20402 7509 2727 5 5 5 21 
28 28 22318 1027 20 20 20 
22463 12910 5 5 4766 31 9193 21739 28 28 7730 28 28 20 20 1027 5 5 15708 20 
18498 21340 6075 22463 16461 1614 7850 13652 7464 13753 14856 0 1920 20463 9975 6103 20247 12780 20402 13512 5 5 
22318 1027 20 20 
7464 13753 14856 
21 28 3996 7730 28 28 28 
16972 1575 15678 17807 8995 23570 20 20 
16323 11474 20 20 7914 8810 1393 11474 7509 9193 9634 7730 15311 20 20 
22782 20263 13056 5 5 5 
15616 7850 13652 7464 13753 
7464 13753 14856 
21 31 16971 9901 13909 22765 5 5 5 7914 22897 6103 1005 4 7847 9901 13909 12240 5 5 5 5 30 21 
21 28 22971 28 4 9901 31 23167 1614 7850 13652 7464 13753 5 5 5 15658 17629 9901 15311 31 13652 6103 13667 5 5 5 19703 21 
21 15658 13010 31 16971 4 23135 15658 19900 4796 636 7850 13727 6281 5 5 5 21 
21 28 28 4 15708 17438 18506 10616 19703 4 17438 20402 22385 1095 5 5 17438 20402 23135 20 20 22318 10959 15138 5 5 5 2702 21 
21 21 21 21793 23104 28 7188 4 9193 15299 7384 20402 7914 12780 5 5 21 21 21 
21 18476 21596 10927 7914 2506 7847 18910 4 4730 7914 12971 7850 18339 18498 16404 5 5 5 18476 15678 10927 23016 6318 1393 4552 15502 9743 30 5 5 5 9942 7509 18339 20 20 21 
21 15253 4 15708 17438 23135 9387 5 5 15708 17438 22327 18498 9743 17438 9193 7730 16673 7850 5 5 5 23135 20402 15138 13909 18498 22463 15253 4 9743 15678 16296 6103 15253 7730 16169 7850 9193 22942 20 20 15708 16673 5222 4 3251 4 1114 5 5 15708 17438 23135 20402 8956 15144 14149 20 22318 1027 20 20 2702 21 
30 
13652 7464 13753 
7464 13753 14856 
13652 7464 13753 
22463 20474 20357 5 5 5 5 13905 18498 31 18736 
3058 5 5 5 13909 22463 15533 1920 5 5 18339 18498 16404 20 20 
21 11561 6 23273 5 28 5 4766 28 5 28 0 30 26 
20495 7750 26 7464 13753 
15678 15190 10855 5 5 5 5 31 16971 8918 7384 20 20 20 30 
4289 15138 15616 7850 13652 7464 13753 

