28 6 29 
21596 18498 20402 15678 28 
5 5 5 
13055 18498 7847 15658 22657 13909 15299 5 
18610 5 11617 5 16404 5 
6 
15678 
6 22615 
18498 13512 26 

15678 
30 
6 
15678 
27 

28 



7 7 
27 9193 19698 
15424 18533 12960 14539 22 26 22 
15658 19900 3224 9 8 
27 
30 28 20 30 
18498 4672 13512 6 22 
26 

28 28 26 
28 27 
15678 
6 29 
26 28 

21298 5 21298 
8956 3790 20402 6329 
8956 86 20402 6329 
15678 
21282 17872 9743 3864 30 22 
15678 

26 26 7730 28 28 
2727 9431 5 22 



15604 14799 6 21582 14984 22463 2553 4886 4766 8956 16620 6 29 
26 

6184 8956 4853 31 21768 28 
21 22821 5 23554 
30 
15678 
15678 
20293 

21 26 

10405 26 
26 
26 
28 
18533 22805 7847 10447 654 5 
28 28 
26 
5 
11462 20402 7127 7509 10702 
8956 20402 17872 23135 20463 13945 28 28 


22463 13909 7509 18498 9808 29 
2727 1920 

15678 17106 20402 18498 11462 7730 18584 21596 18069 
21 10606 6 22540 6 
8995 18263 26 
17453 12745 9193 
16822 4 20244 18498 23135 19900 5 5 15678 
7589 7509 15198 15658 15678 22805 4 9193 
15678 16083 20539 5 5 4796 20149 20402 
22463 18264 10773 18498 
23135 9743 20 20 20 2136 17525 22463 
4795 4796 20149 20402 
23135 5 5 17438 9721 4 20149 17438 228 
1421 866 1920 7850 14604 
15198 16066 22318 4289 4796 
14469 866 17453 
7850 14604 15540 4 1400 7730 14335 
2322 5 5 21596 19456 17438 
21793 23135 20 20 20 21 
21 20402 31 20247 12604 7509 13591 20 31 19150 6 16647 15678 13591 13909 18195 4 155 7850 18351 5 29 7730 17525 31 18584 10343 4796 20463 20912 5 15658 7491 15678 15540 7509 13591 5 5508 31 19150 4796 16440 7509 20463 20912 5 
21 21 31 21119 7509 10542 4229 28 7730 31 6337 5 21 21 21 
18498 20126 7509 14604 2336 
22821 

