9193 21776 9594 20402 6103 1103 29 
7730 2371 0 
14604 17819 29 20 10907 10907 10907 
21 21 21 15678 12194 31 22318 4 21810 4796 3369 21 21 21 
9387 6 31 18498 20402 18498 20149 6996 0 
21 7730 740 20149 23016 4 15533 21957 5 5 5 21 
21 21 21 7847 20402 22463 13375 7509 28 21 21 21 
9193 21776 9594 20402 6103 1103 20 
20311 20 
20670 20402 5758 20 
1247 7509 28 
21 6256 9193 8386 4 2524 3058 15658 20402 2524 15036 0 17458 16673 13793 17664 16673 21 21 16971 6103 2727 21 21 15502 17304 20149 21 21 18983 21 21 4 9431 8956 5 5 5 21 
28 21752 22463 4633 5140 5 
12780 3348 20463 7277 14604 20304 20 
5146 13466 20 
21 7847 20402 13512 5 15678 13909 17307 7509 22858 7730 31 13909 13512 9115 5 7847 20402 4127 4 16822 4 3718 5 7847 20402 16196 4 13591 7730 5528 5 7847 20402 4 15894 18533 18498 8995 15678 4145 7509 19472 5 15658 20149 5335 4766 15678 15033 15678 21355 15658 7850 5482 5 7847 9743 15005 7914 14604 16654 31 22998 1249 7730 15604 15266 5 9193 31 1027 4 991 6103 12787 4 1095 6103 22942 20 9801 14604 2727 20 21 
4796 1920 22765 0 1247 28 
17967 4788 15678 1247 6103 9193 512 28 5 
21 7847 23016 4 16647 9193 15256 7730 3610 1393 14604 13131 5 17304 21596 20402 17556 16066 15138 9193 20402 9312 15678 2625 5 20402 15908 4 11284 7558 22942 4 22310 28 4 18497 1249 5 15658 11284 1276 4 16393 18498 9387 20293 5 15678 352 5360 15678 14539 7730 15658 22805 15127 18498 6457 15576 5412 5 18498 23016 13909 29 1249 4 29 4 29 5 22318 1027 20 21 
28 28 
29 1249 2116 
31 10765 13055 21596 4181 7509 28 2727 1276 7509 17265 20 16323 31 21793 7509 4253 29 16673 28 7850 7861 7509 15679 20 19296 13055 20 
6452 6103 21793 15678 28 5 5 5 
11861 13325 20 
13055 22564 15678 17737 7509 28 28 27 
21 21 21 9010 16440 7509 9193 22942 4 9010 16753 16440 4 20149 4229 9801 21 21 15138 15708 31 21793 20 21 
21 22463 20825 18498 20149 20825 21282 4 20402 21282 22463 20825 18498 20149 20825 21282 4 9193 20825 18498 20149 20825 13026 20402 18774 5 21 
15138 3058 20 
9678 6103 21252 31 15533 20 
31 10696 20 
31 17617 13909 13512 
21 21 21 7730 9387 15138 10216 
18498 21282 21596 22848 7730 15658 21596 12723 
7730 22327 1616 5371 15678 18498 20293 13749 
20402 9312 22327 1616 15678 18498 7847 20402 21 21 21 
21 7509 4672 18498 31 10765 7102 20293 13325 5 22942 18498 20202 20293 20 9193 13763 22463 17617 4 7850 2367 10547 20 21 
21 21 21 9193 15256 740 8084 4179 
16630 22463 1248 18498 14335 340 
7914 22327 9193 22805 31 23180 6103 9193 15253 
7914 22327 9193 22805 15671 
31 21282 15458 15190 12002 
16630 22463 1248 18498 14335 340 
7914 22327 9193 22805 31 23180 6103 9193 15253 
7914 22327 9193 22805 15671 21 21 
28 28 21 
8995 2371 15678 18498 15502 4793 7730 9605 20 
21282 13359 22821 20 
21 21 21 8956 28 288 7850 9193 3555 
31 22318 13375 7730 31 13764 14915 31 3678 
6472 4 12780 6075 15276 22157 
18476 7491 18498 22805 28 
7847 20402 22463 15144 17790 21 21 21 
22657 15138 31 16689 13359 15678 21684 18498 15678 1095 28 6103 3996 15528 8678 20670 15678 15604 30 5 
21 21 21 18482 10765 1190 8918 18498 15658 20402 20304 7509 22942 7730 18498 15678 1114 20402 15678 3610 7730 31 7284 4 
18498 31 19695 20402 8060 4 15502 20402 7589 6103 15299 7730 20402 3086 18476 20149 19315 15678 18374 21 21 21 
3488 7509 14049 18498 17714 21282 17872 9193 15253 20 
7509 4672 18498 22318 9743 16721 7850 14336 6103 22463 18584 9789 6103 5590 5 
7730 2371 0 
13325 20293 20 
21 21 21 31 21227 20402 18498 31 14049 13055 23016 5 5 5 13640 13909 1022 13055 23016 21 21 21 
21 21 21 22327 12861 11462 4099 21 21 21 
26 26 28 5 4766 26 
3086 7730 3079 8956 20402 9193 5 5 5 
21 16404 21793 18498 7369 15678 23560 4 18674 7730 21570 31 22564 28 16404 7945 20463 1679 4 6256 1453 22463 16753 13333 6 21 21 1612 18498 15658 1027 15658 5174 31 28 17458 28 20402 1114 5 29 3928 6103 28 29 4 29 21 
21 21 21 21026 6103 21382 9193 9743 
5426 7509 21525 9193 22318 6075 
2136 9958 6103 1114 1937 
15324 28 22318 21154 
7914 14604 14426 28 
9193 2136 22318 14514 21 21 
28 28 21 
1619 20402 1619 
21 19822 6103 22463 11111 7850 28 5 5 5 20311 
31 9078 16404 31 28 15658 20402 22463 19549 5 5 5 5 5 9387 22463 5951 4229 10297 5 5 5 5 22463 22133 4229 5152 5 5 5 5 22463 18501 4229 7181 5 5 5 5 7730 22463 17289 10507 4229 6103 12709 5 9193 20149 23135 21596 22463 9017 4229 7071 5 5 5 5 22463 15091 4229 16912 5 5 5 5 22463 20215 4229 10547 5 5 5 5 7730 22463 15092 4229 28 5 5 5 5 4766 4181 23135 4289 31 22463 13727 4229 21 21 21021 21 21 5 21 
15678 15190 5 5 5 7847 20402 15138 16753 5 5 5 
21 21 21 26 16105 26 26 21 21 21 
31 16192 7509 7127 20402 6 15708 20 15708 14539 14604 28 20 
28 28 
21 3058 7127 4 14604 21739 4 28 7509 28 7509 28 28 8995 12610 7850 30 4 13307 7730 4 8229 29 7730 8995 17629 6103 20044 18475 21743 5 31 7514 20402 18779 7850 28 7730 1393 4289 13761 20402 21282 19318 8956 12301 6103 15540 7730 11543 5 
18525 17304 9193 753 4 17324 15678 8995 6318 20402 11051 20 
662 4 
28 28 21 
21 21 21 1612 18498 4099 1276 1393 15745 4 18498 6820 7148 7509 7181 13055 16784 31 2635 20244 31 21596 8241 5 15658 18705 4 15678 15745 7730 31 7181 20402 13909 1426 18498 18772 4 13909 1075 7509 18498 11811 5 21282 20149 17304 2282 1603 15678 8240 5 406 4 3450 28 5219 20149 21858 1558 7509 10211 6103 22773 7730 3450 6446 8361 31 14031 4796 15658 20149 7102 21582 31 13749 5 8956 5204 20402 18009 14353 15678 8744 6103 18031 20244 6756 7730 12430 1603 3450 16753 16066 11020 12494 5 15678 15697 7102 20402 5204 4 7730 4 16404 21389 4 31 5521 7509 8744 5444 20402 12173 5 
15138 22898 20402 15392 16367 16404 19089 4 18982 16404 19295 10268 7730 2288 20293 5 20402 22463 20001 9083 1612 18498 9575 16784 654 15678 18498 20402 6103 16753 14984 16404 10648 19522 16867 7730 6103 22665 9459 6408 5 21 21 
28 6103 28 21 
21 14335 16393 21389 4766 23135 4 15855 6075 17872 22805 4 20463 19800 13325 15678 14604 4 
6670 15678 17819 1247 4 15678 17819 16468 4 20293 17989 17872 14335 6202 5 
20293 18498 3213 4815 4 17872 9193 15658 5590 16849 4 22463 11335 17989 17872 14335 20007 7730 4766 23135 9193 1540 21793 13606 4 9193 8241 15678 14604 7629 7730 21282 6408 14335 6256 23123 5 
9193 9193 21282 18533 13325 4 18498 6103 29 22942 4 29 9193 22318 6075 5 5 
18498 20402 22805 23135 4 18498 9193 1540 31 13749 5 5 5 
9193 9193 21282 18533 13325 4 1276 18498 14604 21551 201 4 17872 23135 15658 20149 8918 4 
18498 20149 28 14335 6981 22463 4245 6103 23104 16083 22897 4 9193 21282 18533 20149 21596 23135 20 
22318 1027 20 
20463 7127 20402 20293 20 21 
15138 22223 16673 14604 1097 5 5 5 
9901 31 7157 
16323 1393 4761 20 
21 11861 13325 20293 20 
15678 20537 753 20293 6 
18476 16098 16192 12254 7 
18476 873 8995 12834 7 
18476 31 13954 9193 17908 7 
18476 31 15809 9193 10928 7 
18476 873 20149 8138 7 
18476 31 5856 9193 9835 7 
18476 8720 31 3588 7 
18476 31 11683 9193 388 7 
18476 15678 15995 9193 11586 7 
18476 31 22649 9193 18090 7 
15678 20537 20402 31 10767 7509 16802 18498 20149 3532 7730 8840 15678 21551 5 
15678 20537 
16673 8908 28 5 18229 6103 28 28 28 5 
13591 6 16169 15576 5 3784 22805 21 
21 20402 8959 15253 4 9193 13033 20 21 
28 28 
8995 2371 5 5 5 
15678 9632 18376 6103 22 702 20 
7850 21551 7509 13948 288 18498 31 10765 15424 20402 15344 20 
21 17629 9594 4766 22543 4766 871 22781 7509 28 4 873 12145 873 0 21 
1244 7509 15266 20 
1244 7509 15266 5 
28 28 
12861 20 
21 19335 4815 6 28 22773 31 7861 4 6340 20402 12861 4 28 16784 4 22942 18498 20202 5 21355 1920 31 10606 19651 7509 17029 2167 8386 5 21 
31 12790 20402 31 10606 12780 17872 28 16630 12641 14684 5 22463 5393 7914 21596 5 
15678 14425 16630 6103 6663 6103 21793 20 16323 
2136 18476 0 
21 17872 18525 16784 4 9901 31 7157 20 21 
21 21 21 9387 22463 16083 13131 7509 9066 18498 20402 9790 4 18476 15678 18498 20402 22782 4796 16816 4 20402 4913 4 11667 4 6103 15860 22778 4 20244 11571 4 20244 19971 15424 9837 4 17438 20402 2725 23001 4 17438 6389 4 18374 3040 5 21 21 18079 28 21 
21 9193 22318 6679 22942 4 13669 22942 
22318 6679 31 20855 6103 22327 18498 20402 3058 
6103 21793 835 21596 31 4842 
4751 31 9078 7914 20463 13909 2725 21806 
9193 22318 6679 31 4380 7850 22694 
14915 31 19798 17872 6460 
7730 28 6103 20749 17872 9743 15678 21680 17233 
7850 4672 13909 20558 18498 20149 11731 
7730 28 6103 20749 17872 9743 15678 21680 17233 
7850 4672 13909 20558 18498 20149 11731 
9193 22318 6679 31 16580 6103 22463 1194 
7850 23123 16816 5327 15678 14133 
7730 18498 31 10547 15098 6103 18475 14981 
22318 19295 20293 4 22318 9743 20825 
9193 20149 23016 31 11518 6103 14415 
18498 31 28 22385 14407 23016 22318 533 
7730 31 13909 7623 28 20402 22318 11165 
4796 15253 20599 31 22318 16006 
9193 22318 6679 13909 18498 14667 1097 
31 17316 18498 21793 17318 8840 
5528 6103 14464 4290 6103 8838 
23180 6103 16169 1095 7730 15855 6103 2336 
5528 6103 14464 4290 6103 8838 
23180 6103 16169 1095 7730 15855 6103 2336 21 
7491 18498 654 20402 15534 20 
21237 
13055 19900 18470 20402 31 15286 7509 3885 29 5 5 5 20402 31 21340 7509 15202 5 5 5 22225 6219 5 5 5 
3488 7850 19837 17872 4809 31 14724 10548 20 
2136 29 9594 29 
15708 31 21793 15678 8464 20 
13055 16468 31 4380 7730 15678 20749 13055 23016 21179 5 5 5 
1097 14265 31 20126 4270 26 26 
16991 8934 20 27 
20402 22463 11020 1249 20 15708 17438 9743 16440 6318 5 
21 13520 4 7509 10211 13909 16816 18498 9387 5 1614 20402 20044 7509 20044 4 9193 15424 17629 4 20402 9312 15678 18498 17629 22463 1393 16083 5 1614 21596 1114 4 17872 6075 22782 7730 8060 5 31 10765 20149 14265 4 19969 7850 21394 4 20149 12673 17438 7118 20209 4 9193 9417 873 20149 14577 4766 15678 16083 5 5 5 23029 2818 22654 20 1614 21596 3591 20 22318 1027 9193 10605 1351 20 21 
21 16323 9193 10605 1351 4 15138 20127 4 16912 7730 10547 20 18498 28 7850 11710 20 22318 1027 20 21 
28 20402 17304 5 28 6103 3996 15528 28 28 14418 28 28 28 15460 28 
3959 28 
8811 7509 4283 6 13812 31 3824 5 5 5 20444 0 
21 7509 9867 4 7509 425 4 7509 18931 
15678 18498 23135 12780 14335 6075 6103 28 0 4 8995 22385 2553 7730 31 17819 20402 21282 17872 14230 21596 4436 1097 15775 8956 20247 4 21810 18498 9193 10648 866 3058 4 20149 15658 12780 9901 18339 5 
873 18498 13359 15458 14924 13055 2467 22463 7509 10343 308 4 4289 31 16721 18498 21793 15671 13055 9605 866 16393 4 1249 1603 1249 5 
9193 15643 4788 15678 28 4 17438 18498 288 18498 1276 6103 22327 7102 4110 31 22942 4 15678 136 7730 15678 17463 18498 9193 22507 31 18525 1027 5 
9193 20293 4788 15678 28 4 14539 20244 15643 21596 8224 22463 23501 7914 21793 9193 22942 4 9193 20293 4788 4766 15678 14604 4 20402 7914 22463 14534 6103 2547 4796 3526 8287 4 20402 7914 22463 4096 6103 22463 1095 31 4 18498 14335 14090 4796 678 7914 20931 9634 5 
20293 14335 18519 7509 10415 9386 15458 6086 5 15678 21739 18498 31 10765 15643 22805 4 31 17812 18498 9743 10142 4 1612 16399 7396 18498 15855 22327 7730 19969 9594 13923 6408 5 7850 8377 4 7850 951 7509 14604 22998 7730 20222 1249 4 15128 6103 11644 4 1393 16468 18498 22805 4 18498 8956 19225 10268 20402 22463 17696 7509 18498 23135 8241 7686 15678 1249 5 4672 7509 22942 4796 7491 28 28 5 
8956 20644 8727 9193 20402 8066 10909 41 15678 1249 21793 5 15678 4697 6103 21932 4 18498 7850 22821 18533 22318 6448 4 15678 4552 1553 18498 18533 19522 7730 15658 5459 4 15678 4328 6103 15936 18498 21596 10382 4766 5174 7730 559 5 
9387 16971 18498 21282 20149 16878 8956 19124 15458 16753 15759 5 16971 18498 20357 7850 7102 20699 4 31 14031 6103 9489 22463 17556 7509 6528 18498 11139 6389 20500 4 5653 5 
8956 20644 6103 17696 7509 9971 4 7850 22821 4 9193 17714 16404 15678 15604 5 
18481 31 9193 4 20202 15678 18063 4 6075 15678 14604 136 7730 13746 15678 1062 4766 15678 14604 14425 20853 4 18525 19900 873 4 1920 4796 9193 17629 21551 2116 4 8995 17629 6318 21371 5 
20670 15678 5299 7031 7730 11918 15658 14335 61 7730 15658 14335 6256 8453 16673 22225 4 17438 18498 4524 4 31 17819 20402 21282 17872 14230 5 21 
21 15678 7127 7914 18498 15658 10278 23135 5 
9193 13325 2727 7509 7127 5 15658 13325 31 6086 4 15424 18498 7127 7509 20247 20402 4 9193 13325 7509 21551 4 7509 4292 7730 7509 21686 5 20402 17521 13327 7509 21686 6103 22463 7127 0 21596 4181 18498 20539 5 9193 8995 2087 4 9193 20293 4289 2087 5 23135 8995 11787 4 23135 20293 8995 11787 5 9193 8995 6492 4 22400 21062 4 3585 10175 4 3388 1891 4 2561 17438 9743 5 23135 8995 13512 4 23135 20293 8995 13512 5 15576 1097 10507 5200 4 9901 15678 7558 3790 31 3790 7914 22463 18258 4 4163 17438 10765 6621 4 16098 15286 19854 7730 22327 18498 9193 19509 20402 5459 5 5459 5 31 5527 7509 2547 20402 10259 5 20463 19800 5371 31 13759 4 15678 13763 22843 4 31 15256 15457 4 15678 21704 6103 20293 745 15678 3388 5 31 10964 18498 8661 7509 5505 6103 4189 4 31 14156 7509 5505 7850 14534 5 20463 4292 12701 15678 1062 4 31 14810 7509 20357 4 18533 7730 21596 5 15678 2700 4766 10959 6103 11535 7730 22611 4 1612 21215 40 4 23135 3348 18918 15678 1623 5 31 15256 8418 4 7914 22463 1467 28 5 1393 22310 7509 14049 9193 22318 6256 7914 3962 4 31 15533 20402 18527 4 9193 9193 15658 14335 11862 5 31 28 16753 7730 17556 15102 4 22463 22310 14764 6103 6917 6389 3906 5 20931 5648 1393 19969 7730 15678 3388 7850 14336 7509 5648 4 9193 14335 13325 6103 22327 5 31 10343 14335 2322 18476 4289 7730 22463 9193 22318 1027 14810 1393 20830 18498 7850 1764 13346 5 
13055 20149 12780 7621 1249 4 13055 19900 20402 21389 21551 7730 19629 31 3512 6103 20069 4 4766 15678 21680 19565 4 15678 7127 13909 14155 15658 9010 13761 5 15678 4292 15658 20149 9743 17737 4 15424 15678 14924 14155 7914 9193 14487 5 
6103 21793 31 10273 4 15678 9707 18498 11139 4 15658 8995 19140 4 15502 19900 4 22805 16066 20357 5 15658 11284 28 7850 19415 4 15424 26 11943 4 15424 10273 4 15424 20799 4 15424 20238 4 15425 18720 6103 18498 1612 7127 9387 5 9193 9193 19900 18498 9387 7730 12861 20149 9743 2625 5 
15678 7127 18498 9901 11051 7914 9193 4 18498 12790 4 15658 9901 11051 13909 7914 13727 15425 5 7730 15658 11284 9965 4 18498 2631 7730 15658 11284 15678 18498 23135 9010 16721 18498 15128 12861 5 15658 11284 5995 18498 5219 3774 31 8959 7509 21680 20853 4 1612 15627 18498 21282 15678 15860 11578 17304 22805 5 
23135 20149 20402 4 31 16971 21596 8956 14069 21646 5 31 10273 4 12780 20149 16784 4 20149 18709 4 6553 4 23029 18394 4 7847 21371 12780 22463 7127 5 9193 21371 16440 4 18476 1920 20402 17629 5 9193 1612 7127 4 15658 4 1612 7127 20402 9172 4 15678 7127 18498 9193 15658 10278 23135 4 9193 4178 22318 11898 7914 9193 5 
17438 28 4 18498 23135 8918 6103 10278 871 22898 5 21 
15855 2371 14604 1095 28 28 28 28 
21 22463 7509 15286 13909 3086 18498 16098 8956 1249 20 
21 21 22632 12780 5590 4 12780 3224 
12780 4356 4 12780 21056 
6256 15678 14464 12960 4 18498 20402 20472 
17872 18044 20402 18498 9387 31 19661 
31 19661 12780 19662 4 19661 4 12780 19662 
19661 4 12780 19662 4 19661 12780 
31 19661 12780 19662 4 19661 4 12780 19662 
19661 4 12780 19662 4 19661 12780 21 21 21 
21 740 2727 
18498 23135 23104 4815 
17458 20365 
4796 20420 9010 22942 0 
19900 13761 4 19900 13761 
20149 11284 7594 22327 9901 13909 10544 
20463 19800 20529 7730 9743 16367 
5 5 5 
14604 2702 20244 15678 20463 15658 6075 
15678 28 4289 20244 16179 
14604 5574 20244 15678 20463 22463 16440 
20420 15678 228 7730 15658 20855 
5 5 5 
15459 15190 6103 21389 1249 
8406 21389 16083 
18498 20855 31 9193 4 11300 0 
8406 21389 16179 
8956 8147 
15671 7558 
8956 1114 
5 5 5 
18498 20855 31 9193 4 11300 0 
22310 1249 20855 9193 1114 13512 9801 26 26 21 
15708 28 17438 6256 17729 7850 7882 5 26 7509 7882 26 28 12790 
6663 24 5 5 5 
21 21 21 18498 31 9078 12780 991 7509 18498 20149 22805 21 21 21 
7509 22821 7509 22942 20 
21 20402 9193 10765 4 15658 8995 10544 17872 15502 20 21 
7127 6103 23051 7509 10943 7850 8686 5 5 5 
9901 31 7157 2371 23554 5 5 5 
21 28 17426 4 15643 20402 20 21 
21 12780 7914 16580 28 6103 2606 4 23135 18498 14335 8361 31 1027 31 17316 7730 31 13576 6103 22463 14881 10793 7730 18498 14335 9743 18533 4 22463 7127 4 8678 1393 14466 4766 14561 7509 2717 6103 20931 16192 5 21 
21 21 21 15678 11474 5762 7730 21371 7017 21 21 21 
21 21 21 11284 15138 14335 16784 8406 14667 9963 
23029 11474 3532 7730 2136 6615 
17908 1190 7277 7730 21596 15678 18376 7850 4387 
9193 4179 4672 20293 14335 4229 2031 
5980 4766 14604 3137 5 5 5 
3031 4 9193 15658 20402 6103 9847 
18498 5891 21596 9193 4 14335 7491 1095 14604 
20402 18498 22327 18498 9193 10959 
20402 11695 4 20402 11781 16066 8285 21 21 21 
3058 9971 6103 15533 20 
21 21 21 14604 17313 14335 22126 
15894 7847 15658 11219 21 21 
28 21 
3510 19900 7509 4672 5 5 5 23554 20149 19900 20 
21 21 21 15678 4967 11139 20826 
15678 4967 20 15678 4967 20 21 21 21 
20311 20 
31 23575 4672 20402 31 13909 7188 5 5 5 
26 26 5 5 5 
21 21 21 22327 15678 18498 23135 9743 
22463 7127 23151 17872 23135 
7730 20149 23135 9743 15678 13923 
4766 15678 13923 13909 21409 23135 12780 21596 6103 23104 21 21 21 
22805 22463 10606 18498 15658 19900 31 7178 8406 19077 7730 17263 18533 6075 2154 6103 4509 17380 5 5 5 
28 28 20126 5 5 5 21282 18533 7491 18498 15658 18533 13909 19900 6103 20931 22942 7730 18498 15658 10959 13909 6103 23135 20 14487 5 5 5 
6663 20709 5 5 5 15658 12780 14335 14055 20670 15678 19522 5 5 5 28 5528 22654 
28 20402 28 5 5 5 
21 6391 15138 21267 4 9128 18876 7251 17872 9743 17998 7509 18250 5 5 5 13949 16994 5 5 5 28 6103 3996 15528 28 28 28 28 28 15528 28 28 28 28 28 28 21 
21251 7509 14425 18471 5 5 5 
15678 18498 28 21596 17872 8644 0 
9901 31 7157 
1097 18498 18533 7459 14534 7850 20497 7509 28 6 14060 20 
21 16169 4 753 18498 9193 14096 31 20414 14539 7148 6103 21389 184 5 5 5 21 
30 26 15803 28 27 
15678 28 21371 12780 6103 28 29 
2700 7850 15880 5 5 5 
31 22821 20 
13909 22463 15081 17872 23174 7914 28 29 
8995 2371 31 18736 6103 15138 10765 15658 23174 7850 28 29 5 5 5 28 6103 3996 15528 28 28 28 28 14418 28 28 28 15528 28 28 
16647 1623 5 5 5 
6103 22327 17556 5 5 5 
21 15658 20402 9193 18498 8995 7491 20402 15678 28 28 4 7730 2371 7847 21371 8995 14487 0 21 
22463 7509 17998 13909 2725 18498 22805 15458 3621 5 28 28 28 28 28 28 14418 28 28 28 28 28 28 
22821 22823 20 20 20 

