21 7730 9193 15036 22463 17556 5 5 5 
21 21 21 8956 20402 31 9193 18774 4 22463 18774 6103 9608 20551 15894 31 15144 20402 9357 17438 20402 9808 7730 21596 15936 4 15894 31 23231 20402 20529 7730 15894 15678 16802 1393 11208 14239 20402 31 19150 5 
20402 11875 15658 22805 15678 16155 5 20402 11875 15658 22805 4796 8995 13909 7360 31 16793 22463 11474 18498 9142 7509 18498 22463 15144 18498 20149 7995 17438 21596 794 22463 20825 5 21 21 
21 31 13909 22223 20402 20293 31 14426 5 5 5 
6 
21 21 21 18476 349 4815 9193 12780 18768 20 21 21 20402 14539 0 
18525 14335 5174 19900 18498 20402 6072 18498 19625 4 18498 19474 4 18498 23316 5 5 5 9193 20402 18498 18476 14604 7127 4289 3702 6103 28 20402 1967 4 20539 4 9193 15658 20402 7384 18498 9193 8995 9594 9193 5219 18768 4796 20293 16721 0 19900 13761 4 20402 10259 4 13749 31 15138 1249 4 4796 15658 18768 0 15658 20402 17872 12861 18498 14604 22136 20444 0 
17324 2727 4 11462 9193 6592 15678 18498 20402 16784 18784 21793 15678 17304 5 5 5 19900 1612 8034 18498 15671 21389 13749 0 21075 20 20 17438 871 14764 4 4524 4 17458 20149 21596 22463 4672 18498 15144 19900 20402 13398 31 3393 7730 20202 7914 10366 4 15144 13055 20402 16404 22463 11156 20 
11462 12345 22463 15604 22136 6103 5590 5 14604 5826 7509 14049 20402 1453 22463 21 21 22278 21 21 6103 29 9193 4 21282 12861 5 5 5 15678 18498 17304 14335 349 7914 22385 17556 21551 0 
15005 7914 10366 1393 11534 10092 7730 20402 9743 14604 29 9193 7850 4413 18498 9901 13026 31 2301 15678 21551 21793 4 16066 20402 4 22463 5601 4766 15678 7127 4524 7730 15658 13727 2727 23068 5 
16083 16971 9743 15678 14539 4 15144 4766 20931 1095 4 21282 4 4766 20463 3439 4 11474 4766 20463 3439 4 11474 21282 5 
3450 11474 18498 16468 17438 9193 9193 16721 21 21 2717 4 8956 16468 20 21 21 5 7730 20149 16468 29 9193 7509 14604 16753 21551 6103 22137 5 2325 16083 11474 4 740 14336 13667 9193 13055 9901 846 4796 20293 5 8995 7914 20357 15939 4 7847 23016 7850 9193 7284 5 7847 7043 20463 3610 5 5 5 21 21 23 20 20 20 21 21 5 15855 16404 15678 14366 6103 10385 3849 4 18498 11284 6075 22463 13405 7337 7730 7847 8995 15560 5 16468 16673 7043 18498 15678 11474 8406 7730 15855 16404 19900 15894 7847 8995 4 17458 31 23577 4672 17106 7509 18498 19900 18498 21596 22463 11474 9074 23016 7850 20931 7284 20402 15658 19900 15894 7847 8995 5 5 5 
13761 8995 7847 5 5 5 20149 14258 20 20 5 5 5 2647 22463 14539 4 20244 15678 14465 18271 5 18533 18498 9193 15855 20 20 20 
11750 4809 31 5590 15678 13909 19871 18498 17304 4 20244 15855 17872 22305 4766 14378 7509 18498 17304 22805 20 20 20 14604 22137 13055 20402 4 9066 20 20 
9193 10127 31 17461 7509 22137 20 20 3790 13949 20 20 4766 18470 7277 7847 9066 15678 14604 7127 1920 0 4766 18470 7277 7847 14335 3532 7730 21752 14604 17304 0 23151 31 21596 29 1249 20 16784 9193 23180 18498 13749 21389 17872 5219 20 20 13949 20 20 20 9743 12861 4766 18481 15144 17438 7127 0 
7730 19900 15678 18498 20402 17106 0 21596 22463 6282 18494 7914 10366 7509 13616 1967 5 6408 18498 16367 6103 5590 21389 18481 9193 16882 719 9193 16721 6 21 21 12780 9743 22463 2372 5 15678 20 21 21 5 5 5 9193 6820 18494 18498 12458 5 17872 18498 9743 12861 0 17872 20402 19674 0 17872 20402 5885 0 
23151 17872 9193 3962 4 8995 22150 740 5 14335 20357 13923 17438 15658 21596 9790 15299 4 21596 6256 8956 3790 11922 4 20244 13405 22463 13606 5 5 5 12780 5360 9743 12861 4766 16083 4841 6103 13749 7500 5 8443 4 654 4 15678 15270 18498 17511 9743 20402 18267 15678 3962 4 846 16404 16083 15144 18498 8956 16421 20402 16852 5 9193 14335 18988 31 7491 18498 21810 5876 16066 9233 15678 13616 5 5 5 15658 16784 20463 8806 15643 20 20 20 1453 9901 21582 21 
21 21 21 18476 23135 19969 7509 1705 4 12780 22805 18498 31 13832 13055 8995 6652 11284 15138 21551 5 15678 18498 5360 5771 20402 31 17298 5 21 21 
23 20 20 20 
21 20402 22327 10765 5 5 5 
12780 19456 20 20 20 21 
21 11462 21596 30 7850 19856 20 20 20 9224 12094 9790 4766 15138 3870 17872 21793 15190 5 20402 21282 4289 4 6103 11115 20 20 
8995 10405 4 15658 20402 0 4687 17872 5980 18498 8995 4290 6103 3564 11570 5 
22126 20931 5758 16404 22463 7576 6103 5896 7730 4796 20244 5843 20 20 20 21 
13048 17872 18525 0 
21 7850 14307 21596 15678 13543 7509 28 7509 28 5 
18498 1114 13512 5 5 5 21 
21 21282 20357 15678 16958 5 5 5 
21 21 21 15678 6103 20402 14606 13909 18498 15678 7509 28 4 9193 15658 20402 10544 5 31 28 20402 22463 17556 13820 5 21 21 20879 12745 20879 
23135 20402 13688 5 5 5 1792 5 5 5 21 
21 26 16073 26 26 26 11943 26 26 
26 22 30 26 26 11943 26 26 
12863 22 20539 26 26 26 31 26 26 
26 26 26 26 26 26 26 
26 15803 26 26 
26 21776 26 26 21776 26 26 
26 26 
26 26 26 22 18740 26 26 26 
26 22 18740 26 26 14335 
26 26 26 26 16073 1631 26 26 
11617 26 26 26 28 26 26 26 
26 26 7585 22 21298 26 
26 11617 26 21776 8201 26 11617 22 30 26 26 
6 
21 7730 12780 17525 16083 22897 5 5 5 
11886 4796 31 23231 15658 21596 23180 5 654 18498 15678 4044 8406 7914 5322 20402 18498 12780 20149 17703 7914 1164 31 5995 6103 20214 5 5 5 21 
21 13748 4 11156 4 5523 7730 12440 5 5 5 
15138 10268 15458 2635 5 21 
21 23135 19900 18498 20463 7127 20402 23570 18476 23135 8995 16098 20931 2510 9726 7730 6103 19324 22463 9634 13512 6103 13805 17664 19450 1421 17872 22318 6075 22463 21 21 15834 21 21 5 6 
15005 7850 10366 7509 11534 10092 7730 14539 1920 9743 22463 1249 18498 15658 17736 12861 5 
8995 15036 6103 1114 4 2136 16784 15678 23572 5 5 5 21 
21 13055 20402 2727 7188 20402 15144 6073 7509 951 7509 14604 17869 5 20402 21389 19575 7501 4 21389 21 21 23151 7558 3962 21 21 5 5 5 
9193 15458 7127 29 4 18476 21793 31 14171 8995 6103 5648 16404 5168 6103 5915 4 20357 18498 21596 22463 28 5 5 5 
5 5 5 31 14171 18533 31 3393 6103 5915 5 5 5 5 21 
21 8995 22805 28 16811 4 9193 7491 18498 14604 13727 20402 7914 28 5 5 5 21 
21 5527 7730 18506 20463 4656 15424 21389 1920 4 15678 17807 8995 14245 4 17458 15678 21969 7509 11190 20402 13512 4 7174 7730 30 10131 20 20 
23575 11538 20 20 20 
23 7730 20244 9594 18498 15678 30 7509 26 26 22479 20879 20402 12094 20 20 20 21 
21 7576 21596 30 7850 19856 20 20 6103 11115 4 4766 4796 20244 5843 4 15823 17872 5759 7730 15286 3058 7850 4145 6103 20402 28 4 16936 7509 9009 23135 20402 5 
12780 20803 10765 20 20 20 
8 29 21 
21 17872 21793 11497 18498 8720 28 4 4687 7850 20497 4 11091 31 15286 4796 11402 5 5 5 21 
21 16971 18498 12442 15127 5 5 5 
28 28 4 9193 15658 31 5174 9193 13055 22318 452 5 
18470 15678 15190 18498 23135 18533 5284 0 21 
21 13026 20402 13909 10259 20 20 
14606 4766 22463 4 14606 4766 21793 20 20 20 21 
21 22463 3790 7491 21 21 17458 7847 20402 11474 5 20402 7174 5 5 5 21 21 7730 18031 21 21 7850 15144 20402 11969 5 5 5 21 21 
20402 21282 13997 4 10765 5 5 5 21 
21 16478 26 
16478 28 4 2829 4 28 4 28 7730 28 26 5 
30 28 28 16012 16296 7518 26 26 26 26 26 26 16302 26 26 26 26 7518 16013 16012 26 21 
21 28 16478 28 26 28 
26 15803 26 6 29 
30 28 16012 16013 16012 16012 14883 26 7518 1829 1825 26 16296 7518 16478 26 30 16302 26 26 26 21 
21 28 16478 28 26 28 
26 15803 26 6 29 
16013 16012 30 1829 1825 26 16296 7518 16478 26 7518 26 14883 16302 26 
17737 17438 15083 6103 6 15658 21596 4796 13405 7957 
26 28 21 
21 28 16012 16478 2829 26 28 
26 15803 26 6 29 
30 28 26 16013 16012 26 16296 7518 16302 26 7518 26 1825 1829 26 16478 26 30 21 
21 28 16012 16478 2829 26 28 
26 15803 26 6 29 
30 28 26 16013 16012 26 16296 7518 16302 26 7518 26 1825 1829 26 16478 26 30 21 
21 28 16478 28 26 28 
26 15803 26 6 29 26 29 
30 28 10083 26 16013 16012 16296 7518 16302 1825 30 26 14883 26 7518 26 21 
21 20402 7850 9193 2154 20 20 9193 21438 13761 4 22805 22327 7730 20402 9312 1920 18498 349 5 
21793 14604 1506 31 8956 15144 7730 15253 11156 20 20 20 
7730 20149 7847 9594 18498 31 18069 21438 10544 20402 17458 15678 19284 6281 8995 2727 14425 18498 6103 15138 969 17734 5 5 5 7730 14335 12025 15458 5 5 5 
10268 15288 2635 4 15108 20 20 20 21 
21 11617 26 26 21776 26 26 26 26 28 12863 
26 26 26 12863 22 20539 26 26 26 22 18740 26 
26 26 12863 26 
26 31 26 26 26 
12863 22 20539 31 26 26 26 
26 26 26 9971 6103 20247 26 26 26 
26 11617 26 26 26 26 
26 26 26 26 
26 11617 26 26 1631 26 
21 9193 15658 20402 15138 6103 9743 8956 21743 4672 9193 11462 6075 23167 5 5 5 
7730 8995 9193 4 11462 6103 14049 4 20202 9193 28 4 16098 26 26 4672 18498 9193 20293 8720 18481 8995 17703 4 6830 6103 22327 7730 4987 21282 7850 20799 5 23 5 5 5 16098 22463 15286 15138 1115 7730 169 31 13375 13325 6103 22463 16971 15138 8810 5 13325 18498 7847 14335 753 31 4913 15678 14604 10183 13909 15604 4 15678 13909 1341 7730 14335 6075 15678 11088 5 7850 22821 22327 18498 8995 19206 31 15286 7850 9193 22942 4 20402 31 2510 18498 13909 1027 16066 31 20588 7509 28 4 13477 31 7847 6103 871 10211 5 13325 21371 18498 7847 14335 14018 22463 14469 11462 4 2727 4099 4 17872 10657 18498 9193 15658 16784 15678 11538 7509 18069 7730 15855 18498 7847 15424 17629 352 4099 5 13325 18498 20402 7847 18498 14335 6075 15678 2963 7509 26 4 4524 18498 9193 8995 22564 5 13325 18498 20402 17872 7847 18498 18533 5320 22327 7914 17819 13727 4 18498 20402 7847 18498 20293 21582 14335 5139 18476 22327 8995 7188 7730 18498 14335 11998 7850 4671 18498 9193 9743 4 20293 288 22327 13512 4 14539 18476 8995 22463 3119 5 13325 18498 20402 7847 18498 22020 7599 15678 7127 21793 7914 10963 4 17458 18476 9193 352 20402 7847 18498 8995 879 7509 14604 13131 14335 8930 7730 18498 20402 31 7847 18498 9193 18968 18481 21596 7728 17872 8678 14604 21935 206 5 5 5 31 16971 14076 15138 6103 11018 7730 7509 19148 4273 18498 9193 15643 13325 5 5 5 
7730 5360 16721 5 5 5 31 4672 21282 6075 4179 17458 21596 15678 14539 17838 7730 11644 4 368 7730 3348 31 14539 4672 5 4524 18498 9387 23206 7178 4 9193 31 8959 20402 11686 5 9743 22463 19577 7509 14604 23575 18497 1249 7730 17556 7730 22805 15678 18481 9193 15128 7730 9239 4 18481 14604 11644 20149 10261 4 18481 4672 1540 7730 15678 18481 9193 23067 6103 15190 20149 9402 7730 19900 18498 7847 5421 7730 5421 15138 17872 21793 8956 15127 5 15658 20402 10544 5484 4815 4 11918 4 15999 4 12091 4 3183 7730 21331 9193 7847 5360 2371 5 5 5 10010 7730 10259 5 5 5 
7847 15658 20402 16816 4 15502 20402 7730 15658 20402 31 16821 18498 9193 17908 5 5 5 
13055 21596 15576 14924 19854 4 17495 21596 4181 18498 15576 19979 20402 13909 7509 18498 17504 5 15643 19698 2136 4346 21389 4766 22463 16971 7730 14539 6408 6981 21551 21793 740 9901 6246 22463 7509 13131 7509 16083 19698 4 19698 15138 4 6103 22327 4 17836 6103 15671 14539 5 31 9193 13324 20670 15671 4 7914 20931 13907 4 20402 9312 1920 6 10665 4766 7277 31 13764 7730 5992 7850 2601 5 288 18498 31 10273 7491 15138 20670 15671 4 7558 2780 18498 6075 19699 6103 22327 4 15658 14924 21282 15576 4 15658 11862 15894 8995 5 
7730 22327 18498 7850 6679 20402 18498 23135 20402 9808 4 15138 9808 4 21083 9808 4 12092 9808 4 9808 11462 4 9808 1022 4 9808 31 22942 21793 20 7730 8840 8995 31 20463 13131 8329 12861 5421 16404 31 9193 9801 5 7730 18533 18498 23135 20402 13591 16404 989 15678 23169 13909 951 7730 16909 15678 20826 13909 2725 5 
9808 29 5 5 5 
22318 1027 5 
23 5 5 5 8995 2371 15678 20799 18498 4809 4766 22327 12861 2371 
11617 7585 22 21298 26 11678 26 26 31 26 
26 22 30 26 26 31 26 
26 22 30 26 12863 26 
11617 7585 22 21298 26 26 26 10530 26 
26 11617 26 11617 26 22 18740 26 26 14335 
26 22 20539 26 11617 26 5 
26 11617 26 11943 26 26 
11617 26 26 11617 26 11943 26 
26 15005 4 26 26 
21 12780 18498 9193 10648 5 5 5 
28 10514 28 20539 28 28 28 21 
1027 15138 8956 13727 20 20 
21 28 16478 28 26 28 
26 15803 26 6 29 7730 29 
26 26 1829 16012 16013 16012 28 16012 14883 16296 7518 16296 26 16302 30 26 30 26 26 1825 16478 26 26 30 21 
21 21 21 16404 4913 31 7645 4 7847 12780 31 13652 4796 31 6103 28 28 4 6103 29 1249 4 7589 6103 18497 8963 18498 22782 2617 13055 8344 17438 15678 29 4 16066 22310 17438 15678 29 5 28 9743 16440 6103 22463 14506 21186 9818 4 7914 18498 31 15616 7730 15678 17635 21596 15678 7809 6103 22507 11112 6103 15144 18498 20149 1500 14539 18476 4872 7278 5 21 21 
12780 15146 20 20 20 20 21 
21 4796 12861 17304 20402 17521 0 0 0 
7730 740 21596 10765 6202 15678 17341 20 20 20 7847 19969 4796 20149 15299 21596 349 20 20 20 4796 4730 22463 1694 6103 10159 7850 15256 6103 22463 8696 6981 0 0 0 21 
21 28 16478 28 26 26 26 28 
26 15803 26 6 29 
30 26 30 28 30 14883 26 16296 7518 16302 7518 16013 16012 14883 16012 16012 5862 16012 10785 5862 16478 26 28 16012 21 
21 31 16971 20149 11862 18481 19900 5 5 5 
17438 22463 19652 6103 4796 20149 9743 14856 20 20 21 
28 28 26 29 26 26 28 16012 16013 16012 14883 16296 7518 16302 26 7518 1825 28 30 30 
20558 1920 5 5 5 20402 740 9901 871 7693 20670 15678 18498 20402 5224 0 
21793 9193 20774 31 23231 
18476 23016 6103 18525 1027 7730 5108 7545 15138 13909 5 5 5 
21 28 26 26 28 
26 26 29 26 
30 16013 16012 16296 7518 26 16302 14883 1825 30 21 
21 14604 15604 13591 4289 20 
28 16012 6103 28 28 5 
7847 21596 29 30 13909 31 20931 22703 5 14335 6472 31 7521 7730 17525 3450 22463 6318 5 
15678 17819 13055 8995 17989 5 5 5 21 
21 17629 9594 20670 115 7730 654 12780 9594 6 
14604 5574 4 9193 19150 20 
21 21 11061 20402 8637 7730 15658 20343 20 21 21 21 
5 5 5 
21 15855 21282 18525 4289 20 20 20 
2371 2371 22805 5 5 5 20402 26 15658 20402 10544 5 5 5 21596 4796 22327 21282 5 5 5 
23 6014 20 20 20 
15138 15708 31 21793 15678 8464 5 5 5 21 
21 28 26 26 30 
16013 16012 26 
16296 7518 16302 1825 14883 7518 30 21 
21 21 21 9193 20402 22463 468 1174 4 9193 31 4127 9901 15138 20467 
20402 22463 14481 7914 14245 4 7847 4730 31 14780 7509 20463 19678 7914 9193 
23067 13494 6103 2242 4 23135 18533 18498 9193 8414 31 9193 11647 
9193 20402 22463 468 1174 4 31 19652 20402 22463 14487 
23135 20149 13325 6103 18476 23135 20402 12979 7730 18533 4730 10159 7850 15190 0 21 21 21 
21 13909 6103 29 6507 17382 7850 28 5 
13909 6103 29 9634 15658 740 15658 21596 15678 7277 6103 8391 20463 15036 5 
16323 17872 14684 0 16323 16673 18498 0 
7730 20127 1612 18498 6075 15678 20044 7730 31 22942 16404 18498 11462 9193 17511 22583 7509 14604 7277 31 13441 20 8956 4 20539 4 14514 16323 5 14514 15138 13909 7509 18498 12861 5 14514 4 7850 15270 4 18498 2053 4796 31 18498 28 28 21681 11462 4 7850 7127 7914 18498 20149 4886 29 1249 7509 10927 14684 6103 29 4 20402 8558 6981 16169 6103 22463 22897 17438 21793 20 20 21 
21 18498 17461 20402 8956 0 0 0 0 
15658 5219 13471 4 15424 9431 4 15424 8386 5 
17438 9721 4 873 14335 7491 18498 12861 20402 22463 17022 6103 18381 10959 5 21646 12861 20 20 
21793 14604 1506 1393 20687 7730 20463 9626 7730 1612 18498 740 15658 19900 15678 18498 349 4766 20463 8379 18533 5 
15658 17511 11731 31 573 18498 1612 18498 20738 4 18498 20402 21898 4 9142 4 9835 4 20961 7730 7993 7014 16673 7424 7102 8995 20357 4766 8956 11020 14512 18498 12186 9743 5 21 
21 26 20909 26 26 28 28 30 5 
30 16013 16012 16302 16296 7518 20909 28 26 21 
21 22463 16468 20402 6075 7914 7284 1393 19575 5 
5360 340 571 5 5 5 21 
21 22463 23222 5320 22463 17556 20670 9193 7730 20670 22463 7509 4672 18498 13909 10959 6103 9743 7850 22942 20 20 
7730 18525 10959 16066 288 13278 6075 22463 15852 7850 14604 28 4 8995 22327 13761 5 6 
21 21810 8956 21394 7850 3790 20 20 20 
352 21793 7127 17872 20402 14425 18498 15908 7730 11462 9193 6075 13909 22463 16468 7850 6629 5 5 5 21 
21 21 21 7850 8377 4 11020 16440 7509 6428 7509 28 4 18070 31 13907 4 20402 9728 1393 14370 7730 18533 23177 5 15678 6428 28 28 28 18055 5371 15678 18498 5241 18053 7509 17889 5 8956 14054 18498 1614 8995 15658 19363 31 13907 7509 17436 3170 5 8956 6428 18498 11810 31 23175 8995 7850 5396 7509 18498 18533 15678 28 4 565 5 
15678 17549 28 13901 4 7509 28 4 11690 368 18498 31 19039 7509 13908 2032 1266 17431 4 6202 18498 31 9620 6103 2149 18449 15658 11810 6103 23174 31 14307 5 12780 4289 15678 14924 7914 18498 8956 17960 21596 6103 12780 1393 17270 7509 5993 5 20149 15658 20402 6110 7730 23174 1614 4 15678 17753 7509 3962 28 5915 28 12780 5913 15678 16296 6318 7730 2011 31 23167 7509 17563 6103 13405 15678 17960 1393 23175 4 1077 5 21 21 
18339 19575 5 340 571 5 5 5 21 
8 29 
7995 15138 5 5 5 
21 18476 22463 15952 9605 4 15678 15950 3532 31 2988 20 20 
21793 31 9193 20774 31 4060 5 6361 17872 21596 5658 18627 7850 22575 4 6361 20 20 21 
21 2371 17556 1276 6103 7599 9193 14335 19310 4766 12861 5 5 5 
31 20201 9115 7509 20463 18684 14335 4229 31 2031 6 21 21 12787 4 20149 13480 4 31 15144 15658 20402 14199 5 21 21 
22463 21394 7850 9193 3790 7730 7850 6103 15138 14197 17438 2371 5 
20420 22463 11020 17605 5174 8956 3592 7730 22240 22463 11644 5 21 
7730 21282 17107 5 5 5 
15658 19900 13471 5 5 5 
15658 16468 20 20 20 
29 6103 14230 5 5 5 
21 15658 18533 16323 4 18533 19456 16404 21793 31 15144 5 7730 15658 20813 11462 4 18533 20293 5 7730 15658 21282 16404 31 18498 23104 4 18533 16404 31 18498 13055 23104 7730 16404 1612 18498 23104 5 
11462 20402 7127 6103 4788 31 23091 9193 4 308 6103 22327 4 11462 20402 7127 6103 19229 7730 5360 31 13749 5 21 
753 2371 20 20 20 
26 20 20 20 28 9193 22318 1027 20 20 20 
21 9193 18533 20007 21793 5 20402 12130 15678 18498 9193 20357 18476 22805 22463 1229 15458 5055 7730 20357 21389 14378 5 
14335 21858 26 20402 31 14425 6152 18498 13055 21810 7850 22942 9193 740 14335 20357 22385 11878 5 5 5 
9193 4346 7730 15658 20402 17556 5 21 
21 14703 28 30 8 29 
28 28 7730 28 28 
26 26 20402 26 26 23247 20 21 
288 14604 15604 13194 20 20 20 
1966 20 20 20 
13909 15604 7509 18498 9193 5 5 5 17872 18481 20088 28 9769 15678 22958 7509 3919 21793 15678 28 0 
21 9193 4346 20 20 20 15658 2050 9193 16526 4 20010 20 20 20 21 
21 2371 2371 5 5 5 21776 7850 15894 7509 21559 7730 15719 5 
28 15247 26 15009 28 21341 28 28 28 21 
21 9743 22463 9173 18498 15658 17525 15299 7730 18476 19450 23151 31 7521 20402 17438 22463 3058 4060 5 
288 18498 14335 8414 1393 10268 5 
26 26 28 26 28 28 28 16012 16302 7518 26 21 
21 18533 22463 1249 15604 20244 10159 5 13055 18498 20402 17872 20402 15604 4 2727 18498 17304 20402 22463 15604 7174 5 21 
16323 15740 17438 13909 8956 28 20 20 20 20 20 
21 654 8995 7850 16668 20 20 20 9193 14425 1095 4 9193 4841 4 9193 8959 4 14604 22327 5 31 16971 18498 14900 14604 11644 4 20149 20402 15678 18498 20402 11462 4 7847 20402 31 17835 19483 5 
7847 14335 8361 22327 18498 19900 4 15138 21253 5 7730 14539 1920 20402 11581 31 17406 6103 18950 18498 1540 4815 5 
7847 14335 7934 15533 1603 15533 4 843 14604 4347 4 5876 7509 9193 7544 4 14335 6202 11686 13424 6202 31 5762 5 7847 5360 9743 12861 2136 11462 5 
9193 20244 7847 15658 9387 4 15658 17304 9387 4 15658 21596 4796 5 
15671 3213 4 9193 6722 4 1393 22898 4 9193 13895 5 9193 1114 17438 7847 20402 12277 5 5 5 20402 7509 6193 7509 18376 2136 15678 6014 5 
22318 1027 4 15253 5 20402 20293 20463 2689 7730 20463 4687 20293 12780 14335 843 5 
15138 15708 28 9241 21 
21 15678 7127 8995 4894 5 15138 7318 4 15138 14512 6224 5 9193 20293 9387 1612 4672 18498 9743 21 21 22657 31 16689 13749 17438 21 21 5 
7847 15658 20402 3166 4 15658 20402 13647 4 15658 20149 8084 9193 16155 6103 2717 7730 15658 20402 11474 20 20 20 7847 20402 22463 11335 18498 20688 31 13905 23014 18498 20149 17304 1487 31 22463 15144 5 
16323 31 21793 15678 8464 5 21 
21 20402 6737 12861 5 20402 22463 13749 7500 7730 15138 3698 4 14484 3698 5 
18476 23135 16721 18498 4179 18553 13055 8995 19450 4 4796 11688 6103 20015 4 23135 6592 22463 8429 4766 8956 3790 5 
2371 4 22327 6871 5 6075 22463 23167 6103 6820 4 19900 0 6103 26 4 6103 20149 8328 5 5 5 20357 22327 1467 17438 6389 5 20402 650 5 
9193 13398 31 3393 18498 1022 20402 13909 22463 7127 6103 13749 5 15144 7730 13749 20402 20622 5 21 
21 20670 15678 8503 14814 6103 11462 6 8995 1614 15726 31 16971 7491 18498 21 21 18525 4809 20402 7847 21 21 5 
8956 16971 17629 1540 31 20369 31 4672 5 12125 7509 6428 20402 16066 15658 21 21 31 17106 17106 7509 15190 21 21 4 7847 20738 22463 684 28 7730 18233 7730 15678 683 7102 20402 19479 16673 20463 2073 5 21 
21 21 21 9193 21282 15658 9142 31 20304 17458 31 20304 15658 14514 20 21 21 21 21 22632 20 21 21 5 
8956 11474 15658 14335 19363 9193 20402 7855 17438 23174 17431 4 16066 20402 4 19363 15138 10765 5 17511 8995 1190 7850 28 4 7850 23572 16066 7850 14594 7730 1393 14604 13131 17304 21596 22463 20402 18498 16721 4796 7847 5 
2371 4 9193 16836 4 4796 20149 20357 20215 0 9193 10959 6103 19900 4796 20402 19969 6103 3962 20244 14378 4 20244 18873 4 20149 20357 21916 13591 4 9193 19900 18498 8329 16971 4796 8956 11474 20402 7855 12861 8995 31 10625 6103 7419 5 
7730 15671 0 15671 9743 15678 18498 0 20202 7914 10366 20 8037 4 15144 20 6428 28 28 20931 13764 20402 9193 13764 20 20931 13764 21371 20402 9193 20 
20402 28 21 
21 5 5 5 7730 20149 20402 18475 15144 4 21371 8995 8561 20 20 21371 20402 191 20 20 20 19456 31 14703 17458 20402 16971 7730 17458 20402 20931 15253 4 1095 4 9942 4 21739 4 17812 7730 2964 2964 2964 5 
31 23577 4672 18498 15658 20402 20402 20931 6103 871 10211 5 15144 4 8037 21 
8 29 
15144 8037 20 
21 15678 19218 17737 15458 18351 20402 11886 5 22463 20694 7850 9193 3790 5 
17629 6103 13909 4839 7730 8012 5 
21048 10260 31 23051 5 5 5 21 
20244 51 20 20 20 
6 
8 29 
21 352 11462 6103 14049 7730 18476 16647 31 5593 15855 15678 18498 23016 13026 20 20 20 22463 13512 17524 7509 28 28 28 4 7278 6103 28 5 23 5 5 5 
7847 12780 9901 11134 7850 9193 5787 4 13026 4766 20463 12787 6103 14539 16169 7730 9193 7518 5 21596 22463 10273 7509 28 28 21371 4 16066 20402 4 2371 6389 21282 21596 4672 8815 8810 17872 9193 5 
15138 15708 28 17438 13909 8956 3870 4 2156 13909 740 31 9193 20126 5 740 2727 18498 23135 8995 23151 16673 14466 17438 22463 21551 5 8 29 21 
4289 6103 9942 9942 5 5 5 
21793 26 14514 22463 20207 4245 5 5 5 
21 16083 4672 18498 9193 10959 6103 9743 7850 11518 22640 5 
23314 7914 17218 6103 13549 5 
20149 13480 30 4 22805 20931 10273 11462 7730 13325 18498 21596 9790 8956 14298 16404 15678 30 29 5 22463 20402 7509 28 7730 31 16083 20402 7509 26 5 21 
15678 18498 13909 7491 6981 3790 5 5 5 9605 15299 21282 4854 5 
21 8 29 22463 7509 9193 15286 13909 1027 6103 21793 7730 9193 31 6184 17872 23135 4 28 28 5 
9193 21776 15036 6103 20126 5 5 5 21 
21 7730 2371 4 7914 14336 31 21389 2376 7730 7415 6103 23560 11046 4 23135 18876 22463 15588 18498 22318 21752 7509 7841 5 5 5 7850 22821 4 22318 28 6103 23151 15423 4 22318 13325 4796 31 4672 18784 20402 5 5 5 19120 6103 15908 15643 9743 21389 20357 17872 9193 5 
7509 23575 22897 18498 9193 22318 22805 20402 4796 20293 4 15138 17758 4 16083 19768 4 16083 17840 4 31 4189 14156 20244 6086 17872 6408 22240 11644 4 15678 134 18706 6103 21 21 6408 15671 20149 22261 21 21 5 5 5 9193 6981 22897 15658 21681 6408 5 5 5 
15643 22318 22805 6103 16083 10211 20149 15658 4766 22463 20853 7850 19800 4 20293 9305 835 15658 11862 31 20644 5 
9193 12780 11139 31 3058 13324 7730 31 4189 15658 14156 5 
7730 6981 11454 9193 13405 31 13606 5 15678 4549 654 9743 20357 5 9743 11462 4 9743 654 4 7491 22318 1027 15138 22898 5 5 5 17458 15678 11462 17304 15658 349 5 21 
21 9193 20402 17872 4623 14539 20 20 20 5772 7509 11493 20 20 20 20 
7730 1393 18823 1393 14604 19030 4 9193 21282 16393 13278 4 9193 23174 7850 28 7730 16083 4671 13909 5 5 5 
2702 21 
21 15424 22327 20402 10095 4 9193 9193 19900 17872 18470 13131 31 9193 2462 16958 5 5 5 21 
21 15678 13397 7509 30 15061 18498 15678 15677 6103 6428 13480 31 4060 20699 3510 4 7637 4 7957 15678 15677 21911 740 8995 20402 3537 5 31 18010 7509 10366 20589 21371 20402 19038 18494 1393 14561 6 6103 29 16404 29 16412 5 13026 4766 31 19039 6981 11112 4 15678 115 4 15678 3960 8406 16971 7509 14539 20471 7730 31 6654 7509 7645 21535 18498 16871 15678 6110 7850 17819 22358 7509 7363 17749 21596 17555 4245 6103 20402 110 16673 5168 7855 4 18498 21810 17511 7914 9883 6103 29 5 
21 21 17511 565 4766 20214 18498 11284 19575 7914 19225 31 8956 16568 5 20149 7850 2118 5168 11284 7181 16404 18498 7847 18028 4 7850 18195 12861 20402 15138 13909 1133 5 11284 22463 19039 6103 18525 6202 8956 16568 7850 28 7730 17596 7521 15678 15677 6103 18525 20402 5371 21 21 4 7491 5 21 
21 20402 28 4 21631 6103 18822 7509 3805 20 20 20 18533 14335 8233 15658 3320 4 12787 5 21 
21 7509 17872 4730 7850 16395 20 20 20 
28 17872 17438 7850 16395 6170 21 
21 9193 9980 5913 31 17972 18498 9743 31 22463 16971 12094 18498 31 22942 4730 7850 14604 3610 5 28 5 8840 18498 22318 10959 4 16721 7850 22318 8992 5 
17872 8956 7558 21371 14335 12442 7850 13591 17525 1276 5 
16013 16012 14883 16012 30 28 16405 26 28 10095 22720 6170 8992 30 21 
22540 20 20 20 11731 8956 5759 5590 16673 18694 5 
21 6103 15604 26 20 20 3805 4 3532 20931 2988 6103 5859 5 5 5 13600 11570 5 21 
18498 15538 20 20 20 20 
21 21 21 871 5243 6 
29 26 28 20402 22886 17438 16440 7509 17436 4796 22463 16918 3861 7730 17438 16440 7509 12974 4796 22463 1572 1393 10366 6103 22463 13285 6103 965 5 1603 8956 7314 12017 6103 23014 5371 11503 4 17304 15138 2727 8406 7850 4023 6103 5775 5 
29 7850 19415 20699 4 16440 7509 13310 1502 26 28 17438 7847 21596 31 5521 6103 7491 15678 18498 16721 22 22 5 12861 15658 20402 5521 4 20402 11665 5 20149 7847 16721 1612 16137 6103 20029 4 18498 11139 16404 20500 7730 15658 17999 12861 7914 22463 19415 15291 6103 21525 4 20402 22886 17438 14676 6103 16971 4 7185 7730 17982 15678 23560 5371 16971 5 
29 7301 6103 18525 565 18498 20402 14425 18498 12861 20402 7491 85 16404 15061 15678 18498 15770 7850 20997 7509 20709 5 17458 12861 15658 8995 7850 20997 5 8956 8754 5590 31 6014 155 4 7127 31 18394 7127 4 7491 7730 19335 9318 4 13045 2073 6103 23014 5 288 18498 15678 12158 4766 31 4127 9790 17438 26 7850 6110 20402 31 13907 7509 17436 0 19900 6103 15299 4 12372 20 31 13907 288 11066 7850 18498 7847 9594 16066 14539 5018 4766 7847 5 19604 15678 18606 4 17477 0 15678 8832 7850 18470 31 13907 13055 20149 22805 7151 0 
29 20402 22463 7861 6133 4 4766 3665 18498 18784 8995 17703 4766 31 7206 7509 16971 4 21793 7730 21793 12784 19393 22739 31 9605 11495 6103 26 1393 9975 7509 6110 5 9193 20402 3450 22463 17438 20500 7914 22463 11020 12780 22564 15576 21551 17623 16404 21582 1209 871 23176 7850 9605 9975 22 22 5 16066 4 17106 6 14425 15658 9594 15299 16404 15658 16784 15678 23176 7509 13982 18498 5018 4766 15678 18498 7847 7491 22 22 5 21 21 21 
21 20559 21596 22463 18381 15533 6103 20828 5 15658 2626 15678 18498 15678 3664 7509 529 6994 7914 19415 15291 13761 12780 9193 13359 15678 4795 7914 22463 17523 6103 28 10763 20670 15678 349 5 9193 14335 16836 17438 18606 9193 20402 9743 12861 0 17438 18498 9193 13359 0 17438 18498 9193 155 15678 26 18498 17525 0 17438 18498 8995 31 13909 6103 22463 11518 14335 892 4766 21389 15401 4 1872 4 17635 4 23560 0 17438 18498 0 17438 18498 0 
31 11493 7914 19415 15291 13055 11284 14335 9790 15138 13923 4 9193 4 3790 4 13359 15678 18498 9193 13359 4 7914 22463 18351 6103 22463 3664 6103 8933 18498 4 21593 4 7102 20402 22886 7509 20202 17438 16971 18498 4854 7509 14539 11637 7730 1570 31 18006 20402 4327 7730 7016 5 
18476 9193 16721 18498 21793 31 13749 4 21793 15678 8744 4 21793 31 5459 9193 9743 6075 22463 16468 1393 10366 4 14335 6396 4766 12861 7730 16765 18498 19152 22463 29 5 
9193 9193 15658 12780 6820 17458 8329 21596 22463 14758 11284 13749 20 20 20 
19405 1393 17750 28 28 20 21 
21 21 21 22805 20149 15658 20402 17681 15678 683 31 20644 19604 16673 6075 31 20202 7 20813 7914 29 4 20402 19140 29 4 29 5 29 13370 5576 4 29 5 29 7730 29 5 29 9143 1453 1614 7850 28 5 12255 4 15678 19522 6981 684 20402 29 5 29 3026 6103 15771 19140 4 15894 1453 29 5 29 19522 7914 12392 17343 4 29 5 29 14370 18057 4 7730 16458 4 1453 29 17856 5 
6408 7509 9456 7509 6075 308 14335 3391 22463 18548 6 15678 15677 1547 15658 20402 21036 16404 6391 31 11059 7509 23014 6103 11205 7850 16587 0 
16391 18498 15658 5 21596 22463 5896 20419 14814 7730 6566 12472 16673 8995 18476 9193 6396 4796 22463 14080 4766 31 12551 21858 7277 15678 18498 13055 16393 13299 4 15678 23560 1393 15144 5 21 21 21 
20402 13170 15678 18498 15678 10982 7509 18201 9743 4766 15678 28 
22463 7509 19218 13909 11532 6103 9142 18498 9193 13055 13359 5 5 5 8956 14464 17629 6103 753 5 
21793 6103 7102 3913 8956 16958 13030 20 20 20 
10765 5 5 5 31 22942 18498 9193 18533 5 5 5 
21 5658 4 20539 20 20 20 20 21 
21 17438 22463 20709 15894 17511 20402 1453 13591 20 20 20 20 
15538 20 20 20 20 21 
21 30 4 23135 20402 13512 20 20 20 20 21 
21 30 20 20 21 21 21 
28 19668 8 29 
21 21 21 8995 22463 2429 5 7850 1705 4 7850 3393 4 7850 5528 21 21 288 16784 17438 2371 5 288 31 10343 2727 3086 5 3058 15533 2371 5 5 5 21 
21 20194 15658 4 7802 11474 20539 20 20 20 22891 20 20 20 21 
21 2124 20 20 20 20 
15678 14464 2371 20402 482 7730 8995 15138 9808 7730 2727 6103 20127 5 15708 31 21793 18498 4854 7730 18498 20149 11862 6103 871 10211 20 20 20 20 
9975 9808 20 20 20 20 21 
4346 2510 6103 22 702 20 20 20 
18498 18498 20402 12861 20 20 20 
21 20402 4 9193 18533 15740 4 31 13749 6103 23135 740 20402 13669 7730 23497 5 5 5 21 
21 14604 17838 9193 15658 22805 20 20 20 
12861 13055 20402 22463 7318 10883 4 16468 7509 11518 7509 8057 3170 4809 31 20149 18549 5 
4289 6103 8821 20 20 20 21 
7730 740 21596 10765 18498 288 18498 9819 20402 9303 5 12960 22463 3059 13640 7730 7076 8956 15190 6103 22463 22897 5 5 5 
3472 14604 7589 0 0 0 
21 20539 4 9193 13749 4796 22463 10672 20 20 20 7730 13033 18498 6075 4179 20 20 20 21 
12577 5 5 5 
23135 22805 15678 2561 0 
15138 3058 15678 17960 20 20 20 13055 9743 15678 14604 3454 5 18525 23016 4815 0 12780 5284 13030 20 20 20 20 
7730 22463 13764 8661 5 5 5 
20402 1097 7730 31 9634 8995 6739 20 20 20 20 
21793 17629 6103 22463 19313 9193 15678 12939 6103 6075 12939 15658 21061 20402 4766 15678 1114 20 20 20 20 
7 6103 
7 6103 
30 19169 20 20 20 740 9387 1114 7850 15190 20 20 20 
5 5 5 7730 14604 5528 20149 8125 6103 3321 6 
21 20402 7023 15678 18498 21 21 15678 11020 4147 21 21 9743 4766 31 4417 18498 20444 6103 21 21 19419 21 21 5 17872 23135 18498 10959 6103 8386 17458 15678 15669 2442 7509 4891 28 15658 20402 5891 7509 9620 6103 4380 7730 20539 7509 12819 7730 10653 7509 11474 5 21 
21 15658 2439 16848 4 13667 6103 20402 3326 5 10672 7730 10673 20149 7451 4766 15678 18498 20244 14378 5 15658 11731 15678 498 18498 12780 20402 5 18525 20402 18498 15344 17309 0 288 18498 15502 5 
9942 14604 15658 12780 1190 4766 10765 1920 4 12861 15658 20402 4672 6103 28 20 
15658 6256 4289 16936 4 7847 21596 20463 17877 5 15658 20402 17877 20463 20 
22463 15658 19900 13471 4766 5518 4 15678 16083 15790 10716 5 9193 15894 12861 4809 15658 19900 19474 4 7558 14758 18498 17304 20149 8386 7730 13030 12780 991 5 
14335 8147 2116 7509 9193 22765 8632 17872 19450 6103 22463 22897 5 17872 8011 8956 11454 873 1614 21596 18498 4099 5 
4289 13909 16936 17872 9193 22805 23135 5 12861 12780 7545 9193 20402 17605 5 22327 18498 9193 22318 9743 23135 9743 21371 4 12780 22318 22092 2727 20 
21596 871 7251 17872 10765 21075 5 12861 1614 20402 22463 12261 4 15643 13909 22318 22805 20852 20 
18498 6996 13909 3413 5 21 
21 28 28 4 26 26 28 28 5 
28 2352 1034 28 28 26 28 16302 14883 16012 16012 14883 26 16012 2352 1034 16012 26 16013 21 
21 28 28 28 4 3385 20 20 20 20 16323 16673 2053 30 20 20 20 20 21 
8 29 
21 28 20909 26 26 28 28 5 
16012 16013 16012 14883 16012 22825 26 28 28 28 28 28 26 28 21 
6 5 5 5 11156 20 
28 17125 15658 16002 20 20 20 31 10673 9605 6103 1453 22463 4896 18607 22602 5 5 5 1453 22463 6103 7120 5 5 5 
21 21 21 31 5734 16066 15658 5734 19239 6103 3450 3664 21282 7491 19456 1393 7858 20149 8956 5734 16066 15658 5734 12584 7850 10657 7509 7277 10480 6103 18525 9743 8637 7176 7850 23513 7509 20931 22942 17858 5 11474 16066 15144 18449 10982 16404 1901 15678 7277 10480 6103 21793 15678 18498 9743 31 14539 8637 14996 18498 7847 7730 21371 15678 18498 15658 9743 5 1393 22020 15678 115 7914 14886 7859 16404 9711 15678 23174 19239 4 31 6340 8661 16404 15678 8754 5 21 21 21 
28 28 
21 27 20 20 20 20 20402 21282 1937 17872 753 7730 9193 10657 18498 23135 15658 12780 20149 1788 5 20463 7127 12780 9901 15138 14425 5 23016 9743 21 21 23 21 21 23135 21371 20 20 20 20 4854 5 5 5 21 
21 18525 6400 6103 13539 2352 11462 22318 10131 13511 20 20 20 20 10982 6103 20402 28 4 9743 15678 14425 16404 31 17436 20 20 20 20 21 
21 13026 15286 3058 4 8988 10131 7730 20774 4766 15678 2822 13979 20 20 20 20 22463 18339 9365 14464 20 20 20 20 20 21 
21 23166 22494 20 20 20 20 
21 991 6103 22327 12861 18498 20402 15138 2727 7491 16673 9193 1095 28 28 21596 18498 13325 18498 15138 970 21596 20463 17962 18988 5 
7730 439 31 13046 5 5 5 15677 19038 6103 3047 2275 5 21932 18494 29 15266 4 20244 18876 15299 4 8840 19969 20931 3047 7730 7850 9975 6592 18498 15658 12780 19761 17438 7355 17555 3047 7730 18498 20463 17960 15658 20402 5327 20402 21646 5 7730 7491 12861 17438 9422 18191 5 
16066 20402 4 15658 21596 18610 29 4 29 16404 15678 9128 6103 12347 4426 4 9193 21596 29 14667 16404 15678 19193 5 5 5 15894 9010 15678 8561 0 21 
8386 0 15424 9193 5 5 5 
21 3610 7509 19837 4 1393 20799 7509 4380 15416 5 9193 14335 172 20 20 20 20 20 21 
21 14336 21625 20 20 20 
21 28 4 31 10700 28 5 5 5 28 28 21 
4380 20 20 20 20 
18498 28 20 20 20 20 
21 28 28 28 7730 28 4 3450 7127 14335 7995 13909 5 16323 20 20 20 19379 6103 1114 29 
21 
28 30 16012 26 16013 16012 14883 16012 
21 20207 16440 7509 26 26 15803 30 
16012 26 16013 16012 14883 16012 21 
21 17819 16440 7509 26 26 15803 30 
28 16012 16012 14883 16013 16012 26 21 
4854 11462 13909 4099 22463 16620 6981 11454 5 654 1614 9010 7847 7850 12521 5 
20402 5 5 5 
22657 31 7481 20 20 20 17458 8995 21793 11943 9808 5 5 5 
21 17083 14860 6103 26 26 26 28 28 5 10544 6103 9743 9193 20402 7451 26 21776 26 26 12863 22 20539 26 5 
16013 16012 16012 17083 16012 26 17083 26 21 
7730 9193 14335 16836 5 5 5 17438 18498 0 
21 11560 6 5505 7509 15190 5 28 5 4766 5 3148 15599 19007 29 29 29 7914 28 23114 7509 5505 19440 17438 29 28 9193 9901 20244 3962 5 30 
5505 17872 18525 0 21 
18476 9193 15036 20402 1920 18498 9193 18533 15678 5 5 5 5 4785 5 8 29 
9688 15658 16468 20 20 20 20 20 20 
26 20 20 20 
21 23167 20149 21075 4 6103 6820 6103 22327 5 5 5 21389 13749 4 21389 15127 5 5 5 15658 5219 8386 17458 8956 4672 740 349 5 5 5 5 21 
6 6103 
21 17872 23135 18498 368 7850 17286 4 18498 288 18498 17377 21596 18498 21 21 14577 31 17462 14539 5 
23135 1025 7509 17286 1937 4766 2625 2031 7730 5360 6202 8956 5580 6103 14512 5 
15538 20 20 20 20 21 
21 16404 21793 15678 18759 18498 1027 31 17286 5 5 5 
28 22 20539 26 5 8 29 
10152 20 20 20 3014 6103 15481 7730 3031 17790 20 20 20 
21 9193 2700 14604 15311 7850 17819 21 21 8147 21 21 29 1249 2116 5 22327 2727 18498 13055 11284 9193 8581 17438 2371 4 9193 8539 18494 9077 5 31 9422 7509 26 7102 21596 20402 2727 13909 4891 4 9193 18784 5 5 5 21 21 17458 15658 0 21 21 21 
28 13591 20 20 20 
8 29 8 29 8 29 8 29 28 28 28 28 3385 5 
21 15855 2371 4 28 28 20 20 20 9193 22318 7491 18498 7847 8386 15678 18498 15671 9605 5 20402 17438 12861 18498 9901 7914 4328 18476 23135 9996 4346 20 20 20 8 29 26 21 
11731 31 9193 9801 0 20 0 20 17872 10366 14464 20 20 20 23135 20402 14604 15995 20 20 20 
15425 21931 7102 2133 15678 6576 7509 10982 5 1506 21911 31 4060 5 
13512 5 5 5 
8 29 8956 26 6075 22463 15671 7850 9193 3393 5 20559 20311 5 15708 28 28 17438 14335 6075 31 15941 6103 5174 8956 11454 5 
4676 5 5 5 10765 7542 5 
17458 15678 18498 10473 20402 20336 31 17462 7730 1045 30 7850 17525 5 5 5 
8 29 
21 9948 4 9948 7730 13909 9948 20 20 20 20 20402 29 7850 21911 4 17629 6103 22463 16292 16066 15253 17872 4229 6103 20463 20931 5 
9193 31 489 15658 20402 31 23577 10211 6103 753 5 7847 20402 15138 4 17629 6103 15138 4672 6 22623 4 22846 4 18738 6103 9948 4 28 17872 6844 5 5 5 
18525 17304 753 20402 15138 2727 23016 20 20 20 20149 15658 17304 4 753 4854 5 21 
18533 22463 9634 1920 20 20 20 28 28 7730 28 28 15036 6103 10151 5 5 5 
23 15138 13512 20 20 20 
10151 20 20 20 
3450 7127 13909 8095 4766 31 3385 5 5 5 
18498 17304 753 5 5 5 
21 21 21 20670 31 15627 7509 13819 
15678 9142 20402 22463 7509 9943 2627 7509 13819 5 2627 17458 6075 11328 15678 22130 4 9193 15658 15678 18953 5 15678 13819 20402 31 18657 17309 18498 10808 7914 20751 1671 7 20402 15678 12760 7509 8863 18498 7981 7850 21631 19835 7 20402 15678 3579 18498 20149 12454 7850 3539 5 15678 13819 8995 7914 21793 16440 5 8332 5 19378 13597 20463 17309 10437 7730 892 4 4766 7847 4 21942 7730 17304 1497 5 15678 13819 22886 15138 5527 4 15138 14856 4 15138 15540 5 15678 13819 20402 31 9193 5856 1393 19969 5947 7730 1393 6174 7 15678 13819 20402 31 9193 19398 1393 18339 7730 5016 10895 7509 4982 14464 20060 28 28 5 15678 13819 20402 31 5838 7509 115 22122 6103 19240 7 20402 4 21371 4 31 17959 7509 15974 7509 15144 5 15678 13819 20402 23501 6103 15138 10616 5 21 21 21 
18525 17304 753 
21 21 21 23135 4 11474 4 18476 19969 7850 28 1393 15533 4 9901 6103 15855 16404 15658 20402 1889 4 9193 15658 21535 18498 873 155 20931 16882 1393 10268 7730 8406 7914 23135 5371 20931 23167 5 15678 12974 18498 20402 1393 28 21596 14378 6103 20402 676 4 20389 4 15036 5 9193 21282 31 12974 21596 14378 6103 20402 23001 20479 5 
17458 9142 20402 22463 5767 22405 7509 13819 5 20402 22463 23014 8831 5371 31 15144 5 20402 16404 15061 18525 14018 7730 18525 20402 15678 15692 5 21 21 21 
21 21 21 20402 13923 28 17458 4 20149 9193 15658 3962 2136 22463 4179 11636 4 15502 13909 12780 14335 18533 20 15424 20149 9193 8285 4 15424 20149 9193 7916 6329 4 15424 20149 9193 20402 15138 17307 17458 12861 1966 4 15424 20149 9193 20402 15138 20969 4 15424 20149 9193 20402 15138 12534 4 15424 20149 9193 20402 15138 3341 4 15424 20149 9193 15658 14335 6403 4 15424 20149 9193 9594 16195 4 15424 20149 9193 10959 6103 19969 1393 15533 4 15424 20149 9193 18533 4932 21267 4 15424 20149 9193 15658 18533 4932 21267 5 21 21 
20402 21 21 15424 20149 21 21 6329 17872 20149 20357 28 5 5 5 21 
21282 17872 2322 18498 20149 9193 22805 873 13253 3906 7730 18582 4766 14044 12780 4289 7850 23122 20 20 20 
13512 5 5 5 
20244 13909 5 5 5 
26 26 26 5 5 5 
17286 9942 7509 18339 20 20 20 17446 9660 6103 14512 20 20 20 
5 5 5 6 
23 28 28 
21776 18533 22463 19768 11462 5 14335 5474 20 20 20 20 17438 9721 20 20 20 20 20 
20402 5 5 5 
23 20 20 20 20 13194 21557 16066 481 
31 18525 12578 5 5 5 5 
18470 31 3058 6103 11462 0 23 5 5 5 5 5 
1114 1393 18195 5 5 5 12861 7102 9387 15678 1249 12526 5 
12094 20 20 20 
5 5 5 28 28 
21 15643 14335 11731 6103 3388 5947 4 9193 31 12346 7509 28 28 7730 7509 28 14335 7995 4 21787 10484 7850 14604 5528 5 
19450 7512 15678 14604 3388 16404 15678 3385 4 18498 2092 6103 16378 4 5087 16945 16404 5758 4766 5997 5 
31 26 20402 9193 1095 6103 12319 8443 20402 16973 8414 9193 5422 7850 3962 6281 5 11731 31 9193 8003 18476 6592 18498 7847 18876 3388 6103 23206 8974 5 9193 8147 4 8406 31 3512 6103 20174 4 19261 6103 28 4 28 4 12589 6103 20402 28 7730 14703 20 20 20 20 3450 3512 4766 22463 4 7558 4 22310 4 4436 3388 6103 21364 22702 5 6389 7509 3512 21371 9387 11454 4 3927 9431 15678 17458 7509 7514 5 9193 15658 13359 15425 4 9193 11731 15678 20352 7914 3450 22463 6281 5 
20402 18784 22463 2725 17960 5 8995 9522 7995 17438 16429 6318 5 8840 18498 18028 3450 22897 13909 5 
8995 15999 6103 23135 4 14464 4 16673 8017 7730 12346 5 
16323 20 20 20 21 
9193 7545 14604 3388 20 20 20 20 
8 29 
28 28 
28 28 
23 5 5 5 5 15036 5 8 29 
21 9743 871 19488 5 5 5 
15658 20402 22463 21 21 429 6103 10548 21 21 7730 4 20539 4 22463 21214 7509 2060 4 9233 15678 5322 7509 4964 4766 15678 23481 6103 17390 7730 4766 31 702 7509 2681 18498 8995 4766 15669 6103 4717 9762 14512 4 3119 4 21767 4 9170 5 5 5 15138 7883 5 20244 9594 18498 16404 871 5943 4 7509 7127 29 29 29 2136 15678 7127 29 29 29 20420 1453 22463 18896 4 17324 31 2154 6981 5943 23151 13640 18498 9978 8956 16953 20402 15678 3962 7509 14604 5942 5 14539 4766 31 21214 9193 13055 21596 2154 7730 18069 621 16404 12897 5 
31 11076 6103 29 28 18498 15678 3633 8241 15658 20402 1453 7509 17931 4 4796 21048 31 18264 7509 10179 6103 20402 28 5 8956 11076 22507 4 6103 10211 23577 7730 12758 7850 22575 4 31 22310 4023 4 17931 4 970 7730 10474 5 
7730 4 17438 9971 4 31 23498 15894 15678 3633 20402 5284 20402 22463 23498 1059 17883 17438 20402 22463 23498 6103 23207 23498 18498 12693 7730 16673 6429 7509 19547 7509 13602 7509 19698 28 5 14244 4 991 7384 4 9387 22463 6429 13909 18886 6103 21631 15138 21631 5317 4 13469 7730 6103 17886 6621 18498 17107 12106 13909 31 4672 5 
7491 22327 12861 4 8956 7789 7509 10179 19525 2727 15678 18498 9010 349 7850 3633 13359 7509 22575 4 31 9193 18533 28 5 21 
31 30 13923 20 20 20 
12780 482 20 20 20 
21282 20357 15995 6103 23135 20 20 20 
2371 18482 10765 19854 20 20 20 15855 8956 3790 5 481 4766 18582 7730 15138 1114 16404 8956 7558 5 489 5193 5 

