20402 28 
134 16404 15678 9840 
7730 26 10606 
26 20 
28 22 20539 26 26 26 
21 26 11943 26 8184 4 26 26 26 26 11617 26 21776 26 26 26 26 5 21 
26 26 26 26 20 20 
20623 28 14334 28 6 
21 23 4 9980 1022 20 30 21 
21 9193 21469 4 11156 4 9942 7730 14425 1095 5 29 1249 6103 835 7730 1114 12051 4 29 15266 6103 13749 7730 18498 15658 20402 16784 5 21596 4181 18498 654 23135 8995 21978 7730 15658 20738 13909 5 19507 31 20126 7730 31 13512 13324 18498 23135 14335 6256 4 991 6103 21793 1542 18498 21596 1393 20463 13131 5 8995 7914 16580 4 9193 1095 5 20293 22318 1033 5 15708 1393 1097 18498 1502 8956 16953 7188 5 21 
22327 5692 
654 12960 22463 28 20 
21 28 28 4 28 28 4 28 6103 28 28 4 28 28 28 1190 8 29 21 
26 15890 20 20 20 19735 11943 19698 
21415 28 13640 14466 30 
21415 28 23351 26 
28 1408 20 10447 4766 15678 4468 15643 22657 21389 31 16689 5 
7127 13278 6 
22463 13512 7127 16404 6256 15678 16468 5 
19229 20402 23104 5 5 6 6103 
15708 17438 20007 14604 7127 20 6 
15658 8386 31 16971 5 7730 10127 5 
9707 22223 6 2 
21 26 26 21776 26 26 26 26 5 26 26 12863 22 20539 26 4 26 12863 26 20402 26 0 21 
772 30 11702 
21 16323 4 15138 3058 20 8995 17687 5 21 
21 8995 7850 12261 4 134 15678 3741 21 
7730 22327 15678 18498 18533 654 20402 22463 10674 6103 23136 17872 15658 21596 18498 14335 6396 7730 13325 6103 20718 5 
21 21 21 5 5 5 15643 20149 22092 6103 2647 7687 4 9193 7491 26 4 9193 20539 7509 18481 23135 708 1414 7730 740 20202 7914 10366 5 15678 18481 23135 20402 3735 6103 713 7730 5360 21582 5 21 21 21 
28 8 29 
21 8443 4 7589 28 26 4 654 21282 17629 14156 31 21409 6103 12961 5 27 21 
654 20879 12780 23029 22463 12261 5 5 5 
26 26 5 
26 26 28 6 
15678 15422 20402 13480 15678 10127 5 
21 17819 1114 31 10765 15643 8918 29 740 13909 18476 9193 22126 3058 13324 5 15658 11284 15286 14425 17872 8956 7127 29 6103 13014 5 6 
20126 6103 18525 13055 20149 20402 5 5 5 21 
21 15708 17438 14335 2133 7730 5 5 9808 7127 7509 1095 17872 23135 4 18533 20 6 6103 21 
17872 4788 2727 15678 7127 7509 19735 6 
21 28 4 1614 18498 9193 21596 17973 6 15286 10544 6103 21787 7509 28 18250 29 26 14335 7509 
16066 
21 21 21 12863 26 26 26 26 11617 10712 21776 26 26 15803 26 11529 26 26 22 30 26 14335 26 
26 26 22 21298 11617 26 26 26 26 26 21726 0 26 11617 26 11617 28 26 26 26 
26 26 28 11617 26 26 26 7850 26 26 3925 15678 26 
11617 26 26 26 26 26 26 21726 26 11617 26 8184 4 11617 22 30 26 26 26 
26 26 21776 26 26 26 21 21 21 
21 9971 6103 20247 26 26 26 11943 26 26 4 11678 26 26 26 21726 20 21 
23554 19939 17872 1937 31 30 
21 16404 18525 21438 18910 18498 9193 8995 21 21 13647 21 21 6 15658 8995 13909 5 21 
26 26 11617 26 26 26 26 5 5 5 26 
21 11617 26 12863 22 20539 26 21776 26 26 26 26 12863 11943 26 26 
26 11617 26 26 26 26 11617 26 26 
26 26 11617 22 30 26 26 26 21776 26 21 
22202 20833 7509 12901 6103 11462 6 
26 7850 951 11518 20 26 20 6 6103 
3058 13324 6 
21 4179 4672 15643 15036 4 1453 8749 5 21 
22307 7509 12261 5 5 5 26 
13055 18498 9193 15658 20402 5 5 5 2 
21 15922 28 4 10648 23015 22 20539 17872 21252 6 21 
17872 1233 21252 31 15533 5 
21 21 21 15678 9971 13045 15678 14409 5 21 21 
28 28 21 
21 26 4 21726 21776 26 21 21 28 22882 21 21 5 5 5 21 
26 26 26 26 26 20 
1114 12096 5 5 5 23 
7127 22223 29 5 5 5 20497 7509 21415 7730 9193 1614 5 5 5 6 
2371 28 28 20 
18498 20126 7509 9193 28 
26 26 7730 9193 8 29 
16826 18498 15658 19969 7509 3393 5 5 5 
21 8995 2371 4 28 6 26 20 21 
18533 12780 6256 18738 17872 9193 3439 7730 15678 28 15658 6256 5 9 8 23221 

4346 31 17176 7730 9594 15138 14512 5 
7730 14604 1115 6103 3885 20149 4229 9008 7730 28 6103 20742 8 29 1393 20799 6103 15138 20 
21 21 21 26 11617 26 26 15803 26 26 11617 22 13800 26 4 31 17425 11943 26 26 15803 31 26 5 26 26 11943 26 26 4 26 26 26 26 21776 26 5 5 5 26 26 26 22 18740 26 11617 22 13800 26 21776 26 12863 4 26 21776 26 26 26 5 5 5 
26 11617 22 30 26 26 11617 22 30 26 21776 26 5 5 5 26 11617 22 30 26 26 15924 26 5 5 5 26 11617 22 30 26 7850 15005 26 21776 26 5 5 5 26 11617 22 30 26 26 15924 26 21 21 21 
21 21 21 26 7585 22 21298 26 26 26 22 30 26 31 26 26 5 5 5 26 26 11464 26 4 11464 26 21776 26 5 5 5 26 26 26 26 26 4 7585 22 21298 26 26 26 4 26 7509 26 26 0 28 28 5 5 21 21 21 
11532 31 20319 6103 18533 4346 7730 15658 17304 5 
21 17438 8956 7730 16083 18498 9193 15790 14335 1409 4 733 6820 6981 7645 6103 22942 20348 5 5 5 21596 10765 18498 15658 22657 22463 13764 9193 5 21 
26 26 26 26 26 26 21776 26 26 26 26 26 26 5 5 5 
21 22327 4179 10548 4 20357 20126 5 6 21 
21 28 4 28 5 5 5 13325 7509 10765 20 21 
21 7730 2371 28 4 740 21596 18376 0 24 21 
20357 12709 6103 18525 9010 6103 2442 7509 4614 15658 21551 6981 5 5 5 
13512 7127 6103 10175 6 
14924 28 28 18250 5 29 
20149 20126 14265 5 5 5 25 
20319 3058 6103 8147 15286 15604 7730 13284 20 
26 26 11617 26 26 26 26 26 26 26 26 0 
21 26 26 4796 26 26 26 11731 4 26 26 26 26 31 26 26 22 21298 26 5 5 5 26 26 26 26 26 26 26 15005 5 21 
23167 6103 7599 7730 15658 352 15643 13909 5 5 5 
4809 15678 1249 2727 5 5 5 5 
18533 17583 21298 5 21298 5 5 5 
14924 28 28 5 5 5 
10548 20 20 20 17960 6103 21662 1570 6 6103 
23 17461 5 5 5 16468 7279 7914 28 6103 20742 11617 7730 29 15658 21596 17807 20 6 6103 
9980 13591 7509 22136 
21 425 4 5119 7730 7850 12780 15671 31 13909 22463 13669 7127 6103 22136 20 23274 5 23274 21 
21 28 7730 28 4 18533 12780 4815 1022 6408 7509 18069 7850 8806 4195 0 22 22 21 
23575 2154 21692 6103 28 6103 20742 7730 15678 17923 16647 7850 14604 18376 5 5 5 30 
20497 7509 28 13640 14466 30 
4796 4289 7914 28 5 5 5 
21 28 28 7730 28 28 4 18475 4672 4 8995 1614 9743 15678 5 5 5 21 

