21 17872 10606 18498 21596 7181 7914 28 16066 18498 21596 5936 20670 31 14307 4 8956 17960 12780 763 15138 4 7730 15678 15987 7509 17960 28 28 20402 15138 3058 9431 9422 18191 21 
8840 16673 18069 7509 13786 7509 28 20 20 20 20 
21 21 21 733 15678 21551 16468 9193 16721 6329 
17872 7491 4 1393 21551 18498 15678 22797 14335 20112 21 21 21 
21 15658 20402 10546 6103 26 26 4 9193 8956 15286 20402 16083 15669 
654 4766 28 26 
20463 6996 17304 14106 1610 
349 7279 
27 22386 14671 
22821 16367 7850 29 
20293 21596 8956 14378 

