31 14426 31 6103 20293 20126 9620 31 28 
26 28 15146 19589 1095 9172 9620 31 28 
21 28 28 4 9193 4646 7509 20855 27 6 16404 21 
26 7957 4788 
7730 15908 31 15533 20402 4766 7847 10486 28 28 28 
14335 19525 
21 7730 7850 9975 4 740 13405 15678 3319 17872 3962 6 21 
7127 14149 9193 11203 13909 22765 15999 15424 4346 3960 13512 
14604 2685 14604 13512 8995 18494 7509 14604 21364 
15253 19169 3962 31 12787 
28 28 18494 15658 8406 
1247 
21 21793 18533 20927 
21 14539 13667 4 20402 20293 31 9193 14426 6 21 
6408 6103 23206 12164 20670 4796 15678 17081 20402 13512 9980 10648 22463 5 1027 15678 17737 1095 14425 1095 5459 9172 14604 4501 9726 
21 7914 22463 6086 22385 8810 17872 9769 31 15533 27 
21 21 21 17872 9193 4 20402 11569 11875 16721 7914 9801 18191 20244 18498 31 16971 18498 1027 9743 16440 7384 5 21 21 28 28 21 
13512 
21 16816 
21 9605 14088 4 9605 2442 17872 9193 7599 20 20 20 20 20 9605 14088 21 
29 13727 7850 29 20290 6103 12347 31 12380 
9193 13691 13512 
4672 13909 10138 
17872 23135 28 28 
28 28 20402 9790 17872 9193 27 
21 7509 22942 4 15658 18533 15138 5 18533 1453 19900 18498 21582 22327 15678 18498 18533 5 21596 22327 15678 18498 17304 5 1027 22327 15678 18498 22657 5 7730 16784 1453 15678 18498 4 7850 10484 4 15643 20402 14604 5 21 
28 20293 19900 
21 19979 7509 7127 
18164 6103 29 13727 7850 1549 7509 23269 7730 
16468 7850 26 6103 2880 
7730 18498 23016 31 10548 21 
15678 11895 349 7730 873 22318 8147 5 7730 22318 19052 5 22318 19187 5 22318 19048 5 22318 18931 5 
7730 9193 18498 352 11462 288 18498 15678 7127 12784 20402 3058 6 
21 29 20209 5712 7850 19250 
27 15138 3058 
7730 11462 20402 7127 6103 20554 18494 1114 29 29 
21 7730 18498 4809 15678 3885 20 20 20 20 20 20 20 20 20 
3879 21 
28 28 4815 20402 1920 27 
21 28 28 28 22318 23029 18533 22463 6103 3450 6103 17737 27 
288 18498 9193 17629 7384 
3472 9193 1095 18498 21389 7491 18498 8995 4766 20126 7730 15424 6075 20577 6103 22942 11306 28 28 28 28 27 12780 14156 871 4672 1115 6 
21 21 21 17629 16721 7850 9193 19830 17872 19601 4 873 19900 18498 5518 9193 21596 18498 22564 17872 15658 21810 7850 5859 7914 29 0 21 21 21 
10916 
21 13033 18498 15658 5174 15502 1920 4 23135 5174 0 28 28 27 21 
7730 8956 20402 14604 8869 6103 28 
13909 16066 14466 17438 2371 17836 15678 15551 22408 27 
21 4179 7127 4 1393 14173 6103 22463 21992 13142 20784 4 8151 18497 7863 12787 6 15678 10159 4 15678 1623 4 31 702 7730 31 21631 5 18481 21551 20244 9193 22805 7914 9193 15633 17821 7384 15678 10159 4290 6103 8438 4 4796 20402 6103 20931 15364 5 20402 22821 7491 15678 1623 5 20402 22463 6996 2727 5935 15678 15576 5 1393 5960 6103 21389 9193 17769 16404 5284 10211 7730 13909 10211 4 21853 8672 6103 9193 15704 7730 16784 9193 13441 5 15658 22318 18519 7491 31 702 4 17324 8995 15684 1393 13301 4 7730 20402 22463 7464 17605 20444 1393 5766 5 17438 16083 13131 4 15658 16784 9193 13441 7 22318 5590 6103 22463 13131 16404 15678 16083 4 1393 22318 23167 7 15678 12787 10159 8406 7730 19969 17438 21793 16440 20444 31 22942 7730 31 15041 5 9193 9743 15678 14539 5 7914 21793 15678 3962 4 20402 7914 18525 7102 14335 18519 7491 31 21631 17324 8995 20293 11942 4 7730 14539 20244 9193 23167 4 6075 23151 7730 13909 23151 4 20244 6564 7850 14539 8806 5 15658 8431 9193 9801 1393 22807 21858 31 7491 15678 10159 4766 7318 21167 5 20402 14425 9868 9010 14924 7914 18498 9193 8147 20402 7509 10211 5 3450 22463 5320 15678 18498 11284 9790 7686 20931 13669 2169 4 31 14145 18498 21596 5284 7730 7017 5 3450 22463 20149 15995 6103 20149 11284 17769 16404 18498 31 22942 20149 14055 2092 6103 10211 20293 13909 2725 7730 13909 16816 5 7914 14336 6103 22385 11020 835 4 9387 22463 15653 6 15678 11474 5 733 20 4796 7847 20402 12330 5 30 5284 4766 20463 13909 16816 7730 18328 14273 4 7730 15678 11474 191 6318 4 17688 5 21596 6679 6103 19547 20931 5496 7730 17871 6103 18779 20931 9422 7850 17226 10555 5 17495 31 15653 7382 7730 31 835 23151 31 19173 8406 15678 18497 12787 5 1584 15678 14924 6103 20149 20369 4 16721 7914 6256 22463 18963 18498 16897 2092 7509 11636 31 9801 6103 20463 8147 5 19450 5762 871 4672 8810 18498 4 4897 6103 10310 6103 3450 22463 6318 11260 4778 4 20402 21371 31 9462 6103 20931 7178 7730 12128 4 7730 20444 6103 21275 7730 9365 16404 15678 11474 5 11284 15138 17962 18498 20402 51 17438 20402 12042 7730 12495 5 17438 9971 4 19088 7850 13142 4 15678 18497 7491 6 7730 20149 5284 22463 17239 5879 18657 8995 7850 10484 7509 13142 4 31 11276 7850 702 7730 31 10179 7730 10095 20402 6281 0 31 28 16393 7205 6103 9422 5 9193 18443 31 14426 10268 6103 9193 8404 7491 31 21631 7730 892 20931 18657 5 9193 18443 31 14426 13526 6103 14604 20221 7491 31 702 7730 9743 5741 20931 11276 5 9193 18443 9193 14426 3232 7491 15678 1623 7730 21821 31 17239 5 9193 18443 21793 15678 14604 3564 7491 15678 10159 16404 6075 1393 20931 5567 31 13909 10227 5527 5 7491 7730 9790 5 15678 18497 12787 4809 31 20931 15704 5 9897 20670 9897 4 20402 5284 31 18657 4 31 11276 4 31 10179 7730 31 10095 5 15678 20749 80 7730 31 17239 6075 8406 7850 10095 19138 4 20127 4796 19169 5 18476 15678 18497 7863 20149 20369 4 31 10083 6103 13795 3219 7850 13142 7914 20931 2717 11728 4 7730 20444 16404 15678 11474 4796 21275 7509 18315 7730 16821 11570 5 21 
21 21 21 14604 5528 17304 20402 11686 31 8832 6 18506 7847 0 29 1249 6103 2344 4 20463 9942 7509 18339 20 21 21 21 
21 11462 21596 17790 30 
28 28 2727 20402 6981 7 
21 14417 3873 15138 3058 
21 21 21 18498 15502 11849 1114 4 15424 550 4 15424 14457 18475 20352 18498 9380 22463 16620 7509 16083 5 23104 6103 14659 4 12894 5 20800 6103 4672 18498 22318 9743 2727 4 11680 18475 21743 6103 20352 18498 22318 21000 5 18498 22327 20402 15355 4 17836 9193 18191 8637 5 18498 31 16971 15658 20402 1453 6103 3884 7730 16053 4 9193 18498 20402 6103 910 7730 5528 4 18498 9743 31 7178 4 15424 18498 20402 17438 22463 14924 4 9193 18498 20402 5 18498 15678 3870 20402 15138 13909 18498 22463 20558 21787 4 9193 20402 22463 20357 5 7730 18498 1276 6103 1540 31 1027 15678 16083 4 1027 31 15671 17819 7730 20149 20402 11849 17438 1114 4 18498 20402 17438 1114 18191 5 1150 20 21 21 21 
3962 28 7730 21793 20463 15924 2547 18498 14335 703 17458 8956 20247 9193 14514 6 
21 13055 20357 15138 20126 7850 22942 
871 14335 4730 22463 20853 7850 19800 
16083 4 22463 13764 7850 15855 
16066 22463 21082 7850 21662 
20126 15424 20293 20402 22463 9835 
1393 22898 4 31 10765 21810 10959 
7914 20202 20133 
20402 15678 18498 14335 19509 
17318 28 2606 21 
21 21 21 15658 9387 9244 1095 4 15678 15540 7384 20402 9942 7509 18339 5 21 21 21 
1247 20 20 
21 22 22 21867 13909 7730 13909 12372 4 14466 9415 7730 13909 12240 5 13405 31 22942 4796 7447 17458 12861 20402 17629 5 
15953 17438 1616 18498 9743 15678 20463 5528 22923 5 5 5 5 
1471 6103 21793 31 5230 5 21 21 21 
21 21 21 7914 9193 11284 22463 12273 6103 18970 4 9193 15658 20402 28 18498 7102 20402 1532 4766 17758 5 20402 9790 6103 7055 1341 18498 14514 5352 5 18525 18533 18498 23016 4 9193 1276 20149 12296 5 21 21 21 
21 9193 9193 18533 20402 23104 7914 16580 17438 9721 14335 2700 31 2988 20 20 20 20 
13187 6 6103 21 
3031 14149 18498 9193 13512 9743 16404 9193 20 4766 6170 8810 9790 17438 28 28 
21 1095 16323 5 5 5 5 
18498 23135 5360 20402 8956 16971 14149 4 7451 4 2008 4 4841 4 7914 9971 5 5 5 8956 16971 13512 20 
21 21 22463 1103 22823 20402 22463 21655 18498 15658 20149 17304 16784 21 21 
18498 3058 18498 22318 8147 20 22318 1027 4 23135 20402 15138 11861 16404 15671 5 
6103 28 28 7730 28 28 
7730 20402 8956 16192 18498 14335 9743 4346 5 4346 6103 835 17324 14604 14425 17737 20402 16468 15678 7127 4766 23135 16971 18498 9193 1027 21389 15708 16673 3870 7730 2031 5 21 
21 21 21 22463 8561 4807 22463 22897 4 20402 248 5 9193 18476 23135 16721 7914 4808 15603 4 15658 20402 13909 22463 8561 4 7730 20539 22463 8637 5 13330 6 21793 8637 10795 22463 5227 20 21 21 21 
1095 20402 20293 15138 3058 8995 4766 23135 6 
7127 6103 2717 22487 13502 6103 16668 7730 3388 4766 28 28 
21 21 21 20781 17971 14335 8361 31 20402 9379 5 18476 14335 21858 9193 14425 4842 4 21282 14335 1409 17438 16971 163 12094 5 21 21 28 6103 28 21 
21 21 21 20539 4 8995 7174 5 15128 15678 3388 7730 15678 12939 6103 16721 5 5 5 15658 16098 13909 1612 2510 4 2685 15138 13909 5 6103 11686 4 21282 31 23167 6103 23151 5 5 5 21 21 21 
18533 9594 15658 13909 8995 7188 6 22 
21 21 21 20402 10544 1027 15678 16083 7850 14534 6103 2547 4 18476 15678 16292 20402 13405 4 15678 19703 20402 9683 4 7730 15678 4341 20402 10731 5 20402 10544 1027 15678 16083 7850 10548 6103 22805 4 7850 4372 6103 7576 4 7850 9867 621 7850 3550 4 18476 20149 22805 6103 22897 7914 18476 5 7188 20402 1027 18476 15678 16083 6454 4 18476 15658 368 7914 13909 15299 7730 8386 22327 8561 4 7730 16345 4 7730 16784 15678 4264 4 15678 17605 4 31 11647 4 31 4652 4 15678 18846 20 15458 11518 20402 18498 20149 22805 15678 22823 1114 5 5 1612 18498 20402 4841 4 18498 18533 15678 2727 308 6103 18475 4672 4 7730 20402 8956 15678 1114 18498 7687 16404 20293 5 21 21 21 
5528 1467 7545 6 
4796 5219 9901 2727 18476 20149 19900 18498 22463 7509 20463 15658 9010 2727 7730 23135 15658 17304 15424 8995 16936 17703 7730 4766 14378 
8995 19698 6103 23135 18498 20402 3474 7730 20149 1409 17438 22463 15144 18498 20402 20463 20256 20 
21 17438 18498 14335 51 0 
15658 51 5 1453 22318 6256 13591 17872 9743 20931 8637 5 7730 23135 8637 12780 5 8443 12780 5 
3510 9542 5 28 21 
30 
17458 6075 31 3790 31 21373 20402 9193 8811 
7 
21 7127 15628 22800 10731 22463 3590 18527 7730 22463 23570 13591 16404 13359 5 9605 20149 8956 7127 15658 9010 16816 5 733 13909 17872 18498 22327 12861 20149 17304 13398 7730 12780 16404 15678 9146 18533 9901 7850 3590 
3058 7127 21 
21 20828 2647 13909 15658 5219 16367 6103 13359 4 21282 13909 22463 3784 20 21 
21 9193 15658 17304 4 9193 15658 7102 4 9193 9193 18533 5 22 22 21 
21 7730 18476 9193 8995 22223 
20559 14335 134 
18476 9193 8995 13688 
20955 20149 538 
18476 9193 8995 10159 
20933 20149 8084 
288 2727 7205 20357 31 7594 7509 16440 21282 18476 9193 8995 18784 21596 22463 9942 6027 15039 
21 21 21 20402 7687 21596 1453 7558 947 9901 16066 12780 7957 7730 1067 20402 21646 5 21 21 21 
21 2371 2371 1920 9193 15036 28 

