23575 16192 6103 28 1393 1097 7914 28 5 
13055 8995 4766 20126 20 
21 9890 7730 13729 16615 4 29 2848 17438 1249 5 
28 4289 31 29 2848 20 
12861 15658 20402 8254 31 17436 16404 20402 7855 0 
21282 7850 3393 6103 23135 4697 18498 18533 6202 31 17751 308 7509 2727 7730 7509 13923 5 21 
21 18688 4 31 14425 4672 17872 28 20402 201 4766 15678 18201 5 
2371 15678 18250 15658 12780 21596 13909 7914 18525 3124 31 5891 20 
27 21 
21 5174 15678 17500 7509 16412 16339 20670 15678 11802 6 
21 20149 23029 14753 4 8611 7509 17856 5 5 5 
31 26 8995 11020 20 
21 15922 20 28 28 4 23151 17872 29 4 29 18476 14539 0 
6 16404 
27 21 
21 15658 740 18910 7730 15658 9743 15299 5 
12780 15061 31 8956 6778 18498 8995 12158 20 
23016 17872 28 20 
7914 3626 11020 4 29 29 31 29 7850 17608 7509 2515 5 21 
15678 17106 18498 20402 22821 5 5 5 
15138 3058 20 
17989 20 8443 17689 15678 7558 6 9890 7730 13729 5 
21 9010 12780 16404 15678 14604 1097 17949 20 
9193 7730 28 28 8995 18006 22463 15604 109 16404 2156 15678 19663 6103 28 7914 1489 5579 5 
16404 22662 31 109 4 17629 13405 871 9367 6103 21494 4891 5 
7850 13543 41 4 16630 31 753 6103 23135 16404 4491 871 9367 7509 21494 13909 4894 18498 5174 4 7850 1489 5579 18498 22564 16066 13055 22564 5 
21 15855 2371 21680 3664 6103 8933 4 28 26 5 
29 4809 4766 22327 7850 7616 20 10548 7914 29 
21 9808 29 20 
662 31 28 16673 10438 1249 6103 29 5 
18498 29 20402 15678 1249 6103 17962 18779 7730 7509 8838 19295 20 21 
20112 6329 4766 15678 23384 29 5 21083 12145 20 
21 9324 9845 17380 5 
28 28 6103 9743 
16027 28 
28 28 21 
4796 20402 31 11454 0 20 
21 28 5255 15678 16399 7509 23231 7914 28 5 15963 16404 18498 15678 10980 10323 21596 16135 7730 19898 7850 18824 1393 2027 5 20402 17629 12735 15678 9707 17941 4 1007 4 31 9971 6103 20369 15678 12968 7509 22197 4 7730 2128 20670 15678 18772 5891 5 21 
21355 20402 31 28 31 16014 6981 3976 6103 14636 5 
21 15708 4 28 4 17438 14335 753 31 18506 15678 18962 5 21 
21 31 23575 15616 20402 15678 3960 6103 29 5 
15678 17877 7509 19213 20402 18498 7847 15658 21596 13494 5 
20244 13185 15256 7509 4982 19239 4 16721 1453 9193 21596 13039 4 18470 31 22903 6103 9634 4766 29 16971 0 
21 20293 368 18498 31 11685 15658 7102 20402 10192 6103 8725 7730 4220 4 15424 7102 22782 15678 9215 7914 22240 6103 3369 5 
16673 5431 4 31 28 14335 15061 22463 11685 18498 3510 7850 11066 7509 20709 7730 31 20444 6103 11066 5 
21 21 21793 15678 18498 5762 14102 22507 7730 21596 22327 7914 4951 5 22782 20931 18016 7730 2727 4 7414 31 3450 22463 5133 31 20931 15390 5 21793 15678 28 4 5360 31 19590 7850 18365 7509 21549 5 16440 15678 18374 7914 20931 3962 4 7730 13030 16429 7509 19071 4 4766 835 7730 20583 6103 5528 4 13695 31 28 7730 21596 31 20554 6103 21793 15678 17563 5 21 21 
2073 29 6 29 
16323 4417 23104 17438 20402 22463 7509 17555 11685 18498 5219 18506 16328 7730 21 21 19969 2727 7850 10032 21 21 5 
28 18476 15678 1114 22773 
21 15658 5108 7850 20463 6011 5 1264 22327 15678 18498 23135 17629 9743 4 3962 5431 866 20293 12780 16468 2647 5 5 5 21 
26 21776 26 5 5 5 
10753 20 
21 7730 654 4 1097 4 871 10343 6103 28 28 9743 20357 7850 20931 3393 0 
1926 6 28 21231 21 
21 30 18498 191 6981 12939 8780 7730 16551 7509 28 5 
21 21 31 10765 21282 15658 20402 3735 6103 9743 15678 18498 7847 18533 21 21 5 
3459 17872 8956 19859 6103 9015 7859 20 21 
22223 5 5 5 
21 3450 16468 7850 18020 5595 7730 19900 15894 18533 4289 4 20244 16784 21551 4766 4672 22730 5 21 
21 15855 2371 4 28 28 4 28 28 4 28 4 28 28 4 28 28 28 4 28 28 4 28 6103 21417 4 28 28 4 28 5915 4 28 28 21 
21 15678 18498 20402 12861 4 4841 0 21 
1612 134 16404 15678 1097 18498 17525 15599 7509 28 29 20 
21 14799 4886 5 21932 1547 7850 26 30 16404 29 7914 30 4 28 4 28 5 662 17818 31 28 4 7730 21371 1393 14604 16003 28 28 7730 1393 16375 6103 16967 28 28 5 23151 4766 31 2419 4290 6103 11670 16404 18779 7850 14604 7616 5 20402 15138 3058 21596 9790 15619 1097 6 28 28 4 28 28 4 28 28 4 28 28 4 28 28 4 28 28 4 28 28 4 28 15026 4 28 28 4 28 4 28 7730 15138 16083 20 136 20 21 
21 19349 12577 5 
907 7850 21932 20402 22463 6472 16404 21793 15678 16587 4 9193 22657 31 16689 5 21 
28 28 15855 21282 5 5 5 
15678 6428 18533 9743 22463 15948 26 26 1393 10982 5 12780 18506 31 17800 5 5 5 
18525 14018 15658 9743 19226 26 0 
12780 1027 18525 13909 17629 5 5 5 
15678 17753 7509 28 11462 2032 16673 15540 6103 28 5915 5 
9743 4766 15678 16083 15678 18498 18533 18498 9743 4766 23135 5 5 5 
16208 20 
9324 20 
21 15138 15708 16673 14469 6103 16323 16673 14604 1247 4 18498 23206 1097 14335 8458 15908 5 9901 15138 9808 17438 21596 10211 22385 3058 1103 4 14539 18498 654 871 8995 13909 7396 10779 5 16630 31 28 19898 16404 10211 20293 3058 1097 4 20402 3369 7850 22942 6318 7730 20402 78 17438 7847 5 11020 134 4 16972 20 21 
26 28 
21 5018 21916 5 
14604 970 21371 20402 970 6318 20 21 
21 19456 21793 15678 14604 1097 22689 4 9193 15658 17511 6256 6103 5018 4766 28 26 5 21 
21 425 29 20 
22463 9808 29 16404 21793 20 20 20 
18498 28 9193 753 31 17544 21793 31 15941 7730 9193 7043 6103 21793 15678 22272 5 21 
21 31 14469 6103 28 18498 6679 16404 21793 15678 1097 7509 28 20402 31 14469 7509 14077 5 
15658 20402 31 14469 5300 7509 16292 28 5 16673 5431 4 8956 6086 19363 15678 19169 15344 7850 13727 13909 11581 18498 22463 9634 17304 8995 5 
13909 11861 18498 15678 17737 20402 8995 17737 5 20402 20402 16169 4 15253 4 9942 6103 22821 7730 15658 6103 5298 5 
18498 28 20402 15678 13905 17737 7730 8995 17737 7914 21793 31 9193 9634 5 7730 18498 8956 17743 20149 14055 7850 9193 2367 7730 7850 1114 10100 7914 15576 19205 5 21 
21 31 10948 23029 4599 4 18476 7916 5 21 
21 20244 31 13301 6103 19478 10015 4 15678 10982 11898 7251 16404 16162 15678 20463 10691 13688 5 4766 15138 7251 7850 14506 4 15678 22665 7509 14886 3510 7730 11284 12283 5 
15678 18772 21282 9901 10259 17458 11284 19478 7509 10982 5 31 17753 28 16162 29 14667 16404 3450 6428 12960 31 19478 7850 13600 5 13055 7491 4796 20402 15678 20207 10982 5 
18533 22805 26 20149 201 21 
8956 20402 3058 20 27 
21 21596 7558 5483 7359 16404 15678 28 11980 4 740 21596 10765 18533 0 21 
7491 13278 16404 1540 31 10230 16836 7914 12327 5 
28 28 28 
21 12780 6110 8956 3928 4 1097 7509 28 0 
15678 2248 17755 31 15898 19698 6103 16580 7730 8100 7151 31 18774 7509 9719 7509 19698 5 
10959 7509 3928 17438 1547 22463 23067 8520 20670 15678 18498 13055 20402 9790 6103 3058 16673 18250 4 9193 20244 6256 6103 1515 15678 184 18498 740 9387 7850 28 5 
21 7102 20149 9016 31 1518 4942 17872 29 1249 7914 21793 15678 10471 18449 5 
11462 7914 7127 4 21596 29 1249 20402 20402 15138 15604 5 28 21932 2136 13909 6103 29 20 
31 1518 4942 20402 16404 1612 18498 18533 5360 21932 1603 31 17517 6103 20149 1519 5 6097 4 1393 4886 29 1249 4 20402 15708 31 20149 1519 14539 18498 18533 5360 21932 5 
12861 349 4766 14604 2336 4 28 6103 28 4 18498 20402 4940 1519 7509 28 11284 13909 6103 29 1249 5 
20402 15671 20 
21 20402 13793 18498 18525 7855 28 20402 15678 15554 4 14539 18498 31 13907 15642 7509 23176 7509 21 21 17751 21 21 21596 20402 7850 19143 21063 7730 21033 5 
20402 10544 6355 12861 5 
19271 15678 15554 7509 5311 7730 18525 20420 7855 0 28 5 
19271 15678 21063 7730 15678 21033 4 7730 31 22685 6103 28 20420 8322 5 
20558 1920 20 
15658 21596 22834 15424 15995 7384 5 21371 15658 18533 20371 5 
15678 28 20402 15138 7445 4 9193 5219 20402 22507 5 12861 20402 22463 19695 20699 18498 17556 16587 21596 5 16066 20402 11501 16066 23104 7914 11154 5 
18498 28 17511 8386 15678 18852 7509 22548 7730 15128 16404 9743 22463 10982 6133 5 3962 5431 4 15678 18250 1414 9786 7914 29 5 20402 17438 17556 6981 22897 5 21 
3058 20 
21 18525 21596 3726 6103 1889 7730 14265 4 7914 15540 7509 20931 11654 17380 4 15658 288 31 4672 13909 15558 7509 15190 21045 15678 7251 6103 22463 9000 16404 14097 7850 17304 0 4524 20 21 
21 1540 31 8678 2727 5 
22240 31 16192 23469 17438 16192 23104 5 
21 15678 17950 7509 18250 20402 3058 5 15678 18498 9620 20402 5426 4 4622 4 10017 5 
20402 4796 22463 16169 18498 6075 17737 16404 15678 9943 4 9193 15658 4289 13026 16404 7805 5 
21 28 28 17304 20402 21646 4 9193 23174 15423 20559 16404 201 4766 22463 16179 18498 31 28 21596 17438 22463 9634 4 18498 11284 7707 21282 22305 22834 1393 15576 8995 5 5 5 
6665 15678 1409 7730 15678 16399 4 9193 8956 11474 21582 4807 22463 5751 7730 9901 11922 5 
21 18006 9324 20 
15678 14604 13905 6777 7914 20402 10474 18449 9774 20402 22805 15678 17563 9130 15138 16404 16468 15658 5037 7730 6408 23029 22632 4 20663 31 18059 7509 8964 7509 20446 18449 5 
15658 18533 10743 4 15658 20402 21793 20441 18498 20402 12206 4 9193 22463 11020 16440 20402 5 
18470 31 15082 6103 21932 2727 4 20149 7850 9971 7509 5320 15678 21 21 8651 21 21 12780 10648 31 14539 4672 0 
8956 20402 31 13793 7509 20590 6 20015 11686 16404 21793 5 
18006 22463 13793 14425 6 15941 11686 16404 21793 7730 19276 2617 7914 17913 5 21 
21 9829 15138 12577 5 
31 3664 9743 3621 1453 16673 28 7730 20402 7855 5 15619 21551 20 
21 22657 31 16689 1937 5 4796 10473 15678 8927 6103 5614 7850 28 5 
19525 7509 23562 6 17629 10541 31 22942 7509 3665 7730 18096 4 1470 5 991 6103 8361 31 6329 16971 31 9743 15678 14539 5 
16689 18498 31 7861 6103 6428 13055 16468 5 5 5 
21 20402 15671 20 
28 28 4 28 28 4 28 28 4 16027 28 4 28 28 4 28 16221 5 21 
21 16404 8386 31 9122 20699 7730 7859 7509 28 6 
28 20402 15678 3664 7509 7894 5 
28 5741 15138 7850 14370 18498 31 19695 7235 5 5587 18494 29 
28 20215 22463 3058 17444 7509 4526 951 2136 31 23135 4 9193 3510 13909 7850 4526 6103 7730 7730 5 
3450 22463 21752 20931 5015 5 
26 1453 12299 7730 15658 21 21 1988 21 21 20 
21 10927 2442 4 28 20 
21 14365 7509 10530 6 
21 6119 6026 18610 20402 16958 20 
20126 7509 28 21 
21 20402 22821 20 
1097 4 1937 8956 23222 7730 22805 17458 17629 9193 13446 7509 17382 18498 22463 7127 9743 866 17438 15671 5 
7277 15658 20402 3459 5 20402 7277 20 21 
21 23 0 20 0 
21 31 22765 17380 20402 8956 21743 6103 4672 6 4682 17380 23394 20 
11284 1453 12578 7850 21551 6103 21525 4 7730 12861 15678 17287 21596 15138 5 
15922 20 
21 9010 20402 31 22823 12290 7509 19240 7850 3621 6 20738 4 9193 15812 31 16083 28 5 
15678 19239 15658 7102 10982 16404 2748 15678 20463 21 21 12787 21 21 7730 17669 15678 21 21 16083 21 21 5 
15678 18498 11862 20402 31 12290 7509 20931 21 21 19240 21 21 7850 20463 4901 16972 5 
8995 15138 9808 17438 28 15658 8995 9743 1987 16972 4 15424 14487 4 5371 13729 7730 28 5 21596 8838 18498 20931 5472 19239 21371 31 21225 23550 7850 7127 18498 31 18006 6103 18004 4289 4 7730 18476 16083 4672 17309 4 18498 31 17380 22126 1393 10980 13905 7509 15382 4 2647 7850 20931 17478 5 
5896 6103 16580 
21 21842 16404 28 6103 28 7850 10559 7730 20 
21 8840 18498 654 16404 6103 7491 18498 28 20402 21225 17438 2540 5 
15678 18498 288 4 28 0 
21 18498 11454 7994 7730 12440 6 
21 23 5 5 5 12577 5 5 5 
15424 21596 15138 15678 18498 4793 5 15678 11114 9605 17438 20500 21282 5 21 
21 17872 18525 16721 18498 31 15604 17380 20402 22463 21 21 12723 21 21 6103 28 28 5 21 
20402 18498 8956 3610 21596 23151 0 
21 20149 23135 18533 5284 22463 20709 18498 1440 16603 4 15671 12780 9193 1440 22463 1393 16083 5 15678 23575 1440 31 20500 14539 7730 15036 5 15658 20149 5284 22463 20709 18498 7319 16605 7730 16685 16605 5 17576 5 7783 28 28 21 
21 3894 4697 7509 28 4 
8995 7148 6103 6394 6103 7043 6103 7251 7509 28 5 8956 20402 22463 8057 15138 9040 17438 21793 15671 5 9193 8995 22564 15678 19691 6103 7251 18498 19761 17438 13761 16404 9971 8718 5 
22463 7509 20794 16404 9233 8956 21743 6103 17877 20420 17865 5 22463 14370 15138 11855 5 
873 21596 22463 21050 14425 0 21 
21 15894 8995 15678 14604 1097 18498 10959 6103 9743 5587 0 
18498 21340 9743 5587 7384 1614 6 
21 8995 15637 20619 6103 2812 5 
4676 7509 18195 17753 4 12780 16647 22463 3059 4299 5 21 
21 21223 15658 20520 15658 17304 13909 21787 7850 10091 5 20520 22463 15127 6103 17840 5 
31 17840 7509 17380 6730 20402 15678 6731 4 19695 4 17915 12610 3265 4 9170 5 22463 23067 13909 7279 7730 6103 19522 31 5947 17605 5 18525 20402 6103 28 8386 12861 4796 15678 15263 11187 5 
31 17840 7509 17380 21231 20402 15855 22463 17556 13909 17872 10530 5 9365 6 21 21 12780 20402 17629 6448 22463 10091 0 2717 4 9193 15678 18498 17304 9743 16404 4867 15678 6056 1059 0 560 4 20149 21793 6448 31 10091 12168 4 31 4380 20149 201 21 21 5 
21223 20402 17438 31 5320 7509 10530 7850 6152 17380 6103 11462 5 
8956 4982 15658 20149 1487 1453 1393 14336 1062 5 15678 14539 17304 20402 19344 7850 23498 6103 7804 4 12311 4 7258 4 20699 4 10471 18449 5 5 5 
9193 12861 9380 15138 5216 7509 17436 5 17239 11462 16404 4713 7850 10530 4 16404 15576 9943 7730 15460 5 15678 17563 4 7850 22821 4 18533 21 21 4796 21 21 11462 15678 18498 16933 1393 15576 9943 5 
20402 28 29 21 
21 15138 3058 5 17438 8329 15678 13909 15258 12780 20402 22463 16213 5 9193 15678 17877 21282 12780 20402 19450 14539 18476 11284 15258 21036 10211 1614 5 
991 7384 15658 12780 17629 9901 14018 7251 16404 9987 15678 19136 22461 7509 12787 3996 28 5 21 
21 12861 20402 31 22765 17380 5 
13682 3858 18498 4 16673 11868 4 7102 20402 15781 17438 22386 6103 3916 5 21 
21 15678 14425 21684 18498 13359 20670 31 7861 4 2136 654 5 21 
21 16972 4 
17629 21932 16404 5204 15678 23176 6103 28 7850 15554 5 
1614 7847 740 19173 20666 5 
8995 4766 22327 20 
21 23 20 2136 28 8995 18533 11104 9193 23176 6103 28 28 20 
11731 20149 8956 14856 16647 7850 16589 0 288 18498 28 15658 6256 15658 5 5 5 21 
21 9324 21684 5 
5320 31 11454 6103 28 7730 28 28 16404 18525 15658 5174 5 21 
21 23 20 2136 28 8995 18533 11104 9193 23176 6103 28 28 20 
11731 20149 8956 14856 16647 7850 16589 0 288 18498 28 15658 6256 15658 5 5 5 21 
21 9324 21684 5 
5320 31 11454 6103 28 7730 28 28 16404 18525 15658 5174 5 21 
21 28 28 3219 7850 17819 6110 17749 
26 4 26 26 26 5 20402 15678 10296 20 21 
21 21752 15678 15416 7509 20915 5 5 5 
654 31 8706 15658 21596 13909 15947 5 5590 20786 5 
15678 17106 20402 18498 15678 20015 7509 14756 7509 20915 20402 15678 21674 16404 21793 15678 10471 18449 5 
18476 15678 6318 2156 4 21793 15678 6428 4 10976 4 13004 4 7730 15138 16083 4 12780 18533 2156 15678 20015 21371 5 
352 28 20 8956 5320 15658 20149 21225 20 21 
21 28 28 4 28 28 4 28 28 4 28 28 21 
21 23 3621 11155 7509 2789 20 
201 6103 18876 22463 14469 7491 18498 28 28 20402 31 18311 6103 13729 7730 9743 16440 7509 776 13909 23311 7509 18250 5 20149 7855 20420 15138 13909 18644 7509 18498 15678 18498 8995 7850 17304 5 
20149 28 20402 18784 21 21 18644 21 21 4 20420 15138 10544 7847 21596 9901 7850 18250 14539 4 16066 15678 13909 18097 21596 12780 16404 31 13285 13909 1393 8933 28 4 28 4 9170 5 
15678 16440 18006 17438 7847 31 19415 21223 22507 31 11644 20699 7509 8933 4766 15678 7769 21 21 31 7850 9890 21 21 4 13439 5 
991 7384 4 288 22463 13543 1341 15061 18498 28 28 4 881 6103 28 7850 28 4 9743 16440 7509 776 14868 7509 18250 6 
16404 18525 15658 21596 278 1393 10179 4 7839 15678 22133 6 
21 21 7509 17406 6103 22886 7509 17380 12610 4 15678 8147 6075 28 1393 776 14868 7509 16440 4 18498 19043 28 17438 29 7509 29 23176 7730 5219 29 4 29 7509 29 3858 7850 7283 15291 5 21 21 4766 8956 19522 4 31 7284 7509 18250 12780 17304 11837 20931 17380 20244 9901 19120 7509 14758 31 8933 7509 16440 21 21 4 565 15678 10976 7509 28 4 28 28 5 21 21 
21 7558 9367 16404 8627 9193 15936 20670 31 7178 8406 31 15604 7730 31 22765 17380 
26 7509 22765 17380 6 
17382 31 6 20402 7509 8933 5 7730 23135 4 2372 4 22463 17446 3751 5 
17382 2372 6 20402 7509 7277 5 7730 23135 4 31 4 22463 22632 4967 5 
17382 31 6 2372 4 23135 20402 22463 7509 21 21 17032 21 21 7509 5168 5 
17382 2372 6 31 4 23135 20402 22463 13741 5 
6408 6103 15138 21551 4 15678 17382 31 1959 15678 17304 5 
17382 2372 22240 15678 16440 6103 7277 17438 22463 13909 1393 4145 5 
31 7730 2372 20149 881 16673 21 21 10975 21 21 5 
2372 753 31 31 21596 13907 7850 5168 5 7730 1067 4 19822 7914 16580 5 
22463 322 15678 8725 7509 16083 5 
7847 15658 22240 11670 4 15658 7319 5 1453 7459 15678 3031 7509 1769 18449 5 
5762 17962 1453 16404 2156 31 6402 7509 17563 4 7730 20149 16897 7850 17304 5 
18525 9901 20402 7509 3031 4 8846 18498 15424 22463 5758 5 21282 8474 15678 6198 7509 16083 5 
26 7509 15604 17380 6 
17382 31 6 20402 7509 8933 5 7730 23135 4 2372 4 22463 17446 3751 5 
17382 2372 6 20402 7509 7277 5 7730 23135 4 31 4 22463 22632 4967 5 
17382 31 6 23135 15658 8995 22805 15678 14676 15036 6103 10183 0 
17382 2372 6 20539 22805 4 9193 9193 21932 15138 16404 21596 9193 22942 57 4 18498 7847 21932 21371 20 
17382 31 6 12577 4 23135 21371 18660 0 9193 4796 7847 17304 21932 4 20149 15658 11284 8051 4 7804 5 5 5 0 
17382 2372 6 20539 5 20402 22821 5 13055 19900 5 12780 9193 22507 7730 5762 22463 20794 16404 7847 20 4766 15678 14425 7509 20931 11644 7730 15678 14425 7509 9193 5 
17382 31 7730 2372 6 18950 18498 13030 17304 5762 866 14425 7509 18498 1453 31 20794 12853 7730 5021 6103 3450 22463 5 
20420 12862 22463 22608 0 20402 17521 4 22463 7127 4 21932 1920 0 
17658 21596 8838 18498 20539 4 17438 12861 23174 7914 28 28 5 
14539 21596 15344 15658 13194 5795 7730 12022 1393 7277 4 21596 1540 4766 1097 8934 4 20704 4 4967 7730 2136 4766 2038 5 20539 5 5 5 12861 15658 1744 22463 16620 6103 9193 16066 7509 9193 5472 5 9193 9743 1005 15678 14604 17406 6103 22886 5 
8386 18498 15658 15344 20402 15678 21 21 19900 22327 21 21 5 871 16971 8474 4672 7175 6103 9193 7730 12861 21596 15678 20463 22665 5 7509 14539 14881 4 8840 19456 7850 9193 15936 18498 17304 7440 7509 20931 5 7847 21371 21596 15678 20463 22665 5 
16404 15678 14604 12787 9219 4 8840 18498 15658 20149 10430 5 28 15658 12780 10982 15678 28 16404 15671 1453 5 7847 12780 10982 16404 21793 15678 3172 5 31 2053 5795 6281 15658 12780 20402 2748 31 11685 16066 15678 16503 5 16673 5431 4 31 2053 6281 20402 1487 7850 17380 15678 17838 5795 6 15812 31 16083 28 4 16793 4 17544 15678 7563 7509 16971 4 17714 15619 13786 18498 12780 991 6281 4 678 15658 14539 11111 22463 30 4 16959 4 22463 23382 8529 31 22463 14683 7509 30 4 9668 7730 19772 5 9507 15678 14425 6103 3450 22463 4 16404 15678 2727 6103 21793 4 31 13669 17605 5 12861 20402 21223 5 
28 28 28 21 
20402 28 29 6110 7850 28 20 
15894 16066 26 0 20 20 20 
21 17989 4 20402 22463 2824 6981 18498 9193 18533 20 21 
15678 20825 23029 18774 5 5 5 
20420 15138 3058 20562 31 13788 17485 20 
9324 20 
21 4380 6103 10159 4766 23206 14764 6103 7688 4 7914 10366 1393 14604 1429 4 7850 13184 7509 3621 16404 6428 8977 6103 30 5 
10159 20402 15138 11861 16404 15061 31 4876 7730 31 18006 6103 22463 3664 20 21 
16155 6103 17960 26 16440 29 8644 15678 26 7509 4552 6 11560 6 21298 5 4591 30 29 29 22805 26 26 
16155 6103 17960 26 16440 29 26 4766 11326 6 11560 6 21298 5 4591 30 30 23135 22805 26 26 
16155 6103 17960 26 16440 29 1487 15678 26 6 11560 6 21298 5 4591 30 29 6103 22805 26 26 
16155 6103 17960 26 16440 29 22564 30 7730 26 16404 9452 30 7730 11559 6 11560 6 21298 5 4591 30 29 29 22805 26 26 
16155 6103 17960 26 16440 29 9452 7533 7914 30 6 11560 6 21298 5 4591 30 30 29 22805 26 26 
16155 6103 17960 26 16440 29 1549 6 11560 6 21298 5 4591 30 29 30 22805 26 26 
16155 6103 17960 26 16440 29 12675 7730 6075 10883 6 11560 6 21298 5 4591 30 30 6103 22805 26 26 
16155 6103 17960 26 16440 29 26 7730 21662 6 11560 6 21298 5 4591 11622 30 13098 29 22805 26 26 
16155 6103 17960 26 16440 29 15263 9147 6 11560 6 21298 5 4591 29 29 29 22805 26 26 
16155 6103 17960 26 16440 29 26 6 11560 6 21298 5 4591 29 29 23360 29 29 22805 26 26 
16155 6103 17960 26 16440 29 11326 7730 19065 6 11560 6 21298 5 4591 19722 26 29 29 15658 22805 26 26 
21 7914 11477 1393 14604 1095 4 28 20 21 
4766 18470 11636 22240 15678 21743 6103 3460 6103 2689 6 
8840 22805 15678 21932 19269 4796 18774 9193 18195 1249 20 
26 9365 6 20634 6103 26 6 11560 6 21298 5 4591 29 29 15658 29 22805 26 26 
26 9365 6 20634 6103 782 20558 6 11560 6 21298 5 4591 30 13059 22805 26 26 
26 12675 7730 30 7509 17960 2614 6 11560 6 21298 5 4591 30 29 29 21298 22805 26 26 
21 17714 22463 26 4766 29 23222 20670 26 26 5 
16404 20178 15678 4982 4 6728 22463 12960 7509 22765 22564 30 5 
991 7384 4 1487 15678 4982 6103 5426 6103 22861 4 7818 22463 26 16404 3450 21662 18498 16468 5 21 
26 26 16440 29 6 11560 6 21298 5 4591 30 26 29 29 22805 26 26 
26 26 16440 29 6 11560 6 21298 5 4591 30 29 29 22805 26 26 
26 26 16440 29 6 11560 6 21298 5 4591 30 30 22805 26 26 
26 26 16440 29 6 11560 6 21298 5 4591 30 7730 29 30 22805 26 26 
26 26 16440 29 6 11560 6 21298 5 4591 30 30 26 29 22805 26 26 
26 26 16440 29 6 11560 6 21298 5 4591 30 29 30 22805 26 26 
26 26 16440 29 6 11560 6 21298 5 4591 14613 30 22805 26 26 
26 26 16440 29 6 11560 6 21298 5 4591 30 30 22805 26 26 
26 26 16440 29 6 11560 6 21298 5 4591 30 29 10568 22805 26 26 
26 26 16440 29 6 11560 6 21298 5 4591 15288 30 29 22805 26 26 
26 26 16440 29 6 11560 6 21298 5 4591 12780 10568 29 12876 29 22805 26 26 
26 26 16440 29 6 11560 6 21298 5 4591 30 22438 29 22805 26 26 
26 26 16440 29 6 11560 6 21298 5 4591 30 30 22805 26 26 
26 26 26 16440 29 6 11560 6 21298 5 4591 26 30 7783 29 22805 26 26 
21 14273 2727 22723 20670 28 5 
12145 16404 14604 970 5 21 
21 5238 13591 7509 1114 1393 7251 7730 5338 4766 15678 18498 23135 21596 4 17458 28 14539 7491 6 15643 15678 6256 4 15643 15678 51 5 21 
11284 19084 15459 1249 5 
21 15855 4 28 5 21 
18525 20402 4526 15260 4854 
21 8956 20402 16958 5 5 5 
20402 1920 18498 31 10765 22805 15678 18498 13729 18784 16721 7730 18533 5 21 
28 3630 7730 28 28 17950 15291 18198 19415 17574 
17438 12861 18498 9193 22564 28 20 
28 17960 26 6 11560 6 21298 5 4591 30 30 23351 29 18498 22805 26 26 
28 14944 31 944 7850 28 2233 6 11560 6 21298 5 4591 29 29 22805 26 26 
28 12455 7509 17275 28 6 11560 6 21298 5 4591 30 29 22805 26 26 
28 12675 7730 12455 6 11560 6 21298 5 4591 30 30 30 22805 26 26 
28 12523 5444 6 11560 6 21298 5 4591 30 15678 29 26 22805 26 26 
18498 14145 20 22463 4380 7914 3626 16404 19108 15576 13054 20 
21 21 21 26 26 26 26 26 26 21 21 26 26 21 
3058 7157 16404 15678 14604 1097 15610 20 
26 4730 22463 17960 7850 28 6 11560 6 21298 5 4591 30 31 29 11617 22805 26 26 
26 17962 26 6 11560 6 21298 5 4591 29 29 30 29 22805 26 26 

