21 21 21 6387 20931 16967 4 15678 16404 6103 26 13055 4703 6075 18498 4935 18498 4 4766 22463 22899 7912 4 31 7766 9193 10691 4766 4782 4289 31 29 4 6400 7509 21413 6103 8208 7912 5 7730 12861 20244 15424 5241 31 19039 7509 6934 7850 14114 4766 31 2169 7509 22240 6103 23561 7730 22760 5 21 21 21 
21 14335 6256 7914 16580 4 11570 21 
27 
21 5133 17973 4 20202 31 21302 16404 18195 19745 6 
3938 28 19415 15462 26 21 
21 20202 31 21302 7509 23575 19745 5 
12780 1393 1386 6 
7850 14425 3962 4 31 17420 15252 20420 6103 29 4 29 17413 5 12780 5241 8956 19522 4796 15678 17819 10297 7509 14604 868 5 
29 12959 9743 17420 15400 5 18962 15400 7509 9193 19415 5 
7850 10793 4 15658 12780 14606 15138 7850 14604 868 740 5 12780 8840 15678 19522 7509 18195 19745 16404 22805 20149 20402 22463 3962 2137 4 16066 20149 9193 19415 15462 4809 31 20117 5 20149 12861 18784 349 4 12780 11840 31 14427 18498 8995 16721 5 
7850 13909 4 7914 871 12459 4 9193 13784 31 21302 7509 18195 19745 5 21 
21 6981 22897 15658 6075 21551 6103 1164 31 17420 7509 12959 15458 19745 4 9193 9743 29 5 29 4 17413 7730 22805 18498 14604 868 264 15678 14425 1986 4 14336 7730 22463 7509 14426 10924 5 
18481 17413 23135 9743 7730 18481 12959 7509 21302 22564 0 
20202 31 21302 7509 18195 19745 6 21 
155 31 26 26 654 7730 8956 20402 31 3348 13909 7818 22444 5 20402 18498 15678 16972 22938 0 
21 7730 20202 31 21302 6981 20247 20 
20402 18498 12780 10473 16083 22897 16066 20402 21282 20855 0 
20149 10473 6103 15604 4 12780 17714 22463 14427 7686 15678 18896 16404 31 15871 7 
3938 28 19415 15462 26 21 
21 16404 18525 22805 31 21302 6103 12959 18498 14604 17950 17797 20247 16468 4 20202 41 31 21302 2124 4766 31 17420 6103 3450 12959 5 
871 9707 12577 6 
4766 22463 8927 29 4 20149 23135 21596 20229 15678 17107 12959 7914 21793 31 17509 4 23135 740 9743 29 4 29 17413 5 
7850 14425 3962 4 23135 9743 29 4 29 17413 5 
20813 7558 12959 21596 17420 41 6103 23394 4 14539 1920 31 14465 20402 29 4 29 5 
16673 14466 22463 12959 7914 3450 17509 9743 13909 18498 29 17413 5 
7850 16083 10273 4 21371 6075 16404 22805 18498 9743 13909 6103 29 17413 15678 
7730 2371 4 18481 12959 6981 13566 23135 22602 7730 18481 17413 9743 0 23135 18533 31 21302 16404 18195 19745 0 21 
21 16404 6103 9130 4 11570 4 7730 14335 6075 2031 21 
21 16404 18525 10959 6103 3938 4 9743 22463 17950 8956 9975 6103 20247 16404 21582 17644 15678 14426 12959 7509 18195 19745 7509 28 22602 19415 15462 5 
4796 740 20402 22463 22861 2783 4 15138 18070 740 21596 4672 31 14426 5 15658 9743 15138 768 21371 17438 18498 18533 22805 4796 8956 19415 20149 4902 15658 17819 21662 5 
20244 13909 6322 4 8956 20402 15678 12959 18498 9193 19415 7491 18498 12780 20149 19969 2727 7850 18195 19745 5 12780 8637 15678 14604 7730 22805 18481 17413 9193 9743 7850 3938 8956 19745 20 
6103 21 
20559 23522 20 
21 20149 31 10765 20149 2617 7850 17960 7509 13143 4 12780 8414 22463 17171 6103 16342 4766 23501 17525 7850 14336 21 
21 1612 14924 18498 23135 16630 6663 17872 10696 17438 8995 1941 7730 7847 352 4 15855 4766 1612 3790 6103 17667 4 7730 14616 18910 5 17438 18498 9193 16630 6663 4 11300 0 27 
8672 7509 10696 21 
21 18887 4 9743 15678 5942 21 21 26 21776 6086 26 21 21 7850 28 7730 4 4796 17960 9975 4 21596 6103 1164 6075 6103 871 7509 16463 7509 26 5 
18525 18533 6075 22463 15855 7730 6592 20149 21596 4245 6103 20688 7850 26 4 20202 15678 13543 6 
18525 21596 871 21050 5856 16066 5936 6103 19900 16083 6075 4 21282 9594 4815 5 
14539 18498 15658 8386 6103 17951 4 21282 17629 22805 15678 11114 5 15678 7533 21371 21681 6103 20402 8678 7914 12327 5 
8840 18498 10959 5 21 
21 12861 20402 18070 15678 18498 23135 12780 22805 6103 13909 3086 11462 20 
288 18498 15678 15540 6103 13424 20402 16404 20402 17667 
21 9087 15678 28 
20825 6103 5298 21 
21 23554 4 10901 20 
21 23554 4 10901 20 21 
21 14604 20828 11462 20402 22385 3058 18498 2136 20825 18498 8995 7599 
26 21 
28 28 
21 21 21 15678 10691 4766 7868 9901 7914 21858 6103 18610 29 16404 3450 29 13090 19745 21 21 
21 21 15678 3919 7912 16162 12778 6103 1453 29 4 29 6103 20463 22665 21 21 
21 21 7730 15643 13909 20402 17629 22240 23561 4 22760 4 9966 4 5582 4 13026 16066 14044 4 15424 19544 15678 3395 16066 31 3059 6103 702 21 21 21 
18533 20402 17297 6981 12939 
21 4766 12861 4 31 28 23151 2116 7509 6152 6103 153 4 18498 11810 31 13496 7509 10332 2136 7318 9975 6103 22463 4821 4 7730 31 15928 9901 13591 16404 13494 16066 15658 31 10332 6103 6075 6103 2510 13202 10041 5 
21 31 22898 7509 23167 6103 9743 12861 4 9193 31 18553 20402 18498 7850 13907 7509 22898 23135 201 18304 31 16971 8561 21 
21 9980 21623 6103 13359 7730 1540 871 7509 13909 11861 16155 6103 17960 
654 20402 1490 9193 18195 6026 18476 15392 4 4524 27 
18930 15138 31 13311 20 20 
19854 20402 6592 18498 15678 17556 18498 9193 5174 8995 20402 1487 7509 14031 8561 2136 22463 20558 26 20 20 
22834 6103 18494 21793 15678 14604 6026 16468 21 
21 20813 22463 21653 10648 7509 30 28 21 21 13909 19871 7509 15190 21 21 7730 6103 22463 21083 8895 15458 23575 4 740 18844 16083 3906 
7055 6 15678 21653 20402 14561 7509 17807 
21596 4796 15658 18533 22463 6981 12939 0 21 
873 559 6103 9743 4815 0 
21 21 21 26 26 15803 26 26 26 26 29 26 26 15005 26 15005 26 1631 26 21776 15678 23274 5 26 26 26 26 1631 26 31 6160 4 28 29 26 26 26 16823 1983 26 26 15803 28 29 5 21 21 21 
21 20149 9193 5174 2727 15678 3148 4 7847 12780 21048 28 26 27 21 
21 8956 14514 15678 18933 
31 29 5360 20402 31 14425 21 
21 20670 15678 2022 18498 21596 11462 6 
21 21 9193 20402 15678 11474 18498 12780 31 22463 19511 4 20334 1393 14534 7730 16127 8840 4 8329 15678 10685 9743 22327 4 14466 15678 14604 16630 5 9193 20402 15678 11474 18498 12780 31 22463 13652 7730 8840 3532 4 8329 15678 22781 21623 20931 5459 16432 5 9193 20402 15678 11474 18498 8406 15658 17525 6103 10688 7730 15643 21787 31 3358 4 9193 8840 16127 18498 15678 8051 21623 31 13311 7509 20463 12971 5 9193 20402 15678 11474 18498 4 18476 8406 15658 8963 4799 4 16393 8995 16630 22463 9721 4 1267 17438 22463 20853 16066 8840 1453 20402 15585 5 9193 20402 15678 11474 18498 8406 15658 2504 7730 703 21979 18498 31 18890 7730 15678 3512 21623 6103 5459 4766 20463 1097 4 7730 8840 5 9193 20402 15678 11474 18498 9431 20931 6739 7730 11751 15390 6103 22463 16630 4 9193 15658 18910 16127 8329 15678 10474 22240 11644 8406 20500 16066 4 20559 4 41 31 3393 7730 9996 15658 14335 22805 5 23135 7102 8995 16721 18498 20402 22463 16971 18559 4 16126 4 7509 21743 18498 15643 5762 17877 5 8251 5 19900 18525 9193 20402 0 9193 20402 15678 4552 18498 15643 13909 23151 20 
28 28 21 
21 16673 1114 6103 28 4 15658 20402 0 
20402 23556 15678 18498 31 15928 12780 9743 20149 12861 20402 238 6 
29 6103 28 11704 6 18610 29 5 29 4 29 21 
26 20 
21 16323 1393 21442 8464 20 
991 6103 15658 6256 16083 21442 21932 4 740 18506 15678 3906 6103 18525 15658 21596 15299 31 22805 5 
20402 1920 18498 20149 5204 13909 4552 21 
21 12780 22861 4 23016 22861 4 19969 1488 4 23016 1488 4 7730 15678 28 26 740 5360 4766 31 10632 6103 20293 
16066 8956 6026 7509 28 26 20402 22385 19854 18498 15502 21596 5521 6103 14606 16066 15678 8270 6103 20742 7509 28 26 21596 17667 6103 21932 21 
19525 7509 7127 6103 11462 16404 13424 
21 12861 13055 23016 349 11284 15138 21551 7730 18470 20402 31 16083 15599 7509 14506 2238 6 21 21 14860 23274 9901 740 13909 3894 5 21 21 
15658 22805 22463 2442 15678 17807 6103 22463 2241 740 5 
16393 18498 31 13793 20402 6 21 21 13055 18498 31 10765 8995 7914 5782 4 7914 22897 6103 2442 15678 17807 16404 22805 20149 2156 15678 5298 4 12780 22782 13909 3894 16404 22805 20149 4867 20 21 21 26 
20402 13909 2553 7730 10544 6337 10474 18498 7235 15678 13717 20 21 
26 26 
21 21681 10765 18498 740 288 19854 5 
21 21 17068 7850 15855 7509 16083 20402 19108 21 21 5 
21 9193 21282 8840 18498 18476 15678 3919 7912 4289 6103 22897 7850 28 4 15678 10982 15658 4730 2595 7730 13909 11857 18498 13055 21596 4 7730 18498 15678 7589 6103 18443 6103 10688 15658 9901 6103 25 5 21 
21653 
21 18525 15658 708 31 5023 18498 5590 4 15658 9901 6103 25 5 26 26 21 
21 20207 15678 17753 7509 28 6 
18525 22564 31 28 16404 9130 4 1540 6329 
18525 22564 31 28 16404 21932 4 21932 6329 
18525 22564 31 28 16404 7732 4 22782 6329 
7850 28 21282 9387 23222 4 9956 4 12960 7730 19415 20699 
991 7384 4 20202 15678 18629 7509 21253 17753 6 
18525 22564 15678 3614 16404 2091 15678 28 21932 4 10691 15138 4782 
18525 22564 1623 5050 7730 10728 4 10691 15138 8208 
7730 17438 2371 12780 5 5 5 
1522 18498 8956 17753 7509 28 15658 19900 15424 7172 26 6103 26 21 
6103 
21 21 21 7730 9193 6184 31 15812 31 14426 20794 1393 15576 4552 21 21 5 
288 18498 15678 5598 22240 21 21 3050 21 21 17438 4552 21 
19645 20 20 
22463 1249 6408 7730 9193 21282 10691 29 7726 2136 654 4766 15678 26 
21 21596 18498 21752 8956 10273 
28 16971 26 21 
27 
21 9193 9901 15138 18339 18476 21596 18498 3653 871 20446 16673 21500 5 
17438 18498 15928 6103 21525 1393 3402 4 21500 4 28 4 9170 5 4 1920 4796 16878 31 5413 22805 28 4 15658 16878 21371 15678 3652 22805 28 0 
1920 4796 9743 28 4 28 4 9170 0 
31 19484 20402 20558 6 
22805 3454 7850 26 4 15658 17629 5121 6075 4 8186 4 15658 17304 9193 6256 8840 4 15658 17629 1264 18063 4 15658 17629 8720 3512 7879 4 31 13481 15658 17304 3510 21 21 304 21 21 4 8406 16083 4672 5 
8235 4 20402 15138 13909 10544 6820 18476 20402 4894 9743 871 4672 5 
654 4 16404 5412 22805 28 4 20402 15138 10544 5 20402 21282 871 4564 5 5 5 21 
28 28 27 
18468 3170 18498 6592 11462 5 15138 3058 20 18930 20 
21 7730 11462 20402 20463 7127 4 14604 1114 5 
11462 20402 15678 7127 7509 14464 18498 9193 472 8995 7509 13131 5 7509 14464 18498 3224 4 7509 14464 18498 14335 7451 4 7509 14464 18498 9193 472 9743 18655 5 
11462 20402 15678 7127 7509 15144 18498 8995 20293 1393 14604 13131 7914 21793 15678 14924 5 7509 15144 18498 14335 1498 7914 22327 4 7509 15144 18498 16098 4 7509 15144 18498 15658 14370 8747 16404 22805 14335 9808 5 
11462 20402 15678 7127 7509 15144 18498 9193 3962 7730 8637 16404 20402 9193 8897 5 17511 21596 7181 7914 21810 6152 7730 15424 20293 7847 20402 3058 4 9193 3962 4766 23135 20402 31 6152 13909 10544 7730 31 14425 18498 21810 1249 16468 5 21596 23135 20293 1393 14604 13131 4 14335 5139 7730 14335 9743 20357 18498 9193 17511 22327 5 23135 20402 1920 5 
22318 1027 4 14604 1114 
16323 20 20 21 
21 18533 662 31 21793 18498 19418 22463 21551 7509 7127 6103 15908 16404 14335 6679 9808 1247 21389 17438 1614 18481 16673 28 26 4 26 4 9170 5 
15138 15708 20 21 
20402 11462 20 28 29 
28 28 
2136 15678 26 9743 13909 2727 9790 18498 15678 28 26 
21684 15138 3058 16404 16721 22463 17556 5 
21 21282 28 14539 16404 20007 8956 3031 6103 22611 16468 18498 4913 16721 18498 20402 6103 4331 5 27 
26 26 26 28 21 
27 
15658 19900 18498 15678 3790 7509 23135 31 3702 15658 27 26 19698 29 26 7850 15176 
6103 
20402 17438 12861 18498 12780 3653 9193 5320 6103 6726 27 
22400 15658 20402 22463 4672 15138 13278 6103 20149 1937 5 9193 8956 9975 8995 22463 12960 20 20 
23135 20149 20357 22463 21644 18476 21596 18498 16630 22463 4183 2037 18498 23135 15658 12780 22564 15678 5179 18498 740 12780 490 16404 5284 1694 6103 7018 7914 14245 30 22 
16393 2136 14487 20 
15138 8302 22805 15678 6739 7509 12202 2237 5 27 
21 15658 13325 15678 18498 31 10765 9743 7850 15576 17819 7127 7509 15311 4 15424 7850 20207 7730 4 21355 4 15424 7850 7509 1249 16468 5 
19900 18498 15678 18498 23135 20402 17872 9193 19363 13909 18498 22463 15311 20 23135 20402 1095 4 4841 7730 31 15144 18498 9193 17511 5320 7914 21793 15678 14924 7730 6152 5 
14539 18498 8956 20402 15576 23575 7127 7509 15311 4796 21 21 20788 21 21 4 15671 20402 9171 15311 5 
1027 23135 20 
28 21 
26 26 4796 22463 7509 29 12963 13909 2725 7509 26 26 27 
27 
20126 7509 21551 18498 7599 29 11518 20202 5 5 5 
21 9980 22463 1488 16404 22805 28 6103 28 7850 26 20 8995 6361 
20402 6981 12939 14539 27 
6981 12939 27 
28 29 
21 31 15533 4809 4766 22463 28 11943 28 5 
288 18498 31 14469 7509 2904 7509 20855 20402 22463 2322 16404 9193 21623 6103 22897 9193 18473 27 21 
29 
21 8678 1614 31 18473 18476 16765 18498 12780 21596 18498 7319 15678 19522 6103 29 21302 7509 14539 21743 6103 19522 5 
31 16836 20402 6 4796 9594 6103 29 14031 7176 20670 31 14539 4672 20244 20402 19336 0 
4730 31 18069 21793 14604 28 27 21 
14604 23575 7127 4766 5855 7850 4122 5 4730 29 7850 26 7730 17785 21662 9193 18195 28 5 12780 22805 20149 18784 22657 31 16689 6103 
21 14577 16404 15678 15266 6103 153 6 8678 17960 7509 4509 20244 10421 7730 21623 31 18473 5 
21911 9040 6 29 18352 5 
23274 21 
26 26 26 20924 26 6103 28 
21 11462 1393 21409 18876 22463 13481 6103 22463 2504 23274 14335 15812 22463 3943 6103 5855 5 
1540 4815 4796 9233 15816 6981 21743 6 
3058 21409 4 20304 5 15671 10959 6103 22318 15812 22463 3943 23274 12604 4 4766 13494 23351 4 7730 20244 1375 5 18470 31 20931 17939 0 
9128 5 
23135 21596 871 10192 6103 19283 0 
15658 5 
15671 662 31 20931 2031 5 3058 21409 5 
27 21 
21 1612 14924 18498 23135 4730 15678 4945 16404 6830 4 19969 6103 3962 4 23151 29 11518 6408 7730 15678 28 740 8995 12454 2125 5 22 21 
21 13909 16066 14466 1920 
27 21 
21 21787 654 26 26 
28 7850 28 21 
21 21787 654 26 26 
28 7850 28 5 
8956 26 20402 15138 3058 21 
21 21787 654 6256 15678 12931 19761 
28 28 7850 28 21 
21 16721 20149 740 22657 31 16689 23151 31 22564 15678 26 4 16066 20149 9343 6103 22897 31 5320 21 
21 9193 20293 368 18498 15678 28 22960 9193 2060 16404 14335 16922 17998 5 
11462 4 7847 14335 12145 22463 1488 10716 16404 26 5 
6663 4 28 4 9193 9193 15658 368 13909 5 
27 21 
21 13055 18498 9193 15658 10648 31 14388 7509 23029 4 15678 12939 20402 4809 29 4766 8956 15286 21 
14425 11644 6103 17737 18498 22805 2136 654 5 6103 
29 28 
4346 6103 19698 27 
17819 22897 7850 22942 18498 9193 22805 22463 28 7730 26 16784 16404 10268 3265 15678 12780 7599 6408 6981 7127 16784 
13333 6 15643 13909 22918 20244 15678 28 5 5 22 
4766 31 10026 13909 26 6103 28 16971 20 
9312 27 
21 15658 17304 6256 6103 23016 4 15658 20402 0 
5 21 
21 201 6103 18876 22463 13481 7509 26 4 5980 5 16689 18498 15658 20402 18006 6103 8051 2 21 
26 
10217 6103 28 28 6103 28 
20962 26 26 11560 6 21298 5 4591 30 30 30 22805 26 
28 5505 7509 15190 12780 18498 12780 
31 29 20402 31 14425 27 
21 733 4 15678 21551 18498 9193 20402 5758 20 5 22 21 
9743 21793 27 

