8956 20402 15678 15576 7730 23577 28 20 20 
20444 17872 18475 21743 20 20 1103 5 9634 5 21932 5 5 5 
19125 9193 18657 4766 10964 6103 473 
15138 22898 20 20 20 
18533 23135 20293 16936 6103 9193 5 29 5 
9193 20 20 20 
31 22821 18498 15138 15658 8386 20 20 
7340 13285 20 20 20 
27 
14335 9620 15678 7558 20 20 20 
20402 14425 7509 12780 17872 28 
21282 18498 15658 5 5 5 
4796 11462 20402 7127 7509 12787 5 5 5 16323 17872 28 28 7509 28 7730 28 28 18498 21596 31 14425 11941 7509 15190 7850 3962 9193 20 20 20 1027 23135 20 20 20 
352 6103 13860 21282 20149 20402 17872 15855 15678 9948 5 2727 9193 20 20 
21 2745 15678 7127 18498 15678 20304 14335 4229 17872 20402 6318 5 7847 14335 5255 4 14335 17649 4 14335 5603 7730 21596 14792 6103 9193 7730 14539 18476 16721 7914 20402 21 21 12125 21 21 5 155 14604 15860 7730 14335 7491 6 23135 20402 7174 4 9193 22318 8637 17872 9193 4 8482 22318 13764 17458 22318 1027 5 20402 17438 7847 18498 20202 7914 10366 7730 7148 6318 4730 21793 31 9193 17705 7730 15678 18498 20402 14604 16630 17872 7847 18044 4766 22318 7011 5 21 
21 21 21 8637 21 21 9743 8637 8561 5 21 21 16633 17623 21 21 15894 15658 7850 6075 22665 5 18525 20402 10259 15678 2625 16404 8995 7914 14336 1393 8616 7730 15658 20149 5317 0 18525 5446 20402 15678 8869 20060 20 21 
7730 13055 20149 16468 15912 1247 7730 7847 15658 20402 13909 14464 
27 
4796 15658 1027 20 20 
9193 17629 8995 15459 13727 20 20 20 
27 
9743 12861 20293 20 20 
21 7850 7693 7509 7284 4 12780 6103 12954 20 20 20 15678 5528 8258 4 31 3884 7730 15678 15190 15658 12780 22318 21752 7509 3610 18498 28 8637 17872 23135 5 15678 13909 7188 20402 19303 20 20 21 
27 
27 
13055 6075 4179 
9808 
9193 5739 20 20 
21 15678 18498 14335 9743 9808 20402 8995 16936 6103 16971 20558 18498 20402 9808 4766 15678 18498 21596 7730 3348 21596 15678 14425 4 9743 21 21 17022 21 21 7509 17877 7730 4766 12861 6075 15138 19699 5 3058 7127 20 20 20 21 
15138 20 20 20 20 
27 5 264 20 20 20 
27 20 20 20 
14604 9943 20402 1920 20 20 
27 
10606 16784 14604 4122 8995 20244 26 21556 20 20 
7847 9193 1027 17819 20 20 
9193 21596 20 20 
21 23135 15658 20149 20357 28 7730 31 22898 288 18498 8995 21282 0 8918 7509 5846 0 7509 19939 7509 20463 16169 17438 23135 4 6072 20463 1095 18498 4289 18476 23135 13909 17629 4766 22463 134 5 28 21596 31 14031 6103 22318 1027 4 17304 20402 18498 23135 15658 8995 4766 15678 5528 17989 17872 21 21 8474 21 21 5 21 
288 18498 15658 12780 7509 15299 5 27 
23554 20126 20 20 20 20 
9193 18533 20 20 20 
21 28 20402 16816 5 20402 23577 17872 7847 4 3450 22463 4766 20931 11868 7730 18020 5 23135 15658 20402 13909 22463 7730 20539 22463 17960 6103 28 5 15678 17877 20402 20149 5335 4766 15678 17556 7509 15190 20402 18498 17304 15138 7850 17743 6103 28 5 7730 20539 23135 5219 20 20 21 
13055 9743 15138 12861 5 
15138 9193 20 20 
20539 20 20 20 22463 16753 7055 9743 22463 11020 7178 5 
7850 2301 28 21252 31 15533 
3058 20207 20 20 
2727 9193 20 20 20 
16323 17872 15671 20 20 
21 15678 7132 9010 1393 15576 6442 4 7847 9193 15726 7730 18476 16765 22463 10341 7847 13185 31 1689 16066 23206 6281 17872 9193 21752 7509 10122 4 1987 1612 18498 1027 7730 21582 9193 6503 5 9193 15658 20149 8256 4 12861 20402 20577 18498 9010 7850 3610 4179 7730 15678 8869 20060 22318 753 5 5360 7850 3610 5 21 
13055 9743 22327 12861 20 20 
15678 14425 13727 17872 8995 16066 23151 20 20 
18476 0 0 0 
27 
7589 28 20402 3625 15291 
1027 15678 18195 18476 7847 22318 9743 15678 2727 20402 10544 
28 15658 7491 18498 20420 10544 20 20 
27 
27 5 5 5 2727 1920 
18498 13278 5 11462 5174 15678 16169 6103 15138 10765 7850 28 
2727 1920 14539 20 20 
9193 9743 5 9901 15138 3058 5 10273 11720 5 
14604 16169 20 20 20 20 
23 20 20 
21 21596 1612 18498 21596 16169 4 1612 18498 15678 16169 15658 8995 13026 4 1612 18498 16784 15678 16169 4099 4 1612 18498 31 15253 20402 21371 16169 7730 1612 18498 21596 16169 2336 4 16171 7730 16169 21739 5 20463 16169 17304 15658 20402 16816 4796 23135 21371 15658 20402 4 9193 20402 15678 8637 6103 28 17872 23135 5 8443 15458 7127 662 31 28 16673 16169 18498 7847 22318 6075 5 7730 9808 6103 23135 18498 17304 8995 4766 20463 16169 5 20149 21596 16936 30 4 20149 21596 13667 13480 7730 1575 20293 18498 17521 17872 8995 4766 7847 4 17324 9172 20402 21282 15678 16169 7509 6014 5 7730 16404 14604 16169 28 28 4 9808 28 7509 16169 20 20 22318 1027 7730 15708 17438 22327 5 21 
21282 31 16409 8386 20 20 
26 20 20 
21596 20 20 
27 
27 
21 21596 3439 18498 20402 15138 12534 4 9743 21 21 28 21 21 4 1575 7509 7589 4 10447 5 5 5 9193 15658 23104 20244 7847 20 20 21 
22821 20 20 
18498 13512 
21 9193 15253 9743 2912 4 99 4 28 7730 1815 3166 5 4766 15138 1114 20 8995 3058 6103 21 
20402 7384 18498 9193 17629 20 20 
21 18533 8995 7850 11685 4 15658 17458 20402 16816 7730 20539 17438 18498 19900 18498 20402 9604 7730 16603 5 20402 7850 17743 6103 28 8147 1616 18498 17908 20402 7509 11685 4 31 22823 16580 17872 9193 910 5 21 
21 7850 505 6592 18525 9193 20402 4 11570 6399 7509 20304 21 
27 
15658 16878 18498 15678 7132 12960 21680 20826 7850 13600 20 20 20149 28 4730 7850 20463 5528 20402 17458 7847 20825 13026 4766 23135 20 20 
31 16630 7509 16409 20 20 20 15576 4697 20 20 
27 
1150 
21 26 5 5 5 21 21 16404 5 20539 9193 22318 1027 21 21 6103 15604 7730 15658 14335 3697 6103 1937 5 21 
27 5 16393 31 16409 20 20 20 
20126 15253 20 20 20 
1614 20402 22353 5 3058 7127 20 20 
27 5 5 5 15658 20402 
15922 5 9193 20 20 
28 28 28 
23135 20402 10796 7855 20 20 
7839 31 18553 7509 7576 20 20 
12894 20 20 20 
21 21 21 5528 4 17438 22310 28 28 16367 6103 19466 
17872 9743 23135 19505 
22327 2727 4 6103 3884 23135 20402 
9193 20931 9122 20402 31 10547 
5528 22654 4 23135 15658 17304 16367 21 21 21 
2727 9193 20 
27 
9193 12787 7730 14604 5915 288 7847 1614 18195 5 11066 31 28 5 15708 20 20 
21 1393 22898 20402 12254 17438 4730 9193 9408 7914 16971 18498 4796 15671 4 20402 9604 5 7102 3348 9193 9801 7850 7589 7509 9801 4 28 4 7730 1920 20402 9808 7730 9743 15576 18195 9808 21 
21 16169 4 16793 8956 14604 12939 6103 288 18498 20402 16816 4 20402 22385 9604 7730 16603 7055 6103 6198 5 16169 4 21596 15138 18498 15128 14335 753 31 14426 21 
14335 8361 31 8840 20304 20 20 
13512 20 20 
3058 15533 5 
21 28 4 15424 20293 20931 19484 20402 31 18498 9193 18533 8720 4 9193 19900 18498 15678 20304 14335 1027 5 21 
18498 29 6820 20 20 
21 28 4 9193 753 31 21596 10547 20244 7693 20 20 3058 7127 5 21 
21 15678 18498 14335 5139 20402 19900 18498 22327 20402 16872 6103 28 4 17324 9743 17233 4 21596 20826 7730 17962 9193 20402 31 23167 7509 20304 18498 17793 5 14539 18498 15658 4915 654 9193 22463 7127 21596 31 19484 6103 22327 5 21 
17438 9721 20 20 27 
7127 78 17872 23135 5 

