26 26 26 28 
4289 20 20 20 
21 22310 11518 7850 9934 4 654 8840 31 4796 21 
21743 9193 27 
15138 6981 4672 9193 18950 15658 20402 28 28 
17458 9193 20402 19671 20 20 20 20 27 
21 14156 4796 13471 21 21 26 26 31 21726 6 22463 1363 6103 5366 6103 9579 21 21 21 
27 
21743 9193 6 
21 4443 4766 15678 26 7730 4766 26 26 5 5 5 18525 7491 4 18498 8956 20402 31 17819 22897 6103 15138 4 22318 1027 15138 16169 21 
21 14156 4796 13471 21 21 4417 7509 16053 21 21 21 
21 14156 4796 13471 21 21 31 19169 22840 21 21 21 
21 9193 462 20 15643 22805 4 7730 11508 15658 20357 23167 6103 22805 6 16404 21 
21 31 14425 16454 6103 21793 9 5 8 
18525 10959 6103 26 21596 18498 1937 20 20 20 21 
21 9980 4 6408 6103 21389 13749 4 1547 15576 23575 17016 20 28 28 6103 28 7730 28 28 16811 28 20402 22463 12970 23497 4 9193 9901 9808 6103 21596 23135 7558 4815 4 15708 16673 1103 7730 16673 16135 9193 14604 21199 15457 27 21 
20149 1393 14466 7850 18069 20402 1920 5 5 5 
21 21662 14336 20605 9 5 8 22463 15041 11532 4 9193 17438 22463 15081 15520 4 20402 4 5947 20 21 
15678 
15138 13512 15678 15604 26 26 7509 7783 28 
28 15678 
22385 9193 9 5 8 
21 7509 22463 15855 28 28 4 12780 23029 9956 20 21 
21 13055 13359 21 21 28 28 29 21 21 21 
21 13055 13359 21 21 20044 6103 21738 21 21 21 
21 13055 13359 21 21 20044 6103 21738 21 21 21 
8956 20262 8995 1920 
21 15708 28 28 7730 28 3996 4 12780 21596 22463 16107 6103 9850 28 20 20 21 
15678 12939 20402 20402 5758 17872 20293 6 
21 13055 13359 21 21 31 8637 21 21 21 
21 13055 13359 21 21 31 14487 18498 15678 11474 5320 21 21 21 
21 13055 13359 21 21 31 14487 18498 15678 11474 5320 21 21 21 
21 13055 13359 21 21 15678 14788 23154 11617 21 21 21 
18498 14378 9 5 8 
21 22657 31 13311 4 16404 18525 20149 13010 21 21 5893 21 21 7730 472 14467 15678 10959 13577 7509 16083 5 8995 13359 15678 14788 7509 28 28 18498 6103 13667 16468 31 20402 15678 14604 2248 9726 4 21282 18498 21371 5947 13598 28 26 4 13325 6103 16468 31 13860 13359 13598 7509 30 26 7730 12963 23171 5 5174 15138 10765 18498 7491 18498 21340 13591 20402 19854 17458 20402 26 26 4 7730 21340 4 2371 23135 16836 20149 31 16971 13359 4 7847 19474 18498 15658 5 20149 2617 7850 15936 6103 16083 20670 871 4672 20402 22463 3802 6103 873 5893 7730 12534 0 13359 15678 13591 1276 6103 15934 20670 7847 4 7730 14539 18498 15658 10959 4 12861 15658 7850 6075 15678 7277 6103 6977 15678 2248 5 19456 16404 17304 20402 19456 20 20 20 21 
8956 20402 22463 22821 165 20 
31 10548 8995 201 21298 5 21298 
21 5876 22805 28 28 4 5174 22463 3439 18498 8995 18494 1920 20 21 
3364 28 23135 22805 8956 0 20 0 12780 21596 5361 5 5 5 
21 13055 13359 21 21 28 7730 28 6592 15678 20192 7509 22520 21 21 21 
21 13055 13359 21 21 28 28 29 21 21 21 
21 13055 13359 21 21 4644 28 21 21 21 
21 13055 13359 21 21 26 26 21 21 21 
9193 20293 288 18498 20402 15678 
21 8995 13359 21 21 26 26 21 21 21 
21 13055 13359 21 21 31 19169 7509 3988 6103 1623 21 21 21 
7509 13923 20 
27 
349 4815 7279 9 5 8 
22805 21282 28 26 28 20402 16393 6 
21 15138 10131 20 19484 1393 10495 16057 4 18525 21596 21346 20402 16083 4672 20 21 
21 13055 13359 21 21 15678 7511 21 21 21 
8995 16429 7509 20856 7509 13184 6 
8995 16429 7509 20856 7509 13184 6 
21 8995 13359 21 21 31 19169 7509 3988 6103 1623 21 21 21 
21 13055 13359 21 21 26 26 29 21 21 21 
21 13055 13359 21 21 26 26 29 21 21 21 
21 13055 13359 21 21 26 29 21 21 21 
8995 16429 7509 20856 7509 13184 6 
8995 16429 7509 20856 7509 13184 6 
8995 16429 7509 20856 7509 13184 6 
21 434 21 21 19592 20812 21 21 1393 9193 14577 6103 13311 6103 29 21 
8995 16429 7509 20856 7509 13184 6 
8995 16429 7509 20856 7509 13184 6 
8995 16429 7509 20856 7509 13184 6 
8995 16429 7509 20856 7509 13184 6 
9193 19798 8995 22385 13512 15678 
21 8995 4289 28 9 5 8 
28 28 6103 28 7730 28 28 16811 28 31 8840 9980 12780 21596 9971 20 20 20 21 
21 9901 4766 8956 15286 7850 9193 3393 15678 7127 21793 4 472 20 20 20 21 
21 23570 19416 4 6075 15138 23167 6103 13359 21 
21 12780 13359 21 21 15678 19169 6103 1034 21 21 21 
21 12780 13359 21 21 15678 19563 6103 28 26 21 21 21 
7509 4125 13598 13909 13359 13055 13359 29 9 5 8 
7127 29 8995 4289 9 5 8 
8995 16429 7509 20856 7509 13184 6 
21 14156 4796 21596 21 21 1021 21 21 21 
21 14156 4796 21596 21 21 7563 3975 21 21 21 
21 8060 21 21 12963 23171 21 21 21 
21 14156 4796 21596 21 21 15678 5628 21 21 21 
21 14156 4796 21596 21 21 31 8838 21 21 21 
21 14156 4796 6679 21 21 15678 11165 7509 14851 7509 10625 21 21 21 
21 14156 4796 21596 21 21 21218 21 21 21 
21 14156 4796 21596 21 21 14453 6103 22463 20097 6103 14692 21 21 21 
21 14156 4796 6679 21 21 15678 5366 6103 28 4 15678 2574 21 21 21 
21 14156 4796 21596 21 21 15678 11341 16784 21 21 21 
21 14156 4796 21596 21 21 28 7850 16587 7509 14145 21 21 21 
21 14156 4796 6679 21 21 10217 12261 21 21 21 
21 14156 4796 21596 21 21 5741 21 21 21 
21 14156 4796 21596 21 21 16404 20293 21 21 21 
21 14156 4796 21596 21 21 14156 21 21 21 
21 14156 4796 21596 21 21 31 14569 21 21 21 
21 14156 4796 21596 21 21 15678 7501 7509 17831 21 21 21 
21 14156 4796 21596 21 21 14414 21 21 21 
21 14156 4796 21596 21 21 31 20304 7509 13873 21 21 21 
21 14156 4796 21596 21 21 31 3206 20207 22942 6103 26 26 21 21 21 
21 14156 4796 21596 21 21 21956 21 21 21 
21 14156 4796 21596 21 21 15995 7730 17635 21 21 21 
21 14156 4796 21596 21 21 31 21631 7509 20809 21 21 21 
21 13055 13359 21 21 7501 7509 22678 31 10566 21 21 21 
21 13055 13359 21 21 7501 6103 22463 22678 15678 6933 21 21 21 
2136 18498 31 22861 3170 15658 9901 22385 19854 
16404 18525 1937 28 7730 5947 20 
21 13055 13359 21 21 28 21 21 21 
21 13055 13359 21 21 15678 6933 21 21 21 
21 13055 13359 21 21 31 8838 21 21 21 
21 13055 13359 21 21 15678 5628 21 21 21 
21 13055 13359 21 21 15678 23575 15870 21 21 21 
21 13055 13359 21 21 7914 4229 21 21 21 
21 13055 13359 21 21 31 2635 7509 13102 21 21 21 
21 13055 13359 21 21 31 13950 7509 21772 21 21 21 
21 13055 13359 21 21 12963 23171 21 21 21 
21 13055 13359 21 21 15678 14133 6103 14975 21 21 21 
21 13055 13359 21 21 7563 3975 21 21 21 
21 13055 13359 21 21 31 3379 21 21 21 
21 13055 13359 21 21 15678 13135 6103 18654 21 21 21 
21 13055 13359 21 21 1021 21 21 21 
21 13055 13359 21 21 31 14464 18498 19822 13598 21 21 21 
21 13055 13359 21 21 26 26 7730 31 15970 7509 10553 21 21 21 
21 13055 13359 21 21 26 26 7730 31 19249 7509 15041 21 21 21 
21 13055 13359 21 21 26 26 7730 15678 8305 7509 18165 21 21 21 
21 13055 13359 21 21 7753 21 21 21 
21 13055 13359 21 21 28 15604 21 21 21 
21 13055 13359 21 21 26 26 7730 15678 5983 6103 10159 21 21 21 
21 13055 13359 21 21 26 26 7730 15678 17854 6103 28 21 21 21 
21 13055 13359 21 21 26 26 7730 31 5993 20158 21 21 21 
21 13055 13359 21 21 5738 21 21 21 
21 13055 13359 21 21 26 26 7730 31 16633 9961 21 21 21 
9980 19969 9 5 8 
11617 26 26 21776 26 31 26 6 
27 
21 6408 6103 21389 21551 21582 4 9980 5219 12780 7850 1619 9 5 8 21 
7994 21298 5 21298 
21 31 1243 12604 17982 3621 4 18498 16630 19159 7730 22136 412 16404 15678 17342 6103 18056 7730 15658 19369 1393 14054 5 21 
26 26 11943 31 26 15803 20656 26 26 26 5 12863 22 20539 21726 21776 26 26 20 20 20 
27 
9193 8637 15678 28 9 5 8 
21 15138 3058 4 15658 20402 18475 22463 18498 9743 9010 21743 6103 21932 9 5 8 
27 15138 3058 20 20 20 20 
7418 29 20 20 20 
21 8956 20402 31 13909 7188 2136 654 9 5 8 9901 20244 15197 4 20244 28 7730 20244 14359 20 20 20 21 
3058 17950 16404 31 10548 5 
21 18533 1937 6103 15604 4 15138 3058 31 16630 6 6103 21 
26 28 29 9 5 8 
9980 20402 23015 7914 871 4672 15678 18498 8003 
5758 8361 17872 15253 31 15658 4796 15678 1233 5 8995 22805 2136 22463 5758 16765 31 5843 7914 14265 22463 1229 20 20 20 20 

