28 28 
9808 7127 7509 5758 17872 14604 14975 5 
17605 5 
21 21 21 5 5 5 5 21355 17458 15425 21596 15678 15860 6103 19486 4 15424 15678 6103 4429 15702 7730 7378 21 21 21 
21 7850 14604 3962 4 9193 20402 22881 21 
28 28 
20402 8956 1114 18498 14335 13405 2136 15894 9193 15658 17511 12780 21282 
8956 1249 8995 7188 11300 
20931 3790 28 28 
15894 10839 
13055 16721 20149 31 14989 20402 1920 28 28 
12861 14335 13325 15138 873 28 28 
12780 20402 1920 4766 15678 28 28 28 
11686 23135 28 28 
28 28 
10943 10962 
28 28 
21 22805 15253 28 28 17629 6103 13909 13598 7914 3962 4 17836 7850 14604 18487 20 20 20 20 20 21 
6 22 
15855 21282 18498 14422 20 20 20 
28 28 
26 26 
26 26 26 
21 13909 11510 4 17438 9721 5 21 
15520 6103 910 20402 18525 23104 7914 11259 
26 26 21776 14335 
16584 
28 28 20931 15286 
21 9980 4 11300 17215 20 20 21 
24 14975 20 
21 21 21 21726 26 26 26 26 21776 14335 4 11617 26 26 26 20402 31 26 26 4 11617 22 30 26 26 20402 31 26 15005 5 21 21 21 
28 28 9542 28 
20293 1393 20463 13131 5 
22318 1027 16582 
9743 22327 17438 23135 5 
21 28 9542 28 22318 1027 4 22805 0 21 
21 21 21 19900 6075 22665 16404 31 4672 13909 20558 5 21 21 21 
21 21450 28 4 12780 4766 28 10326 20 21 
12780 28 8 29 
26 28 5 6 15678 
8 29 
26 26 26 5 
8995 2371 20088 11438 
21 21 21 14335 8832 7914 23135 4 5590 13026 4766 23135 4 23104 13026 4766 23135 4 9743 22327 17438 23135 5 21 21 26 26 22 20539 26 4 26 5 11617 26 26 26 26 20 21 
18476 9193 9605 18498 14604 14425 1095 20402 10716 15502 368 5 5 
15855 23135 28 15678 
21 21 21 14096 22463 
20853 7914 20463 19800 14539 18498 20463 5528 8995 6103 3790 9769 5 21 21 21 
662 21793 21551 17438 21596 8147 23135 5 
23029 14124 17934 20 
21 20402 8302 15678 14881 4796 23135 1421 7850 9193 22942 7730 5219 14335 8386 22385 18691 4 5219 14335 9743 20852 2136 18476 9193 8995 6454 5 9193 15643 11731 5174 22463 16971 4796 23135 5 19900 13761 4 15671 13055 7102 21596 9790 1103 7914 16083 22942 4 17458 20402 11952 31 10211 4796 23135 14335 9743 2727 5 9193 662 31 28 21793 15678 28 17438 21596 5174 23135 5 21 
28 28 
26 12863 26 
26 26 
7957 13761 0 28 28 
28 28 
28 28 13325 7509 23220 1885 0 27 5 
28 
28 28 
9193 7914 18468 5 
28 28 
6 

