21 9387 5782 7914 15138 18584 5 5 5 9387 20826 7017 2727 991 6073 7509 28 21371 5 5 9193 740 21596 8838 15658 15190 14425 5 5 7730 288 18498 16440 7509 18884 20402 9790 6103 4839 4 953 7730 4832 5 5 5 15658 20402 17458 15678 17877 20402 7509 16083 18498 15658 17511 9743 15299 5 5 5 18525 19900 15658 1540 866 17872 21095 31 9193 5782 21371 5 5 21 
20497 2510 28 
8995 22765 3749 20 27 
21 15908 31 15533 15678 10700 7509 9193 9634 20149 20402 4 6408 6103 18494 29 1249 4 31 13907 5484 4766 21267 17877 6103 20127 5 5 5 13606 6103 5876 5 5 5 
6256 8956 22861 18498 9193 1027 4 20670 21 21 6256 8995 21 21 5 5 5 6256 16404 31 16971 18498 9901 4 6408 18498 22463 8379 18533 4 1229 16066 11570 4 20149 12780 5 5 
17458 31 22942 7102 20202 5 5 5 15658 18498 20402 20558 1920 5 5 9193 7102 20202 5 5 
1107 23135 9634 
21450 21450 21806 28 5 5 5 6564 654 5 5 5 21 
21 21 21 8995 9317 17458 1190 15138 21 21 7730 21 21 1190 15138 7730 17438 12861 8995 9317 21 21 20402 10343 7176 5 18470 23135 8637 0 21 
21 14604 1095 28 4 16323 20 20 20 5 5 5 452 21680 21346 18688 5 5 21 
21 11518 6103 12780 17872 3962 5 5 5 
20402 29 17450 4 15138 4796 7850 10273 
29 16587 
29 4417 
29 11540 7176 
29 23238 
29 3919 963 
31 10259 7730 19671 11454 6103 28 
31 11266 7509 22942 20242 7850 28 26 
15678 11422 18444 7914 26 7730 7850 28 
31 7445 5527 7509 28 
31 11022 15355 6103 28 26 7850 28 
31 22942 20558 7730 13512 7850 22971 28 7850 28 
31 6310 7730 9239 3733 26 
15678 12440 3402 7509 3058 8838 
31 10547 7914 185 28 
31 11854 6103 28 
22463 17556 7509 18498 12780 9901 11139 1614 4815 5 5 5 
15658 12780 6075 5222 20670 22918 16066 1575 31 22942 5 5 15678 23577 18498 17511 6256 20402 21 21 23104 31 20931 22942 6103 22463 10211 18498 22318 9743 9808 4 7730 20293 3348 11710 15678 3610 6103 16083 21 21 
20126 7509 14604 28 
21776 4289 21 
18444 7850 17583 18195 1393 11555 7914 18498 31 10765 20149 11541 5 21282 18498 15658 27 
13761 6103 4434 15678 15190 20402 16752 29 1190 5 5 5 
2828 17872 20238 20 
28 7730 20931 8272 5 5 5 13688 20 
28 
23 21570 20 27 
26 20402 23135 0 27 
21793 3348 31 13759 5 5 5 
15678 20749 20149 14810 4766 31 1658 5 5 5 
21 12780 14335 6917 7509 28 7509 21063 4766 31 4181 6103 21596 5174 22463 16587 10221 5 5 5 19671 7914 15364 4 5896 7730 835 5 5 5 
23151 5 5 5 
28 20 21 
21 11462 20402 15678 7127 6103 14523 4766 15678 22320 3166 5 5 5 9193 12255 15678 22797 15658 6256 5 5 5 2727 4 23570 15081 17872 23151 17872 5980 20 27 21 
26 26 20 
23577 14031 6103 13405 9193 15253 17872 22918 5 5 5 1393 23104 7278 7509 3402 7509 3058 8838 5 5 5 27 
21 740 14335 16836 6 15678 18498 7847 8995 16721 0 5 5 5 5 19703 5 5 5 
10273 17438 6 28 28 21 
26 26 3091 20 
3733 26 20 
4289 31 3733 26 5 5 5 654 20402 17908 22463 13727 17872 20336 5 5 5 27 
26 26 28 5 26 26 20 
21 28 4 29 21 
15678 18498 873 17629 17872 20402 9808 0 
21 22971 6103 28 4 28 5 5 5 
8329 20402 20788 4 22463 498 23104 15637 3962 20369 9790 6103 1642 5 18476 20149 3962 4 5284 22463 4163 16404 31 20931 9634 7730 3956 12780 20402 5284 6389 7509 4163 5133 31 9634 12780 5741 5 15678 9943 9901 7914 3956 20369 7509 16169 4 15678 14464 20369 7509 14464 5 15678 2532 20402 14894 7850 20136 5 15678 4381 20402 22463 4163 4969 4766 22463 2399 31 18470 7847 1190 2136 29 16404 3348 702 7914 22463 7509 29 23577 17569 18498 11284 7850 22971 5 31 5695 21371 20402 4969 4 3450 4163 21596 31 20931 5 31 893 20402 5278 20813 17438 22746 4 13307 7730 3884 7509 3404 18498 5762 7850 22971 5 15658 11284 11543 7730 7847 22564 3965 7509 23501 7509 28 16404 22092 7154 7730 7594 9056 5 31 13601 20402 22463 3320 4075 7850 4387 7932 6103 22463 23501 18498 18476 8125 20402 9769 16404 22463 15604 20402 155 5 15678 7251 7509 23051 7730 7509 1830 18498 22782 20402 22564 16404 4913 19830 16404 31 5758 7730 22092 7542 13909 11051 7850 4417 18498 9901 11284 29 13090 6103 7419 5 
7730 7847 20852 15678 21551 21793 17872 15671 5 5 5 
15658 20402 22463 13606 6103 14996 5 
9193 22657 22463 19094 7509 18481 17629 17872 20402 9808 5 7509 18498 20402 31 7178 8406 20402 17297 7730 20402 20558 5 20402 17297 21282 20402 22463 19083 1393 18498 17872 23135 20402 20402 19671 5 
23104 20402 20558 5 
8995 8995 18784 7995 20539 5 
20402 22463 17869 8995 13761 5 21 
17438 28 28 
12863 22 20539 21726 21776 10907 5 5 5 26 26 28 20 26 26 28 
29 10273 6103 3450 16587 5 5 5 14799 7188 5 5 5 27 
26 26 28 
10278 15678 10289 20 27 
28 26 20 
18444 7850 19698 28 
21 17605 4 28 20 21 
17438 28 28 
17438 28 28 
17438 28 28 
21 17438 28 28 
17438 28 28 21 
26 26 26 20 
28 
21 14799 28 4 4886 20 18195 16367 4 28 5 5 5 21 
21 4766 8956 16580 9193 6917 7509 28 26 5 5 5 13727 12094 5 5 9652 5 5 5 22463 20825 18779 5 5 5 18195 16367 4 28 20 20 7730 15658 4 15658 20402 22463 16421 6103 7447 27 5 5 
3058 7127 21 
21 2727 18498 9193 2322 5 5 5 21 21 21810 5876 13761 7850 28 21 21 5 5 201 6103 20402 19822 5 5 5 
17438 22463 13804 5 5 5 5 27 15678 19952 13405 9193 12901 27 21 
26 
17438 28 28 
26 589 
21 1575 15678 7127 7730 14018 14604 21 21 9808 7127 7509 1095 21 21 17872 21793 31 16971 18498 12126 6103 4229 6103 1095 16066 4697 4 6103 22805 20293 16066 18494 15643 4 6103 22918 4 21932 16066 2685 22463 4189 13030 4 9901 9808 4766 31 9193 9801 5 5 17458 12861 17872 9193 20402 20402 1095 5 5 5 20402 21154 31 9801 7509 16083 5 5 1393 9193 12787 4 14604 16169 4 7730 14604 1097 6103 5528 4 9634 16066 15658 4 22463 9808 7127 7509 1095 5 5 5 21 
21 21 21 26 21 21 7850 20136 587 5 5 5 21 
26 22 20539 26 5 5 5 
21 4289 5 5 5 15678 12760 7509 18780 6103 22463 20825 5 5 5 15643 6256 6103 3348 31 18780 7509 20463 21 21 17960 6103 22942 21 21 5 5 5 21 
21 7509 21266 21 21 8155 21 21 5 5 5 21 
21 1095 14604 6 21 21 26 26 20402 31 11454 6103 22463 17930 6103 18607 18498 10648 31 22942 17918 15302 21 21 5 5 5 
26 5 5 5 9193 8386 22327 8561 5 5 5 21 
9867 13023 7509 28 7730 7509 28 20 20 
21 9193 1506 5 5 5 14604 1095 22553 15658 1498 5 5 5 22327 2727 4 15671 17304 5484 15138 2727 5 5 8995 6103 15256 6075 5 5 22805 0 
8995 7188 6103 8386 0 
19703 5 5 20149 21596 7188 4 22327 2727 4 31 10765 19456 5 5 21 
21 4730 9193 10273 5 5 5 15658 18498 9193 1504 16381 5 5 5 15658 18498 9193 15658 1504 16381 5 5 5 21776 22805 7850 26 22463 14984 6103 10765 18910 6103 18525 15658 4730 31 10273 5 5 5 7730 21776 22805 7850 26 22463 14984 6103 10765 18910 6103 18525 4730 31 10273 5 5 5 
15678 8302 15510 22327 4 20402 18498 12125 7509 20931 17509 4 8956 26 20402 22463 19093 7509 18498 8995 9193 21858 5 5 5 12656 5 5 5 17304 15658 20402 13909 7914 19225 1393 20476 4 1393 18737 16066 1393 4526 20699 5 5 5 9193 8995 9193 21858 12656 4766 31 23167 875 5 5 5 4766 15678 7277 7509 16083 6103 20402 16066 15658 20402 15678 18498 18533 5 5 5 12656 18481 1393 21 21 14119 21 21 7509 16083 5 5 5 12861 1614 20402 22463 19415 21 21 20699 21 21 5 5 5 17872 18525 23104 7914 21 21 20709 21 21 5 5 5 3450 22463 17304 17525 15678 18498 18533 5 5 5 16066 15658 17525 20149 15658 18533 5 5 5 6670 18498 11284 19456 4766 15678 16083 5 5 6670 18498 15658 17669 15502 5 5 
4796 20420 13278 5 5 5 16367 6103 16784 21551 4766 5856 15658 5286 5 5 5 16367 6103 7340 16719 18498 9193 13405 17872 2442 7730 15658 13405 15502 17872 4434 5 5 5 12780 12739 8956 21551 7914 9743 4672 13284 4 4766 18525 31 10765 10959 7730 18533 8995 5 5 5 16721 4672 13284 5 5 5 15678 18498 288 0 
7957 20402 9808 5 5 5 21 
21 4730 9193 10273 5 5 5 15658 18498 9193 1504 16381 5 5 5 15658 18498 9193 15658 1504 16381 5 5 5 21776 22805 7850 26 22463 14984 6103 10765 18910 6103 18525 15658 4730 31 10273 5 5 5 7730 21776 22805 7850 26 22463 14984 6103 10765 18910 6103 18525 4730 31 10273 5 5 5 
15678 8302 15510 22327 4 20402 18498 12125 7509 20931 17509 4 8956 26 20402 22463 19093 7509 18498 8995 9193 21858 5 5 5 12656 5 5 5 17304 15658 20402 13909 7914 19225 1393 20476 4 1393 18737 16066 1393 4526 20699 5 5 5 9193 8995 9193 21858 12656 4766 31 23167 875 5 5 5 4766 15678 7277 7509 16083 6103 20402 16066 15658 20402 15678 18498 18533 5 5 5 12656 18481 1393 21 21 14119 21 21 7509 16083 5 5 5 12861 1614 20402 22463 19415 21 21 20699 21 21 5 5 5 17872 18525 23104 7914 21 21 20709 21 21 5 5 5 3450 22463 17304 17525 15678 18498 18533 5 5 5 16066 15658 17525 20149 15658 18533 5 5 5 6670 18498 11284 19456 4766 15678 16083 5 5 6670 18498 15658 17669 15502 5 5 
4796 20420 13278 5 5 5 16367 6103 16784 21551 4766 5856 15658 5286 5 5 5 16367 6103 7340 16719 18498 9193 13405 17872 2442 7730 15658 13405 15502 17872 4434 5 5 5 12780 12739 8956 21551 7914 9743 4672 13284 4 4766 18525 31 10765 10959 7730 18533 8995 5 5 5 16721 4672 13284 5 5 5 15678 18498 288 0 
7957 20402 9808 5 5 5 21 
9193 21596 4181 18498 12780 6075 8956 19522 5 5 27 
21 9769 15678 7127 4766 29 7509 29 15144 7509 9193 22942 5 5 5 15253 28 4 12787 28 7730 31 28 27 5 5 9620 31 12787 28 21 
21 21 21 23135 6075 22463 17819 16468 5 5 5 8956 16468 155 22463 3610 5 5 5 16673 3610 16083 16468 5 5 5 16673 16083 4 17819 28 21179 5 5 5 21 21 
10273 11455 5 5 5 14335 6256 15138 9808 19900 18498 6103 871 10211 5421 16404 20463 18195 17819 28 5 5 5 14096 15678 4403 5 5 5 14096 31 4229 5 5 20402 15138 9808 
558 
7233 
22463 16468 15128 22327 
23123 23488 21 
21 15658 11862 20149 8995 20202 3611 15138 7176 16066 18195 5 5 5 15658 11862 20149 9193 22805 16066 9605 20293 16066 18702 5 5 5 15658 11862 15678 15540 18498 20149 6075 5 5 5 1095 4 4697 4 16375 4 12787 4 16399 5 5 5 31 18772 20402 18498 18525 23135 7102 20149 8744 17872 14096 7850 22318 22942 4 20402 1612 18498 9901 9808 17438 22318 9801 5 5 5 14539 18498 15424 20293 17511 8995 13026 5 5 5 14539 18498 15424 20293 17511 22318 753 5 5 5 20670 1612 18498 20149 12034 7914 22318 22805 2727 4 14425 6256 20202 20463 18191 3611 5 5 5 8956 21371 4 1920 4796 18475 22463 6103 15671 4 21596 18498 6592 15678 18498 7850 9743 9808 5 5 5 7693 18498 9387 873 18498 18784 9901 9808 4766 31 12253 7509 16083 5 5 5 18525 18533 22318 18344 17872 2442 20402 17458 15658 19900 4796 20954 5 5 740 5 5 5 
3058 20247 31 21793 21 
10606 19589 17872 21842 16673 28 5 5 5 16066 15658 27 
26 26 28 20 18930 20 
6075 22463 19768 4766 15678 16169 7850 16559 
1247 7509 28 4766 15138 19735 20 
9769 31 15533 4766 4189 7730 17068 
8995 13026 14539 13667 20 20 20 27 
17458 15671 14076 6103 21738 20 20 
11284 18525 7491 18498 20402 28 15658 21596 2717 5 5 5 31 2717 8995 7914 4796 23135 15855 20 20023 
26 20 
26 29 22 20539 20 
17737 18498 201 6103 10648 7509 14604 16169 20 20 20 11462 20402 22463 11020 7127 20 20 20 20402 9808 20 20 
21 8428 6 21 21 9387 871 4672 7188 17872 23135 15458 22942 0 21 21 
28 6 21 21 15658 20 20 20 21 21 
23135 20402 15678 18498 23135 16721 20 20 20 21 
17458 20402 9808 20402 22463 18553 6103 11514 20 20 30 30 30 
18525 19900 871 12959 7509 21726 15658 22805 12861 7730 9743 22463 23051 17872 18779 15678 20825 7509 10672 5 5 5 
14265 31 20126 7730 22126 3058 22925 1393 28 20 20 20 
6917 7509 28 20 20 20 21021 14062 20 20 20 
1792 4766 15678 20497 6103 22463 7509 7087 7509 19735 20 20 20 16673 21525 5 5 27 5 5 
21 20402 1920 18498 31 10765 18055 11462 4 15658 20402 28 0 21 
15643 20951 15678 18498 23135 17304 9743 20 
21726 11246 4766 15678 7557 
15678 17819 16139 31 10765 15643 8918 27 
8119 7509 9971 6103 20247 7850 5528 7509 16277 5 5 5 13727 12094 5 5 5 
31 3610 7509 16468 7509 13672 
7957 14849 28 0 0 
21 24 10606 7509 15286 4 20149 873 8995 2116 6103 22463 2442 6 
918 6103 18894 7509 28 
9769 31 6917 7509 28 5 5 5 
21 20149 13591 7509 28 20 20 20 5 5 18533 7491 4 20149 6917 7509 28 21 
18444 7914 3629 11020 5 5 5 
4189 28 
14604 558 13055 15344 4766 3058 10959 15218 20 27 12861 26 28 20 
3348 22463 22942 6103 16580 7730 9801 5 5 5 
6917 7509 26 5 5 
20455 26 2510 21601 29 
19226 26 20 
26 29 5 5 
26 5 5 5 
22765 11139 20 
24 20474 
26 26 26 29 0 27 
21 18533 22805 31 10606 21 21 6103 7277 21 21 16630 11802 6981 3790 654 5 5 5 20215 31 14487 17872 20149 19043 4 7730 654 19450 21 21 15128 15678 7314 21 21 17872 17304 6157 18636 15821 7730 4623 7509 4964 15678 5960 16673 9620 6103 17228 7509 10982 7509 18201 9193 23575 29 1249 7914 20879 5 5 7730 740 21596 10765 18498 288 18498 16440 20402 20794 16066 17877 5 5 5 20402 22327 31 14539 14512 5 5 5 21 
21 9193 15658 20402 26 5 5 5 
1276 6103 18475 4795 11814 4 15658 1502 31 4832 15658 20402 6202 15678 21643 5 5 15299 13045 15678 21643 5 5 5 9193 20402 17629 18950 15678 18481 15678 16587 19671 7509 15767 5421 16404 18498 8956 4672 15770 4 4766 20463 6964 7730 7033 6103 5896 7176 4 17836 587 7730 7509 16006 15260 5 5 5 22805 871 4262 18498 20662 4796 23422 5 5 16765 18498 15678 13490 8406 13441 6103 9462 7730 15678 6977 21596 16925 2727 7176 5 5 
7850 28 14673 6103 12372 12118 8995 15036 9193 15658 22805 22463 4832 21 21 9193 20402 28 21 21 5 5 5 20539 4 17458 9193 5896 9193 8361 22463 20326 9158 6103 21122 5 5 7730 8361 18498 20149 15678 17877 349 7850 18582 7509 23113 4 15658 20402 17877 15576 5 5 5 
17324 20402 4 8995 20402 19779 31 2595 5 5 
15658 8840 31 20472 17872 20402 9808 20 20 20 
18498 4809 15678 12963 5 5 5 
9312 11284 22463 1249 8995 7850 14336 6981 6734 9652 5 5 5 18498 13026 31 29 4809 31 5311 17872 18195 6592 6981 15190 5 5 5 17458 21596 15138 4672 2371 20402 17872 5174 5 5 5 
9971 6103 20247 7914 28 5 5 5 
23575 4189 7509 1249 0 0 
21 12780 31 7850 26 20 20 20 
12780 31 7850 26 20 20 20 21 
1247 7509 28 20 20 20 

