21 28 4 10766 20 4796 20402 22463 16971 21083 4549 4 13761 12780 15678 7314 6 
11462 4886 29 1249 18498 9193 19969 7509 28 17872 22463 2304 15138 13688 871 7491 18498 20402 2136 14336 20244 15623 17872 21631 7509 26 5 13202 22463 4417 13512 10840 4796 20402 28 7730 20402 17872 22463 4417 14767 4229 28 4 4766 2464 18498 9769 1276 7509 29 5 4289 13761 20244 5174 18494 15502 4 15036 6103 14378 6103 6075 18475 21743 6103 14512 5 
9193 15855 21282 18498 4672 13512 6 20149 21681 14512 4 15424 13325 5 19900 18498 20402 22327 13512 20 20402 4 23104 4 22773 20 1540 4672 17872 3807 4 5741 13909 740 4796 16971 4 4796 17934 4 4796 1095 4 4796 9128 4 9170 12027 4 4796 22327 14539 4 21389 18498 22463 7509 5742 20402 17872 13131 27 5 5174 16971 12094 7730 16083 15424 21389 18498 17785 13405 17872 19509 7509 22942 4 20402 7850 1103 16066 7850 10211 6103 22463 20558 13324 5 
20688 31 22463 1249 7730 14336 20244 14604 16753 13033 18498 21681 11518 18498 288 18498 15658 12780 19761 5 9193 4 13055 17438 29 15266 7730 22463 2988 4 5980 8995 9193 6103 23151 17872 9193 21631 28 7509 4796 3058 5 
7730 15678 18498 20670 7509 12571 0 20126 20 8 29 21 
21 23016 26 29 5 29 15678 13909 22463 28 5121 17872 26 26 20879 29 20 20 20 26 4 26 4 26 15678 21 
24 15678 23016 26 
21 21282 10765 13512 20 9634 
21 
14604 26 28 20 4672 13909 13512 7509 15190 20 28 13512 7509 21739 
21 14604 4122 26 29 6 
8995 6830 21282 
18476 13480 8408 7914 17889 6103 16064 6103 26 
2126 15658 8995 13480 7 18476 7850 21810 4 9901 17729 7850 21494 21 21 28 21 21 4289 15423 7730 6830 4 9193 6075 26 21282 
15459 14924 4 15658 6256 9193 8406 7850 16440 6103 26 17458 9901 6830 7730 21 21 13480 21 21 21282 5 
20794 
23274 10213 31 16442 6103 3423 
23274 1400 22463 14984 6103 13600 7509 30 
10213 22327 
12960 13667 4 17656 7914 22463 21118 7687 5 
873 2371 21596 871 16083 7157 7509 18498 9193 17511 21582 9743 4766 7847 0 0 6 21 
21 28 4 13055 6146 15678 18498 12780 9743 7850 18195 9833 6 17425 26 7914 28 4496 15678 21 
21 28 4 28 5 5 23570 21684 5 5 12780 6103 8147 1393 18498 8995 5459 15908 7850 22144 5 5 21 
21 19900 17950 0 14076 6103 26 26 26 0 23016 9193 753 20402 22463 31 26 16404 31 14464 18498 16429 7509 26 26 20879 29 20 20402 21282 17649 8956 10232 19871 18498 8406 7914 5322 4766 13905 7055 26 8000 
18352 7509 26 26 20402 28 13055 8995 7850 1623 15678 
21 11020 4 9193 22657 31 16689 20 21 
4672 13512 
30 
20126 30 5099 18498 3510 22463 13764 19703 
21 21282 21752 10273 19854 4 7914 4 30 0 27 9867 7509 4169 16421 7509 28 21 
19768 6103 2824 7850 28 6 
14604 15416 6103 28 6103 17872 20023 15678 
21 15658 10959 6103 4628 4 9193 8956 23222 8995 6103 16323 20 21 21 26 1631 20402 26 4 26 20402 26 20 21 21 
6 
22223 6 
26 26 26 30 5 26 26 26 26 
26 26 28 5 4766 26 
20126 30 8 29 
9789 7509 13591 26 22575 29 
21 13325 18498 20149 23135 20402 11497 4 19900 18498 11493 8678 1393 5431 20402 30 4 15678 18498 15658 9743 15678 14465 20357 4 1920 4796 15678 20463 17635 5 6 21 
21 28 28 4 28 13692 4 28 22803 21 
23 
9410 8 29 
17324 20402 5 6 13098 
21 11617 26 21776 26 26 6 16404 
26 26 26 26 26 26 20 21 
12780 20402 740 14425 20149 20402 22463 3585 7730 21340 31 3733 6 16404 
22942 3058 20402 6361 18494 29 11518 17872 4289 7914 3962 20 6 6324 28 
21 27 8956 20402 16083 15669 6103 1114 4 28 20 20126 21 
21 21 21 26 11617 26 11617 22 30 26 26 20402 20 21 21 20402 11462 20 28 30 21 
8995 26 1920 7730 15425 1229 15036 
2389 20 20 8 29 
8 29 
26 26 15678 20 28 28 11238 
26 11617 26 26 1631 28 20244 28 28 26 
26 11617 26 26 5 5 27 
26 26 26 26 11943 28 28 6 28 20 26 
21 26 26 4 26 26 5 26 26 21 
26 15444 5 5 5 6 
21 11617 22 13800 26 28 30 1983 28 11237 20879 26 26 4 26 29 29 20 21 
21 23 4 18498 20126 6103 23135 20 20 6 
18197 5 4796 28 15658 21438 7850 14924 7730 28 15658 21438 7850 19768 4 4730 7847 6103 10211 412 1393 26 6 27 21 
26 22 20539 26 12863 26 6 11617 26 26 20 8 29 
6103 21793 15678 13688 7509 15190 9193 18533 23135 
21 9980 4 31 22385 9594 16203 14608 20 15424 20402 22327 12861 9193 20402 2727 3058 21 
26 27 9193 21371 10959 7509 6 
21 28 4 21379 4 22996 7730 18512 6 26 21 
10548 28 28 28 
21 23 4 28 20 21 
5099 18498 19698 16182 20 27 9193 9901 31 7157 21371 7 6103 
12861 18498 20402 12901 20 16494 21026 15355 6103 13195 
17812 9786 
7730 15424 9193 17629 6318 31 5 6 
21 733 4 15678 1114 20 8 29 21 
4796 
12863 22 20539 26 31 26 26 20 26 20402 26 31 26 15803 12863 5 6 
20670 18779 20463 6684 5 5692 3014 6103 18512 
21 20912 7509 13860 6 13055 4289 7850 28 4 13055 22805 14604 20693 13512 4 13055 4796 5692 4 13055 4289 7914 3962 4 13055 21810 2530 20 3058 15533 6 21 
20215 18498 9193 21776 4289 20 6 6103 
16393 18498 21596 15416 12780 7957 
21 23016 30 9193 4 28 20 5692 8 29 29 
21 28 4 15671 11462 27 21 
30 
21 15678 28 21681 22463 11644 6103 5762 22463 2949 17872 9594 20670 9122 6103 6075 7730 16083 16367 6103 4948 4 7730 9193 8406 13026 7850 15894 5 5762 15576 2949 4 7730 13055 21596 22463 17819 26 6 13566 13480 5 
21 7730 18476 23135 18281 4 18281 2136 20931 21 
21783 20 6 
15138 14245 6 
21 4796 3058 15444 18498 20402 6 
21 21 26 4 26 4 26 29 15803 28 20 
26 26 26 26 26 7 
11617 26 15803 7850 26 
26 26 26 26 
26 26 26 26 5 21 21 
22615 20402 26 21 
15658 21596 15623 7509 9620 18498 14335 9743 20 6 8 29 
6103 26 1614 8840 31 12353 1421 6 
29 2702 31 21793 6 
2836 26 11617 26 26 5 28 28 29 
17304 12780 8 29 
16440 3962 6 
21 26 26 1983 30 26 28 28 4 26 15803 26 6208 26 26 26 26 28 30 28 2343 26 11943 26 21 
21 8429 4766 28 28 4 4157 7509 28 5 30 28 2343 30 21 
21 26 26 26 15803 26 26 20911 4 28 28 5 30 28 2343 21 
21 26 26 26 15803 26 26 20911 4 28 28 5 30 28 2343 21 
4809 20 30 29 26 11943 26 28 2343 
21 30 4 26 26 10907 20 6 28 26 26 28 28 26 11943 26 21 
21 9193 7491 18498 21776 6137 4766 20879 15458 7861 4 9193 20402 22385 19854 18481 9193 8840 14539 5 15425 21189 5249 5 6 21298 21 
21 21 21 23174 23579 20402 15678 23174 18498 22318 9743 9808 5 21 21 21 
21 15658 10959 6103 11503 4 26 15658 15138 4 9193 26 4 18553 6103 15936 5 654 4 7314 4796 21 21 15671 18498 20402 13907 7102 201 4766 8956 14758 21 21 20402 16468 22463 17556 7509 13494 4 15658 20402 0 7277 11578 4 3472 0 6 21 
21 21 21 15658 8995 9594 6103 28 4 6103 10775 5 8995 9594 6103 10765 5 7730 22463 4672 22318 10657 6 7558 16971 7509 14539 20471 19378 4672 13909 11861 7509 18498 9943 5 19378 1114 5 9193 288 18498 7384 15678 20304 15658 8386 14539 5 21 21 
11617 3590 11943 26 20 
6 6103 
26 26 7 27 26 30 26 26 
26 26 5 26 26 
16440 3694 20 6 6103 30 26 26 26 
21 16494 4 5692 7730 3541 6103 3639 6 14425 7127 7509 9193 22942 7914 29 1249 5 26 26 21 
21 14265 31 20126 7730 20402 10138 5 22318 1027 4 2374 20 21 
26 26 6 
9193 7730 28 
21 17425 26 4 2727 20 28 4496 21 
21 15658 20402 28 4 9193 8995 22657 20 28 4496 14724 28 28 26 21 
26 26 26 24 
28 8 29 
31 2717 7730 31 18315 7509 15364 5 26 16404 26 
6 
21 21 21 31 17743 17797 6103 28 28 7850 11979 15061 4 20207 15678 21726 4 4796 31 14021 3348 15678 1506 6103 9219 5232 7914 20931 4608 4 20546 16673 880 4766 28 28 4 22463 20693 6103 28 7730 3664 1393 10982 7509 19698 6103 12897 5 21 21 
20402 4 14604 3894 4 31 17380 7850 28 20402 14539 16551 5 
21 8429 10753 7509 28 28 15678 16500 3510 28 7850 26 15533 5 
10765 288 18498 17304 14984 7914 18475 4067 18498 22805 16673 10366 5 5 23 
26 26 26 20 
26 31 26 20 6 28 26 28 26 5652 26 
4730 22463 29 7726 17872 13253 20 16323 17872 9193 20 6 
5947 22463 20019 6103 3058 1614 9193 15678 5 6 
26 26 26 26 20 
31 17406 7509 19698 18498 3510 5 
4796 8 29 
21 20222 2515 4 26 26 10907 6 21 
21 6103 15604 4 28 24 21 
7730 21596 20673 21371 20 
11462 15678 918 8995 3058 20 6 
6202 15803 26 26 
21 740 18498 20738 4 28 8 29 21 
21 12863 22 20539 26 26 21776 26 26 26 26 26 26 31 26 26 11943 29 14763 5 22 
21 11462 20402 7127 6103 6 28 20 
17511 7491 18498 11462 20402 15678 7127 18498 9193 13909 18533 8995 7850 28 4 17872 1247 7509 14604 13520 5 28 4 19900 18498 4 14539 13667 4 15678 16719 7509 21739 8995 20293 7914 23135 5 18498 23135 8995 5947 2625 15678 7127 6103 11462 4 18498 20931 22942 20402 3450 22897 13909 78 4 7730 18498 23135 5360 8095 21793 15190 18498 22318 5174 16066 16098 9594 6103 23135 27 5 
31 21739 22318 1027 15138 7730 8995 15036 6103 20126 20 
9808 1247 4 13512 7509 21739 20 
28 5 31 7558 10273 15061 18498 13640 18498 23135 4289 7914 3962 23135 20402 13512 6329 7730 18498 654 8995 13909 10696 7730 10992 740 5 6 
28 5 15658 5320 17872 15502 4 9193 20402 6103 23135 18498 9193 20357 13909 9620 20 22318 1027 4 14604 16753 20 21 
28 8 29 

21 26 28 5 
20238 6408 6103 5590 7850 1658 7509 17583 5 5 5 26 4496 26 28 22564 26 
30 
20238 3388 11532 1393 22797 27 
21 26 26 15803 26 26 1631 4 26 26 21776 17257 20 
26 26 26 26 11943 26 26 15803 26 26 6 
26 8 29 
26 20 
21 23016 17438 14336 6990 7491 18498 6 8956 9224 6103 22327 20402 9522 2374 4 9193 16434 8302 5 7730 9193 4 2374 18498 20402 4 12780 7914 21793 5 22657 5 9594 5 21 
21 28 4 14604 1114 20 17818 4 3058 21409 20 6 6103 20206 0 4 9808 24 20 20 20 20 18533 15138 17304 8995 2371 17872 22318 8125 6103 2702 7730 136 4 9193 20402 15708 31 6278 17872 1249 18498 23016 5 6 9193 4 14539 1920 4 18533 6256 1614 15678 14604 13909 20584 23176 6103 9801 5 18498 22327 5360 6075 4179 7730 18498 23135 9901 31 3450 7127 13909 9808 5 21793 20855 7730 21793 16580 7509 15190 5 18498 31 9193 1103 4 18498 4809 18476 9193 15253 4289 7914 3962 7509 14280 4815 7850 4687 7730 20931 15253 5320 17872 7847 18498 8995 11116 6103 23135 4 5360 20149 10252 31 3450 7127 4 14539 18498 9901 11518 4 28 4 15266 4 16066 2136 1249 18498 20402 15678 15576 3962 7850 14924 20244 9193 22805 16066 9193 9594 5 740 1920 4 18498 20293 21596 1612 15533 7914 18498 9193 8147 17438 228 7730 9901 29 4 29 11518 5459 12861 1920 18498 9193 23151 4 15754 5 
8235 4 22318 1027 15138 4 14604 10530 14181 27 13330 18498 13055 21596 2136 31 16872 7509 20931 15253 4 26 5 9193 20744 27 20 8995 15036 6103 20126 6103 23135 7730 6103 9901 5459 20670 28 7730 15678 15190 13575 7850 17478 6103 3962 5 
9808 29 1249 20 6 6103 
18197 5 6256 1614 22463 4710 6103 10273 21 21 18886 21 21 4 15658 22385 18886 7730 7509 21551 6103 28 20539 4 20402 13761 16647 4 14335 13010 5 21 
8995 238 21050 6103 9956 20 11043 5 
21 26 26 4 26 15678 26 31 20238 20 26 26 19768 21 
13585 7850 22942 3058 20 6 
17165 15678 
6 
20126 6103 23135 6 
26 20 30 26 8 29 
26 26 8 29 
21 22765 4 15658 21596 22463 6981 3790 18498 15658 20402 3058 5 5 5 21 
7730 2700 7850 15880 16404 23135 20 26 5 26 

