9324 15599 5 6 
7730 15678 20537 19173 7914 9193 3962 5 5 5 26 5 5 5 5 
13909 22463 3170 7850 23498 5 
15138 10131 31 21842 7509 26 
12780 20402 13278 5 5 5 
12960 8995 2727 13512 5 5 5 22657 31 4682 5 5 5 5 
19426 31 17831 5 5 5 5 
18498 22223 5 5 5 6 
6 
26 
21 22463 17556 20670 9193 9422 7850 6731 6103 12963 4766 31 26 5 
18498 22215 5 5 5 5 
21282 7850 22137 5 5 
14881 13311 28 28 5 5 5 5 15138 3058 5 5 5 6 
15138 13278 5 5 5 6 
4809 31 20247 2727 5 
23 28 5 5 5 5 27 
21 28 26 4 28 13817 4 28 28 28 18670 4 28 28 5 5 5 4913 15678 23575 17872 9193 2807 5 21 
4809 15678 7127 2727 5 5 5 
12961 4766 15678 21739 5 5 5 
28 28 5 5 5 5 21596 22463 15604 6996 
21 28 28 5 5 
1114 20149 15678 28 13055 9743 12862 7850 20743 5 5 11731 2371 0 0 5 5 27 21 
11644 3058 5 5 5 
6 
28 26 5 5 26 26 26 5 5 5 26 26 5 5 5 
17983 5 5 21282 11462 5 5 5 5590 13761 10765 5 5 5 
3058 12346 16404 10252 31 12202 6103 10628 7850 28 5 
21 20402 12862 2371 5 5 5 8995 7850 3610 4179 5 5 5 
21810 14604 13312 5 5 5 5 5 7850 3058 5 5 5 
3058 5 5 5 
14604 28 5 5 5 27 5 5 
3058 5 5 5 5 
1575 15678 4687 7509 16169 5 5 5 
16323 873 18498 22240 22463 13591 4766 23135 7850 11560 6 23273 5 13591 13591 5 4766 5 3148 
16323 16404 21793 31 15144 5 
349 15138 5 5 5 27 
13278 5 5 
6 
4796 5741 19871 5 5 5 5 
28 26 5 5 5 10974 11462 5 5 5 27 
11518 7509 20497 7509 30 5 5 5 5 27 
10959 7509 26 5 
28 28 15071 5 5 5 9010 10273 19525 15678 18498 7491 7850 6917 7509 9193 2336 5 5 5 12780 6256 15138 20126 5 
6631 16404 17819 4913 20 20 20 
21 1614 21596 17983 
6103 18610 29 4 29 17438 18610 29 4 29 
7770 18610 29 4 29 20 
8957 9347 20402 22463 10313 8463 7730 16072 4 18498 21944 14811 17438 14336 6103 5574 10086 7730 23561 8957 9347 5 15678 10484 14155 20402 4897 6103 19671 4779 6103 28 7730 30 5 
17983 23204 2136 29 29 4 16066 8329 7687 15678 9052 5 21 
16323 28 28 5 5 5 10647 7509 13086 7509 15576 20856 6103 11979 5 20 20 20 
21 18533 5022 31 7558 21083 3227 16404 4788 31 11979 7509 18352 6103 22782 15906 7850 19415 15354 0 0 
2631 4546 7914 18533 16429 7730 5849 15678 6193 20 20 20 
28 5292 15354 5 5 5 21 
21 17983 6103 13184 7509 8806 7850 26 19415 15354 
19415 5 15354 5 28 30 28 5294 15354 21 
17915 15354 20244 19969 6103 3962 20 20 20 20 7914 3206 20 20 20 
20402 22463 11020 1249 20 15708 17438 9743 16440 6318 5 7914 21793 31 10273 21596 15678 28 5 5 5 20402 16169 20402 3058 6329 5 5 5 
1247 850 28 5 5 5 
14604 10696 5 5 5 
17324 20402 5 5 5 5 
16200 26 5 5 5 
28 7850 15176 5 5 5 5 5 
8956 20402 14604 10672 5 5 5 5 5 
7934 15678 9132 7509 15533 5 5 5 5 
16323 28 5 5 5 19249 5 5 5 
21 2371 28 26 4 19768 6103 28 30 5 5 5 3906 20497 6103 3031 5 
28 9542 5 7509 28 
28 28 5 5 5 18195 1618 5 5 5 27 
21 17872 23135 18498 21596 1612 1095 18498 12430 7914 9901 16630 22942 7509 26 26 5 5 5 5 8995 2371 31 20794 5 5 5 12960 2727 7451 4 11115 5 5 7730 15658 17629 9901 1110 15502 17438 22942 5 5 5 27 5 5 21 
28 28 5 5 5 1114 5 5 8995 2371 5 5 17989 5 5 14265 31 16553 5 5 27 
20837 5 5 5 5 
29 15266 6103 15138 2429 7730 16378 5 5 5 5 
7730 2371 28 9542 5 7509 28 5 5 5 22805 0 0 23438 15658 20402 0 0 
6075 22463 11048 7850 6381 5 5 5 27 
10548 5 5 23570 16953 17872 3224 6103 3919 5 5 5 27 
28 28 5 5 5 654 8995 7850 17171 5 5 5 27 
28 28 5 5 5 5 13909 22463 17872 21752 22463 5 5 5 5 27 
21 15855 5 5 5 13325 6103 21596 13471 9010 21684 15678 1249 16468 5 5 5 7730 11462 7847 20149 9743 13909 2118 7509 18498 15643 5 5 5 
28 9542 5 7509 28 
12780 28 5 5 5 5 5 
23 5 5 11518 7509 10273 5 5 5 
21 10879 5 5 5 
5 5 3014 26 7509 5915 21 
9440 5 5 5 5 
11213 5 5 5 
18498 10916 7509 26 28 5 5 5 18339 18498 16404 5 5 5 5 
4687 7509 16169 20402 14425 18498 3590 5 5 5 5 27 5 5 5 
7730 7850 12780 31 26 21045 871 18772 7509 9193 3930 5 5 27 5 5 28 28 5 5 5 5 
23 5 5 5 27 5 5 10273 15138 3058 5 5 5 
1540 31 9901 20336 5 5 5 5 
16378 7509 3058 5 5 5 5 
21 21 21 7102 11284 13909 8744 16404 12716 15619 10216 
12470 4 155 15256 6103 4187 21310 4796 15678 18498 19662 18498 15299 17304 20402 4623 5 15658 20402 15392 18498 21793 31 8632 4 6103 21793 31 19143 7730 23498 6103 5179 4 14523 7914 17950 6103 18420 5 6075 16404 19611 31 7415 7509 5943 16673 21639 5 17302 19611 15678 15677 6103 6398 7730 22564 13909 22950 
16404 31 18780 6103 2504 7730 5037 5 31 22516 3170 15658 20402 20813 8361 7730 16967 5 12025 21371 31 9476 4 18498 6075 6987 1393 16869 9129 5 20402 22463 10502 15520 4 17324 18044 7730 11915 15678 9128 13909 3853 4 4766 3047 4 20995 7730 2275 14994 4 893 5 866 31 20402 6202 7730 17745 5 9193 20293 20149 17304 9743 13909 7730 14425 4766 14466 4 7730 31 11733 7102 8995 31 20446 7384 5 11284 15138 18498 7319 4 9743 7730 15128 5 9901 20244 18824 7730 12346 20402 22385 19854 18481 20149 15102 21282 16404 15658 9901 16367 5 
15678 14924 6103 12284 15658 5652 7687 15138 7850 21551 4 15658 7102 20402 6928 5 15138 22898 20402 7850 17107 20644 18498 20149 21810 31 14426 6152 5 21 21 15678 8995 6103 20539 5 28 4 17819 3467 4 29 29 29 14156 28 15528 
16721 18498 29 6103 2156 20402 22463 16753 16440 7509 17877 7509 29 22516 5 21 
1229 5 5 27 5 28 9542 5 7509 28 5 5 28 28 5 5 5 21793 15190 21582 9594 9010 16367 5 5 5 27 
28 28 5 5 5 13909 16066 14466 15459 15669 5 5 27 
21 9721 4847 5 5 5 16404 12760 7850 17889 6103 459 31 16440 6103 20205 29 29 4 11538 7509 29 6 29 31 29 6 29 5 
22126 19664 7730 5699 5 
17819 1571 7914 5037 6103 22318 5 5 5 20319 15138 3058 5 5 5 8995 7850 3610 4179 5 5 6 21 
16378 5 5 5 5 
15678 15576 3710 7509 2336 13055 20402 5 5 5 5 5 
12577 5 5 5 
15976 5 5 5 
6592 14604 18376 5 5 5 27 
21252 20402 7127 6103 5 5 5 5 5 5 28 5 5 5 15658 20402 5 5 
21 28 28 5 5 5 26 5 5 16393 9626 12862 17872 23135 0 5 5 5 27 5 5 5 
28 28 5 5 5 13055 8995 1920 13055 0 0 27 21 
1575 31 23179 5 5 5 27 
21 1114 5 5 28 28 5 5 15658 21776 21282 5 5 27 5 5 2702 7 
21 2442 15678 26 26 5 5 5 26 7850 28 20 20 20 20 12960 20497 6103 3031 17872 28 20 20 
14604 15604 16375 6103 10523 5 5 5 5 
19486 0 5 5 5 27 5 5 
22 2647 7509 14044 1230 5 5 5 5 20 20 20 
21252 4766 15678 16753 5 5 5 13512 5 5 
28 28 5 5 5 5 17714 31 9645 0 0 0 26 5 5 5 5 15658 15658 5 5 5 15678 13598 5 5 5 12780 18498 12780 1114 5 5 5 6 
23570 12960 16404 22463 12961 3998 5 5 5 16323 28 9542 5 7509 28 
20126 5 5 6990 16971 5 5 5 27 5 5 
14604 3228 15604 5 5 5 5 27 
21 3702 17872 23135 22463 7127 5 5 5 22318 1027 5 28 28 7 7 7 7 
20744 14565 20 20 20 20 20 20 
7576 14565 5 5 5 5 
7730 9193 5360 20411 5 5 5 
21252 20402 7127 6103 9678 5 5 5 5 
9743 28 5 5 5 5 27 
1114 5 5 15855 12862 17872 7599 5 5 28 28 5 5 5 
28 28 5 5 5 23032 5 5 20402 18498 20215 0 0 0 
15299 4796 4289 7509 21932 7730 22805 9010 3790 13512 22318 8840 20 20 20 
13512 
20837 16292 5 5 5 27 
5 5 5 5 7730 21371 15678 9736 6103 23324 5 5 5 5 5 2530 20402 3058 2530 20402 15138 3058 5 5 5 5 27 
22942 7687 5 5 5 
26 835 
26 7850 5459 
15658 17304 15061 31 26 17872 16292 5 5 5 27 
8361 15678 7599 31 16098 4672 3058 5 5 5 5 

