8995 16429 7509 23174 7850 26 20 5174 15678 17960 7730 16429 23135 21371 5 
21 21 21 8329 31 12159 20235 6103 15138 23148 9344 16404 15678 17304 9360 4 20402 7850 13290 18498 15678 13905 19575 8995 20402 16895 5 5010 1612 18498 19393 8956 6152 7730 368 7850 13048 7730 7850 6340 31 14098 6103 18376 4 4623 7509 16412 18498 15658 6256 8956 2088 20202 430 5 21 21 
16257 17872 9010 3790 20 
16257 16404 20463 7858 20 
15658 6075 16404 3532 20 20 21 
21 5320 29 1247 7850 15266 6103 16086 5 16292 4 7414 31 17436 1393 13669 7509 1249 4 17438 9721 0 15708 21 
21 14799 7509 20247 6 18973 4766 26 7850 8632 15193 
15658 19900 18525 20149 7451 13909 5759 16066 15671 4 21282 19900 18498 1540 1393 2793 7730 5204 13909 1409 16673 8893 13909 13512 7509 15190 
21 21 15658 11862 20149 23135 21596 22463 17877 4 21793 15190 17304 12960 4 15658 20402 0 21 21 
21 21 17304 15012 0 21 21 
15708 8525 7730 28 21 
21 7509 21266 472 26 6 
26 26 26 4 4897 17438 26 7914 29 4 9605 20670 22463 10672 3697 7509 15267 7730 18498 368 18498 11284 22463 13727 14425 5 12861 15637 13375 21193 7730 4766 19709 18498 17684 15678 18498 20402 2136 15678 9971 5 
15678 20799 21371 20444 6103 5969 31 28 4 18498 1249 1276 4913 4 400 7730 11051 16083 13375 6103 26 4 18498 20149 20357 17788 5 15678 4561 20402 22463 26 20497 31 16440 5 
18470 1845 3170 17304 9675 15678 26 4766 4023 0 
31 28 6103 28 7730 28 
2372 28 28 
23135 8270 7509 28 21 
21 19969 7509 2154 6103 12264 9008 7360 31 6592 4796 15678 18644 10138 21 21 9040 21 21 20402 16367 7914 9042 5 18470 31 16014 6981 16192 0 288 6 
9042 6 9040 
15138 2727 4 15678 18498 20402 9040 0 2367 6103 9040 
7730 15678 18498 20402 9040 0 21596 9040 
26 4 4289 17438 11462 5 21 
26 26 
26 26 
21 21 21 22327 21596 15678 20463 12760 7730 15678 20463 9971 5 20402 22463 13301 7509 15364 4 22463 21253 13301 7464 5 16489 13909 22463 20247 6103 13749 4 6103 113 4 6103 23091 7730 6103 6446 5 18779 31 21412 4 14514 22463 16566 4 22463 6564 4 31 21981 7509 14374 5 
8120 11462 15678 543 6990 20247 4 10010 4 7360 31 19356 4 19089 4 20369 15678 15908 7509 11462 4 12443 16404 15678 1022 5 538 6103 9193 14487 15678 16719 18498 17511 9193 16939 4 155 15576 5528 16404 20352 13909 7883 5 
10192 7509 22942 4 19068 9193 10268 5 7701 31 15941 6103 21985 15576 8908 5 75 4766 31 22823 16580 5 18498 9010 28 20402 16404 15671 10192 6103 15604 8208 7730 12446 4 7127 14156 17438 1114 7730 3076 5 
18498 31 13759 7730 31 13915 7509 28 5360 31 11710 9193 14487 7730 9193 2367 5 21 21 21 
21 9193 2336 14335 17525 22463 21 21 9808 1247 21 21 16673 28 5 654 20539 17511 7491 6 2727 22985 4 20402 7197 5 21 
21 28 26 14018 2727 2136 20402 7509 16196 5 
28 29 23274 22276 29 21 
3450 22897 13909 10546 6075 3790 
13562 7730 4766 29 5 29 6103 14772 
21 28 26 28 18374 
703 5 5 5 21 
21 11462 14335 6075 5320 18498 11284 22463 15146 482 15678 13647 4458 5 
9901 9808 4766 31 11477 1393 28 7509 15039 28 4 9193 4 21267 4 9901 9074 4 17872 13907 5 5 5 21 
21 15658 19900 20149 21752 10548 6103 29 20247 16066 29 20262 
21282 19900 18498 6075 21551 6103 8918 31 20303 21 
21 15678 22765 4 15678 15604 4 7730 31 4392 5 21 
6454 
21 18498 2389 20 16323 4 28 20 20 
21282 288 12838 31 7415 6103 2729 29 21 
8235 3086 5 
9193 8995 
18533 22782 9010 10273 17872 16296 6103 16395 7509 28 
17497 
21 1393 18498 23016 20 6 6103 
26 26 7850 14134 21 
13909 13512 7509 18498 11731 20 
7730 6103 19324 6592 18498 15678 7850 20152 26 12784 21787 22378 6103 8770 13043 7850 7127 18498 12784 31 13186 
21 22463 19768 6961 7850 17819 15533 7730 4 6103 19324 4 7850 20152 26 21787 28 28 
4785 2727 6 6103 21 
21 20402 21282 17872 19140 15678 1651 4 15658 17872 9743 3790 6103 2977 5 5 5 21 
4809 6 6103 
21 16404 21793 15671 15658 20402 4 16169 0 21 
28 18533 15658 16475 12222 6 6103 
14604 4359 
15253 2725 
21 3621 26 26 29 
27 26 21 
28 15049 
21 28 4 2907 11570 21 
8590 7509 5152 20 
21 26 22866 4 22463 12380 26 9818 27 21 
21 15678 28 28 14335 20771 20912 6103 19205 5 
15643 21596 17525 1276 17458 18533 9233 8956 20912 17989 4 8483 6103 10273 4 14538 6103 21793 15678 3962 4951 5 5 5 
8443 1614 4730 18498 8995 15658 19205 21267 4 9193 18498 9901 4524 18498 7850 22821 15576 19205 20402 8302 4 19782 4 21092 7730 10943 6 29 21 
21868 22519 26 
21 17525 7850 18352 6281 4 9193 12780 17525 1614 21371 20 
21 21 9326 3664 28 28 4 12126 7509 19522 7509 7861 4 5320 4766 31 20304 16404 13501 31 19856 6103 28 7509 20434 4 20365 4 8840 18498 31 20304 21596 22463 3058 17226 16404 20050 5 11043 21 21 21 
21 7625 5 28 252 6103 20463 30 7850 28 28 5 14088 4 14088 5 5 5 21 
21556 20244 4122 
21 28 6 21 21 20402 8812 7914 20214 18449 5 5 5 21 21 
12974 6 21 21 3664 4 15678 23544 6103 11486 13909 18498 7521 7914 14613 7850 20463 10982 4 8815 8406 15678 12979 5 11284 6283 5876 6103 29 31 29 4417 20 21 21 
28 6 21 21 19703 4 23 4 3058 4 9193 15658 18533 5405 15678 20592 4 9193 15678 14604 15677 20402 7176 5 5 5 3058 4 20402 3664 1393 17757 7509 19404 8443 12780 9594 7509 9193 18006 6 31 28 22782 4629 29 13909 18498 15678 5298 12610 4 7645 18498 23016 14265 1614 4 15678 3172 5 12780 9769 15678 4163 7850 10421 5 5 5 21 21 
27 19906 13278 6 16404 21 
21 21 21 11284 14466 6103 22463 15266 4 18876 17438 7733 22463 43 4766 13909 16066 14466 7118 1927 5 15658 19474 17458 20402 22463 14058 23057 20256 23479 7914 28 4 18476 1380 18498 12780 21596 14600 7730 15678 14995 7491 18498 15658 18533 10765 7172 5 20402 17636 5 21 21 
23 4 22318 4011 4 28 4273 20 16323 28 28 16673 17500 20 21 
21 19484 2240 6 16440 20202 26 21840 20202 6103 17583 20 7 
7914 3962 6103 22543 4 14335 8840 2136 21649 27 21 
21 26 4 15190 4 23135 22773 6 654 21596 28 21 
21 24 
15995 28 20 21 
21 14546 3086 4 15658 13202 13909 20 21 
21 1393 18498 18533 9594 4815 4 16784 14604 4122 15908 21 
21 21 21 16393 18498 15678 21551 21793 16468 15458 12459 
15678 15190 12526 10855 4796 22463 19745 10839 
7730 9193 15658 18533 13909 6582 
15658 21596 14378 6103 23135 
9193 15658 17629 9594 7730 23135 9010 14335 8386 
9193 21282 17629 22318 15855 7730 19900 18498 9010 349 
2136 16393 22463 20825 4 9193 8995 352 5 
20149 8995 4766 14604 18376 7850 4387 17511 23123 2727 13909 951 21 21 
28 23570 4 4842 14149 21 
21 26 22 20539 26 26 26 26 0 
11617 26 26 4 26 4 11617 26 26 
26 22 20539 26 26 26 26 0 
11617 26 26 4 26 4 11617 26 26 26 
26 26 26 26 28 26 21 
21 11284 22463 29 28 20402 15678 28 4 654 22463 21083 26 7509 26 5 5 5 20855 7850 12960 7730 7850 1114 21 
21 662 31 26 19668 13759 16673 11066 794 5 
27 
21 7850 8503 6103 11462 4 6592 18498 15678 30 15812 23206 5943 2389 20670 1826 7730 28 21 
18240 6 9387 26 23184 4766 15678 16468 0 
18525 21830 0 
21 6472 6 5762 22463 17915 15604 
21050 20402 2741 21 
18498 20311 20 20 20 
8 29 
21 2846 23577 14470 6 
21 21 23572 13679 0 
16404 15678 17653 28 28 4 15678 2846 23577 14470 15658 21858 15678 4708 13909 13679 17458 15678 2156 7850 15677 6103 22588 7102 15770 9193 11538 15769 7730 1393 9989 6103 20247 5 21 21 28 
23 0 0 0 873 14335 9431 31 13793 21 
21 21 21 26 26 20402 14335 26 26 26 21776 26 18772 
26 26 26 26 26 11617 22 13800 26 21776 26 21 21 
26 26 26 26 
3697 4 9193 9808 21 
21 7730 6103 20673 4 28 21 
12513 26 
873 9431 0 
21 17753 4 2478 6103 10931 7730 22326 17872 21623 2727 15678 9833 6 6103 21 
26 18069 20402 17277 
17903 4389 13284 
21 22597 18449 16066 21 21 20402 9808 21 21 21 
31 14425 13405 6318 
16971 13284 17629 19900 7397 
9594 4766 28 28 
11462 12780 20402 1920 
20319 3058 6103 21596 9790 7178 7730 4672 3058 5 15708 28 20 
21 8995 2136 4766 18873 6103 17525 866 18498 15658 20402 19206 1393 14055 5 21282 22463 15286 17872 22702 4 12780 0 21 
1937 3058 7127 20402 28 14335 6256 14336 28 23274 14336 26 26 5 
21 18374 7730 4468 18498 10795 13909 7594 6103 3393 7509 18498 21 21 995 21 21 16404 15678 8995 4 29 28 6 21 
21 21793 15855 17872 22466 0 733 3058 4 1920 8995 14425 5 23 4 15658 4 740 15658 0 15855 2371 4 3790 4 15855 17872 20463 20 17989 4 23 20 
21 21 15658 17304 19969 7 15678 20304 8995 17729 5 
1920 16393 7491 13059 5 7730 17438 18498 18736 0 
15658 20402 7509 9193 12099 7850 6075 9433 5 23151 16404 15678 20463 
18487 7730 703 5 15678 17889 13055 8995 31 5590 4 15678 20304 20402 12296 6103 22327 7850 
7102 955 5 21 21 21 
21 22463 1027 4 16083 15790 4 9193 31 22821 20402 18498 6075 23167 6103 16098 5 7730 17629 20402 15658 7576 6103 14049 5 21 
21 9707 6 7850 2807 4 4945 20738 6103 15330 7730 15096 21596 13923 6103 28 5 21 
21 15533 10405 4 6184 9010 3718 1393 28 28 21 
21 12780 20759 14604 7733 6 28 2372 6103 3031 31 7730 6103 7851 15658 6103 15377 31 
8386 5 4289 15678 7733 0 
15658 6 
11568 5 
12780 20759 6103 15604 4 17304 20402 0 22327 6103 15604 
20539 20 30 5 5 5 20893 28 4 7851 4766 9542 16066 17012 0 
15833 4 26 20 21 
21 26 28 4 26 28 4 26 28 7730 26 28 6 8956 20402 16404 23135 21 
21 16784 12862 4 28 28 21 
21 11284 18481 21551 15658 14335 16836 21 21 18470 31 9193 11066 0 21 21 5 5 5 21 
26 26 
21 28 28 4 15138 1276 6103 26 28 7730 16083 17955 4 15576 17819 23489 15339 
21 21648 4 29 6 29 4 740 15658 21596 3467 4 15658 155 7733 11284 29 20247 4 15658 19900 31 19972 6103 2154 4 15658 8147 14604 2846 23577 7730 4 20149 26 4 15658 21596 19830 16468 7850 10713 5 1022 21596 2154 14539 4 17919 0 21 
21 15678 28 20402 12327 20 7850 26 5739 20 
11462 8956 15286 4886 29 1249 5 7730 9193 472 7847 6 29 
14335 13010 21 
8995 4289 
21 23 
23 
23 
12787 28 7850 28 24 
16323 12787 21 
21 29 29 28 4 28 7730 28 28 
29 29 28 
29 29 593 
29 29 26 3143 
29 29 28 13901 21 
288 8956 15286 31 3790 6103 28 28 
7850 17031 6103 28 
17903 4842 16404 20497 6103 14043 
21 23135 8995 17908 22463 14336 6103 20983 7730 19450 15855 31 28 13302 10691 
15658 20402 13278 5 5 5 21 
21 9971 6103 1249 20244 18984 4 26 26 26 11617 26 21 
21 1097 26 4796 28 4 14156 4 28 28 4 28 4 28 4 28 4 13435 7730 28 21355 20149 12578 21 
15671 10959 6103 28 
21 9193 17304 8995 7850 20497 7509 28 3606 4 7509 28 2474 4 7509 20019 4 14425 20 12780 17872 26 20 9193 9193 8995 11583 9130 9988 6 20539 21 
21 11957 4 14604 3894 21 
15678 15190 17629 1937 12655 20 23570 7730 8302 20 
10696 
28 7730 20463 26 
21 17497 16404 31 10273 4 15658 20402 4 14413 30 0 21 
21 13055 19900 17458 7847 15658 20402 5474 16404 15678 26 26 5 30 4 21026 6341 5 5 5 21 
21 288 8302 31 19327 18498 22463 1894 21810 18476 20402 7914 22463 2439 19671 5 11462 13359 9010 14307 21596 23167 6103 19698 4 18476 15658 21596 23167 6103 6075 22463 21394 7850 3790 6981 16549 5 
4524 18498 13166 31 9699 15770 4766 31 9128 4 9193 4 13240 15770 21793 15678 28 7914 21793 15678 13727 5 7730 15678 4419 9901 22385 16900 0 5762 3929 16630 13909 20214 0 4623 0 636 0 
733 15658 4 9193 9010 5767 15770 7914 28 4 15658 20402 0 
17068 9193 15860 7509 16083 20402 19108 4 7730 3450 22463 5876 7509 20463 22466 5 
22463 7509 15987 7509 18055 6157 18498 21 21 20931 23167 20402 21 21 6256 15678 16587 21 21 5 21 21 31 17478 6103 19969 6073 20402 28 5 9594 4766 22463 1095 18498 8995 7850 28 5 15658 23151 5 20402 9193 18525 8995 18533 12780 5 21 21 18498 12780 20 
21 21 18476 11284 15678 21752 4 15678 14604 3439 6075 22463 18281 7850 3590 4 18494 3510 5 15671 8995 6389 7509 9193 3962 20244 17304 19969 5 9193 4 18498 20402 21282 4 15658 19969 13909 5 21 21 23 4 18498 16689 11300 0 4913 22463 4842 7 
21 21 15678 17753 7509 5220 6103 20214 6103 28 4 28 28 28 28 4 7491 18498 8956 21 21 4049 21 21 17304 15128 15678 4901 7509 17436 7509 2439 5 15678 14995 6103 28 20402 15678 18498 14466 12780 1393 19592 6103 20214 16404 18910 6103 4672 871 5 21 21 22440 4 9193 12524 8995 1077 20 
201 6103 14541 20 17819 15678 8503 7509 21 21 10765 7172 21 21 4 654 13909 9010 20 31 16404 26 18498 16404 3028 3326 20 21 
15908 9193 13405 9193 910 17872 16475 
28 16066 26 26 26 16066 17230 21631 16066 19735 11943 19698 29 16066 215 10725 31 16066 14847 997 5 13229 0 
21 4766 3870 16404 15678 7858 6 
21 21 1920 4796 15678 10065 
11165 18729 20670 31 3585 
15671 6070 9790 14189 
11165 16673 20595 5 5 5 
7509 7018 21 21 21 
21 28 4 28 5 5 5 7509 28 15502 9605 15658 20402 0 21 
21 28 28 4 16647 8956 5856 21 
21021 
2154 6103 12865 15658 19511 4316 0 0 
21 21 21 17438 8956 18374 17872 4796 4 17438 8956 4387 16404 7599 
31 4182 17872 15344 7730 31 4999 17872 20852 
17438 14335 6256 19466 4 17438 14335 6256 9387 4 
28 7850 16162 
16673 3425 6103 11066 18498 31 10765 21596 18498 8281 
16673 10462 7730 31 6781 4 18498 31 10765 21596 18498 21908 
16673 1187 17081 18498 31 10765 21596 18498 3510 4 
28 7850 16162 
16673 15144 3899 17872 9193 13695 7730 5957 
7730 16673 15049 2820 31 9193 2700 7730 4624 
7730 16673 16580 6437 18498 8235 12780 9193 19016 4 
28 7850 16162 21 21 
21282 11462 17769 2031 15678 18605 10131 20402 8956 16440 20 
7730 4796 20149 13055 15658 2626 31 10754 6103 28 4 6592 740 18498 15678 3790 9743 4766 15264 31 9115 1293 20402 4897 7914 22858 7538 18498 20293 21623 15637 18001 20 
26 
20244 13909 21 
21 26 26 4 26 21 
31 6103 11462 
21 20585 16816 20 27 
6184 1393 14604 1097 19790 28 4 28 4 28 4 28 4 26 4 28 4 28 4 13019 4 28 4 28 21 
21 22463 4697 13512 14604 8995 22782 22463 12333 7509 20497 7509 28 17872 7127 29 29 4 14336 8406 9128 4 17171 26 17438 29 18772 20 753 31 7480 20 21 
21 21 21 11617 26 18069 26 
11617 22 30 26 26 26 26 26 26 
11617 26 18069 26 
26 26 26 12863 22 20539 26 26 26 26 21 21 21 
238 
21 21 21 28 28 4 4289 31 7491 18498 4 20149 15678 5168 1570 15678 16770 6103 29 7509 17915 12610 3265 16404 31 7804 4 17304 21 21 18506 15678 8995 3170 21 21 5 21 21 
19822 14466 18498 15658 18506 20 25 5 5 5 21 
9193 18533 
21 20619 4 23570 4842 4 19735 4766 22463 3058 26 7730 3488 7509 14049 4766 23051 11719 5 21252 16816 21 
21282 17872 15658 16784 31 21942 6 4369 26 20 20 20 
7730 7850 2774 7509 6340 
21 20539 4 20402 16404 23135 14539 20 
7730 9752 22463 9721 0 21075 21 
21 28 28 4 28 28 4 14156 28 28 4 28 28 4 28 28 7509 28 4 28 28 7730 28 28 6 
15855 8956 22202 6103 22463 9956 12910 4229 28 4 7914 15540 7509 11514 20 20 20 21 
21 873 14335 6075 3962 4 4796 7730 19830 13253 15908 21 
238 
472 31 10279 20 
15833 7850 20 
21 20725 26 4 9193 1095 8995 21075 20 20 21 
28 28 7730 28 28 20 
21 20402 10567 4 9193 9193 12780 9594 6 201 6103 5174 15678 21340 2332 7509 10250 16673 21525 5 
10765 4 18498 3962 12094 1612 23128 20 19761 31 18352 2136 15678 9975 7730 8386 7509 18498 8995 9594 6 21 
15678 7127 7914 18498 5174 22463 4119 7850 14600 1034 
21 16404 28 10680 4 28 28 4 28 28 7730 28 28 7509 28 6 15678 7309 4264 7509 3325 21 
21 4796 20402 15678 9975 6103 20247 0 
19854 4 15658 20402 0 15658 22318 22805 5 
26 4 10648 15678 7127 20 
21282 22463 16169 14539 17872 14335 7491 12862 5 5 5 21 
21 20157 13055 4 28 7730 28 0 21 
15678 3058 14335 8386 
21 28 26 7730 21672 6103 15416 20402 21282 7850 14425 2521 7509 15190 20 
15678 14757 7509 20127 508 6 19698 6333 7850 918 17304 4060 5159 5 21 
21 22463 3232 16404 28 28 4 28 28 7730 14156 28 28 5 
17458 11462 20402 20474 5 21 
21 3790 6103 21325 1393 19900 18498 4 991 6103 21596 16784 26 26 4 16784 21371 28 26 7730 28 5 5 5 21 

