15658 8995 6075 17872 23104 4766 8956 23222 
15708 17438 9387 20 
21 6663 4 9193 20402 12861 14539 21 
15643 12780 8995 6 22 
21 15658 21596 13909 10696 18498 31 26 4 15658 21596 20 20 21 
21 15678 4346 20402 13591 4 1453 21 
17304 20402 17304 
26 14335 20 
22223 
21 30 9594 17872 23135 18498 8995 7188 20402 26 11462 7914 7127 4 20244 26 8 29 21 
21 20336 1614 4 12780 5459 20670 8956 13115 5 5 5 21 
2136 18498 8235 873 13325 7509 28 3183 8 29 
9193 21776 7850 23222 20 20 20 20 
20215 20106 15144 20304 
4346 20044 
21 28 28 4 23180 7509 18736 20 28 28 28 28 28 28 28 28 28 28 28 21 
21776 20244 16192 
17159 7850 12353 26 20293 
27 
21 15299 31 30 12861 2371 4 15276 8561 28 28 28 21 
21 7509 13462 17438 9721 4 15708 4 6103 15299 5 6 15678 21 
20402 15138 1409 17438 28 20 21793 7102 5174 20931 11454 20 26 8 29 
15790 
8 29 
9808 7127 7509 5758 16404 31 5758 18498 9193 13909 1027 15458 15190 20 9193 10546 15677 22463 5 9193 12787 
15678 16169 13909 13512 7509 15190 20 
21 41 18498 20402 21752 20 20 20 20 13115 2116 6103 13115 4 20725 21 
28 28 28 
20539 
20725 20 20 15894 23135 8233 12861 0 0 17629 
21 21 21 26 26 26 26 21776 26 26 26 28 21 21 5 5 5 14149 21 
2371 6408 14335 16836 17458 9193 1027 8956 15144 5 5 5 
21438 3697 6103 20402 13688 1920 21282 5 5 5 
2371 20725 
9193 5174 14604 23539 
21 14753 4 18533 9743 22463 17313 17872 22318 6075 16323 31 20931 955 4 9193 20149 9193 20402 9743 12861 21596 18498 5508 6103 871 13727 4 7730 8956 21684 1614 20402 6103 5528 4 8443 20402 2727 14425 5 5 5 15708 17438 22327 4 23135 20402 6329 4 16323 20 21 
21 15138 4 9193 15138 1114 17438 8956 9956 8 29 21 
22385 8995 3058 
21776 7850 4387 20 28 29 
9193 22942 19525 7914 
21 1453 20 20244 13909 4 15424 14466 4 1453 5 5 5 21 
22463 7432 15643 15036 
26 11943 5767 28 28 
27 8 29 
26 8 29 
8 29 
20244 13905 4795 5 5 5 5 5 31 10273 7491 22327 
14425 19699 
21282 13359 22821 
28 20402 31 14425 16971 27 
20539 6 
15658 8995 6075 5 5 5 4766 8956 10273 15658 8995 6075 17872 23104 8 29 
7783 28 14425 16971 27 
4885 12861 5 5 5 5 5 6 
17438 18498 15502 14335 2322 12861 1276 0 0 0 0 0 0 0 0 0 20539 15678 20539 
21 12780 22318 9594 22463 4672 5 5 5 16323 4 22805 15108 0 20 18339 18498 16404 8 29 21 
8956 12552 5 5 5 
31 17819 22897 18498 31 10765 22805 15678 30 28 31 10765 15643 8918 5 5 5 26 
22805 10907 23 
26 20 8 29 
21 13405 1987 6103 16667 7914 29 4 29 4 29 5 5 5 21 
8 29 
6 
21 11561 6 23273 5 28 5 4766 26 0 22615 29 
8 29 21 
15658 9387 14425 20 20 20 8 29 
9193 7850 26 5 5 5 5 5 5 5 5 5 5 5 5 5 5 
8 29 8 29 
1540 2371 28 28 28 28 
15036 6103 1115 17438 8956 23222 5 5 5 5 
21 26 4 26 29 5 29 21 
1612 11518 18498 23135 18533 20402 11861 15678 2625 17872 20402 5474 5 5 5 
28 20 20 20215 8956 10241 6 15678 
21 22463 2836 21 21 9193 22318 1027 21 21 16404 15678 17930 13909 10626 6981 15190 4 15678 14425 16169 6103 21793 20 14539 8995 13667 4 8995 2371 4766 23135 4 7850 5528 20 20 26 26 28 28 21 
15138 15138 3058 20 20 20 6 
9193 9942 8 29 
21 26 4 26 20 6 21 
8 29 8 29 
21 31 16971 18498 9743 8956 21743 6103 4672 4766 31 16083 7102 20738 15678 21389 18498 22463 9634 6981 7102 20738 17438 349 866 22385 21646 5 16404 6103 9743 12861 4766 15678 16083 4 23135 15658 20402 14426 18498 15502 20 9193 20559 6866 18476 22805 12861 4 7730 288 18498 21793 7102 1937 5 6 22 22223 17438 740 349 4672 4796 8956 5 5 5 21 
11617 22 13800 26 26 26 20 20 6 22 
8 29 
1409 17438 12861 5 5 5 
28 28 28 28 28 28 28 28 28 28 28 15424 17629 7491 13909 15299 20 
288 18498 21793 15190 17629 6103 13359 8956 13591 20 20559 16816 20 
28 28 7850 30 20 23151 17872 5980 17872 12780 13026 27 
21 21282 16468 17872 6679 22463 9808 7127 7509 15253 17872 16971 13909 16393 4815 5 5 5 31 14425 15253 7509 22507 20 1471 7509 7419 7730 17438 20402 31 17819 22897 18498 16468 15678 7127 7509 15253 13667 6103 23135 4 21776 1614 4 15036 6103 20126 7730 13325 6103 23135 20 26 26 21 
1453 
20725 20 20 20 20 20 20 
18339 18498 16404 20 20 13909 22821 11875 20 
14425 16971 18498 9387 
3172 4796 20293 20402 3172 20 
26 
15138 3058 20 20 20 27 
18482 8345 20 20 
15658 21596 20319 14425 18498 8956 20 15138 15708 31 21793 18498 368 7914 9193 5 
18533 662 15138 31 21793 18498 14335 6679 22463 9808 1247 20 20 15138 15708 20 6 
21 10606 4 18525 17304 2371 753 23174 7850 10273 7509 9193 21739 26 17872 7847 17304 20402 18263 7850 22805 20879 7509 20247 18498 23016 20 11560 6 119 5 2371 26 22657 20 20 31 10273 6281 20402 31 7509 14336 6103 4434 20 21 
21 8995 15036 6103 20126 7509 23523 18498 31 10765 20402 1920 4 15658 13480 17872 15299 4 22327 21438 3058 7730 15658 21596 15299 17872 2084 6 26 26 27 1027 23135 20 21 
21 15708 16169 4 17438 9743 15678 17521 7730 15678 11875 17438 9193 5 22318 1027 15138 5 9808 7127 7509 16169 6 21 
21 16323 26 4 9787 5 20126 7509 23523 6981 10273 6 26 26 21 
21 15658 19900 15678 18498 20402 14425 4 15678 13591 16066 15678 9956 20 13325 15138 7509 28 28 8329 13433 5 15138 3058 7730 15138 19854 4 22327 1393 14539 21551 5 5 5 21 
21 15658 20402 17458 9193 20402 10546 4 9193 20402 31 16192 13909 3086 18498 13055 13359 5 21 
15138 15708 31 21793 18498 14335 6679 9808 1247 5 18498 28 78 21793 23135 5 15138 15708 14539 20 
21 15855 15678 18498 9193 5219 9743 5 5 5 7730 23135 740 7491 18498 15658 21596 10273 13026 5 3058 4 15658 20402 21389 1920 4 9193 7847 8995 1614 16404 15061 15678 4796 20402 9808 4 15678 4796 9193 753 20293 7730 15678 18605 20402 11043 17438 23135 9743 16440 7509 9193 22942 20 7558 28 13909 22765 18498 9193 4 288 18498 21282 12861 20402 7174 5 3058 4 21596 21371 31 955 4 9193 6981 1961 15658 10959 6103 9594 20 7914 17819 13727 23016 31 4796 4 18339 18498 16404 18498 4672 3058 4 9605 31 22821 0 288 18498 8956 20402 15678 14425 10959 18498 31 10765 7459 5 1471 7384 8995 20293 6103 7166 5 13055 17950 21389 13026 4 17950 21389 16083 4672 21371 4 15658 20402 0 9574 4 22915 4 9193 22942 5 5 5 733 22765 4 7850 22821 9193 21282 18533 18498 23135 9901 2727 20293 4 7730 18498 5360 1920 5 5 5 15658 17629 6103 17951 15424 15299 4 1453 9193 8386 7730 12861 20402 22385 3058 17872 9193 5 20402 23570 21596 7914 18525 5108 4 7730 15458 14924 4 23135 20402 31 16971 16816 17872 12861 20 15708 17438 20402 1453 31 28 4 12861 13055 9743 15138 7178 5 16323 1095 4 18498 28 22318 78 7730 18498 17511 18779 22327 16066 16673 14466 14561 7509 18498 17950 5 8840 18498 1249 18498 23016 17511 4788 4 7850 14539 6086 4 15678 1249 13909 11861 6103 9193 22942 4796 654 4 2727 5 9808 1247 5 21 
26 14335 26 26 26 20 30 26 

