20855 9193 18498 15658 20402 5300 5 5 5 13909 6103 29 15266 20244 3943 6103 5855 7730 288 18498 12780 17872 29 5 13949 2506 20 28 15790 23135 20 16404 
21 13512 14542 4 31 13907 7850 28 5 22463 7509 16587 18498 8995 7850 21830 7509 13566 7509 18498 10959 15138 6103 23051 5 21 
21 26 18498 10795 17232 16404 31 18103 6103 26 7730 26 5 20229 18470 7509 7558 7730 7847 10795 10179 4766 18462 16404 11898 5 
21 11114 4845 7509 10796 6103 8052 17438 28 28 4 15678 5 15678 21 
21 28 26 10628 4 28 26 28 5 21 
21 26 15803 26 26 15803 26 28 5 
3962 7509 16971 7509 28 7509 15567 5 21 
23123 4766 15678 16500 14156 28 
21 18498 22834 4 22092 22463 7614 6981 10211 20 21 
7914 28 5 
21 23222 17978 6103 28 5 18533 12780 4 21 
3959 22918 15678 15190 4766 20463 10696 10691 14466 7509 18498 18476 21596 22463 22942 4951 
26 21776 26 26 26 26 26 26 
21 15286 13909 21787 7509 22805 7850 19870 7509 28 4 6103 29 4 15678 5 15678 21 
21 26 26 15803 28 26 26 4 28 21 
21 6564 4 21 
26 26 5 
21 15833 4 26 20 27 21 
7850 26 20 26 15803 26 26 26 15803 28 5 5 5 5 
17106 2464 26 5 
16673 17819 22897 7850 22942 9193 21596 15678 17605 6103 21810 22463 20840 6103 19854 5 16673 21389 18498 19698 7730 20852 1393 19969 7509 19511 15678 10474 7102 21596 288 18498 472 31 4796 5 1393 22765 9032 6 31 10765 20149 9847 9193 20149 7451 5 
7850 15604 26 5 28 6 11702 6103 30 28 
873 1614 13055 4913 16680 16922 7509 28 0 17629 19900 4796 9743 16404 4913 22463 13679 5 17304 14335 6075 22463 15256 0 
21 15102 16673 28 7509 21833 4 6 18352 2727 13923 8678 7509 28 5 
21810 22463 26 
21 29 15803 26 26 26 26 15803 28 
21 26 28 28 26 
18498 13727 14149 7914 28 9193 9194 20 
21 7850 21127 7914 28 7730 21787 31 21340 7509 15286 7509 30 22385 4793 7850 19415 20699 5 15643 21596 8720 12861 4 20402 16098 13043 1614 5 21 
21 5943 7850 28 7509 12477 15291 6103 28 18328 7730 1487 11797 5 
21 10959 4 2727 10544 6103 9743 5 5 5 21 
21 10548 4 6103 21 
21 19629 15678 2667 4 4766 29 4 15678 5 15678 26 21 
21 31 22861 21739 7509 26 26 5 29 6 29 31 14425 16440 
21 7157 17872 22917 6 15678 20215 22915 20402 11046 16673 3943 7509 23044 4 20149 4913 31 16464 17438 7847 5 21 
20402 0 19703 
21 6103 352 4766 15678 18679 26 20402 26 26 26 4 8995 4766 22463 21 21 22463 17509 10883 8406 31 29 4 29 14426 12476 7509 15190 21 21 5 7730 16673 18679 28 4 20402 21 21 16673 21613 1249 5217 21 21 4 21 21 31 22516 3170 4766 15678 14425 5193 6103 12144 6103 18471 21 21 5 
21 21 31 28 20402 31 13909 2727 4730 22516 3170 9193 18546 26 26 18498 2282 15678 11792 12604 7509 18264 4426 7509 22516 7914 4846 4766 31 15260 15187 4 26 26 26 18498 14370 31 17444 7509 18264 7509 12476 7850 13909 4984 19635 7509 15190 7730 26 18498 14370 31 17444 7509 18264 7509 12476 8406 31 18264 13909 4491 7509 15190 5 21 21 
21 7480 1393 1097 18498 17304 20149 12578 5 26 26 26 20497 5 22805 28 3790 
16393 22463 3058 9956 5 
21 15678 14425 7291 7509 28 4 20244 7728 5 18498 20126 7509 15554 5 
21 22998 1249 6408 7509 12760 7509 11154 7509 28 4 28 19281 16404 15678 22350 
25 
16393 22463 23570 18884 5 22463 7509 12331 20402 14800 5 
21 20402 6103 29 4 9193 9996 18498 20402 6103 654 4 16404 21 
21 6103 3388 28 7730 29 29 3850 4 14890 5 18498 1249 20402 12861 0 29 0 29 0 7850 12261 4 20497 7509 28 28 5 21 
21 7914 29 5 5 5 9193 4 4796 15678 21551 16468 4 21 
21 26 11617 31 28 26 26 26 31 3749 21298 
26 11617 26 26 21776 26 28 22 4060 11617 22 13800 26 26 
26 7509 26 26 26 11617 22 13800 26 22 26 31 26 
12863 26 26 26 11943 14335 26 26 26 26 
11617 26 26 22 4060 11617 22 13800 26 22 26 26 
11617 26 26 22 4060 11617 22 13800 26 22 26 
21 7914 29 4 8840 5231 15678 23572 4 7850 23151 6103 20060 28 5 26 21 
21 7914 29 4 16367 7850 14336 7509 3610 8406 28 7730 17108 4 6103 3897 6103 15084 26 21 
21 15833 4 26 5 7847 20402 9632 7730 9193 15424 19900 4 19703 5 
21 3058 7127 
21 5174 18525 20402 4 4766 17556 7251 5 22463 7127 740 12780 5 5 5 21 
21 5320 7914 4316 20244 8995 7850 28 5 21 21 11341 7509 19441 21 21 5 5 5 21 
21 21953 7509 17819 8503 6103 26 22 20539 26 4 13512 21266 5 4766 28 28 5 
21 26 4056 26 26 11943 31 26 26 5 31 26 26 28 4 20402 21 21 26 26 26 21776 7509 31 26 26 11943 26 21 21 26 26 5 
10926 7914 28 5 
23104 20 21623 6103 8678 22463 26 20 20 20 20 20 23 20 
873 1614 21596 16066 21596 4711 6103 10032 30 0 
21 5621 7850 22816 16404 9224 7850 28 6 
21 21 20402 12296 6103 18498 15678 23154 6103 22816 28 6103 21793 15678 17951 6103 18420 7509 28 20402 19038 16404 29 7509 22665 12342 5 7850 3962 7509 15576 5942 4 15678 22665 1373 20402 19038 6103 18610 29 5 29 16404 29 5 29 5 21 21 21 
15138 13278 5 
21 30 28 4 6103 21 
28 
21 6075 2154 7730 15678 969 14335 4229 6103 20304 4 15138 12158 16836 31 11636 6318 4 15678 18470 19474 29 5 20402 4 15678 21551 16468 5 5 5 21 
1502 31 4060 4766 31 10606 20 
26 28 28 
21 16971 18910 7850 26 4 7491 18498 15678 21932 6103 22463 3711 18498 15036 20402 19854 5 9193 15643 8720 4 9193 7914 9193 469 4 8956 20402 22463 15286 18498 5241 4796 22463 15704 17812 5 21646 4 15658 0 19703 
21 23 4 18498 23570 4 12780 9743 6 10326 1892 4766 5955 14221 5 
21 20670 31 17959 7509 30 26 7914 20402 28 5 9901 1614 22463 947 1547 7914 22463 11111 6103 5881 6 15678 10554 6103 16662 21369 5 
10696 6103 11139 
21 7509 12327 6 21 21 26 21 21 20402 7174 7509 16192 21 21 26 21 21 5 31 17819 20402 22463 5590 6103 2824 7730 31 20207 20520 21 21 5803 21 21 5 18498 4672 5 5 5 21 
21 21 21 1983 26 14480 26 26 4 22446 26 26 30 26 26 26 26 21 21 
15138 10405 5 5 5 
21 26 15462 26 15803 26 15803 26 26 26 26 26 26 10530 16925 5 28 4 29 26 29 5 1983 28 20402 28 7509 3629 5 
15906 26 6104 6 28 29 5 
176 26 6 26 29 5 
21 1400 9252 7509 28 7730 14335 6396 4766 12861 5 19698 1614 5 18498 14487 7543 9743 22463 6781 6103 4561 6981 0 28 28 4 20149 13480 4 13325 7509 13981 18498 15061 8956 23222 0 
21 21596 12787 18498 22318 1515 22463 17172 7730 9605 21267 4 
16066 9439 20931 3790 17438 22463 21787 10032 22765 20 
18637 13800 5 23135 5 21 
21 8995 1400 21793 15190 18498 9193 15658 5174 4 21282 12780 9901 18525 9193 19900 18525 20402 7730 5174 16973 16066 20402 1095 6103 1095 5 15299 16972 4 21282 18498 15658 6075 17872 14096 1614 10765 18498 31 10765 15658 9743 11670 6103 18525 20402 7730 9901 20402 982 20 21 
21 15502 17629 19900 15678 18498 23135 1190 9743 5 15678 18498 23135 9743 21282 7491 19456 31 23135 5 20149 23135 1190 6075 14905 4 17525 10273 6103 22915 4 9594 6329 4 19900 18498 23135 20402 22463 982 17542 17872 20393 7730 17304 21596 4181 18498 21596 10765 6103 15855 20 21 
14618 
7127 6103 12901 4766 15678 10696 20 
21 31 28 20402 12094 5 8995 20244 21596 15678 18498 9743 14487 4 21596 22463 26 4766 22463 5982 4894 17872 9130 7730 19450 6717 10702 5 15658 6717 6670 31 23523 7509 8632 29 1249 6103 11636 13909 16066 14466 4 16647 22463 22369 7730 19969 12861 2371 5 15754 8995 2727 14336 2988 4 9193 15658 8995 15299 13923 16404 18525 15658 6717 15299 7730 9743 12861 7914 29 14764 5 6103 21 
22463 21787 9975 5 
21 15459 10273 9193 8995 4796 22463 3031 4 7558 20247 2116 4 27 5 21 
21 7914 29 4 7850 7127 6103 11462 9193 11284 17525 9010 14469 5 5360 2118 4 6103 21 
21 15138 3086 31 17998 7509 26 21596 13285 7914 28 6 
14618 20 
7127 7509 15253 5 
21 21596 871 17877 4766 14604 7733 4 6256 6103 18876 871 4672 4 15458 15266 16468 5 20149 873 14018 866 7730 9193 15658 19474 4 16630 16404 18498 8458 6103 15604 5 15708 5 21 
21 26 5 28 9266 0 14018 2727 7850 14565 16958 4 6103 
21 21596 29 1249 4 6103 11560 6 26 5 28 21 
21 5942 10694 6602 4766 28 28 5 23570 5942 4 18930 4 6103 21 
9446 22997 29 
21 9193 21282 18533 20402 20402 9808 5 5 5 7730 17304 14335 15995 7730 21596 31 5216 18498 15678 17297 21596 20463 13727 5 5 5 
21 3058 21409 4 6103 21 
21 9193 7850 18104 6070 18464 4766 22463 15109 4 19703 5 21 
3058 21409 20 6103 
21 18458 21 21 26 26 21 21 26 28 29 5 1393 13131 6103 20931 22861 20244 10902 5 21 
7730 21596 10765 18784 288 18498 9193 8995 4796 3393 5833 5 5 5 
21 9585 4766 8572 7730 14915 28 5 
17819 10273 7509 21266 21 21 23135 20402 15678 18498 23135 4796 21 21 1585 15678 4792 6103 20931 19071 5 9422 10282 1004 5 21 
10696 20149 20357 6619 5 
21 14604 16169 12979 4 6103 21 
21 15253 12979 4 15138 3086 4 16393 15138 4815 4 6103 21 
21 4796 6744 22463 15382 5 6717 6103 29 5 
22463 26 20 
26 14139 5 
6103 3058 7850 13143 
21 22463 23104 16404 15678 2348 6103 6368 20 31 5881 14139 20402 18784 14149 4 20202 22463 13543 16404 871 18884 6 
21 23050 7850 3962 7509 16292 4 6103 21 
3621 6 14466 23501 5 15678 3058 6103 20402 28 14539 20402 31 17478 6103 19969 5 5 5 
3926 6103 23072 4766 17337 22295 5 4766 22463 26 10323 16404 21623 2727 15678 9971 6103 20247 6103 
21 1249 15604 4316 7850 13441 11462 7730 1022 4 6103 5 4766 31 17743 7509 20319 7509 1249 6 15678 2995 19169 5 
31 16920 30 21371 6075 15678 1623 6103 20931 11066 7914 3377 28 4 7850 9971 6103 13903 17872 13022 18533 12780 4 18525 18533 12780 13026 21371 20402 2727 23016 4 20202 22463 13543 4766 22463 15599 7509 1249 16468 20670 31 9867 7509 2995 19169 4 15658 31 7509 1249 15604 4316 6 
21 7914 29 4 28 4 28 21 
21 7499 6 
21 21 21596 18498 9743 23274 4 23351 4 23360 21 21 
21 21 12861 20402 21969 6103 8980 21 21 
21 21 14549 4 15678 8980 7509 17931 21 21 21 
21 17653 10696 4 25 5 21 
4796 31 22942 20402 7687 5 20402 10696 3697 15138 20 
21 12896 28 12620 11274 26 
21 20202 26 
4796 13026 31 22318 20202 
23351 26 28 22318 7708 6 
11274 26 4768 21 
11274 7850 28 26 5 
21 4751 6011 5 18498 4272 4 19703 5 21 
21 16083 6103 29 4 16468 10405 4766 22463 21922 5 21 
21 288 1614 4 6103 29 4 18498 10405 20 29 1249 2116 5 21 
26 6103 10326 
21 8956 10273 8995 21646 5 9193 8066 22463 10926 4 19703 5 21 
21 26 7509 23423 4166 5 20402 17521 16630 15906 7730 18876 7914 3962 5 17807 13909 7914 5320 7509 18498 7850 14506 7730 8071 5 
21 9193 5174 7730 18930 19511 13943 4 20558 4 11509 7730 10962 5 7847 21596 22463 19816 4766 14245 16673 14539 17807 17599 7850 19511 4 6103 21 
26 6103 7613 
11702 7509 28 28 20879 
4074 
21 30 4 7847 20402 22385 13512 20 7730 8995 13359 4 19703 5 21 
13520 5 
21 19576 6103 29 7509 26 5 20244 5320 31 4672 18498 15658 17525 1614 4 6103 4 23570 1249 20 21 
18473 14548 5 9743 22463 21551 13055 5 5 5 
27 
19873 7730 19706 6103 2356 5 
19873 7730 19706 6103 2356 5 
21 5695 19138 12910 5 20402 7459 16673 19143 7730 21596 22463 17556 7509 11454 7509 13727 7730 7509 17602 5 15138 3058 8956 13591 4 11046 16404 2442 5 
21 26 3141 26 26 26 4 
26 3141 26 15803 26 26 
26 3141 26 26 26 4 
26 3141 26 26 26 4 
26 22 20539 31 26 26 26 31 26 26 
26 31 26 26 26 31 26 26 
26 26 22 18740 26 26 16073 15803 26 26 
26 26 26 26 26 26 26 5 
26 26 26 11943 26 26 
26 26 21776 26 26 
26 26 26 26 11943 3141 
26 26 3590 16073 26 26 26 
26 26 22 20539 26 26 26 
26 26 26 
26 26 22 18740 26 26 16073 15803 26 26 
26 26 26 26 26 26 26 5 
26 26 26 17257 26 26 26 26 
26 26 26 26 26 
26 26 26 26 26 26 
26 26 26 10907 21776 26 4 
26 26 26 10907 21776 28 26 
26 26 21776 26 26 
26 26 1631 26 11943 3141 
26 26 4796 16073 26 26 26 5 
26 26 3143 10907 26 26 
26 26 26 26 31 26 
11943 3141 26 15803 26 26 
26 26 26 26 26 26 26 4 
26 22 20539 31 26 26 26 31 26 26 
26 31 26 26 26 31 26 26 
26 26 22 18740 26 26 16073 15803 26 26 
26 26 26 26 26 26 26 5 
21 8561 7850 21727 7509 15244 4 16404 21 
21 7850 10366 7509 1429 4 6103 21 
31 17406 15658 12910 1393 10484 5 18494 28 5 
13055 7491 15678 9970 6 6103 3058 7850 13143 18494 12861 
7850 28 
29 26 26 26 26 26 26 26 19138 14387 
17819 4526 8810 6103 28 5 2573 18498 2091 6103 28 28 2136 28 7730 17520 2136 26 7850 20463 12589 5 
21 7914 28 28 9010 4 26 8322 4 21810 22463 28 22559 7730 19224 4 6103 5 21 
2198 
21 7127 29 6103 7119 4 7509 29 6 29 1393 29 6 29 4 12780 1547 14604 9130 6103 22406 21 21 31 26 26 26 15803 26 30 6086 15803 26 26 26 26 26 26 26 21 21 7850 29 19138 26 26 26 26 14387 4 18498 12780 15770 7850 4417 6103 28 28 5 18525 21596 12578 8995 5474 4 20202 15678 13543 16404 28 7850 5168 6 
16293 30 13272 18884 6 11560 6 4646 18772 5 4766 5 3148 18884 4646 16293 30 13272 5 30 
15442 7914 20879 
28 12780 13185 10161 5 5 5 
28 
21 21 21 17958 21596 22463 26 22385 14031 1920 15459 23498 5 21 21 21 
21 8443 6256 
20402 17438 12861 18498 15658 10959 
6103 7319 4766 10765 11679 
17438 12861 20402 18498 15678 28 
15658 17953 15510 5 5 5 
21 15678 22144 6066 15324 3203 
20786 3167 4 4796 13344 
4796 13344 7730 20786 3167 
21389 18516 4796 2087 
21389 18516 4796 2087 
21 23554 23554 28 4 8956 5951 20402 16852 5 20202 7914 10366 15458 13539 18498 9193 12780 5320 17872 21739 28 5 21 
21 654 21596 22463 15604 17939 4 10289 7509 12971 28 4 6103 5 
18197 5 6 31 10273 20402 9193 14539 5 
21 9193 15658 23174 4 9193 20149 23174 4 8956 20420 15678 14604 3664 5 21 
21 20670 31 7861 9901 15678 4795 16934 7509 28 28 5 
21 1937 15678 14550 4766 15678 9273 17950 6103 8429 6103 21793 31 21525 3170 6103 21793 15678 21551 5 
21739 28 7730 20931 10620 5 
21 9500 20 9500 20 22420 12960 6428 7850 13600 20 20149 31 14856 16647 4 11300 0 
5650 6103 28 4766 14915 6103 14485 7730 19706 6103 8572 
23135 15658 8386 20 9193 20402 22463 15244 20 
21 1276 6103 15299 9193 10959 6103 9431 
20202 654 22463 15048 6103 11729 14667 
4229 31 14161 18241 6103 7614 26 5 
31 15534 7509 1688 7730 15678 13939 4289 13026 4766 31 9579 7730 15678 12438 15381 
4221 7730 5550 7914 21468 6103 19635 
2743 31 15992 15497 
2371 18498 10962 4 18498 6324 4 15138 13909 16559 
1380 15678 11475 7730 31 15144 3685 5 31 15209 7509 28 20402 3018 
31 13909 10227 14433 16647 7850 28 
28 17872 7847 20402 16647 18688 
7730 17872 18069 9193 18533 4 15678 14604 1114 22385 18644 
9193 8678 8956 14161 16404 21787 7850 3885 
15678 14691 16468 4 7730 31 14161 20202 20402 26 4 22479 5 5 5 
9193 2136 29 20420 19632 7730 23029 11456 15291 5 5 5 
21 26 26 26 26 26 4 
26 1983 26 26 4 
26 26 22 21298 26 26 4 
26 26 26 26 26 26 4 
26 22 21298 26 26 4 
26 20402 26 4 
21 26 26 28 26 
21 3058 7127 5 23570 7127 16404 22463 20238 4 6103 21 
21 12780 9743 22463 12147 6103 13591 17872 18525 18533 1540 31 5881 7730 15658 19900 15299 6103 5695 6 21 21 26 17934 12477 1089 6103 5881 21 21 4 12780 6670 15678 3365 11650 6103 22746 4 13298 4 3884 4 9170 5 2136 15669 13909 2288 5 
15658 19900 15424 10412 22463 2834 7277 7730 22805 18498 21596 17953 18734 6670 18498 19450 14335 1800 7850 5695 9010 1249 4 11020 16440 17438 12290 6981 13591 5 4524 18498 21371 21596 13471 15138 5353 6103 18471 7850 28 7 16098 31 5856 7509 14181 288 18498 20402 31 16440 13909 11861 7 22886 2625 23222 7850 28 7 7730 4 17836 12555 7850 28 7730 9193 18498 288 18498 15678 28 15658 20444 17872 15299 4 20402 7914 4964 16066 7914 18352 5 21 
28 28 4766 26 1393 14915 26 4766 13405 21787 6103 13505 20506 5 
21 21026 7077 4766 20083 
29 10179 6103 5675 14091 
29 13195 
29 13581 6103 702 
2368 
20083 1393 10959 21 
21 13512 11454 6103 22942 6 23016 16404 15678 28 7730 18660 21932 6103 3607 4 21681 31 14504 13405 16673 18686 5 15658 6503 4 4809 31 22782 14199 16404 15678 4697 7509 29 7730 11462 21596 22463 19511 15138 3058 7730 4766 22463 17807 13043 5 
11905 6103 19928 6103 8572 1710 22564 22463 4602 6103 3488 5 18525 15658 21596 6006 5 5 5 27 
16431 7509 26 28 28 7850 17950 8147 4766 28 28 7850 21525 10889 11462 5 18884 4766 12421 5 
21 23 15671 4 11124 26 5 10273 5625 7509 20304 28 7509 28 5833 21 
18525 13325 0 6103 
14604 9193 7850 3460 5 
21 8956 4661 7850 22821 20402 21216 4 23 5 31 1549 9901 13512 4 18197 5 6 15658 20402 9193 18525 9743 5 5 5 21 
17374 7730 4098 5 
17374 4766 1815 22840 1393 3541 6103 17374 5 
2834 30 4766 9673 6103 17170 7730 18332 6103 4130 1709 4766 3619 
26 5 
21 4793 1614 11462 6 21 21 31 23498 206 15658 20402 16404 18525 21596 2442 21801 1393 10431 5 21 21 15138 1228 7730 9193 1614 740 21932 7850 9833 5 5 5 21 
18498 22915 5 5 5 
21 21 21 29 26 26 26 26 26 14387 21 21 7914 28 28 654 7914 7119 4 28 29 7730 29 5 18525 21596 12578 7914 1547 21932 17438 13761 4 15678 19526 17304 20402 8458 2136 7127 29 6103 20460 5 20207 15678 26 4 15678 17819 8147 20402 22463 21021 7730 8995 17737 13909 6103 29 16966 7509 28 7509 21063 4 9194 7730 28 5 20149 873 13909 20402 4 6075 22463 21787 7850 11980 4 6103 
21 841 4 6103 5 18494 22805 28 28 
21 3073 6103 4331 6103 17170 4 6103 21 
21 9934 15678 26 26 7509 9224 875 4 27 5 21 
21 288 18498 22657 31 16689 5 28 4 7914 3929 18487 7730 18584 4 1393 29 11518 4 2136 29 6103 656 7850 12477 5897 28 5 
21 21 15658 21386 6103 702 4 22463 11474 8995 20966 7914 17509 9876 17438 20209 18498 16393 9176 4 2136 18498 7847 20954 16404 19466 5 15678 4554 20812 7509 14980 21848 14466 16958 4766 31 17819 10343 6103 28 4 16919 23104 16673 2076 7730 2434 28 28 5 31 12838 5125 7509 20418 26 1393 22898 1744 19699 7509 17249 4 9193 21371 18090 13928 5 20402 16878 21596 8012 17438 22463 5775 0 15678 18039 2617 7850 5320 6103 28 28 6679 15338 20931 11454 7730 18549 31 3726 6103 20463 16097 6103 8386 15678 18498 7847 7491 5 6389 7509 1619 15678 21551 21793 4 15678 11474 16866 15626 4 9193 20931 1426 10305 20149 6760 8329 20149 22682 7509 18191 5574 4 7509 20463 9743 7730 7509 2717 4766 18498 18779 15678 11020 2073 4 4796 4229 31 15041 5 21 21 

9968 6103 10326 1393 14915 6103 13195 4766 1815 15416 5 
19522 7730 7318 22942 10273 5 5015 6 13811 5 
4267 7730 4189 7850 2547 7509 28 5 
21 9743 22463 13812 4766 16108 3504 7730 21255 31 26 4 15658 31 7464 19858 5 31 14245 654 8995 6564 4 21 
28 16440 29 
21 31 16192 20402 6103 17593 4 9193 15678 20537 22657 16067 20 3058 21409 5 21 
21 7730 23104 15678 529 4 6 6103 21 
11462 20402 7127 15193 6103 1190 7850 5396 5 13055 1190 7850 5396 11462 0 
0 18498 30 0 
15678 19093 7509 18487 7850 15855 7509 10696 5 
21 14058 5371 5505 6 11731 31 28 12628 22463 12960 7914 1188 7730 9594 6 21 21 20357 15138 16972 4 12780 23151 17872 3962 4 20931 19197 20402 2021 4 15658 12780 13909 21596 5505 21 21 5 21 
26 20744 7509 28 28 
21 26 10859 20 28 26 7509 0 
16659 16526 26 18458 21894 11272 
6103 
28 3996 9743 22463 7314 5 

