21 21 21 21596 18498 17881 20539 4 21596 18498 7319 20539 21 21 5 5 5 21 
12897 5 
20126 17819 1249 5 
2700 5 
21 28 4 9901 20 12780 21596 3031 20 21 
10765 13512 8 29 
21 11561 6 26 5 28 5 4766 26 29 
21 21 15658 8406 7850 9819 4 7847 8406 7914 9193 5 8406 7914 
14604 13598 4 7850 9193 3590 4 7850 9193 12513 5 
5 5 5 
14604 1097 4809 31 14335 15855 9074 5 21154 3450 22897 14466 15678 9224 9626 5 12035 22327 15678 18498 1276 14335 9743 20357 20215 5 9193 4809 31 7693 31 3450 22897 18498 14335 20357 5143 5 9193 4809 31 23104 7914 22463 8995 6103 5266 5856 4 6103 6614 9172 5 15643 13909 23151 31 21596 4181 5 
5 5 5 
14335 5876 5 15658 20444 6423 15424 15036 4 15424 21972 7914 22463 11548 18498 20402 15894 15678 20634 9193 5120 4 654 18498 13055 15658 3510 2727 9193 18516 5 
15678 9819 10131 9193 22942 7730 9193 7850 662 5 
7850 22821 4 31 23577 4672 18498 9193 16784 20402 15678 14378 5 21 21 
21945 13591 6103 28 28 16404 31 22516 13591 9820 21 
17872 22702 5 
654 19900 2727 17458 14604 2336 11091 4766 31 21525 18476 1937 21525 5993 5 
5762 4766 28 5 4766 26 
21 21 21 8443 21596 22834 7509 18498 4 11455 7730 5900 4 31 18737 3166 19363 15658 20402 7236 5 16673 5431 4 20402 2157 5 20402 20149 18950 4796 873 18498 15658 18533 12861 5 20402 19900 18498 17869 15643 23016 21282 5 18498 20149 31 17286 15658 22318 110 7850 28 4 20149 31 16971 15658 22318 20202 7850 21127 4 20149 22318 15658 20402 7677 15694 17438 20402 15144 7730 17438 20402 15416 4 12861 22327 349 4766 16083 15144 7730 11474 5 7730 8956 17890 20402 16440 6103 22463 11454 6103 23014 7730 9348 18498 4 7914 16083 11048 4 550 1393 21793 15671 15144 5 21 21 21 
20126 17819 1249 5 
20402 1022 20 20 20 20 20 
15833 5 13909 22463 4245 5 
28 8 29 
2136 15658 5 29 20402 15678 15270 7 
28 28 28 28 2606 28 28 28 
21 23135 8406 7850 7882 4766 20463 14912 7509 22575 7730 1276 7509 3058 7127 15678 23113 16836 21 21 15678 18498 23135 9743 7850 22575 0 21 21 5 
23135 19474 10828 6103 17359 18449 4 13055 8840 15678 21 21 23 0 20 21 21 9193 4 1427 4 31 16971 19900 5 
7730 288 18498 7102 22318 2762 4 20539 4 2762 4 8678 4179 4 17458 21 21 17382 20402 22327 13135 21 21 5 
31 22898 4 10959 13909 18476 15658 19900 5 21 
21 31 10211 14466 179 18498 9193 21596 6103 6219 15678 18498 20402 15253 20402 16673 7290 19871 7509 14604 4122 7730 15678 21590 7509 5459 6103 28 26 5 
4796 20402 18498 9743 14539 21894 6103 1815 0 16836 16673 29 22897 5 
6256 2371 31 2963 22825 13505 4766 20606 5518 6103 28 16697 7850 14041 0 18476 21776 17908 19830 7850 3720 7509 9193 3962 5 
23135 19900 18498 31 10728 9901 21056 7730 14424 7850 16440 6103 4434 0 21743 15138 0 20 
288 18498 21776 7542 6103 15604 6 14018 10273 7509 10667 22805 30 5 
7730 7850 9971 4 22327 12861 201 20402 22463 12939 8949 7730 5606 6103 9594 22318 1027 7730 15708 17438 9743 16440 7509 9193 22942 8 29 5 
560 4 15502 14018 7847 20402 31 9193 19083 6103 15144 18498 12780 15138 991 7509 21 21 20402 15253 21 21 12094 5 
7730 4796 16404 20402 12094 6981 12939 6075 22463 21937 4 873 21596 18498 14335 8361 4 22612 5 21 
20474 5 20222 7730 14336 7509 21409 5 15609 5 7797 5 17111 7730 3211 5 16568 7509 19592 6 4796 7017 15678 16530 5 
7847 23016 8 29 
28 28 9193 18533 5 9743 0 6 
19662 31 13340 18498 18525 15658 1421 12780 21596 31 8992 12701 17438 22129 5 5 5 13950 
8 29 
21 1612 16971 18498 8414 15678 7251 17872 3512 7730 16630 6 21 21 7706 4 17438 9721 5 21 21 740 2727 18498 20402 20472 21 
21 15658 12780 16162 7850 14539 14886 4 20402 6483 7730 18263 12861 7850 18352 16972 7509 14814 6103 17244 5 
9193 23 4 9901 7157 5 
7730 15658 22657 21282 16404 31 17753 5 20402 17872 21793 7730 18475 15144 5 
7730 13909 22463 7157 6 15658 9387 8956 4672 6103 15144 6103 22821 15658 7 21 
7730 8956 5759 18533 12780 7850 14334 28 5 17438 9721 5 2637 10412 4766 2403 
21 21 21 16673 9971 7509 1967 7850 19856 7730 7509 9122 11658 18498 15678 21225 5 15658 19969 1393 19856 16404 6482 16066 659 5 9335 4 31 15671 14539 5 21 21 12780 21596 15678 18498 31 15144 18533 20539 21 
21 28 28 288 18498 17304 22318 12578 20 20463 17960 6103 21446 17872 15263 20402 15458 13539 4 15658 0 21 
18044 15678 4331 20 20 20 20 
17840 5 2702 5 
21 16323 4 13730 20 8 29 21 
16404 11898 7730 13359 21793 15678 28 5 
21 21768 4 15253 7730 23553 5 21 
28 5 
21 21 21 14604 2727 5 5 5 14425 22805 7509 18498 22805 15299 21 21 7 
21 11561 6 23273 5 28 5 4766 26 0 22615 26 26 21298 29 
5 5 5 21 21 10827 20 1612 17934 18498 12780 10657 18498 15658 11284 6636 7509 17380 18449 5 5 5 21596 18809 6103 9634 4 21596 2367 12633 4 1938 21596 18498 5459 4766 31 14994 4 14994 21596 18498 5459 4766 15704 4 15658 20402 4672 20558 6103 20402 9790 5 15678 19702 12216 1393 17889 20402 11020 5 9193 17629 6103 17934 10573 16404 9743 8956 338 7730 18498 15658 20402 6103 16440 4 20402 4929 4766 17380 6103 8995 5 17304 21596 20931 17659 16438 4 9193 4796 10827 7914 2750 7509 12578 18449 5 31 13301 8995 13761 11284 15840 15266 4 15658 5219 5762 5 6103 15604 4 18525 20149 17669 0 21 21 21 
21 15855 17872 10273 4 28 20 20402 10962 20402 17653 0 21 
23049 5 
21 740 21776 9837 8956 11454 5 9193 17629 9594 871 4672 11462 4 8443 4 8995 2371 4 15678 19525 7509 19525 7509 19525 7509 18498 9193 20357 18476 22805 8956 11454 6 21 
9901 31 21409 21793 7850 9574 5 20244 702 5 
21 21409 9193 15658 9604 20 26 4 21282 6103 22897 7914 18476 21 
21 17629 9594 20670 115 
31 19635 21928 13185 11462 22463 3621 16404 11915 15678 6110 20670 15678 115 5 31 18006 20402 22564 31 11272 17629 9594 20670 115 7730 21752 22463 10273 20215 31 14539 10343 5 21743 31 9193 4 15855 2371 6 6103 
31 13907 7509 16971 18498 5484 4815 19900 18498 9193 20402 31 9721 7509 13282 7509 115 5 20562 6 9193 368 18498 20402 22463 17877 6103 20127 18449 4 368 18498 31 15144 21596 15678 7277 6103 21596 2242 7730 17304 20670 15678 18191 5574 7730 18498 20402 11570 15425 7102 20402 20967 31 17885 12410 4 5842 7730 7562 4796 15678 18498 15138 15144 20149 20967 5 
13055 16367 16404 16721 7914 4796 31 16971 7102 8995 6739 16404 115 1393 17406 6103 22564 729 6103 22193 4 3402 6103 11125 4 9170 0 14539 8956 4385 7730 19277 117 20402 17885 7562 7730 22107 5 15502 12780 20149 20967 31 22463 115 17458 20402 2389 5 15658 20402 5 
23151 31 3621 4 16721 15138 1276 6103 9016 8956 18264 16404 15678 28 5 15678 28 20402 31 9193 19415 20699 4766 13909 7178 11658 8406 15678 14604 1097 4 17438 12861 19900 18498 12861 17304 4060 17375 7730 4 21371 19900 18498 4 17304 10795 17375 7730 18498 12780 21596 10765 14335 14018 12780 16404 15678 12261 20244 1393 14466 13359 7730 19089 20670 31 20644 21793 5 
9193 20402 8956 15678 15697 7509 3621 4 15658 0 9594 20670 15678 115 6 
118 349 5 17406 5 15658 21596 13301 7730 15658 21596 19240 18498 11810 12861 5 20207 31 28 15989 15187 6103 20127 349 22463 14676 6103 118 1393 1249 1614 7850 28 5 22463 14676 5 
1276 6103 8120 1614 21596 22463 16630 6 1926 8956 11644 16404 18498 31 7318 20670 31 13282 7509 115 23162 349 7850 20299 11560 6 26 5 20299 5 10982 5 3148 7751 23065 11644 0 11634 29 5 7850 13543 21596 22327 9431 4 3962 23135 20149 12578 5 
15658 17785 9901 1614 6919 12301 7730 6075 4 17438 12861 12780 6256 871 26 4 13055 430 4 21793 20566 31 11644 7509 13282 7509 115 6 
17629 9594 20670 115 11560 6 28 5 28 5 4766 5 3148 19635 29 19349 17629 9594 20670 115 5 11559 
115 7850 28 6 22463 16967 7569 4766 22386 6103 22548 11560 6 23273 5 31 18449 5 15983 26 26 29 29 30 5 28 
1920 18498 20402 288 13325 13909 12780 58 15678 4795 4766 7847 7 
18197 6 4795 14814 682 559 20402 6290 5 9620 6103 19456 7730 7314 6103 23560 15658 20402 13441 6103 9462 5 2700 5 21 
21 15108 4 9743 11686 7509 9193 15253 5 21 
20688 22805 5 27 5 
21 21 21 288 18498 31 19097 17380 17304 20402 5241 22463 6330 17596 22513 7850 16587 4 15458 14924 5 12861 20402 22463 4672 14149 7730 6858 22463 21266 6103 2781 18498 7491 17438 2371 7509 7858 3170 5 
17819 4 740 15658 16784 31 8838 19703 7730 5108 18498 944 22386 17304 1585 9193 6340 7509 15190 18772 5 20207 4 20402 12296 15678 21036 16404 5219 9743 8956 18629 4 16066 20402 4 15678 7858 15260 15658 20402 15678 21904 18498 15138 10765 13033 20402 5 21 21 
5360 7850 13543 7 21 
2700 5 15658 14335 13480 5 
21 7157 7509 7127 6 
15658 5174 15502 18498 20402 17872 28 7914 13022 4766 31 16568 4 7279 16066 12164 4 13480 31 15658 19046 7509 28 16066 4766 8956 23560 9301 1296 18250 5 
16404 6256 13909 4524 4 15658 21776 7491 18498 15658 21596 10765 7850 28 4766 8956 16568 4 21776 7491 18498 31 12159 18498 13405 22463 17494 6103 10765 17872 28 4 6103 15894 9193 8995 8995 4 15658 20402 4 15424 6103 16936 4 4766 15678 10982 9774 5 
7730 288 18498 20420 2389 15678 17563 20215 31 15894 4766 21793 31 15809 14996 4 16404 4 8995 4273 5 21 
20126 7509 13730 6 
23 8 29 
21 21 21 15138 14335 16836 4 12158 6 7730 31 7766 0 7730 15678 3976 6103 5614 0 7730 12861 0 7730 1616 0 5 5 5 17658 19474 4 20559 4 18498 18533 8995 7509 13131 18498 14335 9743 11570 4 31 16440 7509 22665 13909 11570 18498 17304 4854 6 31 20774 5 21 21 
22133 9975 7509 21684 6103 22463 7509 14604 17931 4 13359 4886 4 17438 9721 4 1614 6 21 
21 873 21596 16066 19900 15894 288 6 
31 12537 7730 15678 3451 28 28 
15678 17304 7509 26 28 28 28 
20402 22446 22540 20 20 20 21 
16098 7491 18498 15425 15144 20402 7855 7730 15424 7363 20207 22358 17438 8995 15425 6 
21 11560 6 13033 12787 5 4766 14856 22202 20833 7127 7730 19094 20670 16155 
21 21 20402 22463 15286 8032 16404 15671 18498 15658 9193 8084 9193 16155 5 9193 15658 20149 6256 13405 16673 11644 6103 7235 31 14464 7176 6103 23135 5 9901 1453 4766 31 11644 17835 6 23135 20402 13512 4766 15678 5574 18772 18498 23135 21596 20402 7847 13900 4 10943 4 11020 4 16753 4 951 4 2442 7730 1540 31 238 15678 18498 20402 7174 5 21 21 21 
3790 6103 20828 7850 20299 5 
23135 17304 20402 11453 18481 22898 18533 8 29 
21 11561 6 28 5 4766 17176 7914 18376 6103 28 29 
29 21 21 5 5 5 16296 7850 4387 4 15425 12446 
13761 20402 15678 18159 12780 14335 21040 
7730 2371 20402 28 16393 10735 
5 5 5 
6408 7509 22310 15678 15190 15658 20402 13909 
20402 18497 11518 7730 9193 15658 9901 7914 16580 21 21 29 
17872 28 9901 5335 6 16404 
1115 8 29 
28 8017 19450 15678 6474 7509 20402 7509 10731 
21 7491 2371 4 18470 31 15390 9594 7509 5574 7509 4697 0 6110 28 
31 28 7102 21596 12960 866 15423 5 21282 288 5 21743 22463 22144 5 22463 529 5 21 
21 21 21 1393 8637 22463 1875 6103 18475 3664 15144 16404 5799 4 19089 20149 23135 8637 5799 31 14539 4672 15658 3664 11474 5 15658 16393 14336 11743 10959 16066 6777 6103 20434 17458 7847 20402 3850 0 8443 17438 18498 31 9152 20444 16404 10959 16066 6777 6103 22463 3664 15144 0 16083 21743 6103 5856 4951 1393 15144 20402 20931 22942 16972 5 7850 23577 22897 7914 18498 9193 22805 22463 3664 11474 20402 6896 5799 17438 12861 20402 15678 28 4 7850 17654 6103 20402 28 4 21793 31 8933 7730 31 7277 21811 31 7594 7730 15678 1506 31 20931 3666 5741 5 31 11454 20402 2727 7174 18476 7491 18498 28 28 20402 22463 22627 17438 20149 20369 6103 28 5 21 21 21 
21 6110 7850 28 6 
14350 6 11474 5 
3665 6 11474 5 
12974 6 11474 5 
17304 21471 23403 6103 4795 2727 13909 19671 20670 12861 9193 4 21282 5219 7491 6 18498 17667 6103 20402 28 6 
15138 17667 6103 20402 28 5 
17667 17438 19900 18498 17555 16971 15585 4 18498 8956 2510 6103 11474 7850 17380 20402 21596 4796 21 21 15355 21 21 4 21 21 4179 21 21 5 
17667 17438 21596 4181 18498 15502 22564 1875 10555 7509 3665 16404 18549 31 3726 6318 6103 10982 5 
17667 4 17667 4 17667 6 
17667 17438 19900 18498 12861 15658 349 21282 7914 20879 4 15658 21282 7850 28 6 
18197 6 7730 4 20402 15138 20584 4 21282 15658 12780 9228 9193 15658 17511 6256 6103 14455 18498 991 6103 11474 4 20402 3156 4 6103 4526 15260 4 11355 11731 7730 4486 5 7730 8956 20402 17869 18498 21371 14335 658 4 17438 12861 15678 4179 5283 7730 3159 15678 18605 184 12861 20402 5 9193 4 20402 5 21 
3697 6103 20402 31 23553 5 23029 22463 11010 5 
21 21450 4 28 20 20 20 20 21 
21 1522 18498 1022 12780 21596 10273 7509 28 7914 14245 7850 19415 20699 5 14539 4766 7127 15628 4 21401 7730 15678 18498 13909 9193 8840 5 20126 8 29 21 
10765 18498 288 18498 9819 20402 22463 14984 6103 19148 7730 18498 23135 21596 18498 746 7850 14673 20149 15658 20196 14335 6075 17667 5 
21 23135 9901 15678 15266 21793 20402 4 2371 4289 7730 20931 15253 6256 23135 9743 31 9678 18498 18533 2136 4766 31 3790 6281 27 7730 9193 740 10648 3031 7509 28 20 20 20 21 
21 23135 8995 4766 17478 7730 12899 9769 7730 5219 16098 4516 15678 7499 7509 23114 6103 4434 4 23 5 21 
21 21 21 1471 6103 21389 16689 4 6103 21389 16721 4 6103 21389 16958 4 6103 21389 1471 5 1471 6103 22327 15678 18498 31 10765 15658 19900 4 18498 15658 20444 5 1471 6103 22327 31 16958 5 5 5 5 22327 12780 9901 13405 4 22327 12780 9901 13405 4 22327 12780 9901 13405 5 21 21 
14924 25 9808 0 6103 9971 6103 20262 4 16066 866 1920 5 21 
21 17989 5 3697 6103 20402 23553 4 23029 28 5 21 
21 21743 12861 4 21282 18498 17106 5 6 21 
21 23135 8406 7850 16142 4 21793 9808 7730 2727 11591 7730 16630 22463 9967 5 15678 3790 22318 15855 4796 20149 23135 20402 13688 5 5 5 
2371 23135 13325 18498 15658 8995 13909 7850 20931 4417 5 21 
13131 8933 18376 5 19029 7509 21471 17872 8933 21371 5 899 15678 4785 7509 21471 4766 31 13222 12610 7509 18376 3584 5 
21 28 28 4 28 28 28 7730 28 28 
15658 8995 11680 23135 4 14604 28 15658 14335 6256 14018 13909 14469 9 5 8 21 
23 23 23 
21 17515 4 17515 4 17515 4 17515 0 
2371 23135 16468 31 13860 21793 6763 15678 16468 4766 15678 17737 5 8 29 
18476 15678 10405 12780 8406 7914 11076 0 6 
28 
21 7730 4356 7850 23423 13359 8 29 
26 26 6 21596 22463 18159 1393 10484 20 21 
21 11561 6 23273 5 28 5 4766 26 0 22615 29 29 29 
8 29 8 29 8 29 21 
21 21743 12861 5 16066 18494 4 9193 2154 4809 7914 153 5 5 5 21 
21 21 21 20402 28 15658 14335 155 17478 871 6 20402 28 20402 31 17478 5 7730 20402 15138 5 20402 31 23577 4417 7509 15190 18498 14335 7491 6 5741 7730 1421 4 9193 19310 2727 7850 20463 21364 7914 14336 31 12861 22327 5 
18525 20688 1614 20688 7914 18475 13727 4 14335 7491 15678 18498 21371 23016 6103 20402 5 21 21 
8 29 21 
22463 4403 19779 16066 22463 17211 14336 4796 0 
21 28 13800 5 28 4 28 28 7730 28 28 20 
20670 15678 16292 6103 2519 20670 15678 18498 20402 7404 6 
21 21 1920 17304 5013 18498 7404 20402 15678 11205 13577 18498 20402 15678 15939 6103 22608 5 1547 22463 20709 11736 18498 17304 794 7850 10530 4 15894 15678 2248 3348 18549 22463 11654 9386 5 31 7405 20402 1547 4766 10985 2253 16066 21914 4 15894 31 13441 20402 10382 21802 7730 14900 20663 22463 23214 6103 14378 7730 21641 5 
12861 20402 15678 13909 14155 7509 7405 6 31 20709 1547 20149 20967 1612 450 16673 21641 5 14539 18498 31 16971 368 20402 13591 4 560 20931 889 31 15952 5 21 21 
15678 21684 4886 7509 28 19668 20 11560 6 23273 5 20670 13598 5 4766 5 3148 560 15678 18498 20402 31 7405 21 
21 13055 16765 18498 7850 28 15678 11617 13914 7730 15678 13098 14767 21596 31 14539 21744 0 
30 12861 20402 22463 11617 7730 22463 13098 
13359 654 22463 13098 7730 22463 11617 
1489 18103 6 873 23016 9594 18498 20402 7914 22463 1995 16673 15144 7730 9605 18498 20402 13278 20 
18533 21282 7459 12861 4766 23135 6 21 
21 15253 6 5150 15678 9943 4766 31 1938 22386 6670 5 5 5 20293 20 
18197 6 3558 2371 4 15253 4 21776 12780 4 21776 12780 5 5 5 21 
21 9980 4 6408 6103 13909 6103 29 28 4 31 23104 23016 12454 9193 28 5 
1393 12755 6103 12834 7730 112 4766 21793 15678 6576 7730 8345 9193 21438 7850 17478 7509 7882 13033 1114 9172 7730 17989 17872 21435 15678 3081 7509 23104 7850 1278 20 
20402 6422 4 9193 654 21776 4766 28 7914 3962 6 6103 21 
21 23135 8995 22385 4290 6103 4672 16404 13359 21 21 17438 15713 21 21 15678 18498 15658 20520 18498 15658 17304 4 21371 4 20402 17606 18498 8918 4796 20402 13359 4 23577 7730 9344 4 17438 17605 5 20244 17607 4 19416 4 9906 7730 2964 2964 2964 5 
2371 4 22261 4766 22463 21684 13512 6981 6 
21 21 19525 6 15425 13311 20402 19854 6329 16404 22463 13310 1409 5 15678 17605 6103 6592 15619 15190 15658 17304 8147 21804 17635 7914 20463 3610 5 31 14425 14031 6103 12287 22463 5758 16066 468 20402 15064 18498 31 13311 20402 22463 2060 17606 4 7730 15658 21582 5064 20931 13311 31 16440 6103 22463 16925 9193 5 7730 6103 18498 14031 17304 9743 12861 0 20558 5 6075 278 1393 5758 31 21793 15678 13598 17521 7730 6252 13359 1393 23167 5 21 21 
7914 21551 4 9901 15678 663 16404 18525 4 7914 871 14924 4 14335 1502 7730 11998 31 13359 5 7914 8810 16404 28 28 4 28 28 4 28 28 7730 28 19668 5 
7730 4 21371 4 9901 31 18928 7509 21684 20 21 
288 18498 15138 10765 13055 21596 20126 7509 16304 18498 19761 7850 2519 5 5 5 
20244 13909 5 6 
23135 15424 4289 9193 29 7730 20463 17812 8995 9193 29 5 5 5 
21 9634 4 18498 21371 20520 4693 7850 5584 5 5 5 21 
10765 5 5 5 15658 19900 20149 8995 4179 5 5 5 
21 29 5 22463 731 1380 18498 19522 6103 22463 12737 1276 7509 15871 6103 28 21048 18498 2136 29 7914 3450 29 2066 18498 
4872 12606 17304 8995 7592 5 462 18498 22463 2066 20402 388 6103 7593 17438 1547 22463 9308 17504 16404 21667 5 21153 18498 31 21440 6103 9617 17508 20402 6103 1583 29 7730 18498 
18476 15678 9308 20402 9790 7914 22463 2066 5891 31 4245 6103 19604 31 12313 20402 6103 29 5 7070 18470 31 17875 7509 2066 8995 7592 20149 15678 9308 6075 17504 16404 15678 7593 0 
21050 6103 19813 6 
29 462 15678 9224 8995 7592 6103 7730 15658 8995 7592 26 19701 7914 4434 5 7730 15678 9224 6 15678 9308 6075 17504 16404 15678 7593 7730 15400 16404 15678 7593 5 
29 12691 15678 21684 7730 12145 
18470 31 17875 7509 9308 6075 17504 20149 15678 2066 15658 8995 7592 16404 26 19701 7914 4434 0 
18470 31 17875 7509 2066 8995 7592 16404 6103 0 
18470 31 17875 7509 9308 6075 17504 20149 15678 2066 8995 7592 16404 6103 0 21 
10765 18498 1393 12755 6103 9743 19220 9901 7850 28 9594 2976 8 29 
21 11560 6 16292 6103 11474 5 4766 5 3148 9819 
28 13800 5 28 28 23032 
23135 23135 28 28 28 28 28 28 28 28 28 21 
1022 9193 21810 12939 5 
26 20500 15658 22 26 26 20 
21 2928 6103 5243 20 8 29 
28 4 21793 20855 7509 15190 16404 8956 7576 20 21 
8840 15678 13730 9901 17989 20 
13033 18498 15658 20402 17438 13923 5 5 
21 11560 6 23273 5 28 5 4766 26 0 22615 29 29 
14425 19699 7509 28 20 15678 21 
21 15005 21282 8503 6103 11462 6 
4229 15678 7869 16404 22240 22463 13772 18516 21 
21 21 21 26 26 26 11247 26 21 21 14425 1167 7509 7127 20 
21 15894 8995 15678 28 28 4 28 28 0 21 
21 8995 20244 28 7914 3962 4 9193 15855 22463 16620 7509 9193 5459 5 5 5 21 
21 23135 16098 15678 4092 7509 17176 7914 18376 6103 28 6 288 12094 7 
12780 1393 20497 6318 6 9901 21189 18498 7847 5219 20402 13909 12094 7 
12780 7914 16083 20497 4 31 13759 201 6 7730 23135 15658 19900 6650 4796 20402 3058 20 21 
21 10765 3086 4 15533 3086 4 2510 3086 20 21 
28 28 28 28 
13098 
3488 7509 14049 31 13759 6103 22760 6 
1341 
15678 21471 18498 9594 16404 23135 6 
21 19385 7914 30 11617 17438 1114 1393 14307 5 28 4 29 
417 1393 15102 5 21 
20402 2727 892 16673 15253 6 
21 6408 7509 15533 23029 4 23135 4785 31 20369 20463 1097 7914 4023 6 21 21 15678 9858 21 21 7730 15678 21 21 7914 2530 28 21 21 5 5 5 21 
27 
6 
3031 6 
10765 3086 29 6 

