21 28 29 8995 4289 4 8995 17714 0 
22657 21 
27 25 
21 22215 18498 14156 9193 12319 4 18476 9193 5590 2116 6103 873 18498 21596 21525 17438 1927 5 21 
21 7730 18476 14466 8840 4 15678 9975 20402 740 14425 20 21 
27 28 8 29 
17797 13539 19954 7509 28 12526 12960 5 27 
21 15678 5 5 5 
15678 10259 14076 21 
17438 18498 23135 15658 2322 18476 20402 16647 7251 7509 9193 3930 0 20 20 20 20 20 16404 20 
18533 22805 18910 7509 15091 6103 26 
15678 3031 9901 21793 1049 9193 15678 18498 22657 20402 31 12551 14149 7 3439 3510 3031 15932 8285 
21 18476 12780 21596 9010 4331 18498 7916 4 23 28 26 0 0 
4331 18498 7916 1553 8386 30 21 
18525 15658 20149 13325 0 
21 21596 22463 1095 15505 18498 22657 17438 14667 20 20 20402 15671 7850 28 20 20 
20244 22834 7850 3790 26 21 
21282 15658 8386 18525 15658 18533 29 
10957 15604 17872 8644 12986 14487 26 19822 4315 
288 15678 18584 20 3472 17819 
21083 2824 20 
21083 2824 20 
21 7730 15678 10405 7850 2601 0 20 
16944 8847 21 
21 22657 31 16689 20 
30 21 
21 26 0 
26 21 
21 15658 6075 17872 9901 1920 22385 13667 7509 21932 8 29 
26 13462 4273 28 21 
16404 15678 6722 7509 10796 16404 17667 5 
4229 31 28 17872 28 11462 20 
21 20644 7509 7127 6 9431 14604 15699 7509 21446 6075 4796 9365 13195 16404 14425 8388 5 
20060 5763 21 
21 28 4 13909 22463 6072 21266 2727 10461 21 
21 9867 21189 16404 15576 17930 20 
28 21 
21 15658 21282 17511 11731 21362 6141 7509 9296 28 4 4796 21371 6103 15671 970 18498 17736 7850 2154 31 20931 9201 7730 5472 20670 31 18006 7509 19283 3365 6103 4416 5 21 
21 10765 4 22327 8995 15138 23556 20 21 
21 9193 15658 19900 18481 19972 6103 2717 21596 7850 28 4 9193 7850 22657 7509 28 5 5 5 5 4289 6103 21932 20261 21 
21 26 11617 26 4 26 20 
26 21 
21 12780 8386 22463 16971 6981 0 20 
7331 12780 15658 12780 21 
21 22463 10964 6103 22895 7730 16083 6103 26 28 11115 5 
26 1549 15585 23394 7850 13539 7509 17298 21 
21 26 4 8995 14335 20901 4 21282 17304 20 21 
4672 7509 22942 
21 7509 21266 21 21 15253 4 23135 15658 8995 14335 8386 21 21 5 4796 15658 1027 21389 873 1920 0 20 8 29 21 
31 4672 15658 16404 6103 9773 17438 1614 5 
21 288 18784 7188 238 18498 871 21 21 1097 21 21 13055 15658 20402 1920 22385 18195 4796 23135 288 18498 20402 4 9193 9743 15678 18498 4 4289 22463 11518 18498 8125 15678 19924 13749 21282 16673 1103 18498 20149 9743 31 7558 5 10127 5 21 
21 3807 4 18498 22307 11532 20402 8956 0 3807 21282 15678 10259 8386 23 21 
21 17438 8956 9193 15658 8840 4 29 5 29 13098 0 0 20 6073 31 17556 12861 1614 23029 15084 5 28 26 14604 2689 31 10273 15658 753 4289 9193 29 13098 15658 18533 15084 21 
21 18498 21340 5459 7914 9193 19972 6103 19592 0 17438 9721 4 26 31 26 5 21 
21 20559 5 
28 19854 6329 6820 21 
21 8329 12861 4 31 28 15658 16404 6103 14335 21187 8 29 23104 15678 14196 28 21 
21 15658 16765 14604 12787 5741 22385 6418 1920 5 6103 22463 1249 17872 5980 15678 28 20149 20402 7914 18553 6103 20209 4 7337 7730 8987 18498 15658 16098 4 9193 18498 9193 4328 17458 22327 15128 7 23135 8995 13909 951 7509 18498 9193 4 9743 5942 4 12780 1190 6103 3906 4 7730 9980 8406 16404 15678 29 5 10959 6103 19140 1614 4796 21793 15671 8995 9808 7914 9868 13909 22463 1249 7509 20463 1247 7730 1575 8956 14764 1276 6103 12780 6246 16404 21932 5 18498 23016 22463 15604 9692 12222 17836 16404 22318 4 4766 15619 3611 31 5174 7730 7940 7850 11020 2635 18498 8995 17438 23016 5 1027 15138 23135 4 19900 18498 9193 9634 20402 13909 22507 21371 16673 20931 9388 7914 9193 22942 5 22463 9808 1247 14604 12787 4086 4 18498 13055 15658 21596 3790 6103 22385 15619 1920 5 
26 26 8995 13909 951 18498 9193 29 21 
21 7726 201 6103 23029 26 5 18610 29 4 29 17438 3393 5 5 5 
20244 17737 13945 23151 22730 21 
7730 31 23167 6103 9743 12861 0 
21 21355 15658 20402 3702 4 9193 8840 22463 7127 17304 7662 21389 16918 18481 7847 5 21 
13909 22463 21266 12094 6103 2717 7914 29 1249 20 12094 20 20 
21 28 4 1614 15678 12960 7509 20144 18498 22318 9594 5 21 
21 15708 31 21793 18498 8995 17737 7914 13909 22463 1249 7730 1393 18498 14018 14469 4 20658 7730 13481 20 26 26 28 20577 8995 18381 21 
21 21 21 28 4 7509 18498 23135 21596 13909 14378 0 21 21 
21 21 14604 14378 20402 6103 1027 7730 15658 20402 28 5 21 21 
14425 21266 6103 21793 20 21 
1575 8956 3564 20 20 
17872 18525 9743 13040 6103 14924 16404 20149 12853 22463 17556 7509 9201 7509 15190 13761 20402 5 
21 20149 6400 6103 22463 9634 5696 11686 31 9193 4 2136 22657 31 16689 18506 22463 17972 6981 5 21 
12577 
21 20559 12094 20 8995 20402 31 13873 17438 22126 7509 7661 4 22126 9010 12094 17737 16404 18525 20402 1409 16673 28 20 18525 7491 4 5459 4766 15678 16517 20 20 
2136 9193 13480 16404 15678 16517 9193 368 21 
1540 31 15658 9743 4796 15678 28 14116 5 
21 14604 28 4 11462 15658 8995 10544 5 15138 9130 7730 15138 20924 5 4796 20149 15658 2626 871 4672 3510 7914 4434 7509 22954 7509 3906 4 4289 7914 3962 20244 31 4276 7730 20244 15502 17872 155 5 5 12780 21810 7850 5505 14539 5 21 
20558 1920 5 
21 30 1495 6103 15576 6011 4 28 9193 380 20 
26 16967 26 26 21 
22463 2367 18498 10795 12277 18824 17504 6 6103 
29 1249 6103 2717 18498 17304 16866 9193 28 6103 11462 20 
14425 2510 26 20 26 26 
21 15658 17629 22805 15678 23222 21793 4 9193 8329 11284 18525 288 18498 21793 20402 11570 15643 17769 4 11284 16083 18498 20149 17703 13909 7914 753 22463 1393 16083 5 
18197 6 8956 22202 20833 8995 11532 19703 5 21 
15658 9387 4672 22385 16816 4796 8956 20 26 26 26 
21 9620 17556 28 17872 20931 22915 16816 4 9193 15671 12780 5360 20293 17438 16936 4 7730 13030 4 15658 20402 28 0 7 21 
21 14425 10343 6103 3770 6 21 21 21596 22327 18498 1027 7730 21932 15138 16404 21596 13909 740 21 21 
27 20497 20 21 
21 16323 2336 18533 4 22318 1027 15138 5 19900 18498 31 20304 14335 8361 31 1027 31 16971 4 20402 5764 4766 31 20644 7850 22942 7730 4 17836 4 20852 7730 662 21793 15678 28 5 472 31 22760 7509 3031 21 
21 17872 6750 4 15678 14425 14924 20402 6075 1612 5601 7850 204 5 5320 31 11518 5 21 
15708 20304 15577 26 28 
21 15855 18498 14245 4 28 20 21 
9193 15311 8995 7850 16953 6103 22043 7509 19773 16404 15678 18776 5 20126 3928 6103 1114 
21 20149 9743 13909 10268 4 9066 5 
28 19972 2241 10648 14736 22507 16816 21 
14335 20357 13909 7914 3962 5 19972 2241 28 30 16179 
21 24 28 26 20 
28 26 26 21 
21 28 4 16393 2136 15678 13299 28 7 21 
21 9387 8057 14425 17872 20149 21932 0 15658 4 15658 20402 0 20 
15995 20402 28 16474 21 
7730 8956 28 9193 846 20670 15678 22307 7850 28 0 20 28 28 
21 21267 4 12780 9417 17872 22805 7850 18498 6075 5 21 
21 25 4 17596 21793 15678 4491 9193 21596 18476 5758 5 740 21596 30 21 
21 26 26 26 26 
26 28 21 
14145 20 28 15084 28 16179 
20149 13688 12787 20 28 7730 2371 0 20 
10122 7850 7166 20 
28 15061 22463 10273 7509 2301 16559 7914 29 5 18784 15678 22307 6072 23523 20402 2727 13909 4751 7730 3086 18476 4843 2126 5 2136 15678 6014 20402 13909 4751 19703 5 
21 24 3805 4 28 
28 21 
28 20402 3170 20 
14604 21291 5 17812 26 26 15256 19983 
21 15458 10405 4 14425 4672 20402 21596 873 17438 16936 18498 19900 9743 15678 3031 13909 10962 7509 15190 20 
3031 6103 4130 3674 10405 28 10942 9634 21 
21 9934 16404 8406 7850 9145 5 15658 4 8840 5 5 9009 17090 26 29 29 9922 20402 28 21 
8840 18498 12861 17511 18779 22463 7509 20463 20826 6 
7730 15678 7127 13923 4809 5 22307 20879 15658 12780 21596 18069 18533 15084 
21 7730 8443 4 18476 14335 20357 3450 22897 13909 17868 16673 14604 9146 4 23016 8956 11076 7730 6146 2084 20931 19814 6103 21932 5 
4289 6103 11076 21 
26 5 10115 29 22 20539 26 26 22338 11943 5 
20825 18498 8995 21932 5 12780 16630 11518 9500 17438 12861 5 
28 20 
4796 18498 31 8057 5219 20402 3450 22897 13909 12378 0 20 14196 26 
21 21282 15678 10943 7 
28 20673 26 21 
26 26 26 26 26 26 26 26 5 
21 9193 18498 4672 3058 21932 7914 8057 12910 20 8 29 
26 26 28 26 21 
28 20 20 15855 12861 
21 16404 15671 4 14532 22765 20402 6103 14856 5 21 
21 22463 16971 14335 22126 22463 3929 5341 22463 1392 7509 6508 6103 20463 3439 4 22463 17424 5 9193 18784 10959 6103 753 4 9193 15678 3439 15324 10273 16393 31 3439 18498 9193 2336 5762 4 22463 16083 7509 23113 7509 5057 4 20244 5320 31 20257 7509 3439 18498 16933 31 9193 13858 5 20402 11886 4796 21596 10765 18498 5219 11649 7730 8147 3450 18737 6507 16404 15678 7589 4 21282 8840 18498 15658 8414 31 26 28 18498 9193 2336 5876 16721 20402 15678 14539 7509 3929 5 21 
21 20149 15855 16404 9010 10273 4 22805 18498 15658 20149 22092 1453 6103 22463 10672 13512 5879 20853 22318 13325 1453 6103 14924 12222 5 31 10273 15061 4766 18525 9193 13909 14335 20357 18779 4 22463 17737 18498 14335 21187 31 3450 20207 5 1027 23135 17438 13909 13688 18498 9193 20402 21582 6355 12861 6103 22463 9790 21 21 10138 21 21 5 21 
20402 15671 14539 31 15127 17438 866 14425 5 
21 9193 4 20559 12094 20 21 
28 20 20 20 20 20 9743 22463 17872 9193 20 8 29 
5763 7730 21223 3450 22897 13909 18195 7850 5528 7509 16972 
1453 9193 20826 
1612 16375 7850 11518 13909 7188 17872 20149 13398 5 
15995 7509 9193 15253 21596 15678 14425 8051 7509 15190 5 
15604 23221 8147 7850 14336 7509 14600 5 
21 16404 18069 1393 20463 21739 4 16169 4 2336 7730 15678 19508 7509 9634 18498 19784 5 21 
21 21793 15190 288 31 4672 13909 13512 20149 19937 16673 16083 4 16673 20558 9707 6318 20402 20463 1095 5 15678 17877 4 7730 20293 20402 4 20402 18481 31 8637 6981 1095 5 21282 17769 2031 17872 15658 8637 1612 18498 22318 9743 8840 17438 22463 19484 11284 13909 6103 22463 15266 15678 3790 15643 12780 20149 19937 17438 22318 5 31 22942 18498 22318 21596 20402 23577 4 15658 31 6928 4766 873 18498 10959 6103 20402 4229 6103 11663 5 21 
21 19969 7509 9146 4 7839 18498 14335 6396 4766 866 5 
30 28 21 
21 2371 20539 23 28 4 7957 12910 20 21 
11617 22 13800 26 26 26 12863 26 20 26 
8995 2371 28 31 9433 5 
21 21 21 18498 15424 1614 4 15658 20402 0 21 21 21 
21 26 4 11617 26 26 22 18740 26 31 26 
26 26 14335 7850 26 4 11617 26 
26 26 26 11617 26 
26 11617 26 7509 21776 26 26 7509 21 
15678 18498 9620 9743 0 7730 18481 1393 21932 9975 17872 11898 0 
21 20402 4894 18476 20463 5574 8995 16630 17872 22318 22463 14924 17872 6564 5 288 18498 15658 21282 9193 4796 15138 10765 18498 8241 15678 23575 20262 6103 29 4 15658 16404 7914 18376 5 20402 11895 4796 11076 7730 16346 4 22336 7914 6202 31 9193 20127 4 20244 5320 4766 31 19814 7509 14307 13909 3698 16066 9102 4 7730 31 3348 12004 4766 15678 9146 7509 20463 20826 4 20402 1570 7850 8057 7509 20463 20826 4 8956 1268 16673 20463 17819 5412 6103 9146 1926 4 10447 6103 21793 3332 7730 16633 18498 8995 7850 14336 7509 3610 5 15658 8918 7509 18481 5320 15678 28 16404 31 10548 4289 5 8235 4 9193 15643 23100 22463 9707 22385 6470 1920 4 7730 15424 368 4796 14335 14096 10010 7730 10259 5 
1471 7509 9574 8241 9010 17877 184 7730 6103 21911 9620 6103 19456 4 1471 6075 2087 4929 15678 18498 871 9605 6103 21 21 8838 21 21 4 21 21 1114 28 21 21 7 18525 5484 4766 31 28 19900 15678 18481 17931 7730 5498 18533 9193 753 4 7730 15671 970 9193 14096 15138 22507 4 5105 5 5219 740 11680 22463 17556 15678 9103 4 31 7594 6103 3393 7730 871 3213 4 17458 16721 7850 13441 10366 1393 20262 18498 21 21 15658 201 8329 12701 12897 6103 29 21 21 4 12780 20402 22463 7509 14426 23111 17872 20149 11139 7850 14453 5 9193 20402 4894 18476 20463 5574 8995 16630 17872 22318 22463 14924 17872 6564 5 5 
28 201 13640 12861 23575 20247 21 
21282 17629 7509 2824 7730 6103 22463 9574 9146 18498 8995 31 29 14764 7509 9193 3962 5 
21 20402 21282 9193 18498 288 22463 21911 6576 17872 18525 2635 7730 5219 22463 22640 6103 9146 7914 14196 7914 22463 8057 17976 4 9193 18498 8995 6670 7119 31 17908 7509 1927 16404 31 7534 7509 9146 0 20 20149 11284 13055 22463 16346 17438 5320 6103 17390 7730 654 22463 16346 7509 28 4 20402 23556 18498 31 20481 6103 9146 7730 15678 19481 17629 21810 21340 7318 22540 4 17324 8057 15658 12780 238 15678 12760 7509 9146 7914 12897 6103 29 20244 15678 5415 1926 5 
21 21 14469 1393 10474 4 7528 7730 970 7509 28 
14443 7509 5166 7730 5858 7509 28 19589 7914 29 6103 12897 6103 29 4 23213 7509 6086 17797 16404 31 12576 12996 7509 22495 4 7319 31 20644 7730 19450 15678 18498 20202 6 
29 31 19354 6103 2154 16404 9979 7509 20262 29 29 7102 20402 7818 20402 7509 28 4 31 16440 7509 7127 29 6103 12897 5 7528 7730 970 20402 4958 20670 15678 13621 6103 2154 15678 13909 3207 17521 16673 4821 6103 10999 5 
29 15678 12760 7509 2154 7509 20262 29 29 7102 20402 432 2136 18498 20402 2037 31 20214 7509 3633 16673 23567 4870 5 
29 13905 12301 20670 19191 7509 2060 7163 7914 10999 7730 18420 20402 15940 4958 5 
29 3962 31 12576 15658 20402 19617 17438 6152 12996 4 31 28 14984 4 20402 7509 22495 4 22463 11111 6103 10472 7978 4 5879 5322 20402 1132 7480 7 15678 5323 17438 14336 7879 8995 14096 5 
29 23016 20402 20762 18083 13026 1393 7284 7914 9370 7730 1393 19194 16404 10657 31 20214 16533 5 
8995 17737 6 
17923 5 7614 5 28 28 28 
17924 5 7625 5 28 28 28 
17924 5 7625 5 28 28 28 28 
17924 5 7625 5 28 28 28 6103 28 
17923 5 7614 5 28 28 28 28 
17923 5 7614 5 28 28 28 28 
17924 5 7625 5 28 28 18670 6103 28 
17923 5 7614 5 28 28 
17924 5 7625 5 28 28 17125 6103 28 
28 16811 28 
17924 5 7625 5 28 28 28 
17923 5 7614 5 28 16811 28 
17924 5 7625 5 28 28 28 
17923 5 7614 5 28 28 28 
17923 5 7614 5 28 28 6103 28 
28 5947 30 28 
17924 5 7625 28 28 28 28 
28 16811 7509 28 
17924 5 7625 5 28 28 13817 6103 28 28 4 
20663 31 17757 7509 17923 5 28 7509 28 28 28 4 6128 7509 5166 5 21 21 21 
21 17511 21596 4181 6103 18498 29 14335 22126 2625 21189 7730 5204 5 6408 7509 21546 4 18498 23016 31 3558 6103 29 5 8406 7850 8057 28 7509 14196 12984 5 22575 4 8386 15678 20352 6103 13471 4766 22463 14506 18772 4 4552 18772 7730 14443 14149 5 14606 4766 11029 4 20402 449 20 9193 15658 20149 8918 7509 9574 31 3348 16673 20262 16784 4 4766 14307 22385 10795 18481 9431 31 6223 7509 18498 20420 14196 17872 22942 7509 16971 4 7730 22463 20262 18498 15643 17736 22463 11076 22385 18195 1920 5 
13325 18498 9634 7730 1097 9743 31 20931 16440 7850 11454 4 17649 15678 1249 4766 21389 4672 3058 4 17649 20463 5528 7730 4935 18498 15678 20853 20402 15678 14425 11998 16404 18525 6679 20825 7730 18779 5 20402 17438 7847 18498 9193 5284 9193 10547 4 10268 6103 23167 4 9193 16135 7730 9193 5204 7 20402 17438 7847 18498 9193 662 17438 13909 22463 1249 15604 4766 21793 9634 19589 4 16673 18780 7509 14604 9146 5 
22667 3450 2700 4 134 4 753 4 3870 4 2136 14539 6723 4 6711 5 349 15138 4672 3058 7850 9193 22942 15459 1249 29 4 7730 21596 13909 18497 28 16404 21623 4766 4276 6103 16067 15678 17737 18498 28 14335 6075 5 288 7188 9431 4766 16192 15678 18481 20402 5523 16404 871 20826 14604 20149 21858 18774 4 9193 18533 6256 19140 14604 663 17438 22327 7730 21793 18498 753 31 20402 18525 9193 20402 5 15138 15708 5 21 
21 26 21 21 16098 12960 21 21 21 
21 17872 4809 2727 31 14049 5 
26 22350 29 21 
19205 20402 15678 17835 15081 17872 18498 9193 14335 1409 3450 22897 13909 17438 14196 8 29 
21776 26 26 26 11678 26 20402 31 26 5 
21 6408 6103 21389 21551 8344 31 20896 5 28 4 1614 12780 31 29 4672 18498 18070 23135 15658 19900 20670 9193 23 4 29 20402 5320 20191 17872 3805 6 
29 22463 20825 18498 21596 6670 5758 20402 20402 7657 7 
29 1471 6103 9193 15658 13359 10833 7509 26 4 15678 16918 18498 9193 13909 10959 20402 15678 28 4 17458 10959 7509 20931 16920 7730 20402 18525 9193 13909 12960 9193 22951 7 
29 472 16098 15286 29 22 20539 7730 31 2510 18498 9193 13909 16098 20402 26 4 288 20311 7 
29 21371 472 1937 20420 9956 29 22 20539 4 20402 13278 22805 15678 9032 6103 22942 15637 23523 18498 349 15678 3058 21481 7 
29 7914 20644 15894 8464 21 21 5320 4672 21 21 4 9193 17658 5320 6103 21 21 29 7914 29 21 21 17438 9365 9046 21551 6103 4436 7914 4436 14764 7 
29 6387 31 4672 13909 2932 18498 21596 14378 4 22463 6281 20402 6103 8230 7 
29 9193 21596 14069 7914 6256 14604 6931 17950 16404 21787 31 29 21793 9975 6103 20247 4 15658 10959 6103 352 21409 7 
29 10959 6103 8985 15678 6193 7 
29 9193 10959 15138 7509 15677 15604 4 17458 9569 17872 3807 7850 11518 6103 9743 18475 21743 6103 15932 15642 7 
29 21596 14069 6103 16468 31 13190 7850 14604 3388 3485 4 18476 20402 5758 14604 16169 5652 9743 12861 4 21282 18498 4766 22463 16215 6103 6383 7 
29 1471 6103 15138 10765 9594 18498 9193 20402 22463 16971 6103 20855 4 20402 7188 9193 238 21916 12862 7 
29 21596 1097 14149 4 22463 9634 18498 1027 15138 7 7730 22327 15678 18498 9743 20402 16721 15423 5 15658 23104 20244 23135 7 
29 22168 20402 15678 14604 15677 7509 20855 7 
29 20474 29 20402 22463 7509 14426 4672 18498 349 7850 1249 4 15658 19900 4796 9431 15678 18481 10959 6981 7127 7 
29 9743 1247 7914 29 6103 12897 7 
29 21596 8908 6103 5758 20293 4 6072 18498 20954 7914 23501 4 20149 21056 13026 4766 15678 3439 4 5758 7 7730 23151 4766 31 14156 21056 6103 11282 7914 3962 7 
29 9193 10959 21389 7509 14604 4122 1341 28 30 29 4 17458 9193 6168 31 21474 7730 8678 20658 20244 17629 15855 7 
29 8406 7850 9574 4766 7124 1249 4 14335 1409 16673 5942 4 7730 23016 6103 3373 15678 17323 4 11216 20539 4 15678 3906 23016 17819 7730 6408 6 
29 17973 31 9193 14539 18498 23151 16404 28 7730 19611 31 3962 15894 16468 31 10548 4766 31 9193 9634 7686 21793 9193 12319 7 
29 8995 201 9193 10959 6103 14335 1800 4 17458 21596 16135 4 20402 8744 7730 18533 9743 15678 14425 18498 17511 7 
29 8995 3450 22897 13909 1409 7914 17599 5590 4 7730 10959 6103 20402 22385 6184 18476 31 28 7914 16429 7509 9224 6103 5590 9193 9193 15658 16468 7509 29 19703 21 
21 16393 18498 15658 4 9193 11020 16440 7509 18498 20402 8678 14335 21858 22463 16971 2625 9808 5 17836 18476 20149 22092 6103 21 21 1097 21 21 4 21 21 4796 2727 21 21 7730 21 21 17599 9370 21 21 5 9901 31 7157 6 21 
9743 31 16971 16721 15459 5857 21793 22897 18498 13480 20463 3919 15084 5 
21 7509 26 26 26 26 26 26 26 26 26 
4796 26 4 4796 26 4 4796 26 5 5 5 21 
10672 4766 7277 2136 31 18876 31 4276 7509 4417 7 7 12094 4796 14842 2136 14539 15678 17343 5 
1114 13905 18498 9010 15658 9387 5 8 29 
21 22657 31 16689 4 12780 5 
26 26 21 
27 22657 31 16689 5097 5 
20559 20311 
871 1542 5 
21 18498 17441 20402 8956 0 4785 13640 15678 1541 20 
15678 1541 21 
21 23 4 9193 12861 22938 20 28 21 
21 8637 15678 18498 4796 6 2519 4 19983 0 28 21 
21 11943 26 4 21 21 26 22 18740 26 29 26 26 26 21776 26 31 28 3789 5 26 22 20539 26 12863 4 26 26 22 18740 26 21776 26 29 15005 20402 31 3789 26 26 7850 26 4 26 26 26 20402 26 26 26 26 5 21 21 21 
9193 7 7 
21 21083 26 5762 15604 7933 4 9193 5360 12430 7914 11104 31 17441 7509 6193 5 21 
20456 15658 20402 20463 5859 5 6075 20244 14378 18476 20402 15128 6103 9586 5 
21 15678 17877 20402 18498 15502 19969 17872 12960 13026 15658 20402 0 20 28 28 4 28 28 4 28 28 4 28 28 4 28 28 5 27 21 
27 
15138 2389 
21 20402 21282 7693 31 3726 18498 31 15286 17304 19363 22463 14924 20463 4 7730 7839 18498 9010 20149 14055 18069 15678 5431 17872 22318 5 21 
21 10326 1892 4 13640 13909 4 28 5 21 
21 26 4 10548 20 21 
19924 8956 28 5 
21 28 4 1022 4 22318 7102 10473 16819 20 21 
20311 20 
21 7914 20402 28 4 18476 4356 4 20402 3919 5 21 
23 
21623 22463 20247 5590 4766 22463 23222 2727 11591 5 
21 9193 7730 31 28 18910 6103 22463 4292 6103 18516 4 2084 15678 9132 7 20244 19900 18498 22463 11303 3510 1614 7509 13131 5 21 
28 12960 26 26 5 19969 6073 26 26 20244 21596 15678 18498 9743 26 
21 26 26 28 28 4 26 26 26 21 
21 26 26 28 4 26 26 26 21 
21 4796 18498 20402 4 9193 20402 7509 14196 12984 0 20 20 20 21 
7730 18476 4289 1393 17406 18498 9334 6103 3076 15678 21858 22463 22280 0 20 
21 733 4 18498 30 21 
28 21282 7509 20402 20 6981 22897 7850 3790 7687 9594 20402 22463 14512 31 15704 7509 3790 5 
21 22657 31 16689 110 20293 22463 14336 6103 5004 21480 4766 9193 16920 4 7730 10447 6103 21389 16154 5 21 
2727 3017 
6103 28 7279 17872 20402 28 20 20 27 16323 28 8 29 
21 9008 4766 22803 4 23 20 20 20 5219 5 21 
21 23 4 16647 22307 4 3906 21094 4 2647 7850 14604 3906 4 6361 17872 288 22640 7850 8968 5 15713 7509 20306 28 28 1027 14604 17738 6103 28 27 3222 4 9193 22657 15138 31 16689 4 288 9312 15678 18498 23135 18533 8 29 5 21 
21 16967 29 9193 9193 20304 
21 3213 8406 15678 16169 6 
15253 6 22126 22463 7066 17438 9721 0 
16169 6 15894 8995 0 
15253 6 23135 15658 8995 22805 15678 7066 7850 20931 10366 0 
16169 6 21776 22805 22463 21 21 30 21 21 1614 5 
15253 6 7730 23135 15658 16765 18498 21 21 30 21 21 20402 7066 0 
16169 6 21282 16765 20149 23135 7491 18498 18533 22463 21 21 30 21 21 5 
15253 6 15658 20402 17521 18498 23135 15643 22805 22463 7066 4 654 17629 9594 15678 15540 7509 14156 17872 23135 8386 15678 18498 20402 5 
2937 
5 5 5 18339 18498 16404 22805 21 
21 28 4 8956 20402 10131 27 21 
21 28 28 9833 4289 23 5 3017 866 17872 9743 12787 20 134 4 20126 20 21 
4913 16066 2769 16066 23559 5 5 5 5 5 
26 26 28 26 
9193 23051 1393 28 6788 11237 7850 19972 7509 2241 15658 17304 16468 7914 3166 5 
9193 23051 1393 28 6788 11237 7850 19972 7509 2241 15658 17304 16468 7914 3166 5 
21 9193 5947 3450 7055 7509 15604 7750 26 4 18498 20402 11641 7850 28 7730 10648 15678 15190 5 21 
15678 19412 7730 9032 7509 26 21371 14156 17743 7850 19972 7509 2241 7730 9193 5947 20 
7850 9009 21223 7509 28 6788 11237 6592 18498 20402 17521 21596 13909 17554 4766 14466 7989 5 
9193 6592 22463 17556 13909 7509 18471 28 7850 9009 18471 7509 28 6788 11237 5 
6592 7850 9009 20214 7509 28 6788 11237 17458 18525 21596 22463 28 17304 12780 13909 13667 4766 21793 21981 5 
9193 5947 31 22521 7509 21480 4766 15678 6788 28 7850 9009 5763 7509 28 6788 11237 5 
8995 5947 31 28 7850 19972 5 
16440 28 0 18494 5 16440 28 
21 16971 18498 5459 4815 9193 18498 15658 16404 6103 9594 16393 18498 18533 14335 22805 8401 15678 15855 4 14604 6011 5 21 
21 22657 31 16689 15658 20402 4 9901 13909 22463 21551 7850 28 0 20 21 
21 18381 18471 7509 10273 4 9193 15678 18498 22657 20402 2685 22463 17556 7730 19698 4766 23135 20 21 
11020 14924 15459 21409 
15138 13512 8956 28 
21 16404 21793 31 14004 17931 4 22463 18852 31 23135 6 9193 15253 20402 31 14425 17931 7509 15190 4 26 0 21 
16323 15253 20 
654 9193 17511 7599 5 
21 26 4 11462 8995 10131 5 21 
21 16718 17504 4 18498 13640 13640 201 8956 21898 20 20 21 
20912 6 4766 11216 6222 20 20 
21 20402 10131 4 20559 10131 2053 11663 5 4289 22463 11518 18498 3697 13909 7509 18498 4270 5 21 
19969 6073 28 20 20 20 
21 23 4 7558 20244 11066 4 28 7730 26 18498 15424 1421 7850 28 4 17872 14335 6256 4766 20126 5 21 
21 654 14523 7914 9008 4 20149 580 7730 15036 5 21 
21 3420 4 2136 8918 15678 15540 7509 17930 6103 9988 5 5 5 18339 18498 16404 21 
21 25 7730 654 0 
20402 14336 5150 22463 16780 6103 22463 1229 18498 23135 21596 2625 5322 5 17438 20855 9193 740 5219 14335 6917 5 
21 17461 4 3222 15658 20402 4 29 20209 5 21 
21 4524 21371 15658 8918 7509 16083 16971 4766 18525 9025 17737 6670 21551 7509 29 21266 4 7730 18498 5360 2136 8443 17737 4 21282 18498 654 7850 9574 5 9808 7127 7509 1095 12787 20 20402 15671 20293 20 21 
21 9010 21409 4 9193 19900 5 9193 17629 19140 1614 1575 15678 7127 17872 19229 21793 8956 21551 6103 1103 5 9808 7127 7509 1095 20931 13077 20 20 20149 15658 13325 9193 22318 14265 5 21 
26 26 26 26 26 26 7 
13317 7509 20202 26 21840 16404 15138 10765 5 
21 15658 16721 18498 8918 6103 14018 15678 16323 16673 28 1393 20304 28 7730 31 20304 28 4 7491 28 5 9808 1247 20 21 
11208 
21 26 17257 9922 29 4 8956 12959 20402 6103 5107 5 21 
21 15855 15678 18498 9193 288 7850 14336 7509 13973 4 28 5 21 
21 19924 21282 15678 15304 7509 14084 4 28 21 
17629 7491 13909 871 4672 0 

