26 2713 
22463 7509 17998 13909 3086 18498 13055 1937 
26 26 11617 21776 26 26 26 20 8147 15291 14452 20 30 29 26 
21 21596 16971 18498 17438 871 15081 31 22942 22463 7127 9193 538 4 2136 18498 8443 17438 871 16083 15081 4 7847 23151 31 9193 22507 5 16323 31 22463 7509 16971 13909 1233 18498 5174 7730 4766 22463 20853 5312 20 22327 6103 14425 11462 7730 20293 31 17819 16971 31 18525 22463 7127 4229 6103 1095 5 21 
21 9193 28 4 18878 17438 9193 8897 
31 22318 28 4 7730 17973 20406 9918 4 
1030 7730 19457 4 
7850 835 7730 7850 22225 4 
7850 20127 7730 7850 7544 4 
21793 15678 28 7509 9193 22942 5 26 7847 238 15812 21 
4796 20402 3058 21596 11020 1097 20 9634 28 5 14425 6284 
23 31 22942 7850 3629 
21 7730 13909 22463 22897 349 20 15603 4 21596 31 15941 6103 22918 17438 8956 15989 18498 14335 8125 6103 15995 7730 14335 4829 16673 21932 14149 18498 18779 7914 13909 6103 29 16587 5 21596 31 11514 6103 9743 16440 6981 11454 7730 21596 4181 18498 15678 28 14156 12894 20402 8918 20 15708 7509 10484 7509 5528 31 21793 31 16971 8464 15458 9422 7730 8815 31 8956 18497 10533 12979 18498 18779 4178 31 15127 7850 20709 5 15708 16673 14924 6103 835 4 4346 4 14378 7730 8838 5 23135 15658 21596 15623 15678 18481 14335 753 31 1005 7730 14335 6728 4796 20402 11570 5 1027 23135 4796 15678 9943 18498 22463 7127 8840 21596 20 11043 16673 11546 7730 3870 12222 7509 16971 18498 5174 7686 8956 22915 20 28 7730 2136 3206 28 7509 21063 20 
26 12863 26 26 20 26 15005 4 11617 26 26 26 21776 26 20402 26 26 26 26 26 26 26 26 26 26 5 12863 26 15101 14335 21776 26 26 26 26 26 26 11943 16105 29 26 26 28 5 11617 997 26 26 26 26 21776 26 31 26 15803 26 26 5 26 26 26 26 26 26 28 26 26 26 5 26 26 26 26 26 15803 26 26 21776 26 26 26 26 11943 26 26 26 26 21776 26 26 26 1631 26 10530 26 28 26 26 16073 17504 26 11943 26 5 26 26 20402 26 26 15803 26 4 26 4 26 26 26 5 26 26 7850 28 26 26 26 26 26 26 26 14335 26 21776 26 31 26 26 5 11617 26 26 26 26 26 26 11617 26 21776 26 26 20 11617 997 26 20402 26 26 26 26 26 26 26 30 26 26 26 26 20 26 14450 28 26 11943 26 26 26 20 28 26 26 26 26 26 28 20 21 
26 26 26 26 20 20 20 
21 20 26 26 26 4 26 26 26 20 21 
26 26 20 20 20 20 20 26 22 20539 26 5 5 5 5 14796 26 20 28 28 28 30 
26 22 20539 26 5 5 5 5 5 5 5 
26 26 26 26 5 5 5 26 26 
11617 26 26 26 26 
21 5671 26 26 14335 26 
21776 26 26 11617 26 21 
26 26 
29 
26 16073 20 
26 28 26 21776 26 26 26 26 26 26 26 20 26 14796 26 20 
11020 1097 20402 9176 20 
21 15658 9387 15502 7850 15190 18498 14335 1027 13909 18498 23135 4 18498 14335 452 4 21842 17438 9193 7730 15963 16673 14604 20826 5 15658 9387 15502 18498 23104 13909 9193 23091 16066 14335 5139 7850 6446 4796 23135 4 9193 6202 12051 5 15708 17438 16721 7914 9193 13909 7509 18498 7914 20500 14539 7730 17438 14335 9743 368 18498 9387 22463 1114 13905 18498 15678 12277 5 662 31 28 17438 7847 21596 8637 23135 4796 9193 15253 5 9808 7127 4 22318 1027 17872 20293 5 21 
26 26 
352 4766 20126 20 20 20 
26 
1103 12221 
26 26 23354 
23 18498 20126 9193 21438 
26 
26 
21 18498 15266 20311 7730 19342 6103 1542 20 15678 18498 17511 7491 991 6103 15138 15708 31 21793 18498 16429 6981 9422 18498 4766 4181 14156 9193 22942 20 15708 31 14149 9205 7730 31 18533 28 28 17438 19589 16971 6103 7176 13727 7509 16587 9193 4766 15678 14539 15697 6 18533 1540 13909 20 
20126 6103 21793 7730 14604 2136 3206 5 5 5 1027 23135 3364 28 28 28 28 26 3859 28 28 28 28 28 28 28 28 26 28 28 14212 28 10615 28 28 28 14185 28 16811 28 28 28 28 28 28 28 28 28 28 28 28 15071 28 15481 28 28 28 28 28 16787 28 28 28 28 28 28 28 28 28 28 13611 28 28 28 28 28 28 28 28 28 28 28 28 28 28 28 
21 18481 1542 4 18481 13324 20 20 13405 22463 16440 6103 3450 22463 6103 23135 4815 20 15708 17438 9743 16440 6981 11454 20 20 26 26 1097 10548 17914 26 21 
918 4766 15678 17753 7509 28 28 20 26 6103 10548 18498 13055 20357 9620 20 
5899 16630 20311 20 26 12780 1393 21468 22657 31 16689 14604 16468 14335 5041 
21 10606 20 20 20 18525 21596 6103 29 31 29 1249 17438 9721 4 17304 14335 753 31 19474 8956 16967 21083 19871 0 0 0 0 0 21 
3488 7509 14049 1393 7850 28 5 5 5 26 26 9146 6103 10548 28 29 29 29 5 5 5 
26 29 20 20 20 
9808 28 31 21793 15678 9626 7730 1097 20 20 20 26 26 21776 26 26 26 26 26 26 26 26 20 
873 12780 16468 15678 1249 15604 7850 19698 0 
28 30 28 20 20 20 20 1027 23135 20 26 7509 28 2656 26 
24 4469 21705 7850 9574 20 20 21705 26 
26 26 21776 26 26 26 26 26 26 20 26 14796 26 20 
9224 21083 12577 20 23016 5174 7730 18779 20463 12571 4766 31 28 22575 
21 23151 11462 6103 22463 9422 18498 14156 17872 20293 9193 22942 4 15708 17438 3450 14924 23104 7730 31 21793 18498 9743 16440 6981 22915 20 23135 5 11617 5 20539 5 22615 26 26 14335 20 21 
28 26 11617 26 26 29 
9193 6284 20 20 20 20 17737 18498 15678 28 14335 6075 20 30 28 26 
21 18498 21743 6103 9422 23135 18533 23104 0 
6592 15678 15190 4766 15678 4419 10883 6 11560 6 23273 5 28 5 15983 5 3148 9128 4419 10883 21 
24 18487 29 20 20 20 20 
26 21776 26 5024 26 
23 15678 3885 5 5 5 5 5 
16468 7850 22491 20 20 20 20 9193 14604 5528 13055 20402 7509 22575 20 20 20 27 21922 21922 21922 26 22575 20 
21922 21922 21922 21922 26 22575 20 20 20 20 
6361 22463 17556 9193 5 5 5 5 16468 20 26 23016 18498 23016 22575 29 
3960 26 7730 3510 
26 26 26 26 26 26 28 
21793 3170 17629 22805 9010 23222 20 20 20 6329 20 1937 20 
10405 6103 3058 26 
26 
26 26 3185 23 
26 26 14506 16563 26 
26 28 26 21776 26 26 26 26 26 11943 26 26 26 20 
9971 6103 20247 26 26 11943 26 26 
4075 30 26 
26 26 
26 
28 28 
21 18498 14512 4 4355 15036 20 18610 5 11617 5 16404 21 
26 26 26 26 20 20 20 20 20 20 20 20 20 
26 26 26 20 20 20 20 20 
21 26 26 26 26 4 26 26 30 26 29 20 21 
21 27 
26 26 31 26 20 27 
21 26 26 
26 28 26 21776 26 26 26 26 26 26 20 
26 26 28 20 
26 21776 26 26 26 20 20 20 
21 26 26 4 26 26 26 26 26 26 21 
26 29 20 
7730 4785 31 4790 5 5 5 5 
21 11678 26 26 26 26 21776 7509 12863 26 4 26 26 7509 12863 26 5 11678 7850 26 26 26 26 12863 4 26 26 26 26 26 5 28 28 21 
26 26 21776 26 26 26 26 26 26 20 14796 26 

