22385 13512 31 4169 
21 21 21 3790 6103 18525 16098 26 26 21 21 21 
8840 15678 11498 3009 15678 28 5 
30 
23 19822 14604 10519 
21282 13359 22821 
21 9808 7127 7509 15253 17872 8956 13647 13512 4766 18525 9193 17511 20293 5320 4 7730 21371 17872 9193 2336 18498 15299 13909 20402 18498 9193 20207 15253 5 15708 17438 22327 18498 23135 20293 9743 7730 740 9743 17438 9193 8 29 21 
21 21 21 26 26 26 26 26 21 21 
15708 16673 14924 13909 14149 7509 9193 22942 4 7783 28 5 21 
21 9193 18533 22318 5174 4 9193 21596 18498 238 4 3391 1393 15576 1114 15678 9172 16066 15678 15658 6075 21 
28 28 
9193 12780 20336 7730 8840 22318 14335 14018 7957 13909 22463 22897 
28 26 12780 
28 28 8 29 
21 733 4 8995 13761 5 5 5 21 
21 21282 21596 31 662 17438 23135 21596 8406 7914 9193 22942 9010 1249 4 15708 17438 9743 21793 7127 8810 5 23135 20402 13520 21 
14425 20497 
26 26 26 26 26 26 26 1631 8 29 
21 21 21 9193 22318 18533 21282 17872 9193 4 4796 31 15894 20402 7509 14133 5 5 5 15658 6075 17872 23104 1920 4 18533 20244 17304 22318 21787 5 5 5 21 21 21 
26 11617 22 13800 26 26 26 26 21776 26 20402 26 26 5 5 5 
21 20149 17304 19474 9010 18551 20402 16404 31 18780 6103 22463 21932 7509 9574 4 662 5 20402 19871 5 21 
21 14156 4796 21596 21 21 18525 20402 23135 4 28 0 21 21 21 
21438 4766 17556 20126 
6 22 
7585 22 21298 26 21776 26 26 26 14335 26 
26 22 18740 26 26 26 26 26 22 18740 6057 11943 26 26 26 5 5 5 
1027 13909 18498 2403 5 
23 
8 29 
21 20402 3086 4 20402 21 
28 7509 28 6 22615 
28 28 6 29 
28 
26 
21662 5 5 5 
7783 28 
21 28 4 4796 15658 13325 0 8 29 21 
21 2371 4 20463 26 21 
28 6103 20634 6103 12301 
21 22318 10343 4 28 30 21 
16468 7850 22575 5 22575 20 20 20 20 20 20 740 15658 8995 368 5 
28 7730 28 6 29 
21 31 11644 654 20402 15781 15678 28 4766 15286 20 7730 18525 5947 10648 22463 2510 4 21596 18498 9594 6103 4796 31 5174 7730 17525 22463 21932 6281 5 
15678 28 28 14335 14018 31 28 5 
2727 4 28 5174 17438 4060 6103 22463 1095 28 4 7914 29 13909 16066 14466 4 7730 31 17819 15286 18498 16098 20402 26 26 26 5 16098 15678 23489 26 7730 26 26 26 11617 26 7730 6408 15658 16367 13909 5 26 21371 14335 753 15458 17889 6103 23221 16673 2510 5 
19969 
22463 15108 5 5 5 
22942 6103 2928 
21 9193 21582 5 5 5 
15855 6103 28 5 21 
10753 5 
4809 5 5 5 
16468 7850 28 6103 20402 28 30 
21 29 20402 22463 3058 1249 5 17302 7491 18498 21623 4766 22463 19979 17504 4 17836 7850 18546 1097 5 5174 15138 10765 13278 7730 18498 22657 31 16689 20402 5174 31 10484 5 
29 20402 22463 1249 6103 7446 951 7730 2447 6 16784 15678 26 4 14604 3439 4 21623 14604 5942 22386 4 16429 6103 22463 17960 12094 5 5 5 9193 15678 13909 11861 18498 15678 350 4 21355 21596 20402 31 16971 5 16971 18498 14335 2272 9010 1249 4 14335 9743 19698 4 4346 4 14335 6137 4 14335 21187 7730 14335 9743 5741 5 22463 7509 4672 18498 13909 15585 7914 29 20402 4796 5741 15658 7914 955 4 12255 4 9193 4796 16971 4 17438 21596 22463 16718 14425 18498 7850 4785 6103 29 5 
18533 662 31 21793 18498 14335 9743 20852 4 18498 15658 14335 6256 4346 18476 9193 18533 15138 12861 5 31 21793 18498 14156 9010 1249 7914 9193 22942 5 31 21793 18498 14335 9743 5741 4 31 18525 15658 368 7914 9193 4 9193 17304 21187 5 
31 21793 15678 1097 4 22463 23570 29 5 21 
15678 26 26 9978 
4809 22463 26 26 5 5 5 
18776 4766 5527 21583 29 6 28 28 
21 8956 15286 4 8956 23222 5 5 5 8 29 
21 21 26 31 26 21726 21776 14335 4 26 22 30 26 26 16073 4 26 22 30 17257 26 26 26 21776 26 26 26 4 26 11617 26 11617 26 26 26 26 26 26 5 5 5 21 21 21 
28 
19768 817 6103 21252 31 15533 5 
21583 26 6103 21787 31 86 6103 26 5 
8 29 
21 17304 21596 9901 14425 0 17304 5 9193 21623 5 
29 26 15803 28 5 21 
12780 13761 15678 
6 29 
22463 7509 23575 10273 4766 9010 10696 1276 6103 9193 19969 7509 8632 5 5 5 8 29 
21 15658 18533 18498 12862 20402 22463 6917 4 9193 16393 12226 5 7957 20293 18533 14096 21793 31 13324 7730 15678 1097 4 31 13905 16440 20149 12780 4766 15678 21551 5 12861 15658 20402 9193 5891 4 12780 9193 6710 4 8147 7730 19052 4 3450 22463 12780 20202 20463 20826 4 871 8995 7850 9574 1249 18498 23016 4 16083 21932 7730 15658 12780 21793 16404 15678 14539 13727 5 18533 4766 9010 21684 9594 16404 23135 1276 18498 9193 538 18498 21793 20402 15138 8810 16404 9193 5 1471 7509 3213 7730 871 6544 4 21793 20293 9193 6075 2727 7730 20402 22507 5 11139 16404 20293 31 19699 7730 15678 3058 14924 23104 1393 13131 6103 23135 5 871 20149 9743 13909 8810 9010 1249 4 16083 8995 4815 6670 15678 29 1249 16066 2136 1276 4 9193 8840 18498 15678 13909 8810 8995 20293 17737 7914 9193 22942 7730 18498 17511 14096 5322 4 9743 871 19052 7509 970 7509 21613 29 7509 28 5 
15708 4 21613 15678 21 
5645 28 7730 28 6103 5738 5 14425 10273 5 
14604 16312 16404 10273 8 29 27 
26 26 18498 
8 29 
13520 6 29 
7730 18525 7491 18498 31 9645 6103 23575 11518 12784 13405 15678 18164 0 27 
21 9980 7914 3962 20 
31 9422 20402 23570 4 5174 15138 16971 13284 4 17962 12577 7730 13055 4785 871 16378 8406 28 5 
654 20402 21282 5360 4766 15678 30 20 20 30 21 
21 15138 12476 6355 12578 7914 16429 7509 30 5 8995 15138 1233 4766 31 9789 4 8995 5174 15138 16971 13284 7730 22240 5179 5 1022 20402 15678 23575 7127 7730 21596 17682 5 5 5 20402 18498 13405 871 4672 0 15678 21 
28 29 5 
21 6408 6103 22463 1249 7730 14336 6103 6189 4 8744 7730 15138 5204 4 9980 6 10211 7914 28 16404 28 5 8956 5942 18784 22657 31 16689 4 21389 16673 5179 15749 18476 16673 16971 18498 5174 5 15708 31 21793 15678 1097 7730 17931 18498 14335 753 15459 5204 20 21 
28 3211 26 26 6 29 
17438 18498 5741 0 
28 26 5 5 5 
28 11943 26 
19857 7730 28 15256 6103 18374 
29 
5645 6103 7851 30 
1631 26 26 26 26 26 0 
21 21 21 26 7509 26 26 21776 26 26 26 0 
26 22 20539 26 26 26 26 26 26 26 26 26 5 5 5 21 21 21 
14521 6103 15002 6 29 
12780 17950 0 28 
26 
28 28 
15286 15604 7509 28 
10329 15604 6 29 
28 28 
27 
30 8 29 
21 11678 11617 26 26 4 11678 11617 26 26 26 4 26 26 13433 26 14335 26 26 26 26 26 0 21 
21 26 26 26 26 11617 26 12863 26 26 26 26 22 18740 26 20402 31 26 5 26 11943 26 26 26 11617 28 18779 11617 22 13800 26 26 4 26 11617 11456 26 26 5 5 5 21 
8995 5947 15678 14604 22637 11560 6 22637 5 4766 5 3148 26 28 
21 11617 26 26 16105 26 26 26 4 26 11617 22 13800 26 26 5 5 5 21 
21 21 21 26 21 21 27 21 
28 7730 28 
9808 7127 7509 1095 17872 23135 18498 5219 713 9193 4272 20 
21 26 28 12863 26 26 4 7850 26 26 28 12863 26 26 26 26 5 5 5 21 
14334 26 28 28 
28 28 20244 26 26 5 26 
26 5 5 5 
11617 28 26 26 26 26 26 15005 
27 

26 
11617 28 11617 26 26 5 26 26 22 20539 26 11617 22 30 7509 5 

26 26 31 11288 26 5 5 5 
21 26 21 21 201 15678 5942 20 20 21 21 7 21 
27 

