11731 31 9801 7509 10474 
29 1249 4766 15138 9032 6 6103 
19456 
9901 4766 10183 0 2685 702 7 
22942 16066 28 0 
21 3894 1097 7730 5174 4 4766 29 14764 6103 20931 2031 23135 17304 753 6103 10211 22385 20558 15458 3058 4060 21 
11474 7850 5695 1614 14076 4229 4175 
21 31 22318 14487 4 2126 4 2131 16066 14487 0 21 
28 28 28 13325 20149 7509 16378 
26 26 
9193 18498 9743 9193 14076 
26 28 9697 
19698 15138 10606 5 15658 18498 20402 15713 7509 15144 
4229 4175 16421 7509 19903 26 
21 733 4 31 10765 15643 19924 4 12787 4 9193 18476 7847 19924 4 31 10765 19924 4 19924 0 
26 17908 26 21 
28 7730 28 12876 5 19224 18498 31 22942 20402 3058 6 6103 
21 18476 9193 9901 22223 4 9193 16367 6103 9901 22223 7730 7914 22897 7384 9901 12094 5 11454 18772 5 26 21 
31 15286 9901 23570 15458 22861 
31 4060 16784 
13793 18498 22821 
15502 20402 16793 27 
21 

8458 2092 7509 28 26 21 
26 26 
26 15605 
23104 15678 19135 
16721 7730 19323 
18528 
1937 16404 15658 20402 15678 18195 11663 31 3510 7850 10927 
15253 4766 3790 6103 12787 
21 9193 22805 15678 10530 19335 15678 16468 
9193 22805 22463 15215 6103 11020 15616 
15678 21551 15658 16367 
15658 16367 4 15658 4 15658 16367 21 
16404 21623 31 15533 6103 10211 2727 26 
7277 16066 8933 0 20202 20931 12689 
20931 7728 201 5 20402 22463 7127 6103 15138 8628 
14335 7995 13909 18498 15138 7630 
1937 7730 19089 5 23135 10959 6103 16784 0 7847 20402 15138 17623 
21 14335 4229 6103 28 4 28 28 
20402 14706 7730 15658 9605 23 5 3711 17934 6103 2532 4 17065 6103 19765 7730 8592 8406 20743 7914 14924 6103 10175 5 472 20853 17324 7847 5929 15138 4672 28 11429 17438 18498 8956 20402 9620 6103 22834 7850 3790 21 
21 22463 7422 6409 
14156 7850 19800 
22463 10959 1040 7850 2988 
7730 31 4181 
6103 18498 15678 23575 7127 6103 7119 
20402 20293 11686 
1393 17819 6103 12897 
26 21 
21 17438 18498 23135 15658 15855 17872 9193 0 23554 23554 
14335 7491 15678 18498 20402 18498 9193 21596 6103 13923 23554 23554 
17438 18498 23135 15658 15855 17872 9193 0 
17438 22305 6981 13347 21596 22463 3790 13278 21 
21 20149 23135 21596 7362 16404 5590 15678 19701 4 31 22886 7509 16083 13131 20402 8852 21 
13333 
21 8956 1249 20402 12545 4 20853 7730 13764 5 
662 31 21793 18498 4854 14924 4815 134 31 21793 23135 21 
5219 7599 7914 16580 6408 6103 22805 12861 0 
14425 11246 6103 19415 26 26 3170 
20809 7730 702 10389 
10907 21776 19698 6103 12897 
21 15678 21021 20402 13909 22463 18553 6103 4901 4 7730 14466 7509 10547 18498 15678 16083 6256 6103 6411 7914 23135 21 
20183 15138 
12787 20149 20215 
29 1249 4766 15138 9032 6 6103 
21 22327 20402 11570 21596 22310 22942 
31 18449 4 31 16432 7730 31 20158 
31 20158 8464 1889 31 10728 6103 13860 21 
20247 14149 
4796 15555 14149 
21 11617 22 30 26 4 11617 22 30 26 26 26 
11617 22 30 26 26 26 4 26 26 15803 26 
26 26 31 26 26 
11617 9971 6103 20247 12863 26 26 26 
21776 26 11617 26 26 26 
26 26 11617 26 4 26 11943 31 26 26 
15833 4 7850 4 7850 26 14335 
11617 26 12863 26 26 21 
21 16404 210 31 15533 7730 6256 7847 13909 26 4 21 
8956 12780 16404 18525 10959 6103 22463 23570 15286 16404 7599 
2358 4766 2501 7730 11033 
12901 26 4766 8008 1892 
21 31 7407 6103 22666 4289 31 21340 17406 18498 16971 7309 20402 5241 1807 4 15678 14876 20402 22805 4796 7378 7730 15678 18498 15658 20149 19283 31 14880 20402 21440 6103 8780 5 20402 2265 7730 21596 4264 23029 15806 16972 5 16066 31 5765 9743 16440 7509 18828 4 16066 20402 22463 14577 31 2780 5 5 5 21 21 
28 28 21 
15658 20738 17438 1281 
20749 15299 5143 
23174 7850 28 10606 
21 17438 18498 15658 20402 1920 1393 12755 6103 947 0 
15138 14425 21 
13324 6103 22463 21551 18498 15658 23104 7730 12255 15658 12780 23151 
21 22667 13909 31 9604 18498 15678 21021 
21 21 15299 5371 4110 15678 21021 4 9193 20402 13909 11861 17769 2031 7850 20931 9604 21 21 4 565 28 28 4 10475 7509 28 5 16404 7847 4 7099 1540 4766 15678 8561 5 1920 4 20402 17521 8561 14466 7730 4788 13909 5 21 
21 10606 18498 8995 7914 4 26 22 30 7914 7521 17438 17807 6103 22463 5 
12861 20402 15138 3058 21 
21 28 20931 13512 4 17458 23135 20402 22385 18527 0 21 
15894 4913 8956 12960 0 
15138 2389 
368 18498 7847 20402 7509 23523 18498 18476 866 20149 18506 15658 20149 12960 20402 9193 20539 5231 
14149 5 15658 6256 6103 23051 
6 
1190 7090 17458 13055 21596 17758 
21 17477 4 15643 8995 1271 18481 1393 7127 20201 4 17324 15678 7127 20201 21596 31 20931 18191 1268 5 2631 31 3450 7127 15678 20463 18191 13923 5 
23104 3450 7127 17324 20402 23577 4 7730 9743 15678 14539 1022 5 1920 31 1268 7235 7730 23135 23104 13909 9808 21 
5590 15458 21551 20402 14149 
5168 7914 28 20879 6 6103 
21 15138 16162 17438 5943 6103 15964 17324 368 18498 15678 16468 6103 12301 20402 15138 11861 5 9193 21596 20539 20931 11868 4 9193 17629 16098 21371 13359 31 14307 7730 21187 4766 21389 5222 23204 6 6103 21 
29 
21 3894 1097 4 17438 17877 22386 1614 7850 28 15658 8995 5219 5074 4 9193 23016 662 31 21793 18498 14335 6679 9801 17438 14604 1247 4 9193 18533 18498 21596 9801 4 16580 4 1114 7914 21793 15678 28 7730 15658 21282 7850 7127 7914 18498 9901 13909 22765 4 6670 13055 15138 15708 7730 136 6 6103 21 
6 6103 
21 6256 9594 
18481 13909 15678 17563 4793 
13909 2156 9193 2149 
13909 9193 9901 17426 
18481 13909 20954 15678 14604 11626 
13909 2156 31 9193 20855 21 
21 13903 
13055 8995 7850 9975 
15678 18498 20402 15671 560 
20149 13055 15658 9193 22805 13909 
8995 13667 6329 
13667 6329 21 
12675 31 26 
3610 16404 4809 2727 31 20247 
10606 18498 10959 6103 2358 5 31 20508 8995 9743 17998 8258 5 15658 20402 28 18498 9010 20402 22782 17998 8258 
8995 5947 15678 14604 22637 
21 26 26 26 26 11617 26 15101 26 
26 22 20539 26 26 10859 
7585 22 21298 26 26 26 12863 21776 26 26 26 26 
26 26 26 26 26 12863 30 22 21298 26 21776 26 
26 12863 22 20539 31 26 2836 26 
26 22 20539 26 26 10859 
26 10859 21 
21 2031 4 16972 3059 7850 
28 4 21810 5876 4 13359 17438 9721 7 
2322 11861 
1097 7509 28 5 5 5 20402 15138 13948 15678 
18498 8995 9743 20 6592 22463 5 5 5 
4672 15604 5 7847 16647 31 20931 10273 7850 
20463 15198 7730 15678 20463 15540 7730 5762 22463 
15604 5320 7850 28 5 8443 7847 
16630 1393 20463 1097 16404 435 
7850 5 15678 20463 1097 16721 18498 20402 23135 
7730 238 5 6981 14924 7914 7148 
7847 17304 8678 7730 17525 15678 18498 
18533 4766 15678 20463 15540 5 21 21 17438 9721 
15658 238 22463 20207 16630 
6103 1103 7509 9193 16440 5 9193 21282 
21596 22463 5320 1097 5 5508 9010 14469 7850 20463 15198 16404 14096 
15678 16083 12296 5 5 5 9901 
2027 5 5 5 5 15658 5960 5508 7730 4687 20 15741 6 5 15658 20402 4854 4 20402 5508 7730 4687 5 21 
21 7914 15260 4 31 15144 4346 8406 29 31 29 22898 17438 1249 5 11474 4346 2136 29 22898 17438 1249 5 21 
19089 
9971 6103 20247 19425 20402 22463 4672 14149 
16169 21083 13278 6 6103 
22657 28 17438 15061 8956 13512 15286 
8995 15138 2727 9431 31 9193 20644 
28 28 
28 28 15424 15678 28 15658 9743 12861 27 
21752 31 19676 4846 2359 3906 31 16440 7509 16102 7730 22463 9442 
21 16440 20497 7509 28 28 5 27 
14425 1937 866 13909 12534 21 
16200 7509 10475 7509 17478 7509 10487 6 
13616 21083 13278 5 
21752 10959 4766 8956 22356 2389 
22463 10673 6103 29 1249 201 6103 14335 16836 20149 9193 20402 15258 27 5 2371 7491 18498 15658 5 7914 20202 7847 4809 31 9594 15678 18481 15678 2022 1614 6103 7730 19854 27 7847 9010 4766 15678 3192 8275 7730 17629 6103 16043 21371 5 2136 31 5758 19900 18498 15576 20446 18449 20402 6215 
21 23 7594 9193 15658 22318 8720 13909 5 
14487 31 7594 20402 15138 21331 27 21 
8840 7509 29 6 29 2136 31 29 6 29 7914 22463 11543 16404 22463 20558 5291 20402 22463 22834 5 9193 12861 20402 15558 16404 9193 3172 5 7730 13909 22463 7055 15658 21596 4585 10793 15424 14539 9193 11543 16432 
28 28 28 28 16811 28 28 28 3996 28 28 28 8995 4766 23135 27 
9975 6103 20247 14149 5 28 14149 4766 9634 14149 27 7730 18498 21793 5179 490 7509 28 17511 20402 10041 7730 9368 7686 9193 22942 
13325 7509 20463 5754 8329 23135 740 20402 12979 
15253 4766 3790 6103 12787 
10775 3058 
15658 20244 4796 9193 8474 27 
29 29 13055 13055 8995 6103 23151 5 29 13761 12780 9193 
4331 18527 4766 
21 13055 7850 14604 3962 20402 6 
17819 9169 29 28 
20207 9169 29 28 
21613 9169 29 28 
2371 20539 7847 4785 31 1421 27 21 
15658 21752 20931 15955 6103 7301 6103 9193 5 31 9975 21793 21596 15678 7277 6103 16721 8561 
4372 7509 28 
21 31 9801 6400 7509 7419 7914 18498 23135 20149 8147 7509 20463 5754 5 5 5 
19089 15510 4 23135 9010 9808 15459 14924 0 21 
3058 13324 6981 4277 
19229 22765 17535 9193 18498 740 20402 23204 
7730 12094 4796 22463 5947 5459 4766 22463 16971 17304 22126 31 21818 21389 13324 5 
1097 16404 1233 20293 
20402 12094 4796 22463 20558 1995 6103 21810 22463 4331 18527 17304 22126 21389 13324 
8956 30 30 30 1614 6389 
21 3058 15533 10606 18498 9901 4 22463 23570 20247 31 21793 23135 21 
9193 8995 13909 9808 14539 15036 6103 7594 
21 18481 22898 13749 6736 16673 835 4 16673 9801 7730 6103 19324 7847 9193 23016 9193 28 7509 16580 5 21 
18525 18533 21810 22463 4331 18527 4815 0 
13606 6103 22942 16404 21793 15671 
24 
20402 20293 1920 
7914 11477 1393 7127 7509 15144 12780 14335 2087 22463 7558 11518 16404 19969 11462 6 6103 
21 26 26 26 31 26 
11617 22 13800 26 26 26 26 26 
26 26 26 26 4 26 11617 7509 21 
21 20149 20402 16404 22129 14577 4 9193 12780 22129 31 13909 184 4 17458 20149 15658 2046 31 28 4 9193 264 31 9094 5 26 28 12876 5 28 21 
8995 20402 22463 7509 4672 18498 9193 7102 21596 1540 1276 8361 3365 10476 15260 27 
14425 740 18476 20402 31 7509 28 6103 28 6 6103 
28 28 
9808 7127 7509 9193 22318 1027 9193 4796 1095 
8995 22564 15678 1488 10797 9983 16404 14096 15678 5426 6103 9193 9988 16972 20 14096 15678 5426 20670 15678 20463 7251 21371 20 2442 13055 15678 1488 7850 28 17257 6 
13033 13033 0 
8503 26 26 5 3058 13324 
21 18476 8241 20644 7730 17877 7686 9193 5947 22942 4 20813 15678 1506 7730 11998 7509 22823 1097 18498 9193 10252 4 662 31 21793 8956 1097 18498 14335 6075 5222 23204 17324 7847 18784 14335 753 7730 5360 31 753 31 16468 16673 21551 7188 4 22463 10259 134 31 21793 23135 7730 9193 22805 13640 13640 6 6103 21 
1027 8956 19635 
8995 21842 16404 18498 8956 12301 20402 9608 6 
21 7914 18498 16066 7914 18525 23135 16721 18476 13325 7509 16192 
21 21 6141 22 22 
19089 21 
2700 7850 15880 16404 15678 18855 
21 20149 15678 21500 21787 4 9193 13055 19900 14539 18498 15658 20402 23135 21 
21 9387 22463 9155 18498 5320 4796 28 28 8995 22918 17438 23206 22516 16404 9743 20931 9632 1549 20670 31 21592 7509 19212 5 22463 7127 18476 28 8995 31 3610 16404 1547 31 20931 21592 7914 13909 22463 7509 22516 4 15678 20463 15092 9594 6 21 21 7614 5 28 4 9193 13055 8720 31 20931 1549 20670 31 21592 7509 19212 13909 6103 29 22898 5 9193 18784 13055 1540 7730 6168 3450 16192 7491 7914 20931 13606 4 7730 1522 18498 9193 14539 5219 1547 5 21 21 28 16721 22463 17556 7730 9594 6 21 21 2727 4 9193 12783 7850 4980 22463 4245 5 15458 22516 7914 18498 8995 31 3610 7847 740 15658 14335 5174 4 8443 4 18476 4289 13761 9193 12783 22564 15678 20463 4257 7730 22318 1547 4796 20149 23135 20402 9193 7730 1920 23135 17304 1547 9193 21592 5 21 21 7730 8443 15678 15092 6103 28 5219 409 31 22516 7730 18784 1547 31 21592 7509 19212 20244 4807 20149 18533 22463 8561 4 20402 22463 1549 11806 5 
1603 21623 31 1549 4 15678 15092 20149 17714 16404 12780 7957 7730 5320 4796 20149 19969 2727 7850 1549 16404 28 4 9193 22463 7509 17931 15678 16367 7730 9743 22463 16836 9522 4894 4 22463 16836 18498 7847 18784 15658 19900 31 19484 7730 15658 16072 31 21582 19474 7730 8561 4 1920 14012 31 11729 6103 28 5 8443 7847 16721 19871 7730 9594 6 21 21 31 19484 16404 8956 17877 20402 22385 20558 5 21 21 7847 5360 6 21 21 9193 8995 21189 18498 23135 21596 18498 14335 16836 5 6103 9707 4 16404 7850 15061 15678 18605 20558 20402 4 9193 12783 4229 14604 15092 16404 23016 1614 7730 19474 31 20931 16836 5 21 21 20 7730 6103 9707 28 20402 2136 13761 20149 16468 16673 15092 7730 6075 22463 12094 19484 16404 31 16836 7509 17930 5 
14996 7509 9155 6 15658 11862 15678 18605 10753 23135 20402 4 11284 20293 873 18498 1471 6103 20931 17509 4 20402 22385 11208 18481 23135 5 8443 6075 20293 22463 4245 31 873 18498 8995 7360 31 18069 20463 17542 7730 23135 22805 18498 8956 873 17304 22318 21187 5 10192 6621 21 
22223 18774 
21 1570 9774 6 6103 23 
15619 11522 
15604 19478 6 6103 6 6103 6 6103 21 
21 9707 18233 7491 6 10794 16971 15658 16765 31 4672 18498 23135 9743 17438 7847 4 2136 18498 23135 16404 6103 9749 5 21 
5947 31 15604 26 26 7509 9726 15281 17229 6103 28 14613 
1027 15138 8956 15286 
22834 
1614 8995 15678 14604 9956 7509 28 5 8147 15678 20463 7914 11561 6 28 5 4766 26 28 11617 29 
21 21 21 740 18498 9193 9594 
31 13788 7509 11474 
7730 9594 31 13788 7509 28 
20244 1114 4 9193 15299 20420 5 5 5 21 21 21 
11554 26 
15812 3897 6103 28 16404 28 1022 29 29 29 4778 11943 28 16066 21500 29 
18525 17304 7730 18533 12780 16404 28 1022 0 
4796 22553 6103 10732 
0 0 0 
4854 23135 21371 6 6103 
16404 21582 1233 8956 22942 
20402 12094 15678 18481 22463 16971 17304 20357 6103 20126 13098 18610 
15138 15138 13278 6 6103 
21 15658 5150 
5485 16140 4766 1103 21 
21 9387 22463 4672 4229 16940 7509 20537 20 20 
7730 16393 18498 31 8632 15193 28 6103 28 15658 21596 5179 7509 12036 18498 7847 10795 9743 8351 16404 6086 4789 5 
9193 4796 23113 7509 8632 15658 21596 15713 15425 6103 16098 871 2609 12832 10795 17438 7847 5 
9193 18533 20402 352 16673 14604 6931 15658 17438 22463 15286 20670 18464 12128 7509 28 16066 28 
7509 14539 10211 18498 9193 17629 9233 2612 16404 15658 12034 15678 8361 7509 970 9193 9380 20537 7509 16440 6318 20 
9380 19456 7509 16440 6318 21 
14335 9620 866 21793 15678 28 6 
21 23570 7576 10606 5 740 13909 6408 6103 22463 5590 6103 13072 4766 9193 12787 28 7730 9193 15253 6 6103 
21752 31 2367 1276 8895 7509 28 15678 19508 20402 23570 27 7847 14335 14018 16404 13222 4796 11011 27 21 
15678 14425 23222 16454 7509 15533 27 
6 6103 6 6103 6 6103 6 6103 
5947 31 18352 7509 14425 13652 6103 951 6170 7509 951 28 

