21 28 9942 4 28 28 4 28 28 4 28 28 4 28 28 28 5 21 
15855 28 28 28 8840 18498 30 2727 19703 20 
21 28 5 5 5 17304 9901 28 20244 9193 9594 4 17304 3213 4 17304 15658 5018 22463 4766 31 16083 4 17304 9193 538 17438 28 16066 15266 4 31 22898 23135 20402 1920 22463 17569 6103 14811 4 31 22898 22463 20537 11813 4 31 22898 15502 31 14514 4 31 22898 20402 9193 18498 15658 14514 23135 5 5 5 
9193 20293 1095 4 20293 20584 4 20293 10748 4 20293 20333 20293 4 20293 4 20293 23135 5 
8235 8406 15671 17304 349 6103 22327 4 9193 9193 21596 4181 18498 8406 15671 9387 22463 1114 22823 5 
288 18498 15658 11284 13909 446 16404 23135 4 17324 23135 20402 22463 17737 18498 28 14335 6075 7730 15424 31 9193 7178 6103 11636 1400 8956 1114 5 18498 28 7850 78 20293 18498 20402 22463 23086 7730 18498 22327 15678 18498 6679 20402 17737 22986 6103 28 5 21596 15995 6103 20402 20931 12787 5 9808 1247 1027 23135 20 20 20 21 
21 9808 7127 7509 5 5 5 5 12780 5320 17872 15253 27 5 9193 22942 21810 3611 7176 4 9193 22318 13405 20293 4815 7730 15963 17872 18498 28 22318 11710 7730 22318 11139 15894 18533 18498 8995 5 1027 23135 20 20 20 21 
27 18498 13749 17872 22240 22463 10317 20 
15855 28 28 15658 368 19703 472 20 
21 22463 7146 20402 22463 16620 6103 3951 18498 20149 6075 2727 20663 17766 5 15658 6503 20 
22463 15604 7146 8995 21179 7730 7847 20402 23135 5 21 
21 15678 13905 8561 7509 8847 20402 288 18498 8995 9743 15678 16083 6103 16065 4 18476 7850 22821 15658 16468 1453 6103 17297 4676 7209 6103 28 20 20 20 21 
21 19893 4766 7847 4 3058 6329 20 21 
21 1095 13512 4 15138 3058 17304 5459 4766 23135 20126 7509 15576 2647 16304 20 1095 17211 7730 2358 951 16304 14265 20126 21 
27 
10027 4766 1114 20 26 8689 28 11543 6103 2614 30 22327 13026 7730 14810 
28 28 15658 7730 28 28 8956 20402 17872 23135 20 
1027 20 20 20 
8995 17629 6103 22463 204 6981 27 20 
2727 1920 27 20 
21 9808 7127 7509 21 21 16630 17872 20931 15253 21 21 27 20 28 28 5 21 
28 28 20 
8956 20402 17872 23135 28 28 15678 18498 288 0 27 
15855 1114 28 28 20 
19900 18470 15678 17877 6103 9996 20402 10259 15678 21551 21793 0 31 16971 16468 31 8918 18498 23135 21371 21596 20352 20 
9193 20 
2727 17438 2371 20 
15643 6256 22463 16169 21282 4766 22463 2689 20 
3058 15533 20 
23 27 20 
28 28 15658 27 
21 9193 18498 22327 472 3224 6103 11154 6103 2789 20 28 28 15658 4 28 28 4 28 28 4 28 14212 20402 28 28 20 21 
31 1434 8256 20 
3058 7127 20 
3058 15533 20 
21 12780 13761 20 7730 16647 18525 9594 7509 9193 22942 5 2322 18498 9193 8995 6103 18376 4 4766 31 9193 10268 19026 4 17458 18481 13909 13749 16404 21582 14335 6448 15678 14604 28 14335 18443 6103 18376 20 20149 15678 1987 14335 6448 7730 12353 16721 18498 10648 31 2635 21 21 28 20149 13398 7509 22266 21 21 7730 14335 18443 6103 18376 5 5 5 12780 13761 20 21 
21 20149 31 22942 9380 15138 6103 23135 4 20609 9808 17458 31 22942 20402 22463 7563 6103 28 7730 28 21282 9380 15138 6072 18498 21596 3726 6103 22773 20 21 
12861 22318 13325 866 28 28 15658 20 
27 15658 19900 17458 9193 13325 6103 23135 28 28 15658 20 
9634 19589 20 3960 28 7730 28 26 835 28 
27 
21 15855 15678 21170 18498 9193 9605 18498 12780 6075 7914 23135 27 20 28 28 4 28 17125 4 28 28 4 28 9942 5 21 
21 21 21 14133 3558 4 15643 9743 3058 14186 21 21 5 21 
28 28 15658 20402 22463 6981 18498 9193 18533 20 
15855 23135 28 28 15658 7730 28 28 27 
28 28 20 
19456 
28 28 
13909 1114 17438 9721 20 
15855 12861 28 28 20 
7730 15678 16169 17125 27 20 
11543 6103 2614 20402 78 17438 28 20 
21 1409 20402 10544 4 9193 16866 7850 1114 4766 21793 15678 5414 7730 22348 18498 31 22942 22126 4 8995 2371 15678 6472 5 1027 23135 4766 21793 15678 20463 6198 7730 17836 4766 31 12763 18471 18498 21596 7730 17836 17438 20402 22463 16971 6103 3952 4 20333 4 1095 4 17703 4 4273 4 9522 5856 7730 5371 31 163 22327 18498 9193 7491 27 18498 15138 22898 14335 12834 4 9193 18498 20402 3735 6103 6256 21793 31 20931 15936 7730 23167 6103 13131 17872 9743 31 9193 5 22318 1027 4766 21793 31 2647 7509 14604 5528 20 28 28 21 
28 28 27 
21 31 14201 14096 14604 23221 4 472 5 28 17125 28 28 5 17776 1027 20357 10943 11462 17304 5 21 
15855 20463 3031 28 28 20 
21 1114 22823 4 20402 1612 18498 15678 22797 15643 13405 4 7730 31 7419 15643 20369 5 1027 23135 20 20 20 21 
28 28 20 
21 31 14291 7509 9634 4 13512 20 21 
21 4796 10616 6103 22463 23501 4 21793 5741 7914 7284 7176 9193 31 9193 18657 5360 20402 31 14539 5 9634 1027 20 21 
21 12787 4 15671 5741 20202 19860 7176 4 22327 15128 5 21282 15658 15128 14604 1114 17438 23135 5 20126 28 20 21 
21 15678 13131 3058 6103 20402 15534 20402 8956 4 6243 6103 7623 7464 4 9743 16673 15256 6103 9579 7509 28 28 7730 20931 8525 5 1569 1027 20 20 20 21 
16721 15510 20 
15855 1114 23570 11644 17872 18476 3962 19703 20 28 28 
17872 23135 28 6103 5 28 20 
21 15855 17812 28 28 18498 13512 4 16393 22463 5758 6075 21932 4766 31 1826 27 20 21 
21 28 28 9193 18533 8956 21 21 3512 21 21 6103 13766 6103 5518 27 20 21 
27 19857 20402 0 20 27 
3058 15533 20 
21 1540 18498 15678 21551 5929 4 18498 31 15243 16468 4 18498 6141 15658 14265 4 18498 11462 20402 19093 6103 15908 4 18498 15678 22823 1097 16866 7730 18498 15678 9617 11066 1393 28 12780 7957 5 4915 18498 31 16192 21596 10268 4 18498 15678 15855 15658 14487 7730 18498 23104 20402 1540 4766 15678 8564 5 1540 18498 22327 6400 7509 23167 4 18498 15678 14425 20402 20402 15671 14539 7730 18498 15678 20191 7509 22942 4 20402 23104 20 21 
21 2031 16169 4 23135 21596 16006 20463 9943 31 15658 9594 4766 9077 0 28 28 4 28 28 28 4 28 28 7509 28 5 21 
10959 20 
20402 9193 27 20 
21 9971 6103 10548 4 6103 23151 17872 20402 28 19698 17790 4 28 7850 4770 20 20 20 21 
3058 7127 20 
21 3960 28 28 7730 28 28 22327 13512 4 16323 1393 15535 9801 20 20 20 21 
21 20402 11581 4 17324 2136 15678 20749 4766 21793 20931 11022 20149 18443 7730 6256 31 28 3219 5 21 
10548 7850 14881 26 20 

