21 9193 15658 5652 16429 6103 5588 4 9193 21371 15658 13010 4 7730 8995 1614 16429 5 15678 28 18006 9193 19210 29 9707 4 288 17556 4 20670 9193 4 15678 28 28 4 16630 16802 16673 22619 6103 8678 15138 4672 9193 20402 22463 3058 17872 9594 22463 10032 20670 9193 6 
29 20402 21535 
29 20402 15344 7730 5762 7914 4417 28 4 9524 13359 6103 20402 28 7730 15658 11731 9193 22942 7914 16083 2439 6103 20879 5 10959 17872 17461 7730 15643 14335 3697 4 31 14466 18498 17438 15713 4 6103 6717 5 15658 21596 15138 17787 7914 20402 22463 17934 7509 28 4 9193 22463 1845 20539 5 
29 9193 20402 9522 12678 4 16468 29 22240 11644 4815 14539 7730 4 21743 4 15658 22805 15390 6103 4854 31 13907 7509 18498 16721 4766 15502 4 14335 5241 7993 12125 5 
29 17438 13909 18498 9193 16393 12201 4 20402 594 4 14604 16169 20402 15416 7730 9193 15253 20402 3166 4 11328 15678 15336 7509 14604 16169 7730 15678 3388 7509 9193 15253 5 
29 20293 9130 7914 8632 18449 4 7509 18120 2136 31 9574 4 7730 6075 22665 16404 31 7804 4 17438 21596 5216 6103 15894 9193 23016 7730 7509 18498 9193 18533 4 9193 15643 22805 9193 22942 7850 8632 9574 4 2136 11462 9074 15678 3870 18498 871 970 20357 16673 8632 9574 7730 14336 18498 23104 7914 10502 6281 4 17872 9193 9193 22942 349 20402 6981 8807 5 9743 22386 7914 4962 23063 7850 28 28 4 16468 14561 7509 7127 13761 15260 6103 14049 7730 22386 31 21409 7730 6361 4163 6103 29 11518 17872 12780 7730 23151 6103 3962 11538 6103 17031 7914 1067 11538 4 17872 9193 20402 22463 7509 14426 4672 18498 9193 9743 20244 19900 15894 8995 14335 14577 4 1540 15138 7850 15260 7730 740 13909 7850 22386 4 17458 7850 22386 31 7297 14335 12578 4 9193 4 16458 4 21752 2372 7914 18607 7850 23575 2853 5 16784 15678 28 7914 29 4 17438 29 14763 4 17458 15678 23572 18506 4 9193 15658 11081 17458 288 18498 19335 6103 1249 4 15678 18498 15658 349 4 991 6103 15658 19900 15678 18498 18533 5 7914 29 4 18533 866 18498 15658 20402 14502 4 18533 866 6103 5915 20699 4 22261 22463 14703 15138 10012 31 3610 7509 9456 6103 22 15678 11203 7730 7847 14335 7491 18498 9743 10828 6103 17380 18449 7850 22575 4 14335 12578 7730 20402 16967 7850 11165 7509 9128 22327 20402 13512 15658 20402 4 9743 28 7730 10535 20244 9408 4 9193 16468 7850 22575 4 28 4 30 7730 22426 31 7558 17819 16404 17380 18449 7730 31 16083 16404 17919 5897 7730 1826 7730 6788 4 9193 14539 1920 15658 14335 5241 12534 4 15424 3341 5 11462 5942 17380 18449 7850 22516 15894 9130 15678 29 13909 19671 7509 16587 4 15658 21596 5658 7730 20402 15600 17438 10211 31 7894 12530 7509 16587 20539 4 31 22575 7730 4 11508 4 15658 20357 15138 15995 7384 15658 5 21371 9901 22223 4766 31 9620 6103 7163 7730 4766 31 9620 6103 9122 5940 17872 18525 6679 20149 6184 31 7070 23498 17438 9365 4 14604 5942 21596 1453 29 7297 20670 17380 5897 4 1067 15954 4 7730 22463 6281 4766 22463 17930 4 18498 9193 288 9786 7730 17725 7730 15658 18533 13909 21596 2154 4766 7847 4 6391 7914 3962 6103 5614 4 991 6103 7446 16083 9709 5 9193 4 14539 1920 4 8995 9579 1393 14604 6679 6103 21969 7850 23513 5897 17872 19509 7509 22942 4 20402 7914 10828 4 17380 16066 17919 5897 5 
29 288 18498 31 16971 16816 20402 873 4766 31 14487 9522 155 4 7360 31 1540 7730 8361 4 6103 8908 13591 7730 13591 6103 17635 4 18498 15650 15678 19456 4796 2614 16404 31 19225 12616 4 18498 20402 20584 4766 7847 7730 4766 15678 16083 7730 18498 4 18950 20463 13494 4 20149 16878 5 7730 18533 20402 22463 16971 1920 4 21371 5 
29 14335 9686 17438 16865 7730 16083 7446 17962 20670 21223 4 7804 1059 7730 559 4 14539 15658 21596 15138 5322 7730 2614 17872 1961 4 288 15138 7509 11518 7730 10959 15138 6103 22240 11644 20670 5 
29 15658 20202 13909 19240 4 20402 7617 17872 4042 4 9193 4 14539 21596 15138 4672 740 7850 5896 4 15658 20444 17872 20402 7617 5 15658 8474 28 4796 22463 20402 18498 7491 19150 4 8474 4796 22463 20402 21121 8208 4 368 18498 31 15364 31 19363 2727 4 7730 18498 9193 6075 15678 13591 1643 4 4796 20149 31 22942 20402 22463 21662 17872 22640 7850 16373 4 7730 18481 13909 23135 19456 31 22942 14425 22942 17529 23135 21596 5 
29 9193 21596 15678 13905 9367 31 15658 20402 20202 15138 18195 7730 4 14539 19900 18498 8956 9367 20402 21282 19093 6981 20709 7542 18498 23104 4 4766 8956 9367 15403 18533 20402 873 18498 15678 18549 7730 15678 5405 5 15658 9193 22805 4289 31 13727 15425 20149 31 20709 5360 10184 31 6792 7730 12145 18525 20402 21121 7730 12256 5 17872 9193 8995 22327 8561 4 6670 15678 20634 7772 18498 225 7850 7799 7730 23029 8956 3119 2136 31 19225 12616 5 15658 8995 9743 15678 7314 6103 20402 21793 11578 4 12861 21793 15190 19900 4 8995 9594 20402 12780 18506 8956 20634 7730 18506 15678 5859 13026 5 
29 13055 20738 26 7730 4 14539 19900 13471 2727 7730 7850 23523 2136 288 15558 4 12861 14336 18498 14335 8361 31 21596 8012 4766 31 16971 5 15643 20402 22463 16971 155 4 17836 9193 14409 206 4 7730 12861 9743 9743 31 16971 21596 22463 23067 8534 20670 9193 4 13055 9594 18498 9193 20402 1807 4 3017 4 3183 7730 16404 4 9193 9193 20402 22463 16971 10012 9193 20402 22463 16971 3058 27 7730 6408 18498 31 16971 14335 5174 14539 15128 8956 23067 7730 23016 9594 17872 9193 4 8995 20293 7360 31 22240 22463 11644 7730 10959 6103 19567 15678 18498 31 16971 9743 6103 3058 17872 9193 5 
15658 19900 20149 16393 16065 4 14335 17971 4 16066 15658 19900 14335 9457 15458 29 9707 4 9193 9594 15138 10032 20670 15678 18498 23104 368 5 15671 20402 3058 4 9193 15658 20402 3073 5 20402 1612 7426 4 15658 10959 16630 14604 11802 5 21 
21648 4809 7509 12939 18498 31 10765 10959 
21 28 28 21 21 26 21 21 4 29 21 
9193 21282 18533 10648 29 14667 18772 7914 4913 7670 13727 18498 22782 23206 22704 6103 4796 2685 20673 
6 
21 26 1631 26 21726 4 26 26 26 1631 26 26 26 26 4 
26 22 18740 26 20402 26 5767 
23255 7850 17608 
14924 5 5 5 
368 7914 14527 
14539 19900 18498 21596 15678 16375 18498 16468 13909 5 5 5 
21 23135 17304 20988 15678 20463 7314 21 21 8995 7850 29 1249 4 2371 18533 14604 7259 5 21 21 17438 20149 13026 1393 4060 7730 4623 7509 28 13909 4930 4766 15678 20463 4 15678 14604 7730 15678 15576 7277 1393 7804 4 17438 9365 5 560 4 7847 4 13909 7509 18498 15502 4 20402 15678 19483 16673 13131 15400 6981 11076 4 11076 20402 4622 16375 4 15658 20402 10548 15658 4 12780 20149 13480 20 21 
26 28 
8995 3697 6103 10765 16065 5 
12780 18498 12780 20 20 20 16673 13301 6103 10184 1393 16847 
21 12125 6103 18475 4672 4 9450 31 14703 4 7847 20402 14465 6103 11636 4 12861 20402 5767 4 7730 15658 20402 15425 13004 6103 14997 4 20149 288 7850 7277 6103 7491 15678 18498 14703 9743 16066 6256 6103 9743 4 18498 12780 15128 15678 9707 6981 15537 20402 5775 5 21 
21 28 26 4 11051 2727 8956 15540 4 20402 21770 7509 6282 6103 19369 1393 5767 6103 28 5 7847 18472 14058 4 11686 31 18498 15770 7850 5505 7509 15190 4 4796 21 21 10220 6103 18464 21 21 4 9193 13439 22463 21 21 18464 21 21 6103 9141 16066 4 7850 15270 4 1499 6103 9142 820 18498 15658 11284 18069 5371 7847 7 7847 7491 18498 23222 7730 10273 15658 20402 18069 6103 22463 9142 4 14539 18498 4 15658 19900 20149 7847 19900 4 4854 11729 6103 14465 6103 11636 13055 18472 22463 5767 7 7847 13045 7491 18498 21 21 31 17377 15658 17304 20402 13413 21 21 7 7847 16836 17872 22463 468 6103 29 1249 18498 4 6103 18475 10211 4 20402 23231 6103 29 3790 4 20149 7847 15658 21 21 21596 17438 11600 9743 20471 11110 21 21 5 7730 19900 15678 17106 0 22805 4795 4796 21 21 20149 8995 16721 7850 10530 15658 20149 8464 4766 8956 21743 21 21 4 21 21 20149 8995 9130 21 21 4 21 21 21681 15678 18498 17908 21 21 4 21 21 18339 21 21 7730 2136 4 16458 4 21 21 14199 6103 2524 21 21 17872 13045 15678 12367 7730 19900 18498 8956 6283 4 16673 6959 18498 23016 15061 7850 3962 4 15658 16721 15138 7174 7384 5 12861 15658 17304 19969 11922 5 21 
20 20 20 
21 12787 4 9193 15658 19900 15424 15678 18498 7491 5 5 5 21 
4796 15671 18533 8995 29 26 
21 14018 20767 4 9193 15658 5174 4 20402 10541 15678 16822 17872 22805 18525 20402 15678 1097 7914 4951 4 4289 13761 31 17819 4672 18498 22805 20402 22463 17523 7491 18498 18525 9743 15678 16479 20402 6335 4 23135 288 18498 9193 238 16066 9343 31 20767 0 21 
21 21267 18498 7847 22385 9743 8956 14984 6103 9941 4766 31 6663 6103 21 21 11326 13949 7509 10982 28 21 21 7730 31 16971 22385 288 7509 11518 4 17106 4 288 15558 0 0 0 21 
28 13185 13909 22463 5 5 5 
21 26 5652 9343 8956 12979 18759 6211 7509 13441 15658 20402 4 9193 6256 1614 14539 17458 20402 22463 7509 3976 17872 10765 16162 6103 4425 20699 7730 21582 8386 15678 18606 20149 16468 4766 8956 13052 18498 4913 28 4 20954 7850 3393 7730 288 18498 9743 16440 7509 4526 17868 15005 7850 4417 28 4 20402 18498 7847 20149 288 18834 16066 4 7850 23494 7509 8003 4 19651 0 22463 7127 15671 12780 8386 5 5 5 9193 19192 18498 1614 15658 2647 16255 4 10010 0 21 
22126 19605 15458 14049 
21 16393 18498 8956 13324 1421 7850 11518 4179 4 8956 20799 5 5 5 21 
12780 30 5 5 5 
15678 14465 7509 30 22385 15678 18328 23560 20 20 20 
21 21 21 15678 21590 7509 7533 6256 4524 18498 7850 10982 21535 31 18553 7772 12780 20149 20677 1393 18553 20699 4 5799 28 3790 4 5498 10793 7509 3621 15291 16673 7277 1393 7804 5 9901 4524 18498 22463 17406 16404 15678 10530 20402 18498 6219 31 618 7509 22116 5 15678 22116 20402 22463 17950 22454 4 18498 15658 10657 15678 7277 6103 21793 15678 4419 4 15726 5 21 21 21 
20 20 20 20 20 20 20 20 20 20 20 20 20 20 20 20 20 20 20 20 20 20 20 20 20 20 20 20 20 20 20 20 20 20 20 20 20 20 20 20 20 20 20 20 20 20 20 20 20 20 20 20 20 20 20 20 20 20 20 20 20 20 20 20 20 20 20 20 20 20 20 20 20 20 20 20 20 20 20 20 20 20 20 20 20 20 20 20 20 20 20 20 20 20 20 20 20 20 20 20 20 20 20 20 20 20 20 20 20 20 
21 23135 17304 20988 15678 20463 7314 14076 20670 21 21 17380 1931 21 21 17438 22463 17960 18498 21752 13909 29 14676 6103 16971 7509 9524 17298 4 17438 9365 4 20304 14753 5 21 
21 7509 8933 17872 7277 6 13520 4 7623 7730 10083 5 26 26 21 
15604 20653 7509 10982 21535 6 22 14604 5859 17872 9907 13501 22 5 
26 21776 28 
8995 4766 21535 8995 4766 28 
21551 7188 5 5 5 
21 15005 7850 4417 28 20402 288 12094 21596 5219 4289 7850 9574 7914 9314 29 9193 4 18962 5 21 
14069 23554 31 10052 7509 7629 27 26 28 28 28 28 28 
1506 21911 20 20 20 
15299 19525 14425 15678 23575 3784 7509 9193 22942 
18525 12780 0 0 0 
21 21551 7188 2136 16404 15671 30 16065 6 21 21 15678 13786 7509 28 4 6428 28 28 19719 4 820 18498 31 16601 19363 15678 12760 7509 17864 7509 20634 18449 5 8956 17960 201 9835 7730 155 22463 17478 16852 16404 15678 16296 9084 7509 20634 7799 18449 5 12780 5371 15678 17838 7509 7804 18449 4 22513 4 6103 18471 5 15678 6428 28 28 28 565 18498 31 18006 12780 8414 16535 4426 1393 18498 20149 892 7509 13717 5 21 21 21 
21 201 6103 21752 7509 18376 4 4712 9808 21 
6 
21 20670 31 12763 22685 7730 16066 2725 21189 7914 21596 22463 36 7850 18582 6 9594 21 21 6256 9193 12780 13761 7850 10484 22805 20149 8956 20749 14335 8930 21 21 4289 7850 18582 7509 10487 7730 6075 6103 3790 4766 22463 2698 16174 31 4154 6103 23135 7730 6408 20202 23400 16673 23501 15637 22767 3086 6103 20149 22805 5 8 29 21 
10273 17438 6 28 28 
21776 14539 
3450 1249 31 6421 23016 13909 10259 
27 
21 13325 18498 6 31 10032 7102 12780 15138 13909 991 7509 18498 15678 21 21 9808 7127 7509 23545 21 21 5 21 
15658 17629 9594 13909 15299 
4766 8956 3119 9594 8956 13676 9193 9901 4796 
20539 20539 20539 8956 1114 20402 22385 17942 23135 20402 9193 17973 12780 11091 17872 21793 15190 
4284 20402 4284 15658 20402 16169 
20 20 20 20 20 20 20 20 20 20 20 20 20 20 20 20 20 20 20 20 20 20 20 20 20 20 20 20 20 20 20 20 20 20 20 20 20 20 20 20 20 20 20 20 20 20 20 20 20 20 20 20 20 20 20 20 20 20 20 20 20 20 20 20 20 20 20 20 20 20 20 20 20 20 20 20 20 
21 21582 8147 16192 4 9193 15658 19900 13909 15424 15678 18498 7491 5 5 5 31 18498 17406 4289 5 21 
12780 20 
21 12780 3653 31 28 20539 4 7730 23174 22327 7850 18250 17872 5360 14606 7850 23255 7850 17608 5 21 
20 20 20 20 20 20 20 20 20 20 20 20 20 20 20 20 20 20 20 20 20 20 20 20 20 20 20 20 20 20 20 20 20 20 20 20 20 20 20 20 20 20 20 20 20 20 20 20 20 20 20 20 20 20 20 20 20 20 20 20 20 20 20 20 20 20 20 20 20 20 20 20 20 20 20 20 20 20 20 20 20 20 20 20 20 20 20 20 20 20 20 20 20 
20 20 20 
12780 7957 9743 
12296 11861 
21 5085 8406 28 8933 4766 15678 18498 15678 28 7102 20402 7277 4 16066 15678 5431 21 
9193 7914 29 20149 16404 
17304 21582 21371 28 28 
22657 31 16689 13359 6103 15604 
17818 3058 7127 26 
22126 9707 
21 1164 8956 3459 11331 4 18533 14335 13591 6981 20644 17638 21 
27 20149 9193 288 15138 13688 0 
13909 22463 1249 20149 16468 7730 15299 15128 
654 12780 20 20 20 
21 17287 4 23135 20402 22463 4970 5 5 5 21 
15643 12780 5219 20402 22463 28 4766 8956 9193 16255 6103 17766 10119 
21 26 26 4 26 26 26 15803 26 26 4 26 26 26 26 5 21 
21 16404 15678 14466 19239 4 31 10268 6103 20931 5085 7992 4766 16083 16971 20402 10476 16404 6146 20149 12780 760 16066 15658 5 15678 13909 19239 4 16673 5431 4 10480 14466 20931 10747 7850 8003 7730 13909 7914 16083 9709 4 4796 15678 7548 4 31 11647 6103 11111 7730 31 19401 5 21 
27 
31 18498 17406 4289 
21 15643 22805 22463 4672 18449 18498 17629 16162 4 13640 15658 9387 22065 18449 1614 7914 20879 4 17477 19335 4815 6 22065 4708 5 21 
6075 22463 6389 
21 25 4 18476 9193 8995 7850 23572 8995 9594 18498 26 21596 29 16971 21 
15658 17629 9594 13909 15299 15658 20402 
21 13494 4 871 6981 16971 19900 15678 18498 20402 12861 0 15658 14335 23016 4766 8956 16304 6103 21 21 7847 18533 4289 7850 14336 7509 16972 7730 11091 18498 20402 31 9721 7509 13729 7730 7509 28 7730 288 18498 15658 12780 6075 7914 15299 21 21 5 8956 20402 31 4127 13909 19676 7509 7127 5 21 
21 31 16971 9743 22463 21684 4 15678 21684 8995 7509 11518 7730 8040 4 5341 23206 12301 7730 8956 12301 19363 15678 18498 23135 20293 18533 7491 9193 15658 8147 14409 4 23135 8995 20149 20357 19363 17438 1612 21684 4 2371 4289 15678 9975 4 7850 9975 31 16971 22564 22463 10343 6103 7809 2727 4951 7509 7128 4 31 16971 3494 15678 21684 21793 4766 8956 10343 4 8956 21684 15658 22318 19363 13909 5 21 
9193 15658 12780 14335 3697 7384 15643 
21 17818 4 3058 13860 4 20206 4 15708 17438 22126 9010 11729 2136 9193 21 
21 20483 4 6075 19854 27 21 
21 23135 288 18498 9193 14577 20402 21596 3919 4 14089 7730 16404 4 9193 9193 14577 7509 22942 20402 1540 1649 7730 10068 4 23009 7730 356 21 
21 22369 4 17458 18525 20402 2063 6070 16673 16587 21 
9193 8995 23029 10546 6981 17461 
10959 6103 8147 16192 17872 6650 31 9193 3232 4167 
21 21 21 20149 15658 2626 15678 29 14667 12939 18498 15678 17790 21596 6103 15036 7914 20402 28 4 654 21596 22463 10976 18498 2254 14265 5 7847 23016 31 18449 7730 9605 18498 15658 20402 16404 20149 6739 18498 31 17436 20402 10839 4 18498 31 17444 20402 9608 7730 15658 8995 15036 21389 10765 16762 15678 21364 7509 17436 5 20402 28 21596 29 14676 7730 7850 5320 7509 28 17304 15036 29 18498 9901 7850 2462 8520 5 8443 4 15678 18498 21596 18498 9743 18784 20402 15678 11802 4 6448 15678 3790 20 21 
28 20402 13909 4951 6103 20149 22805 14539 
21 21 21 10690 4766 8956 17101 22 11395 22 22463 7251 18498 17304 5961 1845 4 22020 31 4417 15658 11020 15215 31 6014 155 7850 13669 17605 5 21 21 21 
17106 18498 20402 1920 14539 
21 654 12780 5947 8956 20455 13512 7509 26 30 17872 6075 1612 1233 7850 5362 7509 9730 4 20402 1612 7426 6 18525 20402 10412 10412 2136 7850 9730 4 15658 20402 15658 0 21 
8 29 
7730 20402 14539 
21 17511 7850 10657 22463 4672 4 14604 20060 20402 10259 7730 14335 18044 4 9193 15138 22805 20 21 
21 13909 22463 22897 4 15678 21643 20444 4796 6663 16404 19519 15678 8806 6345 6103 18055 7730 31 13441 12183 5 15425 16587 7509 15190 20149 21858 13909 20215 17438 8202 20931 13301 5371 15678 21643 5 15678 13284 7509 15871 16404 15678 28 20402 15678 8239 7509 6340 21 
12780 20803 20 
15658 20402 15658 
20402 12094 4796 22463 16971 10959 6103 16647 22463 15894 7850 21021 7509 16083 15658 20402 
21 10765 4 15678 18498 23135 17881 20402 4179 4 9193 15678 21596 18498 23135 22564 4 733 4 15678 21596 4 20402 17872 16393 18498 9743 21652 6103 7616 4766 15678 21535 0 23135 21596 5216 6103 18498 16971 18498 23135 7491 16491 6103 21 21 8034 21 21 15658 8386 3300 7509 18498 23135 8678 9605 23502 22898 0 15658 20402 11443 4 31 13788 9594 7850 19856 15658 20402 31 13788 7509 20463 11111 6103 9132 20699 5 31 16836 18498 9901 20402 6 18525 23135 18533 2046 4766 20463 7317 0 21 
20402 7384 18498 9193 21776 9594 
8995 6103 21755 
5 5 5 
21 26 26 11617 15924 26 4 26 26 11617 22 13800 26 21776 26 20 21 
21 9193 15658 8995 8386 8956 3550 4 14604 17233 20402 8995 6103 10548 2136 14230 15658 2136 11462 21 
17304 4229 31 21739 7509 2637 18498 9193 8995 23151 17872 20402 28 23029 7509 2464 
29 
26 26 20402 15678 3805 
21 9193 21282 12780 2685 13909 11462 4 1022 12780 16367 5 21 
21 29 16192 4 29 20352 6 20402 11462 20 21 
7278 7509 9869 3886 6103 4417 28 6 11400 11905 4766 2442 16047 7730 3080 6103 16246 1389 10122 7850 3671 6103 5573 18328 7850 15256 6981 5758 5 
21 9193 288 18498 26 7102 9743 11686 9193 6 16367 4 8918 22327 7730 1575 31 10548 22918 15678 15190 16673 28 26 21 
21 14539 4 20149 20215 
18533 18498 20149 5929 
6981 16971 
18498 15678 347 5 
11284 22463 6710 
22805 17438 8956 17406 
11284 21389 16971 8810 5 5 5 21 
8956 21662 22385 15138 18772 
21 12787 4 20402 9193 14539 5 21 
9193 3393 15658 5219 4915 31 9941 11570 
21 20402 11886 4796 15458 8807 6103 4795 7914 16200 4 6110 4 9170 5 31 16971 20357 31 15390 6103 22602 31 13530 206 4 6075 7730 14275 11455 16404 21 21 15061 21 21 18498 19900 22385 18481 15678 16199 14350 4 20402 18498 4 15138 22898 4 15678 4795 15424 21596 21389 31 22805 4766 31 18006 4 16393 13909 18498 31 16971 18533 22463 8806 16404 15061 20931 17542 12531 4 12861 20402 22385 8381 5 21 
21 21596 10765 18498 20402 7509 1826 6015 7730 21596 10765 18498 20402 7509 1826 6018 4 11686 31 28 28 5 21 
8956 20402 7509 9193 23523 
21 3885 7730 16404 4 2948 7850 18506 4 4687 20 8 29 21 
15576 20060 13055 8995 7850 11048 20 
26 
29 15266 7730 29 28 5 5 5 
21 15908 20402 15637 9867 6103 1247 15894 20402 21793 14466 15678 1244 4 20402 22463 9422 2727 2932 5 21 
21 15678 14907 3166 4 3326 4 9942 6103 17979 6103 13048 4 9128 6103 4761 17858 4 10373 6103 5942 16162 4 18498 22583 7509 22685 6103 15658 17629 21932 16404 10691 14561 7509 7127 9130 16404 4 4796 21389 16083 4766 15678 14539 16822 4 15781 22463 22640 7914 22516 18449 4 15678 14907 18498 7363 31 14539 22640 4766 16083 6103 19283 9626 6103 29 4 29 20015 15270 15658 15676 6103 29 16971 4 15678 14907 18498 6202 31 21592 7509 14527 5 
21267 18498 8956 14907 14514 14307 7850 18470 20402 21596 4796 11341 17438 21596 10572 22463 18069 6103 28 0 21 
26 11257 
21 18476 14335 16836 20149 9193 21787 11181 4 23013 16066 2647 6 21 
4125 17438 4140 
15458 22805 9193 19450 9743 866 6103 7174 5 5 5 
4095 16162 22463 29 5320 7914 21500 28 17872 23255 13591 7509 17608 6075 6103 29 31 29 7850 20931 28 5 5 5 
21 28 15658 14335 6717 4 7847 14335 17208 17458 15678 17206 20402 15678 18498 21596 6103 13909 4983 7850 28 5333 11462 5 21 
5758 14694 2895 20402 15678 13905 2077 14608 7509 15190 
20402 20191 5 5 5 
21 29 3805 7730 15678 13317 20293 15678 14539 6 21 21 12780 10412 20 21 21 21 
29 9193 12780 16162 6103 28 7730 21787 15678 21641 20 
3805 12780 21810 7850 5859 20 
20539 20 
21 22463 4672 9193 20293 21596 4815 6 18533 16971 18498 14335 373 1393 14604 13131 5 21267 4 12125 6103 18481 21551 9193 23104 4766 8956 16971 7730 16066 7509 18478 6103 4672 18498 23104 5 17872 9193 16971 15658 20402 6574 9193 11683 4 17635 7730 12657 20402 4 15953 17438 14335 538 7730 4 11508 4 7850 9193 15936 15658 8995 16784 15299 4766 12861 4 9010 20402 31 9193 17509 7730 4 18533 16066 15658 4 15458 22942 4 15458 15190 4 21596 18498 15953 17438 22463 5 21 
21 15833 20060 4 12863 22 20539 26 31 18772 26 26 21 
8956 12780 17872 23206 20 
26 26 31 26 
18498 15599 11532 
14604 15604 18582 
21267 18498 8956 3790 21596 15678 7277 2136 6103 2958 15678 23255 7509 14604 4122 0 
12780 0 28 28 
22463 5657 11300 
26 20 
20670 31 22821 6981 15190 
21 31 22898 9193 16367 7730 16721 5 5 5 18498 9193 20402 9312 4796 9193 18533 20402 4 16066 2136 14425 4 21389 7914 1434 4 4796 7914 8908 4796 15658 4561 9956 27 5 662 17438 20402 18525 20402 7730 17438 8956 22942 18498 678 15138 1393 14604 8908 5 21 
23 
8956 28 8995 6103 21755 
21 11617 26 31 26 26 26 14335 26 5 5 
3058 15533 
9193 7730 31 12787 14309 5947 31 22942 467 
21 13330 20293 7509 17304 6103 1678 7850 11518 6103 3532 31 2988 6103 20214 4 17343 4 8406 16083 5 21 
27 
16393 31 28 28 27 28 28 28 28 28 28 28 28 28 
21 21267 4 23135 15658 21596 15623 4796 28 14335 6872 4 6075 23167 6103 13202 22327 7730 12780 14335 10998 7914 4796 20402 22463 11156 7670 22178 6103 28 21 
15658 7730 28 15658 17872 18498 22327 12861 0 
13048 10196 
18533 
17438 18481 1249 12780 4356 21793 7127 29 6103 15612 0 
8147 14604 26 6103 29 
31 22898 9193 16367 7730 16721 9193 4796 9193 20402 20932 
21 20670 1694 4 9687 7730 21759 4 4060 7730 7809 5 21 
20402 4796 9193 20293 9605 15658 20402 
21 15658 22805 31 11518 6103 13185 22463 19728 18498 5695 16673 10765 9193 4766 22463 4317 11837 15894 8458 14469 21516 20670 31 18478 6103 12331 4 21551 7850 10159 4 9170 5 17872 9901 7509 14539 12939 28 18498 31 10765 5695 18476 8995 7850 13205 4 991 6103 16083 10502 21743 9743 15678 21971 7509 9574 21 
15502 20402 6103 15502 5 
28 28 28 28 28 
9193 5658 6103 9801 9193 18533 7914 7726 
28 28 28 28 28 28 28 28 28 28 28 28 28 
17216 6103 11462 
21 23135 17304 7314 15678 18481 20402 7730 18533 20670 15678 18498 2727 8386 4 9193 12861 1614 20402 31 18328 18774 5 21 
18498 15138 13688 
6 
21 12787 4 14604 4122 6075 26 4 7847 10473 22327 4 12025 15678 26 4 21282 15658 18533 1421 15678 21474 16404 6551 31 20303 4 13055 21404 7847 7850 16395 29 22898 4 288 18498 7847 20402 10259 1603 20688 31 7445 18511 7730 14523 29 7850 17943 6103 22463 2471 9193 16367 6408 18498 31 21494 18625 7850 3710 7730 14539 1920 15299 4 15678 18498 9193 9743 0 15658 18533 16804 5 21 
18476 9193 20402 22463 1845 11409 
15678 18498 11862 20402 8995 4766 20127 15658 20402 
11290 
6103 26 
23135 19900 18498 8995 308 7509 2727 7730 7509 13923 18476 21810 22463 5505 6103 162 7730 15658 11284 15425 944 20522 7850 20463 8995 6103 8908 5 
21 20463 9942 9743 7277 4 7730 15678 14604 9743 31 11154 5 21 
20402 9312 12861 12787 
21 17872 9193 31 9801 8995 7850 4672 20558 4 17438 9365 4 8995 15276 9808 17458 4913 14915 6103 13505 7730 12780 4796 22463 19973 1393 14915 6103 13505 6 6103 21 
20 20 20 
4125 17438 4140 
30 
26 20 
12780 20149 13480 20 
30 9 23342 
23554 26 28 
4060 31 26 26 26 26 26 
3017 
21 9193 15658 18533 29 14764 6103 2717 4 21282 29 14764 6103 20869 13055 8995 3058 13055 21 
23135 13055 16367 17872 16721 7850 18481 31 8057 13717 15658 9193 7110 29 16066 29 4136 6103 22240 0 9193 13055 5 
3058 21551 
20670 20828 7730 17899 
4796 15658 8995 7850 28 7850 28 7509 5758 12780 654 14539 5 5 5 
26 14335 31 11617 26 11212 11212 11212 11212 11212 
17304 5739 
15855 4796 9193 20402 15304 
7509 19856 7509 3996 
18498 15138 13688 

