7750 
21 28 28 28 28 28 28 28 28 28 28 28 28 28 28 28 28 3630 28 28 28 28 28 28 28 28 28 28 28 28 28 28 28 28 28 28 28 28 7730 16972 6103 30 6 1097 7730 16399 17931 4 16323 21793 15678 28 16673 2725 21932 18498 9743 7914 20931 17939 
4795 15299 4 14156 23135 13640 7850 26 27 21 
18876 31 3928 11462 7850 26 22575 5 7188 7914 5 
20293 
23 
21743 
21 6014 4 2134 21 
21282 6103 3058 
28 28 27 8 29 
21 16192 7509 7127 6 16972 18498 19698 8329 15678 4697 20149 9457 7850 2154 4 15678 5942 20402 6103 4509 7730 15658 6103 6717 5 15678 4352 20402 13591 7730 31 9714 8995 7850 7789 7509 10535 5 2702 7850 5527 5 21 
28 28 27 
8386 0 
21 9193 4 16721 18498 15678 17406 7879 20402 184 5 
21 15658 19900 18525 20402 15678 13909 10138 15458 11454 5 
6014 5 
21 1095 4 19448 18381 7509 20463 4122 4 9193 3558 6 9193 22318 16796 7730 740 22318 1027 5 21 
22318 22318 21858 9171 19483 17438 1616 18498 4040 5 20402 31 18695 18498 9594 8 29 
21 4672 18498 31 18196 15658 22805 8 29 
15319 21 
21 15144 7509 9193 9634 4 14604 12787 7730 9193 662 15678 1506 7730 3870 7914 3450 20644 7914 18498 23135 8995 17737 4 12027 7850 13909 6470 5 15708 17438 9743 16440 7509 9193 9634 5 15299 20402 11686 20244 23135 8 29 
28 23135 15658 8 29 21 
8 29 
21 2371 23135 4807 22463 10583 4 15424 16765 18498 12163 12034 31 16971 4 9193 1393 18876 22463 8483 6103 12501 16630 6663 7730 15678 21 21 4419 21 21 21743 22247 18498 10959 6103 8170 4766 15144 991 6103 15658 238 4 740 18533 4809 5360 22463 7318 21282 5 31 10765 20149 8256 9786 4766 4187 21 21 4697 21 21 4 17438 15658 16098 15678 16083 5 5 5 9894 4 16404 18498 8995 9786 5 21 
21 17304 2136 20149 6987 15459 19563 4 9193 20463 3388 20402 15678 13909 5947 5 21 
23 23 
0 0 0 
21 28 4 14604 1114 4 14604 5528 15658 708 21389 10153 5 21 
22318 26 26 5 
28 28 28 28 28 28 28 28 28 6 12780 5 
21 15834 4 16558 21 
28 17923 5 4509 22137 23284 4766 15678 16753 5 20116 7914 17736 5 
21 22223 15036 22463 3711 7730 22223 15036 14673 6103 4419 21 21 4951 21 21 7914 305 6103 22307 21793 15678 28 5 12861 20402 22327 5 662 5 21 
21 22463 134 7730 22463 13591 16404 9497 31 11683 4 14660 5 21 
21 14604 29 12787 4 22463 23013 7730 22463 10655 4290 6103 21963 21 21 12440 21 21 16404 31 15219 6 28 18667 30 0 21 
21 14307 21569 20402 12861 6 4796 20149 18784 8386 31 18736 6103 20931 21 21 8637 21 21 7914 20149 15398 31 4796 894 5341 22463 21 21 21298 21 21 5 
7730 740 21596 10765 18498 4913 31 6544 7509 19911 6103 16967 4 4796 7850 3962 7509 26 5 7722 5 
31 18020 6 20129 1393 10606 18498 12430 18498 31 2637 7509 14334 28 22 20539 5341 13125 15658 18498 20402 20134 16066 18498 9193 10648 866 16404 6207 4 9193 31 5023 3751 662 20931 6802 7730 4682 7 
21 1393 6801 17438 15955 4 16066 15658 18498 7491 18498 15678 969 21 21 7102 20149 23029 21 21 7730 18498 28 20402 15016 6 17667 6103 23135 5 21 
21 2154 18498 14606 4766 15678 5528 28 4 8995 21596 5 21 
20725 
14667 19703 
21 28 4 15299 4 15299 17304 20149 4843 1393 18498 23135 9743 7730 21596 9790 4 14604 1114 5 15678 13185 7509 16296 20402 6329 5 5 5 20149 8995 8678 21 21 1027 23135 21 21 7914 3450 22463 15658 20420 22385 3872 7730 4290 6103 17705 18498 209 10260 15678 14604 5528 7509 12939 18498 20402 4 20244 5320 31 19235 7509 14469 5341 7730 31 20319 12038 6103 13359 21 21 11139 17324 23135 17304 23016 31 17629 21 21 5 23135 20402 16404 5 11211 5 6103 5 7914 16378 4 3670 7730 15678 13909 18328 20352 16404 4815 7730 4 7914 22240 4 14604 1114 17438 23135 15643 11284 6103 9620 5 
1886 5 6 22463 15144 18498 22318 1027 991 7509 5320 5 21 
18498 7132 20402 1616 0 
28 
21 20149 15658 8995 10544 17872 9193 4 11731 16404 15678 7664 26 22938 7914 26 7509 26 5 21 
21 28 28 4 14604 17931 18498 5762 5 21 
17438 15081 6103 1683 19916 
21 1267 16630 20537 4 4796 15658 17511 4 16630 7294 4 1453 4 17458 15855 5 5 5 21 
21 9193 7491 18498 20402 22805 5 5 5 7730 21743 4 15658 11862 31 5518 4 20402 15678 15860 22805 13909 13520 18498 13055 22805 8 29 21 
21 20244 16192 5 
21252 7914 3962 6 21282 14539 22463 533 7850 910 11520 16404 1610 15678 5528 5 21282 4796 12861 11462 5 
21 28 28 6 15678 
21 28 4 9193 15324 13652 6103 3228 8100 1612 3080 3482 7730 11965 6 
17458 1920 5 5 5 22385 5 5 5 
21 13359 15678 4795 7914 22463 26 4 20670 22463 4179 17523 7730 4 12255 4 5935 16404 13359 4795 22805 12862 6 21 21 18620 6103 4067 4 4306 6103 28 4 18525 15658 5947 8956 4795 12780 21596 22463 9942 10498 21 21 5 
5947 4 27 5 21 
21 28 28 4 15855 8956 3183 14810 7509 11518 4 27 8 29 21 
21 28 4 23135 18498 14076 6103 868 
21 20402 8754 31 6014 155 7850 17171 4 10516 7730 4524 5 5 5 15138 17498 5 
21 26 5 
28 5 
21 8406 22463 1840 7730 16083 4 22463 26 22 20539 26 5 
9193 10959 6981 16753 8 29 
21 7730 15678 4229 6103 28 4 1393 12755 6103 28 5 5 5 8 29 21 
21 7645 4 11570 20402 9193 0 8 29 21 
21 6103 26 1614 8 29 
21 28 4 21 21 8995 4766 10183 20 21 21 29 14764 6408 6 21 21 8995 4766 20402 20 21 21 29 14764 6408 6 21 21 8995 4766 10183 7730 20402 4 15138 20402 20 5 5 5 21 21 
7148 6103 22463 2818 23040 20293 9630 7730 20172 4 23135 20293 9743 31 14425 6159 6103 1114 18498 9387 6 21 21 22318 16162 22463 13176 20 21 21 27 8 29 21 
21 28 4 288 18498 5174 22463 16971 18498 16721 12861 21371 8 29 21 
21 28 28 4 18533 18498 19900 18498 14604 15860 19612 7914 835 20293 18498 4289 1393 17406 29 7730 23135 8995 13761 5 31 22915 15643 20402 31 14539 20244 23135 4 30 5 26 5 26 8 29 21 
21 28 4 16404 23135 4 14604 1114 5 21 
21 21 21 5 5 5 6592 22463 11020 18478 6103 9132 18498 15061 18498 970 13909 3086 7914 8632 7730 22516 21570 31 20402 13010 17438 17931 4796 15678 13909 4870 7730 12534 7730 12861 20149 19089 7914 20931 15585 
21 21 5 
10765 3086 20738 5 
28 28 6 2372 
20670 31 2154 6103 30 29 6 28 28 6103 28 28 28 28 30 28 28 3532 28 7730 28 28 8 29 
21 26 8 29 
21 4766 8811 7914 4492 6103 2248 4581 18498 15643 7491 1616 7730 6103 13598 18498 15643 20149 13359 5 
5 
21 16795 20304 4 9193 15678 15677 29 20402 22871 30 9605 4 9193 20402 4 30 6 
29 20149 7491 14608 4 9193 31 16203 20402 17918 7914 871 18582 6103 28 28 5 
29 17433 7730 21596 7914 18475 8946 4 12780 22318 4229 6103 3482 20149 23029 23135 5298 22463 4 17324 22327 15678 18498 20149 17433 23029 3483 5 
29 20149 20149 4229 1453 17041 7730 15658 16203 4 5960 29 14466 5 
29 1393 21582 8233 31 16203 12526 7850 2988 17304 6838 15678 20463 14317 5 15138 16971 13055 20402 16367 7850 11543 5 
29 20402 22385 11020 4 18498 6075 17872 10928 873 7850 3393 7730 6256 31 16971 6466 6103 3058 4 20402 22463 1694 7730 22463 16971 6103 2727 15658 20402 31 9721 6103 1694 20 21 
21 8995 9193 9743 22463 16967 23257 20670 15678 1975 3170 28 17406 28 28 4 28 28 7730 22805 7850 16967 19206 6 28 28 4 28 28 4 28 28 7730 5 5 5 28 19660 5 21 
21 7730 7839 18498 11284 15138 21869 12414 1393 9956 18498 23016 1937 4 17495 11462 14604 15860 20931 5 5 5 15658 8995 4179 7509 18498 12780 8678 15459 12459 4 9193 5739 21596 22886 873 1393 14604 13131 4766 15860 13410 20931 0 8 29 
11020 15860 28 28 5 21 
29 25 5 
21 15678 10982 15658 18533 4913 10627 21 21 2553 21 21 17872 10765 4 16972 5 
15604 28 8 29 
21 702 9901 13909 2553 16404 12861 4 6256 6103 20402 5241 2685 10405 7730 16468 31 20402 5241 892 21289 7730 5320 6103 13759 17304 2156 2136 29 5 5 5 
12861 18533 7491 6 20149 23135 15658 20402 19822 4766 1694 6103 10159 4 20402 19822 4766 9548 14539 5 7730 4 20149 8995 7491 18498 654 31 702 20402 22463 21 21 21289 21 21 16404 21 21 2556 21 21 4 20402 17458 7914 3206 20402 21282 10627 7850 22942 6103 23135 20 
21 733 4 1114 4 18498 9956 13512 5 5 5 16404 991 7384 4 10657 20293 19703 4 550 7730 15138 4920 7914 15576 14881 6103 20402 5 5 5 2727 18498 4766 23135 15678 21551 17304 16468 2727 7090 4 18494 16367 4 28 28 
18197 5 6 18195 4438 6 11020 15860 4 26 8 29 
27 7 
21 20402 16404 4672 4796 8956 18498 31 11884 16066 11020 16440 6281 21596 22564 31 21340 21 21 13441 6103 9462 21 21 22385 9594 17438 23135 18498 20402 26 5 21 
21 28 28 4 9193 6 2372 27 8 29 
16404 5 20539 5 6 15678 14604 1114 17438 23135 20402 15138 13905 18498 31 11757 6103 21793 15678 22520 4 17458 31 11757 7509 6014 20402 16404 15678 10300 6 22 21 
21 28 28 4 7995 1614 5 
21 23479 18498 17769 10535 1022 11462 4 19703 6 4796 866 13405 7730 13405 866 16404 4796 18374 4 2905 4 894 6103 20931 17659 18498 5341 3823 4 991 6103 10674 6103 702 18498 21371 20402 8957 5 21582 9901 21988 19900 18498 20402 26 4 9193 15658 20402 5 5 5 4 13359 4766 15138 2031 4 17324 15138 7509 8564 23016 7509 9620 7509 14539 7730 15658 7509 5179 7914 20500 5 19474 17819 31 16836 20670 15678 1962 18498 7573 16404 15658 16784 17413 17438 9620 6103 21551 20402 29 18553 7730 21793 22657 29 17406 7 5 9130 7914 4434 7509 11518 21371 15658 20402 13278 5 31 23575 11518 1276 7509 18069 20402 6103 180 5 
8235 4 21282 16404 6679 22463 3058 18069 7730 5 5 5 20402 2743 20 6 6103 21 
21 20149 31 22942 15658 8995 10544 17872 9193 4 11731 16404 15678 4697 18498 14018 23222 7509 9559 16404 15678 20463 18533 20244 15128 31 14469 16155 5 5 5 
136 4 1097 8 29 21 
28 28 8 29 
15678 6 29 
21 21752 31 5518 4 1453 5 
27 8 29 
21 2371 4 15341 4 16630 17872 19969 4 654 21810 8956 8 29 
1522 18498 6075 22463 12709 20134 
21 17458 20149 31 5758 21596 8406 29 1249 8995 2717 4 15658 20402 20 21 
15678 18498 11066 20 8 29 
8 29 
21 14180 27 8 29 
20290 6103 3629 29 28 11702 28 21 
30 1114 5 
21 11477 1393 18533 28 8 29 21282 18498 15658 
27 
21810 22834 15458 3790 11474 21 
21 16972 20 
21 21 15138 7994 4 31 11454 7509 28 20402 18263 11462 4 7127 29 6103 16086 4 29 4 9312 22463 15266 6408 18498 7847 9193 6256 7730 21371 11462 14156 15678 7127 7509 13184 6103 22463 3621 7914 14450 1393 28 26 30 28 28 19668 26 5 8956 3621 20402 7914 2750 7509 5758 18498 15562 15658 21596 5055 6103 16429 7509 15576 9872 12604 21 21 5 
8 29 21 
9193 3790 1276 7509 18069 8 29 
23 5 
21 20402 20709 4 11462 19900 18498 16784 15678 15576 18533 28 5 5 5 7730 15855 4 15658 8995 10544 20385 11731 12862 5 17556 1276 6103 22918 1393 28 4 8147 15678 28 7730 7847 8995 14335 9431 20670 20931 1189 7730 9193 15678 16836 20670 4796 5219 14842 21389 16971 7914 22463 4060 18191 7730 31 19484 14335 16393 20558 6 31 4060 6981 14464 20402 13043 5 15678 8744 18498 20293 6330 16673 4672 18498 22126 16404 20500 4 20402 11020 6329 5 1920 4 12780 1393 28 4 1393 9194 4 1393 28 7730 16404 15894 13909 20931 1189 15678 13405 4 740 20402 17556 16404 1612 14464 4 22805 5 5 5 
8995 22223 7730 16900 4766 31 14031 4796 31 22942 7509 28 20402 143 4 9193 8995 4187 6103 18498 7847 20402 6103 9707 4 22463 16971 12092 10753 17438 22327 15678 18498 19363 16404 21793 15678 18498 21596 15678 11758 17605 6103 5485 5 8840 18498 22463 7127 31 20319 6103 16958 6103 15658 15678 8147 13909 16673 5584 7509 28 9594 4766 1235 6 21 21 23 4 10901 20 20 20 20 21 21 17511 20149 22020 7914 22463 20126 18498 7995 7730 15658 7914 22463 16958 18498 7545 4 4796 15459 14924 5 20402 4 20244 7728 4 22463 16971 3216 4 31 18470 22657 15138 31 16689 21596 5174 17438 20931 3076 4 8017 7730 835 186 5 
20357 15138 9620 7509 28 19668 4 15576 21 21 13512 6103 28 21 21 5 
5 5 5 21 
21 10765 4 740 15658 11284 14335 14055 20670 15678 17635 20738 16673 10924 1628 4 9193 16721 4 16721 7730 2371 12780 6 8995 22805 7279 17525 16192 6103 15970 5371 31 15108 18498 20402 18639 15678 15806 7730 26 7730 19900 15678 18498 14335 16393 0 31 10606 18498 22463 7127 13055 9594 16721 866 19854 20670 15416 8995 2050 29 16633 15423 5 15855 4 9743 15678 9721 7914 5 5 5 31 7178 20402 18498 31 8883 15658 13359 31 14487 6103 10765 11443 7730 15424 8995 16936 20293 18498 8720 16066 14539 18476 15658 8720 17017 18639 20670 15416 17297 4 18498 15658 20402 10924 6103 21726 14681 5 15678 8561 349 4 9193 15855 10765 4 9594 6103 22463 16971 18498 21681 22463 2053 18381 21596 22463 17106 7509 18498 31 7509 6281 21596 15540 6 11429 5 21 
21 7847 14335 8361 15138 4 14335 753 7914 14924 6103 22225 4 21596 22463 11454 6103 22942 9685 4 6103 6256 18475 22463 6103 2988 155 5 5 5 14464 4 15658 6075 8956 21220 7850 10765 4 15658 5 8995 21842 15138 17438 20931 18984 4 8840 4766 10547 18498 23135 23151 21 21 13512 7730 6103 28 21 21 4796 23135 20293 7491 4 9193 5320 20670 13909 9422 18498 23135 23104 9193 9194 7730 9193 9743 19698 4766 20931 11454 4672 18498 21282 349 4766 23135 14539 4 19703 5 
31 28 7914 16958 8995 22318 8840 5 
23151 4 28 19668 20 21 
6 
21 1920 4 15643 5947 15138 8956 15422 6103 21 21 10450 29 23274 22575 29 21 21 27 20 14244 4 7102 31 29 7297 18498 8637 16404 31 13749 6075 12272 20262 7730 15678 19522 15749 4 7491 6 28 29 23274 22575 29 
30 
425 7876 15658 12780 21596 18984 21 
21 5320 22463 17022 18498 9594 17438 2371 6 21 21 5 5 5 28 15658 18876 16630 10204 6103 1866 7509 28 21 21 5 
13055 17304 19698 0 21 
20542 5 
21 14623 4 3472 31 17583 0 6 16404 21 
21 28 28 4 28 28 28 4 2087 3365 5 21 
21 15908 4 349 866 7850 8632 6103 8228 7509 22575 18498 14335 4229 2031 5 
11731 21596 6103 9130 7914 7558 11538 7914 16673 14466 22310 28 7850 20247 20402 18498 7850 15596 4 6103 20207 31 20474 4 15658 21596 18987 15392 1393 20463 5942 16404 9743 12862 4 20149 6838 7509 28 23502 4585 21596 18498 12780 22897 17438 16083 19450 871 22306 7850 10999 7686 31 20247 7850 4417 22519 7730 16673 14309 13646 4 15138 22898 15658 288 2519 155 16404 4796 4 9170 4 9170 4 9170 5 5 5 5 5 5 5 2727 4 15678 9707 20402 18498 4 14353 22463 4179 3699 18498 21596 7686 15678 7127 7850 8632 6103 8228 7509 22575 4 19450 6564 7850 12916 4 1394 15658 11284 15502 31 21410 5 4730 31 9193 3047 7850 8590 4 6246 31 3393 20670 7847 7730 21582 21752 22463 3206 4633 16404 5219 1937 31 2154 13909 21409 5 23016 22463 15108 15658 20402 11097 7730 14335 9431 4 6408 6103 14335 5969 4 18498 9193 8995 12034 31 16971 17438 6564 879 5 5 5 5 10765 4 9193 13923 368 7850 20644 4 21267 5 9193 14335 20357 22223 4 17324 15643 21596 17877 7914 9743 866 16393 4 18476 16468 21409 7850 28 9130 4 16066 6408 6103 19592 6103 21932 7914 11111 4766 4697 6103 22356 7730 7847 21371 15678 9743 5 14244 4 16630 6663 1393 10474 7730 20402 20336 7914 22463 2506 4 13667 6049 5 23016 8443 22463 11139 4 16630 15678 5702 7847 15678 16630 29 22898 8329 23135 8995 7850 13616 7730 2136 8386 4 17324 20402 31 9193 18191 20214 5 9193 4 9193 13055 8995 3697 6103 15855 6615 15678 7127 12526 4 15658 721 7730 7491 22463 3058 22821 23479 17297 4676 5 8840 18498 14335 16793 4 17324 14335 20357 15138 13923 4766 15678 15770 7509 7127 5 7847 18533 1264 14604 15540 7730 15677 22575 7491 18498 20402 16404 31 21 21 9193 20214 21 21 4 19703 4 17324 8406 14430 13761 4 31 22898 5 9193 7491 6387 15138 4672 4 19703 6 21 21 15658 20149 17703 4 15108 5 20149 17438 12041 7509 8995 4 7509 9574 4 16066 7509 18652 18498 15678 16440 4 14335 349 866 6103 19854 1614 20402 21282 155 31 9193 3047 7730 22805 15678 14604 5702 6103 22576 4 17324 16468 7850 10535 7730 21596 7277 6103 8995 1614 4 14539 15658 18533 7730 14539 18498 21596 20402 12960 7914 4434 6103 23135 7730 23135 9193 18876 6103 18475 12939 21 21 5 
6 21 
21 733 3790 4 6103 22821 4 1471 7509 16958 9193 8995 17556 14335 13600 16404 15678 28 5 5 5 15678 18498 14335 4270 6103 22821 14539 20402 155 31 10728 7730 15658 288 702 6103 4380 7509 21063 7509 28 16404 2685 5 21 
21 15138 9808 7914 23151 31 21596 2154 4 23 5 5 5 18873 18498 18533 9743 7509 17226 2372 22463 9173 12260 5 8995 20357 22463 21 21 18498 21 21 6103 9599 15138 11020 4 14066 7730 22463 4179 17766 16404 18498 20402 21 21 11043 21 21 16673 14659 18498 9193 8995 6075 5 15138 662 5 5 5 
5 5 5 21282 18498 15658 21 
21 7157 6103 4796 9743 22463 19416 5856 16404 23135 7742 18498 21371 15658 19900 18481 21551 9901 20244 2154 15458 21631 18458 5 23135 17304 17629 20419 5 
654 23135 13055 17304 18910 31 4380 3160 5 
7127 10389 7850 30 12477 6103 18230 22575 8 29 
2717 18498 8147 17438 21793 16440 1614 6 22615 
6 
21 30 4 15678 13727 13909 10389 9193 23575 21551 6 21 
21 19969 31 17819 4229 7509 20687 3625 7509 10535 5 2822 7730 2926 7742 4 20402 2743 12126 7509 13727 16404 15678 18470 14018 23135 7 
20402 2743 31 28 4 28 4 28 4 4417 22519 4 8235 4 2974 6103 18498 17304 20402 18475 13727 6 21 
21 9193 4 2647 16292 7850 9558 7730 9193 28 6 
21739 4 17511 20336 7850 20463 4687 0 
17304 4 9193 17831 20 
17304 5360 9130 2371 7850 28 21739 4 15658 18533 2084 5 5 5 
18379 7509 28 8 29 21 
6 
10696 5 9193 5 
21 3058 1095 4 5980 8995 15671 4 6670 31 12319 2136 11462 5 5 5 1103 22823 20402 1920 4 18525 15424 31 9193 7 
22318 1027 8 29 
15643 5219 15855 16404 15678 13727 4179 9193 8995 22657 27 15671 6 29 21 
21 10765 4 9193 23113 201 6103 16630 9193 20303 7509 23255 5 871 21050 6103 19484 0 21 
21 9808 17438 8995 6103 23151 4766 14604 1027 7730 7850 14539 7127 19900 18498 12780 20402 21768 7509 14413 14436 18498 8995 4289 20 23016 4 1003 8 29 21 
20634 21631 29 6 6472 22773 5 
21 19768 5 654 31 21 21 18973 21 21 20402 7850 21127 4 19703 5 21282 13909 22463 4672 6 16404 6103 14335 14018 5483 4 26 0 20326 4951 21596 13494 5 21 
21 15653 7914 10216 6103 16816 195 5 
4672 13512 20402 15678 22805 8 29 21 
7284 7509 28 
21 10273 6103 17583 15658 5 15678 15422 20402 10273 17312 7509 5117 15555 18498 4778 2727 13909 4766 15678 10405 16563 5 15658 4 8840 5 21 
21 4796 9193 20293 7491 5 
9193 28 6103 29 1249 201 6103 264 15678 6472 7509 10854 5 5727 5 
21 8428 4273 4 14464 8852 5 
21 
21 15138 2727 4 19415 5 21 
21 16323 4 28 5 21 
21 22406 16015 7509 9956 6 21 21 26 26 26 21 21 
22406 7509 9956 7850 28 6 21 21 15678 20474 20357 21 21 
22406 7509 9956 7850 28 6 21 21 7847 20402 22463 9648 20 21 21 
4660 4 3058 20326 5 5 5 26 5 21 
6 
21 3372 6103 28 20402 28 6103 28 4 9193 10765 5 21 
16404 
21 12979 4 8386 18498 20149 23135 21596 22463 21592 21591 16718 4 16066 18475 7132 18498 15678 22657 7730 6103 17988 31 16971 15678 1502 4 16066 17106 4 16721 4796 23135 4 9130 13909 5 8995 22327 8561 5 28 4 18610 5 21 
21 28 7102 8995 472 15678 12306 7509 5021 5 15190 6006 5 5 5 11284 6103 2685 4385 22825 4 21355 6103 14331 5 21 
21 201 6103 22805 31 19349 7509 28 31 19456 7509 5318 7850 15576 3633 5 17930 28 28 6075 8429 4 22327 20402 9431 5 31 10889 6075 11729 2369 7509 13616 7730 7491 18498 31 20709 12780 16162 17438 12862 4 16673 14309 13620 7509 3633 22575 13359 7730 6103 19324 4 1421 7850 3702 7509 21494 15678 13640 7509 28 5 
4346 20044 8 29 21 
6 
21 21 21 15344 7850 23523 8561 5 5 5 7102 21596 15344 7850 23523 7509 13901 26 5 26 21 21 5 
28 4 18610 5 21 
26 5 
21 27 20 6329 31 3790 6318 4 19703 5 5 5 21 
21 9808 7127 7509 12787 16404 23135 4 28 4 9193 11204 6103 15266 7730 1249 7176 4 19703 8 29 21 
11686 20 27 20 22 22 
26 5 26 
21 28 4 16404 6103 18910 7509 10405 20 26 5 26 21 
21 13055 8995 22805 9193 20402 21325 6103 18234 21282 17458 5947 15678 281 41 5 
17304 12861 4 10765 0 27 20 21 
27 20 
8 29 
7730 18481 22898 9193 21596 18498 15036 17872 1540 31 16647 8956 3423 6103 2501 5 5 5 21282 6103 18655 20007 22 22 
2371 10765 5 5 5 27 5 5 5 20 20 20 
8995 4179 5 
4672 18498 31 10765 6592 7850 28 21113 5 
21 9193 19900 18498 8995 2087 4 19703 4 9193 14539 1920 10959 6103 6679 31 23135 4 1097 18498 22805 20293 7730 18498 18533 19611 6 28 28 28 28 28 28 28 28 28 28 28 26 28 28 28 28 6103 28 28 28 28 28 28 28 28 4 9503 769 4 19703 4 9808 7127 7509 1095 20 20463 9786 8 29 21 
21 10765 4 9808 7127 7509 11474 17872 23135 20 6 6103 21 
21 7742 7850 20262 16468 4 7850 18195 7730 26 20 27 20 
26 29 29 21 
21 20402 9193 10765 5 5 5 15678 17967 21596 13909 20402 18498 20149 17703 14539 5 20262 20149 20402 4 15678 28 26 8995 2371 17872 13210 14539 7730 17872 5621 16962 4766 9548 6103 20434 4 17872 9743 20738 13909 4 19703 5 3894 1097 4 740 20402 4099 7730 740 15658 21596 21189 6482 4 9193 3962 866 9193 19969 7509 5426 4 9743 22463 16476 5371 7847 6 13055 17304 12025 21371 31 4796 7509 2511 18498 9743 465 4 31 9620 6103 7792 7509 22575 7850 3633 4 15678 17807 192 7509 3709 4 9620 6103 23498 23579 1641 7850 9574 20539 4 21282 21596 23501 9193 1773 4 3202 15894 15658 12780 15502 27 14425 12311 16404 15678 5943 7730 17438 2371 12780 5 5 5 
21413 7235 29 4 29 26 4 28 26 2156 29 4 29 20 27 20 
21793 5371 28 21 
21 16971 7509 11943 28 22 12780 6663 2371 4 9193 20402 18498 11462 14604 2641 8995 6103 4331 4 7509 14156 21346 20 7 21 
21 2371 10765 4 15855 15678 20143 5263 4 19703 5 5 5 28 4 7850 19415 7509 9624 4 16836 17872 21340 28 20149 7847 434 10450 4 20507 7730 8995 2727 1233 7730 26 5 5 5 7914 6075 14924 4 15678 18457 20149 155 7730 1421 31 10273 7509 28 20539 27 28 16836 2727 2447 6 22 23135 434 7847 0 22 
28 19474 13909 2447 740 6 
22 20539 22 5 
15678 2147 9901 3532 5 27 20 21 
21 15658 4 15658 14539 20 21 
21 10765 4 20149 13480 15510 5 5 5 20402 22463 14763 4 9193 8626 20 26 29 
21 4588 4 15658 5947 23135 21371 4 9193 9431 7277 5 5 5 19703 20 
8995 4179 21 
21 28 26 16066 28 4 4796 17658 4 19703 6 22 4766 21 21 22336 21 21 4 21 21 22679 21 21 15658 12780 5219 15299 5 12780 19450 7850 3558 4 4766 5459 4 7850 16580 5 5 5 22 
28 4 20463 10883 4 12125 7509 5348 7509 20931 5459 4 9743 22463 9721 17872 10765 0 0 0 21075 20 20 20 
14063 21 
18533 15424 22805 20 19703 20 20 20 
26 7730 20931 5472 20 19703 20 
21 28 28 28 7730 14464 18498 8995 17908 15678 14464 7509 19969 28 16811 4 19703 28 28 28 28 26 28 28 28 28 28 28 28 14703 28 28 28 28 28 15108 7509 26 18498 15658 13325 15678 15540 4 14464 7509 10273 18498 21371 15658 13325 15678 15540 4 19703 4 7730 31 21793 10606 18498 20149 17805 6 22657 4 20463 13520 8 29 21 
9193 9193 1027 15138 31 28 1612 13512 
21 12862 14335 13325 22463 9707 4 7914 22463 7127 17816 18475 4 7686 31 9193 12319 16609 5 5 5 21 
22575 8 29 
22579 20 19703 20 20 20 
21 15855 31 4672 9901 21267 4 15855 21282 5 5 5 15658 9605 1920 7509 3512 6103 16253 20 20 20 20 19703 20 20 21 
21 10765 5 5 5 9500 4 9500 20 21282 20149 9605 7850 22 28 26 22 20 23104 4 23104 4 23104 20 20 20 20402 9867 7850 3682 4 20402 28 4 20402 26 19969 6103 22327 18481 20402 13727 20 6728 7850 23498 29 4 4766 21480 14164 5 5 5 21021 26 20 9193 10657 20 27 20 20 20 6103 21 
21 28 28 28 28 28 30 28 28 28 26 28 28 28 28 28 4 7957 21810 22463 20866 0 27 21 
28 27 
28 28 28 27 
26 1631 16073 26 20 
27 
6739 13654 
27 
30 
21 15036 654 4 18339 18498 16404 20 27 22 21 
21 27 
27 
21 28 28 28 28 28 7730 28 28 28 8443 5 5 5 14604 13982 8 29 
10765 22 31 22575 8995 31 3790 7509 19695 5 5 5 20474 21681 22 21812 22 7850 2511 20 15678 
28 28 28 28 28 28 28 28 28 22 27 22 
21 28 22 6663 4 9193 19698 5 5 5 27 22 21 
28 28 28 28 28 28 28 28 28 28 28 26 22 
21 28 28 28 28 28 28 28 28 28 28 28 26 5 5 5 
20402 15678 9943 7509 19652 
20402 3326 20244 19240 
20402 15678 10530 7509 15382 
10796 4628 8 29 21 
21 28 28 28 28 28 28 28 28 28 28 28 28 28 28 6103 28 28 26 28 28 6103 28 22 14604 4 17106 18498 20402 22821 5 5 5 27 22 30 21 
22463 20247 6103 10175 17872 4964 22576 9901 7850 16580 7509 20892 5 7730 5360 4766 15138 9801 31 16671 9129 22 5 5 5 7957 3680 20 30 
21 10606 20 28 28 1681 28 28 28 28 28 28 28 28 28 28 30 28 28 28 28 7730 16083 18498 12780 14455 9193 4795 6 17438 9721 10765 4 23174 7850 14604 1095 28 28 28 7730 14335 753 31 14028 16404 15678 8806 5 20402 19871 7730 10544 22 5320 4766 23135 20 136 16971 7730 2136 13909 21 
28 28 28 28 28 28 28 28 28 28 28 28 28 28 28 28 11066 28 28 28 28 26 28 28 22 9170 22 
28 28 28 28 28 28 28 
27 22 
18339 18498 16404 22 28 28 28 22 31 28 8995 14265 20 27 22 23274 
28 22 20539 26 
8 29 
21 12787 22 13749 9172 16673 15041 7509 28 6 22 
5 5 5 7730 17106 18498 20402 15678 14604 17950 9726 5 5 5 27 22 21 
21 26 8 29 
12787 22 5 5 5 31 28 28 4289 7850 1429 7509 4355 17819 18498 31 16950 5 5 5 27 22 9743 15678 9721 17812 22 
8995 12780 16404 31 19404 7580 17438 29 28 22 8 29 

18525 15643 0 27 22 
21282 288 5 5 5 4766 21793 31 4181 5 
6 
3047 8361 4766 16967 20912 6 20229 20 20 20 20 20 20 20 9 6 6103 

