21662 7730 1570 20 20 20 
21 11561 6 28 5 4766 5 3148 10793 15190 1229 12147 28 28 9605 7914 6202 7509 7277 1233 
8956 28 20402 17426 8 29 21 
21 11561 6 23273 5 28 5 4766 26 0 22615 29 29 
13351 8 29 21 
15678 21535 20402 6305 9193 31 3621 8995 6103 16323 20 18525 19900 22463 7127 8956 12346 20149 9402 16404 16083 16587 5 
21 11561 6 23273 5 28 5 4766 1233 28 28 26 31 5 29 5 29 5 29 29 0 26 29 26 
9743 16440 7509 20825 22364 7914 28 15678 16477 7914 3924 16673 4145 11455 7850 4417 4 17495 17438 22126 6981 21 21 3086 21 21 16475 31 18774 20402 8956 5 991 7384 15678 7589 7509 3924 4 15658 7174 6103 16083 16971 18498 10648 7251 4766 22353 4 472 21752 18074 7509 13923 2322 22353 7730 4623 15678 7521 7509 22665 7509 16475 5 5 20402 31 18774 6103 22463 17563 18498 20402 15138 9441 4 31 654 19378 15678 18498 1540 7730 9441 5 5 9441 15678 1233 4 9441 15678 22353 4 9441 31 15364 5 
31 19856 20402 13512 16404 3610 4 31 3232 20402 10389 7730 31 15533 20402 13512 7914 28 5 15658 17629 4834 4766 7384 7 
28 28 28 28 21 
21 12054 4766 8956 14307 5 5 5 
12861 20402 31 19635 22805 9193 10765 5 5 5 21 
18498 16971 3058 15658 20402 0 21596 2136 1095 15416 7730 4796 7850 14534 4766 15416 5 5 27 7730 21596 10765 18498 21596 31 2150 6103 7491 18498 18638 15658 9387 5 5 5 
21 11561 6 26 5 28 5 4766 9968 6103 29 26 11943 30 26 0 30 29 26 29 
8 29 21 
21 11560 6 23273 5 26 5 4766 5 3148 29 29 31 11454 6103 7558 15144 18498 15311 11212 29 1249 7730 9980 17304 20149 3962 
17872 18498 4894 0 20559 1114 5 5 5 21 
21 11560 6 23273 5 26 5 4766 5 3148 29 29 9634 5762 14724 9738 7850 14336 7509 4417 17918 29 21819 6103 4796 16002 17438 1249 
28 14380 18498 21340 0 21 
26 26 
21 11560 6 23273 5 16292 6103 11474 5 4766 5 3148 3228 9743 6103 4315 21752 29 21819 6103 13600 7509 15761 7850 28 
20311 20 20 20 21 
21 11560 6 15416 28 5 28 5 4766 5 3148 29 29 29 7914 15585 22492 20149 17501 5371 31 19039 7509 13908 16683 
31 23231 21596 5518 4 4526 20699 7730 8186 5 7914 20931 11020 13907 4 20402 14464 15416 4 17297 4 18498 23104 7850 16847 7509 11020 4417 5 8995 7148 6103 22463 11051 17877 20699 18498 4 20149 22092 9344 4796 3962 6103 17377 4 17304 673 31 20644 6103 23014 7850 16587 21 
18498 2717 20 20 12861 20539 20402 17956 20 
28 16811 28 28 28 28 28 28 
21 11560 6 23273 5 26 5 4766 5 3148 29 29 15678 13284 6103 28 28 
23 28 20 20 21 
21 11560 6 23273 5 26 5 4766 5 3148 29 29 4417 8795 13185 4875 6103 22720 7850 12899 7730 6256 31 4417 10095 
20559 18533 22463 1920 20 21 
20402 21282 9193 18498 288 15678 1296 16987 13909 4273 18498 15678 16987 0 7850 18546 9620 6103 19456 3058 20326 7730 4272 31 10606 8995 6256 15138 16987 14683 17872 22126 20 
21 11560 6 23273 5 26 5 4766 5 3148 29 29 29 10273 12094 18498 15061 4796 5758 3224 1393 19030 7509 15190 
8 29 8 29 8 29 21 
8 29 
21 9193 19478 6103 19900 18498 21743 6103 20634 8995 10252 18476 5298 15678 22038 5 
16404 15138 740 20402 7188 8611 6318 7850 7127 31 7127 4 9193 3391 31 3450 22463 9743 15678 18498 17304 7730 16765 15678 18498 349 4766 31 15364 7730 4766 15678 11474 6389 6981 20634 5 
15678 18498 6758 31 15364 15658 17304 9722 15678 11474 5 5 21 
20007 31 15415 20 20 20 
27 5674 10138 20 
21 7127 13512 4 13727 14149 4 16971 18533 7730 8810 8 29 21 
21 20007 15678 9818 20 
20007 21793 31 15144 18498 4346 4 230 4 328 4 10071 5 5 5 6070 7730 18848 4766 31 505 7509 22942 5 
270 21793 31 12301 2092 7509 3775 12687 5 
18498 1027 5 
18498 16793 5 
18498 5876 5 
18498 5284 7730 18956 17517 7914 14336 1393 3720 7730 31 21546 5 
18498 238 12052 5 
20007 21793 31 8208 9818 7509 22520 5 18498 5762 7730 18976 17517 5 18498 21471 15678 6996 7850 21488 7509 22942 31 3450 7127 5 5 5 
20007 15678 11020 1114 18498 21858 31 22942 17521 20 
20007 21793 31 15144 19961 20 
20007 21793 15678 1114 20 21 
15138 22223 5 5 5 
6 6103 
21 8443 15658 11284 5614 4766 28 15481 0 23 5 5 5 23174 7914 22463 17438 288 18498 4766 16066 16083 15658 12780 11284 5614 4 14335 6663 4 9193 20402 11723 5 5 5 21 
14158 30 28 8 29 
21 873 21596 15678 13591 21 21 15468 7509 14374 21 21 16404 8060 0 21 
21 11560 6 23273 5 12508 5 15983 28 10763 22463 947 7774 16404 15678 28 
20402 22223 5 5 5 
27 
16404 18804 31 1670 18498 22564 7850 10791 20 20 
21 11561 6 23273 5 28 5 4766 26 0 22615 28 
17583 11139 7509 28 
21752 8956 5552 6103 4473 20 
21 21 21 31 16971 20402 4796 19932 6103 4385 4 23135 15658 19900 18605 10259 7847 20402 2136 18498 7847 8995 7914 702 18527 21 21 5 21 
21 11560 6 23273 5 26 5 4766 5 3148 29 29 3959 19450 5284 20931 26 3962 22602 1453 14273 18902 7730 18802 
21 11561 6 23273 5 28 5 4766 26 0 22615 30 29 29 18498 
21 11561 6 23273 5 28 5 4766 26 0 22615 30 28 
21743 1920 14539 5 5 5 
21 11560 6 28 5 4766 5 3148 10793 7157 7197 12147 22463 15604 15855 5174 15678 21171 6106 30 
6103 21 
3058 16404 21793 15678 28 5 
21 28 16811 4 28 28 4 28 28 28 28 4 28 28 6103 28 21 
21 11560 6 23273 5 28 5 4766 26 0 22615 29 29 29 28 26 29 
28 3816 
15658 18533 10964 4 15658 18533 10964 20 18533 23135 10962 21793 4 7850 10674 5 5 5 21 
17872 14265 20126 8 29 
21 11560 6 23273 5 28 5 4766 26 0 22615 30 29 29 29 26 29 
28 28 6103 28 8 29 8 29 8 29 21 

