21 28 4 22805 20149 12578 20 6 21 
5762 4766 28 5 4766 26 
21 28 4 15855 15678 21269 20 6 21 
21 14156 4796 21596 21 21 22463 5574 7850 2807 21 21 21 
21 28 7730 28 6 
6361 4 9193 8995 2371 31 10273 7509 5146 7509 30 20 6 21 
21 28 4 13325 6103 23135 20 871 11644 7509 15081 0 30 21 
21 9789 7509 13591 4766 29 6103 6631 4 6103 29 29 31 29 29 5 6 21 
21 28 4 28 7730 28 6 22805 20149 20402 12577 16404 23135 5 6 21 
21 15708 31 21793 18498 14335 6679 16323 20 6408 19474 4766 3558 5 6 
7730 9808 1249 15604 16404 21793 15190 20 6 6103 21 
9808 28 20 6 
28 7730 28 6 13055 6075 16404 9743 31 13566 6103 4913 20 
28 28 20 6 
28 28 6 26 0 15834 0 6103 
21 16972 4 8995 5762 31 9193 8992 23040 7730 10959 6103 19900 18498 13598 23135 8995 13359 20 276 15678 23273 5 28 5 4766 5 3148 7730 14335 7491 5 5 5 21 
1570 20 654 20402 14550 20 6 6103 

21662 20931 3726 6103 18950 8003 16673 15855 7730 753 22463 16967 7850 17889 5 6 
21 28 28 4 28 28 7730 18475 16971 18498 17511 14335 8060 22327 1920 18498 10648 6 
6 6103 21 

17950 6103 18420 7914 20634 6103 12301 6 12408 155 20 

9789 7509 13591 7850 20495 16705 6 29 7792 4766 2136 29 6103 6631 5 6 
17438 18498 15658 0 6 
15678 18498 9193 20293 7491 5 5 5 
21 873 17304 17438 9721 5121 20149 31 28 8995 14539 20244 19415 6103 15604 0 1920 9901 7188 4 22805 0 6 21 
873 2371 22564 26 26 7730 21681 17877 8406 15678 28 29 7730 29 29 0 18533 19900 20149 15678 17877 20402 7509 17950 16066 866 7850 19415 7509 9574 5 5 5 6 16404 
21 15708 31 21793 16673 16323 20 6408 12780 19474 22463 17438 22463 4766 3558 5 6 
7730 4 1575 4 22463 23570 29 16404 21793 15190 20 6 6103 21 
28 28 6 
21 1427 4 15678 28 8995 18006 22463 15604 17380 7850 18470 7847 15658 20402 15708 31 12296 15678 22588 20670 944 7850 17380 6103 5111 8406 16083 5 7847 14018 7733 4 9193 4 2727 4 15502 13359 5 5 5 
22463 23175 20670 15678 1961 8995 20402 9790 4 9193 1427 15678 28 21282 20202 4766 4181 15678 19522 7509 23175 20149 29 7509 22588 23174 5 288 18498 22657 15678 8744 4 31 23175 20402 21083 19871 6 21 
21 21 21 11617 22 30 26 31 28 12583 26 23063 26 5 26 11678 11617 26 26 26 30 26 5 21 21 
23 5 21 
28 6 
18475 20257 4766 31 22942 7850 14548 15658 20402 14532 4668 5 6 16404 
31 14425 16440 20402 31 10343 7509 3618 20 
23575 29 28 16404 12408 20 6 
21 21 21 15922 28 26 20 21 21 7730 22463 7509 13786 7509 17960 10762 11570 6070 7914 4434 7509 14534 5 5 5 20311 20 21 
21 28 28 4 12861 22318 13325 866 0 21 
21 23570 12939 6103 14096 22463 2402 7509 1734 11861 20 
16404 18525 15658 21596 4 20402 2727 13278 5 16404 18525 13055 21596 7730 21596 7733 22575 4 6075 16404 16429 7509 26 26 7730 5219 13909 8806 5 15658 17629 22564 15678 7733 22575 16404 15678 3454 6 9743 26 4766 15678 3454 18498 23135 13055 21596 7850 7649 7730 4730 20463 7733 22575 18476 20402 20762 5 16673 18498 9193 8386 4 20402 29 31 13909 20 6 21 
21 7730 15678 28 7509 30 15658 18876 15425 23174 20207 31 28 5 5 5 
5 5 5 9193 15424 7847 18533 23174 15423 0 15678 5 15678 22 21 
21 
1575 20 6 6103 
21 28 28 4 28 28 4 28 28 28 4 28 3178 28 4 28 28 6103 28 4 26 28 7730 21793 15190 7509 9774 6 23029 31 18352 3928 9774 0 7850 15270 4 6075 16404 14265 31 20126 7509 3321 4 10965 5 5 5 27 21 
28 28 6 
21 31 16971 8678 22463 13591 4229 21 21 4796 10648 7251 7850 28 21 21 7730 22782 15906 4 7480 16673 28 5 6408 6981 4 15424 17629 4913 15678 13591 5 5 5 21 
6 
21 4796 20402 18498 22463 3790 18498 15658 6650 7277 31 18191 18006 15424 7850 11538 17382 15424 7850 18191 26 8995 7914 17819 7850 16967 0 873 14335 9431 4 17438 9721 0 21 
30 22 
21 28 28 4 28 28 7730 6329 12578 7850 29 9789 7509 13591 28 22575 4 
15855 21282 31 13566 6103 7792 2136 654 21371 5174 4796 21 21 15083 7509 9193 9623 21 21 6 
4842 7509 28 
10883 
20298 
28 
26 
4466 5897 
9009 7509 28 7730 5527 
28 10192 
23505 7730 994 
28 10361 
12477 28 
3760 
28 
22519 
9462 17431 
28 
28 
28 26 
11714 
3174 
7521 
5378 
2265 
28 
28 28 
9009 13441 
28 
28 13598 
13788 10793 
775 
5348 
28 
16925 
10889 
16718 
15604 28 
7792 29 
28 21 
6 6103 
21 28 28 4 28 28 7730 18525 13909 20402 1393 29 9789 7509 13591 28 22575 6 
19900 18498 7850 17819 7127 18487 4 7127 29 21371 21596 31 29 9788 7509 28 5 21048 1575 31 22915 20 6 6103 21 
21 
6 6103 21 
21 28 28 4 28 28 28 4 28 28 6 21 
21 28 28 4 20402 18498 8956 20402 14425 0 21 
21 28 28 4 28 6103 28 28 6 15658 19900 20149 12578 4 9193 22805 22463 16083 7509 4711 20670 28 7730 16393 22385 3086 5 5 5 13055 18498 8995 2553 4 15658 5960 2322 5 6 21 
21 15833 6014 5 15678 28 14335 6075 22463 22445 5 13539 7509 21551 4809 7850 7127 29 6103 656 5 13055 15658 2631 15658 5219 288 15678 17535 18498 14335 12578 7850 18352 18498 9193 5947 4 654 15658 12780 5219 13909 15424 7850 9193 5 6 21 
21 14924 22597 18449 2833 7509 13591 6 
31 13907 7509 7792 8995 4766 6637 16753 16066 2136 20244 6637 5 9387 20906 4766 13598 817 31 17807 2447 9244 5 6 26 13598 7730 17555 7792 5174 4766 6637 18733 3058 16404 871 22406 20906 7509 14875 4 28 7730 28 5 5241 18498 31 29 9789 7509 13591 28 22575 15562 21596 6637 6103 29 4 22657 31 16689 4913 15678 18498 8995 15138 2553 16066 13598 18498 15562 15658 23016 1393 9789 7509 28 5 
4796 4766 17807 951 4 9193 15299 15138 184 5 
9387 22463 2532 8644 4 13923 20579 7730 22731 20 9901 7850 17608 6103 893 4 16936 7509 17490 29 7730 29 5 21 
18472 20 6 6103 
21 28 28 4 28 28 20464 4 28 28 28 6 21 
13055 19969 15678 9455 7509 2833 7509 13591 7730 9193 12780 9605 20 6 6103 
21 14924 16061 7509 7127 6 15658 11862 15678 18498 23135 9743 4 873 12780 1751 22463 17877 5 6 21 
21 26 26 5 
9193 21282 7491 18498 31 16440 7509 19522 20149 946 8406 15678 14444 7509 17803 7730 7509 19522 5 17458 15678 19522 15643 20402 3058 6103 17819 5 5 5 15643 5 5 22 21 
28 6 
6 6103 
21 17908 22463 16464 7850 6164 5 4730 18498 17629 6103 22463 16464 5 1421 22463 4766 22463 3058 17807 7730 15678 2322 21 21 23575 13727 20 21 21 
4796 9193 17629 6103 7558 16464 4 15128 16404 7558 16464 5 1421 31 14539 16464 4766 15678 14539 17807 7491 21 21 23575 7558 13727 20 21 21 
5320 16404 15678 28 28 7730 7847 7491 6 21 21 4730 18497 16464 21 21 5 7730 15678 6164 20786 31 14539 16464 4766 15678 2322 21 21 23575 18497 13727 20 21 21 
288 18498 873 8995 21582 14335 8344 5 5 5 21 
28 28 6 
21 6 6103 
26 5 9193 19900 18498 20402 12747 5 9193 1393 22898 288 18498 7102 21596 7861 21793 1249 5 5 5 560 4 18498 23523 3058 16404 15678 28 5762 22463 5499 8810 6103 18059 31 1233 7583 20 27 21 
1393 12578 7914 9743 14548 7914 20634 6103 12301 6 
16404 18525 15005 16066 16468 16673 28 5 5 5 
21 28 28 4 15658 20402 22385 3058 1920 5 9193 13359 7914 871 13727 18498 15678 26 26 6075 29 11046 5 6408 9193 12780 6075 22463 15855 5 6 21 
9808 28 20 6 
21 349 15678 21551 21793 5 5 5 
5 5 5 7730 4 7850 13907 7509 22898 4 8995 8918 6103 22327 5 5 5 21 
21 1392 7509 6104 16404 20970 6103 1840 6 15612 29 5 
6104 16404 20970 6 14230 29 5 
20967 6 29 29 29 1393 29 6 29 5 
163 6389 7509 17605 4 15963 5 6 21 
21 28 4 31 9867 18498 9193 9594 6 28 9867 7509 22315 7277 22575 5 21 
10141 7730 15138 7163 20 6 6103 
22657 31 16689 13359 20 6 
9193 19698 5 30 
21 6014 20 15678 8968 7509 26 15567 12780 20402 15138 3894 20 
28 16421 7730 20495 6103 4 23135 14335 22805 13909 22898 5 6 21 
21 26 28 4 29 26 21 21 26 26 26 26 21 21 4 
11617 26 26 5 
26 4 23351 26 7850 26 14335 26 0 21 
21 9808 1249 15604 20 6 6103 
30 21 
9193 19698 20 6 6103 
21 15658 12780 17525 13909 22463 21 21 9808 28 21 21 17458 9193 18352 8995 4290 6318 7730 740 4766 23222 4766 15286 6103 28 1205 5 5 5 
9193 6679 22463 9808 28 31 21793 7509 14539 12939 20 7 21 
21 26 5 51 15678 4945 17438 11462 20 6 6103 
16066 16673 14466 15678 28 5 5 5 21 21 21 
14378 5 
28 28 20 
21 28 4 29 5 29 5 29 3148 28 28 26 20 6 6103 21 
6 6103 
21 28 28 4 28 28 7730 28 6103 28 6 
654 18498 15678 13591 4289 7914 16816 8995 4 17511 18927 6 7850 7464 26 2849 17438 18610 29 4 29 7850 13591 7509 10179 20 15658 13359 15299 740 4 9193 4289 12526 7730 6389 7509 17605 6103 29 28 20 
28 28 4 16468 16404 31 28 20 7847 7102 20149 12578 21371 5 6 21 
21 29 4766 17877 7850 20441 20 30 
654 14604 7127 19283 20 6 6103 21 
21 7102 19487 15678 17819 4795 6 
21 21 26 26 26 26 26 26 5 
28 6 21 21 11617 22 13800 26 26 21 21 5 
28 6 21 21 7850 21 21 21 21 21 
21 8956 11454 7509 22575 1190 2084 9193 17913 6103 21793 31 10211 17521 5 20402 21551 13359 6407 7850 28 4 20402 21551 7319 15678 1961 5 5 5 7730 654 31 2807 7509 28 9769 20 
2371 6014 5 5 5 21 
21 1393 17563 7509 9774 6 15678 28 23151 1393 13616 7730 8678 21 21 17111 21 21 7850 17218 5 13494 6103 22767 6 29 17111 5 6 6103 21 
29 18352 7914 1840 7730 21652 16404 13359 2136 29 29 7730 31 21738 17790 7509 9193 11890 201 5 288 18498 13055 12780 4913 7558 3940 5 6 16404 
23151 20 6 6103 
21 20149 17629 9594 4815 2136 15678 7127 29 29 4 14018 7733 16066 23135 17304 21596 22463 21189 7850 20931 5320 21507 20 16404 13905 4 5322 28 28 20 6 6103 21 
11875 11680 5 6 
21 873 2371 13055 11898 26 7850 12477 6103 18607 22575 0 9901 3058 0 6361 16404 9901 17989 0 21596 871 13727 14425 16404 12145 0 
15678 28 21596 18498 9569 14604 21932 1393 12755 6103 21282 2084 4 16673 14466 6103 22897 7914 18476 5 21 
6 
16404 18525 15658 10959 7509 17998 7509 26 6 7467 20 
15138 3058 20 6 6103 
6 
6 6103 
15585 14480 6 13405 11125 1022 5 6 
30 
30 
22597 18449 6 873 18498 9743 10217 7850 28 13055 21681 871 15599 7509 23489 0 
21 1393 17563 7509 28 6 17923 5 7614 5 28 28 17930 6103 28 8995 6070 7850 17950 21 21 2727 8995 21 21 7509 10889 20 27 5 5 5 15138 13278 20 6 6103 21 
4766 31 4988 6103 22463 16659 7613 5 6 
9193 31 15286 9901 7509 14539 12939 5 5 5 30 
21 17272 20 
27 21 
21 21 21 4796 7491 15678 4784 1089 28 23135 5 13059 5 4 8995 15637 23523 14149 6103 2289 21481 18498 17304 8995 20402 9066 17438 22463 10796 6103 11663 14694 5 21 21 
10753 20 27 21 

