21 26 28 28 6 
15894 20402 15678 10250 7509 19143 0 27 
21 28 28 28 28 8995 2371 15678 23222 18498 9193 9594 17872 23135 6 
21 26 28 28 15855 2371 15678 26 18498 9193 22318 9594 6 
21 31 4672 3058 6 13055 21776 14294 7850 22516 
31 4672 19854 6 21776 3850 20 20 20 20 20 20 20 21 
26 26 20 
26 28 28 18525 20402 18498 23104 0 
18339 18498 16404 16468 7850 22575 20 20 20 20 20 20 20 20 20 20 20 20 20 20 20 20 20 20 20 20 20 
15678 9975 7509 3222 
9193 21582 18506 15678 17541 20 20 20 
27 10702 20402 10131 20 20 20 20 
27 
27 15138 3058 8956 20 20 20 20 20 20 20 
9620 17556 16404 15678 9971 7509 15190 5 5 5 
3058 21551 5 5 5 5 
3058 21551 5 5 5 5 5 5 

