21 1097 4 11462 19822 14604 4122 7850 3962 7509 17583 5 17438 9721 4 18525 17629 14335 4958 4 1453 17438 7733 6 28 28 5 4766 5 3148 4 28 16066 7850 10041 6 29 5 
2702 7730 3058 20247 21 
15658 11284 15299 14425 7850 15190 18498 15678 15855 1409 6103 22463 2689 16404 20931 15253 20 20 20 20 20 
14604 15604 1114 20 20 20 20 
21 9594 20670 15678 28 7509 28 6 
15678 18498 21596 7914 14604 5528 20402 21282 11036 20 
11036 17438 7847 21596 15344 22385 2727 4 16816 7730 20134 20 
11036 1393 28 4 18498 19900 20402 16126 4 4841 7730 14604 1506 7992 7850 18494 8316 23575 20247 6103 10822 20 
11036 9172 31 28 28 4 18498 23029 9193 7610 7850 23575 11518 4 18498 9025 1393 14604 13131 7914 3450 17406 6103 12626 18498 21179 4 18498 14335 6075 20214 7730 20414 18476 13909 17629 7730 4766 18525 17304 19547 22110 11883 7914 9193 14539 5 
11036 31 28 28 18498 2018 1393 15576 16630 6103 20725 20 
11036 31 28 28 28 17438 6670 20293 368 7914 9193 7730 14335 11165 9193 17819 28 6103 22463 13669 12970 4 17438 14335 155 15678 15860 6103 4672 7188 6103 8474 20 20293 20402 9193 14550 20 
11036 31 28 28 4 18498 20293 14335 16098 4 19456 9193 8637 7730 14335 16006 18476 20402 17629 5 
11036 31 28 28 4 7610 22385 6305 18498 14335 328 22385 2727 7850 16440 7509 28 7730 18498 14335 16878 2091 14604 14378 5 
11036 9172 31 21793 31 8525 7509 3962 28 4 15894 9743 14604 18142 4 14335 330 7730 14335 8361 21389 4672 5 15708 17438 20293 19969 7509 5291 13909 9808 7730 5105 5 
15708 31 385 28 7730 28 4 18498 21858 13909 21154 14604 23575 28 28 6103 10822 5 
15708 1393 14604 9943 28 7730 28 17438 20149 4902 22385 2727 7730 20149 23029 21282 7850 11518 7509 28 7509 12787 5 
15708 31 21793 14604 18533 9626 17438 21793 31 17617 7730 15965 7730 3058 22925 16404 18498 22327 5590 2727 20 7847 4289 7730 20357 15138 22463 11020 8208 17504 20 15708 20 
15708 31 14604 16169 4 9193 12787 4 9193 15253 4 14604 5915 4 9193 5758 7730 28 17438 14335 715 22385 4273 7730 18913 7850 9975 7509 10822 5 7730 20215 31 15894 6103 14335 22805 7914 21340 8995 5 5 5 
15708 28 13759 16673 3488 7509 14049 7850 3590 8329 9193 8995 4766 5418 20 20 20 
15708 31 3450 15144 18498 17304 340 15678 16440 7730 4766 23135 5741 20 20 20 
14604 5528 8995 7914 9867 20 20 20 4290 6103 835 7730 11036 20 
15708 28 20 17438 23016 22385 10259 7730 6146 31 23104 20 
11036 7730 15995 6103 9193 14539 20 18498 22458 2595 12610 16404 17438 7850 15190 9193 13512 7730 22965 9942 20 21 
21 11076 7509 28 5204 17819 11020 28 6 3510 7280 28 7730 23118 28 13307 20 
29 6103 20460 6103 29 1393 29 6 29 
15459 21648 4 7127 29 6103 20460 4 15678 9128 7509 28 20149 20803 1393 11076 7509 17931 9380 31 19969 7509 7280 28 7730 15678 23118 28 13307 4 19481 17438 11020 1987 7850 3629 4 4796 31 21583 6103 9767 6103 5943 5 18887 31 6592 7509 5318 7850 20751 7509 28 4 31 389 6103 5767 1059 7730 11899 449 1858 15678 23516 7509 4964 7737 13055 3697 6103 21363 1639 5 
11462 4 7127 29 6103 20460 4 15770 22463 5166 155 18498 5320 4766 31 17737 14254 6103 1583 29 16428 5 7148 31 11871 6103 5369 31 20644 31 5166 538 28 7730 15678 23118 28 13307 20 17438 17766 7509 15102 20402 6409 4 22463 17819 7730 8322 28 20 991 7384 4 15678 17930 28 20402 18085 15542 16673 5166 4796 19483 17438 12462 22463 4821 16407 16404 15988 31 7861 7279 7730 16408 7850 3629 5 
28 20 31 13749 5360 20 
7279 16404 7861 6103 7280 13055 20 
18498 31 5166 1926 31 3928 6103 9381 7509 22310 4023 20 
16401 7850 6152 20 9005 20666 4766 31 22310 4023 13055 20 
19480 6103 28 28 16673 5767 1062 7730 6103 11899 449 20 21 
21 10765 4 19969 7850 18908 5741 20 20 20 
21 22463 20825 6 18498 15658 9387 13909 12963 6103 10523 20 
18498 15678 7251 10691 4766 15704 6103 3630 4 4766 16468 7730 20015 7509 12959 4 4766 4913 6103 1840 4766 21275 7509 21726 4 4766 17998 7850 3618 9170 4 2136 4 9170 4 20402 10691 4766 7804 4 7804 7730 7804 4 21355 22463 17556 4766 31 20127 21371 5 18498 15678 16169 12960 3031 4766 20463 9943 15459 14924 4 18498 15678 15311 20149 1049 16066 5459 15459 14924 5 18498 31 9634 20402 16475 15658 16421 13026 15459 11518 4 16066 18498 20559 21793 20402 7599 13909 4099 7850 18486 5 5 
8330 6 15678 18498 349 7850 15190 20149 15658 11284 13909 12963 6103 10523 0 21 
15834 
17438 18498 15658 22749 0 0 0 
21 15874 31 21793 20 8956 20402 22463 26 6103 22463 13512 9956 13669 18498 20402 13185 7914 3206 20 
15658 16784 20 20 20 21 
21 28 28 28 4 23135 19900 866 20670 31 15599 0 20149 20402 22821 0 0 21 
16659 18498 15678 28 16960 

