21 15138 9808 4766 31 15941 6103 9594 20670 22463 1961 18498 21596 11020 1533 6 15678 26 7 16404 7480 15678 29 28 28 18498 349 9193 28 29 7730 29 6075 15266 16404 15678 17950 14425 16404 23135 4766 6766 6103 26 1393 23104 5 
13905 12301 7509 26 22602 15459 7127 7850 26 6 
4766 28 28 28 28 28 28 26 28 21 
21 29 28 28 31 9867 7509 5896 12910 5 29 6766 6103 26 28 28 4 28 28 28 4 28 28 28 4 26 28 4 30 28 28 4 28 28 28 4 28 28 4 28 28 6103 15094 7730 3996 28 4 28 28 4 28 28 4 30 28 4 28 28 28 4 28 11300 4 28 28 28 4 28 28 7730 28 15527 5 
28 28 28 26 28 30 28 28 26 26 28 6766 26 21 
16323 13488 28 6 
6 
13488 28 28 28 
9808 29 
6 
13488 23 13488 28 
21 26 26 26 15924 26 10418 26 18476 23135 304 155 31 26 10419 5 
22470 26 28 26 26 20238 21 
21 7850 7127 29 6103 15612 6103 29 4 349 15678 4996 6103 26 7730 3702 11070 7850 4145 6103 20402 28 5 22463 9224 4789 1393 29 1249 7509 1927 7509 22092 6103 1103 28 28 4766 1506 7509 10483 28 7914 20402 28 4 15678 15054 6103 20402 28 7730 31 1945 5897 6103 26 28 7509 28 5 21 
10907 20 10907 20 28 20 20 7850 15005 11282 7 
23 
21 13055 16721 7914 9743 22463 8350 10282 22886 8956 13520 26 0 654 15678 20463 20825 17304 20149 21858 18774 20 16404 9769 15678 1249 4766 4276 6103 16067 13909 22463 11020 16378 11777 2002 6103 26 7730 28 26 1825 7730 15678 19522 23135 5097 6073 31 871 28 5 
26 28 26 28 26 28 28 26 13358 28 26 29 28 11777 9872 20879 26 28 5896 26 26 26 26 26 26 26 28 28 21 
26 26 28 
28 5652 28 
26 30 28 
21 8855 6103 28 28 7509 28 4766 1549 23577 7914 20402 28 5 
28 28 21 
28 30 26 26 
21 9901 15138 9808 7914 9743 16440 7509 8855 26 13266 6103 1103 7914 20402 28 5 7730 15459 7127 29 6103 16086 6103 29 15678 26 4 8995 7914 28 7730 15576 29 20024 21371 22615 22615 22 5 
13543 7509 9224 6 11560 6 14662 5 14335 30 21 
28 26 26 29 
26 12571 28 12571 28 26 26 26 26 26 28 21 
21 15619 19860 7730 6592 
26 12571 28 26 26 28 26 28 28 28 21 
26 26 26 28 21 
21 4289 7850 17583 7509 28 4766 31 4380 
28 28 28 26 17583 26 26 14779 21 
1826 17285 15355 21282 18498 15658 5 5855 16404 15678 10905 7509 15364 5 7885 8520 6103 29 16633 5 
21 6408 6103 29 11518 6103 22915 
3432 29 14265 2069 26 26 22202 21 
26 26 26 26 26 26 21 
21 28 6103 5758 9818 6070 7509 10095 26 26 28 26 6070 
16404 5758 6103 29 29 1249 6103 11636 
28 26 29 26 26 28 28 26 26 26 26 21 
21 28 28 28 26 5 26 28 28 26 
28 26 28 28 28 29 21 
662 6103 5528 31 15941 6103 9743 16440 6075 2725 17960 9 8 28 28 
21 15502 20402 15708 31 19900 9193 9233 1744 15678 10616 7730 10095 7509 23501 6103 28 5 17438 11683 9010 8855 13512 7730 11046 17304 15658 349 13909 5 15576 16587 20402 13512 7730 14149 4 12780 9743 9193 16440 7850 20709 16404 18498 9010 8855 5360 21 
21 28 28 4766 28 28 5 14245 6103 28 28 4766 7623 6103 30 8464 17438 10179 6103 28 
28 28 28 16421 7509 28 28 26 29 26 21 
21 20402 7850 20906 7509 26 26 9417 31 3678 28 7730 31 28 201 17438 14335 11719 
9872 7509 28 26 28 11721 28 28 21 
21 0 0 
9872 7509 28 9872 7509 28 29 26 28 26 28 26 21 
21 26 26 26 22 23360 
26 
20500 26 26 21 
21 29 28 28 28 9872 7509 9094 
28 29 28 20879 29 9872 7509 9094 28 29 21 
21 17737 4766 3870 

9193 18498 9743 1830 3102 1393 15256 6103 5528 9347 16630 23577 28 10696 21 
21 15678 12186 20402 11051 4060 15678 1995 4 19474 7914 13441 4 18968 7509 13009 4 15425 7509 16083 8051 7509 4842 9743 15299 5371 15678 18688 12960 15678 6006 7850 22227 7730 22327 2727 20 6408 7847 4060 22463 1995 5371 22463 16971 7730 15502 11731 18498 7847 20420 3735 6103 4060 13923 5 21 
23 12577 20 13488 28 28 28 28 28 28 28 26 28 28 28 28 28 28 28 

