21 10765 20 20 20 9193 1095 28 28 12780 20149 1547 7850 2547 28 7509 28 28 7850 7127 29 29 20 20 20 20 20 
18525 18533 20149 7451 7730 5947 3058 15286 4 20402 22463 17950 16404 31 18584 31 15533 20 20 20 
8995 4766 20126 8 29 
15855 12861 28 20 20 20 20 
21 19295 15678 18498 4 1427 4 15658 21596 13909 22597 5 5 5 21 
1540 31 22564 15678 13351 5 5 5 5 
18533 22463 10621 
3058 7127 
8995 2371 15678 18498 9193 18533 
288 18498 6075 
16718 6103 3450 7127 5 5 5 
5179 15643 20402 6329 6 
21 21083 18930 20 20 20 20 20 20 20 6184 4 12534 7730 22463 21083 18196 8 29 21 
15855 31 10273 
21 28 4 15855 18498 13278 20 20 20 20 21 
288 18498 20402 21021 5 5 5 5 
9130 20 20 20 20 
18533 21596 3224 4766 12861 7850 2154 6103 28 5 5 5 
8 29 8 29 8 29 
16323 20 20 8 29 
20402 18498 19450 0 0 0 0 
288 18498 9193 18533 
21 15459 29 4 18498 31 15127 4809 6389 6103 15671 5 5 5 5 21 
21083 12577 20 20 
17304 20402 6103 10765 11020 21371 0 0 0 
5320 15678 28 
9193 18533 22463 6103 5921 
452 8956 21743 6103 21932 20 20 
28 20 20 20 28 7730 28 15708 20 20 
21 31 4524 4623 2233 22463 20446 5960 18610 29 4 29 17438 20247 4 20244 18498 9193 21596 238 15299 5 20402 22463 22834 7730 191 5371 15678 5297 5 
16404 3653 14469 17978 4 8458 22463 14469 16404 29 4766 31 16192 19969 5 12861 16673 14466 28 18498 23135 20402 15678 18195 31 20402 13363 5 21 
30 20 20 
8 29 
21 15708 16673 14469 20 20 20 
18498 17511 20402 11043 17438 22327 18498 21596 20 20 15138 1114 4 16580 4 20127 7730 18029 7850 9193 22942 20 20 
15708 20304 16673 9193 9634 7730 16673 1097 18498 21596 20 20 
2700 2700 2700 21 
13566 16404 15678 7128 5 5 5 
6075 23167 6103 4346 5 5 5 
6 
15708 28 20 20 20 20 13055 5174 7558 6 6103 
21 14792 20 20 20 6 6103 
20402 15138 5763 20 20 21 
20402 18498 5219 23051 21793 28 0 0 0 28 9620 28 7850 9193 22915 6 
21 6 6103 18498 21083 20 20 
6324 6 6103 
21 28 4 20402 18498 23135 5219 22463 16404 3450 22463 7509 20931 12787 0 0 0 0 14604 15860 8995 3219 5 5 5 5 6 21 
6 6103 
28 6 6103 
28 8 29 
8 29 8 29 8 29 8 29 
8956 2647 15678 18962 6103 12446 20 27 
18498 10141 20 20 8 29 8 29 
15678 14604 23104 7850 7424 20 20 17689 2136 18476 9193 18533 5 5 5 5 6 16404 
21 439 7914 18525 9193 16721 28 4 28 4 28 4 28 5 5 5 21 
21 15855 12861 28 7730 28 20539 4 28 4 28 4 28 4 28 5 21 
21 10268 28 20 20 20 6 
21083 21083 18772 6 
18498 10141 20 20 8 29 
15138 13278 20 20 
28 
12861 18784 20402 11886 20 
6 
8956 20402 31 3058 7509 15533 20 20 6 6103 
28 6 6103 
20402 28 0 0 6 
21 12861 21596 19450 15678 15576 17877 28 4 28 7730 28 6 21 
25 20 6 
16404 12780 21932 20 6 
9901 4766 14378 20 
21 28 4 10060 26 11943 28 26 3881 28 26 19404 21 
472 20 20 20 
21 28 4 288 18498 9193 238 22463 6981 5 5 5 21 
21 15855 18498 13520 20 20 
20402 13669 13909 20402 3086 20 20 
23 20 20 20 20 
13909 22463 7157 16404 23135 28 20 20 
14792 20 20 27 5 5 5 
8 29 
28 20 20 15855 31 15244 7509 6098 20 27 5 5 5 
8 29 

