21 21 21 20402 22463 16971 2265 5219 14539 5 15658 21582 15061 20402 15678 18498 15658 20402 4 15658 9645 31 20500 14539 15424 20402 11343 5 9228 31 3726 18498 17520 5 5 5 21 21 28 28 4 29 28 21 
21 21 21 31 23180 20402 21340 4796 22463 8832 5 7847 19089 4516 31 5055 6103 22942 6103 22463 16971 5 22564 1453 15678 18987 7509 23180 20402 17521 6933 31 8838 4 31 5521 4 31 20414 7730 15678 20326 6103 13048 7850 5528 7509 16971 5 21 21 28 28 4 29 28 21 
21 1027 20 20 15671 9193 8386 4 19698 15138 4 4346 4 9193 18044 4 20402 1095 4 5113 4 20402 12787 13909 22765 4 20293 8995 1614 28 20 20 
22130 6103 22463 22942 2727 23104 28 16404 20293 6670 6103 20293 21 
21 11462 20402 15678 20463 7127 20 20463 1247 4 9193 23135 15658 9010 1614 16404 16098 15678 15576 1485 4 9193 4766 21793 4181 16098 31 9193 15965 7850 6679 20293 31 11712 20 20 15253 4 31 3450 7127 21596 13909 4179 6103 18498 21282 15036 1612 18498 15658 20402 13325 7730 23135 4 20293 20402 19083 16404 22327 7730 16404 15671 20 22318 1027 16404 20293 20 20 
1114 991 7509 22942 15253 22318 1027 21 
4809 662 20 20 20 
21 15658 20402 16061 2553 
15678 16061 3281 15658 20402 13413 15424 1201 5 20402 22463 10547 13797 4766 20326 6103 19478 7148 7509 18774 3585 15637 28 12534 18498 9431 4 2238 7730 11915 31 16971 31 636 7730 31 22020 31 20644 5 20402 16061 7850 20357 13909 1138 7509 21625 5 
15678 9032 6103 22942 8361 7850 30 20402 21916 12442 7850 13301 21161 7509 22942 7730 7914 17838 22513 7730 22016 21340 4796 31 21 21 22493 6103 5574 7730 14487 21 21 5 1393 482 21340 10211 6103 23104 4 31 14487 21848 11945 7730 20149 9507 22665 7730 835 14539 7509 17107 4475 5 15678 5462 7509 20739 7914 11712 20402 31 18909 7509 30 26 28 30 1393 28 4766 15678 20584 6679 6103 20402 9808 7730 5064 21793 1393 9801 5 
26 4 7783 5 29 5 29 4 29 20460 29 4 16404 5 30 21 
21 17458 11462 20402 15678 7127 6281 20 20 
22130 6103 22463 22942 2727 23104 3280 11036 21 
21 22130 6103 22463 22942 2727 23104 20 20 20 
26 134 6324 630 21932 4766 12861 21 
21 16673 19856 
11284 2717 7730 1114 17438 1614 21 
22805 10095 
21 21 21 15658 7102 20357 15678 14465 14378 7914 20463 5528 5 15678 18498 11810 31 16971 6103 14055 15678 8995 6103 28 20402 31 9620 6103 5521 4 1471 6103 21596 17929 31 10547 7850 26 7509 26 15138 22898 1393 13669 6103 12763 28 7850 16468 5 11284 866 6221 9509 7850 10109 7730 19095 7509 14231 4 7850 15344 7730 18443 7509 28 4 7730 7850 14031 4796 15678 22805 4 15678 16077 4 15678 12726 7730 31 17815 21017 22463 1393 16083 5 866 12695 21371 15770 18476 22463 16971 4951 2046 15678 8995 6103 28 5 15459 14924 4 15678 22310 15745 7730 31 18497 13948 1421 12235 4 7730 18476 12861 15770 4 15678 21253 20149 827 4 1393 16468 18498 15678 21804 18982 5 21 21 21 
21 7157 10729 7730 6324 7509 21409 20 20 
20866 3564 21 
21 21 21 8742 16404 21596 22463 10547 15196 6103 22463 14487 1138 4 6103 22463 5528 155 4 4796 15678 15761 28 5 14539 18498 8995 17599 15678 3280 4 17304 8147 16971 18498 15658 10959 6103 23135 7730 20149 6396 4766 23206 7181 7730 17877 7850 22942 5 15658 16878 4 17495 4 18498 9707 4796 8956 15678 112 4 7730 20559 23104 4766 22463 5528 155 5 560 4 20402 7988 7509 28 19985 5 
21793 17520 7181 5 15658 6256 18498 7847 1959 15678 5426 6103 20931 22942 7730 19822 20931 8838 7730 835 5 5284 31 13905 8506 7509 11454 7509 11571 4 15678 26 4 20412 7730 5522 4 4766 22463 8995 6103 22942 6103 22463 11020 15761 55 31 18838 9119 7509 15894 5 21 21 
28 28 21 
21 7127 6103 22136 2689 20 
26 17356 31 22942 26 21 
21 21 21 20402 13278 4766 20463 12787 5 7847 20402 31 14425 17406 4766 15678 20463 16468 7730 17519 18525 12780 20293 14539 22318 1502 7850 10530 21 21 1027 23135 20 20 20 
9808 7127 7509 12787 1115 12051 20044 7509 14604 20044 26 26 21 
21 28 15678 19522 7509 1386 7509 20463 10530 16375 20402 15678 20201 6 
15678 20463 10530 16375 20931 10530 16375 20402 15138 3223 4 9193 17458 7847 7847 20402 15604 4 8443 7847 20402 6399 6103 23135 5 16066 20402 4 16971 6103 19960 4 13456 7730 11203 20402 412 16404 23135 5 21 
21 28 23135 20402 7509 21743 6 
7894 6103 12290 
23135 21596 22463 16718 4524 7730 20322 4 20402 22463 16920 15775 7730 7188 20402 8386 16673 16083 5 23135 19900 4796 22564 2727 20463 21346 4 20326 6103 12469 7730 20931 1386 16404 5762 22463 3058 1062 16404 23135 14539 5 23135 20402 2727 15988 7730 21596 22463 3058 4920 7914 8003 4 17518 15678 21346 7509 16083 5 23135 21596 12290 21185 1393 16083 4 13473 21793 16404 22463 7284 4 20402 22463 7894 6103 12290 5 26 16673 14466 29 5 21 
21 18498 23135 20402 12094 20247 20 20 20 
16718 17504 1233 10010 21 
21 31 21409 9901 13909 9808 4766 23135 20 20 
918 1097 1115 7847 9901 20480 21 
21 26 4 28 28 7730 28 19667 17511 1820 31 13945 8443 0 20 5 5 5 28 0 20 10959 4 10959 20 20 20 20 20 21 
21 11462 20402 20463 1247 20 20 20 20 20402 22385 16752 4 11462 20149 22020 15459 15144 12094 4 7070 7730 827 20 20 14604 1114 4 18498 20463 7127 20402 15678 20463 19093 4 22463 7127 4290 6103 835 4 10665 7730 15138 1114 20 20 22318 1027 21 
28 28 13325 6103 23135 20 20 
21 288 7205 20 20 20 
17836 16404 31 9193 21 
21 11462 352 1614 4 4766 22463 23167 6103 8995 2371 20 20 17458 6103 10366 16404 15678 14133 31 10765 20149 20357 20293 14425 20 20 
8563 15036 7509 28 26 21 
21 7730 4289 15678 11020 7127 1114 20 20 20 18482 9801 4 18482 1268 4 18482 20126 5 5 5 5 22327 20402 15138 20 20 15138 1114 4 15138 19699 4 15138 4920 4 5459 20 20 12780 7730 3219 20 20 23135 20402 15678 15576 9365 13512 4 6103 7071 4 7730 17836 4 6103 21097 20 20 22318 1027 
4346 7914 29 4 29 4 29 2136 3206 21 
7730 15678 19698 6103 12897 5360 13512 20 
21104 10122 7730 15424 18910 
16971 8995 20244 4122 20 20 20 6 6 
11462 31 15533 20402 4766 7847 16404 22805 7847 20 20 20 
21 31 15533 15658 17304 21623 14425 20 20 16404 4 1095 13909 18498 18533 4 3058 22915 4 3058 20855 4 7850 23151 12780 9743 22327 15678 18498 4778 11300 20 20 20 
1095 13512 26 9808 630 21932 4766 12861 21 
19699 10941 15533 9808 20 20 
21 11462 20402 20463 1247 20 20 18498 6324 20 20 18482 9801 20 20 15678 18498 21596 31 7850 6679 0 20 15678 14425 20293 5 5 5 5 5 21793 31 9801 7730 835 7509 22520 20 20 20 28 18498 20402 22463 17819 7127 6103 1249 15604 12094 4 4766 15138 1114 4 15138 19898 4 9193 18498 308 6103 22327 20402 22463 1249 6103 15138 18780 7730 5204 20 20 15708 17438 22327 20293 20 20 21 
1115 9634 21596 22463 9975 6103 20247 7850 9193 18584 
21 8995 21596 4790 15658 20402 20 20 20 
9634 1115 22463 9975 6103 20247 7850 18584 21 
20019 19699 17458 21596 22463 21252 7850 9193 18584 
472 31 13311 7730 18930 20 20 
21 28 23104 28 13901 
11477 1393 21277 21 
21 28 20 20 20 
3450 7127 13909 9808 19592 6103 16200 11572 7914 2367 26 21 
26 26 28 5 4766 26 
26 26 28 5 4766 26 
21 15643 20402 22385 22823 18481 654 20 
22310 15266 20126 20244 9971 21 
21 15658 20149 10959 13909 7509 11477 1393 28 16066 6103 16098 15315 3702 
21 7730 15678 7127 21623 1920 20 20 20 
13512 9971 6103 21409 26 21 
21 16167 20 
4766 7847 20500 16378 17872 22942 21793 630 21932 4766 12861 21 
21 17458 22463 16164 1393 21409 20402 20293 3058 20 20 
4766 7847 630 21932 4766 12861 21 
21 15855 31 9801 7509 5758 18498 12780 19969 6103 10548 20 20 20 
12780 28 3058 10548 30 20149 23151 13640 21 
21 7730 18784 15658 17304 6256 6103 20402 11043 1393 23135 4 17438 14335 16878 2128 4766 21911 21981 4 7730 19900 18498 17511 5320 4766 31 20931 4920 7730 2753 20 20 20 20500 4 15708 20 20 20 22318 1027 21 
21 21 21 740 18498 15770 23206 15745 4 6670 18498 15658 20149 5762 31 7728 7850 5528 4 2046 15361 15678 8995 6103 28 5 15658 7693 4 14539 18498 15658 11284 18059 7509 6014 5 15658 13166 31 2169 6103 20214 7730 21981 7850 22942 17737 5 7957 21596 8361 7127 7730 15533 31 14604 7322 4 7847 15650 31 7728 7730 51 31 10547 5 15678 21804 21570 31 8918 15678 18498 17973 18476 4289 15678 14924 5834 5 
9130 28 86 7509 15860 21 
21 11462 20402 7127 6103 2128 4766 21911 11036 20 20 18498 23016 15678 29 7509 15604 20402 7509 28 30 4766 31 4936 4 7509 18069 18772 20 20 
1652 26 11036 1393 14550 21 
17458 11462 20402 7127 6103 
21 15499 6075 3058 15533 4 17458 1022 20402 7127 6103 2384 20 20 20 20 
26 17356 31 22942 1271 21 
21 12901 19703 20 20 
21438 6329 11462 7847 1097 2727 13905 17458 20402 9808 630 21932 4766 12861 21 
21 28 20 20 20 
18525 7491 18498 15658 21596 20693 20474 1233 7847 20402 12094 21 
21 19525 7509 15533 6 20402 12094 20 20 20 20 
6917 28 21 
21 6917 7509 28 20 20 20 
7847 20402 12094 17458 20402 9808 21 
21 9808 4 17458 21596 22463 20474 7850 9193 18487 20 20 20 20 21 
21 17458 21596 22463 20474 7850 9193 18487 20 20 20 
6917 28 28 12780 19969 6103 10548 21 
21 21752 31 13375 20 20 9193 20402 22463 14464 5 5 5 27 
21 3450 7127 13909 8847 21739 20 20 
28 21 
7730 7847 15658 3510 20 20 20 
21 21 21 9193 23575 28 7509 13301 4 15678 7115 7509 26 6103 26 1421 12235 5 18481 17107 20402 31 505 18498 18853 20670 15678 7115 4 13905 20402 31 835 18498 7847 20357 7102 1393 10259 10547 5 15678 10159 15658 1655 13909 12544 18476 31 13344 20402 434 0 21793 15678 19691 6697 7850 14133 7 7850 8377 4 17304 15770 6103 15678 14133 19198 31 702 6318 0 21 21 
17356 31 22942 30 6103 13903 28 22020 15678 3878 7509 9634 21 
21 21 21 7585 22 21298 26 26 26 26 26 4 26 26 26 26 26 26 26 21776 26 5 26 4 21 21 26 13433 11943 26 26 5 21 21 26 26 26 26 26 15678 26 26 21776 26 26 26 5 
21 21 26 26 15803 26 26 4 21 21 30 29 4 16404 5 29 5 26 26 6 21 21 21776 26 11617 26 7 21776 5360 11617 26 5 26 26 13433 11943 26 26 5 21 21 21 
21 20670 15678 7499 6103 11462 4 13055 18498 15658 19140 20 20 
7499 6103 22942 31 22942 10252 15678 13266 28 21 
21 31 13909 7623 13324 6103 9193 12319 20 20 
20357 20126 30 13266 6103 9634 15658 9010 20402 22463 1249 10544 21 
21 7730 18476 31 20126 1467 23029 1393 14133 20 20 
15708 14464 21 
21 21 21 22020 22225 7914 5521 4 22020 3878 7914 14799 5 19779 31 8715 7730 9743 15678 20749 7509 14049 15344 7850 5528 5 21 21 
15604 19652 11570 13759 7509 9801 15963 16673 20931 11751 11712 14004 19295 15678 13032 7730 31 6152 21 
21 15253 22385 28 20 20 20 11462 15658 20402 22463 7127 6103 22225 4 9193 20402 22463 7127 16404 662 31 15941 6103 20402 20931 9942 4 17438 21793 15678 1114 6184 1393 15671 20 20 9193 15965 11462 20402 7264 31 23135 4 18766 18498 20402 9171 15253 7730 9942 4 17438 21793 31 9193 9388 20 
21 21 15253 4 23135 18525 14335 10795 7730 14335 7802 5 15253 4 23135 18498 14335 5876 7127 7730 15533 4 20244 6564 5 15253 4 23135 18498 14335 347 7730 14335 18044 7850 11518 15392 5 15253 4 23135 18498 15963 9861 16673 2727 7509 20931 9634 7730 6103 20463 9943 5 15253 4 23135 20402 22463 16971 20962 7730 19464 4 23135 14514 15678 13905 13697 4 9193 7850 7115 15678 13909 951 19456 7730 31 13909 17942 11036 5 21 21 
9193 9172 11036 21 
21 238 18498 7545 14466 20 20 20 
15708 14004 21 
21 20402 9312 12861 20 20 28 20320 15708 20 20 20 
5284 9193 26 22821 17356 31 22942 5528 13043 7730 20584 21 
28 
21 5 5 5 20149 20402 21282 20357 20126 4 9193 21596 20293 866 13909 5 5 5 
23 20126 20244 9971 21 
21 20402 15138 9801 8464 20 20 20 
26 6103 15908 15576 1247 21 
21 6103 15908 20 20 15576 1247 20 20 
16378 1103 5905 21 
21 21 21 1393 29 4 20149 20402 13909 13591 5 15424 18498 20402 22463 17556 5 20149 31 19830 1467 4 15658 11862 5 20149 31 6152 15658 670 31 21793 4 15658 20149 13166 5 20149 15658 18533 866 18498 21793 18533 4 7730 6097 0 7730 22932 4 21389 9743 5 31 7589 6103 9193 20402 9193 4 560 6103 5320 5 21 21 
20402 12861 20402 7589 6103 9193 29 5 29 472 9743 1247 5320 31 11518 21 
21 17458 21596 22463 7576 7850 9193 21649 20 20 20 7730 11462 20402 7127 6281 4 16323 12787 20 20 20 
26 1114 12051 21 
21 19900 1612 7127 4 7914 18498 288 18498 9980 15678 22307 12780 10100 20 20 8443 4 15658 20402 11462 20 20 
12780 4913 22463 2824 21 
20828 6324 
21 28 20 20 20 
14096 15678 13266 28 21 
21 21 21 1540 31 5108 7914 20931 15965 7914 21793 31 20644 3058 7730 19854 5 7730 15658 7693 7509 28 4 15424 7509 13301 15274 5 8361 31 16971 31 20402 9808 4 308 6103 18475 4672 5 22773 20463 15745 4 1920 31 13948 20402 22020 5 15963 20582 30 26 19286 30 21 21 21 
4766 8956 22307 
21 21 21 15678 3280 8361 18498 15678 20739 9193 5064 1393 11712 5 31 22942 20402 4290 6103 7181 4 15576 17877 7730 20739 9193 13405 31 18908 28 1393 28 5 18476 15963 4 8017 7730 5741 4 15576 5528 21848 13909 10748 7730 10259 5 15678 28 2156 31 10268 23069 7730 31 19898 18498 9193 17518 22773 31 7544 5 21 21 
17458 15963 20402 15392 9743 2727 15963 2136 5219 21 
21 20402 15138 1114 8464 20 
20670 11462 26 21 
21 9808 7127 7509 15144 4 17836 4 1393 23135 18498 20402 31 15144 7509 9193 22942 7730 14335 11998 31 20293 20402 22463 20402 11570 14425 20 15253 4 15708 17438 20463 5266 9367 4 11999 4 15728 4 19699 5 9193 20402 22463 15144 10259 4 20813 17458 1540 5354 15678 18498 20520 6103 20402 10259 4 20244 16784 31 20322 20 
22318 1027 15138 21 
21 18498 7127 20 20 918 4766 31 13512 28 7730 28 28 7730 12901 4766 31 18533 28 28 6103 28 7730 18651 20 20 
11036 26 29 21 
6103 11462 20 
21 20402 29 13669 11518 4 9193 22657 3450 20207 6103 8840 21 
21 6103 11462 20 20 7499 4 6152 4 8147 31 1095 20 20 9808 20 20 20 20 
26 19859 1393 29 9620 29 21 
21 20670 11462 6 8147 6103 22942 31 22942 4 7499 4 5284 17406 6103 1103 
26 19859 1393 29 9620 29 21 
9971 6103 9867 
9743 1097 20 20 
21 740 20670 15678 3885 20 20 
28 2373 21 
28 6103 11036 12547 14096 15678 10122 29 
21 28 10774 
28 2647 16882 22354 2373 21 
21 28 20 20 20 
8956 20402 14604 28 2373 17658 21 
21 23135 20357 31 9193 9620 0 20 20539 5 5 5 
15036 7847 288 18498 9193 14335 26 
8147 7509 15144 3216 26 
21 21 21 9387 16971 18498 8474 1453 31 1434 7509 4672 7730 20402 12287 17438 7847 4 15963 20149 827 7730 15963 20149 112 5 4766 8956 14881 6103 22942 15658 20149 15749 15678 5742 15424 31 9801 5 31 16912 6103 23104 23064 21793 15678 5942 7509 22942 20402 31 20258 18498 9743 3256 31 16813 9801 5 21 21 29 28 4 28 28 
740 20670 11462 21 
21 8147 4 7499 4 19699 7730 15619 15699 13185 20 20 27 
23051 26 21 
20670 15678 9829 6 23151 1393 2154 
21 18498 9975 6103 20247 20 20 
26 21083 21063 11617 9808 11112 11522 21 
21 20670 31 15941 18498 31 26 18009 4 9312 9808 20 20 20 20 
26 1652 4169 11036 9172 26 17356 31 22942 15708 16673 15941 14464 21 
740 2727 18498 9193 21596 20 20 20 
21 17872 9769 15678 7127 20 
26 21 
21 21 21 7850 14924 7914 18498 31 16971 6592 18498 16017 20402 22463 28 4 11750 9417 31 11020 835 4 7730 15678 30 26 28 30 20402 31 11020 835 6387 21793 31 835 5 21 21 
29 22020 15678 5528 5528 13043 7730 20584 18069 18772 21 
21 28 28 288 18498 21282 21596 8956 5765 7850 20237 6318 20 
20402 22463 9579 20 20 20 21282 18498 15658 21 
21 20539 20 20 20 
20539 20 20 20 20 
21252 11300 20 20 20 
21 11670 4 11670 4 11670 4 15138 11670 21 
21 13591 29 20 29 15678 1249 7509 13311 20 
892 31 910 21 
22463 9324 20247 20 20 20 
20293 18533 22805 15678 10696 7730 12780 7850 2807 7509 3988 20 20 
16472 18498 20799 20402 8956 0 20 16472 20 20 
21 8329 12861 7850 13746 7509 3988 5 5 5 
9456 7447 21 
21 30 17320 17195 31 17478 20149 155 20 
9808 9193 12319 20402 12094 21 
20402 2727 23016 29 20 20 20 
21 4766 10547 13055 20149 21095 4 12861 20402 4672 6103 14924 9193 19900 18498 12780 16468 20 20 7730 17438 20402 22385 10259 1920 4 2727 13909 13512 18498 22463 12916 15299 17304 47 4 21680 20853 20402 3058 17872 9193 
21 9808 28 20 20 20 
16378 12787 1114 9172 21 
9808 28 20 20 20 22773 13909 22463 9169 15253 
21 14604 2727 20 14604 2727 5 5 5 20931 9138 4 15658 7850 6256 22805 18498 9193 22318 1027 20 20 
21739 23135 20402 20293 31 14425 16440 7509 9193 12319 20126 9172 21 
21 31 9193 15253 9743 22327 12861 20 20 20 22318 1027 15253 4 15708 20293 20 20 20 20 21 
21 1095 20158 20 20 20 
4110 11282 21 
21 7730 1920 9991 8956 20247 20 20 
17239 15678 2727 7730 18876 6103 23151 20293 21 
21 20402 9193 28 
26 21662 9965 15604 21 
21 5 5 5 18533 22564 4 18525 19900 22463 3616 6103 10268 16066 6103 28 5 5 5 21 
21 14694 7509 20247 20 20 20 
15708 16673 3870 14004 12780 1027 21 
7730 12780 13761 18498 12780 4809 6103 15604 20 20 20 
21 20539 20 20 20 
740 9620 15138 20244 1623 18525 26 21 
11686 20 
21 21 21 18476 20357 18498 15658 5219 13909 21154 21020 18071 4 13398 31 3393 16404 15678 951 4 5327 15678 6014 7730 19466 10484 5 4766 21793 4181 15678 20749 4 4766 20463 20853 18643 6103 22463 14929 4 11284 6103 8162 15678 20463 5528 5 21 21 29 28 4 28 28 21 
21 15253 
22318 1027 10273 2087 21097 14335 8361 21793 15678 28 21 
21 22463 22897 13909 20 
21 20402 15678 18498 21596 16404 15678 9975 6103 20247 20 20 
6075 12760 1393 21935 20402 9808 20402 15678 18498 18533 630 21932 4766 12861 21 
15708 16673 12319 7623 7730 4766 15138 19699 20 
654 15138 4672 9743 20357 5 5 5 27 5 5 27 5 5 
18498 15678 15576 1114 15658 20402 20988 17438 20558 5415 6103 21630 20 20 20 
21 21 21 20931 14487 4 654 6880 16673 8715 11975 7509 22942 4 20402 4796 22463 8832 7948 4 9193 20149 15678 17356 4 20402 4179 18498 22022 4524 4796 5786 6103 11712 7509 22821 11939 5 14059 10260 7850 18103 7509 10547 4 17356 20463 8832 12005 4 7127 7730 15533 4 18908 15678 30 26 28 30 21 21 
14096 15678 10122 13909 28 21 
21 472 20 20 20 
9901 31 7157 3058 20855 20402 18525 9743 30 21 
15963 16404 10252 
21 28 28 28 28 28 28 9193 21282 288 12370 18498 7850 9193 8972 15658 21596 8956 21743 6103 4672 20 20 20 20 
18533 15138 21 
21 21 21 15678 30 26 28 30 20402 4796 15678 19852 6103 22463 13424 4 18498 7544 4 17477 4 17304 20402 22463 15745 0 21 21 20402 1920 4 20852 20 20 20 23016 15678 18498 23016 28 21 
21 12780 753 16971 20 20 20 
20402 7511 21 
21 23016 15612 20 20 20 
740 21596 21551 16404 15619 20826 7730 15604 5204 21 
21 21 21 5 5 5 23135 15658 16765 18498 23135 20402 15678 23577 19362 7509 20463 20825 7850 28 7509 21631 0 20149 12861 15658 9743 23135 5590 4 4253 9193 15658 19900 15678 18498 12780 5 5 5 5 6325 20402 8522 8406 15576 14225 7730 9193 10547 5 5 5 5 8443 4175 15678 18303 4 20852 5 5 5 8443 13398 7730 1190 4 12780 5 5 5 5 13398 7730 1190 4 12780 5 5 5 5 13398 7730 1190 5 5 5 20402 13905 4 9193 2631 21282 
20825 4 20202 20 21 21 
8443 23135 6592 15678 15604 13445 7509 17635 7914 29 29 29 5 5 5 9239 21 
21 21 21 31 16135 20402 1040 4 9193 20463 10437 20402 7623 21 21 21 
7509 3784 7509 22821 12072 20 20 20 20 26 28 28 
21 16404 8120 31 15533 20 20 
288 10138 31 13375 21 
18498 1920 20402 20 20 
21 21 21 9193 12551 20402 8125 15678 28 4766 10095 16404 18506 9010 20118 6103 11729 7730 23222 15403 7509 20931 26 5 20149 23135 5947 15678 26 4 12783 8637 22463 10083 16404 23135 5 21 21 21 
21 3364 28 
26 29 21 
21 11462 20402 15678 7127 6281 20 20 20 20 15253 9808 1247 20 22318 1027 4 22318 1027 4 22318 1027 21 
6103 23151 16404 5913 31 9193 14799 20 20 1649 13512 2058 26 23016 20402 9808 21371 
21 15678 15604 12520 7509 28 20 20 
13512 18533 16083 9193 15253 14335 14265 21 
21 740 20670 15908 20 
19703 20786 19698 951 21 
21 17458 15678 28 15658 8995 7850 5505 7850 13727 6072 23501 
10648 7509 28 7730 15678 18498 11862 21 
21 17458 9193 288 7847 13512 20 20 20 20 
17812 9634 7730 15678 18498 14335 10252 21 
21 17458 15678 13266 18498 15658 20149 10211 16673 20044 4 10211 16673 5528 21 
15678 5528 10211 15619 13266 6103 9634 20 
9634 22463 16440 6281 
2727 12861 21 
21211 6670 15678 17838 20 20 20 
21 5713 19795 
9801 17815 1114 21 
17815 4289 
21 9808 6670 1393 29 6 29 20 20 20 
26 11036 4841 1095 21 
14604 3472 23135 7850 26 26 0 20 
21 14799 7509 7127 20 20 20 
15658 20149 16878 14096 15678 10122 21 
21 21 21 14604 12787 20 31 14425 17406 4766 15678 14604 16468 4 7730 17519 18525 12780 20293 14539 14335 1502 7850 10530 21 21 
9965 20751 9808 7127 7509 12787 9193 1027 23135 21 
20149 20402 20 20 20 20 
21 17458 31 10547 15658 5652 9604 
13909 28 10122 10547 7297 10197 21 
18498 31 20247 20402 12094 20 20 20 
21 15678 7127 20402 13669 7730 3698 4 9193 3391 22463 4443 0 20 20539 20 20 20 20 20 21 
21 3364 28 
29 21 
21 17458 7071 20402 22327 15458 22942 20 20 
17960 22805 29 10122 2885 16816 21 
31 23151 1393 2154 20402 20293 7188 5 5 5 
7850 18498 23135 9010 16721 0 14335 16836 15678 28 5 5 5 5 18498 22657 31 16689 20 20 20 
21 11462 15678 7127 20402 21793 6281 20 20 20 20 16323 20 16323 20 16323 20 18498 23135 20402 15138 4 11756 9808 4 17269 4 18779 4 18498 21596 15138 1114 4 20127 5 5 5 7730 22327 18498 9387 6103 14425 15458 22520 20 20 20 20 20 9193 22318 1027 30 5 5 5 19900 2727 18498 8995 1575 2727 15678 20463 7127 4 4766 15138 3227 6103 4189 20 20 20 20 21 
21 21 21 1540 31 5108 7850 18498 8995 349 5 20149 11284 20537 4 6250 2156 4 866 21179 5 20149 11284 21546 4 6248 19852 4 20149 210 5 21 21 21 
19295 15678 13032 20 20 20 11036 
21 7730 1920 8120 15678 7127 6103 11462 20 20 20 20 
10122 7730 8522 21 
21 7585 22 21298 26 20402 14335 28 20 20 20 20 20 
7850 9193 3962 23135 15658 17304 10648 20149 15658 20402 9193 15658 20402 20931 28 21 
21 15658 6075 16404 15678 11359 20 20 20 20 28 28 4 9193 368 7914 23135 20 
20402 3170 16784 16066 10648 13398 31 3393 20237 28 28 15658 20463 18339 21 
21 15061 22318 10268 28 7730 1045 16404 1114 7850 4379 20 20 
9193 18533 22805 10916 12780 7850 21726 12960 17872 9193 28 21 
26 20 20 20 20 
18498 23135 20402 12094 20247 20 20 
21 11276 26 28 20 20 20 20 
4369 28 19859 1393 11359 17872 10366 28 18737 10268 7730 10547 21 
21 6075 12760 1393 21935 20 20 
12960 17872 9193 28 1045 15678 1114 7850 4379 12780 28 21 
21 11462 21596 20 20 20 20 
17872 4434 6318 28 21 
21 16323 21739 20 20 20 
9634 14335 6256 13909 10259 21 
21 20500 20 20 20 
24 21 
21 17458 7847 10959 14539 20402 6103 9867 20 20 20 20 
12780 21596 5505 15253 21 
21 21 21 7850 14370 7509 11875 4 8995 6075 16404 23104 7850 4417 6103 20402 28 5 5 5 21 21 21 
26 28 
21 17989 16404 31 21842 20 20 20 20 
28 7125 15253 21 

