21 10284 7850 22971 28 28 5 22463 22971 15933 10482 7914 29 5 
21 21 21 15671 20402 21348 7730 14900 17438 1616 18498 1027 21 21 28 
21 21 20402 31 14453 18498 21596 7730 31 19478 18498 1959 21 21 28 
16169 4 15708 17438 8361 15678 20357 13574 7509 16192 1114 5 17438 14335 8361 18498 452 4 20402 1027 17438 12526 5 17438 1959 31 19478 4 7730 9193 16468 7847 5 17438 6256 14453 7914 3450 22890 14604 4 20463 4 8235 4 15576 5 21 
2824 26 
5843 7500 7730 15188 5 
21 21 21 17438 12861 4 22923 4 4791 21 21 
20293 13030 20 21 
18930 5 
9387 1114 7914 20879 8 29 
21 21 21 23135 12780 19698 4 20244 16765 
9801 20402 21282 18553 6103 20402 21 21 
9801 28 28 21 
26 26 11617 26 26 26 28 
26 26 20 
26 26 20 
21 21649 4 17438 18498 15658 20402 28 0 21 
10753 20 
21 23174 15658 5 
21 21 5241 13043 21793 10211 6103 1114 21 21 21 
21 26 26 4 21 
22872 28 28 28 28 28 
21 873 18498 5876 6103 23135 4 873 18498 8840 17438 23135 4 873 18498 12430 7914 23135 5 15253 4 15708 20 21 
21 22463 11474 17629 22918 5 17438 20931 5320 4 15658 17438 14336 6103 11454 4 11729 4 13598 16066 21525 5 17629 22918 17438 20500 4 4766 20463 15860 7730 18376 4 16404 8386 15678 18498 20402 20463 5 16404 22463 7127 17239 31 20931 18191 23501 7730 6077 22665 5 5174 15678 10405 16404 6770 15678 3564 5 7730 15678 15939 5 20357 31 7419 7730 15678 6459 16404 8995 2727 20663 15678 18191 21674 5 22463 11474 17629 22918 16404 13727 18498 15658 5174 16404 18506 8956 1809 18498 9193 9743 22805 15678 15190 4796 15678 11731 4 7730 15658 20559 4796 20402 16066 17304 20402 5 18498 9193 9743 17931 7730 7616 7509 18498 15658 23016 4 18476 7102 20402 970 4 7730 20559 12780 22805 
28 28 21 
8 29 
8 29 
21 4796 659 20463 4552 0 
1603 22240 871 14886 5 5 5 21 
26 29 20 
26 20 
21 6617 4 21 
17304 4766 8956 17951 5897 6103 29 0 
21 15253 15658 21596 13494 4 20402 21551 20244 11518 4 13759 18498 15658 1400 18476 20844 15678 22797 7730 4380 6454 4 22769 8644 5 
28 28 6103 28 
9808 7127 4 6103 21793 15678 28 4 6103 21793 31 10095 5 5 31 20931 17658 4 16034 15253 5 
20126 5 21 
21 21 21 15658 11284 20560 15425 7850 1995 6103 9387 5 20402 6737 5 31 3450 7127 4 31 3450 14924 23135 20149 16836 18470 20402 15678 20520 6103 9387 5 21 21 
28 28 21 
21 31 28 28 28 14335 4229 16404 17525 22310 10273 17438 7127 7686 4436 28 7730 4229 16083 4436 1097 16404 9743 15678 14539 5 21596 14466 22834 4 17918 13909 7730 20149 9457 13909 13597 5 
201 9323 4 18497 10279 7509 4145 11455 7509 4417 6103 28 20879 4 2725 7914 22942 4 5518 4 10211 4 22942 7730 5896 5 21 
21 9980 13345 4 21 
21 14604 1114 4 9193 20402 28 8 29 21 
6408 6103 19169 13424 5 5 5 8 29 
23 20 
21 9769 31 10548 4 21 
21 18525 7491 18498 1393 29 23135 20420 15253 6103 22463 468 6981 0 
7847 1756 20743 4 610 879 4 16468 16246 13761 5 15988 22327 7730 8644 22327 5 7730 740 20670 21551 17872 5320 31 14673 6103 11454 7850 12901 5 7850 20463 7127 9193 22318 7491 4 20149 9193 21596 14561 7509 20463 17031 1393 29 4 9193 4289 13761 20 21 
8 29 
21 26 26 
26 4496 
20023 21 
21 28 28 6 26 26 31 26 26 26 26 5 26 11617 26 20402 26 5 26 26 26 20402 14335 5 26 26 26 26 26 15005 26 26 26 26 26 5 
26 26 10628 29 21 
31 10548 17304 5360 0 733 20879 8 29 
14604 12589 
21 26 26 26 26 26 5 5 21 21 
1215 28 26 21 
21 22463 11020 16780 4 21 
21 20402 21743 1920 4 21743 20023 8 29 21 
21 21 21 6103 21793 14881 4 20402 17629 4915 5 20365 4 9193 21858 1041 5 21371 9193 6075 5320 6103 18498 15138 15658 19900 15678 18498 7491 5 5 5 21 21 
7509 9193 21631 1393 21631 28 19983 4766 28 28 
10279 14839 6 9456 4417 11114 21 
8 29 
29 7730 1097 20 
21 28 6 26 26 6 29 5 11678 26 26 26 26 26 26 26 26 1631 26 26 12863 4 12863 22 20539 31 26 26 7850 26 28 5 29 5 26 26 11943 26 26 1631 26 4 26 11678 26 9971 6103 20247 26 26 26 21776 26 26 6 26 26 26 26 26 26 26 26 5 29 5 26 26 26 11617 26 4 30 22 21298 5 26 26 26 26 11617 26 4 11617 5 29 5 7585 22 21298 26 26 26 26 5 29 5 26 26 12863 6 26 26 26 22 21298 26 5 26 26 11617 26 26 22 18740 26 20402 12863 5 29 5 26 26 26 26 26 26 15005 26 26 26 7509 5 
26 26 15678 29 
26 26 26 20 21 
21 740 9743 22463 22915 4766 23135 20 22463 17605 11970 9743 8956 21932 5 
21 21 15678 26 26 22 20539 8147 22463 20214 15188 5174 6 31 20214 7509 1097 20 21 21 
23222 6 28 28 
7795 6 28 28 21 
21 29 5 26 10907 15803 26 5 26 1631 26 26 26 15803 26 26 26 26 26 26 26 26 5 26 26 1631 26 4 26 26 26 26 26 31 26 1631 5 26 26 20 
8 29 26 12863 10907 29 20 21 
21 17324 31 22942 9193 19822 8956 14924 16169 4 12780 23110 5 
9193 5518 4 9193 3790 5 5 5 21 
21 9971 7730 4810 
16468 22463 3058 21551 13667 6103 3962 5 14335 16784 6103 871 16971 16673 3610 5 20402 15999 5 6075 22463 16468 430 5 20738 6064 19310 5 5204 8807 7730 16971 5 7730 4796 20402 5204 16673 15190 5 1540 16673 17819 22897 31 12273 7509 20781 5 14335 16878 8995 21282 5 8581 4766 16971 4 871 13055 22886 4 871 13055 1027 4 16083 5 5 5 15424 20385 19900 15678 15540 5 20244 6256 16404 22305 21371 4 1097 18498 17556 22805 4 17556 6770 4 9193 7850 10484 7847 19900 4 7847 19900 18498 31 22942 12430 7914 9193 17664 16630 5 
15678 9971 6103 29 14335 16393 22463 4785 5 9193 9193 8386 18498 20402 21282 22463 10960 6103 29 20 21 
21 4796 2136 22463 20828 16958 4 560 4 21793 7127 29 4785 15678 17960 6103 22805 4 18498 20293 9901 17872 1249 18498 23016 20 
9808 28 20 21 
21 29 14764 6103 18328 1114 4 21 
21 31 13759 4 31 22649 7730 15678 14378 5 21 
21 1603 22463 12723 6103 17602 12865 22463 21583 15604 30 6103 22463 17602 7509 2439 26 28 4 22463 3488 7509 21409 4766 17695 10323 7730 22463 6170 10430 6103 22463 26 6103 4130 20 
21 21 21551 6103 9980 23151 16404 3962 5 5 5 21 21 21 
21 21 21 9193 15658 19900 19474 5 288 18498 4 7850 10694 4 15678 10476 20402 31 17278 5 21 21 21 
21 7730 13909 22463 4403 20149 8120 5 21355 15678 13909 9337 7730 11037 6981 21961 206 5 22463 15128 7445 6103 19907 18498 740 15658 6242 5 6103 14425 14539 21596 15678 14924 4 31 19699 4 15678 17602 4854 4 31 18884 9417 7730 15678 1114 17438 22463 21282 4672 6 31 10694 7730 20463 1839 5 9193 18784 4 14335 1409 5 
5881 12865 
21 21 4796 4 19662 4 1027 5 5 5 7730 4796 6103 15604 5 21 21 21 
21 17458 8956 17602 7102 20149 4229 20892 5 28 5 6221 15658 11284 14425 20 
13812 4766 26 21 
30 8 29 
11818 7 
8 29 26 
7914 3348 7509 13441 4766 15678 28 20 
9417 23135 21371 20 12970 6103 13264 7730 22350 20 
26 20879 20 
21 6608 4 3610 4 15658 20149 8918 5 21 
21 22327 20402 18553 6103 6933 20931 910 
28 28 28 21 
21 21 21 7730 15678 15604 23016 4 16404 18807 5 5 5 21 21 21 
28 
22463 20825 18779 
29 6240 20 23 20 26 26 20 
21 21 21 7850 26 5638 6103 7850 22942 7850 26 5638 21 21 21 

