
16475 4766 15678 14062 26 
15138 10138 
21 28 28 4 4913 8956 22886 6103 4312 17872 9193 0 0 0 27 21 
17872 4809 2727 15678 1249 5 5 5 5 6101 
21 26 26 26 28 5 5 
26 0 0 7 21 
30 5 5 15658 19440 27 
21 12906 5 5 5 6101 
8 29 21 
15671 20402 15138 5764 14539 27 
28 
4086 5 
13424 

9 5 8 
21 21 21 15658 20402 10544 8147 15678 3610 4 9193 20402 3058 15855 17872 13131 7730 22805 18498 15658 8995 21282 5 5 5 21 21 21 
21 21 21 5876 7509 17831 21 21 27 21 
21 21 21 26 22 18740 26 26 21 21 
20936 26 18740 28 24 21 
21 24 26 4 5219 21 

15002 7730 14414 29 
12787 6103 5528 
21 22657 16673 17743 6101 5 5 15658 20420 31 14539 4672 20244 23135 20 
15708 17438 16429 6981 14924 22385 8810 17872 9193 
2702 21 
21 18740 28 4 28 28 4 28 28 
21 
30 22 
4181 18498 15678 28 9743 6103 18020 24 
21 10175 4 19224 4 21282 23135 7730 9193 5219 22805 31 10273 9193 288 24 
9193 20149 23135 18533 4 9193 17511 15128 31 5116 6103 17857 27 
2702 21 
7248 7730 31 14069 
7248 7730 20463 10626 
16404 7248 
21 28 4 
10273 6103 18476 20402 23051 20463 16169 
6101 
2700 21 
21 26 28 28 
2371 8995 20463 18537 18498 9193 15658 13325 15678 15540 27 21 
4796 17973 30 22 
21 13591 17872 17304 20852 4 20539 5 5 
13591 17872 17304 3348 15678 14604 13727 1393 20749 
22657 26 5 5 23135 20402 12094 20 
10907 10907 10907 20 26 27 21 
14604 28 20 
22463 1249 6408 5 5 5 27 28 20931 4672 4273 5 5 12861 13761 20402 17497 0 30 
30 5 5 9193 18533 20 
21 21 21 15658 11862 15678 18498 349 23135 20293 21596 15678 20463 22665 21 21 
23 21 
8956 1614 15658 20402 18740 28 20 24 27 
30 5 5 15855 21282 28 28 20 
21 21 21 13330 18498 9193 20293 14335 11862 
9193 15678 22797 20402 13591 7730 15678 21551 12780 20202 21 21 21 
18533 22463 28 17872 134 27 5 5 20402 22327 18498 9193 17629 654 15678 
18740 28 7730 28 
15658 8918 11300 28 28 20 27 
23 18533 30 5 13702 6103 15604 20 20 20 20 20 21298 5 21298 
22 4060 26 26 14335 26 5 5 5 
22389 22 22 5 5 15678 12939 20402 9130 27 
23 29 5 5 15138 3058 3211 7509 14062 20 
18740 28 20 16816 17872 23135 20 27 
27 
21 21 21 26 26 26 26 21776 26 26 26 26 26 16073 11617 21776 26 12863 26 21776 26 26 26 5 7585 22 21298 26 26 15803 26 26 4796 26 4 26 26 28 26 12863 20402 26 26 15803 26 26 5 5 5 21 21 
28 28 28 21 
21 15678 28 20402 15138 13512 21371 15678 27 9 5 8 
654 21776 7914 7728 20 17304 13359 13640 28 20 27 
8995 5935 15678 21036 5 5 15658 17629 14335 6256 13909 740 8995 18740 28 20 27 21 
20402 8956 0 22 5 22 
21 18740 28 20 20 20 23 
27 21 
23 
18740 28 20 27 15138 13278 20 24 
28 28 28 6103 27 
9193 18533 20 6101 
21 15855 31 10765 2371 4 28 26 20 27 21 
7594 6103 3393 9 5 8 
21 8956 20402 17872 23135 4 28 28 28 24 27 21 
28 28 28 8995 15138 9037 20 20 20 5 5 23 27 
28 26 20 
21 4273 4 28 28 28 4 4796 23135 8995 0 21 
21 15855 21282 4 28 26 6103 21 
23 28 28 28 5 5 9193 9743 22463 3031 6103 14331 17872 18740 28 5 5 5 7730 7847 9594 18498 9901 15138 3058 24 5 5 5 9620 21282 29 20673 5 5 15678 26 21371 5320 0 0 17458 2371 9620 29 20 
733 28 19952 15424 18533 6070 20 21282 9901 7850 10273 20 30 27 
27 
28 20 4913 6103 5 5 17803 17872 7127 29 29 7 
21 28 4 439 15678 13591 18498 31 18740 9594 18498 16393 13278 0 27 7847 15539 19900 15678 15540 7509 20463 30 5 5 5 18070 31 28 12780 9901 4766 15678 28 6103 27 21 
23 27 
21 28 4 20463 28 5 5 5 15424 6075 17872 22805 7277 30 21 
4273 18498 15643 5018 7914 15299 4815 5 27 5 5 5 9808 28 20 
23 9808 28 20 6103 
23 28 28 7730 18740 28 5 5 5 15658 18533 13909 20402 5582 
21 8956 1249 9193 6 
29 5 14265 2154 
29 5 18494 16784 873 18498 9193 1027 6 
29 5 15128 17872 17106 5 
29 5 20402 12960 7850 17165 5 
29 5 23274 22918 
29 5 23274 19698 2136 4346 5 5891 7509 28 28 5 27 
29 5 3510 1190 6103 2824 6 
29 5 4687 7850 18069 5 6 6103 
29 5 23274 8720 15286 7850 2530 
29 5 20402 19384 
29 5 23274 9901 22463 7127 12526 6103 17055 
29 5 14335 18516 
29 5 6070 15138 
29 5 23274 9743 15619 1097 
29 5 9594 13923 7509 16083 
29 5 23274 4346 6103 8003 21 
21 16404 15678 21340 7509 28 5 5 18498 9901 14335 22240 5 22 22 27 
8840 18498 8956 15286 9743 23135 9901 14425 21 
21 23 15678 14464 7509 10839 6103 2359 20402 22385 10138 5 5 18740 28 4 23135 12780 472 15678 9956 20 15678 21 
23 15678 28 4913 4331 17872 9193 27 
21 26 28 23135 12780 9901 4328 6103 21389 19698 20 
275 6 11560 6 28 5 2952 5 4766 
5947 7850 28 6 11560 6 23273 5 28 5 4766 26 26 28 29 
11043 20 
8525 26 28 20 21 
14604 28 

26 28 26 26 
21 28 28 4 20463 4273 20 21 

