15678 5942 9901 
28 28 
21 22463 11454 6103 1114 
6103 2304 7730 6103 13873 
21282 21596 31 22805 
18525 13055 20402 5758 22463 7127 21 
28 28 5 5 5 
16292 8 29 
21 28 28 4 21282 17872 21898 13909 22463 17556 27 21 
28 28 5 5 5 
28 28 5 5 5 
26 26 28 5 4766 26 
28 28 27 
28 28 
28 28 
28 28 7730 28 28 27 
21 28 4 4796 15678 21551 23123 5 5 5 21 
21 28 28 7730 28 28 4 20402 12094 4796 31 4672 1421 27 21 
21 28 4 28 4 28 4 28 4 28 7730 15678 28 28 28 27 21 
28 5 5 5 5 5 
21 20402 7850 20463 20853 18498 8147 19121 7730 18498 10447 7509 19814 7509 7127 31 7127 
15423 19089 16580 6103 22463 1114 20584 18498 21389 17805 
1575 14924 1920 9743 22657 31 22942 4 9743 22657 15678 13398 7730 9743 22657 3450 20853 18498 31 10765 6075 5 21 
28 28 
28 28 
28 28 
28 7730 5 7730 27 
21 9193 3790 8995 11532 4 9193 20402 31 5204 18498 22657 21 
23522 20 
21 9010 4417 7850 22821 
9743 31 10765 20149 336 
9193 19900 15138 2727 17872 15894 8995 12780 
7730 20357 18498 18475 7127 12780 4289 
31 17831 7730 15678 20064 21 
20539 20539 15678 
28 28 8 29 
21 16404 15678 12578 7914 21596 23570 17931 7730 21793 1506 17521 16404 12333 7850 14426 22516 7509 28 4 18930 20 21 
21793 20402 9634 20 
28 21282 14604 26 5 26 
28 23104 15678 11474 1628 20 27 
21 7730 15678 18498 7491 7509 15860 0 
20402 15423 18498 14523 4 14335 16784 7730 14335 1409 21 
28 27 
28 8 29 
21 8840 5320 4766 31 20855 
20149 7847 9387 4 
18498 21282 31 15041 17511 9193 20369 21 
14604 13424 6 29 
17324 20402 7730 5 7730 27 
15678 
4672 13909 10138 5 5 5 5 
21 10959 15138 6103 22318 22805 4 13424 
3610 20663 15678 20749 
10959 15138 6103 23135 4 13424 21 
28 5 5 5 5 7730 21282 20 27 
20931 15256 4624 31 9193 4796 20149 20402 9790 17872 9193 5 5 5 5 5 27 
21 15678 17877 20402 18498 9193 22318 1027 
15658 21596 7728 18498 4766 23135 6075 4179 
13030 9743 21389 17233 
4766 23135 15678 14604 15190 9901 4886 28 28 21 
28 7730 9193 27 
22385 28 27 
26 15803 26 26 6 29 
21 13325 6103 9193 21793 22897 18498 19466 
13325 6103 9193 20149 9193 15643 13909 23151 5 5 5 10901 6 29 21 
28 8 29 
13325 6103 23135 28 27 
17438 18498 31 10765 9901 13512 13026 6 29 
21 22463 13727 4290 6103 16971 6507 4 15678 18271 21075 7730 31 19699 20402 12226 5 5 5 1027 23135 9193 14464 21 
28 8 29 
21 7730 15458 7127 15344 31 16971 18498 20149 21858 31 13909 11861 7509 9193 22942 5 5 5 17438 18498 16468 15678 7127 4766 18525 31 10765 1027 7730 4788 22463 6086 22385 8810 4766 8838 6103 23104 15138 16083 6981 4 15658 21596 7251 18498 16162 5 
9193 22318 1027 7730 3450 7127 18498 16468 8956 20352 9901 13905 7730 3450 14924 4766 23135 740 20402 17556 4 20402 16753 4 17872 14265 8956 20126 18498 21389 5741 7914 9193 5 28 28 21 
21 4796 28 28 7491 21 21 15678 10523 20402 22463 19240 7730 31 9922 20402 31 11685 21 21 7730 15671 18498 16162 31 9867 16404 31 7894 4 20402 12094 4796 31 11454 20149 19335 20293 7730 20293 5 5 5 7730 740 14335 7491 18498 9193 15658 20402 3170 17458 9193 15658 8995 21842 16404 15678 28 0 2371 8995 31 9433 4 2727 19525 7730 6035 5 21 
16393 31 10765 28 5 5 5 5 
17438 18498 15678 1869 20402 16083 15669 5 5 5 7730 9193 20244 5219 1540 22463 15581 22 22 
28 22 22 27 
21 7730 14539 4766 21389 7178 4 20402 11686 5 5 5 14604 6 29 21 
21 15108 4 23135 20402 15138 13820 20 21 
7127 7509 134 6 29 
26 5 5 5 5 28 
15678 6996 5263 5 5 5 
12861 9431 22327 15658 20402 28 6 29 27 
28 6 29 
28 5 5 5 5 5 
4355 6 29 
23016 30 0 28 6 29 
28 6 29 
28 14604 13424 6 29 
21 15671 12780 7491 7730 7491 7730 7491 
15678 18605 13688 12861 16393 
15671 17304 6928 9193 22942 12526 11878 
1453 8840 16127 17438 22463 1114 4796 23135 7730 9193 5 5 5 
23135 21596 21793 15678 14604 5528 
26 26 26 21 
28 8 29 
25 288 18498 16367 9193 29 22 22 
15577 5 5 5 5 

