20402 20 
21 9193 18533 21596 22463 3031 6103 5786 16404 17304 439 15678 18498 31 16971 8840 6103 9193 16066 18498 7847 17511 21596 5371 9193 7730 31 9193 5059 17495 4 4796 15658 21596 740 8956 7563 21376 15678 12485 15392 4 21282 14335 3391 21596 8838 6103 18498 22463 7127 7847 20402 14466 12240 4 20149 7286 2136 9193 7730 9605 4766 31 2988 30 30 21282 18498 15658 20670 15678 18498 9193 17511 9743 16404 21858 15576 5492 11266 7730 20134 5 2136 13761 4 2727 4 15658 430 12164 4 15658 430 19444 16673 3702 7509 2988 15424 15424 18910 16404 15678 16083 5 18475 16971 18498 22564 20463 17623 18629 20402 3735 6103 8386 18498 9010 15658 20402 15678 3610 4 18498 15658 21596 13793 9743 8956 21743 6103 4672 5 21596 16098 16404 16098 7730 11580 16404 230 5856 5 6 21 
15299 4796 21596 22463 17877 19450 15658 8985 6103 6193 20 28 8 29 
21 21282 21596 31 662 31 28 4 1393 22520 7730 31 15364 16673 1249 6103 29 4 1249 78 20 7730 18498 7914 29 22327 20149 15166 7730 20149 9402 31 21793 14604 1097 7730 9193 9634 4 15138 9801 7730 18029 31 21793 15671 5 9808 1249 15604 6 6103 21 
15658 5219 13325 18525 14335 7491 18498 13063 28 20402 3058 9193 18533 7491 18498 20402 11532 18533 14604 29 18772 6103 23151 5 
28 28 12780 21662 
20670 11462 5 5 5 
21 15658 10959 6103 22463 4672 7730 9605 6281 29 28 1249 0 14604 9942 4 12780 1820 15678 18498 9743 7730 16367 4766 15678 4346 18498 8995 9786 13055 8956 3493 6103 15936 15658 20762 5 21 
21 14604 1095 20158 15658 20149 6075 5320 18498 31 15144 8897 15253 6103 20463 9943 15658 21596 7127 6103 10175 4 15424 21551 17872 22463 16668 4 15424 17872 21810 22463 4189 4 15424 17872 16960 7730 740 7491 18498 21282 7847 21932 4 20149 873 16836 7847 7491 18498 31 15144 22 21282 5876 6103 3962 21282 22 5 5 5 21 
27 17106 
21 21389 4672 15128 7730 15128 21793 7127 7850 22942 4 11462 9193 15658 20402 13909 468 7730 15658 20402 13909 22385 7831 4 15658 21596 12551 6103 17669 15502 7730 15424 11810 6103 23104 5 5 5 9193 20402 10131 18476 873 1095 20149 7395 7509 10765 17458 31 22942 16468 31 9901 13909 12577 5 5 5 
733 4 8956 22942 20402 22168 4 20149 15658 20402 7251 7730 9634 4 9193 15658 19900 15678 18498 20420 4 17438 18606 9193 13749 4 17458 21793 15678 19509 20402 22705 4 16463 5 21 
21 1393 22898 9193 16468 2647 16673 16971 7850 28 4 22612 4 18525 15643 0 9193 21596 15083 16673 18470 12861 17304 349 4 21743 18476 8995 20749 7730 9193 15658 21776 8474 15299 4 16066 18476 13055 8995 6103 15533 7730 9193 15658 21776 8474 15299 16066 17836 6 9193 21282 9605 4766 31 16971 16673 28 7730 18476 9193 31 22805 7850 28 9901 12410 20149 9193 12780 5910 7730 7847 12780 19900 18498 9193 20402 9193 5 5 5 9193 15658 20402 14577 4 15658 5 20402 12861 5 21 
1612 9958 7509 22942 16468 7850 3393 5 
18494 22327 14335 6219 5 26 26 26 
21 15790 18476 31 16971 5150 9721 4766 15713 4 9743 22463 9721 6408 13761 23016 4622 5 21596 15138 13909 15678 18498 9743 7850 9193 22942 5 5 5 21 
21 9193 5099 18498 9193 18533 22805 15678 28 7730 28 11462 5 
26 26 26 9783 21 
14425 19484 26 20 
21 15658 724 13909 9620 6103 15623 4 14604 28 4 18482 9620 6103 15623 4 31 16971 21596 15678 22520 6389 6103 20500 7730 15658 21596 15623 4 15424 22463 17080 6103 8012 5 15658 18533 866 17872 20500 7730 9743 17872 18195 5 15658 10959 6103 22463 16971 9193 238 17737 6281 5 18533 13441 9193 15658 3348 12128 6074 6103 18498 20149 18533 22805 13591 5 2136 18476 0 21 
9193 13055 9743 22463 1249 20 18498 20126 1095 8 29 
12780 3224 6075 5189 28 28 20 
19900 18476 23135 14256 22463 2478 2346 7730 22385 3058 9193 22385 3058 18498 6075 23560 6281 5 
21 31 22898 31 10765 288 18498 31 16971 20402 17406 10010 7730 18476 12780 22805 21596 22463 14984 6103 12578 17438 22305 7509 18498 7847 4229 6103 1103 5 29 1249 7730 31 11454 20149 19335 4 15658 12780 13909 20402 17406 17872 15502 5 21 
14660 7730 1097 26 
21 19822 14604 4277 7509 26 26 26 7850 20446 5 23135 20402 13688 4 7491 18498 13761 19822 2136 14199 7509 10728 5 21 
14823 7076 20 
29 26 648 
21355 9193 13055 19900 9193 15643 18533 462 5 5 5 
21 21596 10765 18498 288 18498 17458 9193 20402 16753 9193 21596 18498 14335 8901 7850 3460 7509 22065 4 18498 17458 31 16971 20402 8322 7847 21596 7277 31 336 31 3315 10839 16066 15678 3192 6103 14206 10943 7914 22463 3460 7730 14336 4 20149 8474 28 20 21 
6 
21 20149 23135 15658 4913 4 15658 18533 6603 15678 4912 5 21 
9193 18498 18655 18498 9193 21596 7509 12041 875 5 5 5 4796 17304 22463 16971 9901 15049 7686 21793 15678 9409 7730 7850 29 7509 20207 21551 12960 31 3272 7850 20931 15256 17872 20149 13591 7509 5891 7730 740 9901 4766 18655 17458 23135 20402 7957 20244 19450 5 5 5 12780 21810 7850 5859 
20463 18855 2647 7850 2812 7509 14604 28 7730 23151 7914 10211 6103 18657 1426 5 
8302 4796 31 16971 15128 6103 15936 7730 6103 2053 18476 20149 22805 7850 16083 13131 5 15658 17599 15678 18498 17664 5 
6 
6 6103 
288 18498 31 28 8995 9507 15678 13768 16404 9743 15678 14604 20069 5 5 5 
21 28 28 4 28 17090 4 288 12861 22385 31 9193 3790 27 21 
21 2371 23135 10959 7509 16971 9193 7847 15658 16404 6103 9594 4 20463 13054 4785 31 9604 4 22463 20319 6103 4534 4 22463 8307 20 23 20 21 
21 21 21 20149 7914 4289 21 21 5 5 5 
14604 28 4 4796 17304 0 21 
21 2371 23135 13359 15678 17535 7509 16971 14482 31 23180 6281 7491 1616 4 2371 18498 3119 27 21 
21726 11617 26 16073 26 14335 21726 11617 26 16073 26 26 7512 12863 26 21776 26 26 21726 11617 26 16073 26 14335 5 
21 21596 10765 18498 20402 9219 6103 20186 1393 18584 4 9901 17525 4672 6103 28 7730 20670 16605 5 9193 2371 4289 20474 9789 7847 21282 9605 6103 2685 4 6103 19768 4 17525 31 10273 7509 2464 5 5 5 2371 7850 20207 23151 31 5041 31 4672 7509 15190 4 560 4 13055 8995 6103 18620 4290 14539 5 5 5 21 
21 15855 31 10273 7509 3126 4 18533 20 21 
21 6075 21 21 21450 21 21 17872 19857 323 4 17324 654 9193 18533 13691 310 4 20402 18498 9193 5219 0 21 
21 17324 20402 4 3585 15658 21596 20402 4 3906 21371 15658 20 21 
23575 2530 7509 1249 5 14335 722 5 
8995 17736 22463 22823 14668 6103 28 6 15678 19070 8995 13501 5 
21 15675 28 4 28 28 5 5 5 
21 7914 21793 8956 1249 15459 12202 23069 4 8956 20402 31 17819 22897 18498 12861 14335 349 
19703 21 
21 6408 6103 7558 20247 12780 7730 23151 7509 21932 16673 64 4 23151 17872 3962 16673 23423 13359 20402 4796 8995 15658 16587 7174 5 5 5 15424 17629 6075 7055 15658 20402 5 5 5 21 
21 28 22385 10748 6075 22463 16312 6103 20669 17872 16971 4 6097 7847 1744 22327 7730 6717 4766 13766 4 17872 9901 4766 3790 6103 26 4 21282 13169 28 5 5 5 21 
21 18498 31 17667 7730 31 23167 6103 14018 22327 17872 12261 20149 22020 7914 23167 6103 12780 17872 9574 21793 15678 28 4 1150 5 21 
27 
21 15658 8918 15643 18498 4766 18610 7850 9975 15678 22816 9901 7850 12276 4 7730 15658 7850 11818 5 5 5 5 21282 22463 7157 5 3058 15533 5 5 5 5 21 
18533 20402 7558 15459 9971 6103 20247 20 
13055 6075 15658 20402 27 
27 16229 28 30 
21 20149 15658 18533 18498 15502 19900 6103 866 4 15658 9901 6075 12164 4 15138 14466 6075 7850 3790 5 21282 22463 7157 5 5 5 21 
2727 18498 9193 18533 12780 7850 18069 9193 20402 18498 11462 20402 7127 7509 23545 7730 9193 15658 17304 6256 6103 4788 19900 0 6 16404 
21 21793 15190 12780 20402 9808 7850 26 26 7730 9193 1614 4 7509 11518 31 22942 21 
21 11462 6221 15658 8995 31 9971 6103 13359 15299 15424 9130 17461 15425 4 12780 14265 15138 7850 28 5 21 

21 28 28 28 
15855 22942 18498 3086 30 21 
21 15790 8956 10765 18498 18910 18498 14018 20658 7730 31 16083 16971 15658 19474 7850 11518 5 5 5 20149 13480 20 
20149 31 16971 15658 22318 19474 20402 17438 18498 6 
29 7847 15658 18533 9594 4766 23135 
29 7847 21596 866 13909 11861 17872 9743 
20149 18533 19484 11751 20402 21282 13098 11617 10568 31 18610 17872 16971 4 19900 0 
23 20 21 
21 3058 7127 30 30 7850 15256 
18498 21793 15671 21596 22463 7127 26 9013 20 
27 21 
21 9901 22385 9808 4 288 29 18772 7850 3047 7509 3585 21 
18481 23135 16162 17872 8956 10672 9996 20402 20931 15311 0 19703 
21 19522 7509 22882 4 19969 13640 4 20463 13949 20 21 
21 16393 18498 18481 13909 9193 780 31 15978 4 14465 9901 5 3697 6981 22942 20 21 
21 28 20402 22385 3058 4 14425 740 20402 31 11518 18498 7847 201 5 5 5 21 
21 12780 4 20402 28 20 21 
21 20554 17872 10648 7251 6 
1820 22463 8051 5 
16404 1820 22463 15311 6 
17908 7850 13727 4179 5 
17872 20149 6075 2727 4766 31 16971 6 
22095 4796 10959 6103 20402 22092 5 
12236 5 5 5 21 
21596 22463 17556 6103 19800 7850 10273 7509 20931 21672 5 5 5 
23554 15678 15604 14975 7509 3962 20 
23104 28 6 6103 
21 9193 19900 15138 2727 4796 20402 12861 4 15678 15416 21596 23167 6103 20402 15678 4945 1393 22898 27 21 
21 15678 15190 8995 5263 5371 15678 14604 15604 8051 4 288 18498 20402 22463 20577 6103 28 17872 9193 15658 23151 31 21932 5 5 5 
15708 4 28 23135 20402 7509 11518 6329 30 21 
27 9193 
16404 6103 14335 5474 17872 13184 7509 4368 20 20 20 
21 26 26 28 29 26 22 12868 26 
15708 1114 16673 17737 20 20 20 28 28 28 26 21 

