21 7850 3058 0 20 0 15678 20304 28 5582 7102 14335 17739 17438 20402 31 14425 1095 6103 21793 15678 15190 20 20 20402 1095 7509 15311 6318 31 13512 28 28 7730 21282 6075 5220 13278 20 27 
16440 6075 7157 17872 28 15311 20605 28 20149 10131 21 
11477 20559 13512 
7730 2371 1114 28 20402 18498 12780 6361 22327 12861 0 20 0 27 288 18498 15658 15658 20402 0 27 
29 1249 20149 16468 7730 9193 5360 14335 15995 13909 7730 13909 31 3450 17438 20402 10189 20 20 20 20 20 30 18779 3450 7127 13909 10188 20293 
28 21829 7850 4842 7509 26 28 28 7509 28 
7730 13909 22463 1249 16468 26 20126 9172 
8302 18498 8956 17563 740 15658 1540 15658 20402 0 28 28 27 
1114 28 28 7509 28 7730 5360 22657 22318 1027 1027 3485 14425 3485 7509 15190 
21 7730 11462 15678 7127 20402 6281 21282 17511 22318 6679 22327 6103 14425 7850 22942 5 15138 9801 4 15138 16580 4 15138 1114 4 15138 7251 7850 3047 4 15138 9867 15138 3425 27 9193 16375 6103 22915 27 12780 19745 15678 15190 13026 5 18498 8956 6086 6103 19335 17438 15138 1249 2702 26 7127 6281 26 5980 12780 4788 21 
21 31 21793 15678 10026 4 18498 9368 8956 17939 4766 15138 1114 7730 6189 5 20402 4524 1393 14604 1114 13512 28 28 7509 28 14604 10530 10026 5 8995 18494 13761 1114 9620 21282 13909 22463 17556 5 15995 15311 10020 8995 201 20293 7509 20463 13131 21 
7730 11462 31 15533 20402 6103 10940 5 7730 15138 19699 5 1027 15138 19699 10657 10943 2723 2353 
20402 15678 9971 6103 20247 20402 1920 20 1095 9634 1114 4372 1027 15138 18533 13909 19699 10657 18498 23016 15678 18195 
7730 18498 4809 15678 21935 20 20 20 20 21252 5569 3564 4372 
7730 15678 9971 6103 20247 20149 19525 15510 20 20 27 3058 7127 9971 6103 20247 1575 4372 4766 31 1095 9634 1114 472 
13055 20149 16468 22463 1249 4796 15678 21551 23123 7730 5360 22318 28 28 28 
17812 13512 11462 20402 20463 7127 5 18498 28 22318 78 20293 20931 22942 15138 21021 15138 16580 18498 23135 5360 8956 16971 14149 5 18498 8956 6086 20149 19335 20293 5 18498 23016 15138 9867 15138 3425 7730 18498 23016 15678 11203 27 22318 1027 17812 
1612 14924 18498 18876 22463 17737 18498 21389 18533 5 15708 14539 6103 5528 5 16126 13512 472 
21 9808 7127 7509 1095 20 20 20 20 20 
20402 15138 11043 17438 21596 23135 4796 1097 4 15708 17438 20293 8995 4815 4 14335 1502 7730 14335 6075 3251 27 5 
15708 17438 9743 7509 9193 22942 740 14425 5 20244 23135 15658 21596 11066 5 21 
21 7730 11462 20402 1247 6318 5 14604 1095 7730 16375 6103 2429 27 5 22805 8956 14464 20149 21858 22463 11474 18498 14335 8125 6103 15995 5 15138 8744 4 7070 4 1095 4 4766 5528 8322 5 7730 21282 17511 22318 6679 22327 6103 14425 20293 5 18498 28 22318 11710 20293 5 15138 21021 4 15138 16580 4 15138 1114 5 22318 1027 15138 7730 8840 8995 20293 7850 20931 22942 5 15708 17438 9743 16440 7509 9193 7730 6256 9193 9743 16440 7509 20931 5 22318 1027 16375 21 
17458 18487 21371 20402 7127 6103 9224 20 20 20 16440 18713 22463 17556 5 6564 18498 15299 12780 7957 17872 9224 1540 4796 9743 28 2442 20402 17556 8995 26 8995 13512 12787 15995 3906 16179 16440 30 
873 14335 22805 1614 0 0 0 0 20435 18525 6070 20402 13909 9808 16404 31 22942 12526 15678 14426 17033 
28 15095 28 28 28 28 15678 18498 288 0 0 0 0 0 0 0 
21 7730 871 7055 9743 21793 7178 5 13652 2002 17809 8995 6103 16323 16673 2022 14149 20293 4 16673 14699 5 21021 21083 18930 10765 18498 1027 18498 9743 7171 2002 17809 19830 2553 22938 4913 22327 21 
9620 15138 17872 16086 0 0 0 0 0 0 
21 1612 14924 18498 15678 3906 7509 20463 12787 19969 7850 19635 26 4 7730 23135 15658 20149 708 6103 15995 7730 21596 18498 4854 5 12787 1114 13905 15995 22657 31 16689 18826 18498 23016 15678 18195 8995 13026 20293 21 
21 352 4099 7914 17269 7576 4 15458 10405 21596 18498 21596 22463 23570 15081 5 
9224 26 5 16440 9224 6103 3906 16179 3906 20402 4672 6103 15144 20539 7576 20402 7127 6103 18713 18826 21 
26 26 28 5 4766 26 
13512 15286 
15678 18498 21596 17872 11462 20402 20126 5 6564 7914 16580 13749 28 28 
21 18498 28 17511 5139 15678 5528 6103 21793 5 18498 31 9634 20402 1129 18498 28 15678 210 5 7730 18498 15678 28 28 7730 20931 15311 20402 1129 7730 18498 8995 7914 22463 3058 13727 5 
18688 12979 7730 21347 7730 18498 16440 6103 14031 3259 5 
7730 23016 16404 9193 15061 18498 31 22942 16468 15658 17163 6103 15860 5 12780 1575 13909 9193 8379 18533 4 1097 4 15311 4 14182 7730 21793 1612 18498 1027 17324 15643 19900 18476 12783 16440 5 13749 10268 17872 9634 15678 7127 4809 22223 21 
20435 4766 15678 14426 20293 5 6454 15678 14426 18525 6070 20402 13909 9808 23016 9971 6103 20247 18533 13909 
23151 31 12319 5 1095 15138 19699 1027 17556 17033 
21 21 21 18498 6981 13923 4 9193 13055 14335 13446 20 21 21 21 
7730 15678 7576 20402 4766 7847 5 26 20435 18525 6070 20402 13909 9808 21282 15146 17033 
17458 11462 20402 7127 6103 18713 5 9224 3906 16179 7576 26 26 
21 7730 13909 22463 22897 31 10188 20402 16318 5 1027 15678 18498 9743 3450 7127 13909 
30 15128 22942 18471 1114 21 
22463 3058 21409 20 20 20 4766 22463 3058 15286 20 20 20 
7730 31 15533 20402 26 4766 31 14426 5 19699 10657 14738 4307 26 26 19900 15678 18498 7847 18533 
21 28 7730 28 26 6329 4 4766 15678 14426 1097 19699 10657 26 6103 15908 21438 3058 6329 21 
7730 11462 8995 1920 5 9867 13023 26 1095 20293 13026 14426 14924 15138 19699 17033 
21 7730 18498 4809 15678 9833 20 20 20 20 20 13055 21776 7850 19709 7509 9833 20 20 20 20 20 
9980 4289 15678 9833 10175 16440 17061 21 
3058 7127 20 20 20 20244 13909 19089 18525 18533 9901 9901 
20402 20559 12094 5 14425 21266 1027 
7730 15576 7576 20402 1920 5 15138 19699 7914 23570 4842 5 6103 15908 3058 6329 18533 13909 17033 
21 2727 1920 5 
9193 10187 18498 13278 20 20 20 13909 15678 18498 23135 9743 0 20 0 20 27 21 
28 28 28 15095 26 28 28 28 28 28 28 28 7730 2371 18525 21830 0 
21 3610 22765 15658 155 15604 17478 20 
9808 21282 17511 662 21282 18533 15678 18498 20402 22823 21 
17812 18498 1027 21389 5 9634 17737 6103 28 17812 4060 13512 9867 26 28 26 
17831 13512 7509 21739 2386 1027 6329 28 21739 2981 26 28 26 
7730 21793 7127 4766 23135 20402 21282 835 5 10187 7730 10020 20293 13026 5 21646 13026 20402 22463 16849 1027 17556 26 28 26 
21 7730 15678 21551 16468 19871 6329 5 11284 29 1249 2116 9193 18779 22463 7509 14604 13905 20826 5 14335 10211 7850 17939 18498 8637 17872 18779 4766 1114 7730 6189 5 7730 7850 7127 29 6103 13903 6103 29 20402 31 22385 8854 9867 6103 10602 5 7730 20402 22327 20559 16816 5 3450 7055 7509 19830 4 3450 7055 7509 9867 4 9193 9634 7730 31 16971 18498 9193 1027 4815 5 1575 3450 12459 7730 11139 7850 14450 4766 3870 5 662 31 21793 18498 2136 11462 8995 7509 14604 13131 7730 18498 20293 340 9193 12970 5 20402 22385 3058 15855 17872 22305 7730 20149 20357 11043 17438 22327 18498 28 9743 7850 9193 22942 7730 740 9743 5 7730 17438 21793 31 16971 12094 18498 16468 16673 9193 22942 7730 662 740 13909 17438 21793 18498 16866 15423 5 
7730 662 740 13909 16673 17934 18498 9193 20402 7730 17438 15894 9193 8995 5 9743 15678 18498 9193 1027 21793 15678 28 4 15658 17304 20402 14425 5 
14924 23577 21282 17511 662 9808 18779 10188 17438 1114 21 
7730 11284 29 1249 2116 15344 9193 16753 17831 5 16468 22385 19871 5 18498 28 22318 78 9193 17831 13512 31 17812 1027 6329 5 7730 18498 23016 15138 1247 5 
9193 13033 18498 9193 21582 13909 15658 19440 5 15344 17872 12861 15678 16296 20402 14604 9743 16012 4766 14604 16296 6103 22280 
21 9193 19169 20 20402 7847 18498 9010 20293 4815 4 18498 210 14604 4346 4 18498 14335 7509 4687 4 18498 9743 22327 16393 14425 5 17438 7847 18498 9193 6075 31 22942 5 9193 1095 4 9193 4841 4 9193 15253 4 14604 22327 5 22318 1027 15253 11462 7730 20293 21 
12345 15604 4403 
21 16440 19768 4766 31 15253 13512 20 
1027 15138 1575 15678 9833 26 15678 15190 21 
21 1095 18533 11462 20402 20463 7127 5 
7730 15678 18498 6679 17872 9193 1095 4 12787 4 4841 4 15253 5 5 5 5 21282 17511 22318 6679 22327 6103 14425 15138 16580 15138 20127 18498 20931 22942 20402 19342 6103 4672 3058 5 7730 18533 662 17438 3450 5220 4 3450 16192 1095 4 3450 14924 4 16673 17831 13512 18498 28 9193 6075 4 17438 21793 3870 7730 17438 9743 16440 7509 9193 22942 5 22318 1027 1095 7730 8840 8995 20293 17737 7850 20931 22942 4796 23135 20402 7850 9193 5 21 
4766 31 9634 5 9833 6103 14915 20402 15678 18498 21596 17872 11462 7409 
16440 9194 
5876 7509 20931 23180 
21 3058 21409 20 20 20 7 
15658 6256 15678 14378 2084 20931 9801 21 
18498 20126 6981 23523 20 20 4796 20357 9620 7509 9193 15533 20 20 20 
7730 13761 12780 15671 20 20 20 2154 6103 20435 20 20 20 20 13643 13909 26 1233 21252 
21932 6103 21252 20402 1920 5 8525 3058 6329 5 21282 15678 14426 1027 15138 17033 
9971 6103 9409 4766 31 13512 5 28 15095 28 28 15138 19699 20474 20293 3058 17033 
21 7730 15299 14425 7509 18498 9010 6103 21928 7730 18876 31 23051 7509 13512 28 28 7730 28 13307 4766 31 19830 13512 7509 2002 17812 7589 20 20 
20559 1027 7730 13055 23029 4552 7 
15708 14464 23151 20293 20 20 20 20 21 
17324 20402 349 20 20 20 20 20 
21 7730 7847 14335 1027 17458 9193 20293 6075 15678 14426 5222 27 
21282 18498 15658 14335 1027 15138 1095 20402 17872 12861 23016 4815 18498 23135 20149 7509 2727 21 
21 14335 11649 27 
14407 21282 18498 15658 21 
21 11462 9193 21776 21646 
4766 7847 12780 22805 22617 13688 21 
21 21596 31 12551 6103 8125 15678 28 6103 6719 1233 16404 12628 31 20118 6103 11729 7730 23222 15403 5 20149 9193 18876 22463 21 21 5947 21 21 12780 8637 22463 16918 16404 23135 5 31 28 28 8637 26 17872 9193 5 21 
31 13375 7509 16971 
20402 17872 20149 16721 5 3058 15533 19089 17033 
21 7730 11462 20402 7127 6103 19611 31 1095 13512 28 28 7730 14604 20693 5 
1271 17872 22805 15678 19801 5 
20293 13026 1027 31 14425 21 
21 4796 17304 16971 18498 20402 5412 17872 5876 6103 873 20149 3735 6103 22463 5843 22385 11020 5 15658 10959 7509 23498 4 15658 21596 16135 4766 5758 8810 17438 9721 15658 21932 4766 12861 5 15658 22092 22463 5758 13923 17438 4060 7509 20931 9620 6103 3726 4 20463 8869 6103 17446 7730 20931 12253 5 
15658 19900 4796 5412 22463 14975 6981 17872 5876 6103 28 7730 5758 22385 23577 5 
13909 12861 15658 12780 9901 11922 7730 12780 2136 15678 9975 17872 288 15678 5891 7730 7847 12780 20402 18304 17438 12861 5 7730 8840 18498 20444 6103 9365 31 21793 1612 16971 18498 18533 21932 7850 23498 7509 20127 6 9743 17438 1114 31 21793 1612 18498 17629 7509 20931 753 12125 7509 18498 20402 4 21282 15658 20402 22463 17934 18475 17458 23135 13471 4766 20826 6103 22463 9634 4 7847 4730 7914 9193 15256 15678 18498 7847 21596 6103 13909 17623 4 8443 15576 7102 20402 5876 4796 20149 20402 15576 4 7730 15658 22092 4796 13909 22463 5 21596 5216 7384 16404 18498 3976 4796 8956 15658 20149 19335 13909 5 21 
28 28 28 28 28 28 28 28 23016 20474 
7730 20402 18498 21438 3058 0 14426 19761 20293 5 10606 15585 14667 5 7730 18498 23016 16083 9971 6103 20247 5 
21 7957 20149 1820 20 20 20 
6073 31 17556 8147 4766 31 13512 18498 11462 17973 
20149 7847 21282 20402 22463 16849 11731 4766 31 1095 20 20 27 
19768 7509 14464 1027 15138 2978 17872 22805 21 
21 7730 11462 20402 21252 2689 20 20 20 20 
7957 5947 20 20 20 
13253 15671 1095 7730 31 15533 8995 26 4809 21 
7730 31 21409 4766 7847 20293 12780 20402 23570 5 28 28 15138 19699 1095 20293 13026 20402 22463 16849 1027 
18498 3137 9193 1467 17872 23151 15458 7127 0 0 0 0 0 0 0 0 0 0 20126 7509 17812 13512 17629 2685 14425 7127 12222 20244 4846 
7730 21596 4672 18498 21282 31 10188 17304 14335 18009 5 8003 23577 5 7730 21282 21596 31 662 31 28 16673 7563 7730 17438 21793 31 15941 18498 23016 14335 6075 5 15658 14335 11731 9743 16083 4672 7509 9193 22942 5 30 18779 17939 28 10547 
10940 6408 7509 918 4766 7847 20 28 1027 17556 10142 31 10765 20149 8386 1095 20293 
7730 31 15533 8995 21282 4809 20 20 20 20 
7730 15678 3885 8995 1920 5 23206 19699 5 18498 23016 15138 16083 5 3885 6075 19854 12780 18498 12780 17033 
17989 0 20 0 20 
17960 7914 1188 5 21282 21596 31 662 5 1097 20293 17962 10547 16404 31 22942 12526 17033 
16718 10010 29 5 16062 1271 29 
28 7914 9634 5 17583 1027 14604 22327 16816 17033 
15036 27 
20402 22463 11020 1249 20 15708 17438 9743 16440 6318 5 21282 21596 31 662 31 28 17438 8956 1249 12094 5 662 1393 1097 18498 17438 13909 22463 1249 8995 4815 7730 1612 18498 4289 8956 1249 7730 9743 7847 20402 740 14425 5 15708 7730 7914 29 8995 13026 
7730 9193 13055 8995 4766 20126 7509 14604 16137 21739 2981 13055 21776 4766 20126 1027 6329 
22385 9193 27 26 28 13640 13909 21776 2371 20825 1027 
16972 740 21596 7558 22640 740 16404 15678 23269 6103 9370 23127 4766 31 16199 28 28 15941 23577 5 18525 21596 12578 4229 11943 28 5 
16972 21776 1614 17872 9743 22463 23175 5 8995 14984 15678 17960 22463 5168 15906 6103 10188 13640 13909 23135 12780 9901 19900 6103 13909 12301 7730 16721 7850 15540 30 15678 18498 288 0 17629 7509 15936 6103 21793 5 
15995 6103 20402 10189 
1095 13512 28 28 21282 21596 31 662 16673 5483 6103 20402 20931 13858 5 17438 9743 16440 7509 9193 22942 5 7730 21282 17511 22318 6679 22327 6103 14425 7850 22942 5 22463 1103 18498 4809 31 22463 17556 13909 6103 29 1249 7730 21596 22463 13481 12094 4766 22463 1103 22823 5 7730 15658 5219 5341 15678 4346 1393 22318 22805 8406 13511 15324 19972 5 7730 21282 17511 21842 16404 18498 22327 6075 13909 18498 4179 7850 20931 22942 5 18498 28 78 8956 22521 7730 8956 9634 13512 18498 9010 20149 12345 5 18533 8995 17737 20293 7850 20931 22942 5 15138 15138 15138 9801 5 15708 17438 22327 5 22318 1027 11462 7730 20293 7730 20293 8995 4766 23135 17872 18498 17629 5 3960 7509 1095 11462 7730 20293 22318 1027 9801 1103 991 7509 22942 
13948 27 13909 21596 18498 4854 27 15036 
21 7730 7576 21371 20402 7127 6103 9132 5 12780 13761 1540 4 1027 15678 18498 9743 20402 12861 5 352 4099 7914 22463 2725 7576 17872 9130 19703 5 
7730 13761 12780 15671 5 
7576 30 23180 30 1271 21 
21 21 21 17658 15036 7509 18498 16784 31 22942 5 21 21 
28 9172 22223 4276 17872 20293 12319 21 
21 1549 7509 1095 13512 
15995 6329 
21021 1095 4 8995 22327 16816 20 20 20 
1095 2434 26 7576 1027 15138 1095 2386 21021 21 
7730 31 9193 13311 7509 20247 4289 5 1271 6329 16673 13311 5 31 21189 7509 22942 740 14335 8095 5 7914 16580 31 22942 5360 5935 16083 22942 9808 7914 19900 
7730 11462 20402 20463 7127 17812 13512 21282 17511 22318 6679 22327 6103 14425 18498 28 17511 22318 6075 7730 22318 662 17438 20402 20293 22385 17737 7850 9193 22942 5 17438 21793 3870 1114 7730 22327 18498 13055 9743 17438 9193 5 18498 15299 15643 9066 20463 20853 7730 15299 15424 15502 22318 9743 13923 5 18498 22327 7850 20931 22942 20402 19342 6103 13759 5 22318 1027 17812 20126 
21 1095 11462 20402 20463 7127 5 7730 6592 18498 17629 21752 13909 10273 27 5 18533 22318 6679 22327 6103 14425 7850 20931 22942 5 15138 20127 4 15138 16580 4 15138 1114 4 18498 28 22318 78 20293 5 13055 16468 17438 15138 4672 13026 20244 7693 22318 5174 20402 22463 17737 14149 5 15138 3058 17304 22318 20931 1103 5 15708 17438 22327 5 2702 22318 1027 1095 1575 20463 7127 21 
21 7730 15678 15576 7127 20402 1920 5 1540 31 19814 15604 4 4730 15678 16292 7914 7127 7730 15138 19699 4766 28 16811 5 1095 20293 14425 7509 15190 20293 13026 1095 2136 31 9173 1027 6329 17033 21 
14694 18498 10648 7509 13512 28 3742 18498 23016 15678 17737 27 16126 13512 472 4331 1027 15138 
22487 18498 201 6103 9743 4766 31 13512 28 13307 5 21083 18930 31 21793 5 1027 22487 7509 20247 18498 23016 15678 9971 6103 20247 
9808 7127 7509 17931 31 21793 1612 18498 14335 753 31 20402 31 17934 18498 20402 11462 20293 20402 31 11043 31 23135 5 28 28 28 6103 28 28 28 28 3996 5 7730 31 9193 10530 17931 28 26 30 16323 17872 20293 22805 15678 14425 7850 969 7730 20293 20149 6184 5 
18498 23051 14149 7850 14604 21252 31 15533 17812 1027 20853 13512 17831 7509 17812 
21 9193 7730 14604 12787 13512 20 20 20 
1027 12787 20293 14604 4273 22327 17438 7847 21 
18498 5758 13909 10138 
21 13311 7509 20247 5 
1027 1271 1271 16673 9956 28 17033 21 
21 7730 11462 20402 1247 7509 9193 15416 13909 13512 5 9193 17812 4 9193 1095 4 9193 5221 4 4841 6103 17463 7730 6103 11454 12094 5 15678 18498 22318 6679 15458 7127 0 1114 0 9801 0 21021 0 23135 14514 22327 6103 14425 18498 15678 28 17304 6075 5 23135 14514 20402 31 16971 13909 9808 6981 15190 5 17458 23135 9743 4766 18498 21793 20149 20357 1920 1393 20463 13131 5 21596 22463 5528 3058 7730 753 31 21793 18498 17629 7730 15678 18498 15658 14514 27 
9193 15416 15458 7127 22385 8810 21282 23016 16404 19102 18498 22318 6679 22327 6103 14425 7730 18498 22318 1027 6329 5 
15708 17438 9387 7730 17438 22327 18498 13055 9743 17438 9193 5 
2702 21 
21 18498 1920 20402 20 3058 7127 20 20 
16061 10547 20293 21 
7730 11462 15678 7127 20402 1920 5 15138 19699 27 20244 4795 5 15708 16673 7127 26 28 28 7730 28 28 28 6 10191 20126 19699 5152 21282 28 21596 18498 19335 
21 20402 16066 15658 20402 31 3790 7509 19695 0 0 0 0 
10217 17812 18498 1027 21389 14604 13512 15708 17438 22327 20293 10001 9743 3790 6103 19671 21 
3058 7127 5 23570 21252 5 7957 21932 21252 1095 13512 28 16027 7509 28 
3058 6329 5 17872 8120 31 15533 5 19224 1393 20799 6103 28 5 
21 654 13055 17511 8264 15253 7730 12780 8264 7914 11020 9032 5 
17737 18498 201 6103 4289 7509 9193 17831 5 
18498 21340 17812 28 28 0 0 0 0 0 0 654 21596 18498 13405 2371 5 
13688 16673 28 17737 7509 17831 1027 6329 21 
17324 8956 15081 20402 13043 6 
6472 16673 13512 28 19668 8995 2371 20244 9965 26 654 6472 28 28 28 28 28 28 28 28 18525 15658 9743 15678 6472 12780 14335 6075 22463 19884 7509 3129 27 
7730 11462 20402 15678 7127 6318 5 14604 17812 13909 18498 18533 7730 13512 7509 15190 5 7730 18498 15458 7127 22385 8810 5 15138 21021 1114 13909 7251 17458 23135 13055 20402 19671 27 1027 23135 20463 13512 
7730 9193 21282 288 18498 31 7589 28 28 7102 15005 13909 16936 5 17458 8995 15036 6103 20126 7509 9193 17790 5 17831 13909 13512 7509 17812 5 
16323 1393 14604 18533 1095 28 28 7730 31 21793 15678 17934 5 18498 753 6329 5 17939 26 6329 5 20126 6103 5459 4766 23135 20336 7850 14222 30 5 21793 21021 7509 22520 17872 23135 5 7730 16323 21371 31 10530 18240 28 28 7730 28 28 5 
15253 7730 9193 1755 4766 31 16630 9790 16673 4308 28 5 22327 15138 2727 9790 472 7730 21083 18927 5 15708 16673 3870 7730 6189 5 
17822 15658 12780 6256 23135 7914 16580 5 27 22318 1027 5 
16816 20 20 20 20 20 15658 8840 9193 12780 7957 16404 16765 
7730 4766 8956 10343 12780 17872 29 20 20 20 0 16440 10122 10268 10547 22667 
6 
21 7730 18498 23016 13909 22463 20247 5 
18498 16292 7509 6014 9193 78 13909 8956 20247 5 
10122 10268 10547 28 7850 4770 20402 20293 9790 31 20931 23167 22327 21596 20463 21551 7071 9193 19900 18498 7850 11518 4179 12780 6075 4179 15708 28 18498 15678 22823 16866 21 
16169 9193 22318 1027 5 11462 7730 20293 30 
21282 288 
3058 15533 20 20 
1150 20 20 20 20 18498 20402 20293 9790 31 20931 23167 20 20 20 
3058 21409 20 20 20 
7730 15678 9971 6103 20247 20402 1920 5 1097 22240 17438 22463 21655 15678 14426 
20559 15138 3058 17774 14604 1095 28 5582 5 18498 15995 5 21793 21021 7509 15190 5 7730 18498 23016 15678 18195 13598 5 1095 15995 16375 20293 13030 
1150 20 20 20 20 
2742 656 
15658 17629 20402 16816 1114 20244 20739 1114 17438 4886 15127 20402 15392 15678 18498 28 21596 17872 9193 15424 15678 21551 12780 21752 
10959 20 
21 13667 6103 21793 15401 5 
26 17504 21 
2727 12861 20 20 20 20 
15036 27 28 28 
21 14335 2164 17438 871 28 7509 28 5 18525 17629 9594 4815 21282 4229 7850 28 20 20 20 
2164 20244 6086 6103 23151 18525 17629 19900 1394 14335 8147 21 
3058 7127 15708 1393 22823 28 19900 6103 21793 31 4672 13909 22463 7127 6103 13749 21282 28 17304 16367 14604 20826 
15036 27 2727 12861 28 15095 
3058 7127 20 
3058 21409 20 
8995 22805 28 28 7730 28 15095 12780 17872 28 27 
21 3058 21409 20 20 20 20 
12112 21 
1027 15138 
21 20244 7728 5 
3058 21409 20 20 20 
13586 6103 21793 13923 21 
21 3058 7127 20 20 20 20 20 
1114 4809 4766 23135 1114 18191 20402 9808 20293 21 
21 7730 9193 21282 21596 31 662 5 15708 14604 28 17438 3450 5204 5 
3058 7127 31 21793 20 20 20 
9808 14577 20826 18779 9808 21 
7730 654 20402 11518 6103 19224 5 9971 6103 20247 17583 19224 9634 1027 15138 
1540 14539 20 20 20 3058 7127 20 20 20 
23151 31 12319 20244 16192 5 10648 31 10032 6981 9956 21596 29 1249 7730 17304 1937 6103 15604 20244 9433 5 1027 
21 17872 8120 15678 9975 6103 20247 4766 4276 6103 16067 5 
7730 17872 4809 31 20247 4766 15678 18376 7277 20 
9971 6103 20247 16816 20247 78 16718 17504 28 7850 10366 21 
14604 13512 23489 10217 4289 18476 15855 18525 9010 13761 13512 7730 2725 0 31 28 28 1755 27 20126 10702 5 21282 288 18498 31 10765 7102 20149 22805 5 9901 13512 7850 10273 19703 5 
7730 21596 14924 7850 22942 18498 7251 15425 4913 5 9634 1027 6329 26 28 14425 1095 15138 19699 9743 14604 28 9808 
12960 4766 31 1095 13512 5 1027 15138 28 18494 12246 
21 13761 12780 9193 17872 29 19827 20 20 20 20 20 
10122 10187 30 10190 9808 6329 21 
20402 9312 12861 20 20 20 20 20 20 20 20 16816 5 
3058 7127 20 
13909 22463 5204 5 31 3450 7127 13909 18953 16673 9193 17939 20 
21 4766 4181 20 20 20 20 20 27 
23 19417 21 
21 20244 20809 6103 7693 5 20402 7464 9743 866 18498 23135 1027 21793 15678 28 5 
9743 15678 18498 1114 10188 2136 22765 30 21 
22385 9193 20 20 20 20 20 27 
17667 20402 15678 18498 21596 17872 11462 5 
21 31 15286 18498 13055 20402 15138 3058 9901 740 14425 20 20 20 
17872 4809 28 2727 21 
21 7730 15299 14425 7509 18498 8995 4766 15678 14426 5 9634 18498 1027 15138 5 15138 19699 4 10142 4 7730 4189 4524 27 21 
20559 16816 20 20402 18498 15678 11474 8995 17989 16404 8956 15144 0 12128 20402 22327 5 
3058 7127 20 20 20 
3058 15533 20 
15678 18498 22657 20402 31 12551 27 
1095 20126 6329 20 20 20 17973 18498 12780 2371 7850 9971 6103 20247 20 20 20 20 20 20 1027 8 29 
3058 7127 20 20 20 20 
17939 28 15995 6103 20402 18953 20402 22327 
21 1820 31 13945 18498 11462 20402 7127 6103 19224 5 
4766 31 14425 5915 7509 15190 20293 5 
16440 19698 4524 9634 1027 13909 18498 4331 31 14425 5915 7509 15190 1027 19224 21 
19224 
21 16972 17629 19900 18525 12780 9743 15678 5942 7509 30 5 
16404 13055 10657 31 22640 5 
16404 22463 11111 6103 29 16971 15678 5942 9901 17438 18610 29 4 29 7730 16404 22463 11111 6103 29 16971 9901 18610 29 4 29 21 
21 21596 10765 28 28 18498 288 18498 21752 10273 4766 31 28 28 20402 26 5 654 11731 19969 7850 3733 7509 19635 7730 7055 15678 5353 7509 19635 20402 20813 23135 5 
12861 20539 20402 20402 19671 472 15678 18855 2647 7730 23151 19671 20402 17556 10187 16057 21 
10959 20 
18525 12780 20402 15678 13512 18498 12780 14335 6075 8956 17737 13909 13512 740 0 0 0 0 
3058 7127 20 20 
9193 18533 12780 
21 11462 20402 1247 7509 9193 19169 4 9193 1095 4 9193 18736 6103 23104 4 9193 22327 5 15424 21793 31 16192 6103 1114 20402 3735 6103 9431 15678 18498 9193 20357 5 15708 17438 20402 9193 1095 4 9193 5221 4 14604 15880 1095 5 1027 21793 15678 14924 4766 23135 15253 5 15678 14604 14426 20853 20402 1393 20463 13131 5 662 31 28 21793 15678 28 17438 6256 23104 3450 12459 1393 20463 13131 5 18498 28 22318 6075 15138 1249 6103 22942 5 22318 1027 11462 7730 13909 991 5 1247 7509 9193 19169 1027 13909 18498 22327 9193 10138 9193 14425 1095 22318 1027 1114 991 7509 22942 21 

