3058 11139 8956 15540 16404 31 18195 7861 5 
13909 22463 
19229 5 5 5 
7730 13761 23016 7847 6103 15604 20 
20126 19735 10916 
21 23222 18103 18498 15061 4766 4520 22463 7205 20794 16404 22463 10530 18192 5 8329 12861 4 15576 28 12430 7914 20202 7850 5377 4766 357 6529 7914 22897 6103 20149 155 13909 16404 15678 14506 23044 13905 17956 5 21 
21 16404 21623 15678 7127 6103 10211 8839 6 22463 23222 18498 15061 15678 9713 12960 15658 22520 16343 4 15894 15678 17218 20402 6103 29 23274 29 5 
21 1421 7445 17523 7850 9193 13539 7509 21551 20670 22463 14080 18498 15770 7850 5168 5 17324 2727 4 20402 17908 7850 28 20670 31 14080 7730 201 8147 31 11729 41 5 1276 18498 873 19698 7730 14335 7491 18498 15658 20402 6990 14080 18498 8995 20149 9594 4 18830 18498 21340 9927 740 18498 31 22463 17819 22805 6612 4 19089 2727 15678 8995 2118 7509 16587 6 20319 6103 8995 23123 951 7730 2287 9193 6103 17403 7730 6103 9201 1987 4 991 7509 9620 6103 5426 15658 11284 18525 4770 15678 11169 7730 1393 8840 6103 22463 18511 7985 5 
16404 9193 20402 31 18069 6103 18498 22463 11729 22657 17438 14667 16192 4 16066 14013 4 7850 3962 5 21 
21 2742 4 12726 20 21 
13302 6 19308 20 
21298 5 6103 5 9542 5 23239 5 
28 7730 2068 5 22463 2725 4779 5 
21 21 21 5 5 5 21596 20293 7914 14487 15678 20201 6 22 7850 14924 18498 23135 16784 15678 20463 5426 4766 873 4 8956 16971 2156 5242 31 4245 6103 17304 7850 14065 5 22 21 
21 28 14212 4 28 4 28 28 21 
18657 6103 21793 15678 13923 
17947 20 
21 16972 4 6075 22463 15855 15458 17960 5 
20402 22463 18006 21083 7451 6103 22463 21446 5 
18525 17304 4 1504 5 21793 5422 753 20 21 
17022 15451 
14425 20794 
15678 13909 1437 15458 23222 20402 15678 22647 17596 22730 5 
22805 5 5 5 
2136 7850 28 30 11284 15950 20 
21 21 21 1603 5152 4 14054 18175 14684 20402 19547 6103 14058 16673 17286 5 
12641 14684 18779 4766 21021 5 21 21 
28 21 
20670 31 15902 4526 15950 
17503 21189 
21 14924 5662 29 
11462 4 23151 7850 22144 4 2325 7850 16083 17406 7509 22647 22463 20304 6103 10186 6103 16098 15586 8041 21787 22463 2647 23040 7914 20463 26 5 31 4127 13799 9193 4766 22463 1446 21481 14335 9743 17438 22463 14924 14335 20357 15658 4799 7509 26 5 21 
21 12861 31 10889 2136 18498 15061 4 9193 11680 5 21 
21 9324 4 22463 2053 6103 6987 7730 18498 14514 19094 5 21 
4796 26 0 
21 15658 21596 4181 7509 15677 4 9193 12861 20402 15678 18498 14466 11862 5 21 
871 6075 16404 15678 13909 5937 20670 15678 11455 7509 702 7914 20402 28 
21 1393 20199 7509 3550 11070 4 9808 29 20 21 
22223 5 5 5 
15678 19522 15658 17304 20402 14425 
21 6361 9193 288 5 1603 31 17311 22411 6256 17438 9010 23575 7861 5219 13359 22463 21684 18498 21944 6103 10211 4649 15678 20352 6103 3058 16440 7509 15382 5 15678 5353 13055 20402 23570 17438 20500 21282 4 5432 4 7847 5320 4766 22463 7863 31 13909 5 7863 21340 18498 1377 15678 16718 20564 4 14068 7730 13951 8534 4 15678 18470 21048 22463 20194 8406 21 21 15671 23274 7847 21 21 4 155 8806 16404 17380 17556 659 10886 5 21 
28 
21 28 4 28 4 28 21 
21 22463 16312 6103 7707 6103 6196 4 9193 20293 2118 21 
21 28 4 28 4 28 5 21 
22385 3058 19900 18498 8956 9927 20402 15678 13905 3402 7859 7509 16587 5 
28 6355 22463 20317 6103 18705 15669 15458 16953 18118 5 
21 873 17304 14335 9431 17458 21389 16971 18498 13055 20402 2727 19206 4766 15678 18250 13729 4 654 15678 5799 21389 0 21 
21 18930 18498 13359 5 20402 12577 16404 18498 19900 8611 6103 22463 16852 20563 13525 7509 16718 17383 4 15678 18470 201 4060 7407 7509 18774 4 15138 22898 13494 31 14403 6103 11644 9151 5 21 
21 31 21793 5 
13055 18498 31 23575 21075 21 
17903 6 3665 5 
22463 18852 5 
21 28 4 28 4 28 5 21 
14425 12292 6103 21793 20 27 
16200 9652 7914 21793 15678 20357 5 
21 16323 1393 23577 3625 15189 7850 14134 6 
28 29 
28 29 
28 29 21 
21 21 21 9193 13055 22 19900 20 21 21 21 
9172 
3962 28 7850 26 26 27 
13909 29 20 20 20 
17304 20402 9010 15678 10530 0 
13909 22463 15598 
31 5505 7509 23449 
16440 23397 5505 
15678 23222 20402 5947 9193 7491 15678 21036 
21 15708 26 4 9743 15678 9721 6103 18494 12697 15678 740 8623 5179 6103 26 18498 9193 21596 5 21 
6184 31 21793 31 16971 4766 14378 6103 16209 5 5 5 
11891 9193 16066 14561 6103 4434 7509 28 21075 0 
15637 10625 7396 20420 1920 
20402 18498 10473 0 27 
12960 654 7850 21525 6 28 23274 28 28 
21 1614 6103 3058 4 23051 15678 9145 7509 3625 16559 20 21 
21 5937 5 14539 19900 15678 13727 16015 4 31 10273 20293 20402 17192 5 21 
9975 16559 29 6 15678 14465 21726 23274 15678 13905 5 
7318 9172 2136 1393 5505 
21 29 4 29 4 29 7730 29 27 21 
21 7730 1603 29 28 15658 5590 15678 20207 20262 6103 29 4 8235 4 21623 5 21 
21 7509 18497 9009 4 28 2727 18498 17304 21164 15678 22805 20 21 
7730 2371 0 
2727 5935 
29 1249 6103 22463 13483 19652 5 
16404 20149 16721 5 
2136 16086 7509 1249 18498 23016 13055 21596 18498 8995 17989 5 27 
9808 29 31 21793 20 654 5241 15678 11538 6103 22805 
21 11462 20402 22463 7127 15138 8810 16404 21793 15671 5 20402 7127 6103 22507 31 9634 4 4110 31 22521 4 7730 15678 13909 11861 4 19229 15678 28 6103 22463 11020 11474 5 22463 11474 18498 4 20244 7728 4 4766 20931 16192 7730 13301 4 943 31 10211 4796 23104 7730 12555 22463 4766 15678 16083 5 22463 11474 991 7509 20463 21551 7730 18498 2136 11462 20402 5241 22463 7471 6103 702 16404 15678 17956 7509 11571 5 20931 16192 4 17556 4915 16673 11020 13907 4 13923 12620 17438 21389 4 21095 31 2595 21553 7730 8406 16404 31 9173 31 17406 6103 11462 31 22942 15658 21596 20357 4796 7847 20402 20244 31 2614 18498 9193 13284 5 11462 4 13909 7509 18498 15643 4 20402 9707 6103 18498 22327 15678 18498 7847 9594 20402 22821 5 7730 18498 20244 7847 15658 20420 17521 21364 6731 6103 21793 11571 5 
16323 4 20623 28 28 20 21 
19228 6103 22463 4581 16083 4581 
17324 20402 5 5 5 
26 6 7491 15678 15540 7509 23575 4576 3625 7509 15190 18498 22773 15678 18659 28 5 
28 28 
27 15576 13194 20 
2727 13799 7730 12486 5 
15138 5935 
21 4796 22252 22463 16971 7850 20463 
28 5 5 5 
29 5 17525 22463 10343 7850 20463 20912 
5 5 5 
22805 13909 21 
21 15678 18498 22805 1614 16393 20402 22463 19568 1393 28 4 22463 22897 18498 31 12583 7509 28 29 20402 5762 15658 28 5 21 
5876 4766 31 12301 9608 5 
28 14212 
21 28 22278 7730 28 28 4 22463 22823 5422 20699 5 21 
28 
8995 9431 20 
16404 4809 15678 20207 20262 2727 5 
21 11560 6 28 5 26 30 15239 29 
17458 15658 20402 7480 0 27 21 
21 15678 7536 20402 1341 4 9193 15138 2118 20 21 
18498 22463 7127 15678 17563 3170 22923 4766 8956 5204 4766 31 14539 12546 18498 22923 16673 10523 5 
21 21 21 15678 23221 12216 1393 3750 20402 31 7415 6791 6103 2751 7 15678 7509 20703 20402 31 7415 17438 11686 7509 14813 5 21 21 21 
26 20 20 
21 21 21 31 18772 20402 31 20201 6 15658 20402 4766 19662 18498 23135 15128 22463 16587 5 
31 8956 955 4 14676 6103 16971 13055 8995 5446 6103 18498 15678 23577 12939 6103 5762 22463 28 15604 20402 9497 8956 20634 5611 16673 18657 5 7730 15643 4 15643 11284 22463 14924 13909 18019 16404 12861 5 
15576 10980 21752 20103 7509 15576 7277 7730 5360 19822 31 10765 2136 15678 23575 4136 5 17382 1920 8840 15678 18606 0 21282 17304 8840 19653 14539 5 8956 19653 17629 6103 22463 23205 6103 8611 5 7730 201 6103 8147 5 
7850 9975 4 909 4 18525 12780 6146 18525 8995 4179 20402 31 11454 5 7730 7847 12780 5041 13042 18525 8995 7850 17304 11462 18525 4 7148 6103 22327 15678 18498 8995 349 7850 16587 4 13405 13909 7914 5320 15678 18191 7826 18498 15678 2727 7509 4964 5 21 21 21 
21 21 21 18533 3124 10159 7850 2515 7509 18250 0 26 20 9193 6408 15658 18910 20149 20402 17729 5 21793 15190 19900 18498 18516 7645 7914 18449 20402 5767 5 21 21 28 28 21 
28 26 
21 654 17511 16098 8956 15286 4766 16083 16775 5 4796 15658 17304 16765 22463 13375 22385 1566 4796 9010 1276 0 
21 21 26 22 30 26 26 11943 26 26 
26 26 26 1983 26 26 
26 26 26 26 26 26 28 26 26 21 21 
5 5 5 
21 21 11617 22 30 26 26 26 21776 26 26 26 
26 31 26 20402 26 26 26 
26 26 26 1983 26 26 26 26 14335 
26 26 26 26 26 17257 
26 26 26 
26 11617 22 30 26 26 26 26 26 26 
26 7585 22 21298 26 26 26 21 21 21 
21 28 4 22463 11518 31 22821 1421 5 21 
4854 20 
31 11518 7509 23029 5 
21 21 21 8995 7914 22463 11154 4502 5 13749 5371 22463 7509 21743 13909 5682 7730 15526 6103 7424 4 17324 7847 20149 16393 15138 4766 22463 19136 6345 4 31 16971 21596 31 11891 18498 20402 13591 7730 18498 15678 16718 15658 20402 22960 5 15423 15658 20149 1744 22487 4 15658 11284 16554 4 15658 11284 4328 7912 7730 15424 21500 5 15678 12353 15658 22564 9660 7730 15658 16630 20931 3930 17934 4796 11650 5 15678 12353 21596 3790 1931 4 9743 17497 6103 3058 7730 20149 2176 12653 6211 7509 17563 5 7847 21596 19587 3086 7730 8245 16404 15678 16098 23510 7730 3853 4 17495 20931 23180 20402 9110 4796 31 6103 22463 6366 16404 16098 5856 5 15678 12353 15658 20402 31 17377 4 9193 18525 31 5064 5 15576 12353 15658 20402 31 17298 4 9193 18525 13717 951 4427 4766 7847 5 15576 12353 9743 9867 4766 15576 7251 7730 15658 9193 5474 5 7847 17098 31 1724 4766 20931 5527 7730 15658 4766 31 9193 5 15576 12353 7414 8773 7914 22240 6103 1506 7730 14096 18525 31 18876 20293 7850 14813 14273 7730 12530 5 8956 20402 15678 13905 17854 6981 11154 5 15576 12353 20402 7855 17438 15671 7730 9193 21956 5 9743 5002 4766 7713 6103 21793 15970 16404 20149 16897 7850 17304 5 943 31 13301 31 20463 2713 17605 16404 659 15678 13987 18498 15678 21225 7850 17304 5 15576 12353 21596 22463 1474 12393 7730 6383 22789 4 9193 15658 20402 12714 5 15576 12353 21029 21371 5 7847 15658 238 21 21 15658 21 21 4796 19484 7730 20149 12034 4766 31 19200 5 7850 11518 15945 4 9743 22657 9193 13905 1694 5371 15576 12353 6 15678 23174 5 7730 13332 6 31 5527 15291 20402 15678 22825 7509 14265 4 15678 1034 7509 19695 4 15678 2352 7509 6014 7730 15678 3166 7509 16580 7730 15658 11284 8806 16404 15678 22840 4 31 5518 20964 17664 16673 12353 20 21 21 
28 28 21 
28 8995 13359 5 6103 15604 20 20 
20244 16192 5 5 5 
21 7730 654 4 15678 18498 14335 7491 0 21 
27 
21 12255 15658 9130 7914 28 4 9193 9130 7850 28 18498 20402 31 18494 31 14539 4672 6 12780 16404 13761 6103 22144 4 11284 1233 16673 3633 4 7850 19972 6103 2154 7730 4787 15678 7127 7509 16633 9961 4 16066 16404 15671 4 10476 5 21 
15669 29 2136 654 5 27 
20402 15678 18311 6103 28 5 
27 
2727 17438 2371 5 5 5 

