21 26 10343 7509 28 10343 7509 28 6 
288 18498 20402 15678 8995 12848 4172 6103 86 11561 6 21298 5 4591 30 29 29 21 
8525 7509 7802 4761 7730 5942 
18498 3058 18498 31 22690 8995 7850 17960 5 
21 15855 12861 1614 28 28 5 18494 15658 21596 7178 7509 26 16404 15678 10628 4 7730 12780 19969 7914 29 20 
21 943 9193 2154 7914 29 4 29 4 29 5 5 5 21 
26 
15138 12577 
18498 3058 20 
21 20402 2727 22985 4 28 28 20 20 21 
15855 2371 28 28 
17702 20 20 
1959 31 5891 
21 13729 20402 31 23575 3928 7850 14041 7509 18250 4 20402 21743 22463 28 4766 22463 6193 31 14466 20 21 
21083 
21 11636 15260 7914 29 4 29 4 29 5 5 5 21 
15855 28 28 
15678 18498 8840 6981 7558 5 5 5 
21 20402 1920 4 13640 5 5 5 21 
21 15855 2371 28 28 4 28 28 4 28 28 5 21 
15138 3058 20 
18784 20 20 
15855 2371 15894 15678 3047 9634 6103 871 20402 16367 20 20 
7809 28 28 
23 20 20 20 20 
15678 20015 6103 21793 7102 20402 15270 20 9193 8995 22657 5 
21 21 21 31 7424 16816 21596 31 1434 7509 6340 4 22463 17856 20244 15206 7850 18470 15678 17854 15658 20825 20385 4766 31 10444 5 22463 20634 6103 8666 15894 4 11066 1393 5298 7730 1393 7450 4 15678 8672 21596 1114 1393 20931 8667 5 21 21 28 28 21 
21 21 21 18481 14466 873 8386 4 13909 18533 7301 21 21 28 28 21 
8995 11686 31 7284 6103 8632 18449 20 20 20 
21 21282 9387 7558 21743 6103 16987 7 15678 11663 23579 7730 15678 18498 8995 9711 5 16367 6103 9711 4 18281 20402 5 21 
21 26 28 28 28 28 6 
28 20044 28 21282 7850 12164 17872 28 11560 6 21298 5 4591 30 29 29 21 
5174 31 17939 6103 7782 20 
15678 15112 7102 12735 21793 31 17654 7509 8995 5 12780 21596 18498 4229 15678 4084 9648 5 
21 28 
6592 3170 7850 26 26 6 16967 5121 17743 6103 18284 7914 8905 23104 6103 4109 11560 6 21298 5 4591 30 29 
21 26 4509 11462 28 6 
6592 3170 7850 26 26 6 16967 5121 17743 6103 18284 7914 8905 23104 6103 4109 21 
21 26 4509 11462 28 6 
6592 3170 7850 26 26 6 16967 5121 17743 6103 18284 7914 8905 23104 6103 4109 21 
21 26 4509 11462 28 6 
6592 3170 7850 26 26 6 16967 5121 17743 6103 18284 7914 8905 23104 6103 4109 21 
21 7730 2371 28 28 4 17884 0 0 21 
8840 18498 9016 16404 15678 19509 7509 28 20 20 
21 26 3928 3749 28 6 
15678 16753 18165 21944 15678 22666 7509 13591 6103 10211 23482 4 7914 22463 15190 6103 7830 4 5982 7730 889 6 21 
15138 3058 20 20 20 
21 17689 8956 2524 4 21371 20 20 21 
21 17653 7730 22830 6103 3515 4 26 20 21 
17438 14466 8995 7730 13909 14506 20 20 
2371 20539 20 
21 12861 20402 23570 5 11876 20402 20622 6103 19822 20 7914 18481 15678 20446 15812 16673 18921 6103 11857 20402 6103 18381 18471 4 20402 31 9721 7509 20821 5 21 
21 26 12971 15678 10889 12971 15678 10889 6 
6472 7509 2471 6103 10731 22 5913 14799 7730 16967 5371 31 7847 2288 5 11560 6 21298 5 4591 30 29 30 11560 6 21298 5 4591 30 29 18498 29 21 
21 26 28 28 28 28 6 
28 7509 6340 11560 6 21298 5 4591 6103 29 30 21 
21 26 28 28 28 28 6 
28 7509 6340 11560 6 21298 5 4591 6103 29 30 21 
20420 22463 3058 20 
23351 
288 18498 12780 201 1276 7384 20 20 
3058 
27 
3058 20 
21 18103 20670 18953 7730 11650 7509 9122 19374 6103 22463 10083 4 22356 7509 29 30 28 5 21 
21 26 28 28 28 6 
16994 8317 7850 19415 20 23570 20577 20 15678 26 9743 31 9867 20 23016 16404 31 28 21 
21 26 28 28 30 6 
23016 16404 31 28 19646 18533 22463 28 14425 4766 23315 7730 6977 31 18525 16721 7174 5 11560 6 21298 5 4591 30 28 29 21 
3058 
21 31 13907 7509 5758 11462 7914 7127 23104 9743 3336 14265 4 19822 4 22564 7645 7730 16098 10495 20 7730 31 23577 4672 18498 349 20402 18498 18476 498 4 8995 2116 7509 10993 20 21 
21 26 5993 7509 6428 3590 6428 6 
28 230 16601 18498 5762 15678 13880 18449 15291 4 4766 20995 16404 17930 5 11560 6 21298 5 4591 30 29 29 11560 6 21298 5 4591 30 26 11617 21 
21 15855 2371 16083 8611 6103 7251 18449 18498 31 16971 6621 4 4226 13301 28 20 20 21 
12861 15658 20402 15616 20 
4672 6103 2524 
21 6408 7509 29 6103 20460 4 22463 15599 6981 20730 14336 12838 20 21 
15678 13727 13909 20812 7509 12261 20402 19418 23479 18498 20149 14096 15480 7914 21551 6103 5782 14996 5 12261 26 28 5 
15678 18256 22150 20 
15678 17304 7918 7509 17563 20 
8840 18498 20402 1133 16404 21793 28 5 
31 11683 7509 21442 5 
15855 2371 5 5 5 13055 8995 3058 6103 15128 15678 13317 7509 20207 10828 20 
21282 15726 20 
22463 23174 18498 22657 16404 871 4672 20 
27 
21 15894 8995 15678 7251 5 5 4 20 21 
27 
21 16753 5621 4 11686 1393 6103 9308 6103 10876 4 1612 7850 17412 7509 6193 20 
20497 20 20 20 
21 7914 18481 23104 22463 17380 6103 26 26 21752 7509 19671 7730 6075 1393 17297 4 15678 28 5360 31 3610 5 5 5 21282 18498 7914 28 6103 13369 7914 5995 13347 20 21 
21 15855 2371 28 28 4 31 28 7509 28 21 
21 17931 6700 7914 29 4 29 4 29 5 5 5 5 21 
21 15855 2371 28 28 7730 28 30 4 20670 15678 18498 8995 5459 8956 28 5 
21 4690 6103 11048 4 13461 7914 28 20 21 
13461 7914 28 20 
11066 31 5 5 5 4509 20 
21 28 28 4 21282 13325 7509 26 21776 21634 20 20 21 
6 26 6 
8995 3610 20 
21 20402 1937 7730 20852 11561 6 23273 5 28 5 4766 26 0 22615 30 30 30 
15678 1276 7730 6408 20 21 
21 31 18366 7509 5621 6103 18610 29 4 29 2848 21 
16323 1393 19535 18498 7855 8956 6 26 6 
20402 21282 15678 18498 9620 5 16404 18498 9193 18533 6582 20 
9193 9594 12861 7914 22463 2154 6103 7759 1229 7730 15502 368 20 
21 15678 14426 17915 21282 7509 13871 28 20 20 
21 15855 2371 31 21 21 28 21 21 7509 28 21 
21 18366 7801 4 12780 22805 5 5 5 21 
15855 2371 28 28 
1920 4796 15678 28 20 
21 15855 2371 28 28 4 28 28 4 28 28 7730 28 28 9025 
15678 22823 12353 7509 28 20 
11731 20 
31 3962 3510 5 5 5 
13600 20 
21 21596 15138 4 22805 20 21 

