21 17989 14158 28 4 288 31 20794 7509 14604 17877 
17819 28 7730 17819 26 26 6103 15138 
14425 20497 7509 14425 2510 7509 14425 23489 5 5 5 9542 5 9542 5 
21 26 20 20 18525 17304 5421 4 12780 753 15138 31 8525 20 20 31 8525 22556 20402 2118 3625 19948 28 521 7730 12780 19363 15678 28 1249 18498 23016 7850 15187 20 20 20 7957 4680 4766 8956 17960 20311 20 20 20 13909 12301 7850 13543 21 
8147 20244 31 28 28 
21 13028 1393 26 26 11462 4 7730 23016 20149 7451 9743 2060 7914 11111 4766 1097 2647 16292 4 3702 4 12960 7730 15138 13909 20 9743 15678 26 7850 13543 23273 5 28 5 4766 21 
26 
21 201 6103 8147 22463 3643 7509 28 4766 22463 21266 4229 26 26 4 13764 5590 16673 14604 19800 21 
21 28 28 26 28 4 26 21 
7730 8956 26 18498 15658 4785 21298 5 21298 
30 
8956 26 7509 28 8995 14149 5 
21 30 19969 702 15033 7509 21871 18498 7102 19969 702 10405 4 30 31 10765 9743 0 4346 0 6443 0 21 
27 3148 30 
28 28 28 26 28 28 7509 28 28 28 28 28 28 28 28 28 28 28 20149 8918 6103 873 6663 5 5 5 873 12780 16468 17872 26 3148 0 
21 28 7730 26 4 26 28 21 
10548 3492 
21 26 29 11518 17872 8406 7850 27 4 7509 11518 31 22942 21 
8956 20402 14604 18195 9790 5881 
7509 11518 31 22942 155 9193 18352 6103 19862 7730 3472 7847 0 
15299 4796 23391 15678 15585 17872 19450 21793 15678 17877 
26 26 
4796 7491 28 28 28 6 18506 31 12899 22327 5 5 5 1920 18525 19900 9193 10447 7509 18069 
26 26 
21662 20931 15311 5 5 5 31 9193 20402 13909 16066 14466 27 
22463 11518 17872 26 26 
25 26 20402 15678 26 31 8406 
26 26 26 26 26 26 
21 22556 30 
6408 6103 22463 13669 8840 5 5 5 7847 4289 5 5 5 28 8235 20 20 20 20 
23166 1652 4796 15643 
3805 21282 13359 22463 14041 17872 7599 
6103 23151 17872 20023 30 
21 12780 16404 31 2154 6103 15533 4 16468 29 14764 15637 20135 7730 6592 18498 15658 21596 2154 5 5 5 10131 21 
21 15678 14924 7509 3564 6103 29 7914 28 4 19972 4290 4 1624 18506 9193 18195 31 29 28 4 23135 16404 6103 20357 3564 5 5 5 9193 21776 15036 16066 19108 22463 17556 0 0 21 
21 11462 23151 16404 1612 3564 6103 28 4 17458 1022 4785 31 2154 21298 5 21298 5 5 5 425 10548 6221 21 
11617 26 26 26 5 5 5 11617 26 30 26 26 5 5 5 9193 15678 23011 9901 15138 3058 
26 21776 29 
26 26 15678 26 26 28 11617 26 
26 21776 29 
26 26 26 26 11617 26 26 26 
14604 28 20402 15678 9971 7509 15190 0 20 0 20 0 20 
6103 23151 17872 3962 
17461 29 16404 6103 10131 4766 15678 29 5 5 5 23135 15643 12780 10648 
26 26 
23 5 5 5 3058 6170 
1920 18498 20149 9743 17111 
1467 28 7730 31 23174 26 7509 29 15658 15128 5 5 5 20402 18498 8956 20402 15678 20577 18498 15658 21596 4796 9193 18983 9193 910 0 20 
15821 6103 10548 20 20 
21 15658 19900 20149 20402 22765 9193 5 5 5 7201 30 5 4766 1276 6103 18475 18352 4 21743 6 30 5 4766 28 5 4766 5 5 5 7730 6256 20931 18352 13909 7451 21 
15833 26 26 20 20 
29 5 5 5 23351 26 7850 26 0 0 
28 4913 5 5 5 654 20402 21282 8840 4289 7914 3962 
29 7850 9934 5 5 5 12780 7850 28 
26 15803 26 30 10490 20 20 20 20 
11462 21596 26 20 20 20 20 
28 10473 20 20 
9308 6103 28 30 30 30 
201 20 20 20 20 654 20402 19662 2625 17872 15658 9901 6103 9308 27 
21623 31 18069 7730 4785 31 3510 15678 15190 7850 20402 5 5 5 288 18498 30 8344 13909 22463 17556 7850 18553 30 
26 
4910 23167 6103 9130 
21 27 26 15458 23575 28 5 5 5 11462 15658 18533 5074 6103 12939 15425 4 288 18498 31 26 15658 18533 14335 6256 12960 26 21 
26 22137 9012 
26 26 22 20539 26 
15678 15081 6103 9901 21389 21551 15458 13950 
26 26 21776 26 30 
21 4380 5 5 5 15678 9829 13909 26 7509 15364 5 5 5 3610 7509 22491 2136 7914 3962 6 4380 4 4380 4 7229 4 4380 4 7229 4 4380 5 5 5 8406 7914 3962 6 15678 20749 1421 7850 6014 4 18363 3702 30 21 
9315 12709 15678 11579 5 5 5 15678 11579 12709 15678 9315 5 5 5 7730 31 28 18498 20149 10131 
26 26 
23 5 5 5 31 28 
20149 31 16971 16098 15286 7879 951 7850 23572 5 5 5 20420 14466 17106 5 5 5 9193 20402 22463 23570 11644 31 6318 
23 5 5 5 30 20402 15678 9975 7509 23575 8503 6103 26 26 26 0 0 
21 26 28 4 15678 10702 8995 7509 14604 13131 21371 21 
21 29 4 23351 26 7850 26 26 0 0 0 21 
26 26 9 8 
23351 11617 7850 26 26 26 0 0 0 

