3960 7730 9542 
21 15678 21 21 20539 21 21 7509 28 29 20539 20402 6103 30 28 4 3962 9193 19450 4913 22463 6981 5 21 
19967 
12787 
21 31 23067 3281 20670 31 15041 
15678 21539 18498 31 16971 20357 7914 19225 1393 15041 7099 7914 11020 16440 1393 18498 31 15267 7730 31 18191 5896 15766 9193 22053 6670 16753 5 31 11670 6103 15041 18498 9193 20402 16468 10794 8995 22983 1393 8715 4 1393 22225 7730 31 1062 9649 7730 201 17438 1946 20293 31 11729 15400 4 19854 7730 1393 9971 6103 22327 5 15678 3280 4915 31 15041 4796 22463 7509 1875 7509 22942 5 15658 11284 17438 18498 21560 5 
15678 14550 3281 4 28 28 4 17438 9365 4 9743 22463 16343 8406 31 15041 7730 15678 20828 5 1920 4796 15576 6564 15596 20402 15392 16404 352 2727 7360 7850 14049 20201 4 31 15041 19363 22463 8995 13220 7686 15678 18470 31 8208 20402 18865 16404 15678 28 16066 22463 15604 22942 5 20207 15678 3280 4 31 22942 20402 9172 5 7847 15658 201 4766 31 15041 5 21 
7914 22463 26 12240 12374 28 776 28 28 28 28 28 30 30 28 28 28 28 28 28 28 28 28 28 15527 
21 20539 4 9743 28 7850 20228 18476 14335 16630 19007 21535 13591 9193 17890 20235 21 
29 19699 20 
26 29 
11462 30 9743 29 1249 5 10673 20 28 28 26 
21 15311 6 1022 20402 15678 7127 7509 14604 22062 6103 5528 5 
15311 6 9193 19900 
15311 6 9193 22318 1027 
15311 6 9193 22318 1027 4 22318 1027 15138 13909 
18476 7847 352 7509 4477 4 22805 20813 15678 16169 1393 13131 7509 3590 5 
15311 6 16169 4 3472 7847 0 0 0 9605 6739 
16169 6 23135 15658 19900 18525 7512 15678 5528 16404 23135 0 
15311 6 11875 20 20 20 7730 4809 31 4346 15138 5 
16169 6 21776 23409 9942 5 5 5 7847 20402 1393 2532 5 5 5 20402 21282 16404 21662 20463 5528 15604 
27 21 
21 11462 7850 28 6 31 15253 7509 28 28 15658 19900 4 9193 21596 22463 21189 11462 5 7847 4796 21793 15678 7623 7509 10728 20 15658 16784 5 21 
14334 21894 6103 4554 
18476 16836 20149 9193 8995 15311 5 5 5 
9620 29 28 16404 656 201 5 16404 15678 6086 10179 9620 29 28 7730 16404 17286 9620 1453 29 5 
21 

18498 7509 11069 18533 7491 6 
23 4 23 5 5 5 23554 28 9193 12780 4796 20463 5 5 5 3031 20 
16323 4 20402 11756 9808 20 5320 20293 4815 12125 6103 18475 7419 18498 20402 20293 14926 21 
9193 12787 9743 22463 18350 6103 1249 11462 20 9193 20293 20402 9193 2442 8171 20 22318 1027 28 5 
21 29 1249 6408 7730 5980 8995 3702 13909 22463 16323 5 9193 12787 18498 21389 1027 20 8956 1249 15658 22318 9743 22278 17438 1614 7730 20539 7491 18498 22318 1027 5 1249 16468 22318 23409 7730 21596 13909 6103 29 5947 4 8956 1249 20244 22318 23409 21596 15138 13909 20 9193 20149 21596 17556 5947 4 4730 31 10273 7509 14796 28 20 20 19703 
20402 11756 9808 4 3058 20855 7730 21021 5 8995 20293 4766 23135 20 9808 1247 20 22318 1027 21 
26 7850 14799 20 30 26 2288 7730 22773 30 
21 21752 8956 16945 6103 9193 4 15253 20 21 
26 26 5766 6103 22666 30 26 
7730 21596 7491 20 
21 13055 18498 12780 6472 866 4 17304 15138 2727 9750 4766 22463 2053 18643 7730 17504 5 7509 5431 4 15658 21596 11066 5 18476 8047 8747 17438 12346 18191 7730 6472 15576 15699 4766 21793 15678 23516 4 9901 19343 6103 8438 7730 22463 9444 6103 8208 12837 6389 6103 15671 5 
10343 6103 28 28 14550 3281 5 21 
21 16323 20143 16673 29 1249 20 
20402 31 21525 155 18498 13909 753 31 9193 15253 31 9743 31 4672 6281 4 8329 9193 9901 18559 7914 10366 1393 21525 1937 8956 7558 5 20143 29 28 26 21 
11861 20 
21 4534 6 14378 6103 13727 9769 5 17438 9365 4 18476 9193 12780 31 22463 2547 16066 19511 15036 6103 14378 6318 8995 9769 7730 9193 16468 23167 5 21 
23427 3270 
4539 28 28 
21 26 26 26 5 
7585 22 21298 26 13236 5 
26 26 26 26 26 5 
28 11943 26 22 20539 26 20 21 
21 31 11025 19652 11570 6103 22463 23577 16971 22463 7127 12780 11915 31 15127 21911 7509 6996 6103 22463 16587 7730 4 991 7397 4 20402 3735 6103 22020 15678 6996 6103 21793 31 11571 5 20402 22463 18824 7914 3459 6103 8034 7914 18498 11704 17517 20149 9402 7850 8806 16404 5849 31 10421 15291 4 31 21551 6103 5074 7176 10796 5 
8995 9743 31 9193 16440 20 20 20 
10273 6 8147 7509 7473 7509 22519 7509 30 22971 28 29 5 29 5 29 21 
9808 7127 7509 18374 20 
16323 16292 20 
21 18525 8995 31 9971 6103 3124 31 15256 7850 14245 7730 18006 11670 2389 7914 19225 1393 23014 4 12657 7914 9193 20709 0 
7730 8956 13185 6103 3059 4 1694 15630 5 5 5 15678 28 8995 12841 7384 0 
19592 3281 4 7957 7319 20 20 20 21 
21 29 1249 6103 5463 1393 3280 28 5 29 1249 18498 7070 14335 6184 1393 18020 11573 7509 30 28 5 17836 29 1249 18498 1959 31 14799 6103 17999 15678 3280 2092 7509 9193 13749 4 7509 9193 22942 7730 7509 14604 4901 7501 5 11462 12345 22463 15604 4403 20 
15708 20320 20 15708 31 21793 15678 1097 18498 14335 11998 31 22020 28 21548 7914 14924 6103 9801 9172 5 23016 29 29 5 
3280 29 30 30 30 20320 21 
7730 18525 7491 18498 20420 10544 0 
21 28 7850 23523 4 11462 22463 20304 3962 7730 9193 15658 8995 3962 4 9193 654 28 7850 11636 7730 9193 13131 19703 5 26 21 
21 17831 7509 4407 4 19169 7509 21312 4 17753 7509 3821 7509 2147 7509 28 28 5 16323 16673 20463 7127 4 20402 15138 9808 7730 15708 17438 8060 20463 5574 16404 15576 21932 1851 6103 17101 4 9193 17438 17556 21738 4 31 17101 9901 2136 15678 16962 5 
6148 8956 10343 6 21 21 21 21 
9808 1247 7730 8995 13026 20 
15585 7509 7791 6 5621 15678 28 16219 7509 10273 4 17458 7847 12780 1575 15678 16083 13131 16404 9743 31 11477 6318 21 
21 15908 7850 11979 6103 13909 22463 4407 4766 31 9942 7509 17653 7730 1097 5 20207 7847 21 21 16292 18498 9743 20 21 21 21 
28 28 
21 29 1249 7730 10546 7509 28 28 20 20311 5 
4766 8956 11636 9193 11771 15678 28 28 20 21 
21 11462 20402 7127 6072 18498 15424 19900 15678 15540 4 9193 13055 4229 6103 1095 20 
1095 4 22805 31 5341 7730 31 19967 0 
7127 7509 1095 1097 21 
21 28 6 18909 7509 26 30 26 28 30 16404 7885 7509 8208 23069 7730 14058 4 7850 18191 22942 4 7509 8995 6103 28 4 5055 8957 6103 11712 7730 19898 18498 22020 18475 505 7914 9801 165 5 21 
21 16323 10441 20 9808 1247 28 28 20 
14539 4766 14980 6103 10273 4 15678 1875 20402 20293 15678 14539 4 12979 7730 18643 5 31 14156 19140 7509 9193 11020 1095 4 14493 4 16375 6103 22915 7730 8810 16404 9193 22942 5 733 4 20402 7847 18525 14335 1547 4 991 6103 21389 4672 4 15678 3280 28 4 31 30 28 7730 15678 17753 28 5 
20402 11756 9808 4 4766 20127 4 21021 4 4302 7730 22915 6103 14984 4 16404 19698 15138 5 
20007 31 19169 
5320 4815 20 21 
21 29 3488 4 23206 11670 7730 22463 21282 11637 20 26 15995 6103 20402 28 21 
21 21 21 15678 23516 7730 15678 22963 7509 12979 4 6103 9707 4 21596 15678 17304 6103 15128 31 11454 7509 15190 21 21 
28 21793 14550 3281 21 
21 15678 11861 20402 17805 16673 16971 4 20244 13009 7730 6103 5528 5 
3058 7127 20 21 
21 7730 21793 288 18498 9193 8995 9743 17022 20670 15678 7127 7509 19730 4 28 28 20 21 
21 9808 7127 15187 7509 19730 20 
19730 4 11462 352 7730 14335 21187 7914 19900 18498 21596 22463 7127 21282 20463 5 7730 9901 13909 11888 7914 19900 18498 20402 22463 7127 15187 20 9193 7850 9193 11683 4 288 18498 15678 20304 5876 1453 7509 17254 7509 28 28 5 9193 654 8386 20931 11868 7730 19235 16404 15678 21021 7509 21525 15187 5 9901 1614 9193 11477 16404 8956 7127 22385 8810 5 
4796 7491 31 2107 28 28 7914 20931 11477 6 21 21 11462 20402 7127 7509 19730 4 12780 2685 20 21 21 
19730 19735 21 
21 16323 28 20 20402 11756 9808 4766 15138 20127 7730 21021 5 
15708 16673 3870 4 18891 7730 1103 18498 12780 21179 31 3450 7127 4 17438 20402 22463 16971 14149 5 5320 20293 4815 20 21 
21 10547 4 18103 7730 9130 
3280 30 26 2288 7730 22773 21 
21 28 30 7509 7418 28 4 28 4 12916 7730 28 28 30 3280 21 
1247 7509 1114 20 7127 7509 17211 
21 21 21 20151 7850 3674 21 21 21 
21 21 21 20149 23135 7883 31 22925 7509 20463 5574 4 21793 15678 15190 20402 7883 31 22463 10385 7914 18498 18475 7318 4 7473 7730 11154 6507 16404 6075 13727 1393 11259 4 1393 22821 7730 1393 2725 5 19038 12609 31 13496 5 1959 18498 23135 20402 31 22823 4060 6103 22327 7730 6103 21793 31 4672 4 7730 12693 15678 22520 12526 4766 31 20931 13759 12589 6103 22942 7730 17304 5 21 21 
26 13591 6 31 8632 7509 7087 21 
21 15678 19800 6103 22463 15253 4 18643 7730 5527 6103 23516 4 8789 10313 7509 9801 16404 21793 5 28 28 
22318 1027 21 
21 28 21726 20 
12345 31 18909 7509 30 26 28 30 4766 21793 10012 20 
28 28 10657 18498 21793 18498 18908 28 17304 5204 12235 31 9801 165 5 17438 12861 4 17438 13909 18498 31 22942 7850 20402 7188 4 15658 6503 5 5 5 15658 20402 6446 17438 15299 5 1276 6103 13909 15299 4 22773 31 18191 10341 5 6103 5 11617 5 21 
9542 5 18610 5 11617 5 7730 5 15658 5 6103 5 20539 
21 28 6 14924 28 18498 3439 10138 7509 16292 
7783 6 14924 16722 6 23478 18498 14619 20 21 
21 8956 15422 6103 21 21 20149 9594 866 18498 9193 15658 10959 4 12780 22318 9343 20 21 21 5 5 5 7730 6408 9605 7509 28 5915 0 
9193 10765 4 14466 20 15658 16784 15678 1095 17438 15936 7439 4 8956 15658 20402 31 17819 7730 15424 31 23575 22897 20 
7144 4 8386 15678 17406 6103 22886 7730 19456 20 
2647 23167 6103 9343 15678 1097 4 4867 14018 22463 14469 2389 16404 16083 5 21 
21 2647 16292 6103 22942 31 22942 20 
28 15995 6103 20402 28 15894 2352 7499 3280 30 30 21 
29 15803 29 26 
21 21 21 28 28 565 6 22 10959 6103 22773 31 505 22 5 31 7280 7509 22942 6103 28 20402 15643 20402 6446 16673 7181 7730 12894 16367 6103 2288 5 14604 14550 28 21793 3152 6 22 15658 21596 14378 7509 7181 20 2288 4766 5521 20 22 21 21 5 28 28 21 
21 15678 28 20293 20402 19083 7850 10523 15187 5 654 4 16673 17106 10523 5 21 
5762 4766 28 5 4766 26 
21 21371 17769 9193 11477 7850 28 4 20402 16072 7730 12780 13909 991 1393 13131 7509 14758 5 5 5 5 6050 4 8995 4766 23135 21371 20 24 21 
26 18772 13085 
21 16007 7509 14550 3281 28 28 
30 23140 5 29 21 
15489 28 7730 23 28 
7576 
21 991 7509 10259 8003 4854 15458 13892 5454 5897 7509 30 4 21596 31 15941 6103 5174 16973 22463 11020 22892 4 18498 3179 11915 31 13749 12979 7850 28 4 4796 17819 19483 7509 7473 14239 7509 7418 28 29 5 7730 2126 7914 21631 3873 4 8047 4766 15678 12979 22463 11020 13749 16673 9801 7509 16971 4 4854 31 28 3281 5 
15138 17605 20892 5 26 20 21 
5454 5897 4789 7509 30 
21 20149 15678 3280 5252 7914 22773 4 8443 15894 22773 0 7850 15576 5528 4 7850 9193 14487 5 21 
21 20559 20497 6103 3031 20 2174 
3058 7127 5 21 
21 8810 28 28 
28 28 21 
21 1737 7509 23179 20 
1550 9193 15534 4 7589 16705 20 21 
21 18006 6103 16580 8088 1393 15911 16673 14604 14550 7509 22942 4 28 28 4 18498 8223 31 15390 6103 8248 6103 21793 15678 17563 7914 17965 6103 2367 7813 18498 4730 9971 1393 17298 7850 15190 5 22657 31 13311 16404 18498 17511 5421 16404 22463 20709 13909 13043 4 16140 7730 18498 22667 31 7206 7509 22942 9193 16440 20 21 
21 23135 16308 5 23135 20402 16308 5 
23135 22271 7730 3510 6103 3790 7850 3585 5 
9971 21 
21 26 26 20 
27 21 
30 26 
21 10273 6103 11462 29 6 29 4145 5897 28 28 30 5 2060 21 21 8147 4766 15678 14550 21 21 30 30 26 26 3280 30 20320 21 
21 7730 7914 22463 6981 10298 4 15678 28 28 5320 4815 5 16429 7509 17950 21 21 18525 14018 20402 15678 4284 21 21 9193 15658 20402 1393 1623 5 
22657 16673 13176 4 14125 3913 18498 6361 29 28 16404 19969 7730 29 5320 5 21 
21752 8956 10273 7509 8933 16404 7277 16066 7509 7277 16404 31 8933 0 19703 
21 5942 13233 6103 3280 7509 30 
22049 7850 2147 7509 16580 7509 9429 7730 9132 4766 10122 7850 16580 15187 7730 7206 7509 22942 4 18498 349 20572 7850 2147 14929 18498 8995 13679 4766 14443 6103 16083 16587 7730 13617 30 3280 26 30 26 21 
17714 14604 17602 16404 15678 26 26 3148 
19592 6103 16971 9808 20 18498 21252 13512 20 
9193 7730 28 28 6070 7914 3962 20 
21 3058 21409 20 14724 
9193 15658 5652 9743 3790 9808 7850 10273 6103 8632 5 21 
17458 21489 12901 1276 7509 26 26 0 22805 8956 17950 14335 2647 22463 10183 6103 29 14458 
5 5 5 7730 20402 15138 9808 20 30 
21 15253 4 28 28 23135 14335 6075 21389 28 28 7850 12319 16404 155 14604 1474 5 5 5 18498 654 7847 15658 9769 13909 20 
7730 654 0 21 
21 2031 20 8995 654 7850 20143 5 9193 11020 2130 7850 16196 7509 28 20 15138 8003 20 
5 5 5 
15678 23577 17877 20402 18498 19830 6103 16526 20402 15138 18527 21 
21 8956 10273 9193 21596 18498 21752 5 13043 7850 7127 18498 19450 12780 6103 20753 19772 1393 2504 4 8147 7850 9934 22463 17341 6103 15604 28 4 22463 11438 18498 9743 1830 7850 12780 7509 14243 7730 22463 26 6103 5695 7509 15604 7730 2407 28 5 20474 7174 20 21 
21 9193 16647 23206 14703 5 
3058 7127 20 21 
28 28 26 26 3148 
2287 20 10273 6 2033 7509 28 29 
1614 20402 13727 6103 10765 9808 20 19592 3281 16404 12344 7730 5474 7509 7418 28 20 20311 20 20 20 
21793 5474 20 3280 7850 9975 6103 21409 7850 21252 5 
21 7914 22463 7499 4766 871 12979 4 15678 11573 7730 14550 3281 28 28 7491 6 
21 21 21371 20402 11861 15963 17438 1612 16971 7509 18470 23135 15658 10959 5 5 5 
20149 6472 7730 15963 17438 8956 16971 4 31 19745 7509 15127 4766 4181 8406 7914 15102 5 
16066 23135 16066 31 16083 16971 15128 21 21 5 21 
7558 11518 6408 5 5 5 27 
27 21726 
21 21596 15138 15699 7850 22942 7730 7914 15138 6318 4 9193 15253 21596 20402 20293 14604 17478 20215 5 15963 7730 1502 16404 18498 22773 20244 9620 5 
15458 7127 6103 21389 3870 7730 8995 1393 13131 6281 4 17304 19089 18498 22463 3058 21932 4 20402 18950 4 22463 22942 9149 7730 18192 4 11020 22915 7730 11454 5 5 5 20402 1453 14532 6684 4 16936 7509 14604 15697 17835 7509 22942 6 18498 9193 15253 20402 9808 7730 18498 21596 15995 6103 9193 5 
8995 4289 13761 20 22318 1027 21 
21 15253 20293 20402 15253 20 
20402 11756 9808 4 20293 20 21 
13014 29 6 18689 19589 7914 19592 3281 7509 4964 28 
15253 28 
21 14370 8956 20931 21 21 18738 21 21 4 16375 20 21 
30 26 19286 30 
21 18884 9652 7730 21787 10695 4 7151 5 7847 20402 9193 14550 7850 14196 4 654 9193 26 9726 5 5947 31 18352 7730 6075 22463 19907 7174 7850 20463 12901 4766 31 7157 7509 28 5 8525 17714 21371 16404 6075 19907 9193 20463 9224 7730 9867 5 5947 13761 20 21 
21 9193 20669 5360 31 14539 4 9193 15678 14604 3388 5 5 5 18482 7178 20 28 21 
21 23 14796 4 21389 21551 20244 22318 22805 5 5 5 15658 13202 13909 20 21 
21 8995 21623 6103 918 4 15894 7558 3790 7850 14534 7509 10366 8995 5459 7730 22463 6318 7491 6 21 21 20402 11462 18498 9193 16647 31 3439 7509 14222 20 20 20 9743 21551 18498 8995 6103 15855 15458 10696 20 20 733 14907 4 11462 21596 5 5 5 21 21 
2031 14222 4 20149 13359 8956 14469 31 21551 4 15658 19900 20149 20402 3439 16066 10696 4 9193 18533 19822 20931 1229 6103 9042 20 5876 21 
21 19592 6103 3280 16404 12344 5 4964 28 7418 28 20 
9652 20 20 20 30 
7446 5474 22986 16673 17819 22897 20 20402 2743 5 21 
21 21 21 6070 20244 14378 6103 16162 14619 4 1920 20463 7127 20402 15138 3058 21 21 18098 4316 20 
3058 7127 20 21 
21 6452 6 11462 4886 29 1249 4 12861 14539 22998 1249 20244 8956 23221 18498 14335 5608 17438 15138 21551 7730 17106 740 4 7850 9193 12319 5 22327 4809 4766 29 14327 16404 14335 210 4 17324 20207 9193 9634 4 20402 15138 22114 5 23016 22463 14327 4 7558 4 22310 5 5 5 2136 18498 9193 15658 9743 15299 4 20244 18876 7914 22240 22463 14327 5 15678 6739 23016 18476 9193 5298 7914 1453 22463 7127 4 22310 14328 5 8995 21916 21810 16673 23221 7730 8956 6402 14335 7573 7127 31 7127 5 17324 15678 18498 13909 14335 11862 20402 15678 5298 6103 14328 7730 13909 14328 5 
17324 2727 4 8995 13591 20 7730 11462 4788 8956 28 20 15643 13909 4730 7850 9193 2988 5 5 5 15678 22936 4430 6103 5 5 5 4331 7509 16238 5 9193 22773 20 20 20 20 
15081 16404 51 14604 23221 6 16367 6103 20402 22782 21 
27 
21 15190 7509 4962 6 28 28 7730 20931 22356 15061 4 13909 22463 22897 4 15678 18498 19900 9743 15138 2727 20 20143 20143 4854 10889 29 21 
21 4581 18705 7509 17426 28 28 28 28 
15286 11104 7509 28 28 28 28 26 21 
7127 7509 2700 
21 21 21 7850 30 28 4 15678 28 20402 31 22 13759 30 7509 8838 22 5 18533 7491 18498 23135 20402 31 10192 6103 13759 7509 9676 30 5 12894 8918 12861 20 15658 15190 4290 6103 5131 4 9193 15989 23016 2288 16404 15678 2727 7509 9801 7509 16971 4 11278 951 15678 8990 7509 13048 5 17438 9721 4 21596 31 10259 5472 6103 18498 18044 31 30 28 20402 22463 21161 2727 7730 2288 4766 5521 16673 3610 7509 14799 8637 17438 23135 14539 5 21 21 30 3784 18059 17269 5 
10273 6 204 7509 11111 28 29 20936 4145 30 
3280 15995 6103 20402 28 30 2288 7730 22773 18059 17269 21 
21 7957 4270 4766 15678 4795 7509 7783 28 4 10959 6318 4 21596 11020 21021 5 29 6318 20402 6 
29 28 
29 4740 
29 23 5 5 5 25 288 18498 20402 16083 15286 4 9193 740 20402 28 
29 1612 18498 9605 5 5 5 3805 5 5 8956 20402 4740 740 
29 23 18350 5 5 5 733 15658 4 8956 21021 20402 7509 4837 28 5 5 5 
28 21 
21 9193 10183 20402 21389 18498 15424 20803 29 28 7730 29 28 5846 13030 4 1276 7509 11054 7509 8930 20 4 7847 10648 6103 9193 5 21 
21 10606 4 16404 12894 8918 6 
29 19652 11570 20520 155 15678 15860 1132 7730 5327 991 7509 17705 4951 4 8745 7730 8047 2367 17438 866 13909 7883 4 13909 17942 7730 13909 22723 5 
29 873 1276 5241 22463 3962 16784 17304 4 14353 22463 11020 15127 16972 14336 18498 18103 3281 8361 4 21860 22463 10192 6103 12446 16404 12077 16083 16971 5 
29 991 7384 4 15678 16953 9193 18470 23135 16468 17438 22463 20739 12545 4 7850 18470 15658 19900 15678 18498 9743 16066 18498 19859 21810 4 17304 20149 21858 11861 15941 16404 7818 11025 2289 7914 20931 19652 11570 5 
16007 7509 14550 3281 4 28 28 5 21 
21 1485 20 31 15144 11857 7730 8361 15678 19456 7850 21 21 21535 21 21 16006 15260 20 
28 28 5 21 
9786 
19660 28 7850 26 15533 7850 20143 27 20 20497 20 20 20 
9971 7509 14811 6 9193 17819 21430 6103 15138 5 9769 15678 3192 4766 31 5527 7509 22190 5 15604 9692 21430 22190 28 
21 352 28 776 20 20 20 20 20 9808 1247 7730 6679 18498 20402 11756 9808 4766 20463 15699 12235 5025 20 22318 472 3393 20 20 20 20 5320 20293 4815 5 
1886 6 28 10517 25 7509 28 5 21 
21 16440 7509 11111 6103 2628 7509 9308 6103 3280 6 28 7730 4169 
3280 9308 6103 3280 26 30 2288 7730 22773 28 7418 28 30 28 15995 6103 20402 28 21 
28 26 26 11617 22 30 26 
21 3058 7499 4 3058 1097 20 21 
21282 9193 18498 8995 20357 9620 7509 4799 7509 26 6103 28 7850 21525 0 
21 21 21 11284 14924 7188 7850 22942 5 11020 16066 16753 4 31 7181 17304 20402 6151 5 
20813 31 10010 7071 6103 8241 31 505 13405 15678 12186 31 22774 22822 5 
15458 11518 5835 4 12894 11344 15678 15270 5 21 21 
28 28 14550 3281 
26 3280 30 2288 7730 22773 26 28 26 30 26 20320 21 
20 29 1249 7509 7589 28 20 20 
21 17805 17753 28 4 
4796 21793 22897 18498 22318 9326 1421 7850 21525 7730 15678 14995 7509 14604 2439 9743 21 21 16257 21 21 4 10959 6103 20766 4 17438 15747 4 22463 17993 16404 1022 1393 29 6 29 7509 14049 4 20149 17521 5 
14604 6931 8995 18506 7730 17629 352 4099 5 1920 4 31 16256 7509 23112 14335 753 15138 5 
662 6670 13055 20 
28 28 21 
21 17915 7509 2727 654 7850 28 20 5947 15138 8956 13652 4 15658 17458 20402 7509 9193 1095 4 9193 17438 4987 23570 17915 6103 5643 7730 2727 8995 4 15643 21662 7914 1233 20 
20244 5843 1229 20 21 
21 30 4 16647 702 16404 9193 0 
733 15658 30 4 23135 8995 13909 16936 7509 17478 5 5 5 
23 30 4 20293 9193 18498 12780 3348 
12780 30 4 17438 9721 5 5 5 21282 6981 22897 
733 1114 4 12780 13761 4 12780 5 5 5 21 
21 20 20 
20463 16077 21371 20402 10095 20 368 20 21 
21 18533 1097 4 
10959 6103 16630 1614 4 31 21793 18498 17304 16404 7514 6103 20044 18475 21743 20047 16404 22463 11020 1095 20 
16630 4 17438 9721 4 31 4682 6103 21793 16404 31 7514 16066 7481 6981 16630 5 
6075 7509 11543 6 11543 18379 28 2301 3211 28 28 4 29 2725 22886 5 20402 28 20879 
28 16404 7514 6 6103 20207 1393 20474 9789 7509 29 1393 29 6 29 5 29 20984 7509 11543 5 
16404 8956 7514 4 15392 7533 16015 7730 6075 7509 16126 9193 1095 5 1393 12578 4 8088 21793 31 12301 17438 11980 5 
662 6670 13055 7730 12780 4854 7730 7512 20 
15138 15708 4 6103 5528 20 21 
21 733 4 8443 5 5 5 8918 6103 2322 4 6663 6 
16404 18525 8995 14018 8956 21340 6103 13088 4 21282 8995 8918 6103 14018 13026 31 23136 4 15678 10731 7730 15678 2368 4 22327 2727 0 
2700 5 21 
21 7730 15678 18056 5360 5 5 5 
23016 16404 31 28 21 
21 23016 17872 28 4 16673 10530 7509 15382 20 21 
11462 31 28 8995 3017 5 
21 16972 4 15658 12780 7850 14058 17458 8995 1614 7850 17583 4766 14604 1114 4 9193 9942 4299 7730 29 14667 4189 27 21 
14667 15606 7730 15836 7730 5 5 5 26 740 16468 7850 21525 
15726 23135 2647 16255 20 
21 1247 7509 22301 20 
9193 9172 11335 5 15144 7205 6103 453 16673 20463 9743 4 5222 4 5204 4 1103 7730 9367 5 15144 13043 7730 7070 20 
18498 11514 31 9193 4788 8956 6086 7686 29 1249 7730 18498 23016 15138 13909 5 
20402 11756 9808 28 16811 5 5320 20293 4815 20 21 
31 13375 7509 16971 
21 31 22023 20699 7102 4809 4766 31 22023 6103 3450 12186 5 22463 20709 11637 20402 5227 7509 2727 8995 7509 20402 11570 5 
8995 9743 9193 16440 20 
10273 6 19592 3281 7509 2947 28 4964 28 7418 28 21 
21 15678 9172 14550 7509 4962 3170 4 7850 22683 7509 14196 4 7509 22782 7730 308 6103 22327 7509 19205 4766 15678 18450 5 30 20 21 
10623 
21 2031 20 
21 21 16404 9743 31 20931 9801 4 23135 17629 6103 9801 20 31 835 20402 15678 17406 6103 16440 16404 10795 13909 835 5 8956 11644 15658 20402 22385 9074 5 23135 13055 7102 21596 16098 15678 7426 17431 6 7251 2082 7251 7730 23560 18090 13909 23560 5 15678 14539 349 4766 31 9801 5 
1276 6103 1563 15459 1961 4 20402 11861 4915 17438 18498 17908 31 9801 15658 20402 22463 2053 21253 5 8386 22463 13793 20558 6 18525 17908 9801 20402 17458 368 18498 15658 31 21596 4 20402 12254 5 17438 13909 18498 8956 16971 6075 6663 16066 17908 5891 4 15678 9707 20402 18498 7847 20738 17458 15658 21596 10547 7914 20500 14539 5 
19102 31 11644 13909 22463 22897 6 17908 6389 16066 20402 6103 20500 14539 15658 9743 7178 5 20149 8995 17908 20402 17458 15658 368 18498 13055 17520 31 9801 5 31 9620 6103 10547 20402 15678 18498 15678 11810 6103 5741 7730 4060 20739 5 21 21 
28 28 14550 3281 21 
21 15658 20402 31 4417 18498 15344 7730 15424 15894 15005 4 9193 4766 4181 20402 31 4417 15894 12783 8448 5 17324 15458 13727 4 9193 19698 7509 22942 20 16323 19698 6103 12897 5 19698 26 26 20 19698 29 8563 19698 6103 12897 23104 31 3875 19719 26 21 
18498 31 20931 22942 20402 20293 22463 20803 6103 23091 20 20 20 
21 21 21 15678 13909 11861 20402 23135 20149 13398 4766 22463 10259 10547 5 22463 11125 11020 7730 951 18044 7445 16971 5 7509 14539 14031 4 20149 22463 14443 7509 9634 20149 8744 4766 10010 10547 4 7847 16066 7847 20402 3735 6103 18044 15678 6329 5 31 3058 20855 7730 15678 2750 18498 23135 490 17438 14336 6103 20931 20584 6189 20402 4854 4766 20463 16169 5 21 21 28 21793 14550 3281 5 21 
9193 17819 20238 20 
21 10273 6 28 16015 28 28 18498 11462 4886 29 1249 9402 15678 8360 7509 26 7509 13795 4 19604 15678 30 26 19286 30 17518 18498 31 11571 2046 20463 15252 17542 6103 9801 7730 11712 7 12406 15678 17835 15692 6103 7117 7730 15728 7509 14487 18498 20402 15678 28 4 9193 5085 7509 14627 22520 4766 15678 15252 5 11861 6086 16404 15671 4 3281 28 26 3280 26 30 2288 7730 22773 26 30 26 21 
21 21 21 3790 4 3807 5 3790 4 30 20 21 21 28 28 21 
13055 4766 31 9645 6103 3885 20 11462 9193 12780 1765 7730 16468 15678 19745 5 13512 15658 0 20 3885 10887 4264 26 21282 18498 15658 
21 21 21 3450 4672 21596 22463 8959 7914 11259 7850 22520 7 15678 16296 7509 1845 20402 19607 5 21 21 28 28 29 29 28 28 26 28 26 21 
21 16323 28 20 20402 11756 9808 7730 4766 15138 21021 20 
31 7589 28 8147 22463 10273 9193 16404 15061 4796 15678 21551 16468 19871 5 5 27 21 
21 10273 6 14550 3281 4 28 21793 4 19483 16673 9404 7509 3280 7850 28 2092 6103 7499 11573 7730 6103 22942 31 22942 4 11462 4886 29 1249 
15678 23577 6679 6103 14604 14550 4 28 21793 4 20402 9743 4766 18498 21793 31 16971 5025 31 22823 9801 5 7847 15658 20149 17703 7914 5204 17509 20699 4 19695 16066 20149 21858 4112 5 15678 18498 11862 16404 7847 20402 15678 2730 6103 3450 16971 4 3450 14443 5 7730 8995 7360 31 13749 1800 31 18191 22942 16404 5025 8956 15697 5 18989 31 16793 2053 8561 18498 9743 31 16971 20738 7730 3152 6145 7914 17965 7509 22821 7730 7509 13048 5 8956 4930 1409 6103 13749 16673 18498 20402 5595 20402 15678 22823 8908 6103 14550 7730 7322 21 21 28 28 
3280 20320 2288 7730 22773 26 28 26 30 26 28 26 28 21 
21 22667 31 16971 31 3450 8147 5 19456 4 5108 7730 17805 3450 12186 22052 5521 7730 8838 4 21095 13030 15678 6474 5 2288 7730 22773 30 3280 21 
21 20149 21596 22463 2053 15400 16721 6 21 21 17438 18498 15658 8995 5219 15678 19522 18498 18533 20149 13055 9743 21389 16404 12861 0 21 21 4 8443 9312 17438 4060 6981 2053 4 23135 15658 22805 15678 19522 5 
10547 15658 20402 20349 5 10547 20402 5521 20 
7614 5 28 28 13786 3281 21 
26 21726 1631 26 5 5 5 
21 20402 15138 4951 22602 31 9462 21 21 12780 5590 2116 21 21 16066 21 21 15678 19509 31 10765 5590 2116 21 21 
5590 2116 20520 18498 13055 8995 2087 4 8995 13667 5 
2288 4 8995 1393 10366 7384 4 7070 7730 5204 4 20402 16193 16404 31 28 165 7914 18475 1875 5 
16721 15510 20 21 
26 2547 
21 31 10543 7509 17448 5 
7686 31 20402 10864 4 15138 1233 15036 17438 4060 7509 10405 5 
15678 17449 4 16765 31 20644 4 19450 20149 13026 7914 11112 4 1920 20149 616 7730 20149 18044 15232 4 9193 15678 8865 6103 3450 22463 9835 15678 4841 13909 18195 4 13042 15678 18498 15812 13909 3564 5 
17438 12861 6146 20149 538 22463 7509 16083 7730 4809 6103 15604 31 15036 5156 5 
8443 17629 9743 22463 8637 6 16066 6507 7509 21631 16066 238 15678 8865 7509 4841 5 
4766 19898 4 6146 23151 31 9901 13030 5 
1540 1920 31 5484 4766 31 16753 9835 18498 31 19225 4766 22463 16971 15138 18195 17304 4060 4 13055 18498 15678 13909 11861 20402 15678 3564 7509 16083 5 
7730 1920 20688 5 
14996 7509 11454 
15678 14425 19205 15658 20402 1612 18498 22507 16971 16816 4 9193 1612 15894 3450 22463 1540 31 5484 4766 15678 6198 7509 16083 4 7730 452 20931 18471 5 
21 21 31 3450 7127 18498 23104 4 13909 14335 5446 6103 18498 15678 6930 7509 22942 8995 7850 1114 18498 15658 6075 4 7850 10268 18498 15658 22564 4 7850 18102 7831 18498 15299 1800 4 7730 18498 4 8950 7509 20739 16784 21371 31 9801 21 21 28 28 6103 28 5 21 
21 7914 29 6103 12897 6103 29 4 11284 29 1249 4 18781 31 17819 5098 16404 31 16580 15187 4 7850 11702 6103 28 4 9224 18498 14156 31 10483 7509 30 28 12604 30 5 
15678 13727 8637 4 18498 9901 7850 15566 7509 28 7730 1393 21063 7509 11702 14179 7509 15567 4 7850 15761 28 4 20402 21639 15570 5 15678 17753 28 4 18498 1959 4796 13786 7509 30 15459 6086 4 8637 8956 13616 17438 21596 20402 16196 6103 23004 2635 8406 22269 12910 7730 15569 7686 31 20207 11154 15187 4 4766 15678 20352 6103 9743 6072 5098 4 31 11020 16440 16404 15678 22723 2288 7509 15989 18498 20149 6184 1393 16580 15187 5 11462 4 31 30 8144 7914 29 16587 7730 21639 5 15678 8908 6103 17908 16404 17999 31 13301 4 12126 7509 7419 4 21596 20402 22463 21942 7509 30 6670 20931 10483 5 3280 26 26 30 30 26 28 26 2288 7730 22773 30 21 
11617 20241 6103 16633 20 
28 28 4292 26 19996 26 26 3439 
21 7850 3512 4 2124 7730 20274 17556 22564 21 
21 8995 12780 21948 7850 28 
12780 15678 18498 0 0 0 20 
28 21 
21 20879 20149 21858 22463 16587 7730 28 15678 17753 5 13909 22463 2948 6103 3885 16404 2084 15678 22307 7850 7576 5 
15678 2948 6103 3885 1393 14466 20402 12577 21 
21 23570 1618 7730 16377 7850 3892 4 23135 21623 6103 16162 21282 7850 18195 22805 20 21 
26 21075 26 26 20 20 20 
26 21075 26 26 20 20498 
28 
21 12780 7599 17458 1022 31 30 4764 4 16553 6103 20238 7730 10674 6103 4420 28 7110 17438 28 4 15658 12780 20149 4730 21282 7850 13600 7509 17583 5 21 
15678 12787 30 
21 16630 16404 22463 7509 9193 21739 4 4796 17737 6103 28 4 22463 17257 26 29 5 18476 155 15678 7970 4 4346 6103 8003 5 21 
23554 13688 2818 20 20 20 20 
21 28 20402 11686 2836 26 28 6 21793 15190 20149 1820 4 21793 15190 20149 745 16404 9901 7850 19972 5 21 
21 28 28 4 3702 8956 13512 3718 20 21 
21 31 16971 18498 7491 21 21 15658 10959 6103 28 4 15424 6103 1249 15604 21 21 
2818 4 20402 9833 10959 2136 7509 1247 7509 28 21 
28 8995 18044 20 
7914 9634 
8046 
22463 15855 7850 9975 7509 26 26 28 7730 16083 7850 9975 7509 26 26 22564 28 26 26 
21 22327 6075 4179 4 20293 20 21 
28 28 7914 22463 19205 21267 4766 31 28 5 
21 16972 4 8995 31 3610 6103 22463 2060 7730 8995 22463 2440 22307 7914 17269 7576 5 349 871 4672 0 21 
21 7850 10217 7509 18120 4 21793 31 5758 4766 15678 22499 7509 4761 4 17989 16404 18876 15678 7259 5 16630 16404 12780 22886 6103 16292 28 4 9193 15253 21830 5 21 
22942 13669 1393 19169 
13512 7127 
26 
21 1097 4 
31 22223 14307 41 349 7850 3962 6103 1097 7730 16399 7509 1095 30 28 5 15678 305 349 7850 13860 6103 15908 7730 9809 15678 14995 7509 3962 29 5758 7730 22463 3959 4 15658 20738 15425 21743 6103 9834 5 
4766 15678 11792 6981 9444 4 16784 20463 16933 5 17438 12861 4 18525 21596 7348 4 5474 16404 18498 17511 753 15458 14924 4766 15678 13909 3365 6 19830 7730 14101 5 
18525 17304 4 14335 17908 11980 15894 16468 31 12301 7730 22463 11111 6103 1097 21371 13055 8995 15458 14843 5 
30 4 18476 22463 11020 13923 15770 4 22463 11020 2727 15678 21017 20 10268 5 
26 6 20402 5762 22463 11111 16404 13905 12301 7730 4796 17304 753 5 
10606 10765 3058 
15678 22823 26 26 6103 21793 15678 28 5 5 5 
21 3058 7127 5 7957 20402 9808 0 0 0 0 
21945 6 28 3928 8678 16673 28 28 28 16404 20463 7322 7730 13305 4 14539 7850 16953 6103 20931 16910 7730 9536 5 
12125 6103 20402 3281 16066 15658 4 15458 16440 7509 18458 20520 4 7509 20931 12346 6103 17908 20149 11998 4 20149 16006 4 10252 20931 10547 5 7850 3962 7509 3281 4 9743 12861 2092 7509 28 7730 11999 7509 20320 4 4730 20293 7914 18103 5 21 
21 14604 20584 663 1393 29 14550 7509 30 28 4 17438 21793 8017 16404 18498 15678 3280 28 20149 9402 16404 29 16587 7730 21639 4766 15678 12688 6103 18498 3450 12186 17511 20402 163 9808 7730 5226 9743 22463 15190 4766 16971 3450 22897 13909 9808 5 15678 14443 7509 30 28 5762 22665 7914 18475 4475 4 1393 14539 21551 7914 18498 5421 4766 15678 2730 7509 16083 5 20931 18103 6933 22463 17889 6103 22023 12589 5174 4796 21 21 19652 11570 21 21 5 31 17983 7509 16580 4 5896 7730 7804 20402 10476 16404 31 2060 7509 30 5 30 26 19286 30 20 3280 26 30 20320 26 28 30 2288 7730 22773 30 30 21 
21 10273 6103 28 28 4 18498 29 17438 22463 2053 18191 7730 953 10482 22463 15989 18498 17304 17982 31 5766 6103 22666 11578 17438 14336 7509 7804 5 20463 21932 20402 23497 7914 22463 28 18394 11154 7730 22463 10982 14684 941 2253 5 20402 16909 17438 14096 20931 5472 6103 18498 15678 3280 28 20402 31 17835 10192 18498 17518 31 19652 11570 7509 16971 7730 6103 21793 22463 15382 5 6103 18498 16404 22773 15678 3720 20402 15392 31 5766 6103 22666 30 28 5 20402 17729 7730 9601 7850 17856 5 7914 20463 15540 4 20463 17835 7322 6146 18498 12235 20463 15699 20420 5025 7730 17438 8956 8017 4788 7850 6086 6103 11462 4 15678 1247 6103 10483 7509 30 28 4 15989 3281 18498 2092 7509 16580 4 5896 7730 7804 17982 22463 15102 6103 16580 7730 11572 5 26 3280 20320 30 26 2288 7730 22773 30 30 28 21 
21 4289 7850 21494 15678 9956 21 21 20463 20086 21801 23394 21 21 7730 20402 5474 16404 20402 15678 18039 5 
31 17819 4127 20402 11051 7914 22463 20472 4384 4766 22307 7850 29 6103 13903 5 21 
21 4796 31 16971 4229 15678 10685 6 16967 11943 13688 4 15458 9314 14924 
16375 5 5 5 29 
11020 5 5 5 29 
23 18245 5 5 5 29 
1095 5 5 5 29 
21 21 26 21 21 5 5 5 29 21 
21 21596 12787 4 15253 7730 1095 5 1926 20 21 
16718 3281 6 28 3280 2288 7730 22773 30 26 26 
21 20402 10259 20 
20402 10259 20 
20402 163 10259 20 
20402 10259 20402 20402 9808 4 20402 20402 23086 5 
1612 18498 20402 10259 5219 5064 31 16971 
16673 22672 5942 7509 22942 6103 16580 4 13048 7730 9801 5 
20402 10296 20402 20402 12254 5 
20402 23104 21537 4 20244 10268 
16404 18768 5371 15678 193 4 15678 12501 7730 31 23014 5 
20402 10296 20402 20402 6446 5 
15678 10296 20402 7000 6103 3058 20855 
7730 20931 15965 15658 21596 19484 5 
15678 18498 22020 31 10341 15637 11020 10268 
20402 31 18103 7509 10547 4 15678 9370 3281 
7730 31 7362 6103 13749 4766 6993 5 
15678 5682 20402 20293 22463 12711 
18498 6671 31 9801 7509 16083 
7730 5799 31 16971 6103 2727 5 
20402 22463 16782 7850 22942 4 11684 7730 22970 4 
20244 5472 15424 3952 5 
22463 16971 22654 7730 13043 15658 20149 11862 4766 15678 5682 
7730 2288 16404 15678 10530 4 6992 4796 22463 13424 5 
22463 16971 6103 5521 21596 23104 7362 
7730 20357 17605 7914 20931 2130 5 
15678 5682 21282 23104 2635 16784 4 
8995 20293 22223 4 20812 7730 15658 20852 5 
21539 20402 12261 4 5521 20402 835 5 
12894 8918 18498 
20813 31 7117 7850 18103 7509 10547 4 
20244 17560 31 18191 22942 4 
20402 31 10192 18498 15678 22020 7914 3183 11156 7509 22942 4 
18498 10252 7850 17943 6103 20463 20402 15678 21161 8995 6103 22942 5 
4766 8956 22654 8908 
5564 9193 22942 4766 13048 4 5521 7730 28 20 
28 28 14550 3281 21 
15855 13761 15146 20 13055 10657 15678 7509 9193 15253 
21 6592 18498 22318 1027 6329 
6592 7914 23135 9193 16580 
6592 20244 18533 31 22942 5 5 5 21 
21 11036 7730 8003 4 20402 16192 18498 6219 14604 20352 15458 9314 14924 5 
8995 740 20244 16192 17438 21389 14058 6103 3870 16673 14604 1247 4 22985 6103 16971 6103 17819 20 20 20 20 
15708 16673 14469 4 13481 7730 136 5 
8995 15138 9808 20 
15708 4 20293 15138 15708 21 
21 18481 1249 15678 28 4886 11462 0 
29 20 
18284 8995 23570 5 17304 20149 22886 20 
29 15604 20402 26 21 

