28 3702 26 26 7850 13066 
21 14335 12442 17872 14548 5 
18281 10160 
3224 6103 28 28 
26 11617 26 26 
21 21 21 14562 21 21 28 15839 29 5 21 
28 
8889 
3986 
28 7730 15678 28 29 12963 29 23091 
21 9193 15604 4841 28 4 16404 4774 31 7424 7509 16888 5 21 
15678 28 5219 19335 31 16192 3033 7914 18494 21793 15678 16451 5 31 13248 4167 7509 18822 20402 15138 21904 5 
28 
28 28 
21446 
18307 23351 11210 
20497 
21 21 21 2727 2304 20402 8956 18498 21596 20828 6 17324 7914 3206 474 5 28 21 
21 12780 21596 5505 
26 28 28 21 
28 28 
28 28 28 
21 21 21 31 22942 5 5 5 20149 19900 15678 18498 16721 7509 22942 5 5 5 21 21 21 
21 21 21 20149 9193 21596 23180 4 9193 9594 16404 15658 14335 20357 22385 21282 21 21 21 
21 21 21 26 26 26 26 26 26 26 26 21 21 
21 21 21 15678 20749 17304 9439 5 21 21 28 4 28 4 29 21 
21 26 26 26 26 26 26 1631 26 
26 26 19698 26 26 26 26 22 21298 26 
26 26 22 18740 26 26 26 
26 26 26 
26 26 4 26 28 21466 15678 26 26 
26 4 26 28 21466 15678 26 26 
26 11617 26 26 26 26 0 
26 22 30 26 26 26 26 26 
11617 26 21731 26 26 0 
26 26 26 26 26 
26 26 22 20539 20916 26 26 
26 26 22 30 26 26 26 26 
26 26 4 26 28 21466 15678 26 26 
26 4 26 28 21466 15678 26 26 
26 26 16073 11943 26 26 
26 26 26 26 
26 26 22 20539 26 11943 26 26 
31 26 26 26 
26 26 26 26 26 
26 26 22 21298 26 7850 15005 
26 26 4 26 28 21466 15678 26 26 
26 4 26 28 21466 15678 26 26 
26 4 26 28 21466 15678 26 26 
26 4 26 28 21466 15678 26 26 
21 28 
21 11560 6 23273 5 28 5 4766 26 0 22615 13800 29 23360 29 7730 29 
28 21 
21 28 4 11617 28 26 26 26 
21623 20 
9009 14576 2240 28 22575 
21 28 7509 28 4 28 28 12780 26 20 0 
201 6103 6592 18498 15678 20463 13860 20402 16223 20 
21 2371 4 28 7509 28 4 28 28 282 4 28 28 4 28 28 4 12780 14984 22463 21726 17872 12960 31 18195 13444 18498 8995 10544 6103 10648 20 21 
28 28 
21 13909 11529 20 20 28 26 4 28 28 
12780 26 20 0 20474 9789 4 7127 29 14336 15533 20 
21 28 7509 28 4 28 28 4 28 26 4 28 28 
15678 28 1077 31 11571 5 

