18498 6324 6103 22915 
21 17458 7914 22463 15533 10405 6103 7576 4 31 10765 17304 28 28 1027 4331 4331 18527 28 15533 6103 7576 10943 1114 17872 8930 21 
21922 4766 15995 
21 18498 184 20 991 7509 18381 18471 4 22144 13679 7730 6361 654 21596 18498 9193 17703 4766 20402 1889 6389 7509 22144 5 21810 5876 21793 15678 18498 22602 31 13539 29 7730 29 4491 7850 14307 4796 982 10380 6981 20644 21 
3058 7127 20 20 20 
21 11284 4436 1249 8956 18688 23016 1393 15190 4 14335 13325 4796 20149 20402 15908 4 31 21739 21083 1271 18533 15599 20931 4 20244 5219 17769 2031 7914 15299 17596 7730 11462 20402 15678 7127 6318 4 18498 9743 15678 14604 15190 28 20149 21858 22463 17556 2352 4 7847 18498 9743 4766 18498 1421 22463 20853 2977 7850 19800 21793 22897 18498 8995 15457 4766 16083 4672 7730 7847 14335 14018 22463 21 21 14469 21 21 7850 28 7055 6 20149 7693 7847 19900 14606 14425 18498 9193 15458 15422 5 17438 7847 9193 23029 5758 4 19969 5590 16404 3224 6103 16647 16647 4 3224 4766 21083 11341 4 3919 7730 2136 10523 
28 4 21282 21596 31 662 17438 21596 31 11514 6103 20402 20931 21739 4 4766 21793 4181 20931 22985 1393 15190 21858 31 9193 22942 7730 31 6103 15138 16083 16971 15138 8810 5 
16323 20 20 20 31 21739 6679 22327 6103 14425 7850 20931 22942 4 7850 18498 6400 6103 9193 20293 9743 6103 22327 16404 18498 12861 349 4 18498 28 78 20931 22942 8323 7730 18498 20463 7127 20402 19342 6103 9801 7730 3222 
31 21739 18498 22318 1027 15138 15138 15138 15138 7730 8995 7557 17872 22318 6075 22463 134 2727 1467 7730 22463 14984 6103 2702 
9808 1247 14604 16753 18498 13055 8995 8322 5 21 
31 13905 14487 15658 20402 1114 0 
21282 22805 22821 
28 
28 
21 19900 18498 20402 2977 4 9193 5 5 5 15658 19440 21 
7730 6103 19324 21787 22463 15286 18498 22318 9743 13325 7509 21551 6103 8632 5 5 5 23135 13325 6981 15286 14464 0 
21 15855 1114 4 18498 23167 20 12780 0 21 
23570 12346 20 
21 15855 1114 4 8995 21282 7850 4785 21 
18525 14335 5174 19900 5 5 5 9605 7730 15138 21282 
4672 13909 13512 7509 21739 
15855 31 3790 6103 4346 6990 16753 
17458 871 12277 20402 13905 18498 16083 
15138 3058 20 20 
21 16721 4 9605 4 4913 4 2685 
13359 4 23174 4 15658 20149 8918 
22564 4 20402 4 16098 4 7491 
21596 4 15005 4 10691 4 23104 5 5 5 
9193 13761 23016 7847 15603 9193 19900 15678 18498 12780 9743 21 
21 15855 1114 4 3962 7730 4766 22463 14984 6103 6999 13284 5 5 5 871 17304 20402 12446 17872 28 6103 14413 4 15678 18498 23135 288 0 21 
21 31 28 8995 4289 5 5 5 
1575 16404 9743 31 20931 8141 20 21 
7730 11462 20402 7127 6103 9743 28 5 5 5 1830 472 15678 22369 3512 10243 6103 21471 5483 6103 16150 9743 2136 9901 16816 28 
18498 6324 
21 15678 1249 15424 4809 7730 13055 21596 10765 9743 20539 10606 6103 2977 
21 1114 4 11731 18498 12094 20420 20 20 
21 1114 4 15855 20 21 
21 9980 1937 31 23575 21552 6103 22463 7509 9193 21266 9726 26 11617 26 26 26 5 
21266 9652 4 11454 12094 4766 16918 26 5 5 5 8840 17438 12861 5 5 5 28 20 20 21 
4796 5741 8956 15109 20 3450 7127 13909 13512 20 
9743 12861 7730 20402 9808 16404 20293 
21 28 10361 28 4 15855 12861 20 20 21 
7730 15678 21551 16468 7730 5360 13030 1027 23135 
21 15855 1114 4 871 8995 20402 6103 15970 7509 15576 17233 9193 16083 2647 4179 5 
29 20402 15678 15576 1249 20 21 
21 16972 18525 17629 7509 13539 29 5524 7509 28 7847 8995 16345 20244 17803 6103 19553 11284 17556 21551 19969 22463 22144 6103 28 12296 18498 20420 15678 23575 4766 7284 31 13759 7730 15678 16083 31 9128 4 17872 18525 17629 22657 15678 846 21 
21 7730 15908 15678 7127 20402 6103 4790 7730 7914 951 9032 20 
16323 1114 20 21793 31 9801 6981 15190 16404 23135 20 15658 12780 4730 1614 22327 15678 18498 9193 7850 6679 17324 13055 7491 12861 16973 5 
22318 1027 14539 23135 14335 9743 16468 23167 27 21 
20670 20402 10259 5 5 5 12780 7850 28 7730 5219 14096 31 7166 20244 15425 8611 20 15424 9193 368 18498 12780 5219 15999 15678 18498 9193 15658 9743 16673 14604 1114 10122 7071 
21 288 18498 20402 22463 23570 16971 4 17324 8995 2136 5426 15678 18476 9193 4796 22444 21 
21 18498 13324 3058 4 18498 13512 7127 20 21 
12094 5 5 5 
27 15855 21282 5 5 5 18525 22805 16721 
11462 31 16753 17831 4886 13909 22463 15266 5 16323 11302 31 21739 22318 1027 6103 14984 
18498 13512 20 20 
21 9808 7127 7509 17931 16404 1612 18498 16916 7850 23497 21412 6103 8361 14539 1612 18498 15658 18533 1540 7730 17836 15678 18498 9743 7178 7850 9193 22942 4 17836 17438 11998 31 3348 15619 6474 4 3450 22897 13905 5 15708 17438 22327 20 28 17577 28 2319 28 6103 28 28 28 28 28 28 28 28 28 30 28 28 6103 28 21 
21 9808 7127 7509 17931 16404 1612 18498 16916 7850 23497 21412 6103 8361 14539 1612 18498 15658 18533 1540 7730 17836 15678 18498 9743 7178 7850 9193 22942 4 17836 17438 11998 31 3348 15619 6474 4 3450 22897 13905 5 15708 17438 22327 20 28 17577 28 28 28 28 28 6103 28 28 28 28 28 28 28 30 28 2319 21 
9808 7127 7509 5758 20 20402 9808 5758 16404 20293 9743 17497 13649 
22463 7509 15083 16673 18470 15658 5219 9743 7166 20 15658 19440 1393 7623 5 5 5 5891 7509 28 7730 7509 38 28 18498 14335 15061 31 12446 16404 8956 14145 20032 6103 20866 4331 20866 28 1027 15138 6324 
21 23051 1393 26 
31 22575 2504 31 10765 12780 21 
15138 3058 20 20 20 
22463 1249 16404 15678 7127 13909 9808 6103 9193 22942 20 20 
21 7730 15908 20402 7127 6103 23051 31 13909 15604 17831 7509 9634 4 16753 11302 20402 15138 2727 22985 20 3080 13512 7509 21739 20 16323 16404 15678 16292 28 28 7730 28 5 1409 13512 7509 21739 26 11302 21739 2386 14539 21 
7730 15678 2745 7509 20497 15658 14335 6256 7599 5 5 5 31 7034 6103 15005 7850 4145 6103 22463 4417 19211 16753 
21 27 15855 18498 9193 15658 7693 27 
28 28 28 28 28 10361 28 6097 28 21 
21 17458 4766 14604 16753 8918 7509 15190 20 31 28 15658 18533 19969 7850 10273 7730 15658 6256 21752 10273 6281 5 
1027 23135 16753 20 21 
21 9980 5219 20 20 20 
6408 6103 21389 21583 19969 15576 19052 5 7730 4796 20402 3058 19611 31 16971 18498 9743 16440 7509 9193 12319 7730 469 6408 6103 1249 7730 16765 18498 15299 15128 8406 15671 5 
1027 23135 14464 20 9193 1103 20402 16404 31 9173 5 
654 12780 4778 8995 0 15299 6103 6361 13909 29 1249 16404 15678 18195 8147 4 26 0 21 
21 20670 31 9652 22915 31 28 5 5 5 15678 28 20402 18784 9652 4 1920 4796 21793 15678 16083 9632 14988 7509 4417 9010 20402 16083 8806 18498 9193 6256 6103 18519 3510 4 991 6103 20931 28 12092 2725 15678 15215 20402 10839 4 7491 18498 20149 23135 16468 29 20209 15855 3450 15704 7509 28 4 20402 15392 29 15266 16404 18498 23135 5219 22805 22327 5 6981 22897 5174 21282 17438 20402 4 9193 7914 3206 23151 
28 17812 
28 16673 15190 
26 26 18533 23151 13640 21 
21 6592 13909 15215 7686 31 9193 9442 7914 28 4 26 26 308 7730 28 26 20402 7558 15215 6103 28 1067 5284 16673 1729 28 28 8815 16404 31 9456 22513 6103 29 5 15138 7957 21596 20402 5284 4766 31 14539 9976 7730 7850 14539 23523 3450 22463 7509 7788 21596 3802 15138 12183 7730 18498 9743 4766 18498 23135 9901 11518 15726 20931 31 16440 9489 17324 20402 19671 7914 7055 5 20559 6841 5 28 17812 
28 16673 15190 26 18533 23151 13640 21 
21 28 1021 15628 11462 4 17495 15658 20420 22463 10671 18498 12784 14335 11810 21596 13909 22463 7127 16404 9441 7730 6592 31 4417 5 3610 16673 13512 19856 21793 4766 18159 6841 7192 6103 16464 4 7839 18498 14335 6396 4766 15678 26 6103 22 28 4 5288 11886 18498 14335 9743 9901 20244 16192 15603 4 20402 21389 7055 18498 15425 10273 20420 3735 6103 3778 21793 4 15603 11888 5 30 21298 22 26 28 
28 17812 28 16673 15190 21 
21 22463 16587 4766 13909 6103 29 1249 15658 17304 20402 7174 4 7914 3450 8946 31 3450 28 22463 12094 6592 5 31 10273 17304 21596 9901 22463 17556 21894 9193 16784 7914 15299 31 2717 6990 11685 4 3738 6103 26 28 26 12702 13616 15894 15678 22414 6103 28 28 8995 7359 16404 9456 7914 22463 17406 9084 4 18498 16404 18498 17511 22805 15678 22414 23135 17629 20149 5951 4 14096 1920 31 19618 1393 11816 28 17812 28 16673 15190 26 21 
21 9387 4672 20319 18498 20402 12130 4 5174 31 21886 28 20402 22463 6281 4 14988 12094 4 4766 21793 20931 11854 20402 17406 6103 16367 15712 16404 21793 18498 23016 31 28 4 15643 21596 8386 18476 31 16971 14335 9594 12861 4 2136 654 5 5 5 
11888 4 7847 20402 13512 7730 12094 20 20 18779 22463 20825 28 17812 28 16673 15190 21 
15138 9193 
7157 23579 16404 21793 
15855 1114 28 10361 28 6075 4179 20 20 
873 21830 12780 0 0 
17458 5695 20402 15678 14425 21601 7730 4331 15678 14425 19277 5 
21 15138 31 9193 3790 4 22444 8443 15424 20149 9605 21 
10959 
30 28 
15658 20402 18498 9743 20357 
21 9193 12551 20402 8125 15678 28 4766 21083 11341 17872 18506 31 20118 6103 11729 7730 26 15403 5 20149 5947 8956 26 4 9193 8637 22463 21083 11341 17872 23135 5 21 
21 31 9801 8995 9193 16753 17737 18498 31 22942 9193 6075 5 
14604 16753 4289 4766 22463 6717 7491 6 21 21 22318 28 15855 15678 6717 18498 9193 9743 4 20402 23135 7730 9193 21 21 4 15658 21596 17807 5 
1114 20244 13494 4 1027 15138 20 21 
18498 13512 20 20 20 
20402 0 
4289 13640 17831 20 
1276 6103 22327 7730 17836 14604 14425 1095 
28 28 288 15678 19277 18498 31 28 28 17629 16404 15678 11538 7509 918 15678 18498 23135 288 0 
21 18784 8995 9901 22765 4 23523 15138 3058 14539 4 31 22942 20402 2727 13909 20558 4 20402 9808 7730 15658 19900 5 21 
21 2541 4 13909 22463 5621 13512 7509 28 28 20 21 
873 2371 19900 15894 9312 7914 28 19969 23572 7509 18363 14220 18498 12780 2136 20879 0 
31 21646 20319 6103 15658 19900 15894 21623 15678 20825 16955 7730 4785 31 18774 
3058 7127 20 22463 7127 13512 28 17714 16404 15671 20 28 28 16373 
21 21282 21596 31 662 31 21793 18498 6184 1393 14466 22463 14763 7509 20463 21551 16404 14335 16318 16673 14604 1247 4 20402 17438 28 4 14469 4 28 16066 16973 4 23135 21858 15678 14604 7127 15138 13909 8810 20 
662 31 21793 15678 17535 4 9193 17304 20402 18498 6361 22463 17556 19703 4 9193 13055 6256 1614 15678 14604 15138 15708 23135 20402 6103 21 
21 28 4 15855 21282 4 1612 18498 23016 9010 20247 7102 9743 16440 21 
21 11462 12780 20402 22463 9867 4 3031 7730 11124 4 15138 7623 17872 23135 20402 15678 20463 1247 4 12780 9868 15678 1097 18876 20 
16323 20 15459 7127 22385 8810 15658 17304 6256 6103 22318 19140 14604 6679 16673 4672 13909 2725 16404 23135 4 560 6103 5320 4 13055 9743 29 1249 18498 9193 5174 8956 16971 4273 
22318 6679 21793 31 9801 7509 15190 4 18498 31 3450 7127 20931 28 3219 13909 7730 18498 28 6439 15138 3369 20670 23135 20 
21776 4766 15138 20126 6103 23135 7730 22318 18533 15138 2727 20 20 
9808 1247 20 1575 15138 20463 7127 20 20 21 
20559 13512 
21 28 10361 28 4 28 28 4 28 28 15855 12861 21 
18494 4179 
21 26 20828 4 23135 13055 17304 23151 4 9743 22463 11518 13055 18498 23135 20402 7957 13055 8995 4766 20126 21 
21 7730 11462 20402 15678 1247 6318 4 7847 18498 8995 3450 7127 13905 7730 13909 8847 9193 15643 6256 6103 20402 15678 14604 16753 5 6318 18498 14335 8361 15678 18605 14149 20402 20402 21739 7730 18498 20402 21739 6103 14464 20402 3058 17872 3807 5 
11284 18497 1249 22327 15678 18498 9193 13909 18533 20402 22805 15678 20463 19801 4 6592 31 5518 7509 20463 3388 4 7730 6103 20463 15860 4 22805 4766 18525 23135 20149 16393 4 15678 20463 20853 7730 17304 16647 23135 7850 4687 7730 6408 6103 18497 1249 15299 15128 4 5360 18533 22805 20463 20853 3450 7127 13909 7730 13909 4 21282 6103 16098 23135 9594 21 21 22318 28 20 20 20 21 21 9743 14604 5528 19997 6103 835 7730 21793 22897 18498 9193 4289 31 11518 6103 6075 21450 14604 15860 8125 6103 13764 7730 14604 5528 9901 1467 6103 22463 14881 18498 9193 15643 21596 20357 5 
21282 21596 31 662 1393 16292 28 28 7730 31 15253 28 28 17438 14335 18009 31 14145 6103 9743 16440 6103 20931 22942 
28 31 21739 22318 1027 15138 15138 15138 20 
16323 14604 16753 18165 20 21 
21 28 13685 28 4 28 28 28 6103 28 38 28 11154 28 2319 28 28 28 26 28 28 21 
13512 9956 20 472 5366 6103 9579 9193 21371 20402 28 21596 5521 7730 20402 10766 
4646 7509 28 18498 22126 17872 9193 0 31 28 4289 13909 4099 28 8995 13030 16974 
15678 18498 14335 15081 0 16971 18498 14335 9743 9808 7730 21596 31 4181 18498 11284 18525 20149 11862 4766 12861 5 8995 13030 28 21189 3058 
21 29 13080 31 14466 7914 22463 15266 7730 15678 14425 6103 22327 4766 20127 4 19042 892 15658 20402 22385 19854 1920 19703 21 
28 10361 28 21830 0 
15138 13512 20 20 
20558 1920 
18498 21340 28 10361 28 0 0 
28 10361 28 15678 18498 23135 288 0 
472 31 28 20 20 10959 
28 10361 28 
20402 0 
14604 28 20 20 17629 6103 21551 7251 20 20 19703 12780 20149 17714 28 10361 28 
9808 29 20 20 20 20 20 
21 6361 22310 11518 7730 14336 16404 4289 7914 3962 4 21596 6103 9901 13909 6103 22463 11518 16367 7850 9009 6103 28 5 5 5 21 
20402 22463 11020 1249 20 15708 17438 9743 16440 6318 5 
17737 6103 28 7509 14604 1114 20 472 22327 20 15138 15708 1248 26 26 17737 1027 15138 22327 12861 
28 10361 28 20402 8956 13727 18498 9193 4793 4766 23135 8956 28 
9808 28 20 20 17737 26 26 26 28 
5638 18498 23135 21282 22805 7850 2277 5 16559 7730 1773 23135 12780 21932 2136 18498 7127 0 21596 22463 23402 6103 18551 16404 8414 15286 827 15678 7127 26 30 
3058 7127 17872 23135 18498 352 4099 7914 17269 21252 7730 10648 22463 17738 6103 28 1652 3058 7127 3348 15678 17541 6103 16067 
21189 20 20 16323 14604 1114 20 15138 9801 20293 
3058 7127 20 3124 1575 8956 7127 13512 20 5505 13909 28 7576 6103 20749 
28 10361 28 20402 18498 22657 31 16689 0 
5219 4886 31 4711 20 20 20 23 20 20 20 15708 31 18525 753 1027 15138 22327 12861 28 6103 23151 31 12319 
21 9801 20402 1575 15678 9833 16404 19229 31 12319 7730 1937 15678 3988 4 14539 18498 31 11729 7509 21525 15658 20402 31 14425 17521 20 654 21282 9620 12780 7850 9456 21 
28 28 7847 8995 14335 16909 5 5 5 5 17629 15138 6072 18374 6103 878 
21 4385 6103 2689 7509 28 4 9193 28 8995 13909 13512 18498 15643 4 22463 15253 18643 20 20 16323 4 8995 22327 13512 20 20 20 21 
21 7730 2371 15678 14334 14334 28 22 20539 19450 9743 31 835 7730 15678 6739 6103 15138 16971 4730 15678 28 12787 4796 3228 7509 14334 13176 9808 5 
7914 14466 6103 22463 7127 13055 8754 16673 14466 29 3081 5 21 
21 28 28 13325 6103 23135 4 20402 18498 8956 20402 10962 0 21 
9193 17831 13055 9743 22463 1239 20 20 16468 22385 19871 20 
13512 20 
28 10361 28 15678 18498 23135 288 6075 3031 16404 20463 1247 8956 1249 0 
21 23 4380 4796 22318 8840 20 20 20402 15138 2727 22985 7730 15658 9901 22403 4 20609 31 23167 16404 9901 15678 21551 18498 6679 21 
9193 12780 16404 31 28 
15138 3058 11644 20 
20402 0 0 
13512 20 
20402 15671 15658 20402 1114 0 28 10361 28 
21 14604 28 17629 12780 654 20 20 20 18525 14335 13405 0 28 10361 28 4 28 28 4 28 28 21 
20402 18494 7558 11518 7509 14049 7730 9193 8995 9743 15678 18498 0 7599 0 0 0 15658 5 5 5 5695 20402 4524 20 20 
201 6103 10648 18610 29 18772 7914 22463 18711 201 6103 10648 18610 29 18772 7914 22463 18711 
21 19900 18498 8995 9193 892 14425 4 9193 15855 12861 20 20 20 28 28 4 28 28 4 28 28 21 
21 28 10361 28 4 15855 15678 23222 18498 9193 22318 7491 5 5 5 15138 3058 
21 654 18498 31 28 28 8995 23151 4 17511 14335 17714 16404 9743 0 20402 8956 20247 8443 0 28 28 4 28 28 7730 28 28 21 
1247 7509 21739 28 2319 31 10765 3224 7850 16384 
21 14604 28 20 20 20 15855 12861 4 15658 17511 12780 13761 15643 5 5 5 
28 28 4 28 28 7730 28 28 12780 18476 0 0 21 
20402 18498 6103 9707 12861 349 0 12780 21842 16404 12861 20 
28 
21 28 28 4 28 10361 28 15678 5037 18498 9193 9594 16404 23135 21 
28 28 15678 18498 288 6103 9743 4766 31 28 0 0 
873 21596 871 16404 12145 0 
21 13909 7055 16404 15671 5 5 5 28 10361 28 4 28 28 4 28 17577 4 28 28 21 
654 21282 21842 13909 740 16404 10648 21793 
21 4796 15658 12780 0 
28 10361 28 
21 28 10361 28 15855 21282 31 14335 6981 15266 20 20 20 9193 18533 13359 654 20 20 20 20 20 20 20 20 20 29 
20149 9743 10405 15459 9833 12780 9743 28 10361 28 0 
21 16721 7914 21662 9010 9833 4 15678 18498 23135 288 28 10361 28 0 21 
21 11462 20402 7127 6318 4 7509 16971 18498 21179 7914 9193 22942 7730 18498 6670 18498 9193 19900 6103 20931 9388 9901 4885 1409 17438 7847 5 
7730 18476 7847 23016 1393 15190 22020 14604 4982 6103 9801 4 3450 7127 22463 15616 4 31 3450 6592 4 16192 15604 18498 1540 4 22463 11066 18498 9743 4 22327 12861 22020 14604 17106 7127 7914 22463 7127 16816 4 31 3450 22897 18498 14335 7491 6 21 21 22318 28 23135 15658 17304 28 15658 4 21596 18498 9901 4766 15678 28 21 21 14604 5528 20149 6845 7730 9743 4766 18498 9193 20357 22463 16958 7730 4766 18498 9193 18533 18784 9901 4766 7847 5 
9193 7847 13055 8995 22463 11474 4 7730 11462 9743 29 1249 4 4796 16468 19871 15658 20402 0 
9808 1247 14604 16753 4 18498 16292 7509 6014 22318 11710 3450 7127 13909 7730 13909 5 
28 31 21739 1027 23135 13909 18498 22327 15458 22942 20 21 
21 16098 7491 18498 11462 20402 7127 7509 20693 4 16404 9193 20402 22463 14487 17324 21793 7127 20402 6318 16404 9193 5 5 5 20402 7847 18498 14335 9743 9808 7730 8918 22327 6103 19854 18498 349 5 
14604 16753 28 7730 28 4 23135 20402 22463 3369 7464 7850 9193 22942 5 31 21739 1027 15138 23135 20 21 

