8956 20402 9193 3790 18476 20402 16468 15678 3943 7850 23572 7730 15678 4619 11810 17458 20402 9833 5 
20402 20919 28 3805 
20402 8672 7509 26 11284 29 1249 5 
8956 20453 7102 21596 20402 31 13905 10542 6103 14447 7509 11454 5 
21 15678 13278 7509 19522 20402 22805 18498 21596 6428 288 18498 21 21 11835 21 21 31 28 5 5 5 21 
15678 18498 9743 18476 31 12790 15658 20402 3755 14539 4729 1874 7730 11272 12299 5 5 5 5 0 
21 21 21 28 5915 4 23135 20402 22463 11201 21 21 28 28 21 
3402 28 12787 15658 19900 15678 18498 16721 5 5 5 
28 28 9594 22327 27 
12787 27 28 21886 27 29 1249 17438 17382 11511 27 18201 27 
21 2136 15678 28 28 20402 6428 4 18476 201 12780 6592 18498 15678 10157 21596 22463 3460 5 21 
20149 21793 1676 4796 15678 28 22327 20420 13909 19871 
20402 28 21596 22463 28 21371 0 13055 15658 2631 15678 28 
21 7850 3058 4 18498 19854 8956 7314 7509 28 22654 5 21 
21 20402 15138 22223 16784 15678 23572 17438 4060 6103 22310 14764 4 9193 20402 13909 22223 740 18476 8956 23572 20402 15678 23577 7509 13539 5 21 
21 15678 10297 15643 20402 17269 4 20293 3391 13909 3321 7850 21636 21 
23 5 5 5 
11462 9743 9314 29 1249 7509 5 5 5 10916 7509 28 5 
11477 31 22463 11719 16223 5 5 5 
31 10889 20402 22385 10633 18498 18443 1868 7850 20517 7509 702 20060 21282 17872 17669 15678 28 5 5 5 
27 
873 21752 15678 28 28 16673 1114 6103 28 20 20 20 
21 12780 20402 17629 16083 22895 21743 9901 20402 7509 5505 4 17872 21752 8956 3119 6981 28 28 0 21 
18533 17098 15678 3388 0 
21 28 28 4 1393 20149 19081 1393 5767 6103 28 4 9594 7509 21951 18498 201 4766 31 4417 20 6103 19668 20 7730 4766 15678 19698 702 7623 20 21 
28 
21 11886 4796 31 10343 21 21 20402 21793 15005 21 21 8995 182 4179 5 21 
21 2136 31 28 8995 8464 7850 13253 31 12922 5 15658 12780 20670 17872 15502 14539 6 16404 
1614 20402 20402 28 5 20149 15658 15036 6103 20402 15036 580 5 16066 1067 5 
15678 3616 29 7509 28 4229 28 28 5 5 5 
6075 19854 
9743 19416 5 5 5 
21 26 28 28 28 28 6 
1202 20402 31 14425 12723 7509 11571 5 5 5 19318 21 
28 26 7509 28 7730 15678 14668 7509 15168 7509 54 11165 5 5 5 
21 29 19822 22463 23572 7850 10655 7509 13558 3344 7914 28 7850 7127 29 5 
29 28 
29 11462 29 31 15599 20402 7480 7914 22463 11111 6103 3353 5 
29 7914 14466 6103 29 14764 13619 15678 22899 19822 7850 28 5 21 
17872 753 31 13539 29 4472 4766 12639 13905 17438 4060 7509 4380 5 
22463 11518 7730 18497 23572 6408 17872 6592 18498 31 28 8995 20244 26 18339 18498 16404 
31 10889 22053 10523 8995 16393 31 22049 7509 13749 7509 8503 7509 22657 22327 7509 17031 16553 5 
20670 8956 3885 
18498 13033 28 5748 5 5 5 
4572 8995 10259 15458 3885 5 
201 4766 15678 3885 20520 201 4766 31 1600 5 7491 15658 1393 9971 7509 1600 5 
8956 13033 6103 9241 21282 17304 8995 6103 19922 5 
31 15599 6103 22463 17286 18498 19822 28 4060 13909 4832 7509 18498 15599 6103 17288 18498 4807 11486 5 
21 11462 17629 12780 1393 4145 6103 28 29 22898 4 21915 29 22915 1393 5960 6103 18610 29 5 20149 20402 7914 20879 15658 6075 17872 16162 7558 22915 4766 12861 5 21 
26 4807 7914 28 5 5 5 
20402 28 20402 22385 10131 18498 20402 1393 14539 21551 31 3749 4766 13909 527 12604 7730 31 3749 4766 14466 527 12604 5 
21 26 28 18610 5 28 28 6 
28 28 740 13909 18476 23135 21596 18498 17438 22463 3460 7914 4434 7509 3590 5 5 12861 20539 20402 8100 31 15041 21 
20149 23135 9901 28 31 28 4766 31 15041 20293 18498 12780 22240 22463 13772 23135 1540 31 15658 13010 15502 5 
21 20420 15678 23229 23396 15678 20207 17835 13284 7509 5505 6103 29 4 6408 7509 29 31 29 0 21 
22521 15193 7509 9128 6103 28 30 17982 8147 4766 9128 16404 7318 7914 17965 7509 15102 16468 13591 16404 9128 7509 15195 6103 28 5 1937 15678 23222 7730 1926 15678 41 1926 15906 2092 7509 13543 11560 6 14662 5 14335 30 16404 20803 8747 7914 17965 6981 15697 20 
20402 18498 8956 17230 15604 7509 20897 20402 22463 17230 2727 2389 0 
28 3805 20 20 20 
21 23135 19900 18498 4 4766 22463 17915 12610 3265 6103 18610 29 5 29 5 29 5 29 4 28 20402 31 20207 4417 13909 19671 7509 8995 0 21 
18498 7127 20402 11462 21739 0 
15678 3790 20149 7491 1975 9193 15643 17159 7850 28 5 26 5 
21 1022 17304 22805 16673 14466 29 21726 4 4796 28 7730 18379 15416 4 9193 31 8057 5748 6103 23572 6256 13679 21793 31 22915 7509 7127 21 
201 6103 18876 8956 14469 5 20402 18498 14018 22463 20007 17872 7847 0 
21 15908 21596 22463 20825 22385 12577 18498 288 18498 7102 20402 4854 5 20825 28 14212 11284 21582 1893 15678 28 28 5 2371 15637 14797 7850 22727 7847 20402 13405 1393 28 4766 31 15256 1045 17872 22305 7730 16630 16802 7914 15540 6103 22310 28 4 20402 16793 7730 7995 31 21793 5 2371 7847 19969 7730 20402 14018 16404 22463 20462 14336 12853 7509 22727 5 9193 6103 19324 31 17608 20402 28 23029 22463 9145 6103 10523 4 7730 21438 28 22463 12960 8406 13053 7730 16083 21726 18498 15658 13325 7730 8956 20462 12853 9901 7932 6103 22463 7509 1724 7509 9145 4 4766 22463 12899 10995 6103 15894 6075 17872 22805 15678 3629 5 6097 9193 19969 6981 13616 7730 12780 17872 1724 4 9193 12780 8147 22463 16971 2727 817 16673 3610 5 18476 20954 8147 15678 28 28 28 4766 22463 3616 3166 7730 20336 15658 4693 5 20336 7509 13131 6318 2136 7847 6592 18498 8995 1421 7850 21525 5 1067 20149 13398 7730 9901 252 4 15458 11518 13055 11284 22463 21494 7850 9145 7730 9193 17304 22805 18498 15678 20749 21438 15827 14604 19800 4 8443 9193 6582 22463 6240 17872 1421 14425 5 15458 14924 31 21842 21582 8350 22463 21 21 12780 13053 21 21 9193 3450 22463 11091 15637 11518 7730 15678 20799 15658 19969 13278 5 6408 7384 9193 6582 7509 1724 17872 9743 22463 17216 18498 15658 13325 15678 18498 20402 7730 18476 9193 23151 22805 15678 28 6246 7850 4693 6103 5648 17872 3629 4 16836 20149 7847 21438 2727 7730 7847 19474 18498 20539 4 9193 1421 15678 28 23135 28 7491 18498 7847 21438 4766 6421 5 9193 4809 31 17908 9193 4672 18498 11284 6256 17438 13761 7730 15678 28 7491 18498 8414 17438 8256 16404 22463 21340 6103 3510 5 2371 1421 15678 21340 3510 4766 31 9193 4672 7730 22886 4766 22463 2769 19418 9193 4 9193 18983 15678 4122 7730 31 3930 9193 6256 31 2769 17872 13761 4 7730 6582 16404 15678 8806 12853 15894 16468 15678 9956 21 21 15678 5549 21 21 7509 28 5 15678 20825 21623 4815 1937 15678 9956 7730 6592 18498 28 21371 21596 20402 5549 5 21 
28 15678 28 20402 7948 20 
12102 7850 15215 7509 13788 17485 
21 26 26 28 6 
14334 6103 28 6103 7576 31 15533 20402 2433 6103 9719 21 
21 26 28 28 6 
28 20402 30 6103 9719 21 
23151 26 20 
1937 15678 17993 7509 8995 5795 7509 28 7730 28 9347 7850 21525 769 28 
15708 9503 5 
11462 15658 20402 14604 7127 6103 20855 5 5 5 
14600 6103 20879 14149 5 
13539 29 2352 22463 3720 5 9009 28 13679 7730 22144 13055 4289 20244 5055 6103 7940 5 
21 9901 22463 7127 12526 21582 1820 15678 20799 7509 4945 20402 3698 4 9193 1393 5219 31 20319 20402 6103 21596 10648 31 13444 16673 28 5 21 
22463 13981 11091 12780 28 15637 955 18498 7102 21596 7757 17438 21793 4145 11455 5 
21 29 1190 4 2947 31 
29 
28 29 18584 29 21 
28 15658 20402 17872 3849 5 5 5 
27 
12780 17872 28 7850 23572 13679 4766 20931 23577 3678 17790 7850 3047 16381 18709 7509 2769 21842 17872 15658 16803 16066 22318 19822 5 5 5 
8956 26 8995 3450 22897 13909 23461 5 5 5 
20402 5915 10101 16162 31 21266 2372 
21 22463 5947 15678 9833 4 16083 6564 4 13055 9193 9901 6739 1393 16721 18498 12780 13405 16673 14466 29 11518 17872 12780 17872 8632 7850 21648 5 21 
21 11462 9193 21596 22463 7509 20826 13909 9077 7509 9193 22942 5 6582 6103 2824 31 2301 28 10721 7914 15604 28 4 2136 8406 7914 28 5 1603 871 14595 7914 28 4 31 2301 28 23029 22463 9065 6103 21631 13923 5876 7730 4290 6103 3321 5 740 7850 2824 1190 17438 21793 15678 4145 6103 28 7730 21793 31 19856 8995 20244 16572 4 12027 31 28 7509 19750 4 18498 9901 7914 22463 18159 21212 4766 15678 23572 271 2092 6103 22463 17406 5 19969 6049 7730 5360 16615 7914 7284 1393 1221 7730 7914 7070 14924 31 2301 7509 1103 16468 31 5320 4766 1862 5 9193 6097 14802 9193 2824 21075 7730 9901 31 18376 2136 4289 15658 17406 6103 23572 7850 17458 7509 12202 4 18476 16647 22463 23572 17872 28 7730 352 1276 6103 31 22915 21623 5 
20149 9193 20402 12619 6103 20826 7491 18498 20402 22463 822 20670 31 11954 7509 20634 23116 1393 4402 4 21355 12287 16673 6110 18498 340 7850 20205 20670 15678 21535 5 7730 21371 20670 31 7181 7509 22065 18449 4 13055 18498 15658 21596 4796 272 15678 23572 7850 19750 7730 21596 18498 1190 22463 2988 2136 15678 17406 6103 23572 5 6 16404 21 
21 28 15528 4 15678 5570 6103 12109 4 5947 22463 10175 4766 15678 6211 7509 14996 7730 7509 3058 5652 8329 15678 14757 18449 7730 31 17377 14684 1535 18610 29 4 29 14676 7850 20931 3962 7730 7850 17654 5 21 
9193 7850 22942 
21 29 20244 28 4 29 20244 4122 4 12787 4 15678 18498 20402 12861 0 18498 6739 20 20 21 
18498 12861 28 5 5 5 
21 15678 28 20402 15678 18250 7509 10523 4 7730 15678 18250 20402 15678 28 7509 17380 5 5 5 21 
8956 3790 20402 14604 11341 20 20 20 
8956 20402 15678 15576 10976 21582 16468 22463 2846 22511 7850 22661 6103 2846 7879 5 5 5 
15299 5371 5 5 5 
7914 29 20402 28 9901 20244 702 7730 15678 19698 11020 7509 21063 9605 5 5 5 
21 10606 7850 28 4854 17036 7730 8515 6103 6432 7730 9193 14335 16836 21 21 15678 18498 7132 20402 6432 21 21 0 21 
21 28 20402 15678 16587 15894 31 22512 5 30 6103 28 9901 7914 28 4 31 22512 5 26 6103 20402 28 9901 7914 28 7730 15678 28 12960 7914 28 5 21 
11731 18498 10967 15678 28 6103 28 7850 14173 7509 28 6157 9971 1393 13003 3174 27 33 
31 20237 3170 14239 6103 10523 8995 22463 10297 7914 21793 31 4023 27 
352 4766 7594 6103 3393 7730 14539 11104 7850 10366 7509 4945 17304 20539 5 5 5 
18494 20402 15036 16673 17478 7509 23572 11462 5 12861 18498 6075 18533 12780 1393 14506 13909 13667 7850 11538 6103 17031 5 
8956 28 20402 15138 28 15338 5 23 
15502 14514 8956 7509 16689 15338 15678 12960 7509 28 5 
21 14469 7509 28 17872 1035 20402 3058 4 27 21 
21 20954 7850 23572 7914 28 20402 4796 13405 22310 9549 7850 16654 4 17836 13392 7914 5320 15678 21364 7509 4417 5 21 
5762 4766 28 5 4766 26 
21 13480 17872 28 4 9594 4766 31 2010 4 18498 16836 14604 15540 4 1393 19474 4 7847 20786 22463 21 21 23135 20402 15678 28 18498 16630 12301 5 5 5 21 21 27 21 
27 
2573 28 11702 7509 14413 
28 22535 5 5 5 
288 9193 14604 1734 5 5 5 
7730 7850 18584 21179 22463 14703 7414 8214 7850 9574 5 2136 15894 12780 15678 11827 28 28 0 
18644 8956 17653 11300 28 5 5 5 27 
2371 14604 28 5 5 5 11561 6 21298 5 4591 30 28 29 
2371 18498 13512 5 5 5 5 
21 22 15678 14823 7509 10655 22053 22463 21266 6103 11729 7730 22666 452 5 8046 5 10796 8889 6103 11644 3216 5 21932 7687 5 31 13441 6103 20402 20463 18191 4284 7730 6728 20931 18191 23067 5 31 12322 6103 16721 18498 22327 12780 6075 4179 7730 31 11580 6103 5360 21932 18476 6075 4179 5 31 10655 15658 20402 21282 22463 8136 10780 5 20402 22463 8995 14480 5 20402 31 19200 7509 30 30 5 20402 565 6 15658 17629 6103 7120 6103 8270 4766 14548 16404 9743 10366 1393 5023 4 9431 26 28 4 9264 7509 26 7730 2248 6103 23206 13598 20670 8046 7850 22657 7509 20538 5 31 10655 20402 22463 21275 5 22463 2322 7509 11205 1393 18470 16933 31 16014 6103 3450 8057 5 20402 15678 20825 1089 5 7730 21371 20402 14487 5 22 21 
4796 20149 15658 2626 12861 740 21596 18498 1414 7509 17286 5 5 5 
7693 18498 31 22971 28 21596 22463 28 5 5 5 
21 11560 6 30 5 28 5 3148 15527 29 
20149 3124 15678 10055 7850 28 7847 9901 4290 14539 20244 4380 2136 31 5505 6103 29 5 
21 16208 4 9193 288 18498 10648 22463 15955 6103 22065 17872 28 7730 7839 18498 23016 8956 4672 11526 2352 22840 18498 5960 22463 19684 17872 22564 5 21 
21 11462 20402 15658 2439 4229 22971 28 4 18498 15424 20402 7850 23135 6103 28 4 7730 13405 29 4 15678 14539 21551 18498 13405 17872 4289 7850 9009 7509 13759 20 21 
23135 15005 31 18481 3643 7509 12102 28 28 0 
13284 7509 20434 5 5 5 
23 10602 3866 
8995 18494 16630 15678 11802 7509 28 17438 4060 6981 17998 12832 7509 17559 7509 3512 7850 16196 28 5 
7730 15658 21596 28 5 5 5 
15855 15678 15540 7509 3439 27 13640 12780 21596 15678 28 21371 
21 28 4 26 26 26 5 28 29 21 
21 15855 31 3790 6981 22259 4 27 21 
21 11462 6592 18498 12780 6103 28 16404 28 17304 20402 13909 19871 2472 7850 26 7509 18498 12780 21 21 7279 21 21 16404 15678 15604 28 5 21 
15678 18852 20402 6075 5 
20402 15678 2988 5 
21 22 3532 31 2988 4 20123 7 23135 20402 14489 22 4 7491 17341 18498 4770 22 9395 22 22805 14599 28 
15425 27 20402 3735 6103 6650 31 10665 18498 20786 6408 6103 13359 12861 5 5 5 21 
28 28 
8956 20402 3170 5 5 5 
21 8361 31 6070 7509 4380 2371 4 28 28 5 21 
7730 20539 16083 20539 29 0 
11731 20149 15658 20402 31 13625 7509 15382 5 5 5 
18476 12780 3979 8956 8216 0 
31 4904 7509 15195 6103 20060 28 20402 7102 2932 5 
21 21 21 15678 2846 23577 14470 15658 20402 22686 0 8840 2371 4 12780 9743 7847 9901 5 5 5 21 21 21 
21 21 21 18771 9393 5 12862 20539 20402 18498 12019 15678 5767 6103 14881 15929 5 21 21 21 
21 21 21 20402 21282 11091 15855 15678 18055 18498 7847 352 20 21 21 27 21 
29 20402 15678 1249 7509 6445 7509 28 5 15081 6 18654 17862 7509 28 28 5 
9193 22318 15790 20749 20 20 20 20 20 20 
7730 991 7384 31 11764 15658 16468 17438 28 5 
21 15658 2631 21596 31 9548 20694 7850 16654 4 7847 21596 18498 8233 22463 17556 13909 10484 5 21 
288 18498 14604 18376 10648 22942 18191 18476 8995 21582 7599 5 
24 
9193 3790 18476 16987 9605 18498 31 9524 8933 16909 15678 18250 7730 18498 15658 9594 15299 7509 28 7850 18553 7509 702 5 5 5 
28 15678 28 20402 7948 20 
21 21 21 4331 21 21 7102 20402 22463 1449 12838 17438 7847 21282 9743 3119 5 21 
21 21 21 31 7068 7509 11729 7509 16563 15770 15658 16953 7914 18498 15678 8995 6103 20402 28 16784 11868 19217 7850 17915 12610 3265 17915 12610 3265 4 15658 17889 6103 13347 19039 7509 6792 19138 5 
4796 3749 4 13905 7730 13909 19671 4417 7509 8995 4 20402 28 201 20402 550 17438 12861 5 5741 15658 19709 14465 4 16468 31 20402 4 15361 4 14466 2081 1393 15860 7509 18498 8995 13667 5 21 21 21 
21 7850 28 14841 21282 20402 22564 17872 17357 5 15855 15678 7314 7509 5287 7509 21 21 15604 14174 21 21 5 21 
21 733 4 12513 5 5 5 21 
20402 10546 7509 28 6670 18498 7847 6075 15678 22406 7509 21266 2372 17872 10101 6103 20144 5 
27 
21 27 4 4369 28 5 21 
21 4380 4766 7277 31 10731 4 27 28 20402 28 21 
12780 20149 10131 20 20 20 
21 28 4 17714 31 10268 15291 5 5 5 21 

