21 1612 14924 18498 23135 9605 4766 15678 16972 7509 20931 9634 7850 4122 4 7730 31 20126 2156 5 
20126 9634 1027 6329 21 
18498 3588 27 
21 30 4 14539 4766 31 5590 7509 7127 4 12894 17304 6256 6103 7850 16318 5 
14604 16323 9193 1095 4 18498 28 5360 22318 4624 6103 3369 4 18498 11710 7730 11165 21680 28 17438 15894 18533 18498 1190 4 18498 18779 3450 20825 18498 21596 6389 6981 5528 5 6679 22327 6103 14425 18498 31 22942 21596 16404 15812 4 17324 20402 14513 5 20539 5 5 7730 15138 13054 22805 0 20 27 
20402 11043 4 15138 11043 31 28 17438 21596 14335 6075 22463 1103 22385 13512 7730 20584 4796 31 20931 5 13055 21596 22463 1249 2371 6103 1103 4 7730 18498 20402 16404 21793 20293 5 5241 15138 23135 4 7730 452 31 16971 18498 20402 5 
9808 1247 
2700 4 7730 871 7127 18476 9193 23151 6075 15678 134 27 21 
21 22463 15604 9692 12345 4 18498 28 78 21 
21 14604 4289 4 14335 9620 16192 16404 662 16673 21189 4 9193 18784 15658 8840 5 20402 11043 31 28 16673 22942 6103 3450 22463 6103 23135 4 20402 15138 8810 16404 9193 5 20357 20126 4 16066 14425 4 11462 13055 2647 1612 1467 7850 5528 4 9193 4 9901 2371 7914 15965 4 17324 20402 8957 16404 9193 5 1027 23135 
14604 4289 12780 9743 9620 21 
21 1103 20584 5 16721 15658 13894 5241 5 
12787 7730 1095 14604 11203 6103 1247 23016 14335 22805 20670 20474 16468 21 
21 17458 9193 13055 8995 15036 6103 20126 
12780 20357 9620 16971 5241 15533 14149 1027 28 28 21 
6981 14864 
21 1612 17822 18498 18476 14335 22805 4 11104 7730 15658 20786 13909 
28 1027 6329 21 
21 18533 662 31 28 17438 22327 18498 7847 21596 9790 7850 9193 22942 4 31 9193 9634 17438 21793 1506 4 7914 8810 31 9193 15253 4 9193 12787 4 7730 1393 14604 21739 26 7730 28 18498 20402 14604 16169 6103 5528 5 662 21371 31 9193 17931 17438 16429 6981 14924 22385 8810 5 1393 1097 4 14604 15138 15708 5 
3450 22463 18498 4854 6981 14924 4815 4 17304 21596 4181 4 23135 20402 8810 7730 6103 871 10211 14156 14924 7509 9193 22942 5 31 9867 21282 20402 13512 17458 21596 23135 1393 14604 13131 5 
9620 22463 16971 9522 8810 16404 9193 4 14604 16169 4 9193 28 18533 15678 13405 11284 871 1249 4 9193 19900 18498 20149 7847 8995 1614 4 8995 9808 5 16169 9193 22318 1027 5 9171 7914 14604 5528 5 
20357 20126 1027 3450 22463 6103 15908 21 
21 13869 4 14604 16323 5 6679 15138 4672 3058 17872 20931 22942 9193 1095 4 23135 14514 5 18498 28 5360 22318 11710 7730 11165 21680 28 17438 15894 18533 18498 1190 5 20402 8810 16404 9193 5 21 
21 15533 7914 9634 5 4788 15678 1247 7509 13512 
1247 6103 26 1027 15138 21 
21 31 17812 12780 3962 4 7730 9193 12780 16429 27 
4385 7509 12883 13909 22463 7509 11111 21 
21 21793 1249 21596 18498 21596 9193 10273 15818 27 5 
28 4 1095 18498 12780 13405 16404 20293 7914 14604 5528 
1103 20584 3369 6103 28 21 
21 4796 15658 8147 31 10273 18498 21596 21282 5354 4 12780 8956 14539 27 
11462 20402 15678 7127 6981 16971 8810 4 18498 20402 13909 18498 1095 4 20402 22463 12787 5 
28 4 18533 6679 22327 6103 14425 18498 31 22942 21596 16404 15812 5 18498 28 5360 11165 21680 28 7730 22318 11710 17438 15894 18533 18498 1190 4 18498 22318 78 11021 4 18498 18779 3450 20825 18498 21596 6389 6981 5528 2371 4 8235 4 23135 14514 15138 4672 3058 5 
20402 11043 31 28 16673 9193 1103 5 17304 21596 4181 4 18498 20402 22463 7509 1103 18498 12783 13405 16404 20293 4815 5 
8840 18498 21596 1575 2625 15678 20463 7127 5 
9808 1247 
2702 21 
17737 6103 28 
21 14425 9975 6103 20247 
28 13512 28 26 11284 18497 1249 21932 4766 1114 21 
21 7914 9634 
17812 12787 18494 17812 27 21 
21 4854 5179 4 918 14149 20 
1095 18498 31 10999 14335 6075 9244 23113 6103 1429 21 
16323 15503 5 23135 14514 22327 6103 14425 5 15658 19547 22463 16192 7509 18498 6679 16404 22318 22942 1276 5 
21 654 20539 4 15821 10211 5 
28 17438 1114 13909 22463 9169 22773 21 
21 14335 9620 16192 16404 662 5 21739 4 16169 6103 5528 5 1027 15138 20 21 
8 29 
21 9193 11156 16169 7730 15253 4 14604 9365 5 22318 1027 15138 15253 5 8956 10273 15061 22463 17556 7509 10433 7509 20463 5876 7730 7509 20931 15965 5 21 
21 9634 4 1114 13905 20 21 
21 1095 7780 4 28 19952 27 4 18498 15005 7850 14604 5528 5 15708 17438 9743 16440 6981 14924 21 
21 1097 4 3369 6103 28 5 23135 15005 7914 14604 5528 8 29 21 
678 8 29 
1027 8 29 
8 29 
9193 2614 8 29 
15658 4915 15678 21680 3611 5 5 5 28 13512 
21 9193 15658 8918 7509 21680 1247 4 27 9051 5354 16673 14049 16404 9743 31 21189 7730 654 31 15533 16404 5013 31 4790 27 4 9193 4 9620 21551 16404 18263 4 7730 14539 2087 4 15678 18498 11862 20402 31 5243 5 
16323 28 4 18498 28 5360 22318 4624 6103 3369 4 18498 11710 7730 11165 21680 28 17438 15894 18533 18498 1190 4 18498 18779 3450 20825 18498 21596 6389 7509 20463 5528 4 8235 4 6679 22327 6103 14425 16404 20931 22942 5 
2702 21 
21 21 21 15678 5528 7337 4 22271 4 18494 16404 5 5 21 21 4 9193 18824 20402 13909 16066 14466 8956 14539 4 740 8995 7914 8995 6103 4328 5 9193 4 9193 18533 662 1393 14604 28 17438 21596 14335 3730 4 31 9193 15253 4 9193 12787 4 31 9193 21739 26 7730 31 21793 9634 17438 21793 1506 4 31 28 7730 31 28 17438 368 18498 9193 17304 5219 4 31 21793 15678 17931 7509 3633 29 18498 9743 16440 7509 9193 10220 4 15708 17438 21793 5179 19318 5 662 21371 31 21793 15678 14604 1097 4 17836 31 28 7730 28 4 17438 21793 11998 5 8235 4 14335 9620 16192 16404 6650 8956 14924 23577 7730 22385 11861 7509 9193 22942 5 1570 7850 14548 7509 22575 30 
1570 7850 14548 22575 15708 14604 28 4 21 
14265 22463 17556 31 20126 7509 1095 5 22463 7509 1103 18498 31 22429 14335 6075 
21 20402 4 31 9907 4809 31 3510 5 9193 21282 21596 15138 15678 18498 662 31 28 4 7847 21282 14335 17739 4766 15678 14426 7 14426 17931 4 14426 1097 4 8235 4 20357 9620 7384 22327 5 9193 4 22463 4672 9193 21596 4181 4 13405 3450 14924 4 9422 4 5204 4 9170 5 4 16404 20293 7914 14604 5 21 
12861 20402 3588 27 
16323 28 28 28 
21 17818 18533 662 31 28 16673 7563 7509 22942 7730 17438 15643 21596 16878 18498 866 6981 8561 4 20244 7847 15658 20402 15299 5 31 9193 15253 28 4 14604 16169 11943 26 7730 9193 12787 28 28 7730 28 4 17438 21793 1114 7730 17438 8995 20293 1393 14604 13131 4 31 9193 9634 6103 14881 10793 4 1393 1097 17438 14335 16098 18476 8995 1463 4 20293 5105 7730 368 18498 6075 22327 4179 5 1393 970 7509 22356 6103 23492 13525 7730 1393 17930 28 28 16673 5422 7850 14604 9417 5 
662 11023 31 9193 16003 28 28 4 16673 2031 4 6189 7730 16135 7686 31 16007 4 31 20304 5421 15138 4766 15678 14604 21932 4 31 9193 5502 28 28 4 17438 21793 31 5422 4 1393 17931 28 28 7730 28 28 4 17438 238 15678 5483 16404 16429 7509 2504 7509 14604 21446 4 17438 21793 31 21050 7730 5422 5 31 21793 15678 17931 18498 6103 10211 7279 16066 12164 9743 16440 6981 21961 5 20244 15678 1506 6103 3450 22463 6103 23135 4 9193 15658 21596 5219 5 
6202 6103 21446 8995 201 28 21 
15502 9431 28 
21 15995 6103 20402 22429 3633 29 
26 7730 22356 3058 21 
16323 12787 13512 5 
21 28 4 12894 9193 17304 6256 6103 7850 16318 15458 7127 22385 8810 18498 20402 15678 20463 1247 5 9193 18533 22385 20813 18498 19900 18498 7850 5241 15138 4 10959 15138 6103 22318 7730 13909 740 6103 20402 20931 1095 5 
18498 31 3369 7509 20304 20402 12277 20670 31 20931 22942 4 18498 7847 11165 7730 18044 20463 28 17438 15894 18533 18498 1190 4 18498 18779 3450 20825 18498 21596 6389 6981 5528 2371 22805 0 18533 6679 22327 6103 14425 18498 31 22942 21596 17872 22318 15812 4 17324 23135 14514 15138 5 
20402 11043 31 28 16673 20931 22942 4 7730 13909 740 17438 21596 14335 6075 31 11514 6103 22318 5174 7730 20402 20931 1095 5 23135 15005 7914 14604 5528 5 
2702 4 1575 2625 15678 20463 7127 4 7730 12780 4788 15658 20402 0 
21 3633 29 7850 26 7730 
14604 14464 30 8525 26 21 
26 7730 15678 
21 20402 22463 10696 21768 
15036 6103 20126 1027 6329 8956 18165 21 
21 29 29 29 4 15678 7127 18498 28 8637 16404 15344 8956 4672 13512 4 14604 28 4 15678 17819 11474 7509 3962 5 22463 16689 16169 15658 8995 1614 5200 16404 4854 6981 835 5 
21768 13055 1027 15138 
14604 18165 14604 1114 1271 17872 22805 16973 21 
21 15253 4 11462 15678 7127 20402 4885 20463 5 18533 22385 20813 662 16673 15255 18498 28 14335 6075 5 22463 16971 14149 4 18498 20293 8995 30 6075 1612 1506 4 1114 4 3870 4 2031 4 9170 5 20149 20402 5360 1614 14455 22327 20402 4 12894 3391 15458 16753 8806 5 
22318 1027 4 20402 22327 17872 9193 
1027 6329 9193 22942 16169 7730 15253 1393 14539 21551 9193 11156 21 
21 19271 21793 1612 21639 6103 10765 18498 15299 373 5 21282 1948 5 4894 5 
28 28 21 
21 16323 28 5 18498 28 22318 11710 7730 11165 20463 28 17438 15894 18533 18498 1190 5 22327 6103 14425 20293 5 
15894 12780 20402 31 9867 0 27 
30 21 
21 1103 18498 9193 12780 13405 17438 21793 22942 5 
1095 12787 7509 22516 17872 22942 21 
21 1097 4 17737 6103 28 21 
6981 12939 27 
21 12894 17304 6256 6103 16318 8956 16971 14149 18498 991 6103 21739 4 20402 22463 15253 17872 9193 5 16323 21739 26 4 18498 31 3369 7509 20304 20402 12277 20670 31 20931 22942 5 21282 21596 15138 15678 18498 662 31 28 4 17438 21596 14335 6075 31 11514 6103 20402 20931 28 5 15138 9801 5 1027 6329 5 21 
21 17458 31 4790 11462 20402 4766 7847 
9634 17822 740 20670 15678 1247 1027 15138 21 
21 14604 7127 13055 201 4 9193 740 21596 21189 
15708 28 20 
22463 7509 1103 18498 31 22429 14335 6075 1095 28 21 
21 6408 6103 22463 7127 9522 3698 4 4290 6103 16323 27 2727 9303 27 4 7847 14335 21187 4 3450 22463 4766 20931 15783 4 9193 14539 1920 4 19418 22463 21551 7509 20463 7127 7730 23016 9743 8956 13512 21189 4 7730 18498 21189 22805 0 
662 31 28 21793 15678 28 17438 21596 8956 9634 13512 1614 7914 19698 21738 4 1097 18498 13405 17438 21793 9193 22942 5 
1027 21793 21 
21 22385 20813 662 20 
28 3058 15533 21 
17239 15364 
21 16323 17812 13512 18498 28 11710 20293 31 22318 22942 7730 22318 78 11021 5 
22318 1027 15138 21 
21 19525 15678 7127 6103 11462 7914 1453 22463 16192 6 16816 20 
26 7850 15144 26 15144 26 20539 20304 14724 5942 13284 1540 4672 15604 1027 15678 18498 9743 13727 6103 15144 20402 15894 7847 18533 21 
21 7509 22516 17872 22942 
26 7850 15144 26 21 
21 16323 28 5 8956 17523 20402 31 18069 6103 18498 15678 3870 6103 12787 18498 20357 17438 22318 15643 15128 7730 15643 15128 5 19900 18498 8995 1614 17872 22327 4 1920 4796 19900 18498 17511 5320 5354 20293 5 
17812 12787 18498 1027 21 
21 15658 21596 16192 17872 662 22318 3076 4 
7127 1603 7127 14335 4163 4766 9913 4 
15643 14335 6256 8918 4 
18498 22327 18498 21596 4 
22327 18498 20402 4 
15678 18498 23016 31 20402 4 
23016 6103 22318 20304 5 5 5 
11043 17438 22327 21 
21 21 21 6072 23151 18498 31 22942 15658 3697 6103 6075 6 9193 662 21793 21 21 5 21 
21 11462 20402 22463 7127 15138 4 9193 15138 8810 14539 17872 9193 4 17324 20402 15678 7127 7914 18498 20149 4788 15678 1247 7509 9193 15253 22 20539 13512 4 31 16971 13909 11861 7509 9193 22942 20 
15253 4 15658 21596 15424 16192 16404 9457 31 11758 11036 6103 22318 21596 7850 9193 22942 5 22463 15255 18498 20293 8995 30 4 4730 14996 7850 4672 4 15061 15678 4179 7730 15678 8561 4 7730 15658 21282 9193 4 4796 21371 9193 12787 4 21596 13905 3870 4 1114 7730 7914 8810 15138 19456 16673 15253 22385 14149 18498 28 9193 17739 7 11462 20402 20463 7127 4 9193 19900 4 9193 8956 17737 18525 10648 20402 15671 4 7730 18498 17737 22805 27 5 20402 1612 18498 21596 15678 16296 6103 21 21 16169 7730 15253 21 21 1393 14539 21551 4 18498 20215 21793 31 2605 21282 4 7730 18498 19900 9193 7802 6103 22463 10211 13512 4 7730 21793 22805 18498 31 20304 2131 6103 10211 16816 8956 16296 6103 21 21 15253 7730 16169 21 21 4 6103 22463 12939 18498 21282 31 20304 21596 5 15144 11156 4 18498 20293 19900 9193 12479 31 20202 15678 3058 3611 4 7730 20293 9193 11998 16404 18498 17511 5741 31 3450 7127 4 21389 8874 4 18481 9193 6329 1875 18498 31 22942 9193 18009 7 20402 22463 11020 9365 31 20402 20202 20 18533 22385 20813 6679 21793 9801 7509 15190 4 18498 28 5360 7850 4624 6103 3369 4 5876 7730 11165 20293 15678 21680 28 17438 15894 18533 18498 1190 4 18498 7850 4980 15138 23091 4 17324 20931 23091 21371 20402 9193 5 
18533 662 16673 21083 15253 4 5875 4 3872 4 2008 4 9170 5 4 20149 9193 20402 5360 31 4730 1614 31 20931 18471 4 12894 12784 3391 15458 16753 8806 7730 9193 16468 28 1614 7201 27 4 8443 20402 14425 16367 17438 1614 5 
26 5 5 5 15658 17511 8918 18498 20293 8995 15963 4 7730 21842 16404 18498 22327 7850 9193 22942 6075 4179 4 7148 7509 4672 18498 28 21596 17714 16404 9193 5 
22318 1027 15138 15253 4 20402 22327 17872 9193 20 
14604 1114 13905 14604 15995 14604 9365 21 
21 15678 23577 18498 740 9387 7509 11474 11156 18498 21596 7850 9193 22942 4 654 20149 20402 5 17819 20402 14604 2336 14281 4 6408 14604 13512 16169 4 7730 654 14604 2336 16516 4 3450 22463 6318 14335 6256 9367 31 20402 20202 5 15643 15678 8918 4 20293 8995 7914 9193 14453 7730 7914 14604 5528 5 20402 4 18525 12780 134 21793 21252 18476 4289 6103 19698 21738 0 12780 4766 28 2336 5 21 
21 21 21 31 16440 6103 654 4 20402 22805 31 22942 7914 7176 17413 6103 22886 7730 20402 9808 7914 21793 7847 5 21 21 28 
26 20670 15678 12760 7509 10548 10548 4289 1393 9971 1658 22840 21 
21 9634 4 3369 6103 28 
6103 21252 28 26 9867 7509 17812 21 
21 7127 7914 9634 
20402 16816 1027 6329 21 
21 7127 13512 
4790 7509 17812 28 26 6103 15908 21 
21 14604 512 21776 
17812 13512 28 26 21 
21 11462 20402 7127 6103 4790 
28 26 21 
21 20402 13512 20 
22463 7127 6981 5144 7509 6019 6103 15965 7509 14853 21 
21 21 21 15678 18498 9193 1005 16404 8241 31 1877 7509 15190 4 15658 20402 15678 10648 4 9193 20539 31 16780 5 7847 20539 4 9193 21858 13909 10259 4 17989 7730 12528 15459 3610 2136 1614 5 21 21 28 21 
21 21 21 4289 31 11518 6103 1400 31 22765 4 12780 3702 1612 15286 6 16323 17872 23135 4 16323 17872 23135 4 16673 20463 1247 5 5 5 21 21 19703 
26 4 11462 20402 7127 6103 4790 4 17324 20402 15458 7127 18498 28 22126 1393 15190 22463 16971 14149 4 6103 22463 5528 10840 4 8810 15658 21282 17872 9193 4 9193 17872 21793 18498 22318 19746 5 21282 21596 15138 18498 662 31 28 16673 20931 22942 4 7730 13909 740 17438 21596 14335 4980 4766 8956 17737 14149 18498 20402 31 20931 1103 4 17324 17511 7491 18498 21596 22463 1103 20584 7 20149 20402 4809 31 9594 1614 15678 18481 23135 14335 753 7914 7446 14924 7509 9193 22942 4 17836 4766 19225 31 9193 22942 16972 4 4766 14604 6453 4 7730 23135 15643 14370 8747 17872 6075 1612 5220 18498 8995 17629 4 7914 18498 15138 7509 22898 14335 6739 7730 23135 20293 30 4 9594 18498 15658 14335 17703 7730 9170 5 7 20149 20402 14455 22327 4 12894 3391 15459 16753 8806 4 8443 4 18533 18498 19900 4 18498 20293 8995 1614 17872 22327 4 19900 18498 31 9193 1103 15658 4854 1453 15678 14924 9808 4 9193 20539 4 21793 1612 18498 31 22942 9193 6075 4796 6472 5 
6679 15458 14924 4 18498 15678 15576 28 5360 78 31 20931 22942 7914 21793 15678 1875 4 18498 11710 7730 11165 20463 3611 17438 15894 18533 18498 1190 5 15138 21021 17872 22318 5 18498 22327 6103 14425 18498 31 22942 21596 17872 15812 4289 2136 23135 4 17324 14514 2727 13909 18498 12861 5 
22318 5241 6329 7 20402 31 12787 18498 31 22429 14335 6075 4 9193 18498 13405 16404 20293 9808 1247 15678 
9193 1095 12787 9193 9244 23113 14796 28 14796 30 5 5 5 5 27 
15741 5 6 15894 12780 20402 15678 3031 0 27 21 
21 22463 9634 13512 4 12787 7914 5792 
5144 6019 6103 15965 7509 14853 7127 14149 17563 13512 21 
2742 29 9634 1097 
21 22463 16753 16440 7509 17822 
9808 29 28 21 
21 1027 15138 
28 17812 13512 6103 21252 21 
21 15533 14149 20 
5146 7509 4289 21 
21 9634 
7127 14149 21 
21 15253 
1114 13905 21 
21 17324 20402 4 15678 18498 14335 19509 20402 31 20126 5 22318 1027 21 
21 6408 6103 22463 16953 9522 3913 4 654 20539 4 15821 6103 10548 15678 
13909 16936 7509 18498 13667 18498 23016 13909 22463 16953 19549 9975 4289 8 29 21 
21 15678 16323 6103 11462 12780 16404 15678 17822 28 7730 28 28 7 18498 28 5360 15678 78 11021 4 11710 7730 11165 20293 15678 28 6103 3450 22463 6103 23135 17438 15894 18533 18498 1190 4 18498 3450 20825 20402 18779 20207 31 23167 7509 15576 16169 28 5 6679 22327 18498 21596 6103 14425 15458 22942 4 17872 23135 5 
9808 1247 6 
5241 15138 21 
21 21409 14149 5 
31 1095 12780 3962 4385 7509 28 22327 13512 21 
16971 13512 17438 6389 7730 17438 20402 5 5241 6329 4385 7509 28 
21 21 21 3058 4 1393 22898 31 22942 20402 7687 4 9193 9193 21596 15138 4672 16404 662 5 21 21 31 3379 21 
28 
26 26 10859 26 29 
21 1095 7730 22367 26 27 
26 26 10859 26 29 21 
1095 20402 22463 3369 18498 23016 7509 5528 6103 28 17872 10765 5876 5 5 
9975 6103 20247 4766 31 17812 5 8995 15036 6103 20126 
21 18962 20402 23104 
28 20670 22463 21252 7174 8956 7127 20402 26 21 
26 
21 22 5 5 5 16323 4 16323 31 23135 4 4766 15138 3870 7730 1114 4 20463 3611 20293 20402 11139 7730 11165 16673 15256 7509 20304 5 22 
28 5 5 18533 6679 22327 6103 14425 17872 22318 22942 7 18498 15678 15576 16169 4116 22318 4624 6103 3369 12277 4 11710 20463 3611 4 18779 21793 15678 21680 20826 5133 31 23167 6103 22 7847 4 9170 5 
662 31 28 16673 1095 14149 18498 7847 14335 6075 4 18498 8956 1103 23016 5741 31 3450 7127 7730 18498 20402 6073 2136 31 9173 1471 18498 23135 21075 22463 17556 26 0 27 27 5 14539 16468 15138 21551 20244 20149 9594 4 17438 4060 7509 15783 18498 21596 4 9193 31 835 6103 3450 19052 4 16866 5 18498 23135 5360 20402 20293 8956 14464 827 4 2008 7730 1095 5 10959 15138 6103 23135 20 
9808 1247 15678 
15741 5 6 21282 8840 31 9867 654 27 18533 3031 
1575 2625 15678 20463 7127 20 21 
21 16323 28 5 22327 6103 3058 17872 22318 7 18498 28 78 20293 31 20931 22942 20 
2702 21 
21 4289 15678 7127 6281 9901 13909 22765 27 6 16404 
18533 22385 20813 6679 22327 6103 14425 18498 31 22942 21596 16404 22318 15812 5 18498 15678 15576 28 5360 20293 11710 15678 21680 28 4 18498 18779 3450 20825 18498 21596 6389 6981 5528 2371 4 9193 20293 20202 31 23167 7509 16169 4 17324 7847 19900 15678 18498 20402 14425 17872 22318 5 
20402 11043 31 28 7914 21596 23135 4796 12787 7 16971 8810 7730 18498 9193 1027 15138 5 
9808 1247 20 
15678 
1027 15138 12787 13909 15604 8 29 21 
21 1114 18498 15658 20149 14370 23179 4 17812 4 21739 4 15253 
26 26 5168 6103 20304 28 21 
21 15533 14149 4 4766 16971 8810 21 
21 14604 982 
17812 13512 6103 22463 7576 6981 2371 20126 21 
23151 
21 27 5 5 11462 20402 7127 6103 15138 835 5 16323 15503 17438 8956 5204 4 8956 20402 31 17819 6103 15138 18498 23016 5 15138 21021 20 15678 512 13909 13512 5 
1570 7850 15679 17812 18498 1027 21 
21 4766 7847 15658 21596 21551 19854 4 1235 10657 5 1095 26 20 
16209 3086 13904 27 21 
21 17812 4 11462 20402 21680 7127 15678 
18498 15678 15576 28 4766 20931 11025 15256 4 5360 20293 31 22318 78 4 18498 11710 7730 11165 20463 28 17438 15894 26 18498 1190 4 18498 22318 4980 15138 20127 4 16580 4 9801 4 18498 5360 18779 21680 20826 20207 31 23167 6103 22 7847 4 17324 21282 7847 19900 15678 18498 20402 14425 16404 20931 22942 4 18498 5741 15138 205 7730 17938 21371 4 9170 5 8235 4 6679 22327 6103 14425 17872 22318 22942 5 13054 2371 17438 28 27 
17908 22463 26 4 9193 31 18498 8147 21438 17309 27 4 8443 17658 6256 20244 19703 
1575 2625 15678 20463 7127 4 23135 14514 5 
1027 22318 1034 
20126 21 
31 14302 15658 9193 21858 20784 5 7847 1453 9193 8361 31 9965 14425 18525 18784 14514 22463 3710 7850 9193 22942 5 30 28 
7127 14149 17583 7509 1114 19720 
21 20402 11462 5 5 5 
10217 7509 14604 10020 13512 28 21 
21 16323 28 5 5 
5 5 5 18498 28 5360 22318 4624 6103 3369 4 18498 11710 7730 11165 21680 28 17438 15894 26 18498 1190 4 18498 18779 3450 20825 18498 21596 6389 7509 20463 5528 5 22327 6103 14425 17872 22318 22942 5 5360 20402 20293 8956 14464 6184 1393 15704 7509 20304 5 18498 8956 6086 20149 19335 17438 15138 1249 5 20402 11043 31 28 16673 9193 1103 5 20126 
1575 20463 7127 5 
2702 21 
9833 4809 
15678 20463 22665 8995 7850 18498 23135 20402 5 
21 3058 7127 16971 4 31 28 13185 22463 17983 16404 17982 20463 17950 6103 9913 7730 8995 6075 2136 29 5 29 14673 16404 18525 20149 3454 5 
8956 3454 21282 17304 20402 18779 17438 14336 6103 22463 5483 4 8443 4 18525 18533 16429 20402 21282 4793 4730 1614 15678 20463 17819 15540 7730 7733 4 7730 14018 15678 5483 5 1393 20149 3454 23135 18876 22463 21 21 15677 1095 21 21 5 18476 9193 22662 8956 15677 2233 23135 13055 10648 29 17413 20 
15658 16784 9010 15941 7 21 
31 13530 7509 20537 4289 15894 16192 15425 794 5 
21 6103 22463 7127 8810 4 4766 16971 8810 5 5 5 30 27 9620 15138 10765 7850 10273 19703 21 
21 4796 20402 11020 4 15678 14604 1114 4 17438 23135 5 5 5 21438 15036 6103 20126 
17812 13512 982 21 
31 23577 10273 18498 15658 20402 22249 27 28 29 20153 
17458 31 3633 21371 20402 13727 6103 15144 28 29 
28 29 
28 29 
21 3960 7509 1097 21 21 28 7730 11066 21 21 21 
2727 1920 
21 12780 4809 31 8406 7850 4554 27 
18533 2963 28 29 
28 28 28 28 28 28 28 21 
21 4788 15678 1247 7509 13869 
1285 21371 22657 26 21 
21 1095 20402 22463 3369 4 18498 23016 7509 5528 6103 28 17872 10765 5876 5 5 5 21 
21 31 23049 18498 1027 4 13055 8995 15036 6103 20126 17822 13520 21 
21 8956 28 7509 18498 9193 13055 21932 4 8995 20402 15678 14425 5 28 16816 28 20402 13512 21 
21 26 23575 7127 7509 6472 6103 28 28 
19990 29 5 29 21 
26 7509 6472 6103 28 28 19772 29 5 29 
26 7509 6472 6103 28 28 
26 7509 6472 6103 28 28 29 28 29 5 29 
21 20402 10546 6103 2053 5 20149 15658 31 22805 4 15658 368 5 560 4 7509 2988 17872 20402 21793 15190 20402 15678 18498 18533 20402 5 21 
21 26 7509 6763 6103 28 28 
19990 29 5 29 21 
21 26 29 7509 6472 6103 28 28 
28 29 5 29 21 
21 26 7509 6472 6103 28 28 21 21 22327 21596 15678 20463 21551 7070 5 5 5 21 21 28 29 6 29 21 
21 26 6472 6103 28 28 
9217 20402 17629 21 
27 
6472 7127 29 
21 1103 18498 15424 15678 21551 4 15424 31 7419 20402 3735 6103 7017 5 17563 18498 1027 21 
6472 7127 29 
6472 7127 29 
16323 17812 5 18498 28 78 20293 31 20931 22942 5 1027 22318 7730 21680 1464 19703 
6472 7127 29 
6472 7127 29 16404 19089 9217 20402 17629 
21 7127 29 
21 21 1276 6103 13010 15678 16083 15855 17872 20500 4 7730 22805 20149 20402 16816 15678 2625 16404 4809 31 1515 15678 6198 7509 18498 7850 19746 21 21 5 21 
21 7127 29 
20402 6472 17438 28 28 7730 28 28 16404 8995 17525 22463 22862 17438 7127 7686 22463 20247 7730 5474 13909 7558 16971 31 9743 15678 14539 5 6472 28 28 7730 10083 6103 28 26 16404 17999 31 16192 6103 28 7730 5474 16083 16971 5 21 
21 17458 21596 17812 10696 20402 16083 15669 19703 5 1027 15138 
6103 15908 3960 7509 17812 21 
28 4796 15658 1027 0 28 17812 13512 3960 28 28 31 17812 3962 
21 18533 22385 20813 9457 31 9193 835 7914 22805 31 9801 8988 7914 20463 19801 4 4289 15678 15860 8995 3219 27 5 18498 15678 15576 28 78 3450 22897 13909 8956 22521 4 18498 11710 3450 16468 18498 20402 6075 15458 15604 9692 7509 22942 6103 23135 5 21842 7730 20293 5360 21842 17438 8956 13512 22521 5 17812 7730 654 17812 27 18498 1027 15138 21 
22385 13520 
21 
11020 28 28 29 21 
21 15423 9193 17511 5108 5 7730 19900 18498 8956 1103 15658 9901 1453 7850 10999 4 9193 4 17438 21793 22942 20 28 29 21 
21 11462 20402 7127 6103 9867 4 17324 20402 15678 7127 7914 18498 23016 1393 15190 22463 16971 18498 20402 15138 8810 7850 9193 22942 4 9193 12787 13909 22765 
18533 22385 20813 4 662 31 28 17438 22318 22942 4 17438 20402 22463 9365 17872 15671 18498 20402 20931 12787 7730 17872 21793 18498 22318 5174 7 14464 7070 4 6184 7914 22327 4 11156 4 3735 6103 18779 22327 18498 9743 4 7730 20293 4766 16821 5 20402 15138 15999 17438 23135 20402 1920 4 7730 20293 21582 20202 20463 9365 6103 22942 4 17324 19900 18498 12783 20202 15678 3610 4179 4 21389 17938 4 4796 8874 5 18498 15678 15576 28 5360 22318 78 11021 4 7730 18498 3450 5204 18779 7914 22318 22942 20402 1453 15678 12760 6103 15138 4672 18498 740 8995 17438 23016 7 18498 7847 5360 18779 15678 21680 20826 20207 31 23167 6103 22 7847 4 17324 7847 19900 15678 18498 20402 14425 17872 22318 20 
22318 1027 12787 
9808 1247 15678 
9193 12787 13909 22765 9193 2879 14604 9365 21 
12780 7957 21932 21252 16613 
11462 20402 7127 6103 21932 21252 16613 
19089 5 5 5 
21 17812 5 5 5 14604 16323 5 18498 15678 15576 28 4766 20931 17307 15256 23016 5360 22318 78 4 11165 20463 28 7730 22318 13591 6103 21793 13923 4 18498 18779 3450 20825 21680 20207 31 23167 7509 16169 5 22327 6103 14425 20293 20 1027 22318 21 
21 15253 5 5 5 14335 9620 16192 16404 6650 15678 18481 20402 8810 7850 9193 22942 4 15658 21282 7850 7127 6103 11462 4 9193 7914 21793 15678 16083 28 7509 1249 5 15144 11156 4 18498 5762 7730 5762 3450 22463 6103 20931 9942 6103 10211 13512 4 20293 15061 15678 4179 7730 15678 8561 4 7802 7509 14425 10211 17521 5 19900 18498 15658 20402 10544 1959 15678 16296 6103 15253 7730 16169 1393 14539 21551 4 9193 31 20304 5219 1959 12861 6103 22463 10211 18498 4289 31 21187 31 21793 5 21282 21596 15138 18498 662 31 28 16673 15253 14149 18498 21596 7 18498 28 22318 78 20293 15253 4 20402 14604 22327 5 22318 1027 
9808 7127 7509 15253 9193 11156 15253 16169 21 
15678 21932 6103 28 20402 22385 13512 
21282 23135 17872 6256 14604 21252 4886 5 1027 
22318 472 20304 20402 15678 14604 17605 
21 1097 15658 20149 9743 4 18948 5 21 
16971 7509 14604 5528 740 7509 26 11943 26 
9808 7127 7509 23545 5 5241 15138 3450 22463 6103 23135 
21 17458 4766 23135 22327 20402 835 5 
1247 6103 28 21189 21 
2727 1920 19703 
21 1095 18498 31 22429 14335 6075 6103 17737 
26 11943 26 5241 6329 21 
21 20670 22463 21409 7174 4 15061 15678 17304 7509 15144 7850 23498 6103 22318 5 1453 22463 16440 7509 14245 9818 6103 28 7730 20500 7509 3633 29 5 
26 11943 26 13727 6103 15144 20402 15894 7847 18533 22429 30 26 21 
14464 6103 28 7730 20500 15658 9901 6103 20402 
21 31 4672 15658 20402 7509 12939 18498 18533 4 20402 7509 12939 18498 31 20644 9193 15708 31 238 5 9901 7157 21 
18962 20402 23104 11943 9634 28 6103 28 
21 22 20402 9808 4 4766 28 4 20402 9808 4766 28 4 14604 20304 5 5 5 22 
28 1114 13905 24 21409 21 
12780 7957 15678 
15138 4380 
18498 5893 13512 20402 8956 4766 28 10361 7914 0 7847 20402 22463 3369 5 28 22564 17306 
21 13869 5 5 5 14604 20352 9193 1095 4 19900 15678 18481 20402 7188 16784 873 18498 1027 5 20463 21739 654 8995 4766 28 5 17304 5320 4815 7850 18498 17629 5 10268 20 21 
17563 3086 
21 20207 13860 20244 7599 5 5 27 
201 13640 16953 21 
20244 9965 3058 21409 
6103 22463 9971 6103 20247 7174 
8956 22356 20402 20497 5 15708 16673 5243 14604 7127 21189 16971 14149 
5515 

