21 7730 13909 22463 1249 7847 6075 22463 20497 20 
8956 16034 9193 10648 7509 14604 2336 28 26 18476 9193 740 20402 468 5 5 5 15424 14335 13325 18476 20402 5 7847 14335 8361 4796 5876 4 4796 19340 7730 4796 21752 15128 20 7847 21596 22463 16033 13512 7914 3962 5 5 5 9193 23104 13761 20 
6981 16034 13055 19969 15132 16404 21389 10765 5 5 5 28 28 4 28 28 4 28 11536 4 28 28 9193 31 6281 15678 16472 13405 7957 5 5 5 21267 20 20 27 5 21596 22463 17239 7850 30 21371 20 20 20 
8956 8995 7850 3962 7509 14604 16169 5 5 5 7932 7509 18376 6103 263 20 
13512 20 21 
21 20402 15671 3364 26 7730 28 26 20 
27 
1027 23135 20 21 
8956 20402 22463 16990 16404 11810 18498 22463 4067 23231 6103 14309 22096 20402 7110 1393 1341 7589 5 
15855 12861 28 26 20 
12780 28 28 0 
21 28 4 9193 19900 18498 23135 22805 15678 28 21371 4 8443 4 1920 18498 23135 23151 4 17438 9721 14335 6103 22463 6981 17872 9193 134 7730 2700 0 0 0 9901 15138 662 6670 13055 20 
23 5 5 5 21371 17304 12025 7850 13566 6 22463 15914 4 7851 4 22553 6 17330 7730 14220 0 
15708 20 20 20 27 21 
15658 12780 21596 12939 5 5 31 28 12780 21596 18498 9743 7166 20 27 
28 5947 22463 22800 6408 7509 2530 7850 26 30 4766 31 21739 28 20 20 
21 22942 28 4 23135 17304 4854 17438 9721 0 21 
21 8956 3086 8995 1614 7850 30 7914 28 20 18070 20402 6256 1614 5 20402 21083 7723 4 1427 3996 7730 12979 5 
17629 6103 22463 13194 20 20 20 21 
28 28 4854 4766 15678 28 20 
21 15678 23222 7509 15576 3960 20 
15708 28 9224 4 28 28 4 28 6103 28 28 7730 28 19944 7730 21793 15678 16083 17934 7509 28 18498 21932 16404 18498 15671 21596 8956 18963 22385 13512 20 20 20 
1972 7599 5 5 5 4672 13909 13512 7509 14604 5528 20 20 
21 20402 7188 4 9193 5219 288 22463 19828 30 16404 1972 7730 28 20 20 14604 3409 20 20 20 21 
28 5 5 5 8956 20402 15678 15540 6103 13909 22463 10138 18498 8995 8840 17438 22463 3058 481 20 
28 28 5 5 5 15855 2371 20931 10343 20 20 20 20 27 
21 9193 0 0 21 21 31 3558 7914 16971 21 21 0 0 0 0 27 21 
16404 15678 28 28 28 28 20 20 20 20 20 
21 17872 23135 18498 6256 20463 1229 6103 9042 21810 20749 7730 4380 20 20149 23135 15658 22805 15425 17877 15510 4 22240 6103 13727 4766 7847 21282 17438 22463 7127 20 21 
9193 13055 19900 20 27 
21 28 5320 20 20 16323 16673 1247 20 20 20 18498 28 5876 6103 23135 21793 15678 28 7509 20931 22942 7730 18498 28 20402 20293 20463 23577 20304 20 
21582 21752 22463 10273 10138 7509 1972 7730 7509 28 13030 9193 15658 6075 5 5 5 27 5 5 5 11875 20 20 17438 12861 12780 20369 14539 20 2702 6103 15671 22310 20 20 20 21 
15855 28 28 20 20 20 20 20 472 8956 11644 20 20 20 
21 472 20 20 20 20 20 
2476 7730 11590 20 20 20 
16404 31 1095 2434 28 28 28 4 28 28 6103 28 7730 26 28 20 20 20 20 21 
21 16404 31 14004 7730 23179 20 20 20 
15658 5018 7850 12521 4 9193 21596 15138 22821 15459 21684 5 21 
21 21 21 5 5 5 7730 15658 22318 5133 4766 9010 15190 4 9193 22017 16673 19296 7509 22318 14487 5 5 5 21 21 19770 29 6 29 21 
28 28 5 5 5 27 5 5 5 5 18476 9193 23151 17872 17061 12780 13405 31 28 7730 15678 1972 17872 22137 4766 31 10765 20 27 
16784 7914 28 20 20 20 
21 13278 20 20 20 
28 28 7730 28 28 21 
11462 20402 7127 6103 9867 7850 15576 26 20 21189 7509 28 16404 4788 15678 1247 7509 28 20 20 18498 28 78 31 9634 6103 23135 20 20 
15855 12861 1114 20 28 28 6103 28 
28 26 28 28 28 26 3364 26 28 26 28 7509 28 28 28 21298 5 26 7730 16404 21389 16083 1097 7730 16399 1027 20 20 20 
28 26 
28 26 28 26 3364 26 28 26 5 5 5 16192 19871 7730 15697 20 17872 10765 1540 15678 18498 670 31 28 20 6 
16108 16002 7509 11032 7509 28 11536 20 20 20 6 18498 14145 20 20 20 20 15708 20 20 20 
22385 18772 20 6 
27 5 5 5 472 20 20 
28 26 20 6 
21 27 5 5 5 15855 15678 22862 18498 19969 20 20 
17872 18525 15658 19900 4 20402 28 18525 7491 12861 31 28 7730 31 20429 15678 7132 7850 12916 7509 23519 18476 7847 7730 28 19450 20402 12125 6103 28 20 6885 4 20149 288 15138 8849 17438 11680 28 5 5 5 18498 8561 5 5 5 17438 4060 7384 21793 20402 20369 6103 28 7730 21282 17438 28 15678 23577 14350 8406 28 7730 15678 11474 20402 17521 18498 9193 19206 6103 15604 4766 7847 5 5 5 17458 7847 20402 15138 16126 7730 3079 14539 20 20 20 26 26 20 20 21 
15855 2371 28 26 20 
13055 21596 12861 20 20 14335 7491 18498 20402 17458 9193 910 21596 19969 7509 14604 5574 5 5 5 27 5 5 5 5 15708 4509 18533 20 9901 15138 13909 9808 7914 19900 18498 9193 910 15658 19969 17438 2371 20244 14604 5574 20 20 
288 18498 31 9574 7102 21596 22463 6981 15658 20402 28 28 28 20 20 20 0 0 
15855 28 28 6103 28 20 20 
15855 28 28 5 5 20402 18498 21596 17872 11149 16066 28 0 
17819 16475 7850 16421 4766 15678 3409 1972 7730 28 20 20 
21 28 28 4 472 15678 16108 20 20 20 20402 13520 20 20 20 16323 16673 3766 6103 23135 20 20 20 21 
28 28 5284 22463 6981 16404 23135 20 20 
12861 20402 22385 22821 20 20 20 15678 14604 16753 6103 29 13080 3450 23104 17159 9193 14604 18376 7730 9193 21596 4181 18498 7847 16721 18498 9193 15658 16765 5 5 5 27 
10740 19983 29 20 20 20 472 20 20 20 
7157 16404 8969 15678 3906 20 20 7102 8361 7850 2176 8632 20 
28 28 20 20 9743 17872 15671 5 5 5 27 
16404 18525 12578 20 
17872 23135 28 28 20 20 20 
21 26 31 28 5 5 5 28 26 20 20 
14335 14010 13761 26 4 30 4390 4 7730 26 30 26 5 5 5 26 7783 28 4 28 28 4 26 4 26 28 4 28 20 20 20 21 
21 16280 5 5 5 10273 6103 3733 6103 19635 20 20 6 
16404 489 20 20 20 21 
21 14604 1097 18533 5 5 15138 15708 17438 21793 31 14469 4 13481 7730 17737 18498 9743 14604 7127 13909 9808 20 20 20 2702 2702 2702 21 
21739 28 28 7730 2336 28 5 5 9088 8956 9975 6103 20247 7730 13055 8995 22938 20 20 7 7 27 15708 16673 17737 20 23016 17872 5980 14335 23051 7730 21810 22463 3488 20 20 
27 5 5 5 12861 5360 14335 9743 19698 20 20 20 27 
15855 12861 28 28 20 20 20 
28 28 28 5 5 5 8956 20402 15678 28 7509 28 28 18498 22318 7491 20 20 20 23 
28 28 28 28 6103 28 
21 9193 15936 20402 31 20201 6 3450 22463 20402 19275 4 6103 10211 13043 4 17438 20463 21932 5 5 5 18876 17438 20402 8897 8897 15658 14335 16393 4649 20 17438 12861 8995 4854 31 16990 7509 28 20 21 
873 2371 17908 22463 22137 6103 26 0 0 0 0 27 5 5 5 5 15036 21282 6103 1937 20 20 20 
6 
21 20402 14336 15444 5 5 5 9193 20402 22385 13278 20 20 20 20 
7205 6103 2836 28 26 20 20 20 20 27 21 
9193 9634 17438 28 7730 26 20 20 23151 4766 13909 21551 
27 5 5 5 15138 13278 20 20 20 
28 28 20 20 20 20463 3031 20 20 20 20 6 
18498 22223 12861 5 5 5 
16404 23135 28 28 7730 28 28 20 20 20 20 288 18498 7102 20402 15138 3058 20 20 20 
1972 7730 28 16826 7730 17989 16404 31 9867 6103 1249 15604 20 20 20 20 
16673 12939 15658 20402 22821 20 20 20 8840 18498 8956 15599 20402 18772 20 20 
21 12861 20402 3222 15658 20402 0 0 0 20149 20402 14539 22821 4 15658 19900 20149 4229 15678 19483 6103 12040 16066 6103 12821 5 21 
28 28 5 5 5 12780 9743 12861 7850 20463 0 0 0 0 12780 9901 22463 13753 20 20 20 20 20 
12861 20402 31 3790 7509 26 20 20 20 20 27 
21 662 31 28 17438 21596 4730 15678 26 7850 9193 9634 7730 16673 29 1249 6103 835 18498 7847 9193 6075 5 5 5 654 9901 31 20126 7730 31 4181 6103 18498 15678 21 21 4346 17304 7687 22463 15533 4 9193 31 835 23016 16673 14049 21 21 19990 29 5 29 5 20402 22463 11514 17304 5876 6103 23135 26 20 20 21 
28 28 7730 28 28 28 5 5 5 8956 20402 31 7526 28 7623 15894 4913 15678 7525 17872 3960 20 2702 
21 15834 28 28 28 5 5 18476 17304 4 4854 4815 31 10273 7509 26 16404 489 20 
23 5 5 5 9901 21083 9808 17458 15576 21 21 9943 21 21 20149 20357 7914 3962 2371 4766 23135 20 20 20 15708 20 20 21 
21 14604 18533 1097 4 9634 7730 678 4 9193 15678 28 21282 21596 31 662 31 21793 23135 18498 8995 5200 16404 4788 31 15820 6103 9193 22521 20 
15708 15823 6103 2717 4 28 28 4 28 28 4 28 28 4 28 28 7730 31 21793 15678 16972 7509 14891 19511 7850 28 18498 9743 7509 15576 7127 22463 7127 15138 8810 20 20 20 
662 21371 1393 1097 18498 9193 753 31 15988 22327 4 28 28 4 28 28 4 28 28 4 28 28 4 28 5582 4 28 4 7730 1393 4338 28 11536 5 5 5 27 5 5 5 3222 28 20 20 
15708 31 9193 12787 28 26 7730 1393 28 7509 28 17438 21932 21389 7850 1821 20 20 
7914 8810 662 1393 9193 12787 7730 14604 5915 28 7730 5 3364 5 5 5 20244 23135 9193 15658 21596 5219 6168 22327 6103 14031 22385 13512 20 12787 4 23135 9743 31 14534 6103 3031 13909 13512 18498 13055 22805 20 20 20 15708 20 20 20 
22463 11020 134 31 21793 20 20 20 
28 7730 28 21 
10548 20 
21 28 28 28 7730 28 28 28 5 5 5 5 8956 20402 16083 23222 6072 16500 28 5 5 5 5 20402 21083 8302 20 20 1937 20 20 2702 
13761 7914 3962 20420 1920 20 20 20 20 27 
15855 12861 28 28 20 
28 28 7730 28 28 5 5 5 15855 15678 9942 6103 23135 2371 20 20 20 20 20 27 
21 23135 7730 9193 21371 16605 5792 
21282 28 4 15678 5792 4 1400 15678 16605 20 
11861 12861 22805 20 20 20149 28 15658 8995 6389 6103 23135 16404 12780 1400 20463 16605 4 23135 15643 8995 16936 6103 28 20 
21 21 17458 21793 16605 7730 7000 8995 7509 10901 6103 28 4 20402 13045 11045 17438 20931 11066 4 14353 31 19012 18498 11284 7914 5792 28 21 21 19772 29 6 29 5 21 
21 9193 19900 18498 15502 12780 22805 14604 20912 9193 1393 22898 4 18476 8995 8382 4 9193 12780 1393 12916 4 14335 4624 4766 21631 7730 9996 18498 20402 22463 4130 5 21 
21 11462 20402 15678 1247 7509 14604 26 28 5 5 5 14604 22765 5 5 15678 28 20 20 20 
29 1249 6103 15138 7447 4 3870 4 16477 2186 20539 5 5 5 7847 16475 20215 31 18191 11165 20 20 20 27 4 4315 19822 2136 11462 5 5 9193 654 7847 15658 9066 13909 5 5 5 21282 8644 20 4 16630 6103 18374 1393 29 7509 14049 23570 6931 5 5 5 15643 16784 31 11518 4 14539 7914 11538 6103 22805 20 20 4 7730 21389 16083 4672 18498 827 15576 7127 7730 9193 22942 20 
7730 23104 15678 13716 20 20 20 21 
21 15658 17511 23104 13667 7509 21680 1114 5 5 5 14604 20304 20 
21 21 23016 31 9193 4 21793 1612 18498 8995 3697 7730 20672 4 7730 9193 22318 907 5 21810 20670 22318 15678 14604 13003 7730 1540 6103 9193 4 17458 20402 14088 7730 11581 6103 5528 7 7730 288 6564 16404 31 22318 910 21 21 28 29 6 29 
21 
21 21 21 20149 4 17495 4 15658 670 31 23135 20444 1393 20304 4 8637 11462 31 18525 12780 20444 5 5 5 5 9193 9193 7730 31 9193 9634 20444 1393 20304 21 21 5 28 29 6 29 
740 6075 21551 6103 5174 28 5174 6103 22821 5 5 5 13359 31 28 4766 2031 5 5 9193 21596 18498 20402 19871 22805 20 20 7847 23151 13640 5 5 5 21 
21 28 28 20 20 15855 18498 10138 5 5 5 9743 16404 20931 20693 20 20 20 
21 15658 5 5 5 5 12861 15658 20402 22463 2530 5 5 5 20402 22463 7127 7850 20880 20 20 20 27 
21 16404 21793 23135 4 14604 1097 4 22463 17556 6103 9433 20670 31 20009 20 
2702 7730 3058 9975 6103 20247 20 20 21 
21 201 6103 16098 8956 21 21 17950 6103 19870 21 21 8329 21810 14604 3488 7509 14049 5 5 5 22463 14469 22385 20558 5 5 5 21282 15678 1114 6103 28 5 5 5 20244 19240 20 
7850 11518 9193 16721 7914 23135 21739 28 26 4 21739 28 26 26 4 28 26 10322 4 28 26 7730 28 26 5 5 5 9193 1027 23135 20 20 20 
28 4 20931 28 8995 4913 31 15266 5 5 5 9193 20931 17812 1614 15658 22318 8458 740 20 20 22463 22834 20 20 6663 22805 5 5 7847 12780 4289 20 20 27 2702 21 
19772 29 5 5 5 5 23135 13055 13359 0 13512 5 5 5 4843 9193 22942 1276 7730 6408 6103 28 20 20 
9193 17235 7509 30 20 20 
21 11462 20402 15678 23575 7127 17525 7151 29 4672 17504 6 
29 5 17304 6564 5 5 5 
29 5 20357 15678 4292 7509 14133 5 5 5 
29 5 23051 14604 16169 20 21 
21 11462 20402 15678 20474 7127 17525 7151 29 4672 17504 6 
29 5 22805 18498 15678 1972 4 15678 3439 18498 482 4 1540 31 3224 4766 31 3014 20 18476 7847 4289 4 15658 19474 31 15425 9153 5 5 5 20402 13512 22805 14604 10839 3224 20 
29 5 31 28 4 18498 15671 21371 482 4 16784 15678 14378 7509 4701 20 654 7847 19900 18498 4701 20402 4672 21 21 7509 2727 21 21 20 27 
29 5 6564 7850 20304 5 5 5 5 19900 18498 31 20794 6103 21793 15678 17877 8995 15423 20 
11462 9193 5474 9193 20744 28 28 7730 9193 5915 28 28 6103 28 31 17525 29 4672 17504 3058 17438 7127 4 7686 29 28 5 5 5 5 7730 23135 17304 5474 29 16971 17438 7127 20149 18533 20 
22463 23570 15533 31 21793 20 21 
21 11462 20402 15678 18584 7127 17525 7151 29 4672 17504 6 
29 5 19900 18498 14604 14181 4 4284 7509 9193 3962 4 18950 18498 28 4796 20463 28 20 654 17511 7491 18498 15678 22862 21 21 9193 7730 9193 3962 20444 1393 20304 21 21 20402 22463 22821 16404 15671 5 
29 5 13359 1276 6103 7599 20 20 20 16066 13359 2136 7599 5 5 5 27 
29 5 22886 19830 13503 5 5 5 4766 4292 6103 1002 20 6 21 
28 28 5 5 5 31 15898 18498 22318 9594 22942 28 
21 11462 20402 15678 18487 7127 17525 7151 29 4672 17504 6 
29 5 21596 31 5472 6103 18498 9193 20402 13591 20 20 13591 7509 5042 17458 28 16162 14604 19426 7730 654 9193 17511 23104 6103 352 4766 31 23167 6103 28 20 20 7730 19900 18498 28 14335 753 31 14426 7730 5603 14604 21391 8564 20 
29 5 20357 4292 6103 3488 18476 352 5 5 5 23 5 5 5 12861 21282 7850 3962 7509 14604 16169 14539 20 27 
29 5 19900 18498 9193 15643 8995 21282 5 5 5 17458 28 8995 4815 20 
11462 9193 12780 5474 31 14604 1097 12787 7914 28 7730 28 28 16404 17478 7686 29 28 29 4672 17504 7730 18498 22318 9743 9808 20 23135 17304 5474 13909 29 16971 17438 7127 20149 18533 20 
23570 9370 16404 15855 16404 31 4672 20558 7730 20402 11043 16673 18498 21596 20 
2702 21 
21 11462 20402 15678 21613 7127 17525 7151 29 4672 17504 6 
29 5 7599 4766 2609 6103 4380 20 20 20 6 
29 5 22805 9193 16034 17918 3137 15619 20 20 20 20 
29 5 9743 2060 28 20 20 
7730 11462 15658 12780 5474 15502 5 5 5 5 21 
21 11462 20402 15678 20207 7127 17525 7151 29 4672 17504 6 
29 5 19900 18498 31 14792 6103 28 20149 19295 31 3450 14049 20 20 13168 29 6 29 
29 5 22805 14604 3439 9808 18476 9193 4289 20 20 15678 3870 6318 12780 991 7509 12578 20 
29 5 4292 6103 4380 5 5 5 909 4 6981 9193 8995 4766 20126 4 22805 20 20 20 
12780 5474 14604 1097 28 28 7730 28 28 16404 16429 7509 6472 6103 17525 29 4672 17504 17438 29 28 7730 5474 16083 29 16971 17438 7127 16404 9743 15678 14539 5 5 5 21 
21 11462 20402 15678 17819 7127 17525 7151 29 4672 17504 6 
29 5 352 7730 22805 18498 15678 7127 21596 20749 20 20 20 12861 14335 6256 9808 20 
29 5 8720 15678 18363 3702 6103 14049 5 5 5 17836 15678 2738 5 5 5 8956 14335 13325 14604 2336 20 
29 5 22805 14604 20826 20149 18779 5 5 5 3369 6103 28 7850 9193 22942 20 
12780 5474 9193 1095 28 28 7730 28 28 10322 16404 16429 7509 6472 6103 17525 29 4672 17504 17438 29 28 7730 5474 16083 29 16971 17438 7127 16404 9743 15678 14539 5 5 5 
8995 288 7451 20 20402 3058 13325 6981 16753 4672 20 21 
21 20149 22318 15855 20304 4 17872 6389 6103 9193 5 5 5 15299 8147 6103 3058 
9193 17629 20402 22020 5 5 5 5 17629 6103 22463 5528 11686 1393 21680 20 20 20 
10959 7384 20 20 20 
13512 20 20 20 20 9743 4815 1114 28 28 6103 28 0 0 0 0 
17629 7491 13909 0 0 
28 13512 7509 14604 5528 20 20 20 14604 22765 9726 20 20 
21 14464 5 5 5 654 31 28 9743 22463 26 16404 22782 16679 16673 28 20 20 23273 5 28 26 1825 5 4766 5 3148 
21 
31 17812 7509 9634 28 20 20 20 
21 21 21 23016 4 2745 6103 14604 16169 20 21 21 28 29 6 29 5 5 5 5 13055 11731 28 9594 12861 17872 23135 18476 7847 23151 16404 3348 21793 15678 20463 9943 4 16066 20402 4 1612 18498 5739 18498 28 20402 28 28 29 6 29 7730 21282 17438 7847 17304 20402 20007 0 0 0 9193 5 5 5 5 9193 12780 8995 13761 20 20 20 7730 28 12780 14335 4229 20 20 20 7730 23135 4 12780 20402 4229 0 0 21 
28 20 20 20 20 18498 3058 20420 20149 21793 22318 20202 20 20 20 
21 28 28 5 5 5 15855 15678 20866 18498 22318 9594 20 20 20 
21 1972 7730 28 5327 7850 17950 21 21 9193 3962 9193 22942 20 20 20 27 4766 28 28 6103 28 21 
21793 15190 4295 20 20 20 15855 31 28 3408 15061 3859 17872 1972 3143 20 20 20 20 27 
16972 6103 28 7730 19143 20 8995 17908 22463 11114 16404 11891 6103 22463 13591 5 873 21596 22463 12147 0 0 
9867 13023 7914 9634 20 20 20 20 20 27 
12861 20539 20402 11588 20 22463 12960 20402 21282 22463 12960 5 5 14539 18498 20402 7509 5505 20 9193 22463 17563 18498 16162 11857 951 7730 15658 21596 7804 15424 20127 15424 20214 5 5 5 8956 20539 20402 22463 17563 11586 20 
21 654 4 13909 7509 18498 15643 4 28 6670 16753 20 20 20 20 27 21 
20149 12861 20402 22463 9956 740 12780 21596 13909 22463 10916 7509 28 9193 5855 20 20 20 20 27 
28 28 28 7730 26 28 28 28 28 5 5 5 5 201 6103 6146 18498 9193 12780 21842 17872 28 22805 20 20 20 27 
21 28 28 28 28 28 28 28 28 28 5 5 5 5 12780 0 0 0 
288 18498 13055 8995 4766 10183 20 20 20 27 
9216 5764 20 20 
15658 20402 12149 20 
21 9652 20 20 20 
21 23 5 5 5 12861 20539 20402 22571 20 20 20 20 27 12780 4913 22463 17872 10765 1114 28 28 6103 28 20 20 20 28 28 28 5 5 5 5 12780 22463 2371 0 0 0 27 
21 20149 873 15658 5876 6103 20463 16399 4 7730 8815 7509 6103 20931 18191 9634 4 15398 31 10547 7730 20402 17106 18498 22463 6647 5 29 28 29 6 29 20558 1920 20 20 20 20 21 
21 22942 28 5 5 5 15855 18498 3058 11644 20 20 20 
21 28 28 20 20 20 8956 15658 12780 7017 20463 12916 20 20 20 20 6 
9193 5 5 5 18498 13278 20 22805 871 6981 16673 28 20420 20825 15138 951 0 0 
21 1114 28 28 6103 28 5 5 5 18476 23135 18533 14335 6075 10095 5 5 5 18533 6981 8905 2371 20 20 20 27 
21 27 5 5 5 5 12780 8361 12861 16404 15678 14604 20 20 20 20 8995 14425 18498 15138 10765 17438 2371 20 20 20 20 27 
21 28 28 5 5 5 5 15855 18498 10151 20 20 20 20 
21 28 7730 5 3364 4 28 26 4 28 26 4 28 26 10322 4 28 28 28 5 5 5 15855 18498 10700 13512 17872 21596 7914 3962 20 20 20 20 27 21 
21 15855 14464 28 28 4 28 28 7730 28 28 28 5 5 5 5 9193 20293 4730 31 5891 7850 14464 18498 20336 7850 3930 6103 22126 20 20 20 27 4676 20 20 20 
21 
21 28 28 5 5 15855 12861 20 20 20 
21 27 5 5 5 5 5 15138 3058 20 
21 28 28 5 5 5 5 6075 22463 15855 15510 20 20 20 20357 22463 10731 7850 9156 654 20 20 20 28 28 5 5 5 9605 17872 28 21944 17872 23135 2371 7850 30 20 20 20 20402 18498 20402 7847 0 0 0 0 
21 
21 15678 16984 21075 20 20 20 20 20 27 
21 16404 23135 4 14604 18533 1097 5 5 5 20577 12212 6103 18498 28 12780 23151 13640 20 23135 8995 17989 0 0 0 
21 6472 13185 31 16192 
11462 9193 18876 15678 6472 6103 11051 22463 23222 9594 20670 31 16192 6103 28 7730 17525 1614 7850 28 5 5 5 5099 18498 6361 16404 5762 5521 4 9193 2371 8995 20 20 
654 17511 6472 9193 29 16971 4 8443 19450 8789 15678 6472 16673 28 7730 16673 15190 20 20 27 
15678 6472 20402 6 28 7730 5 3364 7 28 28 7730 28 28 28 20 
2702 21 
21 15708 1393 14604 1097 18498 10691 22463 21551 16404 14335 14018 22463 18852 4 22463 14469 16066 14335 13480 15908 20 20 20 15138 15708 20 20 6 21 
16404 21793 15678 18058 6103 17244 20 20 20 20 15599 3058 21596 18498 20402 4854 21371 20 20 20 6 
22463 4970 20 20 20 7730 22463 26 5 5 5 5 5 27 
21 11462 5 5 5 29 5 29 5 29 5 5 5 9743 1247 6103 29 1249 6103 30 20 20 20 288 18498 13055 5762 18657 20 20 20 20 27 7730 4815 8995 13909 871 8332 4 15658 20402 28 28 4 28 28 4 28 26 4 28 16733 5 5 5 288 18498 31 10765 7102 9743 22463 3031 7730 3702 16323 17872 15671 20 20 20 20 6 21 
2727 18498 17304 201 14539 20 
21 155 20463 15860 7730 20463 5528 5 5 5 5174 31 22821 5 5 5 16721 20 20 15658 10211 20931 15936 20670 28 20244 5174 31 28 20 16404 16971 18498 31 1027 6 28 28 6103 28 4 28 28 7730 28 11536 4 28 28 6103 28 7730 28 26 4 28 28 6103 28 7730 28 4 28 26 4 28 7730 5 3364 4 28 26 4 28 26 26 4 28 26 10322 4 28 26 4 28 26 5 5 5 5 21 
22821 
27 5 5 5 5 20402 14425 17794 20 20 20 20 
21 19240 15658 20007 5 5 5 18525 20007 20402 20931 10547 7914 28 5792 20 23135 21596 18498 368 18498 28 15036 17438 23135 7730 21282 17438 12861 23135 17304 20402 20007 17438 12861 28 20402 15678 3610 4 31 23577 14031 5 5 5 7730 15658 16721 18498 20402 3058 12780 22318 20007 5 5 5 20402 3058 20402 21282 22463 15713 20 16721 15510 5 5 5 9193 16721 19871 5 5 5 21282 28 5174 15678 7127 6103 1022 20 6 21 
15658 5219 16721 7914 15425 4795 17872 12861 5 5 5 5 20244 16192 20 
16972 6103 28 20 20 8995 17908 22463 16971 18498 13501 31 3962 7730 16468 19830 5 5 5 873 21596 22463 12147 0 15138 15708 20 20 20 20 6 
21 9193 10959 7509 14604 9956 20 20 
1614 8995 15678 14604 9956 7509 28 5 8147 15678 20463 7914 11561 6 28 5 4766 26 28 11617 29 21 
12780 17239 10765 0 0 0 8995 17629 22805 20 20 20 20 
21 15855 12861 28 28 4 28 28 4 28 28 28 7730 28 18610 28 20 20 21596 18498 4687 12861 7850 15576 15198 20 20 20 27 21 
23271 5 5 5 5 13512 20 
21 31 11644 20402 15781 15678 28 4766 28 5 18525 5947 8956 26 18876 15678 15540 6103 22463 22463 1845 7730 21596 4 8443 4 18498 18263 31 10273 6103 871 21932 6318 5 
3393 6103 15144 7850 28 20402 22463 17101 6103 28 7509 28 4 12865 15344 7914 29 4 18498 1471 6103 11947 4 15061 31 11020 2717 9818 15726 7730 452 17438 28 5 15678 18458 20402 22463 17101 8583 4 7509 19800 6103 13276 7850 18458 13276 7730 15678 4488 5 15678 18458 2126 20149 8147 7850 26 26 4 28 5 21 
1097 20 20 20 9808 29 20 20 20 
21 1937 12780 20 20 20402 22463 11066 20 20 
9752 15678 9721 7589 28 28 20 
28 7730 5 3364 5 5 5 8956 20402 31 20931 3790 20 20 20 27 
21 31 4477 7509 14604 21739 201 654 5 5 5 8995 662 31 28 16673 18059 4 16673 14792 7730 17438 3730 7730 11165 15678 15258 18498 21932 7686 29 11518 16673 20931 22942 20 31 18195 29 11518 7850 22596 20402 6305 9193 15678 14604 28 20402 15678 28 7509 11875 20 5 5 5 5360 15963 17438 7847 20 6 21 
28 28 20 20 20 18481 14335 14010 6 20 20 
28 7730 5 3364 7 28 26 7 28 28 6103 28 7 28 26 5 5 5 5 19698 20402 15678 14425 19277 20 20 20 20 
21 28 28 4 20463 28 20402 23570 20 10473 22805 20 15708 20 21 
21 1926 23135 21371 20 20 
18498 20126 7509 10405 6103 28 20 
8956 20402 7509 3058 20 20 20 20 
28 20 20 29 1249 6103 15138 7447 7730 3058 11590 20 
1233 6103 28 21371 17629 7509 20931 4839 20 
489 20 
18498 13512 20 
2031 28 20 20 893 4886 7730 2459 0 0 15678 10702 17658 4629 5 5 5 
21 14309 4796 30 26 14335 28 9707 26 26 17812 0 0 6 6103 
21 15855 15678 28 18476 5741 20 20 15505 20 20 27 5 5 5 

