22821 20 20 20 20 7957 5876 5 5 
27 18625 
14158 28 
2727 12861 5 5 
21 9808 7127 7509 15311 14604 1114 5 5 5 21282 21596 31 662 31 28 17438 21596 8637 23135 16404 9193 5 5 15708 17438 20402 18525 23135 20402 5 5 15708 16673 3870 4 2031 4 4840 7730 16673 16135 18498 21596 16404 4815 5 5 22318 1027 15138 5 5 2702 5 5 21 
21 17812 28 28 6103 28 4 18525 20402 8956 2689 0 27 21 
18498 15190 7557 20 20 20 
13909 22463 5942 9978 5 5 15708 20304 17438 8956 3369 5 5 
9707 20 20 20 
9707 20 20 20 
9707 20 20 20 
20558 1920 20 20 20 
27 18625 20 20 20 472 
27 
18498 13514 20 20 20 
27 
18784 20 20 20 
27 2727 12861 5 27 
9707 20 20 20 1073 17819 7730 20402 9808 5 5 5 
9707 20 20 20 
1150 20 20 20 3058 7127 5 5 5 5 
21 9707 20 20 16404 871 20402 7188 4 9901 6103 3790 4766 31 18774 5 5 21 
9707 20 20 20 1073 17819 5 5 
21 20559 22821 20 20 20 20149 15658 15128 17438 6389 4 16468 31 22942 21793 1190 7914 6019 5 5 21282 19335 21 
9707 20 20 20 
27 
9707 20 20 20 
21 20744 4 28 28 28 26 4 21395 17989 5 5 15708 16673 17737 4 654 14018 15678 16083 18498 9193 9743 5 5 27 5 2702 5 9901 13512 26 0 21 
9707 
9707 20 20 
1027 23135 20 20 20 
20558 1920 5 5 5 5 5 5 
12861 20539 18498 20402 15678 1114 5 5 5 5 5 
1150 20 20 20 
27 2727 12861 5 5 
9707 20 20 20 
21 2727 9193 8956 10343 5 5 5 20402 1920 4 9605 14539 5 21 
27 
21 8956 20402 16404 9193 14539 4 13359 21793 15678 28 5 5 27 21 
21 9707 20 20 7730 19478 16404 9193 4 20520 5 5 5 5 5741 5 5 5 5 21 
20149 20357 9522 13895 20 20 20 
9707 20 20 20 
3058 7127 20 20 20 
21 9193 20669 19550 5 5 5 16323 28 15326 4 9901 13512 5 21 
1150 20 20 20 
16721 20293 15510 20 20 20 8443 9605 7730 9605 5 
21 8956 20402 16404 9193 4 14539 5 5 27 20293 5 21 
13512 20 20 19900 16192 5 
9707 20 20 20 15128 7730 15128 20293 5 5 
9707 20 20 20 20 
9707 
27 
17812 5 5 5 5 5 8956 20402 16404 23135 5 5 5 5 5 5 5 6056 5 5 5 5 27 472 
31 16179 7509 14604 20744 20 20 20 9738 22864 5 5 
21 15533 28 4 4766 28 28 5 5 5 5 17812 4 1027 5 5 21 
27 
27 

