21 20450 4 20298 7730 8057 9451 21371 6070 20 22327 21 21 4179 21 21 21 
21 29 6103 5621 7730 29 6103 2156 6103 18884 5 8995 21 21 4179 21 21 21 
21 21 21 14539 18498 21596 17229 
22463 3610 7174 
21596 13909 7509 18498 9193 17629 
8995 5354 20402 15678 2625 5 
4179 4672 6103 21793 7127 
9193 22126 31 835 
6103 3610 13030 13131 31 13131 17438 1114 5 
7730 18476 9193 20402 7957 
15658 4 15658 4346 17438 9193 5 21 21 21 
22202 7509 7127 20 
2818 6103 28 20 20 20 
21 14309 11590 7509 3420 4 14425 12780 7599 7509 18498 9901 288 4306 7914 3393 6103 4067 5 5 5 21 
21 20542 
20987 9818 
29 5 
7750 12557 8406 7558 8905 18498 23104 13026 5 
16371 
20987 9818 
14365 
14922 4060 17438 16369 7914 11542 4 18498 17304 20149 1547 4796 12252 16066 12266 5 
288 18498 15678 10982 17629 9130 28 20 1453 288 20 20 21 
21 23151 7509 28 5 9193 3962 4 9193 22942 7730 15678 16122 6070 20 16323 1393 8464 20 16323 1393 18250 18498 201 6103 603 6103 22897 15678 15576 16587 7730 16323 4 17836 4 1393 18498 23174 15458 2510 6103 16369 18498 8995 21 21 10803 21 21 15576 16587 20 6103 13923 31 17106 18250 8391 15678 28 21 
27 
1614 7850 19698 20 28 20402 21282 1114 20 20 20 20 8 29 
7730 740 23016 13909 5 5 5 
3058 7127 7730 22463 20247 11710 17872 21793 15671 20 
21282 662 1393 17327 28 7730 1393 28 28 16673 15533 20311 20 23135 20402 12094 20 20 20 8 29 
7730 8995 9620 2727 17556 5 5 5 27 
8 29 
8840 1115 20 8 29 
8995 16098 28 19952 7730 18625 15678 2812 20 20402 6981 20 2700 
21 776 4 14604 1114 20 21282 17872 2322 18498 8995 6075 17098 7850 2973 1022 20 20 20 20126 6103 23135 4 6324 20 21 
15036 4766 9673 
21 28 7509 22942 6 
21 21 19900 1612 10731 18498 23135 14335 6075 0 
8995 21810 7847 7850 2464 4766 23251 7730 26 28 5 5 5 21 21 
27 15036 4766 9673 21 
21 31 16753 23151 22385 9103 7509 4761 18498 9193 12780 6830 15678 4945 4 21810 22463 2530 4 4730 17055 4 155 22463 16137 6103 28 7730 5947 31 21409 21793 4766 7847 20 8 29 21 
8 29 
21 28 4 28 4 8995 21596 26 20 20 20 8 29 21 
15658 6075 13909 5 5 5 13055 20155 31 21672 20 
21 28 28 4 22318 6184 4 10696 20 8 29 21 
21 9193 17304 8995 19822 4 9193 17304 8995 14265 4 9193 8995 1614 4 6103 3058 4 16098 26 26 28 4 4796 21886 4766 16978 7730 21810 3488 5 5 5 31 22942 17304 20402 3058 20 8 29 21 
18339 6159 6103 1114 20 
21 28 4 28 4 20402 12861 14539 0 0 21 
19698 13581 20 
21 28 4 22318 6184 20 21 
27 
2717 7509 7127 20 20 20 3058 20474 20 20 20 
21 15643 20951 15678 17304 6103 7018 6103 29 18104 468 13030 20 20 20 17596 22463 11293 20 3058 7127 4 20709 20 21 
3058 21409 20 20 20 
7730 15678 15534 5219 6075 22463 5601 17872 14335 6256 15678 5483 7509 3960 20 8 29 28 28 7730 28 28 8 29 
10959 14539 20 
6 22 
21 1027 4 1027 7730 1027 20 21 
3519 20402 10131 20 
8 29 
21 28 4 28 4 28 7730 28 4 15855 15678 2377 20 20 20 21 
8 29 
21 3058 7127 4 20709 20 7957 5876 7509 3962 18498 11462 12780 21596 15603 29 468 17098 31 5695 12526 20 8 29 7509 12939 18498 9193 10959 20 20 20 8 29 21 
12780 7599 9808 17458 9193 6448 13909 22463 14823 6 654 9193 472 4647 20 
29 8503 
21 23334 4 28 4 19900 18498 23135 15658 23016 1614 7914 3962 11462 4 9193 21282 17872 9594 4 15678 18270 6103 18374 8995 19969 7509 10240 654 20 8 29 21 
21 28 4 28 4 9743 22463 16498 6103 26 26 4766 21812 6103 10211 7730 2349 4 15604 18884 6103 21812 7850 10240 4 9743 21371 22463 16978 6103 19889 4 14078 7730 13806 17872 23135 20 8 29 21 
21 21 21 7491 6 
18481 6530 21596 7850 9193 15256 
7491 6 
20149 20402 16852 31 10765 20402 9808 5 5 5 21 21 21 
21 15658 19900 20149 20402 1920 6103 9707 4 9193 472 9421 20 20 20 21 
1341 9193 15138 23204 20 
29 28 20 
7545 15138 20 
8 29 
8 29 
21 21 21 5521 21 21 7730 7957 23104 31 22942 5 5 5 21 
8 29 
21 23016 4 28 4 12780 21596 4189 5 5 5 21 
10765 20 18533 13909 10765 7850 14604 15377 5 5 5 
21 28 4 28 7730 28 4 8995 2371 20 20 20 8 29 21 
21 1114 4 28 4 15855 12861 20 8 29 21 
8995 22805 4796 18607 15658 20402 7188 20 20 20 8 29 
8 29 
21 20149 21056 12526 4766 21738 17872 753 31 9942 7850 17960 7509 9789 6103 4509 4 20402 6981 20 21 
21 1114 4 28 4 18516 15678 1815 6103 15604 4 9193 20402 21282 17458 23135 10959 4 15658 17458 9193 8995 12960 26 17426 4 22805 0 0 0 2702 7850 910 20 8 29 21 
21 21 21 23016 10691 14604 20069 
14335 13591 6103 871 16963 
16793 14604 8257 
6760 9193 13945 
21355 1920 4289 13909 16936 
23016 288 18498 9193 14335 340 
7730 9901 5105 
16083 11518 20402 15678 15299 
31 22942 17729 15658 2560 
9193 18525 6075 15678 15671 
9193 13325 6103 15671 7558 9193 13055 3697 6103 8840 
7730 22385 21282 9193 14335 20357 7730 20202 31 17908 
8956 866 871 4672 873 18498 20402 14335 340 
20149 11284 873 7850 1623 
19474 20149 9193 4229 
873 11091 14604 15540 
16066 9193 18533 8720 
23016 9193 19900 18498 8995 22385 16936 
7730 17438 18498 15658 14335 19474 
20149 21371 22318 8840 22318 13405 17872 2727 13667 
20402 13667 8956 13727 
23016 15643 20402 21409 16066 7396 
17872 9193 22318 5320 15678 14604 20192 
31 22942 20786 15658 12459 
21596 5521 21596 14378 20539 
18498 20149 6056 15678 15671 21 21 21 
21 9971 7509 4509 20244 10421 4 16323 1393 8464 20 21 
22463 23167 6 7599 4766 15678 14604 14181 
4796 9790 31 29 15256 7730 16721 4766 29 3393 20 
21 7509 17555 4181 18498 9193 21596 7850 22942 4 22463 6281 20402 18498 15678 23114 7102 288 18498 9193 21596 22463 2547 4512 1614 7914 3962 20 21 
29 1249 7730 5319 20 15708 16673 9193 22942 21793 20 8 29 
7157 7509 22942 20 
11210 20932 20 27 
14604 1115 20 8 29 
21 15658 20402 11686 1393 7509 15253 4 19795 28 4 9193 8995 2727 10962 20 21 
21 18476 14604 1115 4289 4 7850 9975 7509 21409 4 12780 14335 8147 15036 6103 20126 7730 4766 3031 6103 4130 10389 5 21 
21 21 21 7730 15658 21596 22619 4 
15424 8256 
18498 9066 
15576 17226 
12862 20402 4 
20149 20402 5 5 5 
1616 18498 4229 6 1114 20 21 21 21 
11091 20 20 20 20 
21 16323 17872 23135 18498 9743 22463 20558 26 6103 196 4766 10951 4 9193 18498 5219 31 12094 17922 6103 21056 15658 21282 15678 10164 12526 4 9193 21371 31 16395 4 15678 6425 7730 15678 4387 7509 5695 20 20402 6981 20 20 20 21 
21 28 28 4491 28 17429 4 8995 2727 4 22805 5 5 5 21 
21 21 21 9193 11139 4 22318 3928 4766 28 6103 10211 
9193 13055 15658 19900 6103 18498 10211 14539 23135 20402 7957 5 5 5 21 21 21 
31 3962 12526 20 20 20 
4289 20 20 20 8 29 
11462 9743 29 1249 18498 15678 23179 20402 7957 5 5 5 
21 3058 7127 4 2719 20 21 
20293 288 20 8 29 
27 20 
26 30 4766 1115 20 8 29 
21 20670 15678 9956 21 21 15678 16753 18165 21 21 4 4346 20 21 
21 3058 7127 4 18533 20 20 20 21 
24 8 29 
21 20402 18498 9193 20402 31 23577 16971 18498 16721 6 
6256 9193 13501 31 3962 4 31 9731 23016 1022 4 15678 18498 7847 12780 16721 0 0 0 21 
21 12780 462 18498 9193 4346 4 4346 2625 5 5 5 21 
21 15253 4 14018 22463 16620 6103 3031 10748 17872 18196 28 1022 5 5 5 5 
18069 6103 4509 20 21 
11462 20 
288 18498 12780 21596 18498 9743 22463 3031 6103 4331 4766 4615 6103 3211 5 5 5 15658 8995 20402 10544 20 
23135 8386 18498 8995 6103 21928 18476 22327 18498 23135 11731 13405 2368 20 25 
21 21793 13055 8995 7914 16083 17226 4 9193 9743 22463 9620 5 5 5 8 29 21 
20670 19969 7509 3590 6 15658 8995 7360 20 
16083 10138 20 3450 22463 15855 16404 22463 4122 5 5 5 27 
21 20497 13909 7509 18498 13512 20 8 29 15138 15708 4 14600 21 
15678 15830 20402 14604 20 20 20 7 
21 17458 28 14335 6075 31 14426 12787 7509 22520 20 28 7730 28 4 1027 23135 20 15138 15708 17438 8995 7850 9193 22942 20 8 29 21 
21 9942 4 23135 18533 18498 31 15253 9743 10732 16066 26 0 
18533 15678 7558 4 15253 20 
8995 9790 20 21 
15678 14604 17737 20 8 29 
8 29 
21 11462 12780 8995 21596 5 5 5 3058 7127 4 13514 20 21 
27 
21 15855 12861 4 28 28 20 8995 559 6103 16083 0 0 21 
15658 21596 4766 9439 21793 15190 0 0 0 
27 20 
21 18533 662 17941 1393 18533 10976 7509 8995 6103 20402 28 4 20892 5 28 28 4 17438 13909 22463 20247 20244 702 20 20 20 21282 18498 15643 20 20 20 21 
21 5360 31 11477 1393 7127 15189 7509 10279 4 28 28 4 23135 20293 5219 21752 15678 14425 6103 9193 20 16323 16673 20463 15855 22385 12440 7730 6305 20 2700 21 
21 7509 3702 13909 13284 18498 9193 13055 21596 6 
11462 9193 8995 7850 18374 6103 2368 4 6075 22463 15855 7850 5584 6103 4189 733 12780 20 20 7730 22463 3790 14335 110 6 
9193 4 23135 20402 15138 3086 20 
15855 17872 7847 4 662 7730 5360 31 15855 31 4189 4 7847 155 31 3930 7730 14335 6075 22463 3943 5 
21932 7914 21340 8057 16393 18498 20539 7730 5219 21340 7730 21340 4189 17872 23135 17438 18610 29 4 29 31 3512 5 
11139 15678 3943 7730 662 5 
27 21 
7545 15138 20 
4766 31 9193 21739 13512 28 7730 15678 18533 21739 28 5 
23167 10839 6103 4796 20087 20 8 29 
22385 9193 20 20 20 8 29 
15669 6103 5216 6 4730 14915 6103 17068 7850 3488 4766 13307 7730 288 18498 20402 487 5 5 5 
21282 18498 15643 20 20 20 
21 8 29 288 18498 21793 15190 12780 8386 4 9193 20402 10138 6329 20 21 
27 
21 3206 19525 20670 15908 6 29 3512 6103 4189 4 29 10674 6103 23136 4 29 10674 6103 28 28 4 15138 19703 4 15138 28 7730 16971 12061 5 2702 7730 7957 16404 15678 2547 15894 15678 6014 20402 13909 3086 20 21 
14924 26 
8 29 
21 10765 20 21772 6103 11066 7850 7127 29 6103 20460 4 18525 12780 0 0 21 
1612 23167 11758 6103 15658 9743 15299 20 15684 20 
21 20825 18498 21438 6075 7850 3790 6103 22463 22627 4 352 9808 4 19224 7730 19627 17458 20402 6981 20 20 20 8 29 21 
21 28 4 28 4 28 4 28 4 28 7730 28 4 9193 10959 7509 11670 4 15678 18498 23135 288 0 0 0 10940 21 
21 9193 288 22463 10151 20 3058 7127 4 18533 20 21 
9634 20 8 29 
7730 31 10765 12780 7599 9808 20 24 17872 18525 9901 20 
15678 3031 8995 6103 4346 6103 3058 5 5 5 
21 9193 6103 3058 1937 21525 7730 14335 6075 31 13688 6103 2647 22463 3031 4 12780 22805 15678 18498 12780 19761 5 3031 6103 4629 4766 18512 7730 16620 6103 10912 5 5 5 21 
9193 21596 15138 20855 20 
21 3450 22463 21596 22463 12939 18191 6103 20149 4958 4766 28 4 22463 15963 4 19662 4 14372 4 16083 12780 1393 11685 16066 19900 13761 15678 18498 4 9193 16098 15286 7730 2371 9193 8406 7914 5322 7279 4766 7847 20 8 29 21 
17438 9594 7914 3962 5 5 5 8 29 
8 29 
14335 20357 22463 28 
9743 10734 7730 16098 28 3351 20 8 29 
21 22318 18533 21282 13909 22463 17556 4815 20 22318 1027 17872 20293 4 15138 15708 17438 22327 20 21 
21 7730 31 5695 6103 3962 5360 20402 15678 14425 13727 7509 15190 20 8 29 15708 4 1115 20 20 20 21 
21 9808 7127 7509 16169 16404 21793 15678 14604 18533 7730 17836 16404 15678 14604 7558 12787 4 28 28 7730 28 28 18498 20402 16169 12094 7730 16404 15678 14604 14181 13512 4 28 28 28 18498 20402 15678 14425 16169 7509 15190 20 8 29 21 
8995 15138 7850 13717 20 20 20 27 
19698 15138 20 
12780 21596 3031 6103 4331 4766 4615 6103 3211 20539 20 20 20 
7730 13909 22463 20 8 29 
1249 16468 31 22942 8995 13909 4751 20 
17324 20402 5 5 5 
8 29 
21 21 21 20149 873 4 
17438 9193 16836 
7491 18498 9193 21282 12780 23151 
6408 18498 9193 14335 8147 5 5 5 21 21 21 
21 17438 18498 18476 7847 3702 6 21 21 15678 18498 23135 17629 20402 6103 22463 19550 21911 5 5 5 21 21 9193 16098 6 21 21 15678 18498 23135 17629 20402 6103 22463 7077 21911 5 5 5 21 21 0 0 0 0 0 0 21 
21 21 21 7914 3450 20781 22773 
9193 6679 
15678 19052 4766 21680 5574 
150 
733 20 14604 472 
22918 21389 8807 
17872 23135 3391 1920 
7850 14604 134 5 5 5 21 21 21 
1453 20 20 20 
21282 7850 20474 5 5 5 
27 
19698 15138 7730 13055 10679 1114 20 
9387 16971 10131 7730 9387 26 28 20 20 8 29 
31 9173 14335 703 20 27 
21 11462 4 6408 6103 29 16468 4 9193 15658 8995 15424 22223 7730 15424 14416 5 11462 20402 1247 7509 13905 11474 18498 9193 5174 4 11462 16292 9743 29 1249 7730 15678 21551 6318 20402 20293 17737 17872 9193 4 12861 15658 15128 5 
18498 20463 3610 20402 6103 21911 13759 5 15708 16673 15941 18498 15678 20304 14335 6075 4 15678 20304 7730 31 15253 4 19795 28 19795 28 4 6103 20402 9942 6103 23135 20 
16169 4 22318 1027 17872 20293 20 8 29 21 
21 14335 20357 22463 11208 20 20539 4 4766 21 21 12876 21 21 6103 13018 14539 20 21 
21 18533 20 16784 21793 15678 14604 5323 6103 26 4 17438 10767 4 18525 14335 21596 14335 14018 22463 15834 5 5 5 2700 21 
27 20 20 20 20 
21 3058 7127 7730 3058 20247 31 21793 23135 4 18533 20 8 29 21 
21 3058 7127 16404 15678 19169 13909 13512 20 3058 7127 4 28 20 20 20 8 29 4290 6103 20126 20 20 20 8 29 21 
28 26 4270 5 5 5 27 
21 20539 4 20539 5 5 5 15138 20539 20 20 20 20 21 
21 26 6103 14041 17989 4 26 6103 2767 17989 4 16552 6103 10326 26 17989 4 16552 6103 17778 26 17989 4 654 8995 9620 31 26 26 6103 878 18498 15678 28 4 28 4 472 4 26 6103 99 7730 15678 28 4766 30 5 21 
21 15658 20402 17438 15299 4 9193 15678 26 6103 14041 8995 16826 31 3962 21793 20 8 29 21 
21 4730 22463 20799 7730 14335 12960 13511 7850 5695 5 31 16440 6103 654 4 21282 16985 26 20 21 
31 13909 18328 22821 20 
19698 15138 20 
21 13055 5621 15678 2368 4 15678 3823 4 31 4189 7686 31 20247 4 21282 8995 9620 5621 15678 18289 20 15658 8995 20402 10544 20 20 20 21 
27 
21 3058 7127 4 3058 20247 4 1115 20 20 20 21 
13606 6103 22942 20 
21 21 21 23016 18498 15678 3058 1971 12780 7573 15678 15190 
9193 13055 3213 4766 31 22942 
11462 9193 23104 2727 4766 21793 15190 
7730 2371 4 20402 15276 14996 5 5 5 21 21 21 
21 7730 21681 918 9808 4766 15678 14604 13512 1095 4 28 28 20 8 29 21 
21 20402 7599 1276 7509 29 4 352 654 17556 4766 22463 10183 7543 4 21596 18498 6582 7730 4796 29 21886 12521 4766 4606 20155 7730 22463 3671 6103 3488 4766 13307 5 5 5 23151 20828 4 9193 22318 1027 20 21 
27 20 
21 3058 7127 4 28 20 7957 17872 3610 20 21 
654 9193 13026 7847 2727 16936 7730 12780 7599 5 24 17872 18525 9901 20 8 29 
21 20673 7509 7127 6 14331 4 22611 16468 4 5669 7730 22463 9894 6103 14413 20 21 
21 15252 17797 6103 1022 4 29 20 24 20 20 20 20 20 20 8 29 21 
21 4417 12910 5284 6408 7509 26 16404 29 16971 4766 21793 12311 4 18610 29 5 29 4 29 5 9145 7509 28 7730 15855 18498 9193 20402 5546 18610 29 5 29 5 29 4 29 5 21282 9193 288 18498 21596 871 4672 8561 0 21 
18476 9193 7491 18498 20402 22327 9667 7509 14539 19924 5 5 5 
8 29 
21 3058 7127 20 20 20 15678 6014 8995 13512 4 21596 9094 5 5 5 7957 3610 0 0 21 
21 28 4 17819 7127 6103 7166 7730 22327 6075 4179 4 9193 8995 16721 7914 9743 3691 4766 5649 6103 17446 7850 9975 6103 20247 5 5 5 15678 18498 9193 9743 0 0 20725 20 20 20 20 20 21 
21 9808 7127 7509 1095 4 14604 1115 20 21 
21 18577 7730 21389 14667 28 6408 4 12780 6246 15678 3388 20 2702 21 
8995 22805 4796 22327 20149 9431 20 27 
19698 13581 20 
21 11462 20402 7127 7509 1115 20 28 4 28 4 28 4 28 4 28 4 28 4 28 28 7730 28 20 8 29 21 
21 7730 31 10765 19969 4766 15678 5528 1467 6103 3962 7730 201 8147 21389 1097 4 21389 16971 4766 15678 5528 13905 18498 7847 14539 7730 23151 7174 4 19092 4 7730 16721 4 22327 740 20402 15138 3058 20 21 
7730 20402 9808 15637 18584 20 
21 14604 2336 28 7730 9193 2336 28 4 7914 29 1249 7509 14604 28 4 31 13688 4 16169 7509 14604 16169 20 21 
21 28 4 28 28 4 11462 20402 15678 20463 7127 8810 4 14604 1114 4 7730 17872 23135 9193 21282 6679 15678 14425 7509 15190 4 6679 18498 20463 6684 20402 18779 4 6679 20127 4 6679 1114 18498 21999 4 6679 9801 17269 4 6679 7251 7730 6679 18498 23135 8995 20293 4163 16673 18498 22318 1027 6103 22821 5 11462 15678 7127 20402 20463 4 9193 15678 17737 7509 22942 20402 21793 14604 4 22397 1393 14604 13131 9743 16440 6072 4672 18498 31 22942 4 20293 22385 10748 4 4730 17872 22318 488 4 17872 22318 6256 9808 20 22318 1027 4 1095 13512 20 22327 6103 14425 20293 20 8 29 21 
8995 4179 20 
21 2371 4 30 5 5 5 5 21 
11518 6103 7599 20 
21 16984 4 21083 662 1393 17737 20 21 
17872 18525 5174 15678 13131 2372 20 
15658 20402 14539 0 
8 29 
21 13301 7509 22942 6 
23135 4730 19830 17872 13253 4 1612 3618 22765 15658 16647 15425 16673 9193 1612 15619 4 19969 16393 22463 3958 20 21 
8 29 
2727 1920 20 
22463 17556 7509 18498 19761 5 5 5 1027 6329 20 8 29 
21 9193 6592 18498 20402 22463 16971 3058 6329 4 6103 5528 15138 18328 20 9193 12787 9743 28 6103 2387 17872 9193 4 21282 17872 9193 4 7730 9193 5219 6256 18498 21793 15190 16673 14466 9417 1276 6103 20402 31 9989 7730 21752 7509 14534 17872 17304 10657 18498 21596 22463 17556 18476 9193 352 5 9193 19900 18498 9193 21596 22463 5528 15138 10748 20 20 21 
15658 20402 0 
21 11462 4785 31 4790 15822 7509 29 5 29 5 11462 20402 15533 21282 7509 12787 7730 9193 13055 8995 15138 9808 20 3058 7127 4 20709 20 21 
7730 654 31 9193 9942 14335 4229 6103 26 21282 17438 5320 7850 15604 5518 7509 3388 5 5 5 5 
21 9594 15678 18498 4 15658 20402 4 20709 0 21 
7711 18533 20 2136 20247 18498 23016 5 5 5 22463 7127 31 10765 20149 8147 20 8 29 
21 2371 4 7711 5 5 5 23135 15658 19900 31 20126 18498 9193 13055 8995 20357 20 12780 7914 16580 4 18533 20 20 20 8 29 21 
21 12780 3224 4766 23135 4 28 28 7730 28 28 21 
9707 20 
16826 7509 7127 6 19270 20 27 
21 28 4 28 7730 26 4 15138 15708 16673 9867 14149 4 10959 20402 15138 17556 4 9193 1027 20 28 4 15708 16673 26 4 15658 21596 4796 662 20 2702 7730 2136 31 18195 20 8 29 21 
21 15458 14924 4 12861 13055 21596 29 1249 4 7847 8995 15344 20 20 15138 15708 17438 14335 9743 22463 16971 14425 20 8 29 22318 1027 4 9942 20 21 
21 31 21793 15678 14604 1115 18498 9743 7509 7127 7509 9193 16753 22463 7127 15138 13909 3086 4 20402 17438 14469 4 20402 17438 21502 4 16066 22463 13512 3031 7850 14534 6103 3962 5 5 5 1027 23135 20 11036 9172 20 20 20 8 29 21 
21 13055 21596 871 21551 7730 9193 9594 17872 9193 15253 6 
20149 21596 4796 662 4 9193 21282 1190 6103 12954 4 17458 21596 31 9193 9942 4 20402 15678 13905 7730 15678 13909 13512 14668 18498 9193 13055 17736 5 
9942 4 23135 20402 22327 6103 14425 18498 9387 4 20402 17438 23135 18498 9193 7730 15678 20463 16169 9743 18475 4672 20 
22318 1027 4 20402 9808 21793 15678 28 7509 20931 22942 20 
8 29 21 
2727 1920 20 
17324 2727 5 5 5 
28 28 28 
17458 31 22942 20402 14425 18476 20149 21596 31 14426 12787 7509 15190 20 8 29 
15138 22823 20 
21 17872 22702 4 9193 16784 15678 20828 7850 14336 7509 15533 7730 20402 1937 31 10889 26 5 31 10765 22385 17703 4766 15678 18250 7730 20559 8918 7509 17287 4 10765 4 12861 20402 15678 6339 7914 10211 6103 16440 20 28 9193 13591 20 21 
21 3058 7127 4 1115 20 8995 20244 26 4 8443 4 21596 18498 20402 17438 1614 20 2700 7730 22463 7127 14149 17872 21793 15671 20 21 
21 28 4 12780 9743 26 19718 17872 12901 7730 8995 21623 15678 7623 6103 196 7730 21596 3072 7850 10240 5 5 5 15658 8995 18533 7491 15299 20 2700 4 22318 1027 20 21 
3058 7127 20 
21 28 6 
21 21 9193 20402 20931 14464 4 22805 0 
23135 20402 15678 14604 18688 
14604 5574 20402 21663 7509 2727 18498 23135 14335 9743 5 5 5 21 21 
19062 28 28 4 17458 20402 6981 20 21 
21 21 21 15658 14606 4815 4 18498 9193 15658 1190 21282 
9193 15658 1190 21282 4 18498 9193 15658 1190 21282 
15658 14606 15658 20 
15658 14606 4815 4 18498 9193 15658 1190 21282 
9193 15658 1190 21282 4 18498 9193 15658 1190 21282 
9193 21596 23469 4 2776 4 15678 4284 7509 22340 
20402 22341 4 21596 15678 30 4 3403 3007 
15256 6103 5929 4 15047 4 4629 4 1652 
23373 4 5930 4 10068 7730 942 
1393 22767 7509 13759 4 7850 8713 7509 14265 8713 
15678 3205 4 15678 20537 4 31 8840 
9193 21596 28 4 28 7730 28 
21793 15678 16181 7914 9193 4842 
15678 14464 28 3224 7730 7599 9193 14604 20826 
15678 17318 14335 5320 
15658 14606 4815 4 18498 9193 15658 1190 21282 
9193 15658 1190 21282 4 18498 9193 15658 1190 21282 
15658 14606 15658 20 
15658 14606 4815 4 18498 9193 15658 1190 21282 
9193 15658 1190 21282 4 9193 15658 1190 21282 
15658 14810 4 15658 14335 7521 
31 19169 7509 14133 1190 6103 15256 6075 4815 
14335 8361 15678 2433 7509 15894 7730 3702 4 3702 4 3702 17872 9193 
20402 7509 16067 6103 28 18498 20402 9790 31 1691 18498 11139 14604 5574 
10657 14604 20044 4 9193 10667 
15678 22788 7509 13923 15658 288 16464 
7730 7914 14604 5528 4 28 254 20931 13759 7730 14335 1515 15678 3610 
14335 21075 7850 22797 4 4070 7850 18652 6103 28 
10855 15678 15190 4 23029 4 19629 
8995 7850 19003 4 8995 7914 9743 
23168 8406 31 9094 4 3224 6103 20402 22463 
22129 15678 5851 7509 21063 4766 31 21788 7509 10160 6103 28 14464 
19662 4766 31 22310 28 4 12780 991 
14335 18920 7850 8880 7509 15386 4 6564 9193 22657 4 14981 
7599 7850 10199 6103 15832 4 14523 7850 3564 7509 13253 7509 23187 
5574 23104 6103 28 
15658 1190 7850 3205 4 15424 1190 7850 22163 
15658 1190 7850 3205 4 15424 1190 7850 22163 
20402 17438 15894 9193 12780 18498 15678 20060 14335 13405 
20402 17438 15894 9193 12780 18498 15678 20060 14335 13405 
15658 1190 7850 3205 4 15424 1190 7850 22163 
15658 1190 7850 3205 4 15424 1190 7850 22163 
20402 17438 15894 9193 12780 18498 15678 20060 14335 13405 
20402 17438 15894 9193 12780 18498 15678 20060 14335 13405 
14378 15658 14335 794 
7850 6734 14335 288 4 9743 4623 15012 15678 18620 4 8655 23029 17138 
14604 18376 18876 3363 4 22485 20932 7509 15256 6103 28 
12787 6103 28 7730 13770 4 7850 16119 6103 28 
16971 18498 9193 1190 21282 4 2027 1393 21551 
15658 4785 4 15424 21623 4 20402 15643 4 20402 20293 
20402 21551 6103 19310 7850 2462 6103 15520 4624 18498 15678 19169 8520 
10457 15678 12370 4 6256 15626 31 13048 
9193 15658 18069 7509 21680 9799 4 9193 15658 17159 7850 21680 4387 
7730 17872 15894 23135 20402 4 15658 13405 15678 14604 15540 15658 
7730 17872 15894 23135 20402 4 15658 13405 15678 14604 15540 15658 
9193 15658 18069 7509 21680 9799 4 9193 15658 17159 7850 21680 4387 
7730 17872 15894 23135 20402 4 15658 13405 15678 14604 15540 15658 
7730 17872 15894 23135 20402 4 15658 13405 15678 14604 15540 15658 
15894 12780 4 22654 0 
23135 20155 4 20463 15860 12435 20155 
15658 23016 3256 31 19246 18498 5741 13591 7730 22825 13667 7509 22318 4104 
20463 16098 20149 9769 31 18475 15286 4 31 18475 20799 
15424 15678 2727 4 15424 15678 13923 16721 7914 22318 4 15502 22318 8637 
23135 17159 7850 21631 4 9193 15658 31 20357 4 1453 17159 
1453 22640 20670 15678 17230 4 7730 13055 15424 16098 31 21474 7509 21680 17021 
23135 8995 22385 14783 18498 15424 15678 7132 22318 1056 4 15658 21596 910 
23135 20402 15678 15756 4 7509 15756 4 7509 15756 4 7509 20244 9971 7509 15190 
15678 18498 20402 21680 13055 8995 11139 
15658 20402 9193 18525 12780 7850 6075 
15658 20402 9193 18525 12780 7850 6075 
15658 20402 9193 18525 12780 7850 6075 
15678 18498 20402 21680 13055 8995 11139 
15658 20402 9193 18525 12780 7850 6075 
15658 20402 9193 18525 12780 7850 6075 
15658 20402 9193 18525 12780 7850 6075 
9193 17511 8281 23135 4 21282 17872 5957 6408 
9193 10183 20402 14307 18498 23135 15658 794 
6670 15678 13307 7509 16654 6103 9193 15253 
2136 15678 20244 9971 7509 22858 4 22858 4 22858 
18498 3256 7509 17318 7914 21793 17316 
20663 31 13759 7509 28 18498 6246 7850 16219 7509 12446 6103 28 
20149 4346 4 18476 4346 4 7730 9193 13764 3510 
20402 17872 19125 15678 3745 18498 892 31 22942 
4346 9193 19068 31 15342 18498 23135 20155 
20149 6679 4 15678 14604 6679 9743 20954 14231 6103 19971 7730 20859 
23104 6103 3790 17872 15678 22797 7850 4380 4 7730 18533 14335 14915 
15678 21649 6103 28 7730 15678 5540 6103 28 5849 15678 14604 16654 
20402 4796 31 11276 9989 4 18498 18475 3232 22833 4 9193 15425 8786 5621 
15658 14606 4815 4 18498 9193 15658 1190 21282 
9193 15658 1190 21282 4 18498 9193 15658 1190 21282 
15658 14606 15658 20 
15658 14606 4815 4 18498 9193 15658 1190 21282 
9193 15658 1190 21282 4 18498 9193 15658 1190 21282 21 21 21 
21 18533 14335 22805 3183 4 14335 8644 871 4672 5 2136 15678 20826 14335 19604 4 15658 20149 8256 20 21 
21 14604 3655 13512 9743 29 1249 20 16323 4 6075 28 20 8 29 21 
21 8995 22385 4751 4 8995 22385 3086 5 5 5 21 
19698 15138 951 20 20 20 

