21 6387 15678 11020 4 8576 15678 17819 6 21 
26 26 
26 
3058 15533 
29 7730 5320 0 
21 560 4 15678 14600 2032 16819 31 17436 6103 20879 5 
11988 6103 10828 7730 6103 17228 991 7509 21911 9 6576 8 19525 21 
20126 
26 26 28 5 4766 26 
6 6103 
8 29 
8 29 
12370 8956 20247 
9833 28 20 
7730 7509 28 20402 6103 28 
14453 29 
16440 6 28 28 2713 28 14158 28 
26 26 10907 26 6 
9193 20402 22463 17831 
15874 1097 20 23016 17438 14336 6075 4854 9193 7594 20 8995 1614 7850 204 21582 9901 13909 20088 7730 10962 16404 31 11943 10602 9193 9901 4766 6005 7850 3310 20 15658 5219 13398 8995 12960 7850 4387 4766 31 3315 5395 20 873 4229 15678 28 18498 31 26 9010 6843 
15678 18498 20402 31 28 0 0 0 0 873 14335 9431 0 0 18533 13909 28 18533 13909 22805 20 20 20 20 20 23016 13640 28 29 20 20 20 
9980 20474 20 20 20 20 20 20 20 20 20 20 23016 28 20931 13512 20 20 
20402 28 23 7730 12780 2685 24 11462 20 20 20 24 13098 
12477 28 28 15733 12277 
21 23 10765 4 1027 9193 3618 7509 18459 20 15708 30 28 20539 20 27 21 
51 7850 527 16673 20931 4841 6103 22915 18498 15658 725 7598 
29 1249 6103 18328 16071 7730 835 7509 28 10505 8 29 
23 
23 23 22942 6103 10581 20 472 22463 3745 20 
20402 13512 7730 165 6 
23 20 
26 23351 1114 6103 14335 22942 26 7850 4526 6103 26 24 
1114 8995 1614 7914 3962 8 29 
6 6103 
21 26 31 26 26 4 16468 7914 11454 20 
21 14604 15860 20402 7509 5518 7509 17165 4 21282 9620 13501 5 5 5 21 
1027 15138 15678 28 6103 28 
21 2371 20539 20 6 
9193 31 9193 23 20402 13512 

