23016 28 20 
873 6103 17562 827 16066 28 22782 30 7509 9774 17438 29 740 0 
7578 
15834 0 30 0 
9605 2371 30 
21 21 21 15658 11862 15894 8995 4 9193 14487 20402 15576 13194 5 21 21 21 
26 26 28 5 4766 26 
21 288 18498 21793 7102 9417 4 1393 14466 22463 22897 4 7599 1393 20799 6103 26 4245 5 3058 15533 7 21 
21 18533 5 4796 7491 15678 18688 4 26 7850 21252 5 21 
2371 10541 7730 288 10273 18498 15424 13325 6103 21596 21752 27 
6103 15908 20 
23 28 5 5 5 
24 5 5 5 8995 10296 15658 5 29 28 7 
30 6103 13301 20 
21 9193 6256 8443 4 15458 20472 20060 4 22463 3790 7509 3805 5 23135 2371 6103 4434 8637 8956 7127 15658 20402 0 18498 22318 20402 328 4766 15678 14539 3192 155 18498 22564 16404 328 21793 4 7686 20463 16778 1614 7914 2442 5 6075 22463 134 7850 2336 7730 7850 15253 17438 9193 4 2336 5 21 
26 
15286 6103 3885 20402 3058 20539 20 
20402 5 5 5 
15533 6103 7576 5 5 5 
22356 
7957 29 29 29 29 
21 20402 5 5 5 871 4672 20402 22385 20558 4 9193 22385 17556 10765 8386 5 5 5 21 
21 21 21 7850 14336 7509 3610 22463 16633 1421 
7850 14336 7509 3610 22463 16633 16393 20402 15678 3610 
19969 7509 22318 10593 4 14335 7491 654 15678 18498 23135 22805 
20357 7850 16668 7730 4346 4 21409 6329 17872 8918 21 21 21 
21 27 17629 6103 22463 6981 7850 19307 14156 28 4 28 28 4 28 28 4 28 28 4 28 14212 21 
21 14049 6103 20474 4 15533 13923 7599 4 19450 13480 31 21525 5 5 5 13043 7850 3643 19029 5 17998 6 15604 4092 21 21 15678 20799 7509 5708 21 21 4 21282 15678 14426 26 20 2700 7850 15880 4 8956 15144 8317 4 13354 13354 5 15894 8956 15190 12780 16367 5 5 5 21 
21 15253 4 9193 11335 5 
18533 22318 662 16673 4125 1249 18498 23104 7914 7118 4 17438 21596 20402 22385 12094 5 23135 20293 19900 21810 31 6152 18498 7850 23523 9193 15658 4915 4 9193 18498 11462 9193 1484 5 18533 22318 662 4 15253 4 16673 11326 18498 6256 1393 20463 9943 4 20463 8897 4 12787 4 16399 4 1097 5 22463 11326 5879 22665 20402 12224 5 835 4 10268 4 10547 4 23135 4 15253 4 20293 20402 9365 5 15144 14145 5 11156 5 13749 2136 15678 9971 4 7730 22657 31 13749 4 15253 4 17324 3450 7127 31 13909 18498 23135 23104 6075 1393 20931 9634 10680 4 16404 20688 20244 22318 5 18533 23151 7850 21551 16404 22318 134 4 7730 7491 15678 18481 22318 1027 4 15678 18481 20293 22318 1027 4 7730 16468 15678 7127 12526 13030 6103 22318 4 14335 20357 18044 7730 328 16673 20463 16826 5 18533 22318 16318 16673 20463 7127 4 16673 18498 23135 20402 4 16673 18498 23135 20402 4 7730 19900 18498 23135 8995 1614 4 14335 22805 4 5876 6103 9193 5 8956 13764 15253 4 15658 20402 6103 22225 4 20402 6103 20126 5 22318 1027 20 21 
6 
21 17438 12861 11462 9193 352 
4766 22463 23167 6056 
6103 14018 10095 1393 6283 
6103 2647 7850 17478 7509 23113 
7730 6679 3058 7127 
6103 2700 31 17485 
7509 16142 5 5 5 
400 17872 9233 4795 6103 14309 10959 6 2372 21 
21 21 21 9193 17511 7850 7491 7509 1114 18498 21596 6 
18498 15658 20402 11783 4 17525 18498 20402 4229 
9193 18498 20402 12277 8329 7687 21 21 21 
16658 17872 5980 
21 20293 21596 23167 6103 9743 866 7509 21743 5 5 5 27 
13690 5 
12787 17872 22942 7 
22463 7127 13688 
13749 28 
21 8995 15138 2524 11462 4 472 11474 7730 20357 31 2561 6318 19837 7850 9193 5648 20 21 
21 28 28 4 1249 18498 23016 0 12780 12780 0 0 21 
951 18654 7914 17562 827 27 
21 15708 4 28 19718 4 16673 20931 15286 21 
21 11560 6 23273 5 28 5 4766 26 0 26 26 26 22615 30 29 23351 
7730 9193 16721 18498 20402 2345 27 21 
27 22223 5 5 5 
21 7693 18498 18525 12716 8956 26 26 5219 20149 892 7384 5 5 5 2727 18498 31 28 28 9594 4 4672 11532 30 5 12780 5762 22834 7850 3790 7730 6256 31 17667 6103 13131 17872 9743 22463 28 5 5 5 21 
8443 15108 5 5 5 16404 6103 17525 4672 6103 20472 2371 5 5 5 
15678 10131 20402 21623 13291 7914 29 28 7730 21596 6103 8840 29 17872 9743 31 18069 5 5 5 12780 28 20 
7730 15678 15311 18498 15005 7914 4417 7402 0 9743 15678 18498 7850 7127 29 29 0 6 20539 
21 22318 1027 15426 4 28 1614 6 6103 21 
28 6103 28 28 29 8 29 
22318 1027 20 16323 17872 15671 8 29 28 28 1614 
28 29 28 29 0 

