3058 20472 16404 21793 5 
21 21282 15678 4697 18498 15658 20869 5 
28 28 28 28 21 
6679 2700 11474 4796 9010 0 16836 14335 4796 5 
7850 14924 8995 16468 16673 20463 26 6103 15599 15678 28 28 16630 16404 23135 21596 3558 18498 13640 22327 20149 745 5 
21 21282 15658 22805 14604 1114 4 13056 18705 17438 23135 28 21 
12780 6103 17583 0 
9193 17790 17622 28 
7957 11518 7509 20497 
14604 10700 
21 21 21 20149 12780 3348 23135 7850 20474 4 17438 9365 4 6670 18584 9193 4785 31 20402 9808 21 21 15678 16753 28 21 
15138 3058 8956 28 30 5 28 28 
15708 5 
21 31 17819 21434 31 10765 15643 8918 5 5 5 
7850 22821 2136 8918 17324 20293 14335 1966 18476 22805 7850 8832 7730 2371 13325 18498 21596 22463 7850 5648 5 21 
21 9808 7127 7509 1095 31 21793 14604 1097 7730 7914 8810 1393 14604 14425 1095 5 
14539 7396 15678 20352 7509 1103 16866 7730 15678 6679 18498 15678 1095 8995 2727 20402 11758 5 
560 1095 20402 1095 14539 18476 23135 16468 22463 21551 20244 18876 15599 15658 20402 0 
22463 134 31 21793 23135 14604 1097 7730 15708 17438 21793 8956 1249 1393 14604 13131 21 
28 7730 28 
31 22225 7850 15855 6103 18525 21596 18498 12780 21932 15459 10405 18498 9743 7914 20402 28 9193 18533 14539 20402 9901 7914 3962 22805 31 21266 7509 28 28 
21 7127 9808 5 5 5 
7127 9808 4766 4181 21 
21 11462 15678 17602 7509 7127 20402 15678 9632 26 6103 1815 4766 15678 18498 21596 7850 10728 7730 18512 8008 7730 16404 11263 22463 6310 21026 6103 13195 5 
31 18884 8995 13761 7850 2949 5 21 
21 21 21 21793 11474 22126 6389 6103 20500 15678 14464 18498 20402 21 21 
15678 16753 18165 
28 9193 17790 17622 28 19969 7509 21787 21 
21 1393 22898 9193 16367 17872 16721 20149 22657 31 16689 2091 31 4417 17872 22318 22805 4 20149 22657 31 16689 9901 15658 13727 15894 15658 20149 20357 2727 21282 17872 22318 22805 4 20149 22657 31 16689 9901 11849 17872 19900 4796 23135 8995 4 20149 22657 31 15533 20244 7599 20244 19900 20149 23135 14426 5 9193 18498 2977 9193 4 8956 20463 20853 20402 31 19484 6103 22327 5 22657 22327 31 16689 5 
9901 4766 23135 15424 18498 20402 17556 14335 9743 22463 2727 10840 4 14335 20357 4886 7730 18779 5 
8995 2727 13667 6103 20402 15678 16169 16816 16066 15678 14425 16169 7509 15190 9193 9193 14335 8744 6329 17872 12861 7730 12861 12780 20402 17872 20293 5 
6 21 
21 1603 15678 12960 6103 11462 21282 21596 31 20319 15678 18605 19676 20402 31 28 7730 20463 6679 9172 7914 17958 21726 3172 6103 10648 5 6670 13055 29 15678 28 20738 19441 17872 15658 10648 
15678 28 14514 10648 31 23575 5505 0 4524 18498 15658 9193 15678 18498 15770 11462 7730 6670 22463 21551 20402 22836 21 
21 2136 15678 9971 5 
4576 7509 10547 21 
11282 15658 20402 
21 9193 7491 18498 21596 15576 21551 16404 9901 13030 20 
8 29 21 
21 8443 4 21021 7850 14799 16375 
20402 21596 16580 18476 18443 31 3393 7850 22115 
5219 14096 18525 22318 9743 2727 4 16936 
16323 15253 4 20463 17960 6103 11474 9808 6075 4179 20 21 
20402 19709 21641 15658 20402 16169 
21 6551 13909 22463 7509 21266 6103 16169 26 6 
9743 4372 4766 15678 9942 7850 4687 5 
28 9193 17790 17622 21 
21 6556 20879 5 6 29 6103 13903 
28 19969 7509 21787 28 9193 17790 17622 21 
21 29 11518 6103 21932 29 11518 16404 12780 17872 21932 29 11518 16404 23151 7509 21932 5 
21282 2371 13055 20402 29 11518 7509 7127 5 
20803 2371 13909 29 11518 16404 893 7730 15390 10024 5 
2371 7914 21592 23135 21596 29 11518 16404 7599 5 
20244 7277 31 13264 5 
16393 18498 6679 31 23151 7509 8667 1393 16587 5 21 
20402 29 6 29 9193 7730 31 28 21438 13688 17872 7599 9193 873 740 21438 7912 18533 3224 7730 5459 7730 20402 1920 2136 31 29 6 29 28 9193 17790 17622 
7127 6103 14265 20126 
11462 21371 20402 7127 6103 14265 20126 5 
21 2136 15678 9971 20 
12780 20402 28 20 
19859 1393 21675 20 21 
21 29 28 13055 20402 5 9620 21282 13909 29 17872 9193 22318 22805 4 19900 4796 23135 8995 7730 22318 134 5 
28 9193 17790 17622 21 
21 11462 20402 7127 6103 20402 28 5 
18498 31 14886 3510 6103 18376 6103 15604 
12780 20402 28 21 
29 28 5 
7127 3058 5 10606 3058 5 7509 11518 22942 9867 7509 11518 22942 21456 
9971 6103 20247 20402 19950 9867 7509 11518 22942 
13942 
21 21 21 20149 15678 23182 3510 4 17438 9365 4 7850 7127 29 4 6670 15678 7127 29 9193 4809 31 20402 9808 5 21 21 15678 16753 21931 
28 28 21 
21 18950 31 18511 
7730 15658 6503 
13398 4 19943 31 17311 
7730 6075 31 23151 17438 4434 21 
7730 15678 18498 21596 17872 11462 20402 20126 
4369 20927 5 
23135 7491 15658 31 9010 11474 0 
9971 6103 7576 21282 20402 19854 20149 23135 18533 
8 29 
21 20474 9789 5 9971 6103 20247 6103 10175 
4796 18498 15671 18533 8995 0 21 
23151 31 29 5 
21 15678 22350 20402 31 17939 7509 10530 7847 7491 5 5 5 
703 15678 10530 4289 5 21 
21 23 10765 4 31 22942 20402 7509 11518 6329 17872 23135 16784 9010 9867 14149 7850 21526 7509 20495 26 
7957 20 21 
11244 5 
21 20149 9387 871 22463 18884 17872 22463 9975 6103 20247 9808 17304 21596 4181 18498 7847 20402 15678 12331 17835 5 
28 9193 17790 17622 21 
17872 9769 15678 9971 6103 20247 
28 7730 20931 17812 28 5947 22463 13199 
9087 14604 22144 15604 5 
21 3388 5621 5 
28 28 9193 17790 17622 21 
23284 20402 20293 21573 5 28 9193 17790 17622 
4687 6103 16169 5 
21 9971 6103 20247 
7730 20149 28 20402 3170 
4436 28 20402 16639 
20472 20402 17872 2547 
30 20 30 20 
30 20 30 20 5 5 21 
21 29 1249 2116 6014 10648 4766 21793 4181 31 9096 13909 3086 18498 13761 3219 5 
2136 11462 31 16971 7509 5528 13909 13512 7730 18328 18498 5174 5 
11139 20293 31 13909 2725 13324 6281 20402 14335 9743 3031 6103 4380 16066 14335 6075 20293 15678 17819 16620 7509 3031 4 560 991 6103 13909 15604 9193 20402 15678 15460 13909 18533 5 13325 6281 14335 13405 7850 16421 7730 31 21409 18498 16468 13030 5 
20402 22463 7509 17555 16971 18498 9193 15658 21596 22463 14309 18963 5 
5360 3219 6097 6103 4434 2336 11302 5 21 
21 15678 2727 23016 7509 910 7730 7509 5528 
15658 11284 18525 7491 21 21 15658 12780 14426 21 21 
13943 17872 18498 15425 13923 22318 349 
21282 5590 2116 7730 9743 31 3393 
22463 3790 4766 10547 12780 20149 10261 
10547 28 
26 18525 14335 18044 15658 7599 21 
21 29 1249 7730 29 15266 13030 7730 15576 1114 21282 5741 5 
23135 20402 14604 9942 7730 9193 20402 20463 16169 7730 12861 15643 12780 15128 5 
20402 17438 23135 18498 9193 23104 7730 12780 20402 17872 20293 1920 5 
22318 1027 3393 28 9193 17790 17622 21 
31 7681 21646 
4554 6103 9867 13023 5 
21 31 5891 15658 20402 7509 4089 16066 7509 7674 4 31 5891 7102 20402 6075 14907 18498 16630 16404 15678 21726 12960 17438 7847 5 21 
21 8329 22463 21582 22318 7235 16083 22318 22667 5 
9193 20149 20402 8956 15678 17807 12780 13749 31 3450 7127 4 13761 6103 4434 7730 1614 7914 2442 22385 22805 15678 8744 16404 20402 14425 31 3450 7127 5 
15708 31 21793 18498 14335 22667 7730 14335 753 31 5741 5 21 
31 22942 15658 3697 6103 21187 5 
21 11462 20402 7127 6103 16475 4 5174 15678 21281 7509 21739 28 7730 19908 22463 6310 9784 6 21 
21 9193 18476 31 21546 6361 31 16468 
31 22942 2136 16393 20402 7509 13727 
15658 16784 31 10547 7914 28 4 10547 7914 28 
18498 22327 12780 20149 264 21 
21 29 1249 6103 28 9193 15138 1249 7850 22942 5 
14425 17812 30 21 
21 21 21 9193 15678 1114 15658 9387 16404 9743 31 10765 9808 0 21 21 26 28 
28 4 9193 7730 14604 1095 26 28 
28 9193 17790 17622 21 
9193 6103 22840 21582 22773 9010 15266 6103 13022 5 
21 7509 11518 22942 31 9867 
7509 11518 22942 4 31 9867 26 21 
7127 7509 15311 4289 7730 288 18498 6981 22897 12780 16468 340 23 0 9172 15311 
13909 22463 10366 10405 23016 2371 7730 740 15658 22805 31 16971 18498 9901 13909 3086 7850 10405 18498 23135 21389 9605 5 
21 9193 10547 20531 
28 9193 17790 17622 21 
7491 15138 20670 15678 8350 6103 15908 6 
21 20402 31 9193 835 4 20402 28 18498 9743 20825 21 
6 
23016 14335 8744 
10548 15658 20402 5 
21 28 28 5 7850 7127 29 29 29 4886 29 1249 5 
15459 7127 6 
4788 1247 4766 20463 1097 5 
10648 22463 3031 6103 1247 7509 7589 7509 2547 5 
5621 15678 3031 4766 22463 9548 5 
6075 15678 17819 16620 16404 31 14425 1095 
9594 18498 15658 12780 12960 15678 3031 7850 3790 7509 20931 1095 
12960 3031 7850 3790 7509 14425 1095 
20402 9808 21 
21 12255 8995 20244 4122 17438 21551 12136 4 17324 7847 23016 31 9601 5 
9193 20149 873 18533 16066 17629 9594 4815 17304 14018 22463 26 23273 5 26 5 14335 28 18498 6075 17872 19474 740 16673 4945 5 7730 20149 23135 15658 18533 16066 17629 9594 4815 17304 14018 13761 21371 5 
2702 6103 13759 5 21 
21 21 21 22463 26 17872 9193 20402 17556 4 21282 21810 20149 20402 29 3512 17458 9193 1027 28 21 21 28 4364 5 
4766 9010 10343 7509 10839 28 5474 21793 23135 16404 21810 22463 4189 4 16066 871 2685 7509 20931 17659 7850 18857 2547 7730 19511 18498 9901 879 16936 7509 14594 16559 7730 7509 14594 5257 31 16440 7509 29 21 
21 20149 17703 31 20247 12526 7914 9594 20149 15678 22765 28 28 12784 16367 15678 21 21 19871 21 21 1987 7509 28 9193 18525 21681 17877 7850 12960 20402 22463 16083 21 21 22765 21 21 5 15678 21340 7509 28 8995 17908 15678 13076 2136 654 5 
29 1249 7730 5320 5 5 5 5 5 
1612 134 28 5 21 
18498 23016 15678 18772 7850 9971 7509 1249 5 
18498 23016 31 9867 13023 
21389 20853 17438 2371 7730 9193 18533 15678 20463 
21 21582 8678 22463 4671 9193 8995 2727 7188 17324 31 3393 18533 8678 22463 4672 4 9193 12255 15658 6075 5 
9193 21 21 15678 11861 20402 18498 9010 20853 14335 9743 18533 20202 7914 10366 5 21 21 21 
11976 
21 17458 9193 20402 22720 19854 
17304 5108 
20402 18498 9193 20402 15138 19854 
17304 5108 21 
28 
26 28 9193 17790 17622 21 
21 31 17831 4 31 19169 7730 15678 18165 5 21 
21 20293 2647 31 20126 4 22463 16689 15658 21596 13909 7847 4 9193 9901 31 3058 13324 6 21 
21 21 21 15678 22823 1114 15643 20149 6775 5 18481 13909 20149 6075 13909 20149 21596 21 21 15678 16753 18165 5 
28 6103 28 
20402 22327 14149 7850 17819 1247 7509 14604 16753 18165 4 15138 15708 31 21793 18498 5421 15658 21282 4766 31 9867 9193 7914 21793 15759 4766 7847 5 
9808 1247 14604 10839 5 
28 9193 17790 17622 29 21 
21 9193 15678 20402 28 15658 21438 7890 7850 18104 13444 0 
733 20402 7850 9692 6103 11111 15658 20402 0 733 8840 8956 20402 1612 21726 4290 7509 11029 5 
9193 7509 15835 15658 16468 15658 20402 0 15922 18525 15658 16468 20402 15678 21726 7509 26 
733 9193 7850 18487 7850 11534 4 8995 15036 0 16393 18498 15658 15658 20402 5 
1614 20402 20402 28 5 21596 18498 19456 21 
12255 15658 8995 19900 13471 4766 31 2442 21544 7850 4417 6103 20402 28 1603 28 7850 14149 3564 15555 
21 11462 18784 20402 22463 7127 15138 8810 17872 9193 7730 9193 15658 17304 6256 6103 662 871 16971 18498 14335 753 7730 1502 15138 1393 13669 6981 29 1249 6103 28 7730 15678 15266 6103 10822 6318 5 
14604 16169 28 4 9193 15253 28 18498 1393 12755 6103 14335 8752 4796 9193 288 18498 9743 14335 6075 21911 1506 4 5222 4 7730 15138 1114 5 9193 28 14149 28 4 18498 14335 21187 6329 4 9193 288 18498 7847 9901 21793 8133 9193 20293 20402 9522 3872 4766 15678 28 7730 11462 20402 14604 3192 7277 17872 5876 6318 5 9193 12787 28 4 18498 21371 20402 9522 3872 7730 5875 4766 14604 16753 5 
9193 4 17836 20402 15138 11043 1393 14604 12787 4 18498 20402 15678 17819 7509 9634 31 19900 7509 28 7730 14335 6075 23206 5222 20670 4796 5320 16404 15678 14604 16169 5 20402 18525 14335 13405 17872 14280 15324 14049 7509 7127 29 7730 18498 14335 16468 21911 21981 4 12861 20244 5320 9193 16083 12763 9721 7730 5222 5 9193 5915 28 17818 17438 20402 4 7278 7509 28 4 22126 31 15599 18498 15678 28 21438 4289 7730 21793 15678 3870 16673 28 
31 21793 9634 7509 28 4 7730 31 28 17438 5876 22385 2727 7509 28 7730 21371 17438 21793 15678 1506 4 7589 28 4 20892 5 28 4 28 21739 3267 4 31 2899 28 5 
31 28 4 13858 6318 18498 14539 13761 6103 13667 9025 20293 16936 5 7730 21371 1393 18533 28 28 21944 17872 7847 
7730 21793 14604 1097 18498 20149 9193 4491 12780 8918 4 9193 18498 9743 16440 6981 3610 4 14335 16098 23316 4 14335 16098 9594 31 4672 7509 28 
15708 4 20149 11462 9193 20402 8956 16971 9808 23135 21596 16377 15510 5 
7730 18498 23016 15678 18195 1247 6318 21 
21 15678 7127 20402 20463 9193 18525 10648 15678 7127 20402 9193 4 14335 5241 31 16971 13909 20861 7509 15190 17438 21596 23135 4796 9942 4 13909 20855 21282 16468 21793 15678 28 12528 4766 23135 5 
6670 15678 7127 29 6103 13903 6103 29 23135 14335 6075 15083 17872 20852 7730 16404 662 21793 15678 28 1393 6014 5 
18498 14335 6663 15678 16083 16169 4 18498 14335 6663 14604 16169 12027 9193 9193 21596 15678 14425 9942 7509 15190 5 15678 13909 13512 7730 15678 13909 8810 5 
22318 1027 7730 9808 1247 6 
29 16753 18165 28 
29 9193 17790 17622 
9193 17790 17622 21 
21 7730 11462 20402 22463 7127 13909 18498 8810 7850 9193 22942 7730 7850 22942 6103 21793 9193 9634 4 11462 15576 16753 18165 4886 20463 17819 1249 5 7730 9193 4 21282 21596 31 662 31 7847 17438 4730 20853 7850 14604 19800 21793 8956 28 4 17438 14335 9743 5174 740 14425 15678 18498 20402 15678 1114 5 
9808 1247 10839 5 
22327 6103 3058 4 11462 4 1022 7730 20293 5 
16292 22318 1027 6329 
6 21 
21 7730 7839 18498 4289 1393 9971 22463 7509 22915 13909 20311 18498 9743 5 
16393 866 14336 20244 18376 15424 3393 18476 21179 31 11670 31 22463 1249 2116 4 9193 17556 31 17556 7847 20402 10648 3790 7730 5574 5 
871 15266 20149 17228 3365 4 17908 6103 26 4 16464 4 22805 11538 6103 23572 5 
7847 20402 4289 7730 15138 4672 15128 4 9193 19900 18498 15138 4672 15658 19969 4796 17229 7730 15658 19969 4 7730 12862 9743 6281 740 13909 20311 5 
28 16971 4 28 4 17478 6103 10620 4 28 7730 28 20402 15678 13727 5 9620 5174 871 4672 4 22463 7127 18525 19900 9193 9605 20670 3450 13727 7914 8810 5 
9193 20402 14149 7730 15708 31 21793 4 15708 28 4 14604 16146 16148 28 4 15576 20304 7509 28 4 15678 16022 4 21793 31 7463 18498 78 8995 16440 14149 7509 16587 5 
654 20402 23151 17872 20402 28 4 9193 740 15658 31 19814 5 21 
29 7127 6 
21 7730 9193 12780 7730 9193 12780 4 12780 20954 31 13130 7509 30 
10548 7509 28 28 2373 21 
21 31 10765 21596 18498 13405 10547 368 15658 21029 
10548 7509 28 28 2373 21 
21 9193 13055 16630 17872 23135 14335 6256 4 9193 15658 18533 13909 15678 20463 1114 
2136 7850 28 9193 20402 17872 16630 17872 20304 7509 28 18498 13405 23135 17872 2727 13667 6103 9193 5 28 28 28 2373 10548 7509 28 21 
15678 16587 15458 20644 7730 15678 3790 22385 5 5 5 
13909 22463 18443 7509 20749 14149 7850 2419 
23123 10595 12780 13405 8956 14469 18498 15678 28 12780 16468 16673 4417 10548 7509 28 28 2373 
7730 4289 1393 23575 13616 7509 22915 5 
21 11462 6103 14049 4 2091 15678 14133 4 12780 14335 16784 4 12780 14335 8147 31 3450 22797 18498 20844 21 
21 22126 21680 19703 4796 3369 17872 18044 1114 4 21282 2336 4 17872 17304 23151 17872 23135 
21355 31 23577 16440 19854 20402 31 20126 6103 3962 7730 17836 7509 14604 10839 4 17304 20402 18498 20402 17556 21551 9193 15678 30 6103 7419 9743 8956 20126 2156 5 
13055 21776 5320 15678 28 17872 22318 22805 5 
28 9193 17790 17622 21 
21 22918 21282 20402 22463 15941 6103 5174 15604 16971 4 11462 4 15678 21551 15658 8995 3058 16404 17583 8443 7686 9193 3610 5174 15678 20892 5 28 28 6103 28 7850 16027 6103 17406 22825 5 10548 7509 28 28 769 21 
4289 28 5 
22463 7509 14426 9422 5 14523 28 18376 10548 7509 28 
21 7730 31 19415 10889 5762 22463 15604 14236 7730 21275 7509 10167 15291 6 15678 19930 3166 5 
15658 6075 17872 238 22463 4672 6981 5 21 
21 10959 6103 6679 22463 9808 7127 7509 15253 31 21793 4 9193 7914 8810 31 29 18498 3450 22463 7509 20463 14881 21596 15138 11868 7850 9193 22942 
9193 15253 4 7589 28 4 31 16971 13909 11861 6075 15190 4 9193 17304 9901 11518 9594 6103 4796 7847 20402 14149 14149 14149 5 
9193 20207 15253 4 7589 30 28 4 31 21739 28 4 18498 6670 20293 5876 6103 9193 7730 740 5876 4 909 15658 21282 6103 9193 4796 6103 21793 31 10796 6103 28 4 6670 15678 14604 16169 2136 15678 28 5 
7730 21371 31 15253 7509 14604 9942 4 28 5 
18498 23135 1575 13909 7730 13909 28 7509 15253 21 
21 15657 
15657 
15657 
15365 15365 15365 
15657 29 23274 29 19984 
10548 7509 28 28 18376 15657 28 21 
11555 15657 23274 206 7509 19984 
21 11875 15658 20149 7995 4766 8956 22406 7509 28 5 31 9867 11462 20402 866 14149 6103 20149 22805 7730 22463 4127 14335 4229 31 2031 6 20402 22463 16169 134 1393 20463 9943 4346 2625 5 
20402 22463 7509 14604 13905 6684 4 17304 8995 7850 9145 4766 15678 28 22805 15678 20402 28 3625 4 21842 15138 16404 18498 7847 10959 6103 10523 7730 21842 13026 4815 21932 17872 12861 5 
14604 16169 15643 10959 15138 20149 10523 4 9193 12861 15658 11810 18498 7847 14335 13405 4 9193 15253 14335 13405 22463 22897 4 9193 9193 15658 13325 15138 2727 4 9193 15678 7127 18498 9901 14156 20402 15678 7127 18498 14604 16169 14335 13405 4 20402 22463 21252 4 6917 7509 1986 28 4 5320 4796 9193 17819 22897 13055 468 7850 9145 4 9193 21596 29 29 1249 4 1616 20402 15242 4 21596 1453 22463 22640 13324 6103 4796 20402 8995 13761 6389 7509 28 5 
7914 3206 20402 9193 7730 15678 28 7850 28 4 20149 15678 7087 7509 10523 1920 18533 7730 7847 12780 18533 
7730 740 11284 18525 9605 18498 20402 21282 22463 12960 5 21 
21 15108 3086 7509 17583 6103 3058 22915 5 
10548 7509 28 28 18376 21 
7589 28 8 29 
21 15874 28 4 15874 28 5 
21631 7509 17307 13424 7509 11702 7509 19547 4 7509 4623 5524 7509 1818 7730 7509 28 7509 571 5 
8406 6329 1233 21 
21 22463 7509 13905 21275 7509 28 4 28 16971 5 
15708 28 4 15708 28 16971 4 2136 3206 5 
10548 7509 28 28 16589 21 
21 7127 29 3488 7509 14049 
21397 4766 18512 4 14807 18527 4 2501 7730 3031 6103 2501 
10548 7509 28 28 21 
21 21 21 18476 452 31 14145 6103 22463 18444 16066 31 2717 7509 28 4 9193 910 20149 9402 7914 19618 1393 5754 5 21 21 
26 28 
21596 16179 17438 17438 7509 20749 7730 9010 20402 22463 7509 13909 3086 18498 13055 22805 
10548 7509 28 28 18444 26 21 
21 7127 29 3488 7509 14049 
26 4766 18512 4 14807 18527 4 3031 6103 3745 20060 4 2501 7730 14005 10548 7509 28 28 21 
21 10765 4 
21776 17703 4 9193 20402 7599 15908 1603 15678 12960 7509 20402 28 7730 352 4766 31 12301 18498 349 866 18498 6256 15138 10765 22223 7914 28 0 
873 19900 14335 7491 15678 18498 20402 0 
22657 21 
28 23274 20402 28 13026 4766 31 7928 20402 28 30 28 5 12780 20402 28 10548 7509 28 
12780 6556 16440 7509 15554 7509 14245 
6670 13055 7914 21631 16339 16404 6556 16440 6075 15554 7509 28 
21 21582 8406 7850 9008 7509 19150 6103 21 21 31 16971 9901 13909 3086 7850 10405 21 21 21 
26 26 20293 
7730 17872 9978 20497 7509 28 4766 14604 10839 5 
21 9542 6103 9634 4 9542 6103 10185 4 9542 6103 10548 5 
10548 7509 28 21 
21 20402 10548 14604 12787 5 
6592 9193 28 21 
20402 28 30 16673 13444 12960 7850 28 6 21596 18498 19456 5 
21 20149 31 22942 20402 22463 16630 6103 21468 18498 15658 16878 8351 9170 30 4 7914 7445 4127 8995 14335 4730 7850 16296 6103 9926 18476 15678 13727 20402 6103 7850 15270 4601 5 
22223 4 9193 22821 21 
21 20149 31 22942 20402 22463 16630 6103 21468 18498 15658 16878 8351 9170 30 4 7914 7445 4127 8995 14335 4730 7850 16296 6103 9926 18476 15678 13727 20402 6103 7850 15270 4601 5 
22223 4 9193 22821 21 
7127 15187 7509 20853 6 
6 
21 21438 9808 16066 15424 0 
28 9193 17790 17622 21 
21 20402 22463 14133 6103 8838 18498 22126 31 3075 17872 14604 5528 
28 29 28 21 
21 28 10696 4 31 4841 6103 9956 5 21 
21 15678 20402 28 4 18498 19822 31 22640 7509 12552 7730 7509 28 17438 15658 8995 12960 22385 2727 4 20149 4528 17872 15835 6103 9975 7509 13444 4 1471 6103 4 20207 12974 4 14514 31 7892 7850 18104 7730 18476 16468 8995 7890 7850 17819 9692 17438 16784 7914 3962 5 
3058 4 13909 22463 1249 8995 2371 4528 17872 15835 4 18525 15658 8995 4 1937 16673 10889 4 28 21525 16066 26 26 5 21 
6103 18498 430 20402 9833 7850 18584 9789 20149 31 14425 16440 7509 18584 14335 21752 0 
21 21 21 20149 20402 7127 6103 22318 22805 4 17438 9365 4 1393 21649 4 6670 20207 9193 4809 31 20402 9808 21 21 
28 9193 17790 17622 16753 18165 16169 6169 21 
21 12125 20149 20402 10927 16066 20149 15658 20402 10927 4 20149 4807 5767 16066 15658 4 20149 31 18533 9901 16066 20149 12780 4 20402 7850 15270 11781 22805 15678 7314 7509 28 14544 28 7730 7509 28 28 1502 15678 10927 14684 7730 22667 21896 7730 15658 20357 15538 16066 866 7509 21743 5 
20402 17438 8956 15083 18498 11454 20402 14307 15712 6670 15678 8361 10476 5 
20244 13909 5 21 
21 29 15266 5 
28 21 
29 28 5 
288 18498 13055 6075 17872 22564 8956 17872 1249 18498 23016 5 
21 7730 1920 7850 17617 7730 7850 19662 
7730 7850 15965 
15678 2727 23016 7509 910 7730 7509 5528 
15658 11284 18525 7491 
15658 12780 14426 5 5 5 
13943 17872 18498 15425 13923 22318 349 
21282 5590 2116 7730 9743 31 3393 
18498 15678 3790 4766 10547 12780 20149 10261 
13055 18498 15678 3058 20326 15658 19761 4 12780 7850 2614 7509 10547 5 21 
21 31 22898 31 10765 21282 17629 352 15658 7576 4766 18525 23135 1027 6246 7850 20931 2601 5 
28 9193 17790 17622 21 
21 16323 28 
18197 6 31 7181 7914 15855 17872 5995 4179 15678 28 18344 6103 9193 21 
15678 22385 8840 8147 6103 28 7730 28 
31 9632 21739 3267 7509 28 5 
21 15678 17341 26 
28 21 
21 28 4 1471 6103 21793 20463 14020 4 6256 21355 15678 13905 13284 18498 20149 17511 21596 6 
9010 14469 1393 18470 9743 4796 28 21 
9193 13359 2046 15678 3058 20326 
9808 7127 7509 9942 16404 15678 20402 13909 14149 6075 15190 5 
21 23135 13405 31 13849 17872 4796 22463 8008 7730 7847 9901 7850 21500 5 
28 8008 21 
21 9193 7730 26 5 
1103 6670 31 12319 5 21 
21 18376 7509 14604 20019 4 
4387 7509 14604 21634 
15256 7509 14604 3870 
10901 7914 14604 16076 
22327 16404 15678 5528 6103 22463 3170 
9634 1247 7509 28 21 
20402 0 20402 0 20402 0 0 
21 20149 6256 4 20402 835 21793 15678 28 21 
29 15266 17872 10548 6 
21 8840 2727 13909 7509 9956 28 26 26 6 31 16014 7509 13048 5 
8840 18498 15678 3759 28 6 11154 4502 15658 14335 6137 5 21 
26 28 
21 4809 2727 31 20247 5 
28 9193 17790 17622 21 
21 22463 3227 16404 15678 18855 
8995 21987 4 8995 9728 4 8995 21987 4 8995 9728 9743 15678 20577 7509 26 26 9743 15678 9632 20577 7509 28 21 
21 29 15266 6 20853 4 6383 7730 15616 21 
18688 7730 15678 3790 9743 9574 6103 18265 7730 17998 17872 12861 740 23 5 
20402 11949 15678 18498 8995 349 5 
21 21 21 20402 20149 21 21 21 
21 18688 8956 9193 15658 19900 5 
11731 21282 18498 15678 28 30 20402 7509 10606 7509 13832 0 
8995 18784 21189 5 21 
16721 7850 22942 5 28 26 
21 18498 21266 14149 5 
6670 13055 703 31 18195 21552 21 
21 15678 20853 13909 13512 7509 28 5 
10273 26 6 28 15094 
28 9193 17790 17622 21 
21 29 15266 5 29 6383 7850 2988 5 
15678 21551 23123 5 
9808 14604 1247 10839 
28 9193 17790 17622 21 
740 9387 15678 20446 6103 17390 5582 0 18525 19900 1920 19474 1393 14469 
21 20202 22821 5 
9193 12780 13761 13749 4766 31 14309 23167 875 5 21 
21 20149 20402 15671 0 20402 15671 6329 5 
28 9193 17790 17622 21 
21 16323 28 10469 22327 6103 3058 20293 7730 15708 17438 22327 18498 23135 9743 7730 740 9743 17872 9193 7730 16673 28 5 
22318 1027 21 
20670 9010 20247 5 
21 2136 16292 28 8995 8464 7850 28 0 
7127 22223 4 7127 22223 4766 4181 
27 
15678 13354 13354 21 
29 20402 17080 5 
9193 17304 16468 11518 16200 20670 6 2547 9 9 2464 5 9193 20202 16753 19525 5 
21 29 1249 21282 15459 26 4 9193 7850 22942 13055 20402 29 1249 18498 7847 14335 8361 18470 20402 15678 20191 
28 8 29 21 
21 9193 21596 18498 19900 5369 4 21596 18498 1540 19450 
15643 20149 6739 4 8956 9365 20402 23135 21 
21 29 1249 2116 9193 21438 9743 15678 4385 6103 2685 7509 28 13761 7914 3962 7730 1603 871 20247 6103 15989 6075 22327 15138 4179 5 
15459 20247 9901 16721 15138 20149 22657 31 16689 12739 15658 4385 16066 11139 8956 7251 16404 22564 7914 10317 4 2136 21582 14335 5446 7509 5431 4 9193 2371 19450 9743 5371 23167 875 7730 16404 12861 5320 4766 31 753 7509 9193 9634 7850 15989 5 
11066 31 28 4 1393 13669 6981 29 1249 29 7850 23523 9743 11020 1103 4 18498 14539 4766 31 7395 17438 7446 15083 7509 22942 8995 20293 4815 7730 4766 15678 28 10648 10317 7730 17738 17872 3805 6663 15678 16195 4 9193 20402 18498 20402 15138 14539 5 
2136 11462 4 9335 31 10317 19720 7730 871 16404 18498 15671 15424 16630 7730 31 7509 15350 4 15658 4913 15425 10317 5 
7730 15678 14425 740 21596 22463 14984 6103 10317 17872 7847 22564 5 
18533 662 15603 21793 18498 753 7850 1249 16468 7730 15708 17438 6355 21793 9010 3870 15658 21282 17438 9193 4 9193 21371 16673 28 5 
6 21 
21 16323 28 16673 3960 5 
18498 23016 13909 28 9808 7850 20931 22942 7730 20931 15604 9634 5 21 
3960 28 7730 26 
15834 15834 26 
21 12780 22564 9010 10343 7509 28 7850 9193 22942 6 21 21 873 2322 7847 18498 9193 21371 8995 20788 21 21 
21282 9620 20402 7901 5 21 
20725 15678 28 12780 1926 31 21315 
29 1249 7509 7127 18498 17304 9980 7491 17872 9193 15253 18498 21438 10211 5 
21 9594 7509 19698 20402 10544 4 20402 7491 18498 21596 15141 7730 10523 4 4189 4 4341 10731 7730 15138 20749 5 991 6103 15138 20019 4 28 7850 14134 7730 21371 21596 15138 10495 28 2136 6103 14049 5 7730 21371 18498 7509 28 1393 17404 15658 11284 15299 11686 20244 9594 7509 3525 4 28 4 28 28 4 17583 22840 5 
20402 5 5 5 996 19698 6103 12897 4 1612 134 4 29 1249 20402 8956 4417 14145 4 18317 7509 2717 7730 7509 3720 5 
16323 16673 29 1249 19698 6103 12897 4 9883 7730 14230 5 
15708 17438 22327 7730 2136 3206 5 
19698 29 21 
15678 3439 13909 3086 7509 26 8 29 
21 8956 9956 12780 20402 15138 3058 5 
3759 28 6 11154 4502 21 
21 3358 16404 22805 20149 15678 22307 10100 5 
28 9193 17790 17622 21 
21 1097 4 
23135 5219 14335 753 4766 22463 4672 6 
17629 6103 7157 6103 26 7730 16066 17562 2727 7914 5320 7850 20201 4417 6 
28 16971 16589 
28 18376 
17478 6103 10620 18376 
28 769 
28 769 
16700 769 16066 866 18195 31 10292 7509 20402 28 
28 20149 
28 19891 
31 11670 20402 13026 17807 7730 18100 31 13621 21 21 22364 21 21 4 15658 8918 6103 22463 3365 6103 18471 27 5 
6670 13055 662 5 
18197 6 15658 18498 9193 12780 16468 7914 21793 8956 4417 9193 20402 3058 17872 21596 22463 11644 7509 18498 31 9988 12780 16878 5 21 
21 20497 7509 28 7914 22657 7509 28 7914 20402 28 4 20879 21 
14335 580 5 1247 7509 28 28 9193 17790 17622 
21 8995 10839 4 9193 740 6075 17872 12780 6103 4074 17872 8632 5 21 
21 13909 22463 21684 5320 22463 17556 13909 6981 14145 18498 20402 20402 16169 7509 28 5 
8840 22463 7127 17304 19210 14425 22327 18498 20149 16468 4 9193 23135 21596 18498 8386 18498 31 22898 20402 7188 5 
2702 7730 16323 28 16673 29 15266 5 21 
8918 15678 6408 28 
9193 31 10606 8995 16630 17872 21787 7850 16396 28 4697 8995 349 
21 20402 11462 5 
23016 4815 14604 1114 4 8956 20402 15678 2947 15965 
28 7509 5257 4 29 31 29 
30 6592 20537 21 
21 7730 11462 9193 29 15253 4886 29 1249 4 18525 22805 8956 15144 15658 11731 31 10268 7730 15678 3058 5528 18498 7847 21596 5 5876 6103 23206 10796 7509 9634 28 7730 7509 9634 28 4 20293 4766 15138 1114 7730 3870 5 
21739 28 20402 31 16971 18498 18525 5174 15658 5219 15658 452 4 21596 22463 13759 18498 12795 17438 15894 7847 16468 5 
20402 11043 17438 22327 18498 7847 13055 9743 7730 740 9743 17438 9193 7730 17438 21793 9193 9634 5 
7589 30 4 21739 28 16066 13730 4796 7491 31 28 9808 1247 7730 18498 23016 15678 29 4 29 4 29 4 29 1249 5 21 
21 29 28 17872 22463 7509 14426 2948 6075 3885 4 15965 4 15678 2947 7509 4697 
1247 7509 28 28 
7504 18651 28 7730 7504 28 28 7850 4770 5 
31 28 7509 5257 12780 9901 16753 6329 5 21 
21 29 29 28 7509 5257 4 29 21 
21 3885 4766 28 6 15585 29 5 
28 9193 17790 17622 21 
21 28 6 21 21 16169 20244 15623 6256 9942 14915 15678 18376 7850 17165 5 22805 11729 6 28 21 
20149 1603 15678 21394 20471 1303 31 28 15658 3510 7847 15658 3510 15643 13909 5 
21 20402 3885 31 9193 22971 5313 4 31 13056 18705 22318 5474 17872 6070 5 
12780 18379 15416 
12780 22971 28 
3885 29 7850 10850 7509 6070 21 
21 20402 7850 10850 7509 6070 5 5 5 
12780 21 
20402 3885 15658 20402 0 20 
21 15678 9971 6103 20247 0 0 
20402 15138 21987 7730 9728 5 
21684 15604 7850 2949 21 
21 4788 15678 1247 7509 28 7914 26 28 7914 20402 28 4 20879 21 
21 20402 18525 14018 7730 6848 15458 5528 18498 21282 2647 7914 18736 6103 22318 1027 4 6075 15678 15190 31 23135 20149 17629 10273 6 28 28 26 
3885 2510 29 28 28 9193 17790 17622 21 
21 23554 16292 4 14335 6256 12780 20149 15658 14335 2087 7730 2947 19969 3885 2510 29 28 28 9193 17790 17622 21 
21 15424 21793 11341 22564 3733 4 9193 9010 11341 21596 21128 4 15678 17304 7509 15855 11422 18498 9743 23135 20149 1409 5 
10273 6 28 28 26 21 
21 20402 8208 7914 17790 7730 3166 4 5 5 5 5 28 8350 22386 21 

