26 20 20 20 
21 6026 4 4380 4 7730 4842 28 26 21 
26 26 20463 13512 20 20 
21 27 2727 22821 22327 12861 2371 5 5 5 15855 12861 28 28 4 28 28 4 3364 28 4 28 28 21 
4417 13512 28 14425 4842 8995 18494 201 29 
21 21 21 15658 16468 31 21680 15860 6103 22463 18694 11686 31 4125 14667 16083 18694 5 9193 4 20149 22318 14335 4040 4 15671 21596 15390 22463 7509 16083 5 20402 16404 9193 23577 7850 15190 5 7730 9193 20402 16404 22318 23577 7850 15190 5 21 21 21 
21662 31 13909 15604 1618 6 16404 
16378 3058 6 16404 
7730 11462 20402 7127 6103 17583 6 6103 
26 29 15803 28 
26 28 
21 21 21 11678 26 26 9971 6103 20247 26 26 11943 26 26 15803 26 26 
11617 22 30 26 26 26 21776 9971 6103 20247 26 21 21 
28 26 22564 21 
21 21 21 23123 6 31 9172 12709 7730 10431 18498 15678 11474 3913 7850 16654 31 3450 22897 18498 22805 22463 18363 7850 6014 5 1540 31 9743 22463 14676 6103 4672 4 9193 23123 23123 31 22942 15658 6256 5 21355 17438 19900 18498 15671 4 11578 4 1540 31 16933 6329 1393 13727 7730 1393 16971 5 7730 18498 4 15459 3962 4 17304 23123 9193 4060 5782 7188 6103 21154 4 8406 31 21584 6103 12780 7730 31 15390 6103 9901 5 21 21 21 
23 18498 13512 20 20 20 17737 7127 7509 15311 15576 14119 
26 26 26 5 5 5 
6 6103 
10095 20 6 6103 
29 2981 6 16404 
26 26 29 
26 8 29 
26 26 30 
24 20 20 13909 22463 20825 20149 18779 20 20 
21 21 21 20402 31 22023 7509 4126 7914 22463 10091 6103 14453 20 21 21 21 
26 26 
22463 3058 7127 17872 3510 7850 10731 
26 11554 26 6 
21 26 4 26 15005 26 21 
21 26 4 26 4 26 26 20 21 
8406 14892 7730 20069 
6 6103 6 6103 6 6103 
1987 6103 10151 20 20 20 
26 31 26 26 20 20 
11943 26 26 28 20 
16440 14849 20 30 
10083 7850 12726 
31 5758 8995 9901 13909 22765 20 20 29 26 
26 26 20 20 7 
27 20 
4554 15349 12785 20 8443 20402 28 
14335 1409 17438 8956 4417 20 
14265 22463 17556 7509 20126 7509 4796 6103 3962 20 20 
18498 4809 31 10548 20 20 8 29 26 26 
26 12863 26 20 20 
26 26 26 26 26 26 20 20 26 26 26 20 30 
740 20402 16077 6 
26 26 26 26 14335 26 5 5 5 14488 12780 5156 1614 
26 26 20 15678 13909 12577 20402 19900 18498 8956 20402 31 17819 23501 20618 18498 31 14464 1089 18498 15005 4815 14984 6 
16393 2727 12577 20 20 6 6103 
28 11617 26 30 
7836 5 5 5 15678 10405 8995 4289 20 
30 
12863 11617 31 26 26 20 20 
18772 5767 26 21282 18498 15658 
10179 1036 20 
26 20 20 
20149 20357 7914 3962 7850 951 7509 14981 20 6 16404 
7730 654 0 20 6 16404 
26 
10943 12780 9743 10940 6 16404 
26 5 5 5 26 26 11617 26 6 20539 
26 11617 26 26 5 5 5 5 
21 17989 28 20 20 3790 13253 20244 9965 7730 4766 15859 27 15658 12780 6472 13909 15502 7730 4491 31 28 21 21 22564 14125 20402 13278 4 9193 20149 20357 2727 20244 7847 20402 14425 740 21 21 6 6103 21 
3450 7127 8956 13727 14335 21187 13909 20 7957 14265 22463 23469 0 6 16404 
21 21 21 18475 22915 11843 7914 20357 491 4 9193 31 11644 6103 1820 31 22942 15637 13945 7730 21596 6103 20149 23029 21282 7914 16083 16440 7509 15190 4289 31 1792 5 20402 22463 1792 3058 18498 4 7509 20207 16066 21613 22897 4 23029 23221 5 21 21 21 
15128 22463 17556 15678 10122 20 20 7 16404 
26 26 20 20 
21 23 2981 4 14335 6075 22463 4302 0 21 
13085 28 20 

9441 5 5 5 
30 
26 26 26 26 26 20 
4372 3170 20 20 14265 31 20126 7509 4796 6103 3962 5 5 5 
7 
30 
1575 15678 20749 8329 7847 740 8930 
28 6 
11190 6 16404 
27 6 16404 
20126 20402 15138 17556 16404 9457 31 9620 18498 8956 20853 14335 9743 5 5 5 
26 22 20539 26 
15604 16474 20 
26 31 26 26 20 
26 26 20 
26 20 20 26 26 26 20 20 
20402 15678 16373 20 
22463 13512 7127 20 
15502 8386 740 18498 9193 21776 12780 13026 5 5 5 5 
13055 17304 9769 31 13945 21768 20 22463 13945 6389 7509 16083 14425 4841 14425 752 
21 2371 23135 16765 18498 15678 21551 23123 18476 9620 7558 21935 4 22463 18069 4 22463 1840 7730 4436 28 16404 6256 15678 28 5 23 8995 4289 20 20 21 
26 26 20 20 
17605 20892 17083 
7730 15678 14604 13520 23016 14335 23051 
21 17458 20402 1920 4 15678 21551 12780 16468 7730 9193 12780 5360 22318 1110 4 20402 7914 20023 4 9193 9194 16066 7914 18475 13727 7509 15190 7 21 
19229 3058 21551 30 5 5 5 
10185 20 20 15678 
26 26 20 20 
21752 17872 13253 16404 
1603 22463 13669 8840 9980 19969 20 30 15604 6996 26 26 15803 26 28 1983 28 5 12571 29 5 29 6 6103 9194 2371 12780 9193 20 20 
28 2981 30 
21 9193 22463 6472 5013 28 7509 28 20433 20 20 
17765 28 16971 
15678 1114 4 18476 20149 19604 4 
15658 20149 19900 19604 5 
19900 2727 15855 17872 7847 4 
9193 15658 7850 19900 9594 5 
18525 18533 7491 15678 18498 20357 
15658 19900 15678 18498 11284 6103 7491 5 
9605 6 16393 18498 14487 
3532 6 16393 8918 
733 4 9193 20149 7847 439 4 
20149 17304 16098 15678 15855 4 
7730 20149 22463 15855 7850 2626 
17872 19900 18498 31 8995 31 1027 20 
9193 18525 20357 15138 4 3532 7 
18525 18533 7491 18481 20357 
9901 20244 910 15424 9605 4 
9901 21282 4 12525 20 
9193 20149 12862 17304 5321 
15678 18498 15658 7850 16072 5320 4 
13055 15658 21596 18498 9595 
17458 7850 8995 31 9594 
4796 13055 11284 6472 4436 16971 15658 12780 16468 15678 6472 17872 10366 5 5 5 7 21 
21 26 4 12780 8406 7850 3222 5 5 5 6472 9790 7589 28 4 20149 2727 18498 9901 22318 7102 22463 13591 20420 3058 4 6097 23135 12780 13761 7914 3962 14335 22805 6 16404 
13306 6103 12916 
28 28 
18525 14335 4913 22463 12916 4766 10095 0 
3099 6103 15138 5527 4 
13246 7730 18363 4 
16108 22805 7730 2352 9193 15504 0 
18525 14335 4913 9010 3795 0 
18525 14335 4913 22463 18652 6103 20749 0 
22463 13140 8406 15678 15200 7730 31 11325 4 
22463 9148 7509 17815 0 
18525 14335 4913 9010 10224 0 
7730 9010 20064 4 18498 20402 12918 0 
7730 31 4430 7730 31 20931 3718 0 
7730 15678 11081 6389 7509 4387 0 
9010 20402 15678 14604 13306 5 
3058 4 17872 6075 5362 21596 18498 12145 29 1097 16404 9743 15678 14539 4 16066 15678 14539 21596 18498 14335 6075 22463 13591 6103 17737 27 6 4 20202 31 13566 8443 6 31 20306 28 18498 20402 10546 6103 17316 4 28 4 28 28 288 3058 14335 7102 22463 13591 7730 23016 7914 26 5 17790 16162 31 7459 4 3364 17458 15658 19900 20931 18824 31 8956 6472 6 16404 7730 1393 28 28 4 19699 20 20 21 
21 21 21 26 26 997 11617 21776 26 26 26 26 26 26 26 26 5 21 21 
21 15834 4 9193 20402 10138 1920 21 
19522 9975 7509 7127 
15678 18498 21596 17872 11462 6 16275 31 7850 26 28 6 16404 
15855 21282 18525 23016 14335 23051 20 20 6 
21 1249 15604 4 22886 15604 7 21 
17989 17872 12780 7957 5 5 5 9193 13945 21596 22327 18498 9193 5 17629 20 
26 20 
21 22 17495 11462 9193 565 18498 4 20149 871 4672 9620 16404 15678 16468 430 20402 6075 4 8956 4672 20402 5521 5 15299 991 7384 5 
15658 21596 14378 7509 6621 4 9193 9051 13761 7730 17511 10657 18498 7847 20402 3913 6103 3076 7730 17504 21189 5 21 21 21 
21 21 21 23544 6103 1161 10469 8406 22519 3172 4289 31 29 21 21 12477 28 28 
23 5 5 5 
15834 20 9193 20402 10138 6 
21 21 21 5 5 5 22915 20402 22463 11635 20244 23151 5 21 21 21 
6 
14604 10700 20 
7558 9787 6 16404 
21 1614 8995 22327 18498 17629 19900 20670 11474 7730 15144 6 15144 20402 13688 4 11474 20402 9158 5 7730 31 17835 18736 16673 18470 31 15144 20402 13688 20402 17458 15678 11474 20402 9158 5 28 26 21 
7558 2981 
9334 6103 10151 
21 21 21 31 22915 11462 7914 7127 20402 21083 18044 4 31 16971 20149 1694 4 18533 13405 21793 20463 5139 5 20402 3450 22897 13909 7188 7847 20149 20786 1393 19701 4 9016 31 3102 7509 13494 21 21 21 
15855 18525 23016 14335 23051 20 20 20 6 6103 
21 8956 20402 15678 8908 6 
9193 17831 20 
21 26 26 11617 26 4 26 26 26 21 

