21 15658 4 9193 15658 8995 7360 20304 14753 28 26 15658 8995 7360 21 
8443 5 5 5 
21 22657 19089 4 1471 6103 8995 20402 7509 23498 4 15678 21684 3391 16404 17233 10533 5 21 
21 21 21 20539 9193 1027 31 14469 7509 5846 5 5 5 21 21 22942 4766 18020 28 28 21 
8 29 
21 7914 21551 6103 28 18876 3512 7509 5585 18899 6103 1114 4 3870 7730 20126 20402 3058 6329 5 10959 6103 21793 15678 17737 1095 4 9193 1027 15678 3943 15708 17438 20293 13325 7509 9193 9947 4 15708 17438 22327 20 20 1027 23135 20 1103 21 
740 22385 2118 5 5 5 
21 16404 21623 22463 20247 4273 4 15299 4796 22463 21684 6075 5 7730 4796 9193 17629 1540 740 5 5 5 21 
21 15599 19854 7509 7127 6 19900 18498 31 8057 7509 20463 17226 6103 20127 9605 20 20539 4 7730 15658 11862 15678 9707 6103 21596 16162 7914 7127 4 21793 9010 1249 5 
15599 3058 7509 7127 6 23135 8995 4766 15678 9308 7730 5291 7914 7127 4 7730 18876 15678 19522 6103 1386 16528 4 18394 4477 4 15400 16404 18475 13970 5 28 20402 3058 6329 20 15963 17438 15576 16587 5 22834 28 21 
15138 3058 20 20 21371 18533 6070 1920 5 5 5 
21 21 21 16404 22327 11284 22463 15759 4 7730 22463 21551 16404 3450 18020 6106 7509 6014 21 21 28 29 6408 6103 22463 28 6103 6564 7730 19094 4 16083 16404 5876 7509 20127 4 18876 17738 7730 23051 4 7127 6103 23151 1393 21932 5 26 26 5 5521 15144 21 
21 21 21 15678 15939 7509 17298 4 15658 20402 31 19695 5 15678 15939 7509 17298 20402 31 13048 21 21 5 10648 15678 7127 4766 9010 23222 5 21 
18482 22225 11561 6 21298 5 4591 29 29 29 
21 7730 18476 7491 6 21 21 10450 15658 20402 17790 15416 20402 15018 5 5 5 21 
7730 15678 17226 6103 15422 5360 7850 10713 5 5 5 
21 20463 9942 9942 468 21596 28 4 28 4 28 4 28 4 9170 0 17324 22805 9010 23222 20 20 21 
18498 21684 13512 20 21048 1393 14182 31 13311 5 
20402 2727 12862 5 5 5 
21 26 4 26 26 5 5 5 21 
21 6408 6103 22463 14049 4384 4 7847 1421 21 
21 15855 15678 13333 6103 11462 28 28 4 2727 2118 16404 15678 20463 28 21 
4181 18498 8995 9808 15658 20402 28 28 0 
21 10696 28 4809 20149 1233 4766 31 22915 4 13909 22463 2304 7914 9634 5 26 26 10696 28 22918 21 
18470 20402 31 16971 4766 15256 8347 17438 23135 0 
21 20402 4 20788 4 15658 8995 10544 5 5 5 21 
21 22657 31 16689 13359 20 21 21 5588 21282 20149 20402 6103 16067 4 7730 15643 14018 14469 6103 23507 21 21 21 
21916 5 
21 22540 6 8995 7512 29 12334 16404 15678 20497 7509 16192 3702 11462 7850 20449 17090 29 6 29 5 
20402 29 12334 16404 5758 2136 29 1249 7730 29 498 5 2031 14004 20 20 21 
21 21 21 26 22 21298 26 26 26 26 1631 26 26 21776 26 14335 26 5 11617 22 30 26 26 20402 4 26 21776 4796 26 14335 5 5 5 21 21 11560 6 21298 5 4591 29 23135 29 23239 29 23351 26 20501 21 
15833 26 26 20 20 11561 6 21298 5 4591 26 29 29 31 
15855 26 11561 6 21298 5 4591 13097 6103 
4796 0 4796 0 11561 6 21298 5 4591 12780 23274 29 30 
21 11462 4 4666 13359 29 21684 20670 31 7188 14799 6103 20402 15253 5 4796 20402 4891 23135 753 7850 10220 6103 16083 20402 11570 4 7730 4796 6361 16404 8386 12862 6 
21810 8956 20 11561 6 21298 5 4591 30 29 21298 
21 21 21 19900 4 18498 31 22318 9913 
13405 31 9193 22942 13909 991 
7509 18498 9193 17511 11731 
19900 7730 15658 17511 15398 
18498 15678 21680 15860 20670 9193 
14335 8125 7509 22318 16580 21 21 21 
13512 20 13512 20 
20149 23135 20402 498 9193 18930 15138 1937 20 22657 31 16689 20 
21 27 5 5 5 15855 4 31 22898 4 9193 6361 2625 6103 19474 5 5 5 21 
21346 20 20215 9010 28 28 28 7730 28 28 6 
21 19900 1612 10713 4290 6103 19830 7509 20463 9942 18498 15658 3391 13909 0 0 
8443 20149 873 21596 19830 6103 2689 7730 16066 19830 12240 16404 7512 4 8995 1767 16404 753 22463 17960 18498 1129 11116 468 5 18525 21596 4 14335 4229 18498 9193 3348 20 5521 15144 21 
21 31 7166 20402 13909 11861 18498 20336 4766 22463 1095 7730 21810 22463 3488 4 7914 22463 14534 2727 20444 7730 18899 6103 3870 0 0 0 3222 20 20 21 
21 15995 14265 4 8452 17438 6389 7730 9743 15678 5528 9901 3450 22897 13909 7687 6 21 
21 21 21 3928 6103 22463 17931 1393 15253 7509 969 18498 201 6103 7850 7491 18498 7847 20402 31 17106 15253 7509 15190 5 21 21 21 
21 866 18498 15502 10959 6103 13359 4 7730 15658 6075 11626 5 9193 4 31 23014 5371 31 15144 9387 20539 5 6075 22463 15855 9193 15677 5521 15144 21 
21 15138 3558 21 21 9975 6103 20247 21 21 5 5 5 16468 2727 7090 5 21 
21 8443 23135 5097 31 26 7509 7127 4 7730 6592 18498 15643 11284 16098 13575 9594 6103 28 28 21 
21 18476 15678 7127 15658 20402 21036 4 31 10765 9016 15678 22358 16404 31 15533 15658 20402 0 20336 7730 8840 21 
15138 13278 20 
17438 13909 21551 
16721 7914 22463 23179 9808 5 5 5 20402 7847 18476 8995 4766 31 16753 28 5 11326 6103 28 
16721 15511 21793 15678 28 5 5 5 
21 17438 18498 7847 23104 4 17511 5739 7850 1022 21 
21 21 21 21596 4 17495 4 8956 21655 7914 22720 6103 2605 4 16404 18498 31 9326 7509 17304 20402 6103 28 7730 15658 6103 15671 21 21 29 4591 29 5 29 5 
17869 20444 4766 15678 7563 7730 21346 18498 7847 14335 6075 4 4766 15144 78 5 
21 21 22327 15678 18498 21596 4 22327 15678 18498 20402 5 15678 18498 23016 31 20402 8414 31 22318 4 20304 5 15144 7850 8832 21 
15144 2031 20 26 11943 20402 7509 29 6 29 31 29 6 29 5 15678 5168 4785 31 29 6 29 5 
15138 11861 20 20 
21 8443 4 20244 16192 5 21 
21 16972 18498 21932 16066 15005 7850 19143 7509 28 22971 28 4 18930 5 22657 15138 31 16689 5174 5 21 
26 28 
21 15678 7127 20402 15908 4 9193 15658 11284 15138 19327 5 17495 31 22962 7102 20402 7500 5 15658 5108 4 15658 288 4 15658 16721 18498 17304 15658 349 5 15138 22898 4 15678 190 20402 16971 18195 4 18498 17520 31 5107 7509 5758 5 17769 2031 7850 4901 4 7850 3222 4 7850 18100 5 18044 31 5758 20 20 21 
21 16404 23135 18498 13055 9010 21932 11284 871 11518 4 9193 18498 16404 4289 1393 21932 9368 20463 1114 7730 19456 1393 18195 6 21810 2530 4 22564 1359 7730 15658 22564 6103 10927 2442 6389 7509 22647 1467 5 8840 29 22144 16404 5219 8406 7730 654 23135 13055 19900 18498 20402 20699 4 7730 15502 17304 22318 388 6103 15425 21743 6103 10119 5 14600 14284 7914 20023 6 15894 21793 31 18737 4 5725 7730 11205 20149 8147 5 17960 12780 21 
21684 8678 7914 29 5 15855 21282 28 22695 7730 28 28 
4672 13909 13512 7730 18498 827 15678 7127 20402 19900 18498 873 18498 18533 15138 9010 11116 20 22657 31 16689 15963 5 15963 16673 1097 
21 17737 6103 28 7850 9193 22942 20 11020 17869 20402 15253 6990 13512 20 18498 23135 7467 15138 13026 4 17438 21793 31 22942 5 7127 7509 15253 29 28 28 21 
21 7847 14335 8361 22327 18498 9193 19900 4 20293 9025 1393 14604 13131 4 9193 12564 5 21681 17555 4245 7850 22942 4 13909 20402 6103 22463 19898 12094 5 5528 10839 5 14425 2336 7509 15190 5 14335 1027 9312 4796 9193 20402 4 5174 21793 15678 14604 6198 7730 19900 4796 8995 1453 16673 9193 23180 5 14335 4229 17438 1450 18498 21282 7847 5174 5 23577 5 1027 20244 14869 20 28 7509 15253 29 21 
21 21 21 17438 18498 28 16878 
18498 31 15253 23210 7957 0 
15253 15658 21596 13494 4 
20402 21551 20244 11518 4 
13759 18498 15658 1400 
18476 20844 15678 22797 
7730 4380 6454 4 
22769 8644 
7850 16668 8347 4 
702 18328 4 1623 18328 4 
18328 16718 5 
15036 349 
4766 15678 18498 20402 3206 7730 16468 
20244 6256 22890 5 
15253 4 7850 20931 11066 4 
20402 9173 5 
17438 18498 28 20149 13325 
14811 17942 
6103 21762 22463 7127 0 
20402 9193 19169 7509 15190 4 
2442 22463 13301 6 
15253 15658 15036 15643 4 
15253 9901 20293 
13026 6103 20463 9942 
7730 7847 4 22765 7957 4 
20402 16752 
9790 11117 6103 14673 5 21 21 
28 28 6103 28 7127 7509 15253 29 21 
21 7730 18476 23135 16468 31 14049 12526 18779 22463 14984 6103 9308 4 7730 15678 2022 20402 15585 29 6670 31 18894 4 8230 7730 22386 4 21371 21596 18498 9594 15658 20402 0 7730 12780 4778 18498 15244 6103 13999 20402 21898 7509 20402 14875 5 21 
21 13055 8995 4766 20126 7509 9975 6103 20247 4 4290 6103 6324 3972 4 1097 4 20853 7730 26 5 16689 18498 15658 21596 10273 7509 3691 21 21 19198 21 21 15658 20402 28 5980 7730 28 0 21 
21 16404 18525 18533 15678 3431 4766 9032 4 22463 3058 15941 5 21 
21 21 21 11514 31 1103 21 21 5 30 21 
21 11020 4432 4 31 10796 18498 15658 23104 5 21 
21 20825 18498 20402 14604 17819 7127 6103 21932 7914 22463 731 26 5 16404 21932 7914 22463 8525 15156 4 7730 23135 9743 16440 7509 8525 28 28 21260 7730 28 30 6103 28 5 17458 13324 3058 21596 2136 7914 20826 5 21 
21 13055 21596 31 3031 4 31 19415 7730 31 18458 5 873 20149 11215 0 1114 1341 21 
21 8637 6075 9833 5 15678 29 3784 13055 4060 11792 6 21 21 31 15743 15678 10430 4 31 13048 18191 15678 8243 4 31 10547 20558 15678 8438 5 7850 22821 4 7847 16393 13909 8002 7730 8889 7509 18498 31 16971 4951 4 15658 14466 5 13909 16480 4 15658 14466 21 21 5 28 21 
21 20402 18498 22463 7127 4 991 6103 9122 4 21596 11577 7850 20634 6103 20127 7850 28 0 21 
18525 15658 10959 6103 22463 14694 0 9901 12780 21596 3031 30 5 28 15708 28 
21 15678 20634 15908 20402 3265 4 9193 15678 3265 21371 1027 5 30 4766 1097 6103 7707 5 5695 20402 22463 10211 6103 1114 21 
21 9369 15678 6509 6103 22327 18498 14335 12034 4 7730 7509 4672 18498 20149 19295 5 5892 15678 18498 20402 9172 5 20244 14378 6103 15128 4 15678 18498 6400 6103 9193 9743 4 15678 19508 28 12780 14335 753 5 21 
26 21726 7850 21252 5 5 5 17438 18498 20402 9010 14924 18498 9193 9743 16468 16673 20247 
21 9193 13359 18498 31 16971 18498 740 3510 7850 10927 7509 21502 6103 20393 19247 20402 11663 5 17324 11462 352 2727 11663 4 22463 21220 15138 11020 4 29 14764 18498 15658 6679 18498 15502 16468 7850 22942 5 740 18498 20402 22463 22278 5 21282 28 1022 20402 16083 7127 21 
21 21 21 7847 13405 20670 20500 31 9193 7594 
7847 13405 20670 20500 31 9193 22034 
7730 9193 15855 16404 7847 4 16721 18498 20402 20463 18191 16605 18498 15678 13405 879 
9193 20402 17438 9193 7730 17438 22318 21 21 20474 28 21 
21 21 21 7847 13405 20670 20500 31 9193 7594 
7847 13405 20670 20500 31 9193 22034 
7730 9193 15855 16404 7847 4 16721 18498 20402 20463 18191 16605 18498 15678 13405 879 
9193 20402 17438 9193 7730 17438 22318 21 21 20474 28 21 
22657 15138 31 16689 16098 2026 5 16721 7914 23135 28 28 6103 28 28 28 7730 28 28 
21 21 21 15658 11284 15425 6357 13905 6103 550 7509 18498 15678 1995 17821 6103 4796 7730 7850 14425 22861 6318 4 7914 5193 5 7730 15658 8995 9594 7509 4796 20402 4 7850 4842 6103 9077 5 9193 4796 6389 4 7850 12648 4 4766 16971 9626 4 4766 3870 4 4796 7850 18191 13699 4 7850 18191 14534 5 15678 23577 12758 21282 17304 20402 31 4796 4 6103 19509 1453 15678 5139 4 15678 136 6103 13909 6103 22998 1249 4 31 19699 15324 21806 6103 10796 4 31 17022 20293 15138 2727 21471 4 5459 15138 2727 6728 5 21 21 13359 7914 871 13727 7730 10959 5 15138 1114 8464 15708 30 5 28 17438 368 7730 1502 15678 14604 21 21 26 21 21 5 9193 14425 26 5 21 
21 7730 1920 21623 31 20247 4 7730 4785 15678 21252 5 15678 14425 17737 8995 7850 8637 6103 1027 15678 16083 5 5 5 21 
21 18476 9193 7491 4 31 16971 288 18498 9193 9303 6 21 21 20207 28 4 21570 31 20402 13909 5212 15678 970 18498 16162 31 18191 14472 21 21 21 
21 16077 5 871 1249 6408 4 740 9743 15138 20357 5 17629 23151 31 8678 5 5 5 21 
9193 4346 5 5 5 
20293 5 5 5 
7730 9743 21793 7178 5 5 5 
21 3718 7509 15144 30 28 
21 21 18498 15678 16083 19900 18476 8995 4766 14378 4 7730 14335 21810 9193 3192 20244 9743 16836 6329 5 
18498 15678 16083 15585 18476 17629 6103 20537 7730 15658 12780 7957 2647 31 17478 4 9193 8386 18498 15658 15678 1033 14466 17458 8995 18559 5 
18498 15678 16083 238 18498 14335 17703 4766 7847 7730 15658 20149 12834 4766 9193 20772 4 7730 20149 7847 20402 9333 19900 14335 7491 12861 4766 6304 16066 3058 11590 5 
18498 15678 16083 16765 9193 10305 7730 15658 19698 6103 9193 4 15424 20149 1575 7384 5 
18498 20149 9193 9743 22463 2976 15678 16083 10959 22463 17556 13909 6103 9193 4 17458 21371 17629 17304 9743 21803 21389 22898 5 
18498 20149 8995 1453 3697 15678 16083 15658 16721 13640 18498 8995 15457 4 16066 7542 4 16066 682 4 15424 7491 18498 18910 6329 5 
18498 15678 16083 20357 18481 14335 30 11670 7509 16780 4 7730 16072 9901 4815 22463 17556 7914 13727 6103 23151 13640 1393 20931 22942 5 
18498 20149 8995 15637 9692 19854 15678 16083 20402 14604 6041 4 9193 20244 9743 777 15424 7491 22 22 15855 18498 8995 21596 15138 16135 4766 23135 20 22 22 
18498 18476 20244 18533 9193 7491 22463 4672 2727 11953 7148 6103 13909 16971 4 15678 16083 15658 14335 9450 15424 14335 19674 5 
18498 20149 9226 16784 31 16135 4 16784 31 11066 7730 16784 31 4907 4 15678 16083 740 1920 14335 288 13512 7730 14335 452 5 
18498 15678 16083 15658 14335 5241 20293 7359 4 20293 15389 4919 4 9193 14335 238 18476 15658 8995 17304 20402 15299 7384 5 
18498 4 9980 4 15678 16083 8386 18498 14539 20149 1393 22898 14335 8744 4 15658 20402 4 15424 7102 20402 4 31 15145 4 9193 1453 22463 16971 6 23195 7730 10259 4 11991 7730 10896 4 1966 7730 2143 22463 15144 5 21 21 
11066 31 28 4 17438 21793 31 15144 20 7563 7464 20244 19818 21 
19900 16098 13055 20402 18704 5 5 5 
15138 3058 20 20 9193 22463 17218 15253 
21 4289 7914 3962 7850 20474 4 6408 6103 22463 20247 21 21 26 21 21 7730 8147 22463 14694 6075 20402 3058 6329 20 20 15708 9942 13512 30 5 28 21 
21 5521 4 15138 5521 5 5 5 26 3512 9961 21 
15138 3058 20 20 22657 31 16689 13359 7730 20149 2027 5 5 5 
8443 5 5 5 
21 7847 4 9808 7509 22942 4796 28 5 5 5 21 
4796 21810 22463 21394 7850 21662 5 5 5 
21 21 21 18498 31 10268 7509 14378 18498 21596 
15658 14335 11810 6103 22805 15678 18498 1267 
18498 31 15041 6103 22327 7914 18498 368 
15658 14335 21394 15678 16098 7730 31 2988 
17458 14561 6103 9193 20402 15678 18498 9193 11091 
31 16083 14561 20402 20537 
18498 31 15286 18498 16098 1393 13667 
20402 13512 740 18498 22225 
18498 31 15144 18498 1027 20402 17872 20293 28 
14539 18498 7396 
17324 14561 6103 9193 20402 16440 
31 16083 14561 20402 20126 
18498 31 16192 18498 9605 
15658 20402 16098 4796 17617 15424 19335 4766 9860 
1453 19456 4796 31 23577 4672 
18498 19509 31 22463 11474 12693 6103 20352 
17324 14561 6103 9193 20402 15678 18498 16098 
31 16083 14561 20402 15678 18498 3532 
18498 31 9193 23167 6103 12780 7957 
20149 22020 7850 3558 7730 7850 16580 18498 14514 
18498 31 21579 18498 14335 5608 17438 6389 
20402 22463 7127 18937 
17458 14561 6103 9193 20402 15678 18498 16721 
31 16083 14561 22463 23187 
18498 15678 14378 7509 20781 20149 538 
7730 15678 5492 4815 14539 20149 21858 1393 14466 21156 
18498 15678 8832 19089 14604 19800 15658 7623 20853 
18498 14335 13325 21596 6075 7850 12319 
17324 14561 6103 9193 20402 31 13324 7509 18498 20402 
31 16083 14561 15658 19900 
18498 15658 20402 17629 13909 7509 18498 22463 20558 835 
17872 14335 9743 1615 15678 8908 
7730 18498 15678 20463 20537 14335 9605 3450 22897 13909 
17324 14561 6103 9193 20402 150 
31 16083 14561 20402 3699 
18498 31 28 14335 1515 22463 19484 
14539 18498 7847 14539 15658 19900 
7730 18498 15502 31 21582 4894 
17324 20402 17629 20560 17872 9748 10089 
17324 14561 6103 9193 20402 17249 
31 16083 14561 20402 3718 
18498 31 9193 13690 20402 16793 
17324 14561 6103 9193 20402 1114 
7730 31 16083 14561 21371 22 22 28 28 21 
20402 15678 9971 7509 15190 5 5 5 
21 21 21 20402 20304 7509 20463 21551 20402 20402 20304 6103 20500 18191 21 21 28 5 9193 740 4289 13761 5 5 5 21 
22657 15138 31 16689 13359 5 5 5 
4672 13909 13512 5 5 5 
21 29 1249 7509 9193 4086 4 15138 1114 8464 5 15708 14604 28 20 21 
21 16836 6 20149 23135 21596 22463 13056 4 16066 866 15138 8810 18498 10648 6103 873 18498 22318 1027 15138 5 23135 9450 4796 22463 21 21 22246 21 21 16404 18498 21793 22805 3450 7055 4 19900 15894 23135 11139 4 6194 18481 5960 16066 2136 6075 22665 5 16066 23135 11139 4766 15678 5528 662 4 18044 7730 14096 15678 5528 662 0 21 
21 21 21 31 22318 9193 12780 4510 
17324 22327 23016 6103 22318 
7730 22327 8995 7914 22318 
17438 22318 12780 3610 
22318 20402 31 7284 
15678 20749 31 14335 11165 
22327 17304 16468 
21680 1114 12894 14335 6256 
20293 11284 6103 9387 
15604 1022 17714 17872 9193 
22327 17304 16468 
21680 1114 12894 14335 6256 
9193 14335 19415 1393 21680 18376 
20402 22327 18498 9193 17629 17872 23104 
9193 14335 13185 1393 21680 3192 
15894 8147 14604 19121 
28 4 7840 1614 21 21 21 
21 22463 1249 20 16468 19871 4 20688 1393 28 5 21 
21 21 21 2745 15678 20304 31 9193 910 20 2745 15678 20304 21793 15678 14604 20402 20 2745 15678 20304 15678 20304 31 9193 910 20 15658 8918 15425 6103 20931 3369 20 21 21 
19229 22463 7509 14426 14924 6103 29 4 4766 31 4181 6103 18533 5741 7730 1540 740 13909 7914 29 5 
21 11284 29 1249 4 15459 14539 23523 9193 5097 15678 19522 7509 22882 5 7850 1249 18498 20149 12345 9193 4809 31 9193 29 9574 5 20244 4181 4 20244 4 7730 4766 29 9942 6103 29 1249 16404 5762 5 11462 4 871 7259 6408 4 9946 7850 22575 4 7730 15138 31 662 31 28 5 21 
21 4672 13909 4273 20402 8147 4766 873 4 7730 31 17819 4672 12345 22463 5459 20670 4766 6 23135 9010 13900 16066 4796 23135 9010 10943 5 5 5 16066 4785 31 22318 16468 7166 7730 18928 5 21596 12578 16673 16971 4 5947 15678 21551 1393 13131 6281 4 17908 19900 20149 8995 9808 7730 15658 1453 16673 15678 18498 22805 5 17989 9594 19150 7509 28 21 
4796 7515 9743 29 29 7509 18884 5 9901 15138 3058 20 20 22657 31 7157 20 
21 17737 6103 28 7509 28 16404 15253 4 7730 16404 31 21423 5 22805 20 0 27 8361 31 5758 21 
21 13033 18498 9193 21582 10447 4 9193 10959 21389 7509 14924 8637 5 5 5 15658 19440 5 15708 14604 28 7730 16169 17438 22327 20 20 21 
15658 9387 20 15424 3166 20 20 
2371 20539 15658 20402 0 27 
22657 31 16689 13359 20 
21 17324 20402 4 17324 20402 5 5 5 21 
21 21371 288 5 17629 6103 12738 7730 22821 4 6103 1067 15678 13131 5 21 
21 4809 31 8414 15678 3943 6103 28 4 7730 4766 7847 16192 5 5 5 21 
1095 5 5 5 13512 5 5 5 
21 21 21 15643 14335 6256 8918 18498 22327 15678 18498 21596 4 22327 15678 18498 20402 7730 
15678 18498 23016 31 20402 4 23016 6103 22318 20304 21 21 5 21 
21 31 16971 201 6103 5174 4 7509 10211 13909 21113 17521 4 13055 7491 18498 1027 4 16721 18498 13055 20402 14425 1095 5 1103 6103 22821 8464 21551 4 8464 5179 4 20402 22823 4 15855 991 7509 1434 4 21 21 4796 19971 13026 21 21 7730 20149 17703 6103 22821 4766 16083 5 5 5 15678 19509 20402 15942 7730 12578 18191 5 21 
26 5 5 5 28 
21 31 10343 7509 20247 20402 6 21 21 20402 16404 21596 20402 20558 21 21 5 
31 22942 15658 20402 20558 4 7730 16468 19871 6329 5 17629 6075 22665 1393 18498 18784 11862 5 6256 6103 13131 31 3348 17438 4672 7824 7730 16463 4 16793 4 16630 16802 7730 20149 16793 5 31 22942 20402 22463 20844 7730 31 23577 4672 18498 22657 31 16689 20402 23104 7914 16580 4766 18525 1027 7730 4766 21793 31 22942 20402 22463 20844 21 
21 3510 7850 19415 4 13055 20402 20 21 
18498 13512 12862 20 
21 1614 4 21793 20149 11687 5 21 
4841 6103 22915 3960 28 
21 21 21 1393 4292 7509 702 5 5 5 21 21 4380 78 3960 28 21 
21 10648 17737 20402 15138 3058 4 7730 18476 7847 23016 6103 21189 4 13512 7730 4290 6103 3870 0 23489 4766 31 10273 7509 9193 9867 6103 29 5 472 19722 20 15708 1095 4 17737 4290 6103 1114 20 26 21 
21 15299 4796 22463 9975 6103 20247 18899 6103 8155 4766 1095 4 16404 12345 31 20207 13909 13405 5 15855 7850 15855 7509 18498 22657 31 16689 21 
15855 9193 15860 7730 7491 31 22821 5 16098 14539 18498 7545 5 
21 3058 7127 4 28 20 21 
21 7730 4766 22463 22202 2727 7635 4 16404 340 9010 20474 3698 5 5 5 28 21 
21 6184 31 23135 18498 18533 7459 15678 16587 4 18498 17525 20244 16721 21793 15678 20463 17635 11139 31 1249 7914 20463 16654 5 21371 6184 31 23135 4 1095 31 15555 4 4766 21793 15678 14604 19456 5 
18197 6 18475 4795 6978 4 9193 12780 14335 1794 7730 6292 5 21 
21 21 21 17629 1540 15678 18498 20402 19456 21 21 21 
21 31 20644 9010 4894 7850 19415 20699 5 16971 20149 15806 17438 4060 6103 16440 7730 3665 20 20 
20149 15678 16587 9010 1920 11462 31 5891 20402 6103 21793 15671 21371 20 560 4 18525 15678 7855 0 
15855 4 15678 23174 20402 20158 4 7730 740 9387 22463 7277 6103 8637 5 7730 5482 18498 15424 21 21 28 21 21 7730 15424 21 21 28 21 21 21596 3058 19401 7730 18006 16404 15678 16587 5 9193 4 12862 15658 9193 6075 15678 7277 6103 15806 15502 5 
18533 20202 31 12147 7509 20463 16500 0 12780 13761 20 18533 20202 31 12147 7509 20463 13786 8871 0 12780 13761 20 18533 20202 20463 11638 0 12780 13761 20 654 13330 6 15678 11637 20420 16967 4 9130 7730 8637 5 21282 20 
15138 12657 16404 18525 9605 21389 6103 21 21 1114 21 21 10347 7730 11688 5 17989 9594 21 
21379 20 
21 13055 18498 15678 10696 28 9901 6564 4 9743 31 20238 4766 15678 10708 21 
10696 28 9743 20238 1276 6103 7940 16404 13909 22463 2304 16440 
21 19150 7509 3512 9961 16404 23135 4 18533 17931 5 16323 15658 20813 16673 7127 4 9193 16673 8637 6103 22463 13512 17939 5 21 
26 4766 3031 
21 4289 20 7730 15637 13512 20205 5 
29 26 4766 3031 21551 6103 662 21 
21 21 21 20149 23135 21932 4796 9743 20238 15678 7127 12526 21 21 10343 18498 10765 16098 17438 2371 4 15658 20402 28 21 
21 10765 18498 7491 18498 20357 20126 4 18498 1027 5 5 5 9193 15643 21596 21551 4 15643 13480 7730 15643 8995 13026 6 26 20 21 
20453 7509 21409 
9010 18910 7509 22942 0 352 31 29 6 29 7509 14049 7730 12780 340 22463 11669 7914 22463 5291 9308 7850 21206 5 10657 18498 23135 1540 31 662 20 
21 4788 15678 1247 7509 12939 18498 7847 10959 6 4766 15678 9943 4 678 7730 15460 5 0 1247 7509 14181 21 
7730 4289 15678 14425 15266 7509 1249 20 1247 7509 14181 26 
21 16972 4 12780 12960 20402 22463 29 19635 6103 6170 4 5288 7730 19097 5 873 21596 12578 0 21 
21 21 21 15833 26 26 21726 26 11617 26 26 26 26 20916 26 26 
11678 26 11617 26 26 26 26 21726 26 26 26 14335 26 
26 26 21776 14335 26 11617 26 11617 26 26 26 4 26 26 21 21 
21793 15678 16169 7102 9743 20 20402 15138 3058 20 15658 16784 20 20 
21 7914 21282 7127 9193 22805 31 15241 7509 22640 15930 7850 29 13597 8329 29 630 7509 17654 13025 4766 29 17343 14684 879 16936 1535 7730 15150 22463 22781 1068 6103 37 4 7730 21596 18498 20402 2021 7850 17478 6103 20402 7509 2504 4 17438 4060 7509 13949 4044 18498 4487 4766 9193 3047 5 5 5 740 2727 18498 20402 20474 4 7730 18498 9010 201 5 11066 31 28 20 11590 23394 21 
20813 28 19900 18525 20402 6103 22821 26 
21 14004 22657 31 16689 13359 4 991 7509 5876 6103 15658 9450 15678 15576 9948 5 21 
17324 20402 5 5 5 
21 31 3610 7509 22942 20402 20784 5 15658 11284 21551 7850 618 16404 15678 19205 4 16404 31 16971 5 20813 28 17304 9193 11139 5 15658 11284 1114 7914 20879 26 21 
17438 15658 21596 7127 16404 20402 9808 5 18884 7509 28 28 5695 20402 22463 10211 6103 1114 
21 21 21 15678 1095 22318 5174 13909 16673 20463 6198 7509 18498 16673 20463 15262 5 4766 15678 1095 23135 17304 16721 7914 23151 951 21 21 28 28 18704 21 
5311 19154 19859 1393 29 21551 6103 662 
4809 15678 7127 4766 21601 20402 3058 15658 20402 0 472 26 21601 7509 3031 
19407 3972 26 9193 18498 9743 
17438 9971 5 5 5 9743 7178 1103 22823 
21 11462 7850 11635 16404 15678 918 4 22805 18691 4 22463 3959 6103 12979 3213 5 7847 4346 4 7730 7847 9594 680 5 16784 15678 28 7730 31 9605 5 5 5 4796 9010 20644 14335 12034 7730 12158 5 17304 20402 31 9193 9942 5 9193 23167 20402 7491 6 21 21 14464 12780 7957 21 21 21 21 14464 3472 15678 20463 16169 0 21 21 21 21 14464 15658 16468 17438 12862 5 15678 20463 22665 20402 15138 13905 7509 18498 23135 16721 21 21 5 
15678 5528 7509 15144 7102 20402 11139 4 5876 4 17745 5 11284 9835 18498 13405 22463 22942 16404 20402 5929 5 21 
1103 22823 8464 15965 5 
21 7914 5929 7730 22023 4 19859 1393 29 21 
23135 21596 22463 1095 18498 22318 1027 15678 21036 16404 22318 7491 31 22821 0 1103 22823 11843 7914 22059 5 
21 512 0 7730 654 0 
21 21 23135 20402 6072 18498 6202 20463 17406 6103 22886 31 18475 5960 0 20293 7360 31 753 15678 18195 4 23135 13405 20463 21932 31 21267 4 15658 11862 15894 5 20402 22463 13310 23171 4 18498 13359 2136 19887 6103 7933 6103 19982 5 5 5 7730 21596 22463 20326 6103 13048 1599 20 15678 15190 17629 6103 13909 10765 4796 23135 5 5 5 7730 15576 20915 21371 4 15658 0 6 21 21 
1103 22823 8464 21551 5 
1103 22823 10343 26 28 11107 
21 11284 22463 13727 15894 15678 20826 15658 20149 115 
11284 22463 13727 15894 15678 21539 15658 14335 8336 
11284 22463 13727 18498 18476 20149 16784 20402 18498 20149 10648 
8956 13727 20402 7850 20304 21 
29 5168 15144 7850 8832 20402 3369 
18525 0 
21 9010 1249 871 20402 78 4 9193 15678 26 6103 11462 12780 8815 16404 31 28 16323 13512 20 13325 7509 20463 15534 4 16429 7509 20463 3960 7730 654 9010 17737 6103 28 7850 20931 22942 5 16689 15658 8995 16936 16404 340 4 9193 31 22942 20402 9790 6103 7419 4 15678 1114 17792 5 22463 7127 13512 16404 23135 20 21 
26 6103 20207 5 5 5 3058 7127 5 
21 18374 12517 12517 4 201 6103 19969 7509 10240 6 20244 16102 4 20244 13307 4 20244 14172 7730 21916 1829 5 21 
21 20244 16102 4 20244 14172 7730 20244 13307 5 21662 5 21 
28 28 
12780 1795 31 3671 18498 31 20474 4289 20 21298 5 10568 5 11617 5 9542 
7730 2371 0 15678 18498 23135 288 0 
14604 12901 6103 11462 26 28 
21 16673 5846 4 14335 4229 5 10768 14335 2082 4 7730 9193 4 20244 16192 14335 1585 18505 17438 20463 1114 21 
18498 9956 22223 5 5 5 
21 16972 4 873 21596 12578 7914 22463 28 29 4 15619 0 0 21 
23135 13055 6075 22463 15855 7850 26 6103 11462 0 
21 11462 15678 918 9808 20402 4766 9010 13514 4 7730 15678 16292 5 21 
15658 20402 0 0 
19859 1393 29 
7730 15678 28 1765 7850 26 5 5 11561 6 21298 5 4591 30 29 29 
23 20 20 
21 12862 14335 9743 16721 4 6408 6103 22463 5459 18498 16098 11462 4 7850 14534 1393 13131 5 5 5 
31 13052 2118 20149 7491 13591 4 21596 278 10544 31 22327 4 13441 4 12301 5 5 5 7730 15643 9025 22385 16784 5 
20244 9594 18498 4 7914 22463 10343 29 16192 20402 21 21 21743 21 21 7730 15678 16083 29 16195 5 21 
18498 10138 20 20 
21 15855 28 28 4 288 2136 18498 12780 21596 16083 6 21 
15678 14425 21684 18498 9193 13359 2136 654 20 6219 15678 18498 9193 16721 7730 4796 7102 17714 15678 15576 9943 16404 31 4416 5 
28 6 18533 22805 20149 12780 18910 6981 7894 3166 842 11586 15678 17563 3170 20 
21 21 21 20149 13325 18476 31 10765 4289 22463 7127 368 5 5 5 21 21 21 
3222 20 18498 22834 20 18498 22834 20 20 
8443 5 5 5 
21 21371 8995 7914 3348 6103 5656 4 3058 7730 4766 3058 17807 5 21 
21 16972 4 8995 7914 3348 6103 22463 15258 15647 15358 5 873 5174 7730 12145 0 21 
21 1103 6103 22821 4 18704 6103 15138 22665 5 21 
18498 7722 7509 28 
20215 28 
21 5947 15138 20 20247 20402 3698 4 9193 10648 29 919 9808 4 4766 1095 13512 5 21 
21 23 4 21596 16135 4 23135 21371 12780 8448 5 21 
21 28 28 4 28 28 7730 28 5320 28 13325 6103 23135 1937 15678 9956 6 9193 21409 4766 28 5 21 
21 26 7509 20247 4 9193 12551 7850 7127 4 7850 15266 4 7850 1249 4 7850 22942 5 3058 7127 20 20 21 
21 28 4 5947 22463 5517 6103 10433 26 28 21 
17458 11462 7847 18533 3541 6103 21203 5 31 14425 4842 7509 15190 
21 10547 4 15138 10547 5 21 
12960 20 28 23274 10650 
21 20244 5362 4 15658 11284 5742 5 1453 4826 5 5 5 21 
12780 28 20 20 20 
21 18381 15678 28 28 7491 18498 31 4790 20402 21 21 19676 21 21 4796 15678 12959 7509 28 5 21 
21 8329 9193 23104 4 5360 1540 5 5 5 19859 1393 29 21 
21 918 4766 15678 14181 4 24 20 20 21 

