21 11560 6 23 5 30 
20244 13909 5 21 
2727 2389 5 
7850 9355 5 
26 26 26 26 6103 
21 11560 6 23 5 30 
11560 6 23 5 30 
11560 6 23 5 30 
29 6 21153 5929 16404 5997 
2136 11462 6 21282 11808 16404 17918 5 21 
21 4524 6 15658 5799 5031 4 9193 20539 15678 14860 7730 31 5896 17982 6103 21 21 12780 17769 22463 5037 16404 21596 21981 17872 19509 7509 22942 4 20244 17629 14335 2124 15424 9239 5 5 5 21 21 21 
21 16334 6 21 21 7730 23135 2371 4 288 18498 20402 28 5 21 21 21 
13909 22463 6103 
5936 2389 5 5 
2647 6103 1084 7730 2637 15138 3058 5 
21 17438 18498 15678 9707 6103 18498 8995 7966 4 2112 22463 11474 7730 17520 29 30 7850 28 8995 17438 23575 0 16208 5 5 21 
27 3058 
15275 23 
21 4854 20559 17458 1471 6103 1341 15678 1840 4 9193 15658 19900 6103 871 17413 12577 7509 2125 21 
2548 20 
21 26 5 5 5 26 5 5 5 22223 18498 20402 21267 5 5 5 7730 8329 31 2251 18779 8956 16208 4 15678 16209 20402 7847 4 22805 21282 5 5 21 
7730 16323 1393 8525 21793 5 
17438 12861 21596 11518 18498 20402 9526 7730 288 18498 7102 21596 22463 9308 1374 16404 22805 20149 31 16971 20402 20318 15678 21036 16404 17304 23104 7914 20709 5 5 5 
27 18494 12861 
21 3058 20 30 
15790 18476 8147 22463 26 20446 15138 3058 5 5 5 7509 3805 5 5 5 
5 5 9193 740 15658 4289 7850 9193 4417 16066 6400 20402 7509 22588 7509 8057 7509 19143 7730 17438 12861 7847 9901 20244 2614 7509 6075 16404 21932 5 5 5 16066 4672 7509 21743 5 5 
9193 472 18476 4289 6103 21 
20402 27 27 
21 15658 5482 7491 4796 20402 16367 15658 1840 6103 29 4 9193 4854 2620 16404 7491 6 22223 7730 8302 15678 15658 16002 20402 21 21 5448 21 21 5 21 
21 28 7730 13076 4 20402 12861 18498 349 21 
21 21623 15678 7314 4766 21 21 11617 22 30 26 26 21 21 20402 17872 9769 4766 4276 6103 16067 20 21 
26 26 8995 29 22897 17872 21662 15678 29 6103 
26 26 8995 29 22897 17872 21662 15678 29 6103 
27 
21662 29 
26 29 11943 26 20 26 22 30 26 26 14335 20 21723 9 11560 6 26 5 30 29 29 
27 
20559 5 5 5 5 7509 2548 20 27 
21 21 21 18525 15658 9743 15299 17872 15128 15678 15190 8995 20293 15138 8017 7914 18069 18498 31 16971 18498 9743 871 4672 8995 8561 14425 20420 20149 22564 8956 8208 16404 21582 15128 4 6103 9707 4 871 4672 5 4796 7491 9193 2336 6 15658 18533 753 4 15658 2084 5 21 21 21 
23 
13055 18498 20402 2116 7384 11462 7730 9193 21596 22463 8388 8561 5 5 5 5 4854 
27 7509 2548 20 
12861 5 5 5 20402 17872 20402 15678 26 16630 13307 5043 0 
12780 9743 22463 5755 6103 13139 1614 7914 3962 654 5 5 5 21282 6103 23454 
21 21 21 17458 15678 28 15658 19900 15678 18606 15658 8995 4766 15299 21 21 28 4 28 
20244 20809 6103 7728 20 21 
21 9193 15678 3790 20402 15138 2374 5 5 
21 21 16645 6 22640 16404 6215 5 5 5 21 21 21 
21 21 21 31 20931 23180 9743 31 7178 21 21 
15678 18498 23135 18533 15128 0 11560 6 26 5 30 29 29 29 21 
28 
23 
19843 28 6 951 7850 17807 7509 23572 16958 7850 16047 7730 7235 17304 6103 4913 7509 20848 
21 15855 2371 5 5 5 16404 
21 21 1453 29 18533 22240 17737 7850 7127 7509 15311 21 21 21 
21 19843 9308 4766 6 15036 1393 29 1249 15678 2076 28 28 4 15678 28 9 11560 6 26 5 30 29 29 11560 6 26 5 30 29 29 21 
21 20402 5 5 16393 9743 20357 
21 21752 2389 20670 8956 2927 6103 20402 11497 6 
27 7509 3805 
21 21438 22805 15678 26 7509 14464 26 5 5 5 5 5947 15678 26 5 5 5 7730 5 5 5 
21776 4854 8956 4 17458 7914 871 14924 4 4766 873 4 8995 5459 8817 20670 15678 19407 5 5 5 21 
18070 31 4672 13909 16937 18498 22805 7850 23575 15266 17872 13909 6 
19843 15855 7197 6 13284 5762 10628 16404 4872 4766 28 6 
19843 28 6 17304 9743 31 6070 7509 28 16404 4788 5 11560 6 26 5 30 29 15803 11211 
21 13076 
5 5 15658 5219 288 23222 7509 28 7730 31 10122 10142 
9193 5 5 5 26 26 20 21 
5876 7914 10606 20 27 27 
21 21 21 31 8208 29 13501 15658 17304 8840 21 21 21 
26 26 26 26 26 12642 26 26 26 26 16073 20402 11560 6 26 5 30 29 29 
19843 3364 28 6 26 26 26 21776 26 26 26 26 11560 6 26 5 30 29 29 22805 
19843 26 26 6 26 12642 26 26 1983 30 26 26 
19843 28 28 6 13543 6 26 30 2786 26 7899 26 
11462 20402 26 
21 19843 15855 7197 6 17835 21947 7509 26 26 4 5754 7509 26 26 26 20402 5041 1393 17856 16901 6 11560 6 26 5 30 29 29 21298 11560 6 26 5 30 29 29 29 21 
19843 15855 7197 6 28 6728 22861 7509 28 16404 5074 20931 3962 6 11560 6 26 5 30 29 29 11560 6 26 5 30 29 29 
19843 15855 7197 6 7850 10530 17304 20402 17521 6551 15678 20655 4766 31 14487 11560 6 26 5 30 29 30 11560 6 26 5 30 29 30 
19843 26 15190 6 4425 7491 18498 17304 8995 7914 22463 26 5762 17438 20402 7509 10530 
19843 28 28 6 15678 26 9901 21793 11686 22564 14273 6788 0 22805 
19843 28 28 6 15754 15658 9743 20357 22463 26 6103 14273 8633 18498 9711 18610 29 17438 15266 5 9083 11663 6103 4229 2031 
21 21 21 23135 8386 6103 30 4 14047 7730 6103 4443 0 16066 20402 22463 9641 0 21 21 21 
21 21 21 20495 7850 5168 21 21 20402 21267 12861 0 21 
21 21 21 12780 7850 3387 
7850 9024 5 5 5 21 21 0 21 
21 3058 4 9193 15658 21596 9312 22463 15936 10211 20670 8956 1961 7509 19039 7509 13908 16683 4 9193 20402 3058 18498 1612 18498 17520 15936 10211 19900 871 15955 7509 18498 17304 20402 9790 4 6103 16990 7730 9170 18498 8995 20402 9790 4 7730 8956 21743 6103 4672 5 
871 26 18498 8147 15637 3348 19871 6 
21 19843 28 28 6 26 20497 26 28 26 26 11943 26 26 26 
26 20 26 20 26 16493 6 21 
21 3058 4 3510 19668 16811 20 21 
21 19843 28 28 6 23135 21596 6217 28 0 20402 11669 0 17304 22564 22640 8810 17438 871 15081 0 15658 0 8443 4 1095 4 15658 16404 15458 22640 4 20244 9336 5 21 
26 26 26 26 26 
19843 28 28 6 26 26 31 26 31 31 26 26 26 26 18698 11560 6 26 5 30 29 6 11560 6 26 5 30 29 29 
21 21 21 16753 2367 17304 15128 15678 15190 21 21 21 
21 28 
19751 6103 16494 21 
21 19843 28 6 21 21 15144 12430 7850 16440 15558 7730 20402 22 51 22 17438 20463 15258 7850 11518 11211 21 21 21 
21 19843 15855 7197 6 30 15061 4982 6103 21525 4766 14466 6103 29 14693 6103 8851 6 
21 7730 22463 13543 20670 15678 3790 18498 20402 2136 15678 3906 
21 21 15036 7914 21583 6103 1889 31 17341 4502 7850 23423 15802 21 21 6 
21 19843 26 6 21 21 26 26 30 22 21298 26 20402 10628 5 5 5 21 21 22564 15096 21474 26 16404 17913 10793 5 5 
21 26 10389 4 201 6103 12454 4 12780 22805 18470 20402 31 6981 29 5 7914 21592 4 16393 12577 4 12780 22805 20 21 
19843 28 28 6 1022 31 29 6 29 7509 14049 8995 1547 20670 20402 9808 4766 26 26 26 7850 28 28 28 5 1421 20 
21 19843 21806 28 6 26 26 26 26 1825 11617 26 26 26 26 6 
8956 20402 17872 23135 4 13076 28 28 21 
21 9980 23151 31 21596 22463 4381 10473 6134 5 20244 7728 4 20402 15678 17106 7914 22240 31 19441 21 
21 19843 30 6 21 21 26 26 26 26 26 26 26 26 26 26 29 29 21 21 4 11560 6 26 5 30 29 29 16404 11560 6 26 5 30 29 29 21 
19676 5 5 5 5 31 18498 15669 15678 20402 11570 4289 5 5 5 5 13170 5 5 5 
21 19843 26 6 26 26 26 29 26 26 20 
30 21 
21 21 21 18476 7847 20149 10122 15510 4 7847 18784 20402 10259 1920 21 21 20670 14550 26 5 5 5 
15138 16208 20 
27 5859 30 
21 1926 17324 14335 17703 4766 31 20127 7509 15144 4 17836 7509 18498 9743 16440 7509 9193 22942 5 21 
15138 13688 20 
19843 26 15190 6 1235 15061 4796 15576 23221 7914 20656 17304 20402 19676 23222 11560 6 26 5 30 29 30 11560 6 26 5 30 29 20879 18610 29 
21 19843 26 15190 6 28 0 28 7730 22513 1380 16378 16404 16421 21559 11560 6 26 5 30 29 18376 29 
26 20 21 
19843 15855 7197 6 28 17714 8406 7850 14506 6103 23222 17438 26 6 
21 28 4 15190 7730 15678 654 26 26 21 
21 21 21 4796 14096 20463 6011 2058 6408 7509 29 1249 5 733 4 23135 15658 19900 18498 7847 6462 4766 8956 11636 0 21 21 26 21 
21 19843 26 6 15344 20 11165 26 6 15678 3610 7509 16633 16404 20402 22463 28 26 11560 6 2914 5 30 13591 4796 20402 26 
16673 14466 31 18006 20402 13278 21 
19843 28 28 6 26 29 6 28 26 26 
21 19843 26 15190 6 841 20 12960 6103 13749 15039 28 23274 4289 1393 28 11560 6 26 5 30 29 29 15658 11560 6 26 5 30 29 29 18498 
16404 5 20539 5 6103 11115 21 
19843 28 6 26 26 26 5 26 21776 28 5 
19843 15855 7197 6 28 23151 31 20402 19161 7850 28 6 
21 19843 11192 28 6 15671 1502 31 29 15138 26 7730 28 20 16429 4 31 8406 20402 11046 6 21 
21 19843 28 28 6 17382 18498 7914 22897 6103 18006 15127 4 1515 7730 1453 9743 12861 8564 7509 16440 507 5 21 
26 26 26 3284 26 26 26 26 9500 26 20402 26 5 12863 22 20539 31 26 26 21776 26 20 11560 6 26 5 30 29 29 
21 19843 15855 7197 6 21653 13185 2647 18498 17304 58 3962 4 8057 7730 2136 13621 18449 6 21 
19843 28 3148 6 11625 19450 22463 7509 13905 17877 7509 28 18604 6 11560 6 26 5 30 29 29 
13441 6103 9462 20402 13909 11861 18498 7146 1243 12604 11560 6 26 5 30 29 29 11617 29 
21 26 4 5947 31 15599 20 
8918 15678 17960 1631 4 7491 26 1393 13185 20463 20655 14883 5 
21 8147 16971 1393 20463 19030 5 
29 21 
21 19843 15855 7197 6 28 26 16404 28 12780 16878 26 6103 13909 29 26 6 11560 6 26 5 30 29 29 
8995 9901 18784 2389 20 21 
21 19843 15855 7197 6 23135 17304 22564 22463 20655 4766 28 29 4796 4945 6 11560 6 26 5 30 29 29 29 
15658 16015 13055 11284 4766 28 4 9193 3058 20 21 
21 19843 15855 7197 6 28 11857 15604 15713 1393 15928 6 11560 6 26 5 30 29 15678 29 
740 8840 15616 20670 28 4 9193 3058 20 21 
21 22463 17556 6103 30 4581 3170 
19843 28 6103 28 6 4098 11560 6 26 5 30 29 18498 29 21 
21 19843 15855 7197 6 28 5121 6 26 7509 28 7730 7509 26 19745 7850 28 29 6 11560 6 26 5 30 29 23274 29 23310 
740 17658 16083 4 9193 3058 20 21 
2548 20 20866 7850 4253 26 
19843 11192 28 6 26 26 26 26 26 1983 11560 6 26 5 30 29 10568 29 
21 7804 9983 7730 9370 10555 6 17458 31 22942 20402 20825 7730 22137 20 26 26 11560 6 26 5 30 29 28 
14577 16404 23206 17607 21 
21 15083 16673 18470 14825 7835 9 21793 5 
28 7509 9856 3790 6103 16553 7687 20 27 21 
21 20222 7157 16404 907 20644 6103 9103 
26 21 
21 4385 6103 11367 28 393 6103 10948 7730 9743 2727 16404 15678 6011 26 11560 6 26 5 30 29 23360 
5947 5 5 21282 15643 16098 9594 7509 11367 1276 21 
21 17438 12094 18498 16393 4 288 13278 5 5 
16298 23029 15281 7730 5 5 5 26 21 
21662 22805 4796 10491 15678 3284 5 
21662 22805 4796 10491 15678 3284 5 
21 26 26 26 26 31 26 31 26 4 26 7850 26 5 28 28 21 
21 26 28 28 6 
26 26 26 26 26 26 21776 26 28 26 26 26 26 2547 11560 6 21298 5 4591 29 30 18498 21 
21 26 28 28 6 
21 21 31 26 26 21 21 26 26 26 26 5966 26 26 26 26 26 11560 6 21298 5 4591 29 7509 11560 6 21298 5 4591 29 26 21 
21 20402 15678 22573 4793 4 16393 3058 16404 13253 17555 16605 6103 22564 10380 5 11561 6 21298 5 4591 29 29 26 21 
21 26 28 3148 28 3148 6 
31 7018 7914 28 1603 15678 21635 4 7730 4796 23135 17304 753 6 11560 6 21298 5 4591 29 11617 29 29 11560 6 21298 5 4591 30 29 21 
21 3790 4 12861 16393 13278 5 4796 20420 20149 21596 20402 11837 0 11561 6 21298 5 4591 29 30 29 21 
21 26 28 3148 28 3148 6 
26 28 4785 31 22782 13598 11862 31 17807 14426 18498 15678 7509 13591 11560 6 21298 5 4591 26 29 11560 6 21298 5 4591 30 23 13800 29 21 
21 26 30 30 6 
11678 26 26 26 26 26 26 26 26 26 26 26 26 26 26 21726 4 26 22 18740 26 21776 14796 16073 26 26 26 26 26 26 5 21 
27 
21 26 28 28 28 28 6 
9193 201 6103 1502 15678 17960 29 20247 7509 28 7730 21480 28 28 7850 4016 11561 6 21298 5 4591 2794 29 29 29 21 
18784 11284 15138 8057 18498 472 9743 4552 6103 16209 5 5 11561 6 21298 5 4591 30 11617 29 13098 29 
21 21355 15678 14881 21 21 19038 22767 21 21 15658 20402 15678 14425 4 9193 4766 4181 15678 14881 4796 8995 20402 740 17106 5 11561 6 21298 5 4591 29 29 29 29 21 
21 26 28 3148 28 3148 6 
20463 4122 28 1341 17304 20149 21858 22463 23570 20327 11560 6 21298 5 4591 29 29 7506 11560 6 21298 5 4591 30 29 21 
21 26 28 3148 28 3148 6 
31 15604 2647 7509 21653 17304 19450 22463 7509 13905 17877 7509 8208 20751 6 11560 6 21298 5 4591 30 29 11560 6 21298 5 4591 9542 29 30 21 
21 26 28 28 28 28 6 
20474 31 29 8995 7850 26 28 19972 30 1547 20670 21 21 20402 9808 4766 26 26 26 21 21 4 1421 6 21 
21 26 3510 19668 16811 30 22479 6 
28 26 26 31 26 26 15803 26 26 20402 26 
21 26 3510 19668 16811 30 22479 6 
28 26 26 31 26 26 15803 26 26 20402 26 
21 26 28 28 28 6 
26 26 26 11560 6 21298 5 4591 30 21 
21 26 15855 7197 15855 7197 6 
5695 19726 20402 3735 6103 17714 13909 6103 29 14667 18884 6 11560 6 21298 5 4591 21298 29 197 18610 21 
17819 26 26 16066 19900 13761 5 5 5 14730 15908 6103 
21 26 26 26 6 
26 31 26 15803 26 26 26 26 30 26 26 26 30 
21 27 
20007 31 7661 7509 26 20 
28 4 28 4 13076 4 28 4 28 21 
21 26 28 28 6 
31 26 26 26 26 26 31 26 26 6 11560 6 21298 5 4591 26 30 29 21 
21 26 28 28 28 28 6 
26 26 28 26 26 26 11560 6 21298 5 4591 26 13800 29 28 22805 28 21 
21 26 15855 7197 15855 7197 6 
28 17973 19450 17877 6103 5621 12139 6103 28 7509 15928 7914 2136 29 20247 6 11560 6 21298 5 4591 29 21 
21 26 28 28 6 
26 26 26 26 26 26 26 26 26 6 11560 6 21298 5 4591 29 29 11560 6 21298 5 4591 29 29 21 
21 26 15855 7197 15855 7197 6 
16673 29 22897 4 14506 10883 6103 15286 9711 13909 4766 10216 7197 11560 6 21298 5 4591 29 30 11560 6 21298 5 4591 30 29 21 
6103 10211 16066 6103 16083 5 5 2727 12577 5 11561 6 21298 5 4591 30 29 29 
21 26 30 26 28 6 
26 26 26 26 26 21776 26 26 11617 21776 26 26 26 26 26 26 21 
12780 7957 26 6103 22318 5 
21 27 25 23 5 5 5 951 10583 7850 17950 7509 19169 7509 2447 5 5 
9193 15741 6 21776 434 22463 16083 26 18498 4886 8956 5 5 5 15658 20402 7847 18498 5762 31 20644 6 
5 5 5 9193 4524 5 5 5 15658 6256 15424 22463 17556 6103 20402 8302 16404 21 
23 5 5 11561 6 21298 5 4591 29 29 
21 26 28 28 6 
29 26 21776 26 26 31 28 26 26 6 11560 6 21298 5 4591 28 30 29 11560 6 21298 5 4591 29 15238 30 29 21 
21 26 15855 7197 15855 7197 6 
10475 7509 26 20402 22979 7914 12960 22782 7850 28 11560 6 21298 5 4591 30 29 29 11560 6 21298 5 4591 29 29 23351 21 
21 28 28 4 28 28 7730 28 28 28 
5 5 5 13793 4 13909 16673 28 5 5 21 
21 26 28 28 28 28 6 
2914 15803 2914 29 26 4 4469 26 7730 22640 7850 28 29 11561 6 21298 5 4591 30 29 29 16673 26 28 7730 28 26 6 21 
21 28 28 
21 21 29 6256 15678 23491 6103 13131 21 21 
26 26 26 26 6103 26 26 
21 26 28 3148 28 3148 6 
21959 18772 6103 28 20402 10259 15678 21036 16404 713 16247 7730 9549 6 11560 6 21298 5 4591 30 29 30 11560 6 21298 5 4591 29 30 29 21 
23135 15658 19900 15678 18498 8995 16784 27 
22327 18498 20293 20825 20 11561 6 21298 5 4591 23 29 
21 26 28 28 6 
26 26 21776 26 15005 21726 11943 26 26 21776 26 26 6 11560 6 21298 5 4591 29 11560 6 21298 5 4591 29 26 21 
21 16393 21596 11284 4766 4854 17077 7730 21340 5 5 5 15658 13359 7277 4 9193 15146 18498 18533 13359 7730 22805 20149 20402 23579 6103 22821 15678 1840 4 9901 1393 23167 21 
21 26 11192 28 11192 28 6 
15678 18195 8147 7509 11192 28 20402 7850 7127 29 119 31 29 6 29 7850 28 30 11561 6 21298 5 4591 395 29 997 21 
23135 15658 12780 368 17458 22463 17930 6103 7766 19388 31 22356 12526 20 11560 6 21298 5 4591 29 29 22805 28 
21 13055 18498 15678 22406 15658 7491 15678 21036 4 434 1393 9193 17523 22463 22133 6 
21 21 15678 17930 8443 7491 4 26 4 12780 9743 22463 9417 20704 15459 4526 5 1393 12755 6103 7251 4 22564 20931 15585 7850 18069 5 21 21 21 
21 28 4 7850 18195 18498 6256 7188 17872 9193 19969 4 8840 18498 23135 9548 12861 5 5 
21 26 28 3148 28 3148 6 
15678 20742 7509 28 26 654 753 31 9441 15678 5574 11570 11560 6 21298 5 4591 30 26 21 
21 26 22652 28 22652 28 6 
11288 26 26 26 26 21776 26 26 26 26 26 26 31 26 3789 5 26 26 5 11560 6 21298 5 4591 29 23360 29 21 
27 28 
21 26 15855 7197 15855 7197 6 
28 13185 26 18498 22020 28 16066 28 7914 20146 6 11560 6 21298 5 4591 29 30 29 21 
21 26 28 3148 28 3148 6 
9010 21098 3913 7914 20209 7730 11139 8208 22385 2727 18481 22463 2647 6 11560 6 21298 5 4591 30 31 29 11560 6 21298 5 4591 30 30 23239 21 
21 26 28 28 6 
26 26 26 26 26 26 12863 26 31 26 26 26 11560 6 21298 5 4591 7783 29 29 11560 6 21298 5 4591 30 10907 26 21 
21 26 2898 4331 2898 6 
23135 12780 9901 20402 7509 23455 16066 8995 21282 23442 0 11560 6 21298 5 4591 29 11211 29 18498 21 
21 26 26 10544 26 26 10544 28 6 
13055 5174 0 11560 6 21298 5 4591 19891 26 29 14096 16673 30 22479 26 21 
21 26 15855 7197 15855 7197 6 
2510 13202 6103 29 7509 3172 20402 14465 7509 18498 31 5412 6 11560 6 21298 5 4591 22318 21371 29 21 
21 26 15855 7197 15855 7197 6 
15928 20402 17958 6103 5621 6075 1393 9971 7509 10332 7850 28 6 11560 6 21298 5 4591 29 13059 29 21 
21 28 4 28 4 28 7730 28 
15658 22385 2389 18481 15678 28 5 5 5 9193 21371 2389 5 5 5 
27 27 27 
21 18498 1920 20402 6 21 21 5754 7509 28 18533 6448 2958 6103 5353 17438 16587 7730 22497 4047 21 21 11560 6 21298 5 4591 30 29 22805 12301 21 
1150 20 
21 27 
22657 31 16689 5174 16673 14466 22463 17556 6103 18494 22327 17872 17304 8386 31 17022 16404 21 
23 20 
21 26 15855 7197 15855 7197 6 
22805 29 22573 4766 26 18498 17304 14426 15678 15190 6 11560 6 21298 5 4591 29 30 29 21 
21 26 15855 7197 15855 7197 6 
28 22020 19856 7509 26 7914 12960 6103 28 6 11560 6 21298 5 4591 26 22615 11560 6 21298 5 4591 30 30 21 
21 28 4 28 4 28 4 28 4 13076 4 3510 
7730 28 
12939 6103 3119 
21 26 28 28 28 28 6 
26 30 26 26 26 1983 28 29 11561 6 21298 5 4591 29 30 20539 21 
16984 18104 12901 6103 11462 5 5 5 
7509 3805 20 
21 26 28 28 28 26 26 6 
26 26 15616 7850 26 26 7509 26 29 5 29 5 29 11560 6 21298 5 4591 30 13800 29 6 11560 6 21298 5 4591 29 29 13097 29 21 
21 26 15855 7197 15855 7197 6 
15604 12537 1836 7509 28 1540 7730 19474 16836 6 11560 6 21298 5 4591 7698 30 29 21 

