15138 3058 20 
12861 9431 15138 4672 20 6 6103 
9808 28 20 27 30 20 6 6103 
21 3364 4 28 4 28 4 28 4 28 7730 28 20 
20402 23570 11462 20 20 20 
472 20 
6663 15658 21596 9901 13909 4 9193 15658 6075 14539 5 
6 
31 18195 19745 20402 6103 17211 20 27 20 20 20 
6 6103 21 
21 15138 3058 20 20 20 18930 1937 5 5 5 
15424 16393 18498 20402 22821 5 5 5 
15138 3058 20 20 20 
21 11560 6 19635 28 28 5 10889 5 4766 19635 26 29 4 4 30 29 4 29 6103 1247 4300 5174 31 12782 18498 20738 19369 5 30 
21 12861 18498 20402 21932 7914 8525 20 
21 9808 28 20 20 20 23 20 23 20 
21 6 6103 
1937 20 11560 6 23273 5 28 5 4766 13098 5 28 0 26 11560 29 29 29 5 28 5 4766 29 29 29 26 29 29 30 30 29 11211 29 23360 
10959 15138 20 11560 6 23273 5 28 5 4766 26 0 26 26 26 22615 17286 
472 20 20 20 
21 21 21 15658 20402 18498 15678 15190 20402 21282 19854 7730 22223 5 20402 18498 31 16753 15599 15658 19969 9193 11020 12971 5 18476 22463 16689 10105 7850 1623 17438 15840 20209 16066 31 14464 134 15678 20463 11020 1095 4 15425 12974 8678 31 19456 5 21282 15678 17318 15678 9743 5 15658 20402 18498 15678 15190 20402 21282 19854 7730 22223 5 20402 18498 31 16753 15599 15658 19969 9193 11020 12971 5 18476 22463 16689 10105 7850 1623 17438 15840 20209 16066 31 14464 134 15678 20463 11020 1095 4 15425 12974 8678 31 19456 5 21282 15678 17318 15678 9743 5 21 21 28 1453 21 
21 5 5 5 7850 22821 15658 9387 14464 6103 28 5 9387 14464 7850 28 5 7730 21793 22897 18498 22463 14464 8995 7850 28 20402 17458 873 3124 13761 5 15678 14464 15658 12780 21282 1393 13727 5 1920 4796 20402 18443 7850 15190 4 7686 15138 1249 21371 20402 18443 15894 18533 18498 8995 5 
28 4 28 21 

