21 15190 26 
4346 28 
17960 10127 
28 29 21 
22463 1249 2116 5 873 1190 5741 17438 1614 
6 
21 19525 29 7914 22463 16192 7730 1285 29 5 
11036 17505 26 21 
9808 28 6 
21 16323 4 28 20 21440 2136 7804 0 21 
21 15458 9193 9078 21282 21596 2725 17583 7730 3432 
28 21 
21 15612 20149 8120 16404 9193 4766 15678 15860 14167 17438 16765 18498 31 13539 18498 20369 31 13764 6103 835 7509 6103 22225 20402 22401 7730 4897 16673 8637 18498 9743 5 7730 18498 8956 8637 7730 31 15127 17504 18498 7847 17304 15758 15658 6400 7509 10647 7509 18164 28 7509 16580 4 7509 17653 7509 9193 4417 4 7509 17753 7509 14604 16587 7730 15424 7509 1517 6103 11020 12733 5 6400 6103 15502 13909 991 6103 16971 4951 4796 23135 7730 9193 4 9743 22463 16440 16753 18498 20149 21858 11025 7850 21793 5 740 21596 15138 4672 8561 5 9193 9387 22463 2510 6103 13688 4766 14676 6103 20826 8789 17438 2371 18498 19900 18498 740 6075 21551 6103 5027 7730 21596 15138 10268 6103 23167 16404 23029 15678 12960 5 
1393 18533 468 4 23162 7730 8525 6103 5539 7282 6256 15678 14604 15138 15708 17438 21596 14335 16878 23100 22463 20262 4766 14924 12094 7730 17836 17438 19295 31 3450 8147 31 9193 8838 7914 22463 15190 14425 
20825 352 20879 13480 7509 10747 1114 6075 7730 18876 21 
21 21 21 18498 12861 20402 22327 5 20402 31 9193 22942 4 4796 21793 31 22942 4 14803 4 12828 7730 19961 5 22385 16936 4 22385 17737 4 22385 9193 5 
15678 18481 14335 20357 13591 6256 18498 7847 20202 20463 19859 5 21 21 13591 4 28 26 
22463 15604 20853 4 16083 1247 7509 28 7730 7730 22463 13727 15242 5 17458 21596 22463 28 18498 3219 13909 10259 17438 15671 22310 7730 9193 6075 10268 16404 31 3450 7127 8147 15619 15083 16404 9193 1409 16673 22942 7730 4113 5 
26 28 26 26 26 21 
21 26 22 20539 10907 4 26 20 
15383 26 26 26 26 21 
21 7127 6103 4581 
28 28 26 21 
21 12861 20402 13873 4 368 16066 15658 
28 30 
26 26 26 26 21 
21 26 21776 26 26 20 
28 26 21 
21 14425 23104 4 14604 2727 4 17324 11284 22463 13727 7914 18498 15678 20749 3219 17872 23135 5 
26 28 28 26 21 
21 26 26 26 21776 26 20 
26 21 
15643 
21 21 21 78 
9193 3962 4 31 702 4 31 14265 7730 15678 18374 15576 
31 13759 6103 21793 14049 4 15678 1114 20670 15678 23560 
11710 
31 3393 7509 11474 4 22318 16630 654 
7730 18498 15678 2727 349 
9193 20304 21 21 
19754 17438 15671 20 21 
21 8406 10095 7730 1115 4 15678 13892 20207 12760 6103 17815 7509 14604 1249 6 
26 26 26 21 
21 15678 9971 20293 14335 19262 1393 4810 5 9193 18476 23151 31 8956 4785 4 22805 18498 11462 15424 6103 16936 9193 13325 31 14464 18498 8406 11284 871 15138 1249 7850 9574 5 
20402 1583 29 5 29 18570 16776 4 29 11518 4 29 11076 4 29 8124 4 29 1889 4 29 4 29 1249 6103 21446 7730 15658 17877 7850 3633 6103 17390 4 17104 4 20100 7730 11199 14571 5 
9867 23570 5 9867 18733 5 9867 11532 5 9867 18498 9193 288 18498 20420 2473 5 17931 7730 17934 20311 5 16083 18498 15658 20402 22385 20311 1920 4 9193 6075 16404 21154 5 7730 16083 18498 12780 22564 6103 9365 15678 19509 7509 22942 16404 13325 15678 21743 6103 16971 18498 9193 15643 12780 18533 20402 5 1097 14149 5 18498 5360 20402 14149 1471 6103 3450 7181 4 6103 3450 19387 4 6103 3450 3830 18498 31 10765 21810 5 15533 20244 7599 7730 2154 7599 5 21409 6739 1276 6103 3450 18069 5 15138 1549 6103 21932 18498 21596 18498 9743 7850 21220 5 11112 6103 28 18498 9193 18470 20149 9594 6103 22327 4 14466 6103 14307 5 20402 15138 4 15138 9422 3058 7850 22575 4 871 17555 19854 4 9193 18498 9743 16440 5 560 4 4796 20149 7491 17438 2371 4 16404 4289 7850 3988 4 23135 21596 18498 15299 16673 10272 5 7730 16404 18525 13055 16647 28 28 22463 22897 7850 22942 16066 21681 18498 2091 31 14174 28 31 29 6103 22463 20472 23213 6103 9833 4 8956 10343 20520 15138 5 
31 21793 18498 21842 4 19698 4 368 4 19662 4 14335 8386 7730 6103 4 871 12939 4 14335 753 31 5741 4796 16971 4 9128 7730 17934 9193 23575 1249 4 9901 1614 15678 14604 15138 15708 5 15821 7730 9980 20 20 20 8995 10211 5 
14196 22575 28 26 21 
21 22463 3621 7509 9920 7730 16083 29 1945 6103 20402 28 5 
31 12551 20402 18055 5371 31 951 3857 6103 11857 13055 16162 7850 28 7730 5371 31 23151 7509 28 5 
1926 7730 4854 23135 21371 7 21 
21 21 21 26 22 21298 26 26 26 26 0 21 21 
29 26 26 21 
21 22805 4766 7594 7850 5528 19703 
12333 12526 16404 15678 19735 11943 19698 7127 29 28 28 7730 28 28 5 
15422 22666 7730 16160 5 20149 873 20149 12578 4 11980 6 21 
21 10289 31 23162 31 
16972 4 17629 6103 873 18498 21596 15623 6103 10279 17304 20402 3365 7730 15678 8524 16404 22463 21932 23162 15459 21252 5 20149 873 21596 12578 16066 5174 873 18498 21596 4 17438 9721 9605 4815 5 15708 6 21 
21 21582 19525 22327 15678 18498 31 20931 22942 20520 16404 31 9193 5 9620 16192 5 20670 20853 5 
29 1249 7509 14604 1114 13909 18328 7730 12051 
11617 26 26 7585 22 21298 26 26 26 11617 26 26 11943 26 
26 26 26 11617 26 26 22 18740 11943 26 26 
26 29 21 
21 12780 4 13858 5 23016 22318 3348 6103 3906 16404 6075 22463 19768 5 
558 21 
5762 4766 28 5 4766 26 
21 21 21 23135 20149 13325 7509 17819 1095 18498 21681 7850 22942 0 21 21 5 
12838 21596 20402 8956 15678 22406 7509 17819 15599 18498 13359 11462 5 17458 15658 21282 14335 13325 18481 31 21596 1393 14604 13131 2136 11462 4 29 1249 6408 5 
16323 4 12787 20 20127 4 21021 4 1114 7730 20855 5 5 5 7730 18476 15658 21596 15425 6981 4 18498 31 10765 5360 6075 19699 7730 9743 17022 6103 22327 15678 18498 6075 8561 17438 13909 29 1249 4 20293 13026 5 
26 26 26 29 21 
21 21 21 9193 12430 7914 3702 
7174 7509 18498 16098 
20402 4796 20402 18931 
15299 11284 4 9193 11284 6103 23016 
14335 7491 18498 20825 
20402 12335 5 5 5 7730 6097 0 21 21 
9833 20825 352 20879 5288 21097 21 
21 20293 15678 14425 21252 7509 15266 
26 26 20825 352 20879 21 
21 1103 22823 2091 29 14667 13090 7730 29 15761 5 
26 20879 26 21 
21 11462 9193 16784 22463 4697 6103 21932 9193 11284 15138 21551 21596 31 4181 6103 18498 10648 22463 1095 16404 31 22942 5 
6219 15708 17438 22327 7730 12780 20357 15138 20126 7914 22463 11729 5 
15741 6 21 21 28 4 14604 4122 15658 8995 10473 5 21 21 15678 22855 20402 19335 29 22898 21 
21 11678 26 26 26 26 26 26 
26 26 26 26 26 
26 26 26 26 26 21776 26 26 
11617 26 22 21298 26 4 11617 26 22 21298 26 
7850 11617 26 22 21298 26 31 21466 
26 31 26 31 26 20906 4 20906 26 14335 5 21 
21 15678 64 15658 20149 5951 13909 4 16440 5 
10606 7509 64 4 23016 20244 14378 18498 9010 13512 20 8995 7850 955 7509 4417 7509 5758 5 
23016 16404 31 28 21 
21 23135 14335 5762 16404 15678 15190 4 7730 9010 4 15678 15190 18772 4 15658 17560 31 17831 5 15708 17438 15658 21596 14335 5762 16404 8840 15678 18165 7509 4067 3166 18498 19450 21793 31 9193 573 5 31 22942 18533 7509 10765 20402 16654 155 4 5521 7730 31 3790 16404 2647 5 15253 4 9193 3790 8995 7597 4 9193 15658 6820 15658 5 9193 22271 21389 22898 7730 21389 14335 19059 6103 15604 
7730 7850 8419 7509 29 6684 18498 23135 9743 16404 9193 22942 21596 28 7730 7286 16404 18475 13727 4 14335 10211 7850 9574 7730 20402 9982 12125 4 23135 14335 8361 18498 31 9193 9801 21282 6400 6103 9193 14539 4 7509 18498 9193 20402 7730 7509 9193 13441 5 
15138 15708 17438 15658 21596 5762 22463 17831 8 29 
21 28 17438 21793 15678 13131 5 
28 26 21 
21 26 22 20539 26 0 18250 29 
26 26 21 
21 26 22 20539 26 0 
28 26 26 21 
21 21 21 6670 18498 
31 9193 22942 
19969 7509 22203 
20357 18498 17511 
12780 31 18475 13727 21 21 
3058 7127 4 28 20 
28 28 21 
21 21 21 26 4 13136 26 26 4 26 26 26 5671 4 26 26 26 26 26 26 11943 28 4 26 1631 26 28 20 21 21 21 
21 15577 6103 23575 7127 
28 28 21 
21 7730 22805 10095 7914 23135 5 
28 28 26 21 
28 26 28 29 26 
22463 7576 15242 5 
21 20402 12094 23100 15678 12760 6103 7558 17815 7730 15425 16077 6 
26 28 26 21 
21 654 20539 4 4289 5 
28 26 28 21 
21 26 4 26 26 5 
10217 28 8270 21 
21 21 21 9387 15138 28 28 4 30 7730 28 28 17438 2371 5 21282 9620 15678 11998 7730 15138 22898 31 15941 5597 21 21 5 7730 6408 4 15678 18953 5 
6679 16404 15678 7127 12604 7509 15144 6 18498 21596 22463 20709 11689 16404 1067 15678 11205 31 17406 6103 15658 17629 6103 22463 7127 8810 16404 13325 15678 18481 9620 9239 5 21 
21 15678 6193 7914 22615 4 3388 1393 22797 4 1114 7730 10083 
7850 17737 31 14487 4 15678 5574 20402 7174 
7730 15678 16468 20402 22463 19830 18498 15658 9193 20444 13909 
5 21 
21 21 21 5 5 5 20402 17629 21596 20825 4 20293 5 
18525 22126 7850 16668 8956 14156 
17520 31 9074 14069 
6103 21596 10547 7850 22942 21 21 
20402 4 28 15818 4 21596 22463 4672 13512 7914 4951 6 15253 12094 5 
28 20559 28 28 21 
21 15425 17737 18498 9193 13055 10648 7850 22942 21095 31 17622 7730 15678 22665 6981 5 28 4 20931 22942 6075 20357 1393 9193 5 
2655 558 21 
21 14425 7509 18498 4809 29 4766 15678 18376 7277 20402 4809 29 4766 15678 7558 18376 7850 15653 5 
16365 1249 15604 21 
21 13606 7509 7127 6 
29 16971 12094 14514 14924 12094 20 16323 30 7730 26 16673 7127 14149 6103 11462 7730 16673 22521 
29 18498 20402 1095 5655 14604 22886 29 9193 1276 7509 18191 3960 27 
28 3960 21 
21 28 3590 26 26 4 26 26 5 
26 26 21 
21 7847 14514 20 
4790 7509 10217 6 7509 18104 17828 1393 9574 5 5 5 21282 17304 20402 4672 6103 12787 5 
8270 
28 28 21 
15299 14425 7509 18498 31 7432 16404 8147 10765 22385 18533 8 29 
21 15678 11474 7509 9193 22942 5 6103 22463 13131 4 15036 6103 20126 5 7509 16083 4 15036 6103 1114 7730 6103 835 17438 13909 22463 15266 22463 1249 6103 22942 7509 16083 7558 5 
21 21 15678 22800 18498 31 22898 21752 866 18498 1027 20402 15678 14539 18498 22126 866 18498 1540 31 1027 5 17438 12861 15658 7102 4346 16673 18498 9193 20402 21752 7730 20539 4 1540 31 1027 15678 18498 9193 20402 6075 5 17324 22327 1616 18498 20402 18784 15576 15643 20149 12780 16404 20293 5 5 5 21 21 21 
21 15678 16340 7509 21021 12780 21787 7850 3749 5 
10547 30 21 
21 9652 20 
28 26 26 
28 21 
21 28 20402 28 6 18506 14604 4122 15908 29 17438 23151 7509 29 7730 9901 20244 2136 19900 13761 18476 5 662 31 21793 18498 6103 871 12939 21582 9594 4815 4 21282 15658 19474 7102 31 8956 16753 12011 5 21 
29 1249 6103 5942 16404 20559 11680 31 9388 7509 20247 7509 19924 4290 5 740 2727 18498 31 16175 12780 20293 9743 22657 31 16689 5 
21 21 21 26 11943 26 26 15803 26 11238 
11617 26 26 28 26 21 21 
28 4 1114 18498 15658 20149 14370 5 
558 21 
21 21 21 6256 31 20421 16404 31 11518 7914 18498 7847 20402 12226 5 7850 7128 4 16673 1114 6103 28 4 20402 22463 11663 21 21 21 
6 
29 1249 6103 1103 7730 5320 5 5 5 
21 8329 12861 4 20670 31 5782 9983 7850 22575 7730 31 13170 19349 7509 10179 20670 14472 7850 9574 18449 5 5 5 
27 21 
21 17458 31 22942 20402 1920 5 7914 22463 7127 23135 8995 3702 28 7850 8361 10476 4766 20931 1095 7730 7850 16083 7847 8995 3962 5 
28 13098 5 6103 21260 7730 28 28 4 16323 20463 13520 20 21 
21 23135 21282 8995 21582 4289 7850 21932 4 7730 6103 19324 4 15678 15092 6103 22305 20149 7409 7730 15678 3906 8165 7850 20463 5 23135 13480 15678 17163 846 4 6582 7509 3906 7730 16765 18498 7850 16083 3906 21596 22463 11474 6103 14336 11636 7286 7730 22463 16463 18498 4 21186 4 19698 7509 20644 4 15658 16630 6663 7730 740 6113 5 15678 15092 7509 16083 3906 20149 18533 6075 19881 4 6256 15678 3906 8165 14539 7730 15754 4 15658 20149 6075 1393 21932 6103 6582 7730 22805 20149 21596 349 871 4672 5 
11750 9743 22463 16343 4766 31 16967 7509 28 7480 7850 20247 16468 7730 16721 7914 22463 11444 6 20149 1393 12755 6103 21596 2647 7850 14604 3906 21596 2647 7850 3906 6103 22463 3790 6103 29 4 29 7730 10259 4 31 18824 4766 4181 15658 20420 19698 5 1427 4 22463 15144 15604 7286 15658 14514 19456 15425 5 22223 22805 18498 7914 22463 20709 21157 2288 4 871 16971 740 21596 15678 16718 22385 19580 5 560 4 21596 8632 9193 15658 21596 7804 5 21596 13301 7730 19150 9193 15658 5892 5243 5 8995 7914 29 7730 15138 3790 740 20149 4902 4796 20149 8995 7850 11636 15260 5 13170 5 21 
21 14487 5764 8 29 
16323 4 20060 4524 7730 30 20 16630 20311 20 27 
21355 29 15658 20402 7174 5 15671 7558 4766 4181 20402 5 
21 18476 9193 21596 4181 18498 15658 21596 15425 15081 16404 4788 7914 29 4 18876 31 14425 15599 17737 6103 28 7509 22942 5 23016 2371 13909 22463 28 5 23016 2371 13909 22463 20402 28 5 23016 2371 14604 16066 9193 21 21 20693 31 21 21 20 21 
6 
21 14425 10343 20670 15678 29 17877 18498 31 20931 9574 23016 23104 6 
21 21 9193 15658 5219 8386 8956 4672 18498 349 13761 5 6073 31 17556 31 15604 11054 6103 26 26 20402 9790 7850 28 20 21 21 5 21 
15708 11199 14571 20 15708 17390 20 15708 20751 5317 20 
6103 28 16404 28 28 5 5 5 18069 18498 1103 15658 21596 13727 27 5 23151 31 16014 22577 
21 12780 15036 6103 20126 8 29 20 16323 9193 18533 4 654 18266 7730 19448 6103 17877 5 13055 17304 4809 31 14335 21225 21 
15061 31 13788 16404 8956 7127 4458 7730 16404 8956 20247 11532 6 16404 
21 15678 18498 9901 654 20402 31 20126 5 5 5 20126 7509 3790 18498 20402 16169 4766 29 1249 4 31 11636 18498 9193 21596 11462 4 7730 18498 8329 31 13907 7509 16971 7730 9193 14335 12025 15510 21596 31 14302 6103 22463 2349 4 15643 17560 8747 16404 14335 9743 9808 5 18498 20336 4815 16404 3224 6103 3080 4 9193 18498 14335 8361 31 12960 7730 31 10959 6103 22951 7730 31 13749 5 15678 3790 18498 14335 13480 4 7850 15270 4 29 22898 17438 7127 5320 18498 14335 22805 21793 14049 7730 19900 18498 14335 22805 31 15533 7730 18498 14335 4229 6103 9942 4 15658 11862 4766 18525 8995 5 14604 10990 1068 5 15678 18498 15658 20149 5133 4766 15678 13727 18498 9193 10384 4 7730 9901 6103 2812 21793 22897 18498 9193 19969 5 15678 3790 18498 9743 17022 6103 22327 5 7730 6103 22327 4 9193 12025 8241 17438 29 15266 22463 5997 9942 7509 18339 11771 15678 28 13943 4766 13697 7730 9743 11066 4 19698 6103 22327 4 15658 4346 16066 18910 15643 5 18498 4040 21389 10765 4 9193 21389 4 18498 31 8230 7509 11543 3213 16404 22805 18525 2016 15678 18487 6318 5 15678 3790 18498 15658 6168 15678 15540 6103 15502 7730 17438 12861 4229 21793 15190 6103 3393 5 15678 3790 20559 17304 7491 18498 23135 20402 7337 15678 14425 16169 18498 9193 5174 4 9193 7850 22821 23135 20402 31 14425 16971 18498 9193 13055 5174 7730 9193 9172 12446 5 15678 3790 18498 12780 20402 15678 14604 17819 16718 6103 14049 7730 15678 23575 18476 9193 7599 7730 18498 8995 15855 21389 17438 9193 6103 13667 4796 20293 15855 6103 16936 5 7730 288 18498 20402 17438 12861 18498 4 1471 6103 22327 4 9193 8995 2727 5 21 
21 19969 6103 28 6103 3124 16066 26 7914 29 4 29 4 29 5 5 5 21 
20311 
1612 14924 7850 18470 23135 16765 18498 8995 22385 3166 18498 9901 15664 5 
21 6 
28 28 28 28 26 21 
21 9193 21596 22463 12319 14149 7730 4290 6103 3058 13324 5 9193 15678 7127 18498 23135 4289 20402 15678 13909 9808 5 22463 7509 4672 18498 1540 31 7687 16689 7914 29 20402 4 1393 12755 6103 18910 16673 18498 20149 20402 16066 16673 18498 15658 21596 4 662 17438 22327 4 17458 21596 4672 18498 12255 15502 17304 15128 5 8443 9193 662 5 662 16673 29 1249 13030 4 17438 23135 21596 5741 4815 4 17438 21596 1190 9193 14604 3919 6103 3080 18476 15671 7558 20402 16753 7730 17438 14335 8840 6103 13860 18476 9193 5741 7730 16468 31 19969 6103 15533 5 662 17438 23135 21596 20402 14604 4841 6103 20828 4 17438 23135 21596 20402 15138 16375 7730 10943 6103 21596 4796 31 16440 7509 4796 18498 9193 15658 10959 16404 31 15253 15658 3213 4815 4 17438 23135 21596 20402 20293 22385 3058 18498 15643 15012 15502 5 8235 4 662 16673 15941 6103 21793 8956 1249 6103 5485 4766 22463 8908 11710 4796 23135 5 12780 6256 21389 20126 20 21793 15190 21596 22463 3439 8810 7730 23135 20402 15678 14604 5 22318 1027 16404 20293 4 28 20 21 
17106 15658 20402 2647 15678 3906 5 5 5 20402 20463 3439 4796 22463 16620 7509 16315 7730 7509 13181 5 21772 8 29 
21 8329 12861 4 15576 21446 5 5 5 21 
21 9808 7127 7509 21 21 1276 23135 20402 15690 4 654 18498 7916 8995 4766 22463 3393 16753 6329 5 8995 15138 9786 7730 9074 21 21 4 21 21 13909 29 14764 7730 23135 15344 3099 5 20931 15978 20402 8322 4 7888 20 21 21 4 21 21 15253 20402 4 264 22463 10068 6103 23373 7850 15855 7509 28 21 21 7730 21 21 20402 30 4 12780 4778 6 20402 7558 13603 6103 16971 21 21 5 7127 7509 12787 21 
21 21793 15190 21596 22463 16169 5 5 5 9193 21596 15678 16169 20 20 20 16404 15678 13909 13981 6103 21793 4 16323 16673 20463 7127 7730 14604 20584 663 17438 22327 5 
21 21 23135 7730 20463 12787 3213 6329 20 21752 16312 16066 23540 7730 15678 18498 16784 12780 16404 15678 15981 21 21 20670 15263 15658 21939 7730 8301 6103 5762 15678 9943 21 
9743 17497 4766 31 19830 15604 6103 16053 5 5 5 2689 6103 29 15266 8 29 
10217 7509 16753 9193 11020 6386 20 16323 28 
21 8458 22463 14469 6103 8838 6 
15741 6 15392 4793 7850 11729 7509 28 28 4 15658 7850 9193 21 
7436 7850 26 27 5 11284 8003 16404 31 29 20 3960 7509 17812 
21 20402 22463 2725 3960 5 7730 8329 8995 13761 15855 16765 866 18498 9193 11284 8918 11284 15138 21551 6 23502 22898 7850 22942 9387 13266 18772 18498 15643 17304 20402 19779 5 1393 22898 23135 12780 8147 1612 16971 18498 12780 9901 1393 20463 13131 349 15678 18498 349 5 21355 8147 22463 16971 7730 6008 12861 4766 22463 3960 5 9193 21371 9387 31 4245 6103 18498 8956 16971 4766 31 18470 23135 17304 5320 31 22942 21793 4 1612 16971 18498 22318 5174 1393 22898 14425 18498 23135 14539 20402 31 14539 16971 18498 8995 1393 20463 13131 8956 21551 21793 5 5 7730 18476 21663 15908 22463 17556 7509 7558 4672 4 16765 18498 1471 6103 22327 4 31 22942 17304 20402 14149 20 29 12780 9901 16404 20293 7850 14453 5 28 654 28 7730 28 4 16323 20 20 20 21 
17458 13055 7491 15678 7426 18498 15299 20402 22385 19854 18498 15658 17511 17107 
21 21 21 5 5 5 31 11644 6103 18498 866 15558 4796 22463 3960 740 17304 9387 16393 11952 7730 4 5432 4 14149 21 21 
28 4 28 4 29 28 16404 15678 3960 7509 21264 21 
21 17458 20149 9193 20402 14561 7509 15144 18498 23135 20402 7730 29 29 7509 15253 18498 23135 20293 20402 4 13055 20402 15678 21036 5 5 5 9808 7127 7509 15253 4 15253 17083 20 21 
21 11284 15138 13909 7251 16404 18525 9743 15678 14196 7509 17915 7509 18498 16404 18525 9901 21282 7850 17919 5 31 28 4 22463 4842 7509 28 4 13055 10648 15138 13909 7251 4766 3488 7509 18498 21793 15678 3172 18498 17239 3488 13030 5 769 28 
1393 13982 18498 8995 6736 288 8956 7251 21793 9193 15658 8147 6103 12939 15425 27 4 16323 16673 15576 7127 20 20 20 29 29 7127 7509 17934 6103 14196 21 
9743 22575 20402 5 5 5 15855 16404 31 16971 18498 8969 1393 20463 13131 7730 7847 20402 31 28 28 27 
21 29 1249 6408 4 31 18780 7509 20825 6103 22463 22942 16673 14466 31 8117 4 8329 15658 16647 15678 7259 15818 27 5 21282 21596 31 662 31 16971 14149 18498 23016 8995 4815 6670 20293 7730 18498 8995 20474 21371 5 31 9867 6103 10217 201 9193 12780 400 15678 18498 15678 15576 18533 2991 7491 6103 15256 6075 4766 8956 11453 1614 18498 9743 6103 22327 16404 20954 7850 16196 4 15658 5219 9193 16673 14466 10648 22463 4092 6 21 21 15576 20826 15658 12780 21623 21 21 21 
10217 
21 21 21 20402 28 20402 15678 3720 7914 18394 5 5 5 2631 434 702 21 21 21 
21 16673 22942 18498 23135 12780 20007 4 16673 7594 18498 23135 12780 1085 4 16673 15855 18498 23135 12780 21596 18498 8386 7730 17438 21596 8637 22463 7509 17939 13909 13512 4 16323 16673 10217 22893 13909 13512 20 21 
740 2727 18498 4289 7914 3962 5 31 916 7509 20743 7730 15678 21500 1987 15678 21772 
21 21 21 26 11617 22 13800 29 26 26 
2384 11617 7585 22 21298 26 31 26 
26 26 26 11617 22 13800 26 
11617 22 30 26 26 11617 22 13800 26 21 21 
26 26 26 26 5 26 5 28 22 20539 26 6 21 
21 21 21 12780 23104 15576 20826 4 21596 22385 17556 21551 5 5 5 21 21 5 21596 18498 13359 7730 19232 31 22223 15599 16404 368 5 288 18498 15678 19483 17438 16440 7509 22202 20833 7509 22942 6103 15138 10765 20149 20402 5 28 6103 13749 4 28 6103 13749 5 21 
21 8995 4 6221 4 7914 21793 15678 13727 5 2136 7850 22307 4 7850 3906 7509 10366 27 5 28 24 21 
21 21 21 1095 8995 1614 21 21 5 5 5 21 
835 654 7730 6408 7730 6408 7730 6408 6103 1022 7 
17737 6103 918 27 
6 
21 14425 13606 18498 14604 16169 14335 8361 6 21 21 9942 4 20149 23135 8995 1190 31 14466 6103 29 11211 4 8995 2084 15678 22307 21 21 5 16689 18498 29 7509 16971 18498 7286 7914 20402 28 15658 16721 1920 27 21 
15855 21282 28 5 5 5 7730 15658 20402 18498 20931 5881 8995 9743 21021 20 
21 6964 15678 15190 1393 29 1249 4 15658 14924 28 28 6103 20402 27 21 
662 17438 29 4766 31 14149 20319 18498 7914 29 22327 12780 6075 4179 20 
12780 662 15678 9707 6103 9193 12787 28 28 21596 13202 15678 23221 7730 16367 6103 2647 15253 20 
21 1471 7509 13690 6103 9620 6103 21551 4 9146 7730 9574 18498 9193 15708 31 9193 22805 18691 7850 22144 27 4 15458 29 1249 22318 6679 22327 6103 14425 20 7730 18498 20931 22942 20402 22385 13512 7730 7451 18481 9193 12319 20 20 20 21 
9867 9971 6103 1249 8057 26 20518 
21 21 21 28 7509 20437 21 21 5 5 5 21282 7914 20060 28 14539 27 5 21 

