21 28 28 17090 4 28 28 28 4 28 28 28 4 3364 28 21 
1027 21480 

24 
28 
21 21 21 4417 14149 4 4290 6103 8097 14667 5 5 5 21 21 21 
28 28 7730 28 12876 28 
24 
28 28 
23 5 5 5 28 28 28 5 
21 2371 26 28 4 28 28 21596 22463 15081 4 22385 22805 27 
16971 12534 4796 13909 4331 6 11560 6 119 5 2371 29 16404 29 26 21 
2336 24 


7730 1022 31 11076 5360 5 5 5 
21480 
22385 9193 6 
5695 7850 28 28 27 
20311 20 20 20 6 
18498 9975 20 20 22 
7 
28 28 7730 28 28 28 21596 8918 6103 14018 8956 17872 23135 
21 28 28 7730 28 28 
22463 7509 18498 12780 22805 7850 28 28 21 
9808 28 

9193 20 20 20 
9193 201 6103 23174 7850 14604 9726 20 8637 23135 21371 15678 6006 7730 10702 18498 12780 3219 7850 3550 29 7509 28 5 

753 16972 7 
21 29 9789 7509 13591 28 22575 5 29 4 29 7730 29 6103 153 5 21 

13598 31 16440 6103 18610 29 5 
7491 866 20670 12862 5 5 5 
21 7585 22 21298 26 26 4573 4 26 26 26 5 5 5 21 
21298 21298 
16393 15138 3058 
21298 21298 

21298 21298 
21 12863 22 20539 21726 21776 26 4 30 22 21298 12863 0 
11617 26 31 26 2914 26 26 26 11617 22 30 26 
11617 22 13800 26 26 26 31 11617 26 
26 7585 22 21298 26 26 
26 11617 22 13800 26 26 26 11617 997 5 5 5 21 


27 


12780 22805 15678 15190 6103 22463 12939 7174 
753 16972 
20149 20402 17438 12861 20402 22463 13136 26 5 26 
654 9193 9901 7623 20 20 7 
6 
30 3058 

7 
27 
28 28 28 13055 16721 0 0 6 16404 
9808 7127 7509 1095 
21 2136 18498 9901 3086 4 7730 15424 18516 6 16404 
28 28 28 4 28 28 4 28 28 4 28 12876 28 4 28 28 21 
21 21 21 31 16971 20402 9074 4 28 5 15138 9074 20 21 21 21 
26 20 20 
873 18533 22463 9948 6103 17446 7509 28 20402 13520 
9193 28 7730 14604 29 15460 
13512 21298 21298 
21 26 16404 7481 7509 6006 7509 28 6 
753 31 288 22463 13194 16404 8956 6006 7730 7480 20670 16083 18498 21371 17629 6103 22463 13194 21 
26 
27 5 5 5 15036 6103 19698 
21 482 22463 6006 


28 28 28 17629 6103 18374 6103 14413 
13512 21298 21298 
21 21282 20670 15678 28 4 17438 8329 5 5 5 21 
2727 1920 14539 22 
21 16821 
28 28 
21 14539 18498 31 16971 15128 7730 20931 22942 20149 19305 4 15678 1097 7102 20402 1097 16404 20293 4 14539 18498 15658 21596 15299 7914 4951 4 20813 4854 31 14539 18963 5 13 
28 6103 28 21 
24 5 5 5 21355 8956 15422 6075 22463 17556 4179 5 5 5 6 16404 

