21 3219 7850 15855 30 24 21 21 13591 20402 16404 20402 13471 21 21 4 1920 662 1393 1095 6103 11685 28 28 16673 8063 6981 13591 18476 20559 1393 5459 20670 15678 11543 6103 5997 6103 28 7914 20931 3962 4 6691 15678 13591 15604 7730 7491 4 17304 13359 20 9193 11756 9808 7730 662 4 13405 15678 13591 16404 31 9193 3962 7730 7114 31 18352 5 5 5 8095 16673 13311 4 662 1393 28 17593 7281 7509 30 7730 1393 7614 28 17593 4 16169 6318 15258 4 17438 6075 21793 15678 20463 1114 1393 18195 4 12027 31 
9193 9634 4 7914 8810 6 15253 7730 16169 11462 13761 7850 6014 5 22918 13359 15678 13591 4 17458 13055 5174 15678 11543 4491 15423 4 7730 20402 12094 31 3726 6103 10828 7509 28 17593 4 14539 15658 20402 22463 447 16066 15258 10211 4 17458 7914 8959 4 7847 15678 20402 5 
21282 14539 15678 1114 31 16971 17304 9750 20202 7914 22463 17960 18498 15678 16169 4809 7730 5204 15678 5528 6103 21389 16083 16971 
16404 16439 7509 14539 20825 18772 5 11731 28 4 20852 20293 16404 7847 5 5 5 27 4 6103 21389 9801 16673 14799 18498 20463 9942 8995 
5913 5 991 7384 4 20402 28 28 15678 20060 7509 4060 11875 4 20402 15678 18498 20293 8995 1502 8956 4060 16673 7117 7509 9634 17593 4 6075 1393 15540 7509 11543 7730 3738 4 5210 1393 20060 21793 31 15704 18779 5 11462 4 6408 6103 17736 8956 7117 4 16429 3702 7850 11685 4050 20402 28 28 7730 20402 28 28 7730 20402 28 28 4 7914 8831 4 7850 14797 6103 18581 1393 29 7914 13697 31 20402 28 30 7850 4417 6103 28 4 7730 20402 9312 13761 18498 5174 15678 28 7730 31 9634 6318 4 18498 14335 8060 15678 13591 16404 13359 5 9743 21389 1103 13761 7850 11543 18498 3913 16404 15678 19509 7509 22942 7730 10648 1114 7730 4672 14273 4 7509 18470 662 15138 5 28 8995 5200 31 3450 14924 4 7914 3450 15855 5 21 21 19900 18498 4 14539 20402 13304 4 23135 21371 17304 20007 22942 0 21 21 4 10343 6103 28 17593 5 21 
21 21282 662 5 18376 5 28 4380 6103 11066 16404 23135 20 6439 4 20304 20 21596 21793 22463 13512 7127 20 21 
21 15708 16673 4380 4 20304 2 21 
8095 4766 31 17523 6103 28 13759 
18498 4380 3058 20 8458 13909 20304 20 2 
21 22385 3058 18476 31 1103 9193 4060 22463 2730 4 23167 6103 9901 13030 7730 1453 4 22385 20813 20402 9808 4 4788 31 22942 7914 18475 9009 5 16580 7730 2727 16404 15671 4 20293 20 2 26 20 21 
21 29 9 9 9 4790 7509 29 1249 6103 4744 7509 2439 7509 702 13501 7914 28 6 22463 7509 11476 4 14604 20744 26 28 7730 20463 12787 4 21739 28 28 5 10273 7509 918 7850 28 4 19592 9626 21 
21 29 9 9 9 8414 7509 7259 11514 1393 15262 7850 28 7914 4790 7509 29 1249 6103 4744 7509 2439 7509 702 13501 7914 28 6 22463 7509 11476 4 14604 20744 26 28 7730 20463 12787 4 21739 28 28 5 21 
21 29 9 9 9 4790 7509 29 1249 6103 4744 7509 2439 7509 702 13501 7914 28 6 22463 7509 11476 4 14604 20744 26 28 7730 20463 12787 4 21739 28 28 5 10273 7850 2439 702 13501 5 21 
21 11875 15658 20852 4766 15678 28 12621 4 6070 4 22327 6103 3058 5 3058 15533 20 20 20 6070 7730 20852 15138 23135 21371 20 21 
7127 9808 
21 6408 6103 22463 21551 15726 4 11669 7730 5758 16393 21596 20402 15344 7730 5762 7850 14539 23523 4 15658 22805 7178 7914 1067 15678 20853 5 7847 20149 5327 4 20149 4886 4 20149 827 5 22463 14924 9808 16404 15671 498 5 30 2336 28 7730 14604 20693 28 28 5 21 
21 11462 15678 6014 20149 155 16404 18876 22463 16971 7509 2727 5 20892 5 28 7509 28 4 6564 7914 16580 20 13909 6103 29 1249 4766 15678 22088 7850 30 28 5 14604 20352 31 20931 8897 28 7730 9942 28 1631 4 30 5 15708 16673 28 7914 18498 5484 13030 4 16673 20853 20 20931 20414 14335 14156 4 20892 5 28 5 14018 136 1393 14604 16169 13761 7850 6014 7730 4110 31 28 20 21 
21 20560 22240 31 21777 7509 14534 7509 19972 7730 4730 8956 7914 8810 3166 2352 1224 4 9790 6103 5815 11284 13909 6103 29 1249 2116 16673 9193 15253 4 7914 18736 7509 14604 8479 5 1453 11462 6146 4730 7850 7850 14534 7730 8224 7850 4766 31 13909 2725 10083 6 28 4 9193 20304 28 7509 18470 9193 15253 20402 7115 7730 11462 5876 6281 7914 3962 5 15678 14090 6103 5815 6103 9193 20304 20402 9193 15253 18525 9743 21371 5 8995 21062 4 17629 13253 4 9193 20357 18498 11462 7102 452 7850 13026 31 13909 2725 18963 5 15678 21649 2352 4 21371 20402 9193 15253 18498 9743 5 6361 16404 31 21777 20402 9790 4 9193 11731 15678 18328 1114 18498 15423 21596 5 15708 15253 6 26 7730 28 5 2294 28 4290 6103 11066 4 15678 20304 20402 5488 5 2745 20402 22318 8406 31 15144 7730 2745 20402 15678 10433 7509 23172 22801 28 5 20060 28 15253 6103 28 5 19754 17438 15671 16603 4 654 7730 7850 11518 6103 9193 15041 5 1150 5 21 
21 14539 18476 22327 16630 22463 17556 13909 6103 3558 2136 18476 15678 5574 16630 22463 17556 13909 6103 910 5 31 22942 15658 16404 5 7730 18476 15678 21551 249 7730 16630 17758 5 9193 14335 18988 9743 11518 12780 7850 22673 5 31 22942 20402 22385 18705 8329 21793 15190 8840 31 5929 7509 13923 5 7730 31 13690 9996 18498 12861 22327 20402 15558 5 9193 9996 21596 16135 5 15678 15190 12780 10855 3450 22897 13909 22768 5 31 10765 8840 7509 15190 4 15678 15190 8840 6103 15671 22463 17556 13909 6103 16135 5 5 5 20402 18498 20402 21551 18498 7850 9620 17872 16765 20402 18498 21596 8956 21551 17872 16784 5 7730 18525 18533 19900 5 5 5 31 22942 20402 22385 18705 4 22385 18705 5 14539 18476 22327 16630 22463 17556 13909 6103 3558 2136 18476 15678 5574 16630 22463 17556 13909 6103 910 9193 19900 31 22942 15658 16404 4 31 22942 15658 16404 15658 20402 18498 20402 21551 18498 7850 9620 17872 16765 20402 18498 21596 8956 21551 17872 16784 7730 18525 18533 19900 31 22942 20402 22385 18705 4 22385 18705 14539 18476 22327 16630 22463 17556 13909 6103 3558 2136 18476 15678 5574 16630 22463 17556 13909 6103 910 9193 19900 31 22942 15658 16404 4 31 22942 15658 16404 15658 31 22942 15658 16404 7730 20402 22385 18705 31 22942 15658 16404 31 22942 20402 22385 18705 31 22942 15658 16404 5 5 5 16135 16148 28 
21 9193 19969 6103 28 30 4 9193 28 15658 19969 6103 9193 5 24 21 
21 21 21 3450 16971 19900 18470 31 20931 9835 18498 7545 4 31 10765 20149 21858 19120 6981 7594 4 20402 17629 18498 9901 21282 1393 22898 4 16098 15678 18498 7491 16404 15671 14539 7730 15658 4 15658 20402 20781 4 20402 19094 4 5929 5 5 5 21 21 15678 18376 5 28 18876 28 21 
28 5354 20 3058 15533 20 
4178 
21 8995 16784 0 13359 1614 18498 23135 12780 21 21 20149 8147 21 21 3058 15533 20 21 
21 20402 21551 6103 11066 15678 13591 7509 7625 5 28 9193 4040 17438 8956 7117 31 9193 20304 6532 7509 15671 7850 20061 6103 28 7914 18498 23206 16971 662 17438 22463 11066 794 4 21282 15726 31 9586 9193 15206 7509 11685 22805 31 3733 7509 13591 5 15678 18458 6103 9193 20304 8995 7850 4417 6103 28 6670 15678 7127 29 6103 16086 6103 29 4 20463 8897 28 21681 20463 17819 5322 4766 31 11729 7686 31 22915 31 28 28 28 4 7914 18498 9934 8322 20149 10211 16404 23051 9193 20304 6532 7509 15671 5 28 16721 7914 18481 15671 21596 16404 6533 7914 9193 22942 16972 4 21932 4 9634 4 22942 4969 0 31 10547 7914 28 4 17304 20402 5064 17438 9193 20304 6532 7509 15671 5 17304 21371 8414 15576 15671 16404 18498 7847 6533 5 2631 18533 5 16580 16404 15671 20 21 
21 835 4 835 4 835 2 16404 21793 15671 1614 7850 21631 20 19859 1393 6014 21 
20402 16440 6281 6 2336 28 
7730 18481 1393 15671 0 8995 17714 16404 8956 5211 0 740 20402 21551 3058 20247 1393 21793 20 
21 20402 10546 6103 22463 3058 7127 4 3913 6103 8003 3058 7127 21 
21 16404 19698 15138 7686 15678 7127 21793 7730 20402 9808 4 17458 14514 2 13480 15678 20799 7730 6070 3058 7127 21 
21 3058 7127 1393 21793 5 
6184 8956 21684 31 29 16971 1027 16673 14924 8810 18498 8995 16468 7730 1393 18498 20149 11649 7914 18475 22463 7509 13131 5 20402 1393 13131 7509 15253 16169 16066 9942 9942 5 
28 28 4 28 28 28 28 4 14158 28 21 
21 6361 4 9193 288 28 11284 29 1249 2116 5 5 5 7279 7509 22415 7509 21551 7914 28 11543 20402 28 28 10483 17022 28 15253 4766 31 8525 15258 7509 7614 5 28 5 21 
21 11284 29 1249 2116 4 9193 8995 22657 20 9808 7127 7509 2336 20893 5 28 5 22318 1027 20 
9808 7127 16404 21793 23179 7509 15576 28 21 
21 12901 7850 3962 7509 20745 6 6324 28 6 21549 3281 6103 28 26 4 26 4 5688 6103 14025 9634 12910 19589 28 28 28 28 28 26 28 26 7730 4842 5 21 
21 21 21 11462 15678 21551 23123 4 1114 8661 16673 15256 14539 20244 20149 20357 15658 11284 21551 18498 23151 4 1114 12780 23104 22327 15678 18498 11284 17872 23104 12780 9193 16878 5 21 21 13730 28 21 
21 5656 18500 9193 20 7914 21551 6103 5782 4 21793 15190 7770 4 16066 21 21 18494 21793 15190 21 21 4 7730 12861 20402 3058 20 31 10765 20149 23029 16404 9743 15678 18498 19900 16404 15658 16162 7730 2136 20149 19187 27 4 4796 16647 22463 16246 15179 7730 5655 14110 22463 3047 7509 10366 16404 31 3585 12935 7509 8897 27 5 18533 19900 0 20 20 20 15658 20402 18498 9901 3058 2 9193 14539 1570 27 5 5 5 15253 9901 15999 6103 9193 5 1570 28 28 5656 0 238 8141 8995 3224 4 10765 20 27 4 21282 6075 16404 18506 10616 14539 20 21 
21 12780 4809 4 12780 15963 2 3058 15533 20 21 
21 7127 7509 1095 5 5 5 21793 1249 20402 31 14539 11454 7730 14335 20357 16722 5 5 5 9193 15253 7730 14604 16169 4 11462 13761 7850 6014 4 20402 20402 14604 14426 1097 5 1614 7850 21631 4 18876 4796 1097 4 15678 18498 16765 28 8458 16404 5421 4766 31 9193 20009 8871 4 8956 20149 7545 7914 871 14924 7509 22942 16404 14335 827 18476 31 21546 4289 7730 16866 18476 7847 12780 7957 5 871 4 20149 12780 4 9193 368 18498 23016 21282 16404 5913 20931 14799 5 14604 134 1393 23135 20 21 
21 7576 1393 15533 20 2 21596 4376 4 21596 5735 4 21596 2358 7730 21596 22327 12861 7850 14801 7563 7850 17608 28 28 4 991 7509 23570 2022 7509 28 28 5 23 5 5 5 5 15138 3058 20 13055 10657 14604 2358 21 
21 20402 11861 15726 22327 1393 15576 19030 4 15138 22898 28 18533 9594 5200 2092 6103 866 16066 873 4 7730 20149 21596 31 16775 16404 20357 4 330 31 16192 4 16630 4 21297 18498 21389 4510 31 7847 5 15658 12780 6256 15678 14924 6103 11066 16468 4 26 0 20 20 20 17665 7509 7674 28 29 7850 19415 3718 15604 5 22463 16620 7509 6014 7850 21631 5 21 
1737 5057 19430 28 
1737 19430 28 4766 28 394 7850 23013 7730 28 7850 2647 5 
21 7509 18498 31 10765 15658 17304 21596 22834 15458 15190 0 20 20 20 5 5 5 5 6103 20402 9808 4 15963 5 5 5 5 27 5 5 5 7730 1027 6103 22821 20 2702 21 
21 7730 20149 20402 16404 20402 9808 4 17304 14335 4229 18498 9193 12780 20 2 27 7730 28 28 12780 4815 20 16440 1737 7509 15576 5057 20 7957 20149 7451 4766 15678 23114 20 21 
21 15424 20293 23100 14924 6103 22225 17304 9193 538 7509 835 5 20402 11861 23104 8003 7176 16404 31 5288 7509 20402 11570 3058 18498 17304 9193 21858 5 5018 0 20 20 20 
10959 7509 1386 6981 8682 16404 15678 9956 7509 28 7451 14487 4 7730 16721 18498 21 21 1603 31 21546 23016 31 3075 5 21 21 21 
21 17438 11462 15658 20 28 29 19415 3718 15604 5 
22463 16620 7509 6014 7850 21631 5 21 
21 4385 7509 29 29 4 1920 11686 1393 12326 5 15708 4 28 4 16673 5483 7730 4842 13909 18498 8810 5 662 16673 6304 7509 17714 7509 3031 7730 3488 5 16630 18498 28 78 8956 17960 6103 8361 31 13788 12326 31 16971 18498 18533 490 8956 5179 5 22463 3710 21793 21932 7730 6184 1393 15619 970 4 4178 4 12780 472 31 20931 4842 7730 31 7509 26 28 28 28 28 7730 20149 14145 4766 8956 15190 5 7957 9743 8956 5085 16972 0 20 20 2 21 
21 28 26 4 8956 10095 20402 16404 20546 31 16580 7730 31 5204 7509 9574 6103 14365 18498 31 28 28 16468 5 16404 7491 15678 18481 20402 11861 15678 1506 6981 9927 6103 15253 19795 7730 16169 4 28 7850 5288 6981 15604 4156 16404 31 9942 6103 23135 5 14604 16323 21371 1393 12787 4 28 28 4 2336 14279 28 26 4 28 7730 1393 2336 16513 4 17438 78 8956 3348 7730 5204 5 9193 9634 8995 15138 9808 17438 23135 4 5980 20 21021 20 21 
21 14924 6103 473 30 28 1393 22318 9193 8414 31 9193 22942 4 28 22318 21596 15678 14425 16404 9193 5 9 9 9 11066 7730 13697 20149 26 31 21793 14924 4 1393 20060 7730 7209 28 5 9 9 9 12780 9193 17714 21371 16404 16098 31 21253 16192 7509 7284 8871 21 21 3718 15604 4766 16148 28 6103 28 21 21 21 
21 21 21 28 4 15678 21551 7509 11474 5 
28 4 15678 21551 6103 28 5 21 21 5 5 5 21 21 28 21596 22463 28 19418 16404 3450 22463 6103 15671 5 22463 21551 7914 18498 15678 20739 4200 7730 31 9801 20149 12454 7914 15576 5528 5 21 21 16148 28 28 21 21 18481 21551 15678 28 13405 16404 349 0 21 21 5 5 5 5 5 5 5 5 5 5 5 18498 13591 8092 20 18481 18352 6103 3058 19094 16404 15671 5 21083 12145 31 13311 20 9743 2727 16404 9193 4 17304 9743 16404 23135 21371 5 21 
21 21596 7055 18498 21282 22463 5758 17304 8386 21 21 17458 17629 21 21 27 5 5 5 5 21 
21 21282 662 20 18376 5 28 
15708 1393 21793 18498 6184 22463 21551 16404 9193 5 
21551 9193 28 6103 11462 20402 20577 6103 1114 5 
1393 23135 4 9193 11036 5 21 
21 7730 11462 20402 15678 1247 6103 22463 16971 15138 8810 4 7589 6103 22463 5528 11758 4 4290 6103 3076 4 835 6103 28 7730 4854 20293 6981 7563 1393 21793 18498 8147 16673 3610 21739 28 28 20293 22463 3058 11644 20 27 5 5 5 9808 1247 15138 9801 20 21 
21 21 21 31 10547 19271 14981 21 21 18498 21596 20293 4 15138 10547 20 21 
19349 4766 31 7625 5 28 20539 13800 28 10026 7509 30 28 20402 28 28 9193 11036 1393 22318 20 
20402 10019 16066 8874 5 9 9 9 21596 21793 22463 3058 7127 20 
20786 15678 20799 20 2 
21 13606 18498 1540 7850 22942 6 15671 9193 17629 5 5 5 7730 12861 20402 15138 3058 4 17458 17304 5320 22463 4766 15678 16083 4 15678 13266 18498 9193 17689 4 20402 15671 18498 15678 20215 4 15678 136 18498 9193 16878 20402 15671 18498 15812 7730 6075 5 1995 6103 1114 5 20577 6103 880 5 28 7914 9193 22942 5 18876 20 21 
21 11462 20402 31 4790 7509 29 1249 7509 15576 20693 12910 13512 6 28 28 20 18498 28 15678 11710 3450 7127 13909 7730 5235 8956 5758 3079 4 3877 7730 9808 18498 20402 5 22318 1027 20 9808 1247 21 
21 21 21 9801 4 20402 23104 7850 20931 4842 9801 4 20402 352 5354 21793 7127 9801 4 20402 20357 15678 4292 6981 10083 9801 4 20402 19900 18498 21596 15678 20463 1114 5 21 21 20463 28 21 
21 2727 31 9193 3790 835 4 835 20 23570 7576 2 21 
21 9743 16440 6981 8525 6103 10026 14335 18009 835 11758 7148 6103 22463 7594 18498 15658 20402 1453 28 5 15708 14604 1115 4 23135 20402 15678 14426 20 30 21021 7914 20931 15604 9169 7509 22942 20 7625 5 28 20539 13800 28 4 8956 22356 20402 15138 15262 20463 16673 6189 21 
21 28 28 4 23135 21830 0 21 
21 9808 4766 23135 4 20293 20 14797 7509 16169 4766 31 9634 7730 1097 21 
21 20402 2727 1920 18498 349 7914 28 4 9193 15138 16971 740 15658 19900 15678 18498 20402 5876 16213 4 7730 16866 4766 15678 6617 7850 14487 7730 5528 6318 5 12780 9193 12296 16404 15658 20738 20244 15390 4 8995 3058 0 20 20 20 8840 18498 871 1097 17511 13359 8956 26 5 21 
21 13333 6 
14797 6103 29 7127 6103 9602 7509 14604 16169 4 20892 5 28 28 7509 28 5 
11462 7127 29 6103 13014 18581 1393 29 7914 28 
13616 6 11685 4050 16455 20402 28 28 20402 28 28 17608 20402 28 6103 28 21 
21 21 21 31 835 7509 20304 20402 31 9193 10268 20 21 21 14924 6103 17718 16404 1937 1393 17950 7284 8871 4 11462 21282 662 31 9193 9634 7730 1097 4 1393 11543 6103 5997 6103 28 20402 28 28 4 1393 21793 1612 18498 340 8956 21961 22385 22223 9193 1393 14539 21551 23086 6 14604 16169 20402 5929 7730 11462 8995 7850 6014 20 21 
21 11514 16169 7730 15253 7509 29 14016 7509 20304 
18533 662 31 7625 5 28 15258 4 7625 5 28 28 10026 4 17458 991 7509 17939 4 4854 7509 8360 7509 14539 19240 18498 31 9193 15253 14335 8361 6 4050 7730 14335 9743 20357 866 15138 8810 4 16404 14335 10252 15458 12970 13026 1393 14604 12787 28 26 7730 28 5 31 10273 18498 21752 7509 11543 6103 5997 6103 28 21623 17438 1614 4 9193 15678 18498 15658 201 20402 15678 1114 18498 5204 7730 7545 31 18525 8147 15458 11543 5 15708 1393 21793 8525 7509 30 15708 28 17438 21596 14335 21225 2136 1614 5 31 835 7509 20304 20402 31 9193 10268 20 22463 21083 134 3872 16404 23135 7730 22463 2136 13640 20 21 
942 7509 3738 20402 28 30 
8230 18533 
21 8228 1393 13131 7509 16126 28 4 19483 17438 22463 3076 12094 5 15138 13759 16404 23135 21 
21 8230 28 4 22463 1114 6103 16971 21 
21 
5474 9634 7730 1097 7509 4417 6103 28 4 31 16429 7509 14797 6103 29 7127 6103 9602 7509 14604 16169 4 20892 5 28 28 7509 28 5 
6086 6 29 6103 13014 18581 1393 29 
13616 6 11685 4050 16455 20402 28 28 20402 28 28 17608 20402 28 6103 28 
6670 13055 662 16673 17743 20 

15728 6 14604 12787 28 26 7730 28 8995 15988 16083 14797 4 9193 16404 15678 9626 7730 1097 18498 19432 7914 28 5 11043 5 21 
21 9193 19900 18498 12784 20357 9620 6103 871 4672 5 5 5 5 3058 15533 4 8525 20 13055 8995 7850 11518 6103 22240 15678 17244 4 15658 20402 10765 0 20 27 5 5 5 30 28 20402 28 1097 9175 7914 14604 5528 5 21 
23 20 288 18498 5219 19474 1393 21793 31 14469 6103 3870 8458 31 9193 9634 5 22463 23570 20247 1393 21793 20 15708 13909 22463 22897 17438 368 7850 1114 5 15138 28 7850 22942 6103 23135 7730 15678 13909 15678 20402 373 5 20402 7730 2136 13640 
21 15874 20 18533 662 1393 21793 18498 4847 1393 22771 7509 14604 16169 28 4 21793 31 6357 6103 550 4 20402 17438 13481 16066 16673 28 4 18498 4289 1393 9193 7730 1393 14604 12787 28 7730 28 26 5 1393 17556 12780 19474 31 3450 22463 6103 23135 5 15708 17438 21596 9790 6981 21961 7188 15678 3610 13909 20932 15678 17521 5 20402 9522 11043 5 2136 13640 20 21 
21 9634 7730 1097 4 14604 16169 20402 16404 15678 6014 654 31 29 6 29 4 7730 13055 8995 1393 13131 7509 15576 16169 4116 4 1920 4796 28 11284 17714 5 
14604 12787 28 4 28 26 7730 9193 4 5474 16404 15678 22771 4 3962 873 18533 17769 20463 425 4 9193 4766 20520 6103 2136 13640 5 
17458 22463 7127 31 10765 12780 20149 8147 4 7730 9193 5739 7850 6014 5 
201 21793 20739 4 9901 21282 31 20126 5 
15708 31 21793 4 18498 8995 7730 13749 5200 21 
21 15576 3388 4 9193 23501 4 9193 28 5 21 
21 21596 16971 18498 7914 17556 21551 5174 9193 13055 9193 8095 4 4766 15678 5528 4 11454 4 9634 5 28 4 16066 7723 28 4 20931 13749 20402 31 9193 13749 5 1097 16673 10547 1097 16673 20127 1097 16673 4060 21 
21 10026 28 4 1095 6103 3431 4 22463 10138 20 21 
21 10026 4 1095 4 21282 662 31 3076 6981 14464 20 21 
7850 4766 28 7730 28 
21 28 4 339 4 1095 6103 11518 4 14764 7730 20209 5 21 
21 16126 28 4 15144 11156 4 13512 20 21 
21 7730 7850 14336 7509 3610 8147 16971 18498 6679 4854 835 5200 2 15138 1114 20 
23162 28 4 827 9193 22942 4766 15286 5 21 
835 7509 9193 14049 20 
17244 1233 20 
21 4766 23135 8147 21793 15678 28 10268 16404 18931 5 31 22225 20149 12780 7730 31 835 17649 15678 14604 5528 5 1027 23135 20 30 20402 28 28 8525 6103 8228 4 23162 4 16126 7730 339 1114 13905 
22225 1614 15658 20 27 21 
21 22463 19205 14295 20402 15138 13909 18498 2702 7730 3955 5 22463 22897 18498 23135 16878 31 8406 7509 1114 7914 20463 5528 4 30 20149 9743 20931 15005 16404 21793 15678 20293 4 17458 5121 15576 20539 4 238 7850 942 7148 6103 28 7730 9193 9918 21663 5 7730 21596 10765 18498 740 7728 7509 1114 991 7509 7419 5 5 5 27 15671 5739 7850 1114 5 28 11219 7914 15671 5 
23051 7509 14604 8897 28 28 7850 30 28 7914 28 21 
21 11284 16971 18498 9193 15424 19900 9312 6103 15894 23016 4 16083 19501 7730 740 16083 18498 20293 8995 13761 5 28 8995 31 11139 16404 9193 21 
21 28 7730 28 4 28 28 4 28 28 4 20825 4766 23135 4 8995 7850 3960 7509 28 27 4 12780 5320 11980 21 
21 21282 662 18376 5 28 
3058 9975 6103 20247 4 16972 20 21 
21 20304 4 8358 31 8840 4 20738 22318 6361 5 21680 3611 20402 16816 7730 9193 5064 16404 31 22942 9172 4 31 22318 16580 14335 5255 7730 5139 15678 14604 5528 5 15658 20402 9193 5150 7850 11518 18498 22318 8637 16404 636 5 9193 5739 7914 22318 7730 19900 18498 22318 5108 7914 9193 5 1150 5 21 
3058 7127 
21 21 21 28 18077 4 28 18077 4 20931 14792 15658 9620 5 21 21 
740 12780 6075 15138 21663 6103 22942 6103 20931 15704 4 20304 20 9808 21 
21 15502 20402 16816 4 21793 15671 4807 8564 7730 265 4 31 10765 3213 4 13749 4 4346 4 20852 4 9996 18498 15299 8995 349 4 210 15678 5528 4 19466 4 7491 6 9193 22318 1027 4 7730 16765 18498 15658 20402 15299 21282 4 7730 18498 15658 430 18533 20402 22327 20149 15678 20463 22327 15658 22318 17649 4 15678 11861 20402 15678 1114 18498 3913 7850 5528 4 7730 31 3450 7127 28 9193 19295 5 14604 12787 7730 14604 16169 21 
21 9743 22327 15678 18498 7847 22318 7491 20 
11729 7509 3738 20402 28 28 30 28 
3058 20247 1393 21793 20 21 
21 6075 22463 18281 19871 13761 7914 3962 4 23051 15678 30 7730 22805 4796 8995 31 9193 4672 7730 13055 23151 5 5 5 5 27 5 5 5 22327 15988 4 13501 4 344 7509 13194 5 20126 5 5 5 18498 3058 18498 28 16878 1393 11474 9743 31 28 2 21 
21 22463 7127 14604 21739 28 11943 26 4 12787 7509 14604 16169 4 14335 6075 22463 11729 16752 6103 20060 28 7730 7491 16404 9193 3914 4815 18498 9193 20420 18044 7730 740 28 17714 22463 15311 15138 3058 16404 9193 5 
19522 6 29 1249 6103 15311 4 29 15266 6103 15534 7730 29 1249 7730 14336 6103 3960 14604 28 8897 5 5 5 28 28 23104 20060 28 2 21 
21 9743 7509 7594 22463 9422 16404 15678 1114 5 
3058 15533 20 21 
21 19229 6 
21 21 1097 20402 31 9634 18498 28 9193 16878 8637 5 21 21 
1097 16673 10547 1097 16673 4060 4 1097 16673 7594 
30 28 20402 28 28 21 
21 1737 7509 30 28 20402 28 28 29 6103 13022 29 
16126 4 339 4 8525 15258 4 23156 2 
15138 1114 21 
20402 22463 11514 20402 18876 7850 3962 6103 23135 5 662 16673 4839 18498 15101 20463 5528 7730 6987 15678 20402 17934 11576 18498 11284 5 20007 31 9193 22942 15459 7127 5 8525 6103 9128 7914 10027 4519 30 28 20402 28 28 11043 16673 5483 20 
18458 13619 7850 18894 17835 7509 30 20402 28 28 
21 15138 17935 4 3870 4 5876 4 1114 8230 28 28 21 
21 17438 9620 6103 3870 20402 18498 15658 9901 5 5 5 27 4 9193 21858 22463 9634 21 
21 20420 14149 16098 871 1097 6191 20931 3718 15458 17021 5 
17021 13619 7914 22463 7509 4147 6103 5485 7850 30 20402 28 21 
21 15678 21932 21282 20149 21858 11037 18476 20402 9790 4766 1114 4 22463 20558 16475 4766 31 10026 17304 20149 21858 22463 669 5459 1095 4 22327 6400 7509 19456 4854 5 7730 13761 12780 15671 20 21 
21 20149 31 9193 22942 6075 22463 2725 13591 4 11731 21282 18476 13359 31 11454 7509 16971 18498 8147 16673 3610 5 13512 7730 1408 5 
3058 15533 21 
21 20205 4 18498 3058 18498 23135 8995 4289 20 
20126 6103 22463 16971 18498 13055 9743 16440 7509 14604 21 
21 21 21 5459 4766 7558 28 4 18498 6582 13761 7509 6014 4 4809 31 16836 8443 4 20149 4815 7847 1190 5 19474 18494 20293 20539 4 21282 15658 14924 22318 6256 5 7730 17703 11731 1920 4 20402 18476 8406 15678 16605 7914 9193 5 15678 7558 15855 7914 14604 15860 4 19474 7491 18498 15658 5 4766 22463 20853 7914 20463 13763 4 19604 1393 14604 5528 5 20149 19900 18876 28 4 7509 20463 16654 21179 22463 13759 5 7914 23151 6981 13759 12780 9901 4 21793 15678 28 31 3702 5 5 5 10901 4 10901 4 10901 5 5 5 31 12876 7730 20539 26 20539 21 21 2510 4050 28 6103 19426 21 
21 21 21 18481 22898 23135 12430 9594 4 9193 22942 2727 17304 20402 14425 5 5485 4766 15678 16083 15424 16721 4 20149 538 16404 15658 20149 6137 5 21282 15658 11731 18498 22327 18498 20149 8147 15424 20293 20402 22463 3610 31 13909 4 16404 18784 20402 9808 5 18533 22318 15061 18498 31 4276 7509 20191 18498 9193 13405 7914 10366 20402 15678 1114 5 5 5 368 7850 1114 5 5 5 21282 15678 21680 1114 4 21282 15678 21680 1114 4 15128 9193 22942 5 5 5 5 21282 15678 21680 1114 15128 22327 1393 14604 19030 5 21282 15678 21680 1114 4 20304 5 368 7850 1114 21 21 28 28 2510 4050 22942 19245 21 
873 1937 7284 8871 0 9193 5085 8995 19854 5 
21 15855 21282 31 10026 13512 18498 15678 14604 16169 21596 7914 28 5 1920 15678 22088 9901 13909 669 4 13909 10544 5 4932 4 4876 4 21932 4 8017 1114 
11043 17438 21793 8956 14249 7850 910 4 14464 
11543 7509 5997 6103 28 20402 28 28 21 
20126 5 5 5 
21 18458 6103 22463 7509 4147 6103 5485 7509 11543 7509 5997 6103 28 20402 28 5 
3058 7127 20 21 
28 9193 16878 1920 5 5 5 
18498 10152 13512 4766 8956 19828 5 5 5 
21 4766 7847 28 28 8230 7509 11543 7509 5997 6103 28 20402 28 20402 21282 9867 20 18476 31 7594 12780 7957 4 15678 20853 4289 7730 827 31 21409 7730 31 15533 5 7957 19698 20 16378 4179 1614 5 5 27 15708 4 28 28 20 21 
21 15658 23104 6103 11723 4 9193 5739 7914 28 5 
7730 18476 866 16066 873 47 9193 10547 4 9193 15963 16404 18498 7847 14539 14335 10252 5 
3058 9975 6103 20247 20 21 
21 21 21 20825 4 23104 7730 21793 7127 662 4 7730 19662 16404 23135 4 
20402 31 23575 31 15036 4 8838 20 21 21 
3058 15533 5 21 
21 1097 4 9634 4 17934 7509 8525 6103 8228 4 1614 13055 20402 9193 3962 14539 5 5 5 5 5 6103 14049 4 1393 21409 7730 31 15533 4 15678 18498 20420 6103 9193 20149 15658 20402 15678 5876 7730 3870 6103 23135 1614 7850 11543 7509 5997 6103 28 5 11577 4 19456 4 11688 4 17935 5 
8995 7850 28 14539 0 20 20 20 21282 662 21 
21 17950 3611 4766 28 28 
21535 6103 11462 6 4839 21 
21 11462 20402 7127 6103 9867 7850 6014 20 9808 1247 4 15253 20 18498 15678 28 31 18044 7730 18498 31 20304 15855 20293 17438 15671 1614 7850 21631 5 21 
21 11462 21596 17950 7284 8871 1393 29 16673 3643 7509 19415 3718 15604 5 
31 9193 5085 1614 7914 28 20402 10296 4 15658 19900 20149 12780 5219 1937 16673 28 4 17629 6103 22463 21525 22540 5 5 5 27 18525 20402 1937 4793 2371 20 21 
21 11729 6103 9193 20304 7509 3738 20402 28 28 7509 11543 7509 5997 6103 28 
15678 20749 19089 20931 13759 16673 12899 7730 12795 16404 18498 9193 17304 21752 8956 10273 5 2725 5422 7509 15364 5 9901 13512 4 15658 20402 0 20 20 20 21 
21 16721 2727 6 
8995 7542 20402 19854 20539 5 19900 18498 9387 22463 7544 18498 17304 20402 12100 4796 15678 5997 20402 19854 20539 5 9193 20149 2136 14604 16169 20852 18476 31 7594 12780 7957 4 12780 9901 4346 15678 7127 21793 0 20 20 20 15658 5 8995 1540 31 20402 13405 4 20852 7730 4346 20149 17629 5 2136 14604 16169 14335 5139 5 5 5 20539 4 7847 20539 5 20402 2727 18876 7914 28 7730 18476 8918 18498 31 20127 7509 16169 8995 4929 4 16721 18498 8995 7850 16373 5 7730 18443 28 7914 9193 22942 5 21 
21 20402 15138 1114 20 8230 28 28 1393 14604 13131 4 5876 11284 29 1249 2116 7509 9193 15253 15459 14539 11543 7730 11462 5876 7509 14604 16169 5 
21 21 21282 662 20 21 21 18376 5 28 21 
21 11729 7509 20060 7509 3738 20402 28 28 7509 11543 7509 5997 6103 28 
15138 13512 20 14469 7850 16395 6 21 21 9193 8995 5488 21793 15678 28 21 21 15138 5 29 4 29 21 
21 21 21 7730 1394 18533 18498 9193 12780 4 13405 23135 4 7850 15855 5 5 5 21 21 16340 7509 21021 21 
21 21 21 28 18077 4 28 18077 4 20931 14792 15658 9620 5 21 21 
15708 28 20 2 21 
21 11543 7509 5997 6103 28 26 20 
15855 15671 1614 16083 22897 15678 16169 7730 9193 21 
21 8147 16971 18533 17438 15894 31 10765 16468 7102 20402 22463 2367 5444 7914 9193 22942 5 21 21 10767 10795 10767 21 21 1027 19611 7850 20 21 
8956 18852 20402 16404 23135 5 
7914 28 20866 6103 28 4766 15678 1097 
5 5 5 
16404 19698 22463 17556 5 5 5 
21 7730 15424 22327 20402 1453 4347 5 5 5 27 4 9193 7730 14604 12787 201 6103 4289 7509 17989 20725 4766 15678 16169 6408 6103 22463 13669 7127 5 21596 31 835 6103 19052 15678 8230 7730 1095 16673 10547 28 22971 28 4 31 8230 28 28 1095 6103 12319 7730 5320 4766 15678 1506 7509 8230 28 7730 6103 16083 18498 9743 15576 17244 5 5174 31 15258 28 10765 18498 9927 20311 5 19698 15138 17438 11462 4 17458 28 8995 7914 15576 5528 5 15708 31 21793 20 7957 6564 20 21 
3058 15533 
26 12863 10907 5 5 5 5 26 12863 10907 5 5 5 5 5 
21 16440 29 7509 13860 4766 15678 14604 16169 16404 31 5291 6103 19553 1393 11543 7509 5997 6103 28 5 
21649 7850 15256 4 10547 7850 5528 4 28 7850 4770 5 12780 22318 7957 10405 7850 2601 5 28 16468 7850 10366 5 28 4 155 15678 3610 5 1150 5 21 
21 20402 20293 3058 10648 17737 6670 18498 20402 6103 3058 5528 5 
7730 18476 15678 17737 20402 22463 5483 31 15965 4178 2046 7914 4290 15678 5528 5 15708 16673 21649 28 28 28 4 15138 23579 5 2700 21 
21 22385 3058 19611 1097 5 5 5 740 13909 20149 20402 7914 14924 8810 7509 9193 22942 5 20402 6103 835 16066 7594 5 17304 5320 4766 20931 15965 5 22463 134 2727 3872 16404 23135 5 28 22971 4 28 16811 7509 28 4 2713 28 5 5 5 5 5 5 15708 16673 3870 21371 5 21 
28 28 5 5 5 11043 17438 20931 17743 5 23051 8810 16404 9193 7730 16404 15678 14604 16169 5 15708 
21 1022 9193 12780 20 31 28 28 28 12780 14335 13405 4 7730 740 12780 14335 8060 22463 21649 5 31 15199 12780 3510 5 28 20402 22150 5 21 
22463 5528 17438 20931 15965 5 12780 14372 13030 7850 16192 6103 28 0 
12780 22240 11462 22463 5528 17438 22463 15965 0 22318 8840 1614 8443 1393 29 16404 13030 1937 2092 7509 19415 3718 15604 1393 17950 7284 8871 4766 18376 5 28 6103 28 5 2136 13761 20 
21 6408 18498 22240 31 10317 7509 14604 16169 18498 8995 214 7730 4766 16347 7850 2988 4 9605 8344 4 9193 7491 6 3058 15533 4 16169 4 7599 4766 28 5 15678 20304 13055 8995 20157 5 7847 14335 7491 4766 22463 20853 9193 15860 6 15708 
2371 5 5 5 5 20215 4346 7850 10667 5 3058 15533 1393 21793 5 21 
28 28 19668 11043 17438 20931 10747 1393 14604 16169 5 7847 472 31 3585 5 28 78 20931 9634 20 
12780 5590 16404 31 30 28 28 16066 13480 29 29 
9193 20582 15658 8840 22463 2053 13909 15520 6103 7801 5 9365 6103 22942 
21 2136 9193 18498 15658 20402 15253 4346 15138 4766 8956 23222 5 7730 15678 3870 6103 3450 15253 4766 15678 9942 7509 16083 15253 4 18498 15855 13512 16404 31 5758 5 21 
21 20207 20255 1114 7850 4417 6103 28 5 
12979 14162 7914 7284 1393 1114 7730 31 22942 4 7491 15658 31 7645 7509 15190 5 2 12346 13909 18498 16816 20 21 
21 22463 134 3872 16404 21793 31 14004 4 7914 8810 31 9193 15253 26 18498 11462 9743 20931 15005 7850 6014 5 21 
18328 17316 15458 3718 5 5 5 5 4561 13512 5 5 5 5 5 14335 13405 28 28 
21 7509 22915 6103 23572 4 10959 7509 2725 16175 18476 28 14335 16878 4 7730 7509 1103 18498 9743 7914 22463 16753 16066 11020 21960 18476 1393 15576 13131 20336 16971 18498 4854 3058 9422 6103 22942 5200 5 31 22915 21596 22463 6996 9975 4 9193 31 1103 5 5 5 5 5 5360 7850 28 5 5 5 27 
20402 2740 28 28 5 21 
21 21 21 18525 22805 3790 15658 22805 5528 21 21 
22463 10343 2727 5174 9193 18498 6103 22897 7914 18476 17629 20402 19089 5 
23570 9975 6103 20247 1393 21793 20 21 
8956 19900 7509 4672 5 5 5 
21 7730 31 3450 7127 31 22942 20149 19295 7730 3256 16083 22942 5 
7509 3137 8995 15344 15604 10095 18498 14604 16169 10648 7509 5758 7509 9634 6 28 28 19668 7730 28 28 5 
3058 21409 20 20 20 21 
18498 11454 13512 20 
21 21 21 23135 5219 9743 22463 9867 20244 7251 4 9193 23135 15658 5219 9743 22463 9867 20244 1097 21 21 16192 7509 10358 5 5 5 5 5 5 5 5 17950 308 6103 22327 15678 1114 21 
21 3058 15533 20 16404 18525 8995 1937 31 17951 7284 8871 654 7850 3718 15604 4 12780 15812 22463 5528 4290 6103 15965 5 21 21 20304 4 9193 15658 20402 7205 6103 18498 8406 7914 9193 15005 4 9193 7491 21282 22463 16192 7730 9193 20402 20007 21 21 5 12780 14372 31 16192 13030 0 21 
21 5 5 5 7730 15678 22797 10259 18498 14335 13405 16404 10366 4 20402 15678 1114 6103 28 5 21 
23 4796 9193 18533 22463 6981 5 5 5 5 
21 7730 11462 21596 16404 18525 10959 6103 4854 22463 16192 6103 550 4 1114 4 3870 4 346 4 28 5 5 5 5 7284 8871 1393 29 7850 3643 7509 3718 15604 5 12780 16429 7730 19662 13030 0 5483 9790 5 21 
21 7730 13761 12780 15671 4 9193 22463 7127 4 13909 22463 21409 7730 18498 28 9193 78 7914 13909 22463 15533 7730 22463 13860 5 22463 7127 6103 3450 22897 5 
28 28 28 7730 28 28 4 15138 15708 16673 23051 20 21 
21 19638 7509 14506 7850 4417 6103 28 5 
12780 5508 31 11670 28 0 0 0 21 
16135 16404 8840 15678 9956 5 5 5 5 31 3379 
21 31 16192 20402 6 20794 4 873 21596 16404 4854 0 0 0 21 
16404 20149 12442 
21 8214 16404 31 910 7730 16404 15678 5528 4 15286 21 
7730 16404 15671 31 7419 20402 21282 22463 7055 5 2641 4766 31 21739 6103 28 7509 28 22805 28 
21 7730 15678 18498 20420 7509 15190 20244 31 5758 0 8995 14335 19081 1393 21793 7847 4 17458 31 14004 13055 20402 7730 20293 20402 9172 5758 5 11043 16673 23051 1393 14604 16169 18498 15678 6256 13909 827 11462 5 136 20 15708 16673 10095 7730 15678 13512 3943 5758 20 21 
14924 7509 20497 6103 28 28 7914 28 
20497 14149 6103 28 28 7914 3058 4842 
21 29 6103 13903 4 7127 7509 21932 7730 7914 28 4 9193 20352 7850 26 26 28 4766 31 10647 28 28 5 3702 15138 20 18498 20497 14149 7730 15678 14425 4 6103 11066 20 17556 10765 5 5 5 5 12255 15424 21793 15190 10959 6103 15112 5 6408 7509 9934 4 31 9193 10273 21 
21 10959 6103 15286 20435 21371 4 9193 3472 15678 16083 9035 15220 0 
12780 9901 7102 16404 31 17436 5 5 5 14335 12025 15458 21 
23 
21 7914 3962 4 4842 7509 16169 5 20126 7509 14604 1114 5 5 5 21 
21 3426 6103 17244 6 13055 349 4766 23135 6103 21596 18498 12780 7599 4 9193 288 18498 20463 3431 8995 13520 7730 21596 7722 6103 1049 7850 0 20 20 20 27 5 5 5 5 12780 7599 7914 18376 11462 5 5 5 27 5 5 5 8995 3058 4 13055 17304 19698 5 5 5 3058 15533 20 21 
21 16404 15678 1114 15658 11284 7419 18476 20402 22463 20352 22823 5 17406 2369 28 28 20879 5 5 5 14265 31 20126 16673 28 5 
22318 1027 28 28 21 
21 21932 20402 17629 4 19466 7730 20149 7451 21371 5 31 17913 20149 21858 14425 4766 15678 5574 4 14487 7730 5528 19295 6103 8208 5 7957 13761 8443 20 20 20 2 21 
21 1393 21931 7509 15576 28 4 16323 16673 20463 7127 20 
22823 11156 20 20 20 21 
21 16404 18525 5947 8956 26 4 8995 15963 17438 23135 5 18498 28 22020 15576 5528 20293 16404 15678 2727 7730 9193 18009 9422 14149 16404 9193 22942 5 1150 5 21 
6159 6103 1114 7509 21739 28 16404 31 12787 28 7850 28 4766 7277 31 2700 7850 21494 7509 26 27 5 14604 12787 28 1393 13131 21739 28 7850 10273 41 20402 15678 1114 
21 28 20402 22150 20 12979 4 8956 20402 15678 3610 21 
12780 20 20149 15678 16169 21596 2727 27 
21 11020 20497 7914 28 4 7850 17608 7730 6103 11066 20 28 28 1393 29 5 
11560 6 23273 5 28 5 4766 26 29 21 
17629 6103 3911 0 7850 30 28 28 21596 5 
17629 20402 21282 13480 7850 30 28 28 
4913 654 20 
21 19592 16404 15678 8147 6103 12787 4 9634 28 7914 28 5 7509 8933 16404 7277 6 20336 21739 7790 6103 3629 11020 4 14604 16169 28 6103 28 4 21739 7491 6103 28 5 5 5 5 7914 18376 21739 28 6103 28 4 21739 28 7730 21739 28 6103 20402 28 7730 21739 28 6103 28 5 9620 31 21739 28 4 5174 4796 28 18498 15005 7914 28 17790 5 11943 26 21739 28 4 21739 26 4 21739 28 7730 15678 6329 18498 15658 5174 4 22463 134 7279 16404 15678 6014 5 9808 6329 
8815 16404 15678 17822 11139 6103 18963 7730 7850 5528 21 
3388 5876 16673 28 28 28 7730 2561 16673 9942 28 5 17989 16404 31 9867 7509 9634 
21 28 28 28 4 15708 16673 23051 1393 14604 16169 5 22318 472 20 21 
21 28 28 28 28 28 4 15138 15708 16673 23051 1393 14604 16169 5 
4178 7847 9901 15138 9808 20 21 
21 14924 4633 7509 17812 7850 4387 4 17458 15576 16169 8995 7599 14539 27 21 
21 17812 13512 4 15138 1114 4 16169 9808 4 21739 9808 21 
21 15671 21596 21389 15083 16404 4346 9193 28 8995 9193 8361 16673 1114 18498 17304 20852 16169 9808 4766 31 9634 4 23051 21 
21 31 5459 1614 8995 1233 4 15678 16169 9605 7730 15678 12787 6318 4 14604 21739 28 28 11099 9996 18498 8386 5 5 5 27 4 12861 18476 15678 21739 16836 7730 14604 16169 21282 21331 27 4 9193 8995 9808 4 12861 20402 11861 5 21 
21 6103 12897 29 9 9 6917 7509 17812 28 16440 6103 28 16404 20402 28 4 19553 16404 3962 1603 31 5015 7509 9574 6103 22893 6361 4 9193 8995 17525 21 
21 28 14335 6075 22463 9634 11020 4766 17812 13512 4 7730 8956 7558 20803 16404 15678 12916 9901 13909 10095 21 
1575 20 
21 29 6103 153 7127 15291 7509 13591 12240 
10959 8815 6981 13591 6 31 10672 18498 18533 15128 15678 15190 5 2248 6 28 28 31 2799 7509 3988 28 21 
21 21 21 23135 17304 7491 425 31 20931 9634 7730 31 20463 1097 7730 539 14673 7730 14673 7730 4 1393 14539 21551 4 3913 7850 7914 20463 5528 4 7914 20931 14487 4 7914 20463 9156 4 17324 23135 15658 1453 23104 7850 15190 4 9193 15678 15190 23104 7914 23135 5 21 21 
28 28 4 26 26 26 7509 13591 31 3379 21 
15286 16404 827 31 910 7730 15678 5528 5 5 5 3058 15533 20 20 20 
3450 22463 20149 8344 16404 5876 7509 20463 5 5 5 5 
21 20402 21389 15637 21282 16971 20402 15678 18498 20402 1276 7730 15678 18498 15658 20402 13909 21371 15671 13055 15658 20402 4796 22463 7127 15671 20825 20402 15678 18498 31 22942 9743 6103 15671 18498 9743 6103 15671 14539 23104 20402 8637 8406 15678 12469 7730 31 18736 8406 31 3393 7730 15678 5528 15678 3611 7509 835 7730 7509 7594 7730 7509 2734 7509 20781 7730 15299 20402 17438 228 21551 20402 22385 17556 15678 15576 21551 16404 21389 20352 
18498 15658 3391 7850 17737 15671 20402 9193 11454 15576 20826 7730 14453 9193 11723 1393 21778 9193 8003 2553 23104 20402 238 15576 3058 7730 14309 14924 8406 18736 7730 20352 8406 15678 14378 7730 15678 6679 6103 1027 1021 4 1252 21551 7914 15102 
9370 7501 5 5 5 
11462 20402 7127 6103 7284 8871 7850 21525 3718 15604 1393 29 20 
16404 14425 2024 6 30 28 28 7730 2888 20 
28 28 7730 2888 5 5 5 21282 8637 7730 9743 20931 4913 20 

