21 15658 368 5 5 5 
28 15036 7730 31 28 21075 4 21267 0 18784 15658 5219 368 5 21 
9193 17831 28 14413 
288 18498 19335 7914 16817 9303 
3058 7127 17872 18525 352 4766 7594 
9193 18533 
9193 18533 
21 26 13909 22463 10546 6103 28 28 17068 6 
28 19969 7509 11702 7730 23029 9480 6103 23469 4 472 4 13143 2352 11560 6 21298 5 4591 10907 30 30 21 
21 26 28 28 28 28 6 
15311 22463 16971 18498 22318 1027 4796 31 10889 1027 15678 9956 31 13143 2352 21 
21 26 28 26 6 
15678 9956 7509 22 31 13143 2352 22 5320 31 11454 6103 7558 12979 4 18498 9901 17729 7850 20453 7509 21409 5 21 
21 26 28 28 8980 6 
20670 31 28 19969 11560 6 21298 5 4591 19841 23274 29 30 18610 21 
21 26 28 13849 28 6 
26 26 3148 11560 6 21298 5 4591 30 18498 29 21 
15616 7850 20453 7509 21409 6 
6679 
21 20402 22463 3058 14464 0 4 6103 28 28 21 
23489 6103 10273 6 
23489 6103 10273 6 28 6 26 26 26 26 26 
10273 6 
9193 18533 
6679 
21 13909 29 14764 4 21752 22463 20828 1393 21409 5 5 5 21 
26 26 7730 31 15970 7509 5692 
21 26 21743 21269 28 6 
7599 20402 22385 3058 18498 15424 16393 18498 20402 6103 11066 5 21 
3058 7127 
21 26 28 26 6 
3058 7127 28 
21 9808 7127 7509 12787 
22318 1027 15138 21 
28 28 
17629 12780 28 7730 28 
21 5936 15580 7509 28 28 
17438 9721 28 26 21 
21 26 26 21 21 26 21 21 21 
21 27 21596 18498 20402 31 28 
26 21 
654 31 16440 29 
28 28 28 28 28 0 28 28 
28 10696 28 
28 28 28 28 28 28 7730 
27 
27 9193 9901 4766 31 28 14539 
27 472 
2963 7730 13591 18498 10648 7509 28 20879 
17629 6103 13909 16169 4766 8956 2053 
4796 12910 
20497 7509 30 7730 7558 588 
28 7850 13286 
14010 
6679 
9193 18533 
7623 18498 10648 7509 16668 
3268 18498 10648 7509 26 
13512 
27 
9193 18533 
9808 7127 12604 7509 4189 
21 13424 4 
23135 20402 15138 9722 5 23135 17304 16468 14924 12222 13026 4766 31 16971 28 4 8995 15138 8875 7730 3224 4766 22327 4 2136 4766 31 4672 11861 5 21 
21 9193 7730 8956 20402 18498 1027 
1247 7509 16668 21 
28 
27 2727 1920 14539 27 
28 21260 
21 13424 
23135 23104 22463 14924 15242 7730 21596 14881 6103 14426 31 20931 17509 2118 4766 22463 21541 16062 18498 16878 8147 3058 1506 5 23135 21596 31 17517 6103 19052 20352 7730 16179 7730 6103 19013 15678 7607 7509 16971 28 4 18498 20402 15138 6305 7730 7623 16404 4766 23135 5 21 
27 
21 18498 4672 13512 18498 10648 7509 20749 5 
21282 9620 22463 15540 5 21 
13591 18498 10648 7509 28 6103 1247 1027 
21 21886 13512 14149 18498 10648 7509 26 26 26 
28 3091 21 
15855 18498 1114 18498 10648 7509 26 26 26 
17737 18498 10648 7509 28 
21 6103 11066 7850 20450 28 31 29 4 28 29 7730 29 6103 656 5 
22657 31 16689 5097 21 
29 28 16404 15678 29 1249 5 
654 9620 16404 15678 14604 29 1249 5 
18481 1114 
21 13424 4 
23135 8995 15138 21564 1393 6202 20463 17413 6103 22886 4 15061 31 18525 15678 19746 18470 20402 31 20931 9381 7730 21371 20931 9408 5 23135 8995 15138 2027 14539 1393 4672 18498 16393 12423 4 17908 21596 31 2053 5595 16404 14426 15678 20463 19205 4766 31 16971 28 5 21 
7127 6103 4796 12910 
21 13424 4 
23135 15658 20149 6256 12650 17438 15502 4 21596 22463 2053 5286 5 9010 9692 15056 4290 6103 12450 7102 31 20931 23067 9332 15400 7509 16971 18498 15678 19746 4 9010 17537 17304 5762 2106 4766 31 16971 28 5 21 
9193 18533 5 5 5 
31 17022 5360 5 5 5 
28 
3058 21409 5 5 5 
472 27 
15678 14425 7509 21252 26 26 7448 11246 
27 
15658 21596 4796 15658 1027 
13687 1271 
22318 1027 15138 
4796 20402 0 15658 18533 19900 20 
28 21260 
15138 10765 20244 6011 9605 
26 26 28 5 4766 26 
472 
8995 472 22805 31 10273 4751 9193 16822 5 
9193 18533 7439 
21 31 19039 7509 13908 16683 6103 29 16404 29 1249 9743 4766 15678 468 6990 11636 15658 20402 13909 18044 16673 5767 17797 7850 9007 7509 5758 7730 7509 468 5 6981 10211 4 17918 4 18263 16066 22782 17452 8464 12979 6103 29 7730 29 1249 15658 20420 13909 5767 4 15424 22782 2685 810 16066 4430 31 22463 16971 6981 9586 9189 5 21 

