8329 31 5518 7509 16668 20402 13909 11861 18498 15678 3219 9193 15860 11284 11154 
28 19668 28 28 28 28 2597 
14907 20 
3221 
21 5174 15678 26 7509 26 28 6 14335 5412 654 4 26 28 20 20 20 14196 26 26 11943 26 3148 21 
21 6387 31 13411 12893 21 21 28 4 7850 26 20 21 21 4 31 11546 7580 4 15678 20853 3860 4 22126 4815 15678 20352 6103 11036 7730 14799 5913 20 
1614 201 22463 4403 5 31 9979 6103 22463 7509 9169 6103 22463 17960 18498 12894 20825 7914 16429 31 9010 955 7 17438 21793 15678 6474 21095 4 14924 6103 12003 7730 12409 18498 9901 16404 22305 5 
15678 15604 4 15678 12002 7730 15678 12695 14335 22126 16971 7730 15941 6103 5742 12094 21389 17934 4796 16972 5 
654 4 21282 14335 19509 20402 11043 17438 22327 20 18498 9010 20402 1453 22463 7509 11020 6474 18498 8995 17438 23016 5 7730 18498 15658 20402 10544 4 18498 9380 8747 4 21932 7730 6189 17872 18498 21596 22665 7730 1542 8464 6 21 
23 26 26 26 20 26 14763 26 11943 20060 7576 6 
21 26 4886 11943 28 20 5 5 5 26 21 21 1796 23351 2287 21 21 4 20060 7576 20 28 26 26 26 21 
21 21 21 21596 18498 21596 13411 4 14907 5 5 5 7730 7294 4 14907 5 5 5 21 21 21 
21 21 21 7730 9193 12780 13761 5 5 5 22 4060 11617 26 21776 26 26 26 5 7730 20149 9193 8561 4 8561 5 5 5 21 21 21 
4766 28 9 20244 28 
21 11678 26 7585 22 21298 26 2358 7850 14200 4 26 5 5 26 22 18740 26 26 26 21 
21 10548 0 18533 20402 22463 5764 4 8443 21596 18498 20402 5764 20 26 26 1825 26 21 
21 4788 15678 1247 7509 16971 13909 8810 6 16323 4 15253 20 6 21 
21 9193 18619 4 31 10765 21582 5 5 5 16243 26 21 
21 15138 20853 4 1542 7730 11020 6474 20 26 26 26 21726 4 28 20 21 
28 26 20 26 26 15005 26 21776 10907 6 28 
26 12863 26 5 5 5 
21 26 12863 26 20402 30 26 28 26 20 26 26 26 26 26 4 28 26 28 6 21 
26 31 13665 26 15803 26 5 5 5 26 28 28 
21 19768 11905 7850 28 20 8995 9605 4 9193 8995 9808 6 21 
31 28 6103 9743 28 6103 23575 11518 20 29 6 29 997 26 26 
18498 16689 20420 20149 31 2154 15658 21596 20402 3653 20 6 20474 20 26 
9570 11889 6 
21 23278 4672 13904 4 21282 12861 6 21 
20126 28 20 
1631 26 26 0 20311 20 6 
26 20 13690 6 22615 
21 21 21 12863 22 20539 26 28 11943 26 26 26 11943 26 26 5 5 5 21 21 26 5 21 
12334 1393 22782 7850 4088 20 26 1945 2070 206 28 22575 
21 28 4496 26 20 20 6 22615 
28 2597 28 28 28 14780 
26 26 6 
0 22318 26 21594 0 29 29 5 22782 31 16440 6103 29 29 21922 26 7730 15906 20 1796 28 
21 23 21282 15678 14464 22327 7509 23016 4987 20 15658 8995 19900 17872 18606 22327 12861 0 9975 7509 5505 22575 4 3805 20 20 1022 4 7127 29 29 31 29 7850 28 14365 4 12780 3348 13909 22463 22406 17872 9193 28 14149 20 
21282 23016 21842 17872 8956 14907 7730 19363 31 18737 7739 5 1611 17872 15576 18533 22340 18498 8995 4289 13640 13909 5 909 4 8995 13480 18498 15502 12780 16784 31 15941 6103 16162 15678 16137 21842 4886 7850 17807 6103 2066 1022 4 15658 20402 20463 17461 0 17983 19247 7747 7850 21298 5 26 5 16404 5 11617 5 4766 31 1945 2070 206 28 22575 20 20 
17872 4434 26 18737 28 12552 11617 26 7747 7850 22340 23016 9975 5505 22575 4369 9671 21 
20402 21793 28 30 30 9193 17872 4434 26 23016 28 
21 20402 22575 4 20402 22575 4 20402 22575 20 20 20 20 20 20 17819 13566 4 17461 20 20 20 20 20 20 27 21 
21 4369 9314 7730 2872 20 20402 22481 4 19225 12604 20 20 20 20 20 20 20 20 20 20 20 20 27 21 
26 6 15505 26 20 27 
26 28 20 20 27 
21 16468 7850 22434 20 20 20 31 22640 20402 9193 4 17461 20 20 20 20 20 27 21 
21 21 21 26 26 26 21726 
26 21776 9927 16073 26 26 26 26 9927 16073 
26 26 26 22 18740 26 21776 9927 16073 
26 15005 21726 13585 5 5 5 21 21 21 
20119 26 20 28 28 28 26 
26 26 26 26 3590 26 26 26 26 28 28 5 5 5 
21 4145 7509 14599 5 5 5 20023 4496 4 2384 20 20879 26 4145 22765 21 
21 21 21 9743 22463 9730 17872 1820 31 22942 
17872 7387 7730 18940 
2136 15678 12306 21596 15678 20463 22665 
7850 15941 6103 1540 4766 31 7594 
17477 4 31 11036 12976 16673 10192 7509 14604 5528 5 5 5 21 21 28 5 21 
26 5 5 5 10606 10012 7850 17583 7509 3422 20 
22463 3227 1393 17819 6103 15138 22915 5 5 5 19698 20 20 22212 19719 26 
11617 26 26 26 26 5 5 5 
27 6 
26 21776 26 31 26 26 26 5 5 5 
21 26 26 4 28 7730 28 4 21083 9038 4766 20931 3863 20 7 21 
21 21 21 26 26 26 26 26 26 26 7585 22 21298 26 
26 26 26 26 26 26 26 26 26 26 26 
26 26 26 26 26 26 26 26 22 21298 26 
26 11943 26 5 5 5 21 21 21 
21 21 21 11678 11617 26 26 21776 26 26 11617 26 26 4 
11617 22 6103 26 26 26 22 30 26 26 26 26 26 4 
26 26 28 20916 26 15005 5 
26 22 20539 26 21776 26 26 
26 26 26 26 26 
26 26 22 30 26 26 26 26 26 30 22 21298 26 21776 26 
26 26 26 26 26 4 4060 26 28 26 26 26 
26 11617 997 26 5 5 5 21 21 21 
21 2136 9975 7509 1249 15502 708 13909 8956 15286 20 3595 1034 4766 15576 17923 5 6103 28 6 28 31 5 27 
21 21 654 9901 7623 4 7623 4 7623 4 7623 5 5 5 21 21 21 
20474 7730 4189 6 10606 7509 9169 20 4369 20 17819 13566 20879 
21 19768 5897 6 9193 7730 31 10606 4 23192 21 21 9926 21 21 20 27 21 
21 8995 13480 15678 16375 7509 23423 13359 4 12787 0 20 27 21 
21 26 4 28 20 21 
21 21328 26 4 2384 20 21 
21 21 21 12863 22 20539 26 26 26 26 26 26 26 4 26 26 26 26 26 26 26 26 5 5 5 21 21 21 
21 26 26 26 26 31 26 5 26 26 26 11617 26 26 26 26 26 11943 29 26 4 11617 26 26 0 26 26 20 20 21 
21 21 21 12863 22 20539 26 31 26 26 5 5 5 12863 22 20539 26 26 20402 21 21 21 
21 26 10696 26 4 2384 20 21 
26 20 28 6781 20 20 20 
21 23135 26 28 4 28 22564 29 21 
21 21 21 26 26 26 26 26 26 4 26 26 26 26 5 5 5 21 21 21 
21 11617 11456 26 26 26 26 11617 26 12863 26 
26 11943 31 26 26 26 1631 26 26 5 5 5 21 
29 26 11943 28 20 11560 6 26 5 997 16404 30 30 30 
28 20 20 11560 6 26 5 997 16404 
26 26 11943 28 5 5 5 
29 20 20 
21 26 4 26 20 26 26 26 20402 26 26 26 5 11617 26 26 26 26 26 20 
15138 15708 16673 16323 7730 21793 15678 23176 6103 9801 5 6679 15678 14539 31 21793 20293 20 29 4 654 20402 11518 6103 4788 6 21 
21 26 26 20496 21776 26 26 1983 26 4 15833 5 5 5 21 
26 26 6 26 26 5 11560 6 26 5 997 16404 30 30 29 
20455 26 26 3932 6 26 26 26 4496 26 10907 20 20 26 26 26 11560 6 26 5 997 16404 26 30 23423 13359 
26 26 16105 26 26 5 28 26 26 28 26 26 9872 
26 26 15803 30 20 20 28 29 26 30 9872 11560 6 26 5 997 16404 28 29 
26 22 20539 26 21776 26 0 28 26 26 9872 11560 6 26 5 997 16404 29 30 
28 26 17051 5 
21 15286 3058 17872 4809 15678 7127 2727 6 
21 21 5 5 5 11617 22 13800 26 4 15833 26 11617 26 26 26 26 26 22 20539 26 
26 22 30 26 28 4 10907 6057 5 5 5 21 21 21 
19768 6103 11462 6 28 26 5 14425 11875 20 6 
21 28 11237 4 30 3633 21 
21 23135 26 28 4 28 22564 29 21 
26 26 28 26 17051 5 
21 26 21776 28 20 21613 7127 5 740 11888 4766 22327 4 740 7850 26 6103 22353 27 21 
21 21 21 11617 997 26 26 26 26 11617 26 26 14335 20 
15005 26 31 26 11943 21726 4 12863 22 20539 31 26 11617 22 13800 26 26 26 26 4 
26 26 26 4 26 26 16111 20 21 21 26 15803 26 26 26 26 5 
654 20402 15818 20 7730 20402 15678 18498 28 18533 5 28 4 26 11617 4796 20 20 21 
21 24 20 20 9980 201 6 6103 7850 15005 10542 4 28 4 28 4 28 4 18498 20402 20 
7730 17872 9769 4 30 8797 8956 20472 29 26 26 5 21 
21 21 21 1393 22898 16393 18498 20402 15908 7 10210 7850 4761 4 7491 425 5 1612 20319 18498 23135 21596 1393 29 16066 29 1249 4 18498 15502 7850 15190 9025 22385 18195 4 1027 22385 9844 4 19698 4766 21389 23167 16066 11866 21389 1920 5 1393 22898 16393 18498 20402 15908 4 7730 1393 22898 16393 31 13324 6103 16083 16971 5 21 21 30 5 29 26 4 29 26 4 29 26 
21551 18498 15658 23151 13909 5 20126 20 21 
21 19892 4 6917 4766 31 10606 20 6912 29 6103 22463 22897 21282 4 27 21 
21 9980 20 30 16673 17819 22897 7914 29 1249 6103 28 4 11212 20 21 
21 23253 20 20 9833 4766 20749 4 13640 4099 22463 26 6103 13405 17872 15658 16784 15678 5652 20 21 
15286 18498 12780 9901 22463 3058 21551 7850 26 7509 28 20 27 
21 26 20 20 21810 22463 26 17872 1610 21282 4 11212 20 6 6103 16689 18498 31 28 15658 17304 340 20 27 21 
21 10606 4 20207 7127 7509 20897 22 29 20 20 3564 7509 17461 4 9193 22657 15138 31 16689 20 15138 13688 6 6103 17819 7127 21371 10131 6329 20 7730 21282 17872 5268 4 21 21 26 26 21 21 4 9193 22318 1027 4 27 21 
21 12333 8995 7850 15256 20 20 9980 5762 5521 5 5 5 18506 31 16882 4 9193 8995 22657 5 654 12780 18498 12780 20 15678 21 
15619 3228 20 27 
28 7914 22463 20247 5 5 5 7730 31 23167 6103 9130 0 26 20 
21 21 21 14450 26 14335 26 21776 10907 26 26 4 26 26 5 5 5 21 21 26 26 4 29 26 21 
21 26 26 7 26 26 29 
21 21 1393 22898 16393 18498 20402 15908 7 10210 7850 4761 4 7491 425 5 1612 20319 18498 23135 21596 1393 29 16066 29 1249 4 18498 15502 7850 15190 9025 22385 18195 4 1027 22385 9844 4 19698 4766 21389 23167 16066 11866 21389 1920 5 1393 22898 16393 18498 20402 15908 7730 4 1393 22898 4 16393 31 13324 6103 16083 16971 5 21 21 30 5 29 26 4 29 26 4 29 26 
21551 18498 15658 23151 13909 5 20126 20 21 

