21 28 5 29 29 4 7576 5 10183 5 
16836 1393 22463 21841 7509 12936 15894 21596 22463 19511 155 7730 7847 8797 7491 21 21 7576 0 31 8956 11518 0 19511 155 0 19900 15658 5 21 21 
9193 20855 20402 18498 4 6408 7384 4 16836 13761 7850 17525 28 7730 7847 19900 5 21 
21 2136 18498 20402 3058 15658 21596 7251 
18475 20257 4766 26 28 20402 14532 18774 
17555 4672 20402 22463 11020 14145 7509 11571 18481 12861 5 
21 22327 18498 20402 17106 17304 17107 5 
21 21282 15658 20402 17106 7509 18498 15678 28 22 7 26 26 26 7 5 
9193 8956 20402 22821 5 
29 20825 6 4913 29 13080 6103 4335 5 
21 26 22374 6 31 10765 21681 2154 4766 31 14939 13562 
28 28 17090 28 28 21 
21 2975 15416 4 3790 3166 20149 20402 6 
7847 23104 2727 20463 29 1249 5 21 
21 31 26 4 28 4 26 26 26 13284 20455 0 
21 21 21 7491 18498 15678 21551 15128 31 4672 4 9193 23135 20402 18525 7102 15134 21 21 28 28 5 
28 28 28 28 6103 28 14158 28 21 
21 9980 31 16971 12780 5174 31 14425 21266 
21 17803 7509 1249 29 9790 7914 29 5 
288 12577 22805 18498 31 13907 7509 17803 20402 7914 19225 1393 22065 5 
21 4 4 30 4 4 8933 4 2442 4 7277 4 4434 4 8933 4 2442 4 2442 4 2442 5 
21 8956 2136 15678 16972 7509 28 12780 9743 18055 5 
21 31 12408 16404 31 29 20247 6103 20634 6103 12301 13055 4809 5 15658 8918 6103 20149 12406 7730 6103 11139 15678 26 26 16404 15678 7127 7509 9224 5 
13543 7509 9224 7850 28 6 11561 6 23273 5 28 5 4766 26 29 
12408 6 21 
21 30 7 7614 6 5588 7509 2727 7730 11142 7509 10625 15658 20402 30 5 
26 4 12861 20402 22463 5588 4 26 15803 5 31 11644 20402 18498 31 10606 7509 28 8995 15138 9306 4 16784 31 1103 17438 18494 15299 4 8443 12780 8435 12861 4766 10273 6103 21088 4 21275 7509 8838 17438 21551 14426 5 
15678 21085 18498 15678 28 14335 6075 20402 15678 26 26 4 21371 5174 4796 26 18640 16066 4796 15678 8943 7509 9956 6103 9645 21 21 11142 7509 10625 21 21 5 4796 20149 15658 2626 4 15678 28 740 16630 16404 18498 9193 7306 20670 15678 11205 9652 7509 9956 5 
15678 9956 15658 20402 9910 4426 5 
30 21 21 13471 17836 4766 15678 11792 7509 4509 4 21389 22823 4796 11731 4 20670 31 20709 16066 15678 12186 21 21 28 5 
23135 17304 22092 15678 9956 4796 9910 8829 2937 7850 10530 15678 22520 17304 20402 6072 12939 16066 9645 4426 17324 5320 871 7863 6103 9910 4426 4796 15371 8784 7730 26 9193 15658 10122 15425 17556 15510 16066 10543 21596 22463 11150 7730 22463 23501 9594 5 
20149 23135 10959 7509 5588 4 5947 31 17523 7730 18876 22463 21085 7914 22240 4 14092 23104 5 21 
12863 11617 26 5 
21 12791 4 15138 8302 
21 14156 4796 18533 13359 21 21 28 21 21 21 
21 29 7127 20244 4122 
15502 14335 13480 
31 28 15658 14335 14018 20658 16836 20149 18533 2058 31 15955 6103 18876 17983 17438 20658 5 
26 9 23371 5 
15678 782 15658 21787 5 352 13909 4099 17458 15658 19900 18498 11518 20402 5 
14604 26 20402 16753 4 9193 15658 3391 7850 3047 5 
5444 8918 31 4672 5 
20402 13909 7188 6246 7850 3590 5 22389 5 
13325 18498 14604 16719 20402 8302 5 
19979 
29 16102 
2136 654 15678 18498 13909 14335 1966 20402 13325 6103 4796 20402 9901 16721 7730 19089 17438 11518 20202 5 21 
5762 4766 26 
21776 20244 4122 5 8443 18525 18533 9594 4815 5360 9594 18498 15424 1276 20244 14335 13480 5 9193 23371 15658 19761 654 6 
21 30 16083 1488 5 
30 
21 22463 14823 28 28 28 5 
21282 4854 17458 16721 18498 15658 21596 4796 6075 9193 14539 5 21 
20247 7509 4712 4289 5 
21 21 21 26 26 26 26 4 26 4 26 26 26 4 26 26 26 26 21083 26 26 26 4 11943 26 26 26 5 21 21 
21 21 21 1114 20402 10159 18498 1655 20244 20149 22805 21 21 28 4 28 21 
21 10547 
9789 7509 13591 26 22575 29 21 
21 18476 9193 16721 18498 15678 26 26 20402 22463 7509 14426 4672 9790 16673 11571 4 7847 14335 1421 4766 12861 5 
28 28 6103 28 28 28 28 28 
21 26 7509 28 9594 20670 31 17375 3733 7509 19635 22805 11560 6 22805 5 153 5 4766 5 3148 2949 28 9968 29 29 3733 29 26 29 5 28 
13543 7509 15111 20670 15678 19210 7509 28 15061 18498 31 22805 15658 12716 12861 6 
7850 9971 7509 18352 29 7730 12760 7509 29 21596 8678 6 
21 21 28 28 21625 6103 4682 29 565 
18498 28 28 4 13055 654 20300 7509 19404 7730 
15781 3858 7850 450 7279 4 21596 5179 7509 
9122 18498 8464 31 7415 7730 19318 6103 4821 7850 
23513 7509 28 19891 7730 18498 7847 18191 11284 20149 2748 
6981 7415 5 7491 6 
18498 4 7914 4883 1393 21625 6103 6159 18779 
7509 7850 6086 6103 15908 4 15678 6156 10959 6103 19487 18498 
21389 31 17757 7509 28 4 18476 15678 16232 7509 17225 
21596 5179 7509 9122 18498 8464 31 7415 
7730 19318 6103 4821 7850 23513 7509 9000 7 18498 
12107 18481 31 18525 20149 19081 7914 19225 1393 21625 
16232 7509 17225 4 8627 18498 21389 31 17757 7509 
19404 4 3962 4502 4 14753 6103 14703 7730 8208 4 21340 
4796 28 28 13729 7509 28 4 28 28 4 
28 28 4 28 28 4 28 
28 4 28 28 4 28 28 7730 
28 13614 4 8406 16083 19206 7 18498 8627 
740 18498 20402 4951 31 7363 6103 17304 8406 16440 
19206 1393 7415 6103 3858 7850 23513 7509 28 
7730 18498 8956 7318 20402 9980 13405 1393 
16232 7509 17225 16404 20794 7 18498 18766 18498 15678 951 
8597 7509 10982 21596 5179 7 21 21 21 
21 14425 16451 4 7509 28 6 
21 21 29 15678 17753 7509 19404 4 7850 22967 6103 20463 14020 4 15658 17304 20402 19479 17438 2073 9077 1393 9370 6103 20931 10502 5 21 21 
7491 20931 17659 7730 753 31 9743 22463 30 14425 16404 23135 20 
21 22327 2727 18498 15678 26 26 20402 18166 17380 7509 26 4 9193 288 8302 8956 7558 15599 1421 7914 22463 22385 5947 8806 6103 21551 5 
7730 6408 8956 6 
21 7157 7509 7127 6 15061 9434 18498 23135 8995 18533 753 15678 16083 16404 18498 7847 22318 753 5 
9193 4766 10183 4 26 26 26 28 15658 14335 6256 9743 15678 16630 17438 15083 6621 5 2442 15678 28 4 9743 15678 16630 4 5830 4785 31 5320 9594 18498 15678 16630 15658 20420 18779 20149 7847 4289 7914 29 7730 15678 16630 15658 21596 20402 238 16673 19511 5 15678 16630 20402 8458 9193 15678 19511 15658 238 5 
12780 7914 16083 19511 7730 9743 16083 16630 4 6981 22897 4 22327 4179 5 8406 7850 14604 26 4 29 26 9594 18498 14604 16630 20402 5121 26 5 
19450 13480 16404 15678 19511 7509 20207 16630 4 7847 9605 18498 15658 17304 3653 15678 16630 17458 13055 21596 19969 16404 8414 21596 29 9193 18498 15678 26 9594 18498 15678 16630 21596 20402 5121 5 
13480 16404 15678 17819 19511 5 
9193 996 4 20402 2937 18533 3653 14604 16630 5 
2010 15658 17304 3653 15678 16630 4 23135 21596 18498 3653 16673 28 
9193 15658 5219 3653 16673 28 4 18533 3653 17438 21500 5 
2010 15658 21596 278 1393 16630 4796 7847 17714 15678 13176 0 0 0 
9193 15678 28 9605 18498 20149 9193 21596 871 7693 4 20402 16404 9193 13480 16404 15678 19511 5 
2010 9193 23135 18533 3653 4 12861 15658 20402 22463 7693 19703 4 15138 8302 
9193 21596 22463 7693 4 4796 3653 15678 16630 0 
2010 16673 28 
9193 4796 9743 12861 16673 28 
2010 15658 19900 4 15658 21596 278 
9193 23135 17304 16673 14466 2322 1393 28 7509 17877 0 
2010 11462 15658 4 9193 20207 9789 20539 5 15678 11020 17877 20402 18498 201 6103 22805 18498 23135 15658 9743 16630 15425 5 17304 14335 5320 15678 18498 349 0 
18339 18498 16404 4 17438 18498 7132 7847 15658 14335 9605 18498 15658 21596 15425 16630 14604 1276 0 
19522 6 8414 6103 13176 13909 19871 7509 9193 22942 6361 14466 6103 29 9193 7730 15678 21551 18498 7847 6075 20402 6103 29 1393 29 9193 5 21 
21 9193 15253 7491 18498 9193 22805 31 5518 8561 17458 22240 15678 7127 16673 15533 5 
21 2727 8995 9431 31 4509 17438 22305 7509 17376 22886 5 
21 28 8678 15678 9215 
28 15678 78 17438 12861 
7730 28 20202 28 4 13055 18498 20402 22463 7322 21 
21 26 
21 26 7850 4766 28 28 30 
30 26 
21 17438 12861 9193 10959 7509 12971 11462 5 21596 8838 18498 7914 22463 7127 4 15678 12971 20402 4885 11051 17438 22463 16553 6103 20238 5 21 
21 873 1022 0 
21 12861 20402 15138 7509 13923 5 
21 21282 1421 14604 3192 4 9193 15678 11861 20402 31 28 21 
21 12861 14335 13325 6103 22463 12960 18498 9193 2442 4 18476 20402 12454 9193 21596 18498 238 18498 15678 26 21596 278 1393 9193 5995 7730 9193 10607 6103 10273 23222 4 1471 6103 15678 12960 20402 21 21 26 21 21 5 
21596 18655 6981 15422 6103 18533 14335 5074 4766 1097 7509 28 4 28 4 28 4 5323 4 28 5 5 5 17438 18498 20559 15658 8637 22463 21282 0 
21355 20402 21282 9193 4 9193 15658 10959 6103 16878 18498 26 17511 13359 7730 8458 20658 20149 12861 21282 22564 22463 22897 16404 4282 15678 15677 7509 21500 4 17458 15658 6256 18498 9193 7201 15678 6026 0 9193 19900 6075 26 23135 5 
15678 18498 9193 18533 20402 18498 15678 28 17438 16155 23016 4766 22463 2956 9594 15678 18498 9193 2254 20402 22564 7730 15678 18498 15658 18533 5 15790 8956 21 21 16066 22327 16066 15299 21 21 5 21 
21 15658 19900 3224 4 15658 6981 17872 17257 5 
21 19525 7509 9975 6103 20262 6 
21 21 20149 15678 19250 15658 5590 14466 4 23135 12780 9901 16404 22305 21 21 26 21315 4 15678 21629 
21 12861 12780 20402 15138 3058 
17504 9 19509 
21 15833 26 26 20 20 20 20 20 
21 6670 18498 19969 6103 28 4 16721 18498 15643 13909 20402 16098 1612 14823 6103 21 21 15678 9195 20155 15678 20751 21 21 5 
8443 4 8995 2371 22463 1840 20670 15678 1961 5 
21 11114 7509 10530 2617 7914 13598 5 
21 6 22 
21 17438 18498 9193 21282 6592 8956 4672 7850 9975 6103 20262 0 
21 3702 6103 16411 9 28 6103 16639 
21 702 10967 5 
7055 18498 15678 17915 9975 20402 9312 11686 21752 31 10674 5 31 23577 4672 18498 15128 20402 6103 15894 23016 5 
21 19547 7509 4711 7509 26 15803 26 1825 
30 
21 20569 6103 23135 6073 31 29 1393 5 7730 740 6075 16404 5459 6408 7730 9743 21 21 16836 21 21 5 21596 12327 5 
21 12861 20539 20402 22463 21953 3058 5 
21 4796 9193 15643 21596 22886 12861 0 
21 1249 31 17908 7509 14425 13566 7509 28 5 
2136 18498 8147 31 13566 6103 10647 7509 28 28 7730 22805 4672 7509 21743 21 21 17875 28 6 28 28 4 28 28 4 10412 28 4 28 28 7730 26 28 4 17438 7558 6592 19206 6 31 17819 20402 18498 4 18481 13909 21551 22463 22617 16866 6246 4 20402 13909 18097 18498 7847 20149 13398 4766 13909 18692 7730 31 20207 20402 18498 4 22463 22897 18498 31 22617 20149 13398 4 15658 20149 17304 17797 4766 18498 18692 31 22617 12780 20149 6246 15603 5 21 21 
21 1612 14924 7914 18498 22463 3439 21787 23013 14425 7509 18498 23135 
9193 15061 21793 31 9193 10401 5 
21 28 9 28 
21 21 21 26 31 26 0 26 11617 26 26 26 1631 26 26 1429 21 21 
15678 28 8995 6103 11076 0 
21 28 4 13325 18476 23135 9594 18498 16393 873 7509 28 10122 0 
20402 8956 3790 1614 6 
654 7730 21776 18339 17460 15658 18950 4 18533 9594 4766 7847 5 
21 26 26 26 14335 26 31 20238 
21 15599 12716 7509 7127 6 
21 9586 16404 4122 5 
21 17106 18498 8995 4 15658 9901 5 
21 9980 15599 7509 5505 20244 20402 14065 16673 15267 3170 5 
21 14425 12482 15218 6 3358 6103 2824 8789 16673 5574 5 
31 22898 9193 14335 16836 4796 9193 15658 22805 12861 1276 5 
21 20149 15678 28 16673 14466 12739 13909 7850 8893 5 9901 2371 4 23206 12959 6103 10523 13923 19275 7730 18498 15658 20402 11998 31 12960 7730 9901 16367 7850 3629 4796 20149 20402 5066 5 
20149 15678 28 12739 13909 7850 8893 4 15658 21596 15502 9193 662 16673 29 5 
28 21282 8995 16784 17458 21752 15678 28 5 
21 17998 3058 20402 17998 3058 5 
21 8406 7850 28 16404 22805 22463 17556 6103 28 4 16098 12861 6 
21 15678 16006 15260 7509 17000 4 31 28 13229 7509 15256 6103 15704 2553 4 31 28 7509 10548 6103 22805 4 15678 28 7509 18987 15355 7730 31 28 7509 14577 17623 6679 22463 9808 7127 7509 12128 1393 8974 22507 7509 28 15458 29 6103 13014 5 21 
2975 7730 20463 16053 
21 26 26 26 15803 28 5 
17658 18498 5360 7850 86 5 5 5 
12780 17872 9574 18476 
21 13949 11679 14487 9769 5 
18476 23135 12780 11212 5531 0 0 
15658 12780 21596 29 21 
21 19728 7783 9 28 26 
4369 28 21 
21 21 21 14425 20634 7859 7509 15190 21 21 
560 4 17872 18498 20214 20149 23135 17304 9743 12861 19871 0 
21 9193 21582 5655 6 
1937 22463 23222 7509 28 13691 7850 28 5 
16647 31 729 5 
4785 31 3224 4766 7847 
16784 31 729 7730 9901 29 14764 17908 
16765 18498 13055 16784 15138 21551 4 4785 31 21582 4730 15678 9894 7850 729 
9901 29 14764 21582 2136 18498 5219 
4785 31 5655 4 15678 21551 21793 14335 13822 
16765 18498 20420 13909 10544 5655 31 3616 20149 9193 15658 8995 22886 7847 
21582 21752 31 3616 4 6820 17438 4060 7509 729 
12780 17872 28 
729 740 8995 17729 7850 19830 
14604 10122 8995 3058 11462 5 21 
21 11617 26 11617 26 31 26 26 21776 26 26 26 26 4 26 26 
21 21 26 26 648 4 11617 26 26 26 26 26 26 26 5 
26 26 26 26 11943 26 5 
26 6 
26 21776 26 26 12863 22 20539 26 5 
26 0 26 22 18740 26 5 
7850 0 26 31 26 26 26 26 5 
8184 26 
26 4 26 26 26 2914 11943 26 26 4317 26 26 11943 31 26 26 5 
20402 26 26 4 26 26 26 21776 31 26 26 4 26 26 26 26 26 26 26 16015 5 
26 26 7509 26 26 26 26 26 26 26 26 16015 0 26 26 26 26 26 26 26 26 26 14267 5 26 26 11617 26 26 26 21776 22564 20402 26 26 5 21 21 
21 7509 26 26 26 22 4060 31 20742 11617 26 4 26 1631 31 20742 20 
26 18701 26 4 26 31 20742 11617 26 26 21776 14335 20 
7509 26 26 26 22 4060 31 20742 11617 26 4 26 1631 31 20742 20 
26 1631 31 20742 20 26 20 21 
21 16155 28 9 16155 9922 
21 11560 6 30 5 10179 5 28 5 4766 5 3148 15936 29 29 29 28 28 19745 15678 16047 7509 22575 5 20499 
15658 19900 6103 15894 7847 21752 18498 31 1769 7509 11631 7235 5 
1769 7509 11631 7509 8995 6103 20402 28 6 11560 6 23273 5 30 5 22575 5 3148 9968 4591 29 30 9882 5 28 
1769 7509 22575 6 11561 6 26 9542 31 5 28 5 28 28 29 30 5 29 29 29 29 15658 5 28 
9193 18784 4 31 22575 8995 10691 13909 7509 18498 17304 17458 31 16971 15658 8995 4913 21389 18481 7102 5 15658 21596 15299 31 22805 4766 12861 6 11560 6 30 5 10179 5 28 5 4766 5 3148 7804 29 29 29 22181 19198 5320 7509 22575 17438 19193 10648 13909 18498 10976 5 20499 21 
21 22805 2824 5 
20402 21793 3795 
4402 9 14464 7509 2824 5 21 
21 17376 5 
21 15678 26 20402 15138 3058 4 15678 12960 16393 20402 15138 3058 21371 5 
15741 6 7850 6660 7509 23222 21596 15678 13543 7509 12960 16404 2442 5 21 
21 873 2371 5121 31 22811 6981 15599 0 
17836 31 16440 7509 23255 6103 11066 5 
21596 16083 23572 4766 23255 0 
21 7127 6103 17525 19249 5 
26 26 26 5 
18494 29 1249 5 
21 26 26 29 29 29 5 
26 26 26 26 29 5 29 15803 26 26 5 
26 26 26 11617 29 5 
21 18512 9 14245 6103 14860 4806 5 
21 13055 4809 20 20 28 
17376 
20238 4766 2975 5 11272 
21 30 30 28 20402 26 
21 21 21 15678 4882 7509 22730 20402 15678 22520 21 21 9008 4 17930 21 
654 9193 3697 
21 29 16468 16404 8406 7850 28 5 
1983 28 21 
21 22463 15604 28 8995 17438 23016 5 
21 21 23135 15658 17304 11810 31 15127 4 1920 4796 15658 17304 11810 15678 18443 7509 20749 5 21 21 26 4 30 
21 8995 1271 
21 13359 15678 17819 16451 5 
16721 7914 18221 4 9901 4270 18476 22805 18498 15678 1840 15658 20402 8678 17438 28 28 5 
21282 7850 3884 26 21596 26 20138 26 
21 21 21 19900 11649 12578 1943 31 14307 12975 16468 31 20402 15678 11020 6472 7509 13310 5333 5 5 5 15658 430 5891 31 11884 4 17458 14539 18498 7847 21582 20402 12841 7847 740 1920 8995 6075 31 20931 23067 7509 9707 4 22463 23067 12225 16379 5 21 21 21 
21 11560 6 23273 5 28 5 4766 26 0 22615 28 30 29 
21 3510 16083 18652 13761 7914 28 0 
18494 29 14764 20244 8208 1614 5 21 
21 19525 7509 14594 6 
6103 3058 8840 31 15585 7509 28 16404 18498 21355 4809 31 9193 10548 5 
29 9 3633 26 9 29 
21 16559 21 21 21172 21 21 21 
21 28 15658 10473 4 28 15658 10473 5 
7730 1920 15671 23151 31 20402 15708 31 5780 21793 31 19415 5 5 5 5 21 
21 12861 17458 201 6103 14335 13480 9594 18498 13055 8147 7730 8995 201 6103 20791 15678 14604 17877 5 
15741 6 29 14764 16404 5219 17525 12861 5 21 
21 21 21 15678 28 12780 5762 9586 9347 17872 19763 9193 20495 5 7730 15678 28 12780 13185 19751 6103 19763 5 7730 3124 16640 7914 17478 6103 20495 20 21 21 28 28 
14425 4795 20670 19763 13055 9790 5 21 
21 21 21 18195 9009 6 22575 13359 21 21 
20126 23 22318 21 
21 15599 7509 21631 5 
23454 4 20402 28 14539 
21 26 26 
21 9193 12780 5 
9193 12780 5 
16404 3962 4 654 4 9193 12780 5 
16368 4 16368 5 9193 12780 4 9193 12780 5 
21 30 
21 873 13909 18533 11051 8956 26 7850 26 29 0 
21 11560 6 28 5 4766 
10060 30 29 30 29 29 30 30 29 29 26 30 29 29 30 29 6103 29 29 30 28 26 30 15658 29 30 29 29 30 30 13800 29 30 30 28 29 9542 29 
30 30 30 30 29 29 30 26 22615 29 29 6098 29 6098 29 6098 29 6098 29 29 29 29 29 29 30 7614 29 30 30 7125 29 30 29 
30 30 28 28 28 28 30 30 30 30 30 28 28 28 28 30 26 30 30 30 28 28 28 28 29 30 30 733 28 28 28 28 
30 26 26 26 26 26 26 26 26 30 29 7125 29 7125 29 7125 29 7125 29 7125 29 7125 29 7125 29 7125 29 7125 29 7125 29 7125 29 29 
18498 29 14335 28 14335 28 14335 30 14335 28 26 28 26 28 26 28 26 28 26 28 26 28 26 28 26 28 26 28 26 28 26 28 7125 29 
30 7125 29 7125 29 6098 29 6098 29 6098 29 6098 29 6098 29 6098 29 6098 29 30 29 733 26 28 26 28 26 28 6098 29 21 
13055 20402 31 20247 7509 19924 4290 0 
21 23135 17304 15374 17438 26 4 9743 26 4 1937 23222 7730 12960 26 4 4796 20149 21793 5353 6103 28 8995 6389 6103 20463 4945 5 
19522 6 11560 6 23273 5 26 5 28 26 29 21 
26 15678 12780 13185 7850 20474 29 5 20402 14539 1453 4668 0 
21 29 1389 7730 31 3166 6103 15481 5 
29 11474 7850 26 7509 28 9645 6103 7254 
10696 17790 7730 22463 13140 
21 7914 22463 22520 16343 
21 201 6103 22240 9193 10273 7509 16822 7509 28 16404 22463 11570 5 
9193 21582 15658 20402 22463 11570 7730 9604 5 7730 654 9193 22318 6472 20 
20149 23135 5219 20402 22463 1229 4 23135 15128 31 20931 10273 7509 16822 16404 8956 1229 5 20149 5219 4 23135 15128 16404 31 10273 6103 22463 11570 17438 29 28 20 15658 22657 20402 1229 21282 7850 22942 18772 4 21596 18498 20402 7850 28 21371 20365 15658 21596 11066 20 
13330 5 5 5 16404 15658 20402 11570 21596 18498 636 6103 14031 12793 5 16066 20402 4 19318 5588 4 6977 15678 18195 16066 20402 18855 5 21 
21 21 21 31 22942 7850 21631 20402 16897 2092 7509 13048 5 21 21 
21 21 16169 308 6103 21793 15671 
26 
6203 7850 11154 
4766 13185 21 21 21 
21 6103 28 31 28 
7614 28 16721 7850 15081 16404 15678 2098 14297 6318 15658 10473 5594 5 
21 7645 4 15658 20402 31 6592 7509 9504 5 5 5 
21 1612 14924 7914 18498 15678 20463 7277 6103 12780 7730 23016 20402 6977 5 
17438 18498 4730 13494 15252 6103 19349 17438 15266 0 22463 184 5 21 
21 4289 2727 7509 26 29 4 15658 4796 31 21631 5 21 
15502 18950 15678 14604 22823 17542 5 
21 8329 15678 10523 20402 13909 11861 18498 31 18059 1393 11691 4 15678 28 20402 1920 5 15658 20149 18044 11691 4766 10523 5 
15678 10839 352 
26 8 26 5 11211 9 
21 753 24 10765 4 21776 18533 22527 5 

