21 21793 22749 7491 18498 31 16440 7188 6103 15658 4796 3884 15658 20402 15658 4796 3884 5 4273 14539 20402 713 31 18824 7509 3893 6 6103 15894 23135 21752 31 18060 0 23135 21596 16689 6103 2818 0 9193 6103 19889 23135 15658 21596 16689 0 7730 7509 16971 18498 4713 31 19889 4 23135 15658 21596 16689 0 7730 7509 16943 18498 15658 17304 13909 4913 26 7730 8995 15036 6103 10183 0 5 
15678 9074 20402 18498 4 12126 7509 20931 16007 7914 19225 1393 3884 4 15658 11284 18525 15658 5018 18498 15678 22748 20420 14425 16404 15678 15190 4 20402 7509 17406 6103 22886 7509 1233 4 16066 7509 14336 1062 4 16066 7509 20127 4 16066 6103 22327 13026 5 
15678 17877 20402 9312 8956 6 873 9743 871 4672 13325 31 10765 6103 18498 31 10765 15658 8995 9743 15299 5 
18525 15658 9743 15299 17872 15128 15678 15190 8995 20293 15138 8017 7914 18069 18498 31 16971 18498 9743 871 4672 8995 8561 5 
26 26 21 
21 21613 6103 29 4 12780 20 10304 26 7509 3805 26 26 21 
12780 20 
15658 430 21596 21662 20149 15678 6026 15658 20730 2727 
21 15658 9605 7914 184 6103 13494 4 22564 14466 20 21 
21 22612 4 15658 20402 18498 31 702 20402 14915 14539 21 
6959 18498 23016 7509 11659 22730 22782 4796 20149 20402 4509 28 
17324 1920 20149 10648 13909 7251 
20149 20402 17872 5799 31 28 5 12780 31 5856 5 
22612 
15678 16296 7509 8995 20402 3348 15678 5223 7730 15678 17956 5 23570 23067 5 
21 846 6103 21684 
6663 4 9193 21596 18498 6452 5 5 5 
20402 4 5915 20 20402 4 5915 20 20402 4 5915 20 20402 4 5915 20 20402 4 5915 20 20402 4 5915 20 20402 4 5915 20 20402 4 5915 20 20402 4 5915 20 20402 4 5915 20 20402 4 5915 20 20402 4 5915 20 20402 4 5915 20 20402 4 5915 20 20402 4 5915 20 20402 4 5915 20 20402 4 5915 20 20402 4 5915 20 20402 4 5915 20 20402 4 5915 20 20402 4 5915 20 20402 4 5915 20 20402 4 5915 20 20402 4 5915 20 20402 4 5915 20 20402 4 5915 20 20402 4 5915 20 20402 4 5915 20 20402 4 5915 20 20402 4 5915 20 20402 4 5915 20 20402 4 5915 20 20402 4 5915 20 20402 4 5915 20 20402 4 5915 20 20402 4 5915 20 20402 4 5915 20 20402 4 5915 20 20402 4 5915 20 20402 4 5915 20 20402 4 5915 20 20402 4 5915 20 20402 4 5915 20 20402 4 5915 20 20402 4 5915 20 20402 4 5915 20 20402 4 5915 20 20402 4 5915 20 
20402 4 5915 20 20402 4 5915 20 20402 4 5915 20 20402 4 5915 20 20402 4 5915 20 20402 4 5915 20 20402 4 5915 20 20402 4 5915 20 20402 4 5915 20 20402 4 5915 20 20402 4 5915 20 20402 4 5915 20 20402 4 5915 20 20402 4 5915 20 20402 4 5915 20 20402 4 5915 20 20402 4 5915 20 20402 4 5915 20 
20402 4 5915 20 20402 4 5915 20 20402 4 5915 20 20402 4 5915 20 20402 4 5915 20 20402 4 5915 20 20402 4 5915 20 20402 4 5915 20 20402 4 5915 20 20402 4 5915 20 20402 4 5915 20 20402 4 5915 20 20402 4 5915 20 20402 4 5915 20 20402 4 5915 20 20402 4 5915 20 20402 4 5915 20 20402 4 5915 20 20402 4 5915 20 20402 4 5915 20 20402 4 5915 20 20402 4 5915 20 20402 4 5915 20 20402 4 5915 20 20402 4 5915 20 20402 4 5915 20 20402 4 5915 20 20402 4 5915 20 20402 4 5915 20 20402 4 5915 20 20402 4 5915 20 20402 4 5915 20 20402 4 5915 20 20402 4 5915 20 20402 4 5915 20 20402 4 5915 20 20402 4 5915 20 
20402 4 5915 20 20402 4 5915 20 20402 4 5915 20 20402 4 5915 20 20402 4 5915 20 20402 4 5915 20 20402 4 5915 20 20402 4 5915 20 20402 4 5915 20 20402 4 5915 20 20402 4 5915 20 20402 4 5915 20 20402 4 5915 20 20402 4 5915 20 20402 4 5915 20 20402 4 5915 20 20402 4 5915 20 20402 4 5915 20 20402 4 5915 20 20402 4 5915 20 20402 4 5915 20 20402 4 5915 20 20402 4 5915 20 20402 4 5915 20 20402 4 5915 20 20402 4 5915 20 20402 4 5915 20 20402 4 5915 20 20402 4 5915 20 20402 4 5915 20 20402 4 5915 20 20402 4 5915 20 20402 4 5915 20 20402 4 5915 20 20402 4 5915 20 20402 4 5915 20 20402 4 5915 20 20402 4 5915 20 20402 4 5915 20 20402 4 5915 20 20402 4 5915 20 20402 4 5915 20 20402 4 5915 20 20402 4 5915 20 20402 4 5915 20 20402 4 5915 20 20402 4 5915 20 20402 4 5915 20 20402 4 5915 20 20402 4 5915 20 20402 4 5915 20 20402 4 5915 20 20402 4 5915 20 20402 4 5915 20 20402 4 5915 20 20402 4 5915 20 20402 4 5915 20 20402 4 5915 20 20402 4 5915 20 20402 4 5915 20 20402 4 5915 20 20402 4 5915 20 20402 4 5915 20 20402 4 5915 20 20402 4 5915 20 20402 4 5915 20 20402 4 5915 20 20402 4 5915 20 20402 4 5915 20 20402 4 5915 20 20402 4 5915 20 20402 4 5915 20 20402 4 5915 20 20402 4 5915 20 20402 4 5915 20 20402 4 5915 20 20402 4 5915 20 20402 4 5915 20 20402 4 5915 20 20402 4 5915 20 20402 4 5915 20 20402 4 5915 20 20402 4 5915 20 20402 4 5915 20 20402 4 5915 20 20402 4 5915 20 20402 4 5915 20 20402 4 5915 20 20402 4 5915 20 20402 4 5915 20 20402 4 5915 20 20402 4 5915 20 20402 4 5915 20 20402 4 5915 20 20402 4 5915 20 20402 4 5915 20 20402 4 5915 20 20402 4 5915 20 20402 4 5915 20 20402 4 5915 20 20402 4 5915 20 20402 4 5915 20 20402 4 5915 20 20402 4 5915 20 20402 4 5915 20 20402 4 5915 20 20402 4 5915 20 20402 4 5915 20 20402 4 5915 20 20402 4 5915 20 20402 4 5915 20 20402 4 5915 20 20402 4 5915 20 20402 4 5915 20 20402 4 5915 20 20402 4 5915 20 20402 4 5915 20 20402 4 5915 20 20402 4 5915 20 20402 4 5915 20 20402 4 5915 20 20402 4 5915 20 20402 4 5915 20 20402 4 5915 20 20402 4 5915 20 20402 4 5915 20 20402 4 5915 20 20402 4 5915 20 20402 4 5915 20 20402 4 5915 20 20402 4 5915 20 20402 4 5915 20 20402 4 5915 20 20402 4 5915 20 20402 4 5915 20 
20402 4 5915 20 20402 4 5915 20 20402 4 5915 20 20402 4 5915 20 20402 4 5915 20 20402 4 5915 20 20402 4 5915 20 20402 4 5915 20 20402 4 5915 20 20402 4 5915 20 20402 4 5915 20 20402 4 5915 20 20402 4 5915 20 20402 4 5915 20 20402 4 5915 20 20402 4 5915 20 20402 4 5915 20 20402 4 5915 20 20402 4 5915 20 20402 4 5915 20 20402 4 5915 20 20402 4 5915 20 20402 4 5915 20 20402 4 5915 20 20402 4 5915 20 20402 4 5915 20 20402 4 5915 20 20402 4 5915 20 20402 4 5915 20 20402 4 5915 20 20402 4 5915 20 20402 4 5915 20 20402 4 5915 20 20402 4 5915 20 20402 4 5915 20 20402 4 5915 20 20402 4 5915 20 20402 4 5915 20 20402 4 5915 20 20402 4 5915 20 20402 4 5915 20 20402 4 5915 20 20402 4 5915 20 20402 4 5915 20 20402 4 5915 20 20402 4 5915 20 20402 4 5915 20 20402 4 5915 20 20402 4 5915 20 20402 4 5915 20 20402 4 5915 20 20402 4 5915 20 20402 4 5915 20 20402 4 5915 20 20402 4 5915 20 20402 4 5915 20 20402 4 5915 20 20402 4 5915 20 20402 4 5915 20 20402 4 5915 20 20402 4 5915 20 20402 4 5915 20 20402 4 5915 20 20402 4 5915 20 20402 4 5915 20 20402 4 5915 20 20402 4 5915 20 20402 4 5915 20 20402 4 5915 20 20402 4 5915 20 20402 4 5915 20 20402 4 5915 20 20402 4 5915 20 20402 4 5915 20 20402 4 5915 20 20402 4 5915 20 20402 4 5915 20 20402 4 5915 20 20402 4 5915 20 20402 4 5915 20 20402 4 5915 20 20402 4 5915 20 20402 4 5915 20 20402 4 5915 20 20402 4 5915 20 20402 4 5915 20 20402 4 5915 20 20402 4 5915 20 20402 4 5915 20 20402 4 5915 20 20402 4 5915 20 20402 4 5915 20 20402 4 5915 20 20402 4 5915 20 20402 4 5915 20 20402 4 5915 20 20402 4 5915 20 20402 4 5915 20 20402 4 5915 20 20402 4 5915 20 20402 4 5915 20 20402 4 5915 20 20402 4 5915 20 20402 4 5915 20 20402 4 5915 20 20402 4 5915 20 20402 4 5915 20 20402 4 5915 20 20402 4 5915 20 20402 4 5915 20 20402 4 5915 20 20402 4 5915 20 20402 4 5915 20 20402 4 5915 20 20402 4 5915 20 20402 4 5915 20 20402 4 5915 20 20402 4 5915 20 20402 4 5915 20 20402 4 5915 20 20402 4 5915 20 20402 4 5915 20 20402 4 5915 20 20402 4 5915 20 20402 4 5915 20 20402 4 5915 20 20402 4 5915 20 20402 4 5915 20 20402 4 5915 20 20402 4 5915 20 20402 4 5915 20 20402 4 5915 20 20402 4 5915 20 20402 4 5915 20 20402 4 5915 20 20402 4 5915 20 20402 4 5915 20 20402 4 5915 20 20402 4 5915 20 20402 4 5915 20 20402 4 5915 20 20402 4 5915 20 
10795 7914 21 
7563 7509 26 
2725 16192 
21 5 5 5 
15658 4 31 8905 11570 20402 16083 4672 4 20402 5391 9193 21596 20357 7730 21596 20352 5 20149 23135 21596 22463 3959 6103 9943 6103 22310 16066 18497 1249 7730 13405 22463 12960 21282 16404 22463 4 22805 18498 23135 21596 22463 17877 5 17458 15678 16083 20357 18498 23135 15658 15678 22092 4766 11688 5 
17458 4 4841 4 31 11688 31 10765 21596 6389 6103 15671 4 1368 5 15658 20149 21810 31 11688 4796 6679 6103 20402 22327 11686 4 4796 21717 4 21793 899 5 
15678 20352 6103 11688 20402 21596 15678 7277 1393 14539 15941 7850 22942 4 7730 18481 9193 9620 4 13235 4 16404 17304 6075 15941 1393 14676 18498 9901 1393 14173 7509 3610 7509 9193 17297 28 20 
5 5 5 
31 19969 20402 16673 8933 21 
22612 
22612 
21 22612 
1796 5394 
21 8995 14425 18498 31 13566 7509 10535 
22463 23523 7914 18498 15678 9032 9743 20931 17743 
4110 31 22942 7730 31 12277 6070 22513 
9872 22743 
7558 14667 7730 18589 
7914 21551 6103 20909 26 5 5 5 
21 22223 16673 2046 15908 9193 2027 7850 28 5 
21596 22463 15286 6103 29 18498 16468 2727 20670 21793 20644 1393 19030 7509 23014 1393 18470 21 21 8995 4423 21 21 5 
31 23014 2046 22942 21793 15678 28 13909 7509 18498 22318 2322 5 
21 21 7730 20670 31 23014 18498 23135 9996 15658 22805 5 5 5 21 21 21 
8956 20402 31 17972 13436 0 
21 6103 22463 13131 21596 22463 9927 12240 4 11495 4 9522 5232 7730 18498 18977 21793 15678 21743 6103 14758 5 7509 16083 4 21596 28 28 4 6103 26 26 5 21 
12780 28 
21 21 21 5 5 5 15678 16536 6073 18533 12780 17872 28 17872 9743 4913 5 21 21 21 
21 28 4 28 4 28 21 
21 14466 15653 7730 13909 28 4 17438 9721 21 
21 8329 12861 7914 28 5 26 4 9194 5 21 
18476 15678 13717 23016 1276 7509 28 
21596 18498 2156 13909 5 
7730 654 4253 0 
17956 20 
15678 
21 15678 28 19969 7850 1393 18458 7509 4044 13591 4 12780 18498 12780 20 
18494 29 14676 6103 26 7914 21434 7850 26 7730 7445 15616 17438 23016 20 
26 28 26 12780 18498 12780 28 1393 18458 21 
21 26 22 20539 7850 26 26 26 14335 26 26 7509 5 26 1631 26 26 4 26 26 26 21 
11617 26 26 21776 26 26 28 26 26 26 26 26 28 26 20 26 28 
21 16972 4 19969 13909 22463 26 2727 13278 7509 14604 1488 28 4 18498 20402 8637 4796 26 7509 7127 7509 2949 26 
6 
12780 18498 12780 28 21 
21 13909 22463 14307 20670 14604 26 28 4 654 7850 2949 16566 7635 
28 10910 21 
21 16972 4 15678 14604 1488 28 19969 7850 13566 7509 26 15190 6103 14426 26 16404 28 4 2727 13278 31 26 7730 15678 23222 5 
18197 6 21596 17872 26 21371 
28 10910 21 
21 16972 4 15678 14604 1488 28 19969 7850 13566 7509 26 15190 6103 14426 26 16404 28 4 2727 13278 31 26 7730 15678 23222 5 
18197 6 21596 17872 26 21371 
28 10910 21 
21 12780 18498 12780 4 28 20 21 
21 15678 16972 7509 28 9743 22463 26 2727 13278 7509 14604 1488 28 4 18525 18533 5097 4 20202 15678 13543 41 6 
1796 23351 2287 4 28 20 
28 26 21 
12780 18498 12780 28 20 
20402 16393 18498 14335 10211 
15894 7509 14049 
28 
26 26 23115 20879 26 26 
26 26 22 20402 31 26 26 26 19719 
15678 20825 15260 12780 22318 5204 
14096 8956 4229 
7730 7509 16083 13131 7509 15200 5 5 5 
19703 
26 20402 31 26 26 26 31 26 
28 
29 5 29 5 29 15658 12780 21596 5505 
31 22821 15626 7730 5833 
26 16925 
21 7850 26 4 26 5 21 
6 
26 31 28 21726 
26 
201 31 16580 15658 12780 21596 5505 
654 22463 15081 16404 4913 22463 28 
31 22942 9980 20402 4886 5 
26 5 
16958 
26 
201 6103 4913 31 5518 18498 3510 7509 8806 11211 5 16404 5 26 
21 5 5 7730 15502 879 20385 13398 31 17517 6103 18498 31 2635 21282 20420 22773 18476 6256 6103 20402 22463 16587 7914 18498 21596 6383 20402 4 17438 20500 4 22463 17869 5 21 
28 
26 
7730 20402 20558 1920 
21 10131 26 
15619 4841 6103 21932 4369 28 
15658 20 20 20 20 20 20 20 20 20 20 20 20 20 20 20 20 20 20 20 20 20 20 20 20 20 20 20 20 20 20 
4796 11644 22385 16393 349 7914 13727 22385 7396 7914 22463 21551 18498 4962 7914 8593 10883 20402 866 12352 0 18610 6 879 26 20539 
654 21371 21596 22463 3863 7850 23115 5 28 
26 5 
12780 18498 12780 5 
10131 5 
4796 20688 21389 21551 20244 8956 26 0 
10131 5 
6 
29 29 29 
11617 26 22 21298 26 7850 26 26 
26 26 11617 26 26 26 3789 
21 20149 15658 6070 21793 4 15658 6070 15502 21 
14335 8361 5 5 5 
26 1631 26 11678 26 11617 7850 19226 
8956 26 5 8956 15286 5 
6 
9387 23014 7914 20879 
21 7850 14996 4 9743 15678 7127 5 21 
21596 20402 7188 21282 21810 3488 28 11560 6 26 5 997 16404 30 30 
21 26 26 4 26 7730 26 26 5 21 
13055 20402 15612 5 
21 15116 1393 23104 26 26 7730 9370 18103 6103 17951 7255 4 21252 7509 19768 21 
26 26 0 20 11617 22 13800 26 26 5 
12861 
30 9 13805 10731 
26 11617 31 26 5 5 5 
15678 30 7509 15619 29 7509 26 26 9137 10131 
16647 14031 
16393 17022 
13055 18498 5 8443 31 14799 7509 9833 20402 21752 15678 2442 6981 
7850 14996 
26 26 11617 31 26 
21 20126 6103 1937 26 26 4 288 18498 20402 15678 18498 12780 19761 11462 31 15533 21 
21 28 4 23151 21 
16721 7914 866 18498 20402 9522 15392 16404 31 11571 5 
7509 3058 
21 26 22 20539 26 26 0 26 26 20 26 22 20539 26 26 5 
26 26 7850 22564 20402 31 26 4 18930 17872 3805 5 26 21 
20402 22385 20558 7730 7163 
21 15678 891 9996 20402 7087 7730 1421 7914 7446 13727 7509 21631 6103 14031 20256 4 5762 1920 4 5131 12614 7850 18737 11570 15894 3450 17563 368 18498 31 20931 19240 20402 31 22823 4 11810 1920 31 22521 7509 15382 16404 22463 14425 6202 7509 17230 5371 12708 5 
8956 20402 22463 22381 5174 4 15658 20402 15425 15616 5 15658 3510 15458 4 15299 20402 22821 5 21 
26 26 26 14335 0 
26 29 
21 11617 22 13800 28 26 4 12863 22 20539 26 26 19735 15658 22 26 4 26 20 21 
18930 20 
15138 15708 17438 9387 28 5 662 5 
21 9087 7509 26 26 4 18584 7850 29 4 18525 21830 0 21 
15299 13905 
21 18339 18498 16404 4 14604 10696 17324 22463 16102 5 21 
26 20 
21 12787 4 17438 15299 15658 4 9193 21596 22463 15244 6103 28 7850 26 7509 28 11462 20 10131 7 21 
21 733 4 14907 20 21 
18660 18498 19761 
16784 
21 16971 18498 14335 1027 4 17438 9721 4 23174 2371 7850 1488 7509 14604 11111 16404 31 14142 11229 7509 5993 6103 20402 28 4 15576 17960 20402 15678 6103 10782 6103 17962 17984 11560 6 30 5 28 5 4766 23575 12868 7850 23175 5 9193 9901 19671 3962 10648 4 8443 4 17438 9721 5 21 
21 26 26 4 26 26 26 18772 5 21 
22998 23394 

