753 17458 31 23474 20402 22463 1114 7730 21596 31 23180 10001 18498 7545 
22805 28 8 29 26 26 
12780 23174 15458 26 30 6324 2371 10765 
21 15855 8956 15144 28 
10131 20539 1114 21 
28 26 
9193 1027 8956 12960 5 26 26 12863 5 26 28 4766 26 7509 26 26 
12780 13761 10765 21623 1022 30 
26 26 26 16105 26 26 5 
3805 14604 6011 6443 
21 15855 8956 10273 
15658 19900 20149 662 8956 14464 17438 20402 9193 15311 
16066 20149 662 31 19671 16673 10273 13512 21 
12780 10765 30 
21 21282 12861 14539 
21 9193 4516 20402 22463 21154 14425 18498 31 28 4 21282 22805 15678 21389 6103 26 7850 14119 6 22615 7730 15678 12868 21371 4 23556 21 
21 15855 12861 
21267 
14335 9605 18498 15658 8995 10131 
20149 23135 10959 12780 5947 31 26 28 6 22615 21 
27 21050 7509 28 
2818 31 20304 20402 7016 11300 
21 13325 7509 28 21886 17438 871 15081 
11617 26 26 21 
9193 18533 19900 17872 18498 20444 1612 3439 
21 26 1983 26 26 
26 26 21776 14335 
26 26 21776 26 26 
26 26 21776 14335 
8956 5645 740 8995 15138 3058 7730 21596 15138 10273 13278 9620 21 
21 15855 8956 10273 
15855 9010 10131 10273 
7730 14335 9605 20149 12861 15658 8995 20311 
155 31 10273 1276 6103 6075 26 17872 26 12780 17872 26 
1027 23135 23135 21371 28 21 
26 14212 9193 6075 9193 910 17438 22463 6981 
21 9193 15658 16721 29 1276 6103 6075 26 
425 26 21 
12780 21596 26 20539 7730 20149 18910 6075 26 13909 22463 22897 6408 
7576 4766 17743 6103 22463 1229 9547 7850 15270 
12780 10765 8 29 
8995 7850 14336 12780 13761 
17461 28 21886 15855 15678 18498 23135 12780 8637 
17872 12861 9193 21282 17511 4730 8956 15286 11561 6 23273 5 28 5 4766 26 0 22615 4092 30 
7547 26 28 8 29 14616 28 
3058 9956 5 22657 31 16689 15678 21551 12739 30 
21 28 28 6719 1233 4 26 26 28 28 11729 7730 23222 15403 5 28 28 21 21 5947 21 21 28 28 16918 16404 23135 5 
31 28 26 28 14335 6075 15678 28 17458 13324 7730 21340 4 14425 16918 6103 30 17872 20293 8 29 21 
21810 31 20931 28 5590 22800 28 28 28 
17461 30 28 23135 14335 14018 22805 21282 15678 9956 7914 18498 15678 26 26 15036 7730 15678 29 18498 23016 1276 3472 
21 20149 9193 2050 13909 22898 9193 10648 13909 18498 29 0 26 4 7850 26 5 21 
21 29 5 7728 5842 5 28 16066 26 26 28 5671 26 26 26 
29 5 23 5 20488 16066 15678 23394 11617 26 0 0 0 0 0 
29 5 30 16066 3058 7730 22765 30 11617 26 
29 5 4945 26 26 9193 1027 14604 28 
29 5 27 4 26 26 4 26 15803 26 26 4 26 26 29 4 21083 21726 10268 22446 5 
29 5 26 26 5 20155 17872 22805 20149 20402 22385 3058 18481 16393 7 31 7 
29 5 30 29 26 26 22 21298 26 26 
29 5 21083 28 12787 28 30 12787 
29 5 28 
29 5 26 14335 16073 15803 26 26 5 21 
23 28 21886 
23016 18498 28 21886 20931 13512 
21 17872 18525 15658 5174 15678 21932 7509 28 28 4 23135 17304 4282 1393 23104 7151 7509 29 2136 31 29 4 7914 10793 6 6103 21 
21 17872 18525 15658 19900 4 12780 19761 26 26 7850 18352 7509 28 8443 288 20134 6075 26 7730 21793 1612 25 21 
26 26 26 26 26 26 18930 17872 18525 10959 7509 21743 
7850 26 14426 17737 7730 8 29 28 21886 8 29 
21 4796 20402 2977 4 22805 21 
21 7174 7509 20463 4 1097 18498 13285 15678 19768 21 
6 22615 
21824 17872 23135 28 
17737 7509 22915 28 26 20 20 20 
23016 28 28 
29 7730 15678 3790 13055 17797 31 28 
21 10606 4 17872 18525 15658 19900 4 15678 26 8995 9743 22463 26 14208 6103 22463 26 6103 26 6 26 15803 28 5 14196 6103 13943 17872 22126 13909 26 17872 3643 6318 18498 9193 19900 20 6 22615 
8235 4 20149 873 20149 12578 4 21282 6075 22463 15855 7850 18352 6318 879 7914 4434 7730 7850 3643 6318 21371 4 18498 7102 8995 13546 13761 5 20149 18533 16429 7509 26 4 21282 4547 7850 13543 14208 7730 20149 12406 5 15678 26 21596 29 12939 6103 6075 26 8443 20402 21282 21021 17872 23135 5 
21 6663 2084 9193 23135 17304 10691 29 20209 7509 22942 6103 23135 4766 12861 17438 9721 
15708 21 
6 29 
22327 12861 20402 1114 22805 
26 26 26 
6 29 
21 14425 16440 20402 15678 30 7509 28 26 4 26 21 
21 13055 8995 23029 11600 753 15678 21446 7509 1097 8443 4 17872 18525 17304 21752 22463 29 14764 17872 19474 8956 18551 7509 28 4 26 1631 11943 26 5 6 29 21 
26 30 26 
16162 17972 17458 20539 15658 20402 
14604 7127 20402 9790 28 28 28 28 28 28 28 28 28 
21282 23174 7914 18525 4730 7850 9542 
26 26 26 19711 
26 26 26 26 28 28 20 20 20 
21 20402 6472 16673 28 28 16404 13566 15678 29 12963 18498 20402 6103 871 10211 11861 16404 9193 
19150 6 
15658 13405 13909 18498 871 14764 7730 15658 16721 15138 
7847 15658 17629 20402 15678 12963 4187 16066 11020 15704 4 21282 17629 20402 11861 17872 23135 6103 871 12939 
14156 29 16971 16404 9743 15678 14539 5 
29 28 26 26 
29 26 26 6 26 26 28 26 26 26 4 7730 9193 4730 31 21266 21793 17458 20402 29 29 
29 28 
29 26 22 20539 26 
29 26 15803 26 
29 28 26 7016 6103 1103 
29 26 30 26 26 28 
29 26 29 
29 26 26 
29 26 26 29 
15253 2371 18525 18533 20149 23029 21 
8956 13591 20402 6103 4592 6103 28 28 28 28 28 28 28 28 28 28 28 7730 28 28 
21 2727 4 9193 5891 15678 28 28 6103 28 7730 6075 5362 7850 3222 17458 26 26 5 21793 15678 2937 7509 4436 15286 7730 22310 16971 5 22327 18339 7730 22912 5 15658 15389 7914 15970 17458 17667 5 
15658 21596 29 16971 17458 25 5 26 26 12863 5 
29 26 26 4 28 28 5 26 1983 28 5 11561 6 23273 5 28 5 4766 26 0 22615 29 23360 29 
29 26 26 26 26 26 4 28 28 5 17458 20539 5 30 28 9 6 11561 6 23273 5 28 5 4766 26 0 22615 29 29 29 
29 11617 7585 22 21298 26 12863 26 4 28 28 5 26 5 11561 6 23273 5 28 5 4766 26 0 22615 9542 29 26 23 12876 29 29 29 
29 26 26 4 26 7730 26 5 20293 9 6 11561 6 23273 5 28 5 4766 26 0 22615 30 13098 29 30 
29 11617 22 13800 26 31 26 4 26 26 26 5 17304 16393 23419 9193 20293 20402 3058 16098 866 17872 6075 19699 9 6 11561 6 23273 5 28 5 4766 26 0 22615 30 10882 26 23 30 30 29 29 21 
23135 15643 16098 6103 9594 7914 6075 20244 8840 15299 7914 22240 15658 0 0 0 0 0 0 0 0 0 0 0 0 0 0 0 0 0 0 0 0 0 0 0 0 0 0 0 0 
20402 22463 17569 6103 6304 8956 14464 22805 
26 5 5 5 26 26 26 5 11617 26 26 5 
23016 14975 28 28 28 28 28 28 28 
7651 22463 21389 13278 6103 1809 15658 20402 
31 20892 20402 14604 16196 
21 26 26 
26 31 26 26 
26 26 
26 22 21298 7850 26 26 21 
9634 20402 9634 9 6 
26 8815 17872 30 30 
21 11560 6 26 5 30 28 5 28 
9193 20402 22463 1114 8956 28 21886 11300 
21282 4346 7850 3590 17438 8956 1114 6103 26 21 
15658 9387 26 6389 6103 9193 
9193 1027 15678 16169 13909 7509 18498 9193 5320 7509 27 7730 7509 26 13026 20 20 
21 15834 4 9193 20402 15678 28 5 21 
21 9193 15658 12960 7607 4766 15678 28 28 17458 7847 4516 20402 14425 7509 18498 9193 5 20357 7594 7914 19604 12861 4 9193 20402 31 22821 5 21 
28 28 28 28 28 28 28 28 28 
26 26 26 
654 20402 21282 8840 9193 14335 13822 15658 20402 8 29 26 26 28 
26 7509 4796 26 5 663 8810 1393 28 28 18498 14335 18009 31 15941 6103 21596 13283 8956 15704 17812 5 
14425 12960 7509 15190 
4766 26 7730 22150 9193 23577 10273 4766 31 16752 30 
21596 31 26 13909 15248 7509 12960 654 5 30 28 28 8 29 
21 26 4 12780 19525 31 23562 7730 8840 18498 23135 13359 5 16784 21793 14604 15677 17438 20402 22463 16971 13051 5 1612 18498 21596 15678 12578 7914 14096 5322 22805 30 16066 14469 4 9721 8458 20463 15677 17438 14469 5 30 5 21 
7914 10793 9193 15658 9743 8956 22909 9193 4289 13909 28 9 6 
28 8 29 
12780 16647 19448 6103 17877 7730 23016 17737 7509 30 28 8 29 26 26 5 26 28 30 
21 11560 6 26 5 4766 29 29 5897 26 26 5897 26 0 30 26 26 22805 28 
9193 288 12577 17872 3805 15678 15678 21 
21 11560 6 26 5 30 30 5 28 
26 28 8 29 21 
20402 15818 6 31 28 9066 9193 13860 4766 26 14335 5 
26 5 
21 17737 6103 2336 20402 20293 26 4 18339 18498 15678 16404 5 21 
24 5 31 17819 
17819 16275 7509 15533 20 20 20 20 
7730 23016 18498 6103 15604 28 28 13098 5 2515 28 28 
8995 21793 15190 20149 14455 1614 8443 7957 10079 28 28 13098 5 2515 28 28 
26 26 26 26 5 11617 22 13800 26 26 20402 26 5 
21 26 4 26 20402 26 26 26 5 21 
22202 20833 7509 15533 6 
14335 20357 18734 827 17438 20402 22463 28 16066 22463 23 5 
26 26 26 26 5 11617 26 26 21776 26 26 21776 26 5 26 5 
21 28 15604 4 26 29 7850 26 9489 21 
26 26 26 5 26 5 6 22615 
20402 18772 26 0 
21 28 5 26 5 835 5 9193 15658 10959 6103 10702 7730 20539 6103 26 4 8546 4 20202 8956 26 17872 17525 26 4 7730 21371 17458 15678 10805 20402 22463 6324 7730 14335 6075 22463 28 26 5 26 26 10907 4 4766 26 5 7730 15658 4 15658 13480 18498 15678 26 7730 28 21371 8995 7850 11729 5 7730 20202 31 22908 21793 4 18525 5947 18876 22463 28 5 16066 15658 5 6 22615 21 
21 663 1393 28 28 16673 15286 7509 13860 15658 20402 18688 
21 21 21 26 26 22 18740 26 15005 26 26 26 15803 26 26 5 21 21 
21 14335 20357 15138 13909 5143 7850 28 7509 18498 7850 17248 6103 2949 7509 22942 8443 12780 14984 22463 17872 8678 7730 8678 7730 8678 4 20244 18841 15299 4 21282 14096 5353 16015 5 7914 12327 17458 15833 26 5 21582 14984 22463 26 1614 17872 14096 31 2125 991 7509 14604 16822 5 8840 15678 1506 6103 23135 7730 30 17438 16784 29 14764 7509 22942 13359 12861 5 21355 29 5 21 
4672 7509 28 20293 20402 29 29 5 26 20244 7728 5 
8927 17872 28 4809 
26 22 20539 26 
30 30 26 
21 20149 18772 4 8956 3790 14514 22463 22246 5 21 
873 2371 18533 22463 26 6103 26 26 0 8995 20670 1614 9 6 
14425 28 8 29 
21 11560 6 30 5 10179 5 28 5 4766 5 3148 7804 29 29 29 9128 7509 22575 20149 16468 17438 2087 7850 28 5 20499 
21 21 11091 18498 15658 17304 21596 16784 15678 9308 4 17324 654 7847 21 21 21596 6103 9743 28 21 21 5 21 21 
15299 4796 22463 3058 26 5 21 
9193 1027 23135 
17872 4583 13098 
7504 28 776 11020 31 20931 13860 20660 7509 11518 28 28 28 28 28 28 28 28 30 30 
26 28 28 
9193 15643 1414 21389 17872 4730 22463 10273 7277 5 
21 13055 18498 9193 13055 14335 3494 21793 4 12780 17525 31 10211 7509 28 23351 5 9193 15754 20202 15678 28 23274 4 8443 4 2126 14335 2187 28 23274 5 28 23351 5 5 5 20402 15678 16083 13131 7509 28 0 8840 31 26 23414 7914 14466 6103 29 14764 5 
28 21 
26 30 26 
26 30 
10568 26 10568 
18533 22805 873 14335 9594 18498 8956 9942 7509 18339 15658 21596 910 6103 3170 5 
21 20402 26 7544 7730 12780 662 21793 12182 5 21793 23135 14514 4 20463 13520 8 29 21 
7730 9193 3556 23151 31 20402 15678 28 5 
21 26 18498 462 5 5 5 8576 7188 6103 26 4 16891 5 5 5 26 26 23351 26 5 
16891 14335 8095 28 4 14335 16793 4 26 3056 16675 20 20 20 20 20 20 20 20 20 20 20 20 20 20 21 
8443 20 20 20 
21 26 18498 5849 7850 26 16404 26 31 8974 22507 
5638 2725 
20 20 20 20 20 20 20 20 20 20 20 20 20 20 20 20 20 20 20 19891 19891 19891 19891 20 20 20 20 20 20 20 20 20 20 20 20 20 20 20 20 20 20 20 20 20 
26 14335 26 20 20 
26 
0 0 0 0 0 0 0 0 0 0 0 0 0 15894 8995 14335 26 0 0 0 0 0 0 0 0 0 0 0 0 
8443 26 28 10928 6103 26 
8443 26 28 1987 6103 26 
8443 26 28 5375 20 20 20 
20126 26 8 29 
17629 8386 31 18335 7509 26 22 20539 26 654 18498 9193 21596 8956 2637 5 
14604 18376 7545 5 7850 26 26 
26 26 
9193 8956 28 20402 22463 16971 13512 14539 8 29 
31 26 12780 991 7509 16192 8 29 
24 5 
21 17872 18525 12578 7730 740 15658 22805 4 31 11477 1393 26 5 10131 26 5 21 
30 
14425 15286 7509 21264 5 
7730 9193 10080 31 10606 7509 28 20244 19900 5 6663 6 
21 13055 13359 21 21 15678 14464 13424 31 4084 21 21 21 
21 13055 13359 21 21 15678 14464 13424 21 21 21 
21 13055 13359 21 21 15793 21 21 21 
21 13055 13359 21 21 3759 7509 1658 21 21 21 
21 13055 13359 21 21 31 2304 6103 28 28 21 21 21 
21 13055 13359 21 21 28 7850 16587 7509 14145 21 21 21 
21 13055 13359 21 21 2176 7509 2572 7509 12261 21 21 21 
21 13055 13359 21 21 31 9681 6103 28 16811 21 21 21 
21 8995 13359 21 21 15041 21295 21 21 21 
21 13055 13359 21 21 15678 6026 7509 28 21 21 21 
21 13055 13359 21 21 28 21 21 21 
21 13055 13359 21 21 31 14464 18498 19822 13598 21 21 21 
21 13055 13359 21 21 15678 4081 6103 17108 21 21 21 
21 13055 13359 21 21 13195 14346 21 21 21 
21 13055 13359 21 21 26 26 7730 31 19249 7509 15041 21 21 21 
21 13055 13359 21 21 26 26 7730 15678 17854 6103 28 21 21 21 
21 13055 13359 21 21 26 26 7730 31 16633 9961 21 21 21 

