7730 740 21596 13688 18498 1498 8956 3790 27 
24 5 5 5 5 12780 1937 22805 15678 17819 8503 7850 13543 27 
21 9193 22805 29 4 9193 13055 20402 29 2668 18498 15658 1937 5 21 
20402 28 20402 5915 20402 28 
18481 14924 13520 15671 23104 28 28 5 17304 7491 18498 8995 1575 2727 31 22942 7730 5762 23570 14924 13030 5 20402 21389 12222 14924 18498 9193 13055 8995 8918 6075 7850 19698 6103 12897 27 5 
21 28 13759 20402 15678 17819 9128 10211 16673 5942 6103 1386 7730 6731 6103 20634 26 7509 28 3633 17040 5 1276 7384 4 7847 21371 13055 11284 5013 15678 8361 15260 12521 1393 22386 6103 28 7850 28 3633 17040 5 
15678 15576 17819 7833 20149 10211 7850 9975 6103 7119 6103 29 4 1603 1285 20931 6202 6103 21446 17438 15081 6103 1571 7914 5037 16404 17930 7509 28 5 7850 22821 4 8956 15658 20402 15678 17819 5037 7914 18498 7847 20402 1570 5 7847 21371 20402 1570 4 740 18476 8995 7850 15278 29 7509 5942 6103 26 4 16404 15678 5037 6103 17930 7509 28 5 
12861 14539 4 15678 14539 5037 18498 9193 20402 1570 5 31 1571 6318 7914 7558 5037 6362 15678 20463 8017 7730 8744 9193 9132 5 7847 8995 7850 15278 29 6103 26 7730 9901 7914 29 7850 13566 6103 8840 1603 22773 14673 6103 5021 7850 7445 9692 7509 5037 5 
11462 7847 21810 17511 7730 654 20402 15821 15576 4697 17930 7509 28 5 13909 22463 22897 16323 1393 28 4 31 20463 16169 4 9626 7730 1393 6329 18498 753 7850 20931 10220 5 15671 7509 28 3633 17040 9901 15138 9808 17438 23135 7730 17438 9743 16440 6981 11454 6103 21021 5 2727 23016 1393 28 5 654 20402 31 20931 22897 6103 9743 31 7178 7850 22942 6103 15576 9128 5 15678 16083 9128 6990 9193 29 22356 12780 20149 10211 654 7914 13903 4 21596 4181 18498 21596 15138 16083 11454 6103 21021 16404 5320 5 21 
11802 15658 20402 10927 5 20402 17629 21596 19456 4766 31 12537 7509 17563 3170 5 
21 7447 7509 15533 6 16098 11016 7509 13729 5 
21596 18498 21596 14378 6103 18525 7730 15678 18498 9605 14539 28 18374 5 
21 21 28 18374 6 9193 8995 4290 6103 15704 1614 5 28 7509 22942 4 30 4 6103 21793 8956 8055 5 9193 9901 4766 14378 5 15678 3790 16630 17872 9193 18876 4 9193 9901 4766 14378 6103 18876 5 
28 6 20402 13793 5 17458 654 21793 15704 5 8956 3790 21596 18577 15704 15458 16587 5 21793 7847 8995 5771 5 733 4 12780 21810 7850 5859 17461 5 21 21 21 
21 1603 31 16615 6103 28 7850 17377 9774 4766 31 15543 6103 13729 4796 14753 4 8995 6103 13749 5 21 
21 12255 21596 18498 5018 7850 16440 18498 7491 18498 15678 10982 6103 28 201 11462 4 18476 15542 13729 4796 14753 5 9193 8995 8455 4 9193 15299 14425 7509 18498 12861 16404 201 4766 8956 10982 5 20149 20402 6103 16083 14881 15658 20420 22385 7820 5 21 
21 9193 18533 21793 15190 6337 7730 17729 6 13729 4 28 4 21535 4 28 4 28 4 5915 5 8956 15658 17304 9193 19363 13909 5 13055 4289 6981 16208 20 20 20 20 20 31 15543 6103 13729 20402 31 10964 6103 22 702 5 4289 5 15005 20402 22463 11341 18498 13749 5371 15678 22823 10927 1393 8995 6345 5 17382 5611 21596 18498 22150 15458 16587 5 8956 20402 31 11518 5 
21 15658 20149 19900 13909 18498 17441 20402 8956 5 20149 20402 20497 7509 18250 0 20497 7509 15005 0 20497 7509 15267 0 21596 18498 15128 22327 13640 5 8995 22327 8561 5 
20402 18494 27 
21 28 28 5 13325 7509 15540 6981 527 4 20149 22805 8593 2553 15423 13055 19900 18498 15658 22657 31 16689 27 21 
11284 22463 1249 4289 7914 17040 7730 31 3450 7127 10959 3450 22897 13909 5 15619 1097 7730 6474 3450 22897 13905 5 
9193 20402 31 9721 6103 13441 7850 9370 7509 17939 7850 23498 6103 28 7730 5371 15678 5222 6103 4526 7730 19418 6103 14506 5 31 9721 7509 17960 6103 13301 29 29 18498 10657 13441 7730 12380 7914 9193 23498 7730 5371 15678 17960 6103 13301 29 29 18498 18533 3334 31 28 5 1506 31 20709 3170 6103 28 5 9193 7491 15658 1393 5220 6103 28 
21 28 4 16323 16673 20463 7127 9193 13512 7730 28 15144 5 23135 20402 22463 10083 16673 18470 5892 15678 13909 20584 1114 5 21793 7127 20402 20463 7127 17324 23135 20293 1021 13909 13512 5 22318 1027 5 16323 21371 31 21793 31 15144 5 21 
28 28 15855 18498 14245 
12861 20539 20402 22463 4672 3058 5 5 5 
21 9743 6329 27 5 7730 8414 5 28 28 4 28 14212 7730 28 13759 21 
12861 20402 18498 20402 12934 6103 22821 27 
21 13909 22463 12960 7509 8525 28 28 10628 5 5947 4 7914 3206 7359 16404 26 21 
21596 18498 14426 15138 15458 23498 15658 20402 28 28 5 23135 14335 753 0 
3450 22463 4766 20931 14069 27 
2524 3058 20402 2524 17729 7730 5041 5 
9193 9901 22223 7914 19900 18498 11284 16971 18498 20149 20357 19363 7730 6202 8956 3790 5 
12780 8789 8956 13606 6103 6340 16673 16587 5 
28 28 9743 12861 17438 9193 4766 4181 5 
31 20774 6103 15138 3172 20402 8956 5 22834 5 
21 23174 5371 13301 18498 15708 23572 6103 28 31 20402 4556 7730 654 1421 9743 17972 5 16721 18498 15678 17563 20402 3341 7730 20244 14453 5 17972 7914 1249 6103 7861 15658 22657 15299 5 23176 5371 31 13301 15658 7102 20402 8918 5 7914 17040 15678 23572 20402 4556 5 7914 28 21282 17972 5 
12838 20402 22805 15678 22830 18498 23174 5371 31 13301 18498 15708 31 4557 7509 23572 4 19969 7850 10273 6389 6981 15619 23572 4766 1623 5050 5 17872 18525 21596 31 14453 5947 4 20202 15678 13543 6 
19310 18498 7850 10273 7509 13543 6103 11462 29 29 29 7847 1421 7850 17819 10273 4 1393 13131 7509 17653 28 9942 5 
20402 1249 7859 7730 7102 9901 6103 15855 5 21596 15138 13611 7914 16668 6103 28 5 12780 6075 15678 22240 7850 22548 4 23174 7914 18525 18784 21932 16404 15678 17563 5 
12780 9901 6103 15855 5 21 
13909 18328 22821 5 5174 22463 1095 7509 5161 18498 7491 31 14539 4672 5 
8995 7850 26 16404 21793 15678 15190 22805 15678 26 26 7850 30 2092 7509 26 26 9193 8525 13055 13055 
7730 15678 12963 21810 10211 5 15678 17819 29 20209 6103 26 28 18498 9010 20402 6728 654 7850 26 30 
7730 15678 12963 21810 10211 5 15678 17819 29 20209 6103 26 21440 18498 9010 20402 6728 654 7850 26 30 
7730 15678 12963 21810 10211 5 15678 17819 29 20209 6103 26 18498 9010 20402 6728 654 7850 26 30 
20539 5 15671 22564 15263 23484 16404 6728 12963 5 26 26 30 
21 16404 892 8956 10606 4290 6103 8208 4 31 17211 21596 18498 20402 10839 5 30 26 26 21 
23206 19972 13679 4766 9128 6728 12963 7850 26 26 8995 15138 14245 8956 30 5 2727 22986 5 8956 20402 9193 19972 5 
31 10883 10628 26 29 13055 4809 7850 28 28 4141 5 9193 8525 7509 28 3633 17040 13055 8995 31 21793 22687 5 7576 21596 29 15619 12963 5 30 26 
7157 16404 18525 8995 6700 4809 15678 1249 29 5 4757 26 28 28 
31 23014 6103 28 4785 31 20149 8789 16673 4417 23113 5 2136 18476 0 14970 28 16630 16580 
8956 23222 20402 15138 16852 5 9193 21282 5219 1937 29 20209 5 
5876 4766 20931 20809 27 
21 20149 22327 6075 4179 4 7914 29 9193 7730 28 28 5474 15576 1097 31 9193 23051 7914 22463 3962 16393 4766 8956 27 5 21 
21 20153 26 31 26 29 26 349 7850 3633 26 29 4766 19362 7509 28 7730 6103 17040 5 3633 26 29 26 26 
15138 20497 8956 22861 5 
560 6103 5320 15658 6075 16404 12780 21793 7127 31 28 4913 21629 5 27 8956 9193 12780 13325 16404 20293 
20497 27 5 11795 
15678 10530 7509 17939 6 
8956 20402 15138 20497 5 
3058 15599 16404 12380 
8956 6075 14378 5 6582 7850 21760 7509 16706 7914 26 9738 26 11555 
11518 6103 20149 17950 5 
2031 20 20 20 5876 20 20 20 15604 14858 6103 20393 5 20393 6103 22617 0 20 0 20 0 20 0 20 0 0 20 14604 28 5 5 5 5 15894 12780 16367 4766 31 23014 5 
28 28 27 
12780 753 15678 18195 1097 28 27 5 
20909 26 15678 6933 7509 10268 4766 28 7730 28 5 1027 6103 13909 9193 19169 5 
1022 29 6 29 20402 7127 6103 20909 26 5 30 12780 4788 5 
8995 4289 15678 7127 5 5 5 5 
4346 6103 8003 654 5 9193 8995 8840 1270 17438 12861 654 5 
21 1097 6103 28 4 16404 18525 10959 6103 22463 19735 947 6103 17318 17431 7730 8568 4796 28 28 4 28 28 4 22657 31 16689 5174 9193 2510 7509 5528 5 20402 22463 16689 15658 8995 7914 28 15459 6086 4 9193 7127 29 8995 7914 28 16404 22805 23204 2136 28 5 1027 6329 5 30 6329 5 21 
20402 14245 31 15061 20291 7197 15908 7850 28 3633 17040 5 
21 15678 28 8995 4289 4 12780 4110 4766 5896 7730 12380 5 21 
9193 17629 6103 2367 7730 19701 27 5 12861 20402 9193 3790 5 21095 6474 5 
9193 21371 27 
18476 31 10765 16721 18498 19900 22327 20670 1233 5 15855 12861 5 
28 19867 13055 17304 20402 6157 17932 5 18482 21058 5 
18498 9620 6103 22834 18250 5 15855 18525 21582 11810 31 16869 7509 28 7850 17856 5 
21 1540 31 17950 4766 28 
21 31 22821 20670 31 21951 1380 6103 28 14613 
22463 22915 7850 22415 7509 21551 7509 5896 17426 3170 5 
21 5421 16404 31 10220 7509 18195 10796 4 7319 31 2614 15291 4951 5940 7730 9743 20931 5422 5 
6407 6103 16440 7509 8525 6103 6731 7509 12960 13340 20670 31 16431 7850 28 16404 31 8525 7509 26 7509 28 5 28 29 
21 16404 8386 15678 17737 4 21596 18498 8386 15678 16468 5 31 19143 20402 22463 3059 17989 16404 9439 5 21 
21 4796 15678 21551 16468 19871 5 10606 3058 7509 20539 30 4 13055 9743 29 1249 5 28 28 4 28 28 22212 4 28 28 4 7730 16083 1095 5 21 
12861 20402 15138 6329 5 17797 22463 15604 15894 6103 11020 9956 22986 7509 10628 5 
4796 10795 8208 12277 5 17438 9721 15658 21582 12861 7914 3962 16404 15678 2727 7509 10702 5 
20402 15678 18498 20402 11066 31 31 18103 6103 5693 15678 894 5 18525 19900 15678 6011 7509 18195 10796 5741 7730 31 2601 7235 5 
15138 15708 31 21793 18498 14335 16318 7730 13325 6103 14604 1247 15908 5 21793 23135 8995 7850 14604 5528 5 136 5 
7491 22327 5 3450 22463 4766 20931 10547 5 7730 19456 308 6103 22327 5 
31 7178 6103 18525 22667 7804 7914 19225 31 18525 6113 6281 5 
21 15678 10530 4289 4 7730 7847 15658 20402 4796 11731 4 9193 15658 20149 17703 4 12861 20520 18498 7847 15658 8995 8678 5 15678 20463 10530 21282 6400 6103 23135 5 9743 7277 5 21 
20402 11462 31 29 6 29 27 5 
20402 11518 7509 20291 15061 31 16967 7730 12380 18498 6728 5 
3807 5 5174 22463 17950 6103 12571 11046 18498 22126 22463 9422 4885 7174 5 23135 8458 20463 9942 0 
21282 17304 20402 17022 27 5 
20402 17629 18498 873 9743 12861 5 20365 15658 12780 5 11462 23104 31 21951 1380 5 
21 23123 23123 20954 20954 5 20293 5 
21 16323 26 28 7730 28 5 23135 20402 9840 5 16323 31 20437 10628 16673 2097 5 
20497 27 
21793 17877 21596 22463 16066 23206 20794 5 
18487 14245 20 20 20 
21 1097 6103 28 4 14156 7914 20931 618 4 8956 7127 7509 5758 12780 21596 22463 20520 7174 16404 15678 10546 6103 22951 7509 19143 21 
13026 31 9620 7509 18498 9743 277 7197 5763 8956 23222 27 
13028 31 9193 16404 21596 22463 4245 6103 10648 29 10724 6103 8806 31 13909 11115 7850 26 28 20 
16404 18525 10959 6103 14565 5 5 5 5 13761 12780 5 
3058 21932 28 28 5 
15855 2371 31 9433 16404 14604 10959 27 5 15138 3058 
12861 12780 20402 6329 28 28 28 
15138 13278 8956 23222 5 
21 15658 20149 17703 5 20149 15678 19728 7573 15678 15190 4 12780 9901 7914 22463 5143 23426 16404 11578 27 5 21 
21 22463 184 31 23014 7914 28 5 31 28 20402 1889 7850 17608 7509 19930 7850 18487 4 9809 15658 20738 15299 11051 991 7509 22101 7509 23014 5 17438 20855 19822 20813 15678 4122 5 4796 20293 15678 8995 20402 15886 7730 2164 4 16404 19140 22463 2372 5 15678 5 21596 18498 9193 6838 16404 16083 2439 5 6820 6103 8840 31 16404 5 13800 5 1603 13909 6103 29 11518 6103 8840 5 7850 29 6103 5 16404 5 9193 12296 18498 15678 17226 7509 10982 16404 14426 8956 20644 20402 9769 13909 6282 7730 4143 21793 15678 5767 7509 23423 21063 7914 22463 21282 6103 5 16404 5 16066 20402 4 31 16971 18498 15658 21596 22065 12780 6820 6103 19140 31 18519 7730 6256 16404 13761 4 9193 9193 19220 15678 5767 12780 3510 5 9809 9845 4796 21 21 15894 20402 19822 21 21 8995 9570 7359 16404 15671 4419 21582 9233 31 23498 13909 16852 5 15678 10530 15658 9193 19418 14426 20149 15658 5799 7730 17908 20794 7820 5 15128 28 21 
21 20402 14550 7914 28 5 7127 29 29 29 6202 9193 7375 20670 13724 7914 7804 5 21535 18498 20402 7730 5360 20402 15678 21932 7509 9193 22942 5 17324 368 18498 18784 17304 15128 15678 15190 5 4766 12861 4 6408 6103 7558 1249 7730 14336 6103 15138 15127 4 8744 7730 9130 9193 5204 15678 22406 6103 14550 5 15708 31 9193 9634 4 1097 7730 21793 18498 21842 17438 9193 5 15708 31 28 28 18498 20402 9193 11020 4841 15458 17889 5 31 14604 16169 28 28 7730 28 28 17438 20402 22463 9365 6103 9130 7730 6103 22942 5 15708 31 28 18667 16673 16007 7730 1506 5 9193 8995 15138 9808 7730 7914 14924 15945 12780 4788 4766 21793 18498 20340 9808 17438 9193 5 21 
23570 16200 5 9193 7730 9193 8897 1937 5 
21 2031 1097 4289 31 11518 6103 23135 17714 31 7766 7730 21752 15678 22886 6103 23135 4 17324 31 28 12780 5284 29 16421 21559 6103 20909 26 5 8918 9224 7730 9645 5 11284 22463 13727 7850 15190 15894 15678 22520 7509 28 8995 23104 7730 18286 21793 15678 28 5 11731 12861 6 23135 23051 31 28 7509 15041 7730 8147 28 28 5 11731 1190 7850 19856 6103 28 7730 22463 22269 7509 11928 16468 5 11731 22463 8855 7850 15669 6103 4468 6103 28 6103 12937 7914 2635 5 7730 15138 13909 5 8918 15678 28 4 7850 12780 21596 28 28 16404 21793 13131 5 20402 3058 4809 31 7770 6103 654 27 21 
3906 6103 22463 1095 20402 19822 7914 28 15908 4766 29 20247 6103 4913 5 4854 8956 11729 5 
12780 7957 20402 17629 5 12780 7957 5 5 5 5 5 5 5 
8956 20402 31 22821 5 31 17753 20402 7855 5 7847 21596 18498 10982 5 
21 12145 16404 21793 15678 14604 1097 5 15678 26 30 20402 31 14425 10211 6103 23135 20149 11541 7686 22463 22915 5 18525 18533 5174 22564 8956 13543 7730 20149 3454 5 16162 2553 16404 7599 7914 23570 18492 4 5174 15604 16971 4 15658 21596 19150 22385 7687 18481 15678 11555 5 9193 13055 22564 29 22898 7730 20402 14149 5 21 
11462 20402 15678 7127 7509 512 5 16323 31 9193 8897 7730 11335 5 8956 20402 13909 22463 7127 16404 18498 17511 4788 20931 23091 7730 7491 18498 9193 7850 452 15138 5 9901 9808 4766 20463 21021 7730 452 15678 20463 1114 16673 17939 18498 8637 5 16323 7730 13909 21021 740 5 22318 1027 5 
8995 21662 5 5 5 24 
21 7730 9193 14335 16836 4 20402 18498 20402 17521 14426 31 7804 6981 16587 7730 7509 15190 0 21 
4796 20402 10259 31 9193 11326 587 5 15855 12861 20402 14335 7491 20149 15658 13325 20019 7730 4629 5 9193 288 14245 5 
6394 11051 
15678 18498 17304 4229 6103 20497 6103 3031 5 
21 16367 6103 12241 7730 16721 4766 8522 5 
21 6408 6103 1937 22988 31 20402 6103 28 4 6103 7558 22463 4 16066 12780 13359 21793 31 19635 7914 18468 15424 20293 2647 4766 31 11454 7509 9956 16066 21596 18498 22805 21793 15678 9956 26 1293 7730 9193 17714 16404 22805 15678 18498 8995 17438 23016 5 15678 18498 23135 288 28 28 0 
12780 6103 3897 4 9193 6408 6103 22805 8956 3550 4 15658 21596 7728 18498 31 26 12780 7573 15678 14506 9193 18195 1249 30 5 
21 28 4 23135 8995 8561 5 31 21525 20402 18498 8995 17098 13598 6103 4751 4 288 18498 740 20402 3735 6103 4143 7730 5426 21793 31 17919 5897 7509 28 5 20244 31 21525 6075 4615 15678 22771 20420 22385 11020 4796 20402 5 15678 3790 15658 20402 9632 15295 7730 14539 1920 21596 14676 6103 26 4 15658 17629 1421 15295 9193 4796 31 21525 23104 6103 9743 11626 20402 21282 15678 18498 21596 16404 15061 7730 439 9193 15424 22805 21525 8956 9971 6103 20247 27 5 31 21525 15658 20402 13909 31 23577 10192 6103 12301 7730 15658 19900 4796 13471 4766 12861 5 3532 31 2988 28 21 
3058 7157 
21 23 0 20244 16192 4 26 17304 20402 3222 5 21 
21596 5521 7262 12780 15458 16421 28 28 0 
21 31 7178 20402 18498 15138 12476 15567 1089 20402 17954 7730 15658 20402 11443 4 1502 7730 7480 8956 5204 5 13055 15678 28 740 21596 31 21278 6103 4764 4 18498 20293 17629 6103 22463 5123 6103 22463 16587 13909 21 21 11861 21 21 5 20402 22385 1920 18498 2136 18525 20402 5371 20149 3532 654 5 21 
28 28 9743 3621 12695 16673 22624 6103 11669 27 5 3058 5 
14245 6 
22657 31 16689 21662 28 
21 19652 9193 9370 4 1190 6103 2824 7730 3610 1393 14539 21551 5 16689 18498 15658 20803 15678 10691 3587 27 21 
21 6592 15138 4672 12577 7850 21266 21 21 5642 31 26 26 4766 28 6103 11035 28 21 21 12025 31 21 21 19150 21 21 7509 4509 6 
29 18549 31 2251 6 15425 19150 20402 22823 20813 17438 18498 873 7491 4 12027 4425 7 
29 16721 17438 20500 14539 7 
29 18550 7 
29 15658 368 7914 15299 21282 17438 18498 23135 18533 4 368 7914 866 15658 9743 4766 18498 20402 22821 5 
29 21662 31 11644 16673 18069 15749 1603 15728 7730 9422 7 
29 20149 22463 11644 17658 15658 20688 31 21662 2727 7845 4 8995 8561 4 8918 8956 11644 5 
29 20202 31 18069 1394 18533 18498 7850 13405 5 
29 20149 15658 11284 18069 4 15658 13010 5 
29 23135 17304 8995 8561 4 15138 4425 13055 4807 8564 5 
31 21266 8995 7850 28 7730 21596 15678 17819 8503 1614 7914 12327 6 11560 6 23273 5 26 5 21525 26 26 29 5642 31 26 26 26 29 26 26 11943 26 26 26 
31 21266 20402 12442 7850 21266 16015 6103 28 28 7359 7850 26 26 1614 6 11561 6 23273 5 28 5 4766 26 0 22615 30 30 26 26 30 30 23239 29 29 30 30 10907 21 
21 20402 13909 12861 18498 8840 6103 22463 9956 18777 6103 26 26 23360 5 8840 22805 13640 13640 5 
8956 26 5341 26 27 5 
18498 13512 5 
21 7730 6408 6103 21389 8503 15658 16784 31 11066 5 15138 3058 4 9193 28 14335 13591 6103 23151 31 340 4 20402 22385 22936 18481 12601 5 21 
9594 15138 2727 5 
16172 6103 26 17872 18498 20149 31 10765 17304 20402 5764 27 
21 31 22821 31 22898 7545 4 17438 12861 15658 18533 462 18498 20402 22821 27 21 
21 20497 7509 2510 4022 7914 17040 4 15138 3058 20 20 20 20 21 
21 8956 28 28 20402 21282 21021 7730 21 21 20180 21 21 27 5 7847 5360 9743 15286 15138 8302 5 15061 17872 10597 28 5 
21 15678 5179 20402 31 20009 16404 31 14487 11679 5 8386 4796 6103 9707 10473 15678 18498 871 4229 6103 21 21 3047 2524 21 21 5 
15138 8302 
21 15678 29 23274 29 15658 20402 15299 4 31 5614 6075 6103 29 31 29 5 21 
15678 14506 6103 10628 7850 28 4785 31 10648 5574 5 30 
21 11462 20402 15678 1247 6103 9193 19169 5 31 15144 18498 5204 14604 5528 7730 18876 21282 21793 31 2031 7509 14604 1114 5 15678 7127 8995 6184 31 7847 4 9193 8406 22463 21502 6103 16323 7509 9634 7730 16083 4 17511 9457 18262 31 9193 9801 17438 13909 22463 1249 6103 22942 6981 13512 15144 5 28 28 4 23135 20402 22463 16971 14149 4 22463 11020 1095 7730 22463 13512 15144 5 22318 1027 7730 662 21793 15678 28 17438 21596 31 15941 6103 8995 1393 20463 13131 4854 6103 20931 22942 5 15138 1249 6103 22942 4 20127 4 9801 4 21021 16404 23135 5 21 
21 22805 4796 10648 18610 29 5 29 4796 8051 27 5 
21 11284 2717 4 835 7730 19907 7850 4672 20558 7509 7127 5 3058 15533 20 21 
21 27 8956 18055 8995 15138 2727 9790 4 9193 20402 9303 4 18525 560 12780 21596 31 22886 21373 0 31 15704 20402 7914 22463 13616 15894 15299 10473 4 6075 14378 6103 16367 879 16404 21752 22463 10273 5 21 
7157 6103 17737 6103 1247 7914 16086 27 
21 16404 11474 18498 16721 7914 17599 26 6070 4 15855 2371 27 21 
23135 20402 31 9721 16066 5371 27 0 
12861 9431 15138 4672 5 
15458 1249 15678 28 12780 349 7850 28 5 9193 8147 13761 5 
18498 14145 30 

