21 9193 8840 18498 15502 21582 13045 13909 15299 4766 8956 4795 15537 
21 21 20149 7847 8995 9130 12861 15658 349 20 21 21 
14464 9142 7914 8632 6103 20402 28 18950 683 6 11560 6 30 5 30 29 29 29 
21 21 20149 7847 8995 7850 11685 12861 15658 349 20 21 21 
12979 20402 9142 6389 6103 20159 6103 11685 7914 28 6 11560 6 2914 5 30 29 23135 
21 21 20149 7847 8995 7914 3962 12861 15658 349 20 21 21 
15036 12979 8147 4766 20577 6103 9142 6389 6103 3962 7850 23423 15567 6 11560 6 2914 5 30 29 14835 29 
21 21 20149 7847 8995 21932 12861 15658 349 20 21 21 
12979 20402 1987 7730 9142 31 3610 7509 21932 6 11560 6 2914 5 30 29 29 
21 21 20149 7847 21596 22463 15311 10041 12861 15658 349 20 21 21 
22 14604 15311 14335 9142 17438 22463 1249 8329 9193 7599 22 6 11560 6 2669 5 11943 29 10568 
21 21 20149 7847 20402 13909 9634 12861 15658 349 20 21 21 
468 4766 6217 28 20402 9142 16673 21739 7914 19841 6 11560 6 30 5 30 29 2372 29 
21 21 20149 7847 20402 14466 22 18339 22 12861 15658 349 20 21 21 
14464 6103 29 1249 7730 14336 15036 7914 11685 20402 23004 6 11560 6 2914 5 30 29 29 29 
21 21 20149 7847 21596 13909 5876 12861 15658 349 20 21 21 
12979 20402 9142 7914 9009 7509 14600 6103 20402 28 6 11560 6 2914 5 30 29 30 21 
31 69 20402 13640 7914 20202 5 
11861 6 
21 15658 18533 16323 6103 1247 4 18533 8956 4711 12526 5 15708 21 
14335 
3086 
21 12960 31 3014 4 11892 21 
21 28 4 15678 18498 23135 1540 7850 9574 0 21 
2717 23 
22463 16620 7509 5528 18498 20293 9901 
21 21 21 5371 15678 18250 4 16440 7509 22163 21 21 5 28 4 28 
7914 15540 6103 28 4 15458 8995 13150 21 
26 20402 26 26 26 28 
30 26 
26 20661 26 
1190 16673 28 18476 4356 
20215 8956 2371 29 
21 1614 4 18498 20558 5 21 
17106 1095 
26 28 8 29 27 
17438 9721 
21 14335 2322 20149 19900 6103 873 16066 871 13727 18498 17629 6103 753 17872 13501 4 1820 4 20402 15678 18498 20402 5 22463 16689 22805 17569 1920 6 21 
21 1614 4 10765 4 12780 6075 29 15852 21 
22463 22487 18506 17872 3450 9769 7509 20069 5 
26 26 28 28 
12787 17658 17458 21282 21596 22463 5 
20725 
9193 
14425 2979 7509 28 
15036 
21 15678 3714 4 12780 4 15678 3714 21 
3472 15678 19509 7384 0 18533 15678 19509 
21 4697 18498 13055 22385 14335 23316 17438 15658 19474 7850 28 4 21776 20244 4122 4 14469 21282 17438 1614 5 21 
7730 15344 20 
27 
6 15678 
21 26 26 4 26 21 
21 4095 9901 3086 1920 4 20244 17497 7730 20244 14378 21 
8720 11284 22463 20247 20244 16367 
14335 1027 13909 18498 22327 7850 22942 
15533 26 4697 
21 23135 20402 28 7730 9193 20402 9971 6103 21409 4 23135 20402 654 7730 9193 20402 22463 17556 13909 21409 21 
21 21 21 28 4 1471 6072 15860 18498 15678 7132 7850 6075 5 5 5 23135 13055 19310 9193 15860 6281 0 20402 1920 6103 4429 15702 7730 7378 5 17324 1471 6318 4 17304 16468 4 20149 15658 20402 31 22649 7730 31 496 5 15833 20 31 496 20 21 21 21 
2087 17458 20539 
31 14466 17106 28 
26 26 26 
21 7730 15678 21680 15855 14335 7491 21389 4672 4 21389 4672 13688 18498 18476 4289 16936 31 9193 910 15658 14335 6256 14487 5 
8956 21680 15855 20402 17556 17872 9193 4 20402 22463 17406 20244 9971 5 
8956 21680 15855 4 15637 3058 4 20402 15678 22327 4 6389 6103 9193 5 21 
13424 27 
14309 18611 22805 7850 20868 5 26 28 
6 
21 23 4 13512 7599 4815 7850 14604 1247 27 5 1027 23135 20 29 21 
26 22 18740 26 26 26 26 26 
2371 21596 3058 26 17872 21793 31 20247 
21 31 3884 20402 10296 4 5528 20402 22632 21 
21 1540 7730 9743 17872 9193 5 17009 4 15708 21 
27 22318 1027 
22318 6 1027 23274 26 
21 31 28 13817 20402 31 4672 13909 13512 6981 15190 4 14425 1095 6103 21793 15678 21551 20 21 
21 9620 6103 5243 4 9605 15299 5 5 5 21 
15678 4368 20402 11099 20 
7730 2371 
21 23135 14335 16836 17458 31 22898 9901 16367 22318 15855 5 5 20402 17872 6073 22463 21551 4 18476 23135 8995 13667 4 9193 14335 13325 7509 20463 19800 4 7509 20463 12939 4 7509 20463 4292 5 14335 13325 7509 7318 11663 4 7509 21394 4 2702 4 6072 9193 5459 6246 7850 3590 5 5 14335 13325 6981 4672 16753 18498 12780 14335 9743 9620 4 15138 9620 5 21 
2136 1792 
21 210 4 7847 15658 22657 31 16689 5 5 5 6103 10620 18498 7847 21596 28 4 11302 21 
19900 18476 7509 23167 6103 14018 22327 17872 18339 18498 16404 0 8443 5 
14604 21831 18494 26 
23 20126 18498 2647 14604 5528 
6 
16784 14604 4122 13909 22463 22897 6 
15538 5 20402 15678 23577 20352 18498 9193 21596 17438 871 16971 
7 
12780 16367 4766 31 5970 0 0 0 0 0 0 0 
21 12780 10010 7850 7284 7509 20931 14577 5 17458 15678 16718 5762 4 15678 6679 2082 7730 31 10547 18779 20 21 
21 15855 15678 18498 9193 288 27 30 28 4 28 28 4 28 28 21 
21 9944 12861 4 21282 288 5 21 
21 4672 18498 14335 2082 6 21434 4 15860 4 16826 7730 21434 5 21 
21 22765 4 9193 8995 22657 27 21 
21 20247 6103 9130 17872 18984 5 28 4 6103 5 31 5 15658 5 23135 5 7730 5 4 2105 9147 4 8208 17542 4 30 4 23154 2138 4 26 14763 21776 26 4 13481 26 4 13481 6090 4 26 16445 4 10502 7509 17819 11048 4 10502 15678 20207 11048 4 26 26 26 13572 4 20924 4 20257 6103 22235 4 26 1631 26 26 4 19225 15264 4 26 4 15654 9355 21 
21 7730 15678 21680 15855 14335 7491 21389 4672 4 
8956 21680 15855 20402 17556 17872 9193 4 
8956 21680 15855 4 15637 3058 4 20402 15678 22318 6389 6103 9193 21 
26 15803 26 26 20 
21 17458 22318 6075 22463 14378 9942 7509 18339 6 20402 9808 4 14378 6103 1027 4 14378 6103 20402 3058 5 22327 18498 9743 2727 17872 10765 4 31 10765 21596 14378 5 28 21 
21 14302 5 7847 15658 8995 7850 20931 11636 4 7730 20539 7850 20931 2053 7 21 
518 20 28 15658 6137 15643 20 
21 26 26 26 26 26 4 26 20539 26 11943 26 26 26 20 
21 15658 5590 2116 4 15658 16630 6663 4 15658 14335 17703 5 18476 9193 6509 4 20402 17872 22657 5 21 
22188 
8956 3219 12545 14335 13325 23135 5 
10916 7509 28 20 
21 15658 17229 15678 3058 14924 4 6256 18498 7847 349 5 15678 12221 17304 20402 21185 5 21 
3805 6 

