21 15678 7127 8840 4289 20 20 
20497 7509 26 15803 31 26 21 
7127 7509 23016 7557 5 5 5 
19525 7509 2154 7509 23498 6103 9314 
21 18533 13359 21 21 22942 6 31 4509 7509 28 21 21 6103 21 21 6103 5 28 4 11211 5 26 28 4 10568 5 11211 5 28 4 28 13059 5 4 6103 5 28 4 11211 5 26 28 4 10568 5 11211 5 28 4 28 13059 5 21 21 5 21 
28 28 28 28 28 28 
26 5 26 22821 
28 28 28 28 28 28 
5862 28 
21 16323 5 5 5 28 5 5 
15678 15576 5 5 5 5 16015 5 5 5 17446 8863 20 20 20 
28 5 5 5 5 5 
29 2705 15253 16292 5 5 27 21 
28 31 5 28 
21 3439 15658 17304 4796 4331 4 7850 4331 11284 22463 20994 4229 28 4 18498 18090 5782 993 4 2156 7509 17766 1828 4 1804 4 21405 7730 2136 5489 9193 3439 5 21 
28 31 5 28 28 28 
9193 21623 22463 15604 14799 7914 26 26 5 12780 8100 0 
9193 21623 22463 15604 14799 7914 26 26 5 12780 8100 0 
9193 21623 22463 15604 14799 7914 26 26 5 12780 8100 0 
21 15678 5 5 5 5 15678 
8385 8386 
28 31 5 28 28 28 28 28 
28 28 28 28 
3364 28 28 10259 
21 11561 6 23273 5 28 5 4766 26 0 22615 30 30 30 
28 28 
5590 27 
28 10259 3364 28 28 28 26 5 26 
27 
28 28 
21 1869 20293 9743 4672 6103 1869 4 15658 2631 20402 3058 21596 18498 11586 15678 19509 21 
14924 16111 26 5 26 
21361 
16468 17461 
17458 15678 8503 6103 26 29 21075 
21 3472 15678 20249 4 19900 18498 23135 8995 4766 17556 21943 1920 20402 9010 13909 13347 15678 13184 5 5 5 9193 10959 6103 20402 12296 20149 15678 2087 12780 201 13640 7730 18476 12780 19969 15678 1233 15562 21 
10959 6103 19900 20149 26 21371 12780 4730 26 7914 7127 
28 28 26 5 26 20551 
2727 1920 26 5 26 28 10259 28 28 
27 

