8386 13949 18737 11570 0 
21 14200 20402 15138 13909 7509 18498 23135 14514 5 
17438 9193 20420 31 4796 7509 17446 5 21 
5174 8956 3086 1393 13131 7509 2559 5 
740 2727 18498 15658 18876 23051 5 5 5 17511 1190 4766 9193 19830 6103 14457 9726 7914 3962 20244 7630 5 
8998 20 
21 18476 22805 9010 9634 4 866 14335 9743 13325 7509 28 5 21 
13405 2727 14466 18498 14514 5 
1150 5 
1920 20402 5 
21 1614 4 4730 22463 22722 7850 15256 6103 22463 5758 20402 22463 684 14978 20 21 
16816 5 
31 9193 17406 20293 20402 7730 20402 16816 5 
8995 3058 5 5 5 
6018 5 
21 20214 17458 0 
15658 20402 31 13909 18533 0 31 23231 6103 10927 0 31 13909 11509 0 
17629 6103 20214 17458 0 21 
21 30 7730 30 5 
15299 15424 15502 12780 15128 12861 5 21 
21 22918 16404 15678 12261 6103 15894 12894 7102 21596 19969 5 
1078 5 21 
21 15855 21282 18498 2717 5 
7730 740 21596 10765 18498 6202 8956 8726 5 21 
21 4289 31 6075 15538 31 12729 6103 22666 15459 14512 6103 16169 5 
17377 7730 17377 4 2524 7730 2524 5 21596 7118 4 22998 16066 4125 1249 5 
8956 20258 7509 13923 13055 20402 21409 5 21 
12780 6103 12938 5 
1027 5 
21 23135 17304 22918 15678 18481 30 4 1078 4 26 18498 31 20931 5960 5 21 
21282 17304 20402 13239 5 
22463 28 17309 15658 6075 3058 10437 5 
1027 5 
7847 15658 17304 4913 31 26 4796 0 
22463 20258 7509 13923 31 14466 5 
7847 17304 22918 15678 18481 18533 5 5 5 6670 18498 16162 7509 18191 3047 5 
7847 15658 17769 5 
1027 5 
18876 20 1027 5 
21 22690 4 19747 7730 559 20402 7447 6103 10765 3341 7730 11679 5 21 
7188 7491 18525 17769 14466 5 
7730 9229 18498 8956 1078 19900 5 
1027 20 
9193 19484 17872 23135 28 26 5 5 5 5684 5 
21793 11686 5 

