26 31 26 
21 21 21 26 26 26 26 26 26 1631 26 26 26 26 4 26 26 11617 26 26 10739 5 26 26 26 26 26 26 26 26 26 26 26 26 26 26 26 4 26 26 26 5 21 21 21 
21 31 26 4796 4 26 4796 26 26 11943 26 4 26 26 26 16073 26 26 26 21776 26 26 4 26 26 636 26 4 26 26 26 26 15803 31 26 4 26 26 4 9971 6103 20247 26 5 
28 28 21 
15678 17915 7509 28 14487 5 
21 21 21 11678 26 26 26 26 26 26 26 26 12863 4 26 26 26 26 26 26 26 22 21298 5 21 21 
28 4 28 21 
21 21 21 12480 26 26 26 11617 26 26 26 26 26 26 4 26 26 26 5 21 21 28 7509 28 21 
9193 7850 28 15658 20402 15658 
21 21 21 26 31 26 26 26 26 26 26 26 26 7512 26 26 21776 26 26 26 29 4 26 26 26 7512 26 26 21776 26 26 26 29 4 29 5 26 6086 11617 26 8184 15803 26 26 26 26 26 26 26 31 26 26 26 26 26 26 29 26 26 26 26 20402 26 26 26 5 21 21 15341 21 
21 18494 15678 15669 7509 4628 4 15678 14964 20402 22385 11020 18498 7847 9605 7730 9743 15678 18498 2727 18533 5 21 
26 
28 28 29 29 23394 8564 26 26 
7914 15855 6103 4102 18525 21596 2988 20402 19169 
23135 29 
31 10839 2381 
26 
15138 14425 31 15604 18352 6103 9224 7509 28 
21 21 21 11678 26 7512 26 26 26 26 4 26 26 7850 26 21 21 28 26 21 
15678 3790 15658 21596 13494 20 
23 20 13055 8141 5 

26 
14425 22202 20833 6103 21793 15678 21551 
27 
15678 3790 20402 16367 7850 15199 7509 28 27 
8956 7558 7102 21596 5421 13909 17872 15190 7509 18498 21793 31 16083 16971 13026 5 27 
16364 
21 30 27 20 20 20 20 20 20 20 20 20 20 20 20 20 20 20 20 20 20 20 20 20 20 
23 15678 5 15678 21 
21 8956 3790 20402 13278 4 21793 15190 288 7847 6329 4 15658 16784 21551 20 21 
28 15658 21596 15678 18498 9743 27 11560 6 26 5 4766 29 29 29 
21776 1614 5947 14334 28 7730 15678 2994 7509 15053 5 5 951 11518 20 
17458 15678 10326 7509 19945 22564 22463 3724 0 16066 20402 22463 3393 6389 6103 22463 3393 0 
28 
16032 22463 21842 
21 21 21 15344 4 23104 17438 22463 14924 3206 7730 15036 5 21596 20402 1920 11284 15138 21551 5 31 21480 15658 8995 15128 15138 9010 4156 21 21 28 26 4 29 21 
26 26 26 26 20 20 
6324 20 
28 15424 8406 7850 4875 5 27 5 
9193 472 1937 15678 13640 7509 28 7850 3094 7509 29 5 27 
25 20 8956 2818 20 
21 13325 6103 9193 12960 12861 4766 28 4 28 4 28 7730 28 5 27 5 21 
22805 28 
21 7839 18498 15678 20252 19969 31 20255 5 16440 7509 20258 3510 7914 3058 21631 4 5741 7730 17918 5 5 5 
2371 15678 19485 6103 3058 21631 7509 19143 20402 21371 21040 17438 18580 5 23135 17629 23151 4 7730 18525 23135 5108 17872 19125 7730 5876 7509 17235 4 8995 15781 6329 5876 7509 15704 7509 11474 5 21 
21 155 14604 4945 9 155 23135 6 9 155 28 9 155 15260 9 155 26 5 
4796 0 17458 0 5 5 21596 2136 8406 7509 28 28 7850 14336 5 21 
21 18525 21596 16098 16098 6 21 21 28 5792 20402 15678 14539 4 15908 4 7730 11462 4 7730 9171 5 
15658 22318 6256 13405 17438 7617 23206 7730 9074 7 17458 3058 20402 18498 15678 5528 20149 10261 4766 31 11066 4 7730 15658 4766 894 4 18498 15658 22126 18074 871 1393 18498 4766 7847 20149 17703 5 21 21 29 6 29 5 21 
21 21 21 17458 23016 21551 7914 18498 15658 21154 31 21260 7617 7 9193 4 21596 11020 6679 6103 16098 4672 659 4 766 16404 20500 14550 20207 15678 20463 18191 6684 4 7730 15658 21282 7043 15678 16098 7509 22821 4 9193 20149 23151 1393 10543 5 21 21 29 28 29 6 29 21 
21 21 21 26 26 10628 26 21776 26 26 31 28 26 21 21 5 22202 20833 6103 28 28 26 29 5 31 13375 20402 2620 15138 29 6 29 7850 13788 587 28 5 21 
21 16468 31 13860 13285 22945 7509 20304 26 31 22240 6103 15299 4 7730 7850 9975 15678 26 9604 7730 16784 22327 5 16673 14466 654 21596 15678 23222 21793 6168 7850 3393 5 21 
22942 6103 15416 20402 7188 5 
14336 13581 6103 4629 17872 488 31 16192 
21 15253 4 12780 19969 5 5 
5878 20 
28 5 21 
2148 7102 20402 13909 4891 18498 23067 5 
5708 14539 20402 15678 18651 
21 7847 20539 4 7687 16395 4 20402 18498 1540 22318 1027 20 21 
26 28 20699 12780 201 4766 15678 13284 7509 28 5 
20856 6 15678 17819 29 5 29 16428 20402 21825 7850 11518 20 15658 21596 20856 20 8406 10648 20 20202 31 12488 7850 19744 5 
4796 22463 23460 19907 14213 1276 6103 7599 5 
13176 20402 13176 5 
22665 14936 21161 5 
2712 
20044 8661 7850 8632 7509 15554 5 
26 10907 26 20 
21 30 15005 7850 7850 13640 4 
7850 28 15678 26 17446 7850 4591 5 21 
26 10907 23 20 
6670 15678 20207 7127 20 
8916 7509 4672 18498 16404 22305 9901 7730 2288 16404 31 18498 7148 6103 9193 8995 5 
21 11617 26 31 9783 5 
26 26 11617 26 21776 26 31 26 26 5 21 
21793 12960 17629 21596 22463 22861 18772 1920 5 27 
6361 14466 6103 29 20209 17872 9901 17989 5 12861 20539 20402 26 18498 20149 17805 20 
21 14425 26 7509 28 28 30 4 23029 26 6318 6408 7509 19522 5 21 
26 28 20 
15658 7102 21752 31 15955 6103 6717 7509 28 5 5 9193 14335 7451 15423 5 27 
1276 6103 15036 9193 1540 21787 12861 20 
21596 10802 7932 7509 2605 6103 8806 5 
18498 22915 20 
28 29 20 
10753 
654 20539 28 20402 23579 5 
15658 430 21596 17542 7730 22591 7509 12939 3170 5 
20126 7509 4561 7803 5 
21596 18498 19900 13471 5 
21 3923 6696 2647 6103 10366 7509 15200 7730 15658 20670 22378 20670 22378 5 11518 6103 17438 31 3393 7850 13727 7730 15678 18376 7850 4387 4 15138 4099 17872 10648 18475 4672 6103 15669 15291 5 21 
21 26 26 4 15678 28 5 21 
21 8956 21743 6103 15286 20402 22385 18705 4 18498 15658 20149 21596 31 15955 6103 7340 14539 20149 15658 20402 22385 3058 18481 20402 5 21 
15658 9743 31 14465 11644 20149 13055 17525 12861 1276 5 
21 21 21 20402 17458 23135 14018 4 18498 31 23488 20149 7883 4 7730 7850 951 5284 15678 20463 15503 0 
22463 16706 20402 20931 15005 4 7730 879 16468 31 15533 7 22463 8619 19734 20402 31 20931 28 5 6103 13761 19969 7847 7914 3348 6103 892 7 6103 13667 15678 20463 15860 15678 22805 5 20463 9948 2685 20044 4 7730 4 15894 11284 15036 4 879 7847 8995 21 21 5 28 29 6 29 21 
28 
8720 23206 22898 8956 12482 7730 15424 19900 18498 7847 20402 7847 5 
17958 8969 20 
26 20023 26 22805 28 28 
20023 26 6 
21 21 21 18470 15678 20191 7509 9801 0 7251 4 17304 16066 9624 0 9193 8637 15678 7251 4 17324 20149 23135 21596 15678 21036 4 17304 4913 17304 7730 9624 5 6981 14031 23135 21596 22327 7730 9901 9808 5 
9801 20402 20402 9632 17438 20931 3726 9983 6103 20112 21793 21743 6103 9334 5 5 5 21 21 28 28 28 21 
18498 9620 7509 18498 9743 5 27 
8956 4672 15643 349 7914 28 6 23135 
14335 13325 7509 22615 20402 26 
26 7850 26 5 26 4796 26 7850 26 5 
26 26 26 26 26 26 5 
8956 20402 31 7447 7850 4526 5 6406 5 27 5 

