17872 18525 21596 17438 1614 7850 9971 6103 20247 20 
4785 6073 31 17556 7730 20402 6103 11115 20 
873 17438 26 1233 0 20 
23016 6103 22699 5 5 5 
16852 5 5 5 
21 12780 21582 8386 15678 16354 20 
21 30 7127 22805 17438 1614 4 15658 13325 6103 18525 4 7914 14336 31 8956 8483 6103 18553 17380 4 22463 18548 18498 21371 21596 6 
21 21 6670 18476 15936 16468 31 20402 13909 11861 7509 18498 5179 0 21 21 
9901 1614 9193 5422 20 21 
2154 6 
21 18525 21596 6103 2979 7850 28 11462 13761 16673 29 8406 1614 6 
12780 21596 28 1393 23104 20 7 21 
7957 23123 20 
21 7730 2371 10765 20 0 15576 23222 16468 7850 21613 9692 7509 9872 30 4 9901 8406 15678 29 20229 6103 29 4904 654 15458 23575 9169 8995 31 30 7509 13058 17431 4 10959 6103 16630 13909 22463 22897 15678 1506 6103 23135 17872 18498 26 22463 26 7850 15576 23222 7509 28 20 
3213 20 21 
6075 22463 26 13761 7850 28 17872 15671 16468 15458 9872 20 
15604 11054 20 20 20 
21 21776 13480 18498 23135 22385 17629 20 
28 28 28 28 19668 28 28 28 21 
201 6103 13359 9010 14307 7850 4044 13591 5 155 4044 
201 6103 13359 9010 14307 7850 4044 13591 5 155 4044 
21 17629 7509 753 6103 23135 20 20 
26 22463 15855 7850 11560 6 23273 5 11644 6103 10530 5 4766 5 3148 26 11644 5 30 
7730 9743 20463 3454 20 20 4181 18498 23135 12780 5947 7730 18481 13909 10765 14425 20 8443 4 17438 9721 4 8789 7730 15671 12780 5219 9743 15678 8927 18498 22385 7850 7850 26 20 7 21 
21 18498 31 10268 7509 14378 18498 21596 
15658 14335 11810 6103 22805 15678 18498 1267 
18498 31 15041 6103 22327 7914 18498 368 
15658 14335 21394 15678 16098 7730 31 2988 
17458 14561 6103 9193 20402 15678 18498 9193 11091 
31 16083 14561 20402 20537 
18498 31 15286 18498 16098 1393 13667 
20402 13512 740 18498 22225 
18498 31 15144 18498 1027 20402 17872 20293 28 
14539 18498 7396 
17324 14561 6103 9193 20402 16440 
31 16083 14561 20402 20126 
18498 31 16192 18498 9605 
15658 20402 16098 4796 17617 15424 19335 4766 9860 
1453 19456 4796 31 23577 4672 
18498 19509 31 22463 11474 12693 6103 20352 
17324 14561 6103 9193 20402 15678 18498 16098 
31 16083 14561 20402 15678 18498 3532 
18498 31 9193 23167 6103 12780 7957 
20149 22020 7850 3558 7730 7850 16580 18498 14514 
18498 31 21579 18498 14335 5608 17438 6389 
20402 22463 7127 18937 
17458 14561 6103 9193 20402 15678 18498 16721 
31 16083 14561 22463 23187 
18498 15678 14378 7509 20781 20149 538 
7730 15678 5492 4815 14539 20149 21858 1393 14466 21156 
18498 15678 8832 19089 14604 19800 15658 7623 20853 
18498 14335 13325 21596 6075 7850 12319 
17324 14561 6103 9193 20402 31 13324 7509 18498 20402 
31 16083 14561 15658 19900 
18498 15658 20402 17629 13909 7509 18498 22463 20558 835 
17872 14335 9743 1615 15678 8908 
7730 18498 15678 20463 20537 14335 9605 3450 22897 13909 
17324 14561 6103 9193 20402 150 
31 16083 14561 20402 3699 
18498 31 28 14335 1515 22463 19484 
14539 18498 7847 14539 15658 19900 
7730 18498 15502 31 21582 4894 
17324 20402 17629 20560 17872 9748 10089 
17324 14561 6103 9193 20402 17249 
31 16083 14561 20402 3718 
18498 31 9193 13690 20402 16793 
17324 14561 6103 9193 20402 1114 
7730 31 16083 14561 21371 21 
21 16404 15678 1095 4 16399 7730 5174 18498 8995 14335 16836 18475 20402 18498 9193 9743 4 13185 11462 15678 26 7509 11644 6103 10530 20 18498 21776 753 31 6728 20 
11644 6103 10530 20 
21 15678 1413 6103 6930 
22564 31 16192 16404 4897 14604 20537 5 
15658 10959 7509 16192 
9706 6103 12296 5 
6075 13909 19456 
1393 18498 23104 6103 2601 7850 4387 
21743 702 4 16633 4 20064 5 
8386 2727 15678 20870 7509 702 5 
6075 19456 1393 4672 6796 7730 1393 20402 6796 5 
17805 12421 13909 18498 2332 5 
17805 31 22767 
7509 21418 13909 18498 31 7509 15273 5 
21596 7914 9193 8956 2087 6103 15343 5 
9193 20402 1424 
16404 10959 6103 18363 5 
21596 189 6103 20402 9808 17438 12861 5 
14604 18582 20402 13905 7509 18498 15678 15190 5 
20402 22463 1413 6103 6930 6 
1027 15678 19517 4 
4796 31 3058 15049 5 
18533 18498 31 9193 23180 21596 22463 10216 6103 3702 5 
17458 9193 15658 20402 7509 28 6 
9193 20402 7509 12713 5 
21282 22564 31 16192 16404 4897 14604 20537 5 
28 6103 2606 
15678 15697 20402 6472 29 1097 5 3450 22463 21596 22463 17605 6103 29 11518 16404 17525 22463 17316 7914 20931 18191 13539 7509 21551 4 3962 5431 7102 17739 18525 6472 4766 22463 13591 6103 17316 5 8995 9790 28 20 
654 4 9743 28 4 28 4 28 4 28 7730 28 5 21 
21 21 21 20402 6035 4 1471 6103 22304 5 21 21 
6468 20 
22657 31 16689 21793 12738 20 
21 11560 6 23273 5 26 5 4766 
15138 10131 20 21 
5482 19611 871 4672 5 5 5 
21 26 26 20 
26 22 20539 10907 20 21 
18481 6103 14487 15458 22821 0 20 
15678 21364 18498 31 4672 21596 20 
2136 18498 8235 22463 20497 20 
18533 9431 5527 1393 4102 5 5 5 
21 18533 16066 15658 18533 
21623 15678 3885 5 5 5 21 
21 9620 5320 18498 4253 7850 17608 21371 11300 4 28 0 20 19703 21 
21 21 21 6103 23151 17872 9193 21631 20 21 21 21 
23 20 0 
9365 20 0 
21 28 28 4 28 28 
26 288 18498 16633 2725 26 21095 12861 20 0 21 
21 11560 6 29 5 4766 10586 29 0 26 28 5 20539 
7730 2371 28 28 4 21596 31 14996 6103 9743 12861 7850 17356 0 20 21 
21 28 4 17884 0 19703 21 
21 11560 6 2951 5 28 5 4766 5 3148 28 19193 17958 6110 7859 7850 22575 
8995 21752 13060 9193 3790 15658 20402 0 20 21 
288 19922 9193 13325 6103 23135 28 28 20 19703 
21 18525 18498 17525 8956 17461 20 0 
21 11560 6 23273 5 28 5 4766 26 0 22615 7730 26 26 
23575 20 21 

22463 7509 18498 9193 13909 10959 20 
28 9743 26 15291 20 
26 26 20 
21 31 23175 12780 21282 2136 29 20 
753 13761 20 21 
21 1393 7127 7509 15311 6 
21 9193 23174 7850 2510 28 4 23174 23135 21371 7850 20931 9726 5 5037 6103 2510 4587 20931 2510 8406 31 13905 20 
21 11560 6 23273 5 26 5 4766 5 3148 2510 5 28 0 2367 7055 2510 29 29 29 29 29 29 29 29 29 
28 28 28 26 15460 28 28 21 
15783 20 
21 9193 9594 17872 873 20670 8956 3621 4 9193 654 15658 13325 18525 20 
6103 18475 10211 8995 2371 6 21 
21 16611 20 
21 6663 26 20 
21 21 21 28 26 26 26 4 16891 18498 28 21 21 
21 21 21 5 5 5 7730 7850 15554 31 17316 5 21 21 21 
26 0 20 0 20 
20402 5371 16066 31 9721 0 8995 7914 7728 5 5 5 
21 14539 4766 22463 13405 2087 5 5 5 22657 17286 20 
23135 20007 31 15533 20 
17556 8386 20 5 5 5 21 

