21 15678 18498 9193 21596 17872 16784 4 9193 13055 16784 20 20 20 21 
21 20149 14604 6679 17304 20149 21858 18772 4 26 8995 1614 4815 654 20 20 20 6 21 
9634 31 10765 15658 8637 20 20 20 
21 1920 20402 31 22942 4 6073 31 17556 31 18352 23029 4 15678 4156 15128 4 15619 22800 4 15604 3232 4 15619 28 4 15619 14140 5 21 
21 1575 15678 21551 4 17324 4289 15678 7127 7914 18498 20931 13905 19695 20402 31 13324 20 20 
3058 7127 20 20 20 21 
21 15658 22318 6679 15678 13923 4 22318 6679 1453 1616 18498 26 14514 5 7 21 
21 20126 6103 22463 2698 
13324 6103 22463 1341 1114 5 6 21 
16440 20149 7451 4766 15678 10533 8270 20 20 20 18498 28 14335 18044 20 20 20 
21 20149 22463 7127 31 18736 22318 16630 16404 6820 7730 15678 5528 22318 14018 13749 5 13749 4 17324 15658 20402 31 18736 18498 2647 16404 23135 23104 5 21 
7850 8840 
21 15658 3213 4 15658 7319 4 16971 12711 26 6448 4766 22463 20853 20 20 21 
21 18525 14335 22805 4 14335 22805 20852 7730 12780 20402 20293 1920 20 20 20 7 21 
21 9431 31 8003 6103 20402 16223 4 31 22463 16223 4 20402 21916 6879 5 7730 31 18525 15658 20402 16223 5 5 5 20402 20559 11875 20 20 20 8 29 8 29 8 29 21 
9193 368 20 20 20 20 
21 15658 10959 6103 9594 15678 15081 6103 9193 8995 3183 4766 22463 16971 4 20149 7847 15658 8386 31 18191 2053 4 15658 12780 8386 14604 15083 15643 5 21 
21 15658 11091 5371 15678 6996 4 22327 21596 22463 17807 4 22327 21596 22463 18020 4 22463 21551 5 11462 23135 1453 1484 4 9193 1022 1547 15678 8855 5 21 
21 15643 20402 21409 16404 18931 6103 15604 5 3510 9743 16440 7509 22942 4 9193 20402 23135 18525 6146 20149 9901 7850 4387 16066 15658 5 21 
22385 11861 18481 8637 15678 3610 20402 8637 4766 18525 20202 5 
16440 12960 3031 6 3962 23274 20788 5 5 5 20149 7451 22463 17556 20 20 20 
22821 6 
15658 368 6 22 6 22 6 22 
21 18525 8678 31 11454 7509 20931 22942 20402 26 4 15658 6256 15502 21810 6152 17438 26 20 20 20 21 
15678 18498 28 18533 17872 9193 5 9193 18533 20 20 20 
9193 20869 20 20 
21 9193 21582 20402 3058 15678 21036 4 13909 9604 20 20 21 
5 5 5 
21 12780 6361 22463 17556 4 13909 4766 10547 7914 28 9193 12780 5219 20 20 20 21 
16721 18498 20402 6361 22463 17556 13909 20 20 20 
20402 3790 6103 16553 7730 9743 22327 6103 15604 20 20 8 29 
21 10959 6103 9743 31 16971 9808 4 14539 18476 9193 8995 22223 20 20 20 21 
27 28 28 28 
20402 23575 15955 5 5 5 21282 18476 15392 20 20 20 
21 18784 6103 22463 21551 5980 4 22327 15128 20 20 20 21 
21 21389 20853 17438 2371 4 23135 18533 15678 14604 5 5 5 
21389 15855 14335 15855 7730 9193 18533 15678 20463 20 20 20 29 8 29 
28 28 21 
21 1114 5 5 5 21282 18533 18498 26 19900 6103 22463 4672 5 5 5 8956 29 15266 20402 15678 13909 9808 7509 9193 22942 5 5 5 13325 7509 15576 17819 2700 5 5 5 7509 4785 7509 15576 15311 5 5 5 7730 7509 9193 3209 17438 2976 5 5 5 9193 8995 15138 9808 7509 20463 13131 7730 18533 18498 26 5360 14335 9743 9808 5 5 5 20402 8956 16971 14149 18498 26 20402 5 5 5 18476 9193 16367 17872 16721 5 5 5 9193 22805 18498 9193 21596 20855 6103 5174 26 5 5 5 17324 26 15128 31 9193 22942 7730 20402 15138 11043 17438 12861 5 5 5 14604 2689 5 5 5 21282 18533 22318 22805 20852 1393 14604 13131 7730 15658 18533 14335 20369 6103 26 17438 15299 5 5 5 13055 15658 19900 11731 31 9193 22942 20244 26 5 5 5 15658 14335 22805 20244 26 17872 14335 9743 4842 7730 14335 6075 10268 18476 9193 17629 5 5 5 
22327 18498 31 10765 23104 13030 5 5 5 9193 12894 12780 8918 5 5 5 11462 9193 16765 18498 15678 15576 1114 20402 17872 22657 7730 18498 26 20402 15138 11861 7850 9193 22942 5 5 5 991 6103 20402 9193 15311 5 5 5 26 20402 31 9193 14425 1095 5 5 5 9193 4841 5 5 5 9193 28 5 5 5 9193 22942 5 5 5 9193 22318 18533 11462 5 5 5 1022 5 5 5 7730 20293 5 5 5 9193 15658 14335 11731 13667 6103 26 5 5 5 26 14335 9743 9808 7730 18533 18498 20402 1920 2136 15678 9971 5 5 5 1114 5 5 5 17438 13909 18498 9193 8678 22463 21684 11020 16066 22463 21684 16753 12861 15658 12780 15128 15678 14604 1114 17438 26 5 5 5 17324 15424 21793 16192 7509 15190 20402 3735 6103 6650 15678 21364 7509 14604 1114 17438 22318 5 5 5 9193 22318 1027 15138 14604 1114 5 5 5 7730 18533 18498 31 9193 9801 20402 9172 5 5 5 8 29 8 29 8 29 8 29 8 29 
22318 1027 9193 22942 20 20 20 20 
28 28 21 
31 16971 18498 9193 8637 5 5 5 20402 31 16971 13909 13512 6981 15190 20 20 20 7730 18498 6256 15678 14604 15190 13909 3086 21371 20 20 20 28 28 5 5 5 16816 5 5 5 4886 5 5 5 14149 5 5 5 9170 5 5 5 
21 21 21 9193 12551 20402 8125 15678 28 4766 21083 11341 17872 18506 31 20118 6103 11729 7730 26 15403 5 20149 5947 8956 26 4 9193 8637 22463 21083 11341 17872 23135 5 21 21 21 
20402 0 0 0 0 
21 873 12145 22463 13727 17872 12960 3031 0 
17629 15061 9193 11213 20 20 20 27 21 
21 15658 19900 15658 11300 27 5 5 5 
15678 18498 26 288 1114 28 28 0 0 0 21 
21 19990 29 
23554 28 4 16098 15678 14604 11091 4 2032 1393 9193 17617 20 
6670 15678 5117 7509 21631 9193 22318 12749 6103 5528 61 5 7880 20670 31 28 20 5062 20 
17458 22318 20402 15678 14604 19121 4 9193 21886 10259 7148 7509 12353 5 
12780 11219 16404 20293 7850 22318 21570 4 12780 151 7850 28 6103 22318 1868 5 
17458 22318 4 23554 28 4 16098 15678 14604 23176 4 7730 14335 6075 31 11326 7509 18498 21535 15678 21680 15540 5 
5 5 5 21 
21 9193 20402 26 4 21596 18498 20402 26 4 9193 21596 4181 7384 5 18498 16083 16971 17304 20402 3735 6103 21787 22385 10484 15678 14604 5528 1920 0 21282 26 5 15678 18498 26 21596 11300 0 20402 22463 1248 0 22463 17831 0 22463 21083 1095 0 31 9193 910 11203 0 288 18498 31 19484 20420 20539 16404 21793 31 16836 5 15708 9193 13512 4 9193 11335 4 14604 1114 4 15708 17438 14335 18009 21389 14924 15242 6103 835 4 1114 7730 17605 5 7730 20149 26 18533 19900 4 20357 18498 20402 26 7730 9193 2136 15678 9971 20 20 20 
22318 1027 15138 14604 1114 20 20 20 28 28 8 29 6 29 21 
21 1114 4 15678 21551 16468 22385 19871 18498 31 10765 15424 16765 4 15658 20402 14539 0 17324 18476 866 20402 3058 4 20293 20402 1920 14539 5 15678 15576 1114 20402 1920 4 21793 15678 14924 18498 8995 4766 26 4 15658 21596 22463 14924 20149 18533 18498 9193 9901 22223 4 17324 26 14335 22305 21282 9801 5 26 20402 31 14464 4179 17872 9193 4 21389 4672 13030 4 21389 16208 4 19703 4 2084 4 2781 4 20293 1502 22463 1393 16083 4 20293 8995 17737 5 20402 18494 11875 6650 15756 9193 20357 17438 26 4 17324 4766 16192 20402 11875 7491 5 5 5 9193 15658 4766 15678 10826 4 15678 15855 4 31 2053 5 5 5 21282 15658 20402 11875 4 17458 9193 19900 18498 26 14335 8386 4 7730 8386 15756 9193 20357 17438 26 5 26 19900 15138 2727 18498 9193 22318 1027 15138 7730 18498 26 20402 11861 17872 9193 4 9193 15658 19900 15678 18481 4 15424 11731 5 5 5 20402 11875 11731 1114 5 5 5 18498 20402 9172 8956 1114 14149 18498 26 14335 15812 4 8956 3870 18498 26 14335 18044 20 20 20 
8235 4 20402 26 18498 9193 18533 7850 9193 22942 20 20 20 19900 18498 15424 22327 20402 4796 18533 4 9193 17304 21596 4181 18498 26 20402 22327 18498 22463 7127 9193 20825 5 5 5 
11462 5 5 5 22310 15266 13030 20 20 20 13909 22463 16468 6075 7730 13909 22463 22897 9193 1614 17872 7491 5 5 5 9193 22318 1027 5 7730 18498 26 14335 5204 6670 15678 17819 12459 5 5 5 18498 28 5360 9193 78 7730 9193 9743 9808 3450 22897 13909 20 20 20 7730 18498 9193 22318 9743 3450 7127 13909 9808 4 1920 4796 26 14335 9743 20 20 20 
9193 22318 1027 15138 14604 9172 1114 20 20 20 8 29 6 29 8 29 21 
21 20402 6472 16673 28 28 28 18670 
19990 29 
28 20402 15576 19121 7730 9193 10268 4 6211 20293 846 9193 16850 5 
17438 12861 15658 21535 20149 31 21631 22619 4 20149 31 14981 20149 47 7850 20221 7509 14133 7 20149 31 702 7509 14133 9117 7730 9858 4 7730 17438 20931 10566 9098 15678 14984 5 
15678 6472 20402 5 5 5 8678 29 19990 7686 29 28 5 5 5 
6472 26 21 
21 27 5 5 5 5 3472 31 15616 28 28 4 7730 28 28 0 21 
21 9193 4672 16816 4 21282 18533 22318 13325 18498 21596 866 6389 6103 9193 18498 16933 31 22318 4 866 18498 21596 13033 15643 13909 8414 31 15502 4 13909 12861 20402 1276 6103 22318 5174 5 5 5 11462 17511 565 18498 7847 20402 21793 20463 5 5 5 7730 20149 11284 22463 15081 17872 18498 7847 2647 22385 10259 6670 18476 14335 13398 4 2136 14539 31 11518 6103 12780 6246 4 8956 15081 13405 20463 15540 20 20 20 
4796 9431 22327 15678 18498 26 5219 6933 7914 9193 20244 1393 14466 22463 21787 0 
4796 17304 14335 16468 21389 20214 20244 1393 14466 22463 15855 0 
4796 17304 14335 9743 20852 20244 1393 14466 7491 15299 0 
20402 15458 11518 7730 4766 8956 16836 18498 26 6592 18498 15658 11862 15678 21551 18498 7847 9387 4 15658 11862 4796 7847 4289 7914 22318 4 7847 20559 8995 2371 17872 20402 23104 4 17872 20402 20357 5 5 5 
11462 21596 31 13909 18328 4181 6103 18498 20402 26 14539 18525 9193 1027 4 18525 9193 17629 4 18525 9193 18533 16404 9743 7730 20402 9808 20 20 20 
9193 22318 1027 15138 9193 4672 13512 20 20 20 28 28 8 29 9 6 15678 21 
15533 1393 20463 13131 5 5 5 13909 18498 16816 20 20 20 8840 17438 13909 15533 4796 8956 5 5 5 22318 1027 9193 17831 5 5 5 8 29 28 28 
14604 11341 20 
23 15678 28 5219 16765 18498 8995 4290 5 5 5 27 
8995 13030 14604 28 5 5 20 
29 5 29 5 5 5 30 5 5 5 
20244 15299 17872 9743 5 5 5 6 5 5 5 
15906 20696 26 28 29 20402 15678 21680 18195 507 7850 21444 20 
873 2371 18498 21596 28 6679 8406 7914 22463 11111 7509 28 5 5 0 
1614 7847 28 3183 5 5 5 
12960 3031 7850 28 5 5 5 12960 13909 7509 18498 9193 5 5 5 
20202 15678 22798 5 5 5 7847 12780 17872 13131 5 5 5 9193 21371 12780 5 5 5 
21 28 28 3509 5 5 5 
28 28 5 5 5 28 28 5 5 5 28 28 5 5 5 28 28 5 5 5 28 28 5 5 5 28 28 5 5 5 21 
20402 15678 3625 20 9652 20 201 6103 10648 31 13480 7850 15906 20696 26 20 18498 14924 8852 20 
20149 1022 8995 15138 18527 18498 15424 11462 5 5 5 15678 8927 20402 13405 22463 22798 6103 3906 5 5 5 7 
201 6103 10648 31 21444 20 15678 410 8995 9471 5 
20244 15299 17872 9743 5 5 5 4122 3913 5 5 5 20402 15671 7509 13131 5 5 5 
17629 6103 873 5 5 5 6 5 5 5 
15906 20696 26 28 29 20402 15678 21680 18195 507 7850 21444 20 
21 17485 29 23274 29 28 
27 22 
8995 10131 5 5 5 21 
29 31 29 17872 17485 5371 15678 28 5 5 5 27 22 
28 28 27 22 
873 21596 28 16066 28 0 0 
21776 559 6103 12960 3031 5 5 5 
21282 5 5 5 6 22 
12780 12960 3031 5 5 5 11462 20402 22463 7127 6103 15138 10916 5 5 5 22463 7127 15138 11861 16404 21793 7509 9193 9634 5 5 5 17324 14604 16169 5 5 5 28 28 28 5 5 5 8995 9743 1247 5 5 5 21793 15678 10916 20402 6184 31 26 5 5 5 
873 21596 5 5 5 28 16066 28 0 0 
6 
27 22 
28 26 5 5 5 27 22 
10041 20 9743 22463 9324 15422 7850 13566 6103 22011 7730 434 22463 15604 12959 1393 14604 17241 5 
10041 20 9743 22463 9324 15422 7850 13566 6103 22011 7730 434 22463 15604 12959 1393 14604 17241 5 
21 22942 18498 20202 5 5 5 23104 22463 7127 6103 3450 22897 5 5 5 17229 15678 10530 5 5 5 11617 15658 9743 4766 18498 23104 7847 5 5 5 
31 16440 6103 11462 8840 21596 26 1393 14604 13131 17872 22327 28 28 5 5 5 21 
288 18498 26 15643 14335 1027 5 5 5 7730 8840 22463 8561 14604 17872 21623 22327 15756 17229 5 5 5 
10041 20 9743 22463 9324 15422 7850 13566 6103 22011 7730 434 22463 15604 12959 1393 14604 17241 5 

