21 16323 15253 13512 28 28 5 
18498 28 5360 7850 78 4 11710 7730 7850 6075 10268 16404 13398 7730 13749 5 
15144 11156 18498 9193 1027 5 
18498 28 14335 16878 7850 21596 17438 15138 7730 15138 7730 15138 7730 15138 1249 4 14539 18498 20402 11091 4 1663 4 7850 1027 7509 14539 12939 5 7730 308 6103 22327 9193 28 7509 20463 12939 5875 7730 3872 5 
21 12780 16066 7957 0 
757 31 9743 15678 15576 19547 6103 12128 5 
9743 20463 21726 4 22126 20931 21842 7730 12780 31 28 5 
18498 28 9193 11165 21 
27 
21 28 22840 
17653 28 
23118 28 
22830 7614 28 
20402 29 21 
12780 4809 15678 15102 
11462 21596 29 
21 11462 21596 15102 
19843 21 
3702 4766 15678 5528 5 5 5 13512 
21 12861 20402 10752 27 
12780 0 
21 21 21 8147 15678 18498 21389 3348 
13441 7730 20214 4 1114 18498 15643 16468 21 21 
12780 0 21 
12780 5 5 5 
21 8840 7730 5108 4 17324 14539 20149 31 10547 20402 16753 4 14668 349 5 21 
21 20402 12861 14539 5 31 22989 4 31 17022 21282 8452 740 13909 31 910 5 21 
21 13324 3058 5 15678 21551 17304 2136 21596 13405 871 4 9193 15643 13405 7509 15576 5528 31 11868 6103 3450 22463 5 21 
27 15855 28 28 
4672 13909 13512 
28 28 
21 21 21 18476 9193 288 18498 9193 15658 17511 7730 31 9193 10268 201 21222 5 21 21 21 
27 
16689 18498 2136 871 5758 8995 20402 12287 16673 17635 6103 871 498 20244 15623 5 
7127 7509 15253 
7491 31 10083 16404 15678 16753 18165 6 20402 17629 18498 9193 21154 7558 16066 22310 13207 20149 18533 5174 31 3099 5 
10547 
27 
16721 15637 3080 4265 18498 9193 1027 5 
13089 
21 29 5 29 14604 15416 4273 8 29 
21 21 7730 7850 10484 21793 15190 8840 22463 1114 18498 23016 17872 20803 5 5 5 17872 4886 21 21 21 
20402 28 
21 15855 28 28 7730 28 28 5 
18498 13512 20 20 21 
21 21 21 13695 1393 20304 4 17458 7847 20402 3058 4 17458 31 20931 2756 7687 16404 20293 5 5 5 5 
15678 20304 8995 4815 7 15658 21535 15678 18498 14335 17304 9743 15678 11474 5 
15678 20304 8995 4815 8406 1612 18498 14335 753 7 17438 12861 22805 5913 15678 14604 6679 20670 15678 18498 14335 15790 5 
20402 14425 5108 7850 20304 7509 18498 5108 7850 11474 5 21 21 
30 29 21 
21 21 21 17458 21596 14378 
20149 15299 20402 11875 16404 22318 21 21 21 
28 
21752 15678 15209 7509 22805 7730 28 27 
3960 28 7730 28 5 
21 21 21 20402 18525 17304 20402 
20826 18498 17304 21596 21 21 21 
28 28 17629 6103 22463 6981 27 
21 20149 4 17324 4 28 7730 20931 15253 20060 15658 18988 20738 17438 15576 1114 16689 22385 2115 4 7686 31 22942 21793 4 15658 20402 13043 18498 9193 18519 7914 15576 16753 16144 5 21 
21 7127 29 29 
8995 21987 8995 9728 
23016 18498 23016 4766 22327 21 
4273 
30 
7127 7509 15253 
7127 7509 15253 
21 21 21 7730 9193 12780 22318 352 4 2727 6103 13860 
23135 12780 14335 1027 14539 1920 
15678 14604 17819 16468 4 12780 20402 7850 20463 134 
14335 20215 18476 9193 3510 
7730 7850 9975 7509 7127 20402 21282 31 22318 23180 
18498 12780 17304 14335 9743 7599 21 21 
1114 18498 15658 20149 14370 8 29 
22318 1027 15253 13512 5 21 
20402 14464 27 
3960 6103 28 13512 5 5 5 
21 15658 3697 6103 1937 5 
15643 7102 13010 22385 4099 5 21 
28 15460 
21 28 4 16323 12787 13512 5 
18498 28 11710 7730 5064 21793 21680 28 5 
9801 4 16580 4 1114 4 10547 7730 15138 4672 3058 5 
22318 1027 21 
21 17511 5099 4 21 21 15678 13905 18164 4 28 14335 6075 5 5 5 21 21 21 
21 14604 1114 4273 5 5 5 16323 
18498 28 15678 78 20293 13909 4 18498 7847 6439 22463 4380 6103 3369 7850 20931 22942 7730 18498 16468 31 10366 6103 21793 20931 13749 7730 5204 5 
8995 9808 7730 7850 16318 4 14539 18498 23135 15658 10959 15138 4 17324 3450 1249 18498 20149 23104 14514 20402 4788 7914 14336 31 22225 4 835 4 23091 7730 2136 14539 6446 4 23135 22773 7730 5360 10010 16404 20202 13749 5 21 
1247 7509 2434 13512 5 5 5 
21 21 21 4766 31 3393 8546 7730 14096 31 10547 7914 28 5 5 5 
17304 14335 21752 22327 18498 21596 
21282 15658 17304 14335 21752 31 4672 3058 18498 9193 13055 9743 
17872 18525 9193 1027 
7730 9193 20402 9808 7730 3702 7730 15678 22520 20402 22463 3718 7730 
9193 12780 18498 12780 
11454 4 9193 11454 
28 6103 13749 4 28 6103 10901 21 21 
18498 28 9193 6075 20293 10268 16404 6075 15678 15576 14425 4 15325 18498 8637 16404 9743 16673 19509 7509 9193 22942 5 
18498 22463 20853 4 22463 5220 4 22463 134 4 22463 16192 6103 15082 7730 2136 14539 22463 21 21 3953 21 21 4 15643 9193 9620 16404 753 15576 16126 5 
2011 20293 4796 15671 10959 6103 20402 2021 4 14539 18498 17438 22898 15678 15576 11570 12430 7914 9604 15510 4 17438 20644 18498 8241 7914 15576 5662 5 
18498 15671 17511 20559 662 31 28 17438 13909 22463 7127 4 22463 7127 6103 13749 4 18498 14539 18498 15658 21596 20402 22463 7127 6103 10901 4 20402 22463 7127 6103 28 5 21 
13909 22463 15266 6103 4585 26 
21 16404 18525 21596 10547 
15678 11875 20402 21282 18553 6103 15936 5 21 
21 4385 7509 28 5 5 5 5 22327 13512 5 
23135 14514 22327 12861 7730 15138 13909 28 5 
18498 16292 7509 6014 11710 8956 13512 3960 5 
16323 5 5 
8995 4289 15678 7127 30 21 
17458 21793 7127 20402 7127 6103 662 31 28 16673 20558 9707 6103 8995 23104 7730 17438 15643 9193 51 5 
21 7847 20559 6075 31 22942 17438 15671 21793 7127 4 14539 7914 14336 31 21793 15576 16605 5 
15708 20304 20 
16630 13512 21 
15708 14604 28 20 
5947 21083 10138 5 
22821 
21 27 28 28 4 28 28 4 28 28 21 
21 21932 7730 9743 15678 16126 10665 27 
16040 26 21 
9431 14425 7509 18498 9193 5 5 5 
21 21 21 14668 349 18476 31 10765 12780 1393 13749 21 21 21 
21 7914 28 4 28 4 31 4163 6103 29 18570 6103 28 5 
10447 7509 23469 5 5 5 21 
21 11561 6 23273 5 28 5 4766 26 0 22615 30 26 30 
26 8 29 21 
21 11561 6 23273 5 28 5 4766 26 0 22615 30 26 30 
26 8 29 21 
21 21 21 21596 19703 18498 16393 4346 
21596 4346 18498 20402 17438 835 21596 7127 18498 16393 15533 
7730 31 22225 16393 17316 21 21 21 
4672 13909 28 
2336 
20402 23570 5 
22463 3058 10289 7730 22463 13512 3959 18498 9193 1027 5 5 5 3962 2727 27 
21 16323 14615 5 5 5 2921 1664 4 4841 7730 1095 16404 21793 31 11518 5 
18498 28 5360 11710 20463 3610 7730 7850 753 31 5204 3179 21793 20463 15699 5 
15138 16580 4 20127 4 1114 4 10547 7730 9801 5 
134 5 5 5 21 
21 835 18498 16866 
30 21 
21 19547 19698 21738 5 5 5 
825 
15138 3058 8995 4766 23135 21 
21 16169 13512 5 5 5 
16323 17438 13909 22463 17815 4 14604 22765 28 5 
18498 15678 20304 17511 22318 78 3450 7127 13909 7730 19295 20931 10268 16404 22327 8241 6103 3393 8546 5 
18498 15678 20304 22318 5235 1920 22463 11474 6103 3058 5528 4 1664 18498 9193 1027 5 
134 5 
9801 20 20 20 21 
21 21 21 6103 21793 15678 13688 7509 15190 
9193 18533 23135 21 21 21 

21 21 21 5876 6103 18525 5590 7509 20463 13131 7730 18525 22318 18533 2727 5 5 5 
8956 20402 31 4672 13909 18328 21 21 
30 5 29 
21 21 21 5876 6103 18525 5590 7509 21680 13131 7730 18525 22318 18533 2727 5 5 5 
8956 20402 31 4672 13909 18328 21 21 
30 5 29 
4672 13512 27 
21 21 21 6256 9193 22805 20149 9193 8386 
9193 15344 6103 23135 
21596 20044 20463 7914 9193 
22130 6103 14792 14335 340 2136 15678 9971 
9193 21282 18533 19900 15678 18498 9193 9743 
22318 11066 15658 21596 9971 21 21 21 
26 6103 28 13512 5 5 5 
28 28 
5764 7730 7451 27 
21 27 10138 5 5 5 
21 16056 6103 13520 
14604 1115 21 
21 13512 
28 28 
21 21 21 733 4 18494 15502 22805 
18481 13909 15678 21551 16468 13909 2156 31 11066 7914 22318 22805 4 24 
733 4 7730 19969 20244 9193 7491 21596 13909 7509 18498 22318 15061 
15658 8644 18481 10959 6103 23135 4 24 5 21 21 21 
27 
13512 5 5 5 
20497 5 5 5 
21 12296 7509 14797 6103 29 15266 6103 9602 7509 14604 2336 4 28 28 4 18498 20402 18779 7850 7127 29 29 29 4 7850 11685 9193 20304 7509 28 4 1393 29 11518 5 21 
17563 13512 7509 14604 3960 28 7730 28 
21 21 21 20402 4766 23135 18498 9193 17304 22805 4 
18498 28 15658 18533 15502 21282 21 21 21 
27 
21 21 21 15678 18498 23135 21596 6103 7174 4 20402 15678 18498 23135 21596 6103 13909 3086 21 21 21 
15855 28 28 7730 28 28 5 5 5 5876 27 
15416 14604 5 5 5 
9808 28 5 5 5 6 26 26 29 
14604 1115 5 5 5 
9010 20402 31 9193 19576 6103 29 5 22805 31 20931 7914 28 5 4766 26 5 
15036 27 
21 20247 21 21 22337 6103 3058 21 21 5 21 
7730 1021 3219 13909 10259 5 5 5 
28 28 27 
21 21 21 16098 4 23554 28 4 15678 14604 4511 4 31 9193 15965 
9193 910 1267 7914 21680 3192 20149 51 21 21 21 
1027 5 5 5 
21 21 21 15658 19900 17458 23135 20149 20402 21 21 
19900 18498 23135 8995 13026 31 28 4 9193 7545 15658 21596 14335 6917 6103 23135 5 18525 7491 18498 23135 16440 22385 19871 7730 6103 22463 14881 22385 12233 5 
11462 23135 9743 13909 22463 1239 4 13512 11156 21491 4 18498 14539 20244 10268 13749 16404 9901 6103 18376 5 
1114 18498 15658 20149 14370 4 16404 20293 9901 11139 15678 21680 5876 16404 4766 3450 22463 6103 15671 4 15678 21680 3870 14336 18498 20244 12939 1393 9193 6075 22463 14331 4 22463 4629 4 18498 20420 20931 9193 18498 23135 9193 6075 4796 10211 6103 6355 20463 1114 21 
21 7730 18498 2050 31 17819 16633 18525 15643 8561 4 18525 15643 13010 4 16066 18498 15643 18910 7509 11429 20402 7850 10484 4 22463 11443 5 18498 28 9193 753 31 7295 7850 14924 6103 18655 7730 18498 20931 14792 9193 328 4 14539 18498 15658 20402 14513 5 21 
21 21 21 30 14335 22318 11066 16404 18498 9193 17511 16916 5 5 5 21 21 21 
21 21 21 15424 31 7419 4 31 9078 
17304 9193 20369 
17324 15678 3610 18498 20402 9172 
12780 22202 5 5 5 21 21 21 
21 9901 16404 20293 11139 7914 14604 5528 5 
969 13512 
30 29 5 29 
28 6663 4 11592 18498 12780 9743 15138 9620 5 26 26 21 
21 662 6103 5528 31 21793 18498 9743 15678 14604 7127 13909 9808 18533 20402 4766 14469 4 18533 20402 4766 136 6103 9803 5 18498 28 78 11756 3450 22463 5 
15708 4672 3058 7730 9634 16673 21189 5 
15253 4 16169 4 28 4 26 7730 28 20402 16404 21596 19969 7850 10273 5 26 26 21 

