21 15941 6103 26 13761 7850 26 28 4 17872 10606 6103 450 6103 8057 4 4962 4 5305 4 6788 11114 4 7277 4 7766 4 28 4 28 4 18265 16066 21480 5 
6 6103 21 
15658 6075 17872 1027 13909 9620 15678 14618 21371 23016 3962 15604 
21 19900 17950 0 14076 6103 26 26 26 0 23016 9193 753 20402 22463 31 26 16404 31 14464 18498 16429 7509 26 26 20879 29 20 
20402 21282 17649 8956 10232 19871 6 
21 21 21 15678 26 26 15658 20402 21282 20670 17951 4 20402 20670 21858 11644 7914 18774 5 31 9845 18498 20402 22564 17872 9743 31 28 8995 28 22897 13909 280 4 7730 23135 21371 17304 1540 4796 22590 5 
26 26 20402 22463 15989 15187 20244 9971 13720 4 4766 15678 15697 6103 1547 15678 15190 7509 21480 31 14464 7730 15144 6103 21793 31 11636 4 7730 21793 15678 15669 6103 9422 5 
7686 15678 23269 4 15671 12783 5284 22463 1489 4 1547 26 26 7730 9743 9370 5 
10232 6103 12408 6 11561 6 26 5 26 5 4766 21776 30 29 29 
740 8995 17714 15678 26 7730 31 17951 5 5947 31 18352 17872 19900 7509 15616 20 21 21 21 
17629 6981 26 6 20539 
21 23 
18525 12780 4815 0 0 30 
30 23135 12780 9743 7576 28 4 28 4 3364 0 0 
21 24 20 18983 14604 15677 7509 28 6 6103 
10131 20402 31 11154 7850 15834 5 5 5 9193 26 21 
21 12960 15678 468 7850 3459 4 13055 14810 22327 4766 15678 16083 17689 7730 6256 22327 15190 1497 13761 17872 20293 4 17458 8956 15422 6103 18984 15424 9387 14539 5 5 5 21282 8956 28 17872 12739 20 
4419 6103 2727 26 
14425 16440 6 21 21 15678 17960 6103 13301 18006 11284 18494 7558 7707 2116 15658 20402 16404 31 10366 7850 4821 4 22463 22897 18498 31 7804 16958 6329 16404 15678 4656 18449 5 21 21 
8840 15678 7127 18498 20149 16765 18498 7804 15643 20402 3790 6329 4 12149 6103 17872 18525 20402 5 5 5 21 
21 26 10606 4 8995 20244 26 6103 15604 6 
12780 21582 18983 15678 15677 4 9193 30 4672 17438 8329 15658 8386 20149 9193 13480 7730 15424 9605 4815 7850 28 4 26 11943 3962 5 5 5 5 21 
21 15138 12577 17872 10606 18498 8995 4766 26 7730 11644 13284 20 20 
21 21 31 12346 3348 9045 26 7201 7850 16587 4 1133 20931 19235 10883 7730 15678 20463 17542 6103 14935 7850 28 17257 5 
31 8525 20229 20402 20967 31 22463 22136 18498 5320 4766 8812 7509 28 7850 23498 6103 6731 4 6788 6103 9422 7509 22588 4 14860 6103 15422 7730 20794 6103 26 7730 26 5 21 21 21 
26 26 28 5 4766 26 
21 1393 26 1393 13098 22 26 28 20 
26 20149 26 1393 28 30 21 
21 288 18498 9193 15658 20402 4793 15299 20670 12861 9193 4 3472 15678 17563 7509 3009 1393 3129 654 0 20 21 
21 21 21 9130 21 21 7766 30 21 
21 2154 6243 6103 22996 20 26 30 18498 30 26 30 20 
28 4 28 4 28 7730 31 18525 13909 12578 5 5 5 30 21 
21 28 28 7730 28 4646 
15855 2371 23554 4 30 15678 16589 17629 20 21 
21 21 21 5 5 5 560 4 31 19478 6103 5762 9943 20402 7459 11690 4 1920 4796 15678 21932 7583 5 11474 5876 7509 9943 4 13501 4 5695 4 16468 19830 7730 15299 7384 20402 15081 16404 7903 7850 7128 20402 20559 15678 15558 5 21 21 21 
21 21 21 26 10662 1393 30 
20500 22318 28 
10662 1393 30 
20500 30 26 
10662 1393 26 4 10662 1393 30 4 10662 1393 26 
9503 18277 26 26 30 5 5 5 21 21 
27 
26 28 22 20539 26 26 26 20 
21 873 6103 23135 1614 6103 20879 10959 6103 28 0 0 17908 4842 30 
21 15458 11518 9193 14335 20357 7850 13591 29 7914 18498 31 12301 20402 14065 20244 15425 8744 7730 31 10765 5298 368 9919 7914 22327 18498 7491 4 20244 15425 18548 5 5 5 
21 21 15678 17819 29 13090 7509 4413 19698 17090 4 11978 7914 9883 6103 29 4 5960 18610 29 5 29 17438 13090 4 5252 2620 6103 18859 1865 6103 22463 17171 6103 20446 18498 13055 9387 21 21 
21 21 5 5 5 9193 20402 31 4413 18498 20402 11978 17438 28 20434 4 8443 7957 13761 5402 21238 4 15061 4796 4413 14860 5 21 21 
21 21 15678 5960 7509 4413 7509 2301 16559 20402 951 17458 4 4796 7850 3962 7509 9743 28 4 15658 20402 21282 31 4413 18498 8995 20402 11837 5 11284 12641 4796 31 19097 7509 3585 7850 28 6103 3630 7730 31 16464 6103 9897 23569 16673 20984 7509 3706 4141 18498 4 17438 20577 4 8995 20402 21916 18956 5 20402 13043 4730 15678 22665 21911 7509 15704 15458 5320 4 17872 20954 1920 8956 15260 0 21 21 
8628 13909 17256 6 
21 7850 7914 14703 31 16971 18549 31 14370 21810 4 1614 7914 20879 21596 10765 18498 740 15416 31 5782 11609 5 5 5 8329 12861 15678 20015 7509 28 20954 5 21 
21 21 21 20402 26 26 4 26 4 26 4 26 26 1631 26 26 26 26 26 26 26 5 26 26 26 4 26 26 26 26 20497 26 26 26 26 26 26 26 26 5 21 
21 28 4 21758 4 28 4 20434 7730 28 20 8995 4179 20402 28 5 5 5 
9193 7102 21596 9901 7850 28 14539 20 21 
21 23135 22 30 26 16312 13098 22 26 6 
1393 26 28 21 
26 22 20539 26 26 26 20 20 30 
21 26 6103 22 26 30 8 29 28 30 8 29 20 20 
20207 14425 8632 6103 8270 7509 28 6 28 30 8 29 20 21 
6103 
21 4766 4181 871 7127 7509 9193 22942 9193 12780 9743 12861 20 20 
12780 7850 28 17872 9901 7850 6717 17098 5 
14604 20825 6103 5298 30 21 
30 8 29 
3393 6103 21886 30 
30 
21 29 11518 7730 14336 6103 18069 6103 19415 20 6 20539 
9743 21551 18498 9193 15658 9743 22463 18069 1920 13669 7730 7188 20 21 
27 
21 20497 26 26 26 26 31 26 26 26 20 26 
21 
28 26 22 26 30 
9743 21551 18498 9193 15658 20357 22463 10405 7850 2601 1276 7509 4785 7509 2154 30 
21 26 4208 26 26 20 20 
15855 18498 2352 8956 26 20 20 21 
28 19854 18498 15658 14335 6256 9594 4766 31 16971 20 20 20 30 
28 19854 18498 15658 14335 6256 9594 4766 31 16971 20 20 20 30 
17583 30 
21 16323 16169 16673 20463 7127 8 29 
20244 23135 9193 15658 20420 31 16971 18498 9193 20402 11462 6103 
9808 7127 7509 16169 20 20 8 29 21 
30 
26 21793 15190 20 9193 8995 2727 20 4289 2727 1614 7850 28 7730 22327 13909 7 

17872 18498 9130 21932 20149 23135 17304 16647 15678 3610 13909 5947 0 20 
21 15678 17106 20402 22805 31 16971 18910 20670 31 10273 5 5 5 
20402 10544 18910 6103 866 18498 23135 15424 20149 6075 1393 21932 6103 5121 5 5 5 21 
21 23 20 

21 12780 4913 866 1920 17872 28 22564 18476 7847 5741 22463 17556 
28 28 7730 28 28 5 21 
21 26 26 6790 28 21886 26 26 26 22 20539 26 26 4 26 26 26 21776 26 26 26 26 26 4 26 26 26 26 21 
16689 18498 31 16971 5652 16721 20813 15423 14539 5 5 5 5 
16323 20 
21 3364 4 9193 9743 1614 23135 9743 2371 7730 31 10765 4843 18470 9901 13909 3086 20 21 
21 654 18498 9193 14335 6075 5320 18498 9193 12780 9901 22463 1249 20244 31 9193 9634 4 2647 22463 1789 6103 15658 21596 16468 2371 7509 23575 22897 
28 28 21 
29 5 29 
21 27 
28 2371 12780 9193 20 21 
9193 13637 23135 17304 9743 4796 21793 15190 7730 1751 871 6663 17872 13045 20463 8564 5 5 5 30 
24 
28 
12327 15658 20402 13909 18498 15713 20 
30 
21 21 21 18476 11284 22463 3614 16066 23572 21946 7090 4 15678 15092 15128 6103 17171 7730 22458 5 17477 4 2631 8386 18498 31 2824 21371 20402 22463 22899 4 5 5 5 21 21 21 
21 5 
15138 10131 20 20 21 
1427 8956 3790 17304 9743 15678 18498 18533 18498 15502 21752 7847 6097 5 5 5 
12368 20 20 
2037 17438 2087 7850 14594 5 5 5 3058 19900 20 
3472 31 10606 7509 7616 0 0 
21 27 
15138 3058 8956 23222 20 21 
27 3472 31 10606 18498 7491 18498 15658 10959 6103 4359 0 20 
11617 5174 22463 14984 6103 23545 20 
21 15658 4913 21596 22463 3439 20149 23135 20402 6256 7847 21282 7914 3962 7730 20402 9901 15678 7127 12526 7850 28 4 7847 12780 9901 4346 7730 13236 17836 20149 7847 20402 22463 9948 20 
20149 23135 21596 22463 6006 23135 21596 18498 20149 6184 31 7847 4 15658 20402 22463 4672 18498 23135 13202 7850 17872 12780 21932 7730 18476 23135 23151 7847 9010 7509 12939 18498 23135 6256 16721 1920 20402 15138 7831 7509 20931 16440 4 23135 18533 31 4842 6103 22463 6006 4 9193 21282 7850 11518 18498 23135 18533 7730 18498 23135 17304 20 23135 15658 9743 12861 4766 22463 9942 7730 15424 4766 16971 871 4 8443 17438 18498 6256 15678 20463 3439 7509 29 11518 7509 14049 2136 31 21409 4346 6640 20463 23113 13949 20 20 20 21 
21 21 21 5 5 5 31 7481 7509 19522 7509 4229 8995 17797 16404 349 2136 29 29 29 21 21 
15658 21 
21 7730 21596 10765 18498 22805 15678 23222 7730 368 15458 3790 4 18498 21582 4 7850 3790 7687 4 14065 31 15936 7509 16971 20 
21 3049 3172 10648 18164 7850 28 
15678 970 7509 22481 28 28 4 28 28 28 7730 28 21260 4 7914 12571 6103 10999 7850 26 26 26 26 9503 26 30 4 7850 28 4 18876 4 7850 7127 29 6103 153 4 15678 18164 6103 23175 17431 7509 5037 6103 12380 7509 2504 10323 26 26 5 15678 9128 4 3049 7509 17950 4509 20244 10421 28 4 18006 17960 6103 5766 6103 7158 23040 6103 21596 6103 28 14346 4 3937 7730 7878 18498 5327 15678 11661 12327 4 10323 4 28 7730 8794 5 15678 17960 21596 17438 15697 9569 31 8974 206 7850 9477 6103 9128 18498 15658 7573 15678 23124 8831 6103 20931 23498 6103 9130 7730 21932 5 21 
11644 16015 7730 15138 13278 20 20 
21 15678 184 20402 8956 28 288 18498 21793 9219 15389 1498 7847 20 5174 9219 18498 7847 15658 19363 20 
7847 17629 16367 6103 14810 17380 4766 19240 5 5 5 
15658 18498 9193 20402 9219 4 9193 21282 288 22463 184 14539 5 5 5 5 21 

27 
21 28 28 28 28 
12780 7850 30 0 20 21 
21 15855 28 4 12780 23151 31 9743 3820 17872 9901 11686 8956 14464 20 20 21 
21 14604 28 20 20 20539 9193 368 15423 
12861 20402 22463 184 20 20 8995 3450 22897 13909 6511 4766 19240 7914 10793 4 4766 17380 4 4766 31 16971 18498 11219 8956 16587 5 5 5 5 21 
21810 18498 19969 871 4672 6097 20 20 
21 27 
28 21 
21 6408 7509 26 7730 7509 8886 6103 11001 11560 6 28 5 4766 5 3148 11001 29 8886 6103 11001 21858 20149 15678 14273 21289 13909 13405 7509 15190 5 30 4 2647 17872 4122 20 14273 15138 12577 9010 5 5 5 21 
19676 20 7730 21596 10765 18498 15658 5219 22805 8956 184 20 20 20 

21 31 14425 16440 20402 13359 9193 4795 18498 31 19635 9743 21 21 28 1393 10717 21 21 5 21 
28 9786 18498 15424 18533 12780 26 4815 5 5 5 25 
21 21 21 31 8394 12604 5799 15678 15081 7509 15543 6103 28 16404 15678 3858 4 820 18498 22 7277 10480 15658 7102 20402 15692 6103 2575 17380 16066 19937 7914 357 16438 22 21 21 5 21 
5 
21 21 21 9193 14335 20357 31 17106 14512 7850 21631 5 21 21 21 
18498 24 20 20 20 
21 23 20 20 
7847 21752 15678 15422 17872 17438 6103 23151 5 5 5 21 
7102 20402 1920 14539 20 20 
21 13688 20 
21 21 15678 6428 5799 31 19197 7509 15102 9820 7730 565 20402 5371 31 20931 13749 17458 7847 17304 5064 31 22463 20709 17646 11503 5 21 21 21 
21 21 21 1612 26 7692 7730 14260 18498 19900 18498 21793 15190 18533 22805 5 
5 21 
8 29 
21 21 21 15678 11474 7102 20149 20357 15806 
18476 873 7491 18498 31 15144 7102 
753 31 17794 3976 6103 9142 15658 22886 
4179 19830 4 15658 12780 31 4187 13727 7730 15658 
636 6103 4179 10211 5 8956 13539 6103 18629 
21048 18498 15678 11474 20402 11991 6103 20149 5426 5 5 5 5 
18498 20402 15392 22463 8744 22150 17872 1190 7850 28 
20244 9142 15502 5 
7847 1959 18498 20463 8995 15355 20402 6103 22463 9141 5 21 21 
21 
28 5 5 5 5 5 26 5 26 
21 11560 6 23273 5 5582 3186 5 4766 5 3148 26 15588 17380 28 7766 29 4 29 4 29 4 29 29 29 29 12610 17380 4 29 14156 28 22564 14020 7914 2750 6103 20931 8057 7730 11685 5 20499 21 
20149 31 1276 21596 1959 15678 8561 7850 11518 21355 15678 4402 740 21596 15678 3192 5 5 5 5 
17872 10606 18498 12780 9743 15678 28 
21 7102 20402 19635 20 
17438 9721 15658 20402 20 21 

