21 8956 20247 21596 22463 9422 23570 20 
20402 29 28 6103 5942 6103 10279 6103 20647 4766 15678 28 5 17304 1540 15138 4672 4 155 31 14487 4 21596 15604 11644 7730 14577 5 20244 9594 18498 5174 22463 3790 15138 7509 11518 4 18498 15658 21282 16673 21932 9193 4796 16971 20149 21858 19083 17872 9193 5 662 31 8632 21198 16673 5942 4 7730 15138 13909 1393 28 16673 23111 16468 17872 9193 7730 17872 10606 7509 5942 5 
13640 14466 17525 31 10273 17681 7730 31 6329 10273 27 21 
21 18476 23135 1190 7850 28 4 22805 22463 14457 16066 22463 16971 0 21 
21 20149 13480 10606 20 21932 15138 3058 4 21282 4546 2371 7730 1532 20 17304 2136 8406 7914 5322 7730 4854 4 22657 31 16689 20 20 21 
21 24 10606 4 5474 31 21793 23135 31 5947 4 1532 7730 4854 15678 13512 21932 7509 28 30 5 
21282 155 15678 13543 4 5947 7730 1532 31 10273 7509 21935 4 7730 20149 18533 740 17304 8406 7914 5322 4766 7847 20 20 
20402 15671 4 22657 134 5 21 
28 20 
23 7509 11518 
21 28 30 12780 13761 4 21596 22463 16107 6103 4376 5 5 5 5 21 
21 20149 13480 10606 4 15678 18498 21596 19761 7850 11198 6103 28 21 
28 30 
21 17998 13909 13688 18498 9193 13055 22805 7850 9193 22942 21793 6981 21551 18498 9193 23104 15458 21631 21553 5 
13640 3510 22463 4482 7850 14604 15855 8329 1937 5 5 5 21 
13512 20 20 
10753 20 
28 30 15855 12861 
21 21596 10765 18498 18533 22463 3919 14975 4 9193 18533 22463 28 17872 18476 9193 22918 17304 7599 15423 5 
21596 10765 18498 18533 22463 28 4 9193 18533 22463 17586 6103 21171 7730 22463 2824 28 5 
21596 10765 18498 18533 15138 11029 4 9193 18533 20869 7730 22942 5 
21596 10765 18498 18533 20402 873 7850 22942 4 9193 21282 18533 20402 9193 14539 5 5 5 
21282 21438 22918 4 7914 14604 16718 5 21 
15922 5 5 
21 8995 17908 22463 10289 0 8406 7850 18352 4 5947 7730 5097 14604 21932 5 21 
20931 9801 21596 22665 16066 17807 0 
21 8632 26 
26 5 4766 5 3148 
3348 26 
26 
26 
4958 10793 21 
27 
20149 13480 10606 
7730 9193 21282 4346 
28 4985 28 28 4524 6103 28 28 30 
22657 17872 10279 21371 5 5 5 
20149 13688 14907 27 
20149 30 3432 
21 21 21 15678 9365 6103 21793 15678 11474 22564 17438 28 7850 11454 15658 20402 16404 18498 23135 9901 15963 29 11518 17438 7127 4 16404 18498 22918 15678 16587 9217 31 4067 4 17872 8406 17872 10982 7730 19650 31 18553 20699 7914 20931 4417 5 20402 1453 17872 23135 1540 18498 28 22564 10765 19854 16404 9743 4672 3058 5 15678 20304 8060 22463 17556 6103 20931 3076 1393 11474 7730 15671 4 20402 6967 4 15658 19440 31 7847 5 21 21 21 
20497 20 
21 3790 4 4796 8956 23222 8995 3058 5 5 5 27 21 
27 7645 
7509 22463 15852 7850 20 
26 3058 
28 3432 
21 13325 18476 20149 14335 6075 17819 16323 7730 20402 1247 6103 29 1249 27 20402 8302 19232 11462 18498 20402 15311 20539 9193 740 21596 20007 7730 22805 15678 20463 1114 7325 27 
3058 4 9594 12861 17458 11462 20402 20463 1247 6103 29 4 7730 31 14425 16440 6103 22318 6075 16323 20402 17304 9457 14604 1114 4516 4 20244 9996 18498 15658 1027 17438 14378 6103 15658 14335 1027 5 11462 22327 20402 4524 4 22327 20402 23104 4 11462 15576 1114 19997 6103 22463 16404 15678 16083 18476 9193 15855 4 18476 9193 134 4 18476 19698 4 7730 22327 22385 20558 4 7730 22327 22385 14155 5 
17304 11462 8995 13026 6103 23135 7914 13909 22463 7127 14155 20402 22463 17869 17872 9193 5 17304 23104 22463 14924 6103 20931 8995 1393 20463 13131 4 17511 7491 18498 15678 17737 201 20402 17872 9193 4 17438 17304 20402 9808 17438 22805 23135 9808 4 17304 9868 13026 4766 23135 5 
11462 20402 22463 14924 11455 7509 22942 4 29 1249 4 15138 19478 20402 4730 31 8956 11636 4 7730 17511 7491 18498 23135 21596 10268 4 19898 7730 14302 16404 1922 20 18498 21793 8956 14924 20402 9808 4 20402 10259 5 
9193 22318 1027 15138 15138 14539 20 1027 17304 23104 7850 3610 22240 9422 7730 5741 13026 20 
5741 1920 15658 20402 4 21282 7850 12589 14539 4 17458 6103 21364 5 5 5 27 
21 21 22385 16752 9193 17872 15190 11026 21 21 
23135 20402 12094 4 5219 20402 7692 4 9193 20149 6845 7914 20352 5 19900 23104 15678 10405 7730 15678 18527 5 22385 12545 4 18498 14335 12442 7730 6472 31 23104 12544 5 
18498 11462 4 22463 4790 16673 22942 4 20402 12545 6103 20402 23104 5 
22318 1027 15138 4 7730 17304 5739 4 15138 10765 4788 16673 20931 22942 13026 4766 23135 4 17458 23135 20402 11861 17872 15138 10765 4 17836 17872 9193 20 
18498 15678 8908 5360 9193 11165 7730 9193 8361 31 4788 7730 23104 31 22823 22942 20 20402 15671 9594 
23 5 5 5 5 5 21 
28 28 
3790 5 5 5 1453 1937 20 
15138 3058 20 
21 21 21 9193 18476 14604 1097 6592 18498 8995 4766 2478 21 21 
21 21 5590 16404 16647 15678 13727 22730 7850 22144 21 21 
21 21 23575 2898 21 21 21 
21 26 10606 4 15658 6256 6103 16429 13026 15458 20 
4680 4766 15678 18498 17304 17872 8956 12346 349 20 21 
7558 1249 12787 13055 5 5 5 3794 15658 13325 18498 20293 20402 22385 13512 1920 5 5 5 
23 20 20402 18498 17884 8956 12301 0 
31 5527 17304 15128 15138 4672 5 5 5 
21 23 10606 4 7509 22463 15855 1614 7850 26 20 15658 8918 6103 5947 7730 4854 17872 6075 1612 1506 7850 15576 21932 20 
18533 19900 13909 21282 8406 7914 5322 16673 26 16066 16673 26 6 28 6103 28 28 5 4766 
20149 12406 7850 7850 3643 21371 
21 13055 16721 21596 22463 22942 21282 4766 4672 1453 16404 21166 9193 22823 15390 7730 15658 13909 18498 12861 0 5 5 5 13055 16721 4 15658 21596 13909 6103 22463 16312 6103 20069 4 15658 21596 22463 4945 4 15658 21596 22463 21525 5 5 5 21 
14539 15678 11474 8995 7914 21551 6103 12537 2727 2288 5 5 5 740 5360 11679 7730 21804 5 5 5 
21 13055 16721 20149 15678 7251 15658 9387 5 5 20149 15678 21 21 4913 7730 22782 21 21 15658 9387 5 5 5 21 
16958 
12780 4687 10606 
21 28 11731 4 21810 22463 6981 7914 20 20 0 0 21 
27 
21 13909 22463 15823 6103 20929 18779 20 20402 23570 8995 4766 8956 10606 7730 16468 22463 17556 7509 28 17872 7847 20 662 15138 31 17923 5 28 7730 31 17923 5 28 16673 5483 20 
30 20 28 6103 28 20 21 
23 
20149 20402 4766 31 28 9193 238 27 
21 18481 21959 2725 7730 10001 
18481 21959 15138 2727 22886 
31 22898 3510 2727 
31 22898 3510 13923 
31 22898 3510 4 7730 15061 15678 18772 
15678 18271 6103 11474 20244 550 
22463 11474 12093 
22463 2725 15262 
6103 15658 14514 15299 
4766 13212 17737 
7850 910 8665 5 
7847 20149 22886 2727 
31 22898 20149 22886 13923 
31 22898 15424 20149 22886 
1453 15061 31 15633 
7509 22942 11781 
7509 4346 22230 
7509 14813 7850 910 
18498 31 13757 210 
14539 15678 22730 
20149 8125 21389 6103 15299 
9193 7914 9193 13909 18328 15633 
7847 23016 7730 20149 9743 
22463 19698 18328 7730 6103 22897 
9193 13501 
9193 13253 
4766 21959 15425 9193 22886 
9193 15576 15860 155 
17872 15626 7730 5833 18315 7509 20402 
1393 20402 13253 4 22020 
6103 21959 15425 17629 
21282 17629 23104 1393 20463 13131 
15678 9942 7509 11474 18498 19640 
15678 15604 20402 18498 7847 9193 6075 
6103 22463 15604 20402 18498 19281 
16603 9193 13446 
7730 22463 7127 20402 17267 
18328 4 15626 4 13501 4 7730 20584 5 21 
21 873 2371 21596 16066 19900 15894 21596 15678 7536 9956 4417 4458 0 
11004 30 4417 4458 7536 21 
28 30 15678 5 15678 
20149 8995 20402 13981 5 5 5 
21 21252 16468 15678 28 6103 28 18498 9743 16440 4687 7850 11685 28 30 9542 17872 6075 15823 6103 26 20 7730 21252 18498 23016 8995 7850 6103 15604 17872 9743 22463 28 7850 15200 7509 11685 20 18525 18533 4687 9901 7850 28 28 14703 28 4 29 5 4785 31 29 21282 4687 20 20 21 
15138 20497 20 
28 3432 20 16777 17872 
21 15790 5611 7730 9599 7850 5168 4 9193 8995 9808 4766 15678 18498 15678 28 5915 9743 5 5 5 21570 5 5 5 21 
26 15005 20 
28 30 288 27 
6 6103 
28 14212 27 
21 20402 9074 4 28 4 31 14464 13405 22463 16636 7730 22327 23029 6103 3393 17872 2442 4 4766 23206 7317 20670 5 5 5 4524 18498 20402 5371 15678 350 5 5 5 9193 31 22463 28 2116 13909 6103 29 5795 20402 15036 4 7730 15658 22805 15425 6103 23135 18498 5041 4766 21793 31 10268 31 16636 4 9594 866 20670 8956 15041 5 5 5 
288 18498 7102 11284 13909 1114 20244 17635 4 15658 21282 7509 16440 7509 5795 5 5 5 21 
7509 11518 20 
21 28 4 20149 20402 17872 1540 12780 21596 18498 20402 1920 5 5 5 5 27 20215 14907 3510 28 28 14212 21 
21 3790 20 12861 1614 20402 12960 6103 22821 4 15658 8956 16468 21551 6103 30 7730 26 27 28 28 28 14212 30 28 21 
14907 28 28 28 14212 30 28 
14907 20 20 20 30 28 28 14212 28 28 
21 3790 4 7847 21596 871 7139 16066 15658 4 8956 11213 20402 12094 20 288 18498 15424 20149 9193 21596 10273 7509 4417 17872 15855 9193 6717 20 15138 13688 5 5 5 21 
12787 20 
21 15678 18498 9193 11810 6103 9743 866 4 20402 7847 15678 18498 20402 0 21 
28 30 
21 8918 27 
9743 7850 10916 20 9193 21282 13325 6103 17525 654 4 9193 740 22657 27 
15658 17304 8995 13030 9193 4788 4796 20149 21596 4 4766 9867 21189 740 20 
28 5915 28 21 
21494 
7730 31 16135 17872 9743 22463 21969 6981 5 5 5 27 
21 871 15200 17438 2371 13591 0 
30 20890 26 30 21 
28 5795 
24 10606 20 20149 13480 7730 7480 2371 17872 18525 23135 5174 20 
15138 3058 20 
15678 12979 26 28 14212 
12780 12787 20786 5 5 
26 5 5 5 
31 28 20 
21 20202 13761 28 
5947 15678 21969 23273 5 28 5 4766 26 7509 10279 21 
15678 278 31 5896 15658 20402 21282 21858 31 16971 8823 9193 21371 16428 5 
27 9942 8 29 
3058 20 
26 26 26 
26 26 
5947 7850 31 26 23273 5 28 5 4766 26 7509 10279 
21 15138 3058 20 19089 2625 7850 13441 18498 17872 9193 4 20402 15678 17406 4141 7509 21684 5 
18197 6 9193 15658 23016 17858 16971 6103 9743 560 4796 9605 7850 21684 15658 20402 16605 7914 20500 4 7730 1920 4796 5762 2595 17872 871 21355 4 7847 155 17872 15138 16083 7914 18470 7847 20402 17737 7850 5896 20 2282 2727 3450 20644 5 21 
20 20 20 20 
8956 16972 18498 9605 18498 7127 7509 15253 20402 21793 7127 5 5 5 18533 30 13253 31 13699 7730 1820 15678 18487 21793 7127 17872 659 7730 753 31 15253 5 
11462 15678 19768 7850 10542 6103 5896 19283 20 21373 9790 13026 4766 28 30 31 15144 13909 13512 7509 21631 5 10542 6103 5896 28 
17889 5 5 5 
21 7730 2371 10606 20 
20149 23135 9010 7850 20931 3962 15458 14924 7730 18533 9743 866 18075 7850 20463 7127 4 6981 654 17872 17608 8241 31 9009 16942 20 31 28 9010 28 7850 31 16440 7509 29 31 21409 21793 20 4687 7850 22805 28 7914 16958 16404 14426 20463 7127 20 7730 4766 4181 13405 1612 7251 7850 3047 17872 4913 15678 17737 17872 20931 15253 4 22463 17737 13512 4 1829 18498 4766 4181 20931 15253 4 2336 4 21739 4 1095 12780 1027 20 20 
13325 18498 15678 8419 8995 13761 7730 4766 15616 20 
4687 7850 10606 20 21 
5097 15678 2725 21932 7509 28 30 20 20 20402 22327 15138 13512 20 20 20 
21 5947 31 18352 20 1920 9901 17438 6389 7509 15616 4 17304 340 14604 21932 7730 1920 14335 753 20 
21 23 10606 20 18525 18533 4687 4 12780 8995 17438 13761 13026 4766 31 28 7730 31 10606 7509 9545 20 20402 15671 21 
21 9193 28 22463 17556 21282 31 28 17438 6 
21 21 7730 17438 9594 7914 1114 4 23135 13055 1027 11462 0 21 21 21 
28 30 
21 24 10606 4 21776 4766 22463 26 15604 654 4 1920 9901 2727 14425 16404 23135 6075 22463 5097 7850 14604 17480 20 7509 22463 15855 13761 4 7730 15658 8918 6103 5947 31 26 20 
22657 10765 4 134 5 21 
21 7730 2371 10765 20 
5947 13761 31 18352 16404 6075 22463 10268 7850 7481 7730 5174 14604 21932 20 
662 31 21793 18498 13055 5947 7730 13640 14466 21596 10273 15604 17872 23135 5097 5 
8406 7914 5322 7730 9743 22463 16047 
29 29 21 
26 20 
20 20 20 
21 21932 13512 7509 13512 28 
9193 12145 20 7730 15138 20 20 20 21 
21 21 21 9193 4 18498 3790 6103 29 1249 21 21 6 21 
12787 20 28 28 
3790 20 15138 3058 20 
21 11462 15678 7127 20402 6318 
15678 12760 6103 22463 9634 
6103 7558 11454 18498 654 20402 21282 22463 5 
20402 12094 7730 9074 4 9193 22327 22385 13512 20 20402 22463 1114 22385 11020 18498 5313 4 18498 21999 20 22463 9801 18498 12442 20 
20402 23570 17304 16429 6981 14924 18498 20402 22385 11861 20 
17304 21596 4181 18498 9193 7558 1027 23135 7558 15138 20 15138 14539 20 23135 20402 9365 17872 10765 4 12446 4 753 20 15708 17438 6103 871 14031 21596 16429 7509 22942 6103 23135 20 
18498 31 9801 20402 11758 7730 15678 1114 13905 740 4 7730 18498 28 5360 20402 31 2614 7384 22327 20 1027 23135 7730 18498 20402 9808 16404 20293 5 
8302 15678 6211 9333 7509 17286 15658 4793 15299 20670 15678 350 7850 28 5 
21 20149 23135 8995 1937 20143 4 17438 9721 4 15658 21440 21793 15678 5795 16673 18498 8995 22805 15458 8429 7509 28 5 15138 14466 21596 4796 22821 15678 21 21 8360 21 21 18498 8995 9594 5 5 5 5 21 
5 5 5 
7850 5590 
21 15658 14335 12578 15678 18498 23135 9743 7509 22942 5 18533 5174 15678 20463 6684 7730 20149 23135 16876 20825 7914 21029 1393 1266 7509 20463 5528 5 15658 14335 12578 31 20931 11636 5 18533 19900 20149 23135 1801 16393 22463 21804 17438 1114 16673 20463 20826 16673 2304 6103 8995 23104 5 
28 26 26 21 
21 2063 4 5947 15678 21684 20670 23 21 
7850 19768 6103 11462 20 10542 6103 5896 28 13160 
6717 17872 2154 6103 1022 20 13157 
15138 3058 20 
28 30 
26 11617 26 20 
7509 11518 20 
29 29 16468 31 21409 22805 31 3790 6103 14487 7509 26 7730 4127 6103 9910 2237 5 20402 29 22898 26 5 
21 28 20402 22463 2190 6103 28 4 18498 7847 19604 4 7730 6256 31 2868 6103 20931 11729 16404 18498 17511 20197 7730 20402 31 20931 20257 5 21 
21 14335 20357 17868 17438 20402 10289 4 17438 11139 31 14453 4 15678 14924 6103 16083 16971 6103 22463 10211 22385 2725 5 21 
9324 20 20 20 
21 20402 22385 22223 4 16958 15678 5528 22805 16440 6103 22463 17563 9743 8637 12370 288 13043 4 9193 1453 13043 16404 7847 14539 5 5 5 5 
15658 31 19039 21 
10279 20402 2727 13909 18498 1515 22463 5995 7730 1467 22463 3137 5 5 5 6103 11868 1393 17934 6981 28 5 
21 28 4 9193 15005 5 
20202 7850 6 23273 5 28 5 4766 26 7509 10279 
28 21 
21 11462 4 4766 30 4 28 7730 28 21 
21 12787 20 12780 8995 7509 11518 4687 7850 20 
18197 6 15658 20402 23229 15658 27 21282 20402 14156 18525 20420 13278 6103 22805 17438 13761 27 
8443 20149 17304 4687 13761 6075 22463 15855 4 1532 7730 21340 5 5 21 
8855 6103 13759 
7509 11518 20 
21 5527 4 20402 21793 11861 16404 15671 5 5 5 20402 12094 15678 18498 31 13759 17304 9743 20 21 

