28 28 27 15855 15671 9975 6103 20247 20 6408 9901 21810 19255 17872 7594 7850 9156 20 28 28 28 15678 18498 21596 31 7491 20670 12861 0 
21 9193 13055 22318 7491 15678 18481 9193 22318 1027 4 7730 15678 18481 23135 20402 22327 17872 9193 0 
29 6103 14230 15678 7127 18498 28 14335 6075 22463 6103 21206 13056 17872 9193 5876 7730 1027 5 
20402 12233 15678 1114 18498 9193 20357 17438 23135 5 20402 20931 12787 9193 31 22898 9743 3858 6103 15253 27 7730 15658 9901 3183 18476 16468 11518 22318 347 14539 18498 20402 4672 18498 23135 15658 18533 8720 4 15658 3213 4815 21282 17458 9193 8995 7850 4122 7730 15658 22318 16098 4 8995 22765 7730 3470 13055 27 22327 18498 9743 20402 17872 20463 2727 5 7730 20149 11462 8995 1614 13749 17438 22463 10530 14425 17872 9193 4 4766 4181 23135 17304 20149 5241 14604 10530 4 17458 9193 17973 31 9193 14539 4 18498 12780 22318 9130 4 12780 753 7914 22327 18498 23135 17629 5 12780 22318 8125 6103 1114 2136 15678 23575 28 7509 9193 22942 5 
15658 21596 22463 15533 18498 9193 15658 7521 14604 12954 7730 16630 17872 28 22318 11139 4 11139 31 15253 7730 15678 16292 5 
23135 15658 20402 21282 31 9193 12787 4 23135 20402 22463 16620 7509 9193 22942 4 18498 9193 12780 5876 4766 15138 1114 5 
15708 17438 22327 9193 13512 4 17438 20402 8956 12787 14149 7730 3183 4524 5 
9193 22318 1027 15138 9193 16753 21 
21 7730 15299 15128 5 5 5 5 22318 1027 30 13512 
15741 6 21282 9743 8956 6159 17458 352 18643 27 
28 26 28 21 
14335 7491 4796 0 26 0 
21 16468 1249 4 8406 1249 7730 15299 15128 21 
21 6103 20293 4 16404 20293 9193 13512 1027 15138 15708 28 8995 9808 6329 14604 1115 21 
21 9193 8995 16475 16673 12916 15253 4 18476 18350 15678 2605 14335 1987 4 6097 9193 21282 14335 6202 21282 9743 28 13909 22463 7509 26 28 18525 13501 20402 9193 19761 7850 2605 13909 9193 1027 15138 21 
21 17903 8956 14430 20 4075 15678 22720 7509 2336 28 7730 19969 7914 10444 5 
26 28 10505 30 18525 13501 20402 9193 21282 9743 28 13909 9193 1027 15138 21 
13909 22463 1249 4766 23135 20 18498 23016 15678 12277 1393 20463 13131 29 1249 15604 22463 22942 17872 21752 23135 7509 9193 22318 1027 
28 28 28 28 4524 28 28 28 28 28 26 28 28 28 
21 1570 14548 22575 29 5 
16169 4 15253 4 28 4524 28 28 7730 28 28 1027 23135 4 8956 5204 20402 9193 20 
15708 28 17438 22327 18498 21596 17714 16404 9193 22942 21 
21 7730 8956 17244 22540 7509 10889 0 
21 21 21 18498 20855 31 9193 21 21 
22318 1027 21 
21 1614 8120 22463 4403 4 9193 22385 20825 10999 4 7730 23135 20402 19481 17438 22327 12861 4 15658 14335 6256 6503 9193 28 7188 4 14335 6075 31 15256 18476 9193 13055 15658 22805 13909 10530 4 7730 11462 8995 1614 16404 662 4 21752 6103 23135 16404 6075 15678 14425 17872 9193 4 8840 22463 7127 17304 19567 22327 12861 5 23135 20402 15678 14426 16169 7509 15190 5 8956 28 20402 9193 21 
21 9867 6103 29 1239 7509 26 28 15708 31 21793 18498 23016 7730 9743 7509 7127 7509 9193 26 13909 9808 4 15708 17438 22327 5 23135 15005 9193 15576 5528 5 15253 7730 16292 9901 15138 9808 4766 31 13324 18498 15678 1097 6075 4 15708 6103 5528 5 31 26 14018 22463 13158 16404 21793 23135 21 
21 29 1249 18498 9193 22942 15128 4 22463 1249 6103 21 21 26 28 15658 4796 14604 20069 21 21 5 22463 1114 20244 9971 4 22463 20352 12233 4 15678 13905 1114 7509 15190 4 9193 4841 4 9193 2689 4 14604 10505 4 3058 9901 2136 1022 1614 7491 22327 18498 23135 19363 17872 9193 9193 16753 5 15253 7730 16292 22318 1027 15138 4 23135 20402 15576 17737 6103 28 5 18498 23016 15138 13909 1249 1393 20463 13131 5 22318 1027 9193 26 28 21 
15708 
21 11731 4380 6103 1815 7850 10765 
28 28 4380 6103 1815 21 
21 18498 7127 13909 13512 4 15678 7127 7509 9193 22385 20825 10999 4 654 17511 7491 2395 7730 13460 7914 20634 6103 12301 
20402 22463 1249 31 13909 4 9193 22327 22657 15138 31 16689 5 7730 18498 23016 15138 16083 5204 5 21 
10211 7730 13030 2136 15678 9971 5 15708 17438 22327 5 9193 22318 1027 1393 12277 7730 991 
14724 28 
7127 29 6103 7119 13055 21596 4932 20 2727 3962 4970 
15678 20463 1114 17872 9193 20402 22327 8 29 
21 7730 18476 31 4842 20402 3058 4 31 9867 20402 14425 740 20 28 9439 21450 28 21450 15925 21 
21 21 21 23135 20402 18525 6146 15678 18498 12780 20402 9172 7914 23135 4 7850 20463 5528 5 
28 9193 6075 15678 7563 6103 9175 7914 15671 15678 18498 22657 31 16689 4 7730 8918 6221 1616 18498 15658 22657 5 5 5 21 21 
16148 28 6103 14418 21 
21 21 21 6103 21793 15678 13688 7509 15190 9193 18533 23135 
17458 9193 21438 3697 6103 20402 13688 1920 21282 
6103 21793 15678 13688 7509 15190 9193 18533 23135 
17458 31 20931 13690 16393 22463 17556 4766 31 9193 21 21 
21 21 21 20402 17629 18498 9193 21154 7558 16066 22310 13140 20149 9193 18533 5174 31 3099 21 21 
15678 16753 18165 21 
21 9808 7127 7509 12787 4 17872 13909 4273 7730 13520 7509 22520 
9193 15109 18498 9193 740 22092 4796 22463 2689 4 13055 22318 7491 23206 22898 12861 4 20149 9193 17304 22318 11139 15658 17541 5 21596 15138 15995 6103 23135 4 17304 20402 8956 14464 8744 4 9131 4 7730 21282 27 17458 6103 19509 4 23135 20402 8930 6329 4 3183 6329 4 25 6329 27 13909 14539 1920 9193 22318 1027 
17831 8995 4766 15138 20126 4 17836 7509 20463 17187 18476 21776 19753 22487 16936 6103 23135 5 
9743 8956 13512 14980 17872 15061 15678 18476 9193 4886 5 
22318 1027 22941 21 
21 16323 28 28 22463 23570 17934 4 18498 4766 4181 20244 31 20931 753 4 20463 23570 21932 7730 20931 4622 9193 13055 21596 6820 5 15708 5 
15299 13591 204 6472 13185 20402 6472 5913 17934 15299 13591 204 28 28 15299 13591 21 
21 654 15678 10405 7850 2601 16468 4 31 22146 4 15678 15456 4 9193 22487 12780 23151 5741 27 
21446 1547 7730 1570 4 9193 9801 20402 12130 4 18533 662 31 28 17818 17324 20244 7847 9193 15299 20420 4 1393 14604 16169 18498 5108 7914 9193 4 14539 9193 9743 21389 2781 9193 15643 6256 31 16980 3510 4 8956 29 20402 6103 23135 14604 1115 4 1027 23135 15253 28 4 16169 28 7730 28 4524 28 28 4273 
662 9193 9634 21793 4 18498 20293 14335 1502 7730 368 7914 9193 4 21739 4 21739 4 23179 4 23179 
15658 17304 21371 6256 6103 662 14604 20745 18498 20402 9193 20207 9634 4 18498 8995 20293 4815 4 14335 753 7914 22327 18498 17304 4 9193 5915 28 28 7730 14604 5915 28 4 18498 20293 8995 7850 21842 4 20402 15138 11043 31 23135 5 
18533 662 14604 15311 4 18498 21681 22463 8322 16135 4815 4 725 14604 20924 4 14604 21199 4 9025 4815 15678 21551 21793 4 22318 1027 22942 28 28 
18533 662 14604 1097 4 18498 8995 4815 15458 12970 4 18498 14335 714 8956 1249 4 12780 13405 21793 7914 14604 5528 4 15658 12780 4491 21793 15678 15540 1614 4 9193 7847 19900 18525 20402 4 7730 8995 11139 7850 14604 5528 5 
31 9193 16003 28 4 18498 20402 22463 15253 1095 4 18498 21681 16135 4815 4 725 14604 15456 4 9193 5709 4766 259 8561 27 4 21282 21596 31 662 4 7730 15658 21596 16192 21036 16404 8322 11036 17438 23135 28 5 
31 9193 2504 26 7730 18651 4 18498 5421 15138 7850 14604 21932 4 21282 21596 31 662 31 23135 5 
15708 31 21793 18498 15458 29 1249 4 8995 4815 
654 20402 4788 20 
23016 10217 28 12780 10211 21594 21 
21 22657 14464 4 2811 12780 15036 6103 20126 6103 23135 4 7509 26 4 7509 12963 4 9193 12780 8995 4766 23135 6103 5528 5 15708 17438 18009 4766 4276 6103 16067 14604 23575 12960 7914 28 5 3450 22463 1614 21596 22463 13727 19418 7850 14604 5528 5 21 
21 21 21 9193 22327 18498 349 7850 22942 
21596 22463 14924 7730 22463 6996 
23104 20402 22463 28 4 20402 22463 15828 
21282 18498 17629 5876 21 21 21 
21 28 28 18498 20126 4 22385 3058 19229 8956 14924 21 
21 21 21 18498 20149 28 14335 6981 16083 4245 6103 23104 4 
9193 21282 18533 20149 21596 23135 21 21 
9808 7127 7509 16169 4 9193 22318 1027 14604 11341 21 
21 20402 12233 15678 14924 18498 16468 1393 13131 6103 23135 4 14539 18498 20402 1920 19871 4 9193 13055 15128 21793 14604 7127 4 18867 9193 8208 5 9193 1027 23135 5 
21 21 14604 1115 991 7509 22942 21 21 16280 19307 21787 16280 1247 7509 16404 20293 13520 13512 991 7509 22942 21 
21 21 21 7730 15658 11862 20149 23135 20202 19860 4885 7176 6 22463 3962 7730 16083 23104 7850 17131 4 22463 21932 7850 14506 9983 7730 15678 16083 9743 7616 20670 13459 4 22463 15005 7914 28 7730 15678 16083 7914 28 5 15658 11862 5 9387 22463 11647 18498 15425 15127 7509 22942 17304 47 5 21 21 
28 28 7509 28 28 28 28 26 28 28 28 28 28 28 28 28 28 28 28 28 8 29 
7730 15658 11284 7419 18498 15128 12861 4 16280 8 29 21 
28 28 15678 18498 9193 15658 9743 17438 1114 27 
21 4796 20402 3058 21596 23135 4815 5 26 29 19052 14149 4 18533 13909 5 16280 1027 21793 16404 20293 28 17090 23032 19307 23032 19307 21787 16280 21 
21 21 21 19900 7850 4 20402 18498 20402 21282 22463 20825 3058 
18525 19900 23135 21596 15678 7563 
15678 18498 11284 6103 3058 7914 14335 1136 21 21 21 
15138 1114 8464 8 29 
21 19900 18498 20463 1247 20402 20474 4 9193 23135 19900 31 5590 18498 20402 17872 18779 20931 9867 21189 7509 28 5 7730 11462 18498 21596 22463 21551 6103 23016 1614 9457 21793 14604 1114 17438 23135 5 
1114 22318 6679 22327 6103 13909 13512 6981 15190 4 23135 14514 6329 3450 5204 20931 4 288 1920 4 21282 288 18498 23135 7102 20402 22463 17556 13909 19483 27 5 
18533 16468 15138 7730 15138 1247 7509 20463 13131 4 2136 15678 9971 6103 9193 22942 5 
23135 19900 15678 19768 18498 20402 17872 19969 8956 3031 27 9193 18494 8220 4 9193 11066 31 28 19969 4796 9193 18533 4 18476 21623 6103 6075 15678 13265 7730 15855 17872 7847 11731 20463 20853 1393 22805 15678 3031 7509 28 5 
19969 22327 4796 9193 8840 5 23135 14514 12861 7730 15138 13909 5 9193 22318 1027 15138 14604 1114 
9808 1247 4 7730 8840 18498 21596 10959 6103 22327 4 17458 9743 22327 4766 15138 3870 5 
15708 17438 22327 4 23135 20402 14149 4815 4 15658 21596 16192 16404 662 5 
9193 22318 1027 14604 1114 991 7509 22942 21 
21 7188 15658 20149 7995 
21 21 15678 18498 21596 17872 11462 20402 15138 20126 21 21 21 
26 28 1027 15138 482 22463 1995 6103 1114 12051 5590 7850 11011 
26 26 28 5 4766 26 
21 21 21 7730 4785 31 23104 22463 19813 4581 6 6246 7850 3590 4 16721 7850 1341 9172 13194 4 9193 18570 6103 7419 4 16721 7850 16971 1027 4 7850 18498 7847 8995 9743 20244 23135 4 9193 19703 18498 23135 15658 19698 4 9193 16902 18498 23135 15658 8995 13761 16404 753 5 20402 21582 4 20244 21021 4 5341 22463 4347 6103 3702 7730 21215 19900 18498 20402 15678 23577 19483 16673 18191 8637 5 7850 7127 20201 4 1393 352 4 13055 8995 22327 2727 4 31 22942 8637 23151 31 9743 20357 5 9193 23135 19900 18498 16083 15533 6981 23016 5 21 21 21 
4346 13202 
21 13749 20 
6564 7914 16580 5 
15658 21596 16192 16404 6650 31 9193 22225 5 
1027 21793 4 21793 20931 15286 5 
452 4796 3711 5 
15658 21596 16192 5 
18498 28 5139 20931 9634 7730 28 22318 18876 6103 3192 155 5 
8995 22150 1614 4 17324 15658 12783 7850 14604 22385 20825 20497 7509 28 28 5 21 
21 17458 20402 22463 184 8956 16552 4 15894 21596 18498 13979 15678 17297 7509 10651 16066 16525 17872 9743 4 15424 18498 15658 13979 4 9387 21389 16083 16552 18498 15658 17629 21752 22942 6103 1233 5 21 
31 1244 13909 13512 16323 1247 1027 15138 
21 9808 7127 7509 15311 4 9808 29 1249 7730 29 15266 6103 15311 
31 14425 16440 6103 9193 20402 23135 14604 1114 4 15708 17438 21793 15678 14924 13030 4 15576 18487 7127 7509 15311 13030 4 7730 18498 23016 15138 16083 5 
14604 4841 4 14604 1095 4 14604 16223 7557 4 14604 11156 4 9193 10268 4 14604 22327 4 14604 9172 1114 
21 21 1114 7509 9193 22942 4 6073 2136 31 9173 4 15576 6999 20402 22129 7850 14280 21 21 
22318 1027 4 1027 4 1027 4 12277 22898 22318 1027 21 
21 15426 7509 15253 19900 14256 
26 28 21646 21 
21 18533 15138 8 29 8 29 
7914 22463 19205 21267 4766 15678 19341 20 21 
21 21 21 23135 13055 19900 18498 7914 18475 13727 
9193 8995 16721 7914 23135 
17438 13909 7396 18498 9193 16393 8995 
9193 8995 16721 7914 23135 
11284 21389 4672 20402 7509 13727 
18498 9193 21582 1820 17438 23135 
21282 17872 17304 22318 15061 18498 1393 20463 13131 20402 14604 13727 
7730 18498 15658 11284 13909 15502 21 21 
22318 1027 30 28 21 
9193 19169 
21 11203 9901 21282 20402 15392 1393 22898 5 538 17877 4 16971 7730 6141 5 21 
21 9193 19900 18498 15502 12780 13359 15678 14604 20912 4 9193 4 1393 22898 4 18476 8995 8382 4 9193 9901 7970 7914 22463 19924 6103 7599 7730 18443 14091 20670 9193 7730 6834 7850 4387 7509 5695 9996 18498 9193 20402 22463 13369 5 21 
21 16323 1393 9128 7509 22421 4 20402 12861 2371 5 
20402 28 
28 28 9193 18533 9130 
20244 17930 15658 21596 7804 21 
13749 16673 7804 20 
21 12861 20402 22463 184 5 29 1249 16468 5179 31 20463 970 4 16404 10648 30 3059 7850 19800 5 
18498 16587 20402 8956 0 20402 31 17461 7509 28 20 
20402 28 28 603 21 
21 20402 22836 15678 18498 15678 10976 7509 28 8995 9743 4766 15678 17931 5 1937 8956 23222 4 14335 6075 22463 8322 23167 6103 19969 6073 7730 12780 2136 28 753 15458 13749 5 15658 20402 17521 18498 15678 10976 15658 8474 18498 7847 8995 603 15678 8995 7509 28 5 
20402 8956 17931 18533 17343 18498 7802 15678 9943 6103 23135 5 
21 21 18498 16587 20402 8956 0 21 21 
28 7802 7850 13749 11076 20402 10976 21 
9193 5219 18660 18498 19761 22136 10469 7916 3031 
21 11462 20402 7127 6281 4 7509 9193 28 13512 5 
3058 21776 1614 21282 17438 7804 4 17458 15424 6103 23135 9193 10959 5 27 
28 22318 6679 22327 6103 14149 7914 20931 22942 4 15138 16580 4 1114 4 20127 4 7251 4 18498 23135 794 21793 20463 15699 5 18498 16292 7509 6014 22318 11139 7730 11710 20293 5 
20402 15138 9808 17438 21596 23135 7850 9193 22942 4 17438 20402 8956 1095 17737 18498 20293 8995 879 17872 14335 753 4 17872 14335 6075 10268 4 17872 14335 8066 27 
13055 20402 21389 14924 13026 4 14924 6103 19703 4 4347 4 28 4 14924 18498 8995 11139 31 20457 4276 7850 14604 5528 5 
4796 9193 12780 9743 6408 7509 14336 7509 1249 0 18525 12780 3610 4815 0 18525 12780 14335 16098 0 18525 12780 8995 7509 14604 13131 18476 9193 17629 0 28 12780 15036 6103 20126 6103 23135 21793 15678 28 4 15658 12780 7957 15658 0 
31 20126 21282 12780 10252 740 13909 9193 1103 5 
18498 20463 29 1249 20402 14149 7730 18498 23016 15138 16083 1249 5 
9808 1247 9193 28 13512 
20539 4 5099 4 9193 22318 1027 12505 28 26 26 28 21681 15924 2547 21681 3031 26 22318 1027 
15741 6 20229 31 6193 8956 10273 14149 21 
21 21 21 21282 7509 21680 13131 22327 20402 13909 
22327 20402 22385 16816 7730 4292 16580 
9193 15643 1027 15502 1920 
9193 19900 18498 20402 9790 17872 9193 
21282 7509 21680 13131 31 8003 
9743 249 14604 5528 
8235 288 15678 14604 13727 
654 9193 19900 15678 18498 20402 1027 21 21 
29 1249 7730 29 15266 21 
30 20634 6103 12301 8995 201 12780 10211 28 13520 12534 31 14425 19972 6103 21793 
21 8995 201 20 16468 22463 9956 7850 9193 3393 18476 21752 8956 2690 5 13014 8995 4289 7730 7509 9193 22385 18533 2513 12780 14335 6917 4 4417 15894 5174 9193 13441 7730 14335 150 17438 20222 1249 5 28 12780 10211 20634 6103 12301 4289 13014 21 
26 28 
21 17511 13405 21793 16404 3962 0 
15855 12861 28 28 5 21 
21 3058 12780 1393 19220 20249 6 
20207 9789 8329 9193 15253 8995 7850 9574 9193 155 7558 3015 18899 18498 8995 7914 4434 7509 14534 7730 4796 
21649 9789 9193 155 22463 19924 6103 28 18498 8995 6389 7850 4203 7914 4434 7509 14534 7730 4796 21371 4 16468 31 15533 21793 23166 4 9193 15253 13923 7599 17324 9901 5876 6103 9193 
3058 15908 18487 9789 8329 9193 15253 3610 7730 14604 16292 7599 9193 20954 7850 3460 4 7850 14534 4 7730 7850 2469 16404 10541 15678 13600 7730 6103 13761 8659 7730 3510 4 14604 16169 352 4766 14604 4346 17324 9193 11284 13822 9193 16526 4 8995 9193 1614 654 21793 8219 4766 8956 45 7850 3393 4 7730 15138 7540 5 15253 7730 16292 9901 29 11518 7914 4434 6103 9193 4 15253 15424 20149 9605 18475 4672 13055 8995 14335 6075 2700 4 6097 15678 16292 3213 17458 7847 14335 14694 15138 5 
3058 654 20402 19356 2136 18487 18498 23016 7730 21810 15678 19277 4187 5 
2136 31 18195 9193 10765 5 
26 7540 26 1827 15658 1540 15643 482 22463 1995 6103 1114 12051 1027 13909 18498 22327 21 
13512 19943 18498 17080 15925 20293 4815 10943 
21 21 21 15678 20463 17877 23135 7102 8918 4 12861 20402 23104 4 20402 1540 4 26 26 21 21 21 
21 29 1249 7730 29 15266 
288 18498 23135 13055 8995 3697 20149 8720 15678 18481 9193 22318 1027 4 18498 23135 20402 15678 11474 7509 9193 22942 4 1612 18498 9193 8637 16404 23104 2136 31 9173 4815 5 
18533 22318 16318 17438 13909 22463 15266 7509 14604 13131 17324 19900 18498 20402 7188 14335 713 27 662 17438 22327 18498 9743 7730 21596 9790 17438 9193 5 4796 21793 15311 13055 21596 9692 4 3213 4 4347 4 9193 8956 15658 20402 21036 16404 201 4766 31 10765 7730 20539 21282 10252 5 
11462 13055 8995 15324 9692 6103 15534 4 16721 7914 3960 4 5284 7558 22942 7914 22463 22942 21282 5 13055 21596 2136 22463 9942 4 9193 26 28 4 18498 20402 31 13909 14694 7509 15190 27 
22318 1027 15138 14604 1114 4 14604 1095 4 14604 4841 4 14604 10530 15534 4 10530 14181 4 14604 22327 5 
17511 565 4766 21793 31 16192 6 20244 23135 4 20402 15299 20 
22318 1027 13512 29 29 21 
28 4524 28 28 28 28 28 28 28 28 28 28 28 28 28 28 28 28 7509 28 28 26 28 28 28 28 28 28 
18533 15138 
21 29 15266 6103 26 28 
1114 12233 4 1827 4 21641 7509 15253 7730 7509 16292 4 10505 4 1920 18498 9193 22318 6219 9193 2689 5 22318 1027 15138 4 7730 10959 6103 16630 17872 10268 7509 991 16367 6103 22318 753 31 7017 9193 4672 18476 9193 19969 6103 3962 7730 23151 4 23135 20954 7850 2469 4 4796 31 4713 6103 16553 4 7017 15678 16296 11398 4 155 15678 28 4796 31 21373 7509 20485 5 733 7730 17438 9721 16404 6103 19822 4796 4 23135 21596 20931 18738 7730 20463 16552 4 8995 18498 18374 4766 28 20402 14425 27 9193 23135 20402 3439 7730 15658 17304 9942 5 
22318 1027 9193 2689 26 26 1114 12051 26 29 15266 21 
18487 9789 3183 20 26 2513 1948 21793 7127 21596 1097 10211 15658 28 
21 9193 13512 4 21438 7102 22463 11477 1614 17872 23135 4 13055 6075 15678 16323 4 7850 3962 18494 22318 6256 21168 27 9193 20402 4766 21793 14604 5528 5 
9193 4 9193 10854 
19900 18498 13055 16468 20463 1247 4 9193 9193 15658 17304 6103 6256 6103 23016 1614 7730 7491 15678 18481 9193 22318 1027 4 18481 23135 14514 21793 9801 7509 15190 5 15678 1247 20402 20463 4 9193 18525 15671 6075 15678 17737 20402 23135 4 31 9193 28 28 
1095 18533 18498 19900 15678 18481 21842 17438 23135 4 15678 18481 9193 20357 20931 9620 5 
4796 15658 13325 7509 9867 18498 21282 15671 7558 12780 0 22327 18498 9193 9594 16066 23135 9594 15658 21596 11518 19854 4 20402 20293 15671 7558 27 
4796 8918 1612 28 9789 0 10765 18498 20402 1616 0 
9193 13512 4 21793 8956 14924 13026 8995 11139 1614 7850 14604 5528 31 20457 4276 5 20357 9620 6103 23135 21793 15678 28 4 18533 1612 29 1249 6103 15604 4 17304 0 17304 21596 22463 19341 7850 22942 7509 10765 5 
1095 22318 6679 22327 6103 14149 5 
8995 15043 6103 20126 5 
22318 1027 21 
21 9193 14004 8995 9901 13909 22765 11462 20 
1612 18498 20293 5876 6103 9193 4766 21793 1114 7730 3870 5 17438 12861 11462 8995 1614 16404 22318 6679 22327 6103 13512 7730 14149 7914 20931 22942 4 23135 14514 21793 9801 7509 15190 5 
20357 20931 9620 21793 15678 28 4 20357 9620 7509 20931 3251 4 7509 20463 4687 4 7509 20931 23122 27 4 6075 20931 4796 14149 4 7509 20463 134 4 6103 22327 4 6103 21793 20463 1114 4 18498 15643 9620 5 
18533 8995 2371 9743 22463 3031 14149 17872 23135 4 7730 22318 6075 22463 134 15138 15138 1467 4 9193 4796 15658 17511 20609 134 5 
15658 8918 14763 871 21793 14924 18498 16468 13026 4 31 2678 4 15678 22971 15924 2547 27 4 31 14620 7914 28 4 15678 22765 28 4 31 9867 4 15678 19703 4 15678 4347 4 8995 21793 11139 7850 14604 5528 5 
18498 20463 7127 20402 19342 6103 835 7730 15138 17737 
22318 1027 14004 
20126 16280 16404 20293 21 
21 23166 1652 8 29 
13520 8 29 21 
21 21282 18533 19900 17458 23135 5741 22385 19871 1920 0 
14604 1114 4 9193 2689 4 9193 3162 4 9193 13897 4 16323 4 9808 1247 13512 5 22327 6103 13512 7730 14149 7914 20931 22942 4 18498 16292 7509 6014 22318 11139 7730 11710 20293 5 
18533 8995 2371 17872 22318 1467 7730 8125 6103 2702 4 22318 21040 6103 1114 13520 
5360 8956 14464 7802 4 9131 7730 13512 7730 7235 22463 17556 31 3181 27 
15036 6103 20126 6103 23135 4 18533 17304 22318 21596 4815 21793 15678 28 4 17438 13909 18498 3213 29 11518 17438 7127 27 16673 14466 8995 7509 20463 13131 5 
1575 20463 7127 1393 15252 20 
16323 16673 20463 29 1249 6103 11636 9193 13512 
22318 1027 15138 
21 21 9193 16753 4 7839 9193 28 21 21 21 
28 10211 7277 22421 29 23016 18498 21596 28 30 20402 11462 18498 9193 4289 1022 
1114 7509 9193 22942 7277 22421 29 15678 28 10211 
15678 28 10211 26 4690 26 18258 20435 11462 21596 9867 28 30 
13520 9867 9769 4815 15925 16404 20293 30 0 18533 10211 15658 2514 20875 30 7509 9193 22942 
21 21 21 9193 20402 31 7432 18498 23135 18533 11771 21 21 2700 7850 15880 13236 18498 9193 21776 16468 
26 28 21 
21 21 21 6256 18498 15678 22797 14335 13405 13640 6073 21 21 
2510 13978 21 
21 21 21 20149 7847 21282 13055 20402 22463 16849 4 11731 4766 31 1095 21 21 21 
20474 4372 26 26 28 17125 7850 16553 6103 20238 
21 21 21 6073 2136 31 9173 21 21 21 
2530 21810 26 7687 29 1027 15138 26 
9193 2614 6103 22327 8 29 
9634 28 201 31 31 10548 20402 3058 6329 17583 1249 18498 23016 21596 13909 9193 2614 6103 22327 1114 12051 1027 15138 
2510 13978 14425 20497 15190 20 9369 2352 7491 17872 9193 14453 20497 12222 3488 28 18533 6103 15604 
4841 6103 8593 22318 1027 22942 16404 20293 10943 10943 17583 20875 
1150 20 
29 23016 4766 22327 20 14604 1115 13520 18498 29 20402 19342 6103 835 17872 15671 9634 5 1027 23135 28 7730 26 28 
21 20402 29 23135 8995 20149 201 4 15458 1249 349 15138 4672 3058 4 15138 5204 4 9193 21371 15138 4346 4 15138 3213 4 1393 22898 16721 7914 6820 6103 22327 9193 4 21596 22463 3790 13761 7914 4434 18498 20293 14335 6075 10268 7730 19295 9193 10547 5 17872 29 8840 15658 19335 15678 14539 8564 4 5204 14604 22385 20825 7259 7730 15658 21596 14378 7509 15604 5 18533 18498 29 20402 14425 7730 7174 6103 29 18498 9193 21596 14466 14378 7730 13909 5521 5 20402 21450 29 7730 23016 29 17458 11462 6408 7509 14336 15533 4796 21793 15190 7491 6 22942 15604 4 8637 15604 5 
21 21 21 13236 4 13236 4 13236 18498 9193 8995 16468 21 21 
9808 28 10606 16440 28 27 15253 18533 22463 16053 26 9036 21 
21 482 20402 22463 1995 6103 1114 12233 20 9193 13055 22318 1027 21389 9193 2689 4 15678 13909 18328 20352 20402 7509 1233 18498 1027 20244 18533 18876 15299 7914 22240 4 21282 3870 7730 2031 5 23135 14335 8095 3450 7127 13909 26 4 20463 15860 6103 20828 4 20463 2414 14284 7850 9193 3790 4 20463 12939 21793 8788 6103 9743 23324 7730 19761 15423 27 7730 6103 472 7599 7850 14336 7509 16292 28 7730 7509 15253 28 5 21793 2084 1920 10648 15678 5528 7509 16169 2386 5 22318 1027 15138 15426 5 482 23135 20402 22463 17737 13512 18498 16292 28 14018 5 21 
26 13512 7509 15253 
9193 368 20 18533 13480 17872 21793 
8147 7509 16280 20875 1027 21793 26 
21 21 21 4766 15678 21551 31 22942 9743 5741 7730 238 4 
18498 6103 19324 22327 15128 7730 22240 6103 13727 4 
15658 20149 8414 7730 15658 6256 31 14231 22318 13405 4 
21282 15658 6256 31 14231 22318 13405 21 21 21 
4766 15678 13520 23016 10548 
21 20402 31 26 31 13909 15604 15426 7509 15253 7730 7509 16292 30 28 4 7847 14335 482 1920 18498 9901 19900 18498 9193 15344 5 740 8995 13994 7730 11462 4886 22463 20247 6103 22942 4 7730 14604 16169 15658 714 6103 5936 7730 13055 23016 14335 5174 7730 14335 6075 15138 1114 13640 7847 12780 23016 14335 3348 16404 15005 4766 7847 5 22463 2700 10606 5 26 15427 7509 14004 7730 7509 16292 9634 1114 12051 21 
21 21282 23016 28 
19746 28 8995 19745 12399 910 11203 17304 1522 21 
21 21 21 5 5 5 15458 22942 9193 21282 23104 17872 22318 1027 5 5 5 21 21 
7730 11462 4886 13909 22463 15266 6103 15311 4 20402 9314 29 1249 7730 29 15266 5 4766 23135 1540 31 10959 6103 4672 18498 12894 12784 16721 7914 10959 16066 9743 4 22463 6281 20402 12780 7850 12960 7509 28 16066 12780 1937 26 21282 17458 23135 10959 15138 5 1540 31 19456 18498 15424 22327 20402 7509 12939 18498 9193 18533 7730 20402 23135 18498 14335 8361 31 20402 22463 16971 14425 5 18533 23135 2136 15678 12277 7730 991 7850 9193 22942 5 4796 7491 9193 15253 7730 31 20931 15253 6 8956 7558 20149 8147 7850 15190 4 4796 17304 20402 22385 11686 20402 22385 4886 5 22942 9193 22318 1027 4 15708 17438 22327 5 7730 6663 871 6198 18498 740 21596 13909 13033 18498 12780 14426 4 7730 1920 19900 20149 17304 10959 14466 7509 28 26 4 1612 21726 21282 7509 6777 27 
22318 1027 14604 10943 6324 21 
21 21 21 1393 22898 15128 20402 17629 4 15424 22327 12780 20402 4796 23135 18533 4 31 22942 5360 5 17872 18475 8637 20149 20202 871 5227 4 23167 7824 15658 22657 31 16689 4 18525 9743 22463 22897 15658 9743 7558 15389 4 9193 18525 9743 7118 4 4766 4181 9743 15912 5 21 21 
3058 7127 6 21 
20247 19125 31 3488 20 8995 201 18660 18498 19761 12780 18498 12780 12780 10211 28 
1247 6103 22463 1239 7509 28 20 21438 22327 13512 472 9867 6103 5758 18498 16292 7509 6014 20293 78 15678 28 
21 733 8956 7419 15658 9743 20149 18533 15128 22463 23228 7509 18498 20357 16673 14604 16169 4 7730 28 20402 22385 10748 4815 18498 14335 6075 22463 16170 18498 22657 17438 14667 16169 5 22327 18498 9743 7730 21596 9790 17438 9193 4 8840 22463 7127 17304 19567 5 19900 18498 8956 9971 6103 20247 9193 8967 4766 23135 15253 4 13909 31 20126 13055 8995 1467 1614 4 7730 14539 4766 9193 7178 23135 1540 31 19456 14604 10960 9193 9193 15678 20463 5 9193 2614 6103 22327 4 20244 23135 9193 15658 20420 15299 4 15299 5 14335 21752 6103 3450 3320 7509 22942 4 7730 20293 6103 6075 4245 17872 20202 7914 10366 7730 5108 7914 9193 4 14539 19900 18498 15658 17304 6075 4179 5 28 4 28 7730 28 4524 28 28 23135 20402 22327 17872 9193 4 7730 20149 9193 21776 1614 11462 20402 17458 21596 23135 7509 14604 13131 5 1027 23135 5 8 29 21 
21446 8995 4885 3697 20 
21 21 21 26 22 20539 26 26 26 26 
26 11617 26 26 21776 26 26 21726 
26 11617 22 13800 26 16073 15803 26 21776 7509 
21776 26 26 26 26 9193 21 21 
28 26 21 
21 21 21 20402 1114 6329 4 20402 4672 6103 28 21 21 8 29 21 
28 28 9867 28 15925 14116 18476 15855 6441 7850 5951 13055 5241 16182 9769 4815 
4289 15678 28 13909 15658 4289 31 9867 6103 11462 20 8995 4766 20402 23016 15924 2547 11462 18498 15678 9942 4346 7730 31 15253 15658 22805 9867 28 
21 6097 20931 15253 4289 20474 4 9193 23135 4785 13501 31 3962 11462 5 
7730 7847 4289 20474 7730 9605 18498 8995 6832 7850 10948 4 9707 20 
4289 13640 15253 21776 4766 20126 18533 4814 7509 15253 15253 14335 23316 9193 14335 1027 17831 7509 15253 21 
21 15658 19900 15678 18498 20402 17106 4 9901 51 7914 2513 4 20463 4481 8995 15344 4 16066 21596 18498 21932 31 21409 21793 15855 17872 22548 6 
15253 23016 14335 3348 20 
3058 7127 6 21 
21 21 21 18533 21582 14335 8317 21 21 
28 21 
21 20539 4 9193 21596 22463 20497 6103 23113 20 288 18498 9193 15424 17629 22318 7491 15678 18481 23135 20402 8810 7730 15678 18481 9193 10959 17556 6103 23135 20 15708 17438 22327 1027 2727 17556 4 2727 17556 20 21 
8220 28 15678 13909 13520 15678 13909 1233 15678 14426 
21 15678 14425 15311 4 15678 14425 16169 4 31 14425 15253 7730 31 14425 12787 5 15708 28 17438 21596 4730 21282 15678 14426 1393 14604 13131 5 1114 991 7509 22942 21 
3960 776 7730 28 5 7730 15678 3319 20402 14604 12780 3962 10447 15658 28 9634 1027 15138 21793 9808 16404 20293 
7853 18498 7491 15658 20402 0 3960 12780 16647 15678 3319 9634 22507 21282 20402 
21 21 21 5 5 5 16083 15533 18498 20149 12780 5 5 5 21 21 
3058 15533 20 21 
21 17629 6103 22463 10273 7509 9634 4 17324 31 26 9387 8995 11686 22463 11433 11462 20402 15678 7127 7509 9193 19169 20 
18498 991 6103 22463 23570 15253 4 20402 22463 9324 17931 4 7730 18498 31 17819 22897 18498 20402 17872 7282 20402 7847 18498 14335 13405 4 13325 7277 9193 11091 16673 5584 7509 15697 18498 9193 15790 7847 4 17458 21793 15190 21438 4687 7730 7847 21282 16647 31 9193 4687 4 7730 6103 18506 14335 14018 17872 7282 27 4 11462 9193 22805 15678 18481 7847 8995 4179 4 17458 991 6103 9193 17931 4 7847 20402 9193 15253 7730 8995 15138 8455 7509 9942 6281 8995 4687 27 5 14335 13325 21371 7509 22898 18498 7847 9743 9193 16468 22834 7850 19972 5320 31 11454 6103 12979 6281 4 16066 18476 31 19972 21438 30 7730 7847 23029 7509 15299 7730 9743 28 28 28 27 20539 15253 23135 20402 15138 13688 27 13909 9193 22318 1027 1920 14539 5 7730 18533 22318 16318 17438 21793 8956 21551 6103 17931 4 21596 4181 18498 21793 18498 13055 20402 20463 970 4 12894 8918 6103 23135 4 15658 21282 16673 8361 18498 20402 6103 9324 1542 4 13909 16673 16971 14149 18498 23135 20402 8995 18498 23135 20402 2727 4273 23502 22898 4 13909 15658 20402 27 31 10765 708 5 
22318 1027 15144 7509 9193 22942 20 21 
21 21 21 5 5 9193 22318 13405 17872 10765 20149 1027 4 9193 22318 13405 17872 10765 20149 1027 5 5 21 21 
3058 7127 20 21 
21 11203 31 16971 15128 5 15678 1114 31 22898 7545 5 1097 21075 5 31 4672 6075 8561 5 9193 28 20293 8995 13761 5 
12787 28 1150 20 21 
21 9808 29 1249 7730 29 15266 8 29 21 21 1114 17872 22942 12526 21 21 21 
6075 22463 18830 7850 19486 20 7578 26 17165 22942 7687 7850 2513 
20965 20402 15678 18498 8995 21596 17872 21252 6 
21 21 21 2745 20402 15678 10433 21 21 13512 20474 3183 2136 15678 20749 18652 21 
21 288 18498 9193 15658 21596 13909 13764 6103 21389 18498 9193 13055 4346 11462 4 22318 22805 5741 13667 6103 9193 15658 8995 10544 5 3450 7127 13909 13512 4 13909 15108 4 13909 19483 5 9193 22318 1027 21389 4 21389 4 18498 20149 9193 17304 22318 11139 7914 22463 17541 17872 14197 15425 4289 16936 4 16689 18498 9193 15658 17511 6 16323 16673 21021 7509 21 21 14464 6103 28 21 21 7850 9789 6103 4509 5 1114 20149 5876 4 18498 13640 21776 2371 13405 22463 14984 22318 17737 17872 23135 4 17458 17872 9193 23135 20293 12780 20402 9193 2689 13512 4 7730 17438 9721 16404 6103 5741 4 13055 8995 4766 31 3790 12009 6103 21389 4346 5 
14265 7730 15036 17438 23135 9193 17831 8 29 21 
1114 4796 1920 23135 15658 10648 6103 14425 9645 0 13512 1027 15138 15925 28 
21 3058 7127 6 
23016 2461 
23016 15924 2547 
23016 9867 9645 21 
21 21 21 871 7127 22327 9743 20357 5 8329 12861 4 19698 7509 5152 4 4346 18476 17629 4 7730 8386 18498 22327 349 17438 871 18736 21 21 5 
28 4646 5 21 
22463 17831 4796 20293 6 27 
3058 15533 7576 6 
21 21 21 5 5 5 23016 6070 4815 4 1575 7730 14335 26 5 5 5 21 21 
30 8 29 
21 21 21 11462 15502 12780 9066 14604 7127 4 21282 12780 10691 8208 17872 2700 20931 2988 21 21 21 
17260 20 
21 21 21 2631 9193 22318 22805 4 17872 15658 16721 7850 6408 21 21 21 
3653 15678 15924 2547 27 13512 30 7509 3009 
15036 
15658 15391 13285 20 27 15924 26 
21 1114 4 1114 7730 13909 15299 20 1027 23135 20 8 29 21 
21 21 21 18498 15144 19854 
12960 9193 21 21 4672 21 21 20402 
7491 18498 7914 20931 3590 9193 15658 6246 13909 15658 
31 3962 20402 9193 4 23135 18498 12780 7957 
13055 17872 19969 7509 20931 15253 7730 6256 14604 4693 21 21 
28 21 
21 15658 20402 14905 15658 4 20244 19318 15658 21596 7804 20 28 16367 8918 7509 28 28 9605 18533 31 22816 21 
21 29 29 29 15458 6086 18498 20149 12345 22463 4403 15604 7914 9193 22942 5 20402 15458 6086 18498 9193 22942 4809 21810 15619 19860 5 11462 9743 29 1249 1393 20463 13131 14604 1114 4 7730 17511 7491 4766 21793 4181 18498 20402 15678 29 14426 1249 7509 9193 22942 5 21282 21596 31 662 17438 22327 18498 21596 9790 17438 9193 4 16673 16135 4815 4 16673 3870 7730 15678 1114 18498 15643 23135 6256 9620 4 16673 18346 6103 15978 4 16673 136 4 2702 7730 15012 4 17438 20402 8956 11474 14149 5 4524 18498 15458 29 1249 4 21596 1612 9632 3213 17438 4499 4 17438 15936 7176 7730 4524 17438 1612 1961 18498 31 10765 20293 3213 4796 27 21 21 1114 6075 22463 16620 0 21 21 21 21 733 1114 17458 15658 16630 22463 17872 23135 0 654 18533 15012 14604 19983 0 21 21 27 20293 1920 15658 20402 4 13909 11066 31 28 4 20293 19900 5459 4 8627 9193 15936 7730 1540 7459 31 4796 875 27 5 22463 7127 14335 9594 18498 21793 16255 21596 20931 21373 4 17438 13909 21894 18498 7847 20402 4 7730 23135 20149 8084 4179 7850 9193 4 17438 13909 21894 18498 9193 13055 21596 20402 15458 22942 4 14335 238 4766 6198 7730 18471 4 14335 1027 7509 12939 18498 9193 20402 4 20539 1655 16404 3805 4 21491 4 14694 7730 7972 4 7730 9193 22318 1027 1920 4 13202 4 16223 19835 4 22938 7914 12963 4 13909 20402 1920 18498 31 10765 12780 20149 4886 5 8840 18779 21793 15576 17233 4 1612 18498 31 26 16468 11518 7730 11518 4 5459 7730 20825 5 23135 20402 15678 11474 7509 9193 22942 7730 20402 23135 18498 9193 18533 17872 20293 7509 14604 13131 5 21371 18533 662 16673 9634 18498 14335 6075 4 9193 20744 30 4 14604 20744 28 4 18498 6670 15678 17838 14335 330 4796 9942 7730 20293 21582 14335 659 6103 21793 31 14031 4 662 16673 5915 28 28 7730 16673 5029 15678 28 4 18498 21371 14335 330 7730 8995 20293 879 7509 15576 13131 4 28 20402 22385 10748 4815 18498 14335 8414 21793 23135 6103 17737 17872 9193 5 3058 288 18498 13055 8678 6329 27 4 21282 18533 18498 19900 7730 15643 12780 3697 6103 7491 4 22318 1027 7730 18533 23104 4766 23135 16673 19509 7509 9193 22942 5 22318 1027 14604 1114 8 29 16323 17872 15671 4 16673 29 1249 13030 5 21 
21 21 21 18476 15678 3532 1467 22326 2647 1868 5 16066 14425 6 23123 6103 11303 5 21 21 21 
16200 6103 20214 5 28 12029 7197 7509 15567 7509 28 
28 6075 3058 20402 6329 15925 13520 21793 7127 21596 23032 9193 
28 7914 28 20 21776 9808 15925 23016 31 28 13520 23151 20293 
21 30 4 3058 21596 7558 16192 18498 19525 15678 18498 9193 18533 22318 7491 6 21 21 23151 20293 21 21 21 
21 20402 3625 4 20402 3625 4 20402 3625 20 28 20497 26 7850 7914 28 10648 17461 18533 13909 21 
21 28 6075 22463 20497 6103 5215 20 16323 31 12346 20 
15658 4913 4 482 20 21 
21 18494 22463 1249 13055 4 17304 23151 6103 15604 0 1027 15138 4 9193 20207 9634 8 29 21 
21 21 21 1114 7509 9193 22942 4 6073 2136 31 9173 4 15576 6999 20402 22129 7850 14280 21 21 22318 1027 22942 8 29 21 
15678 7127 18498 31 23136 15658 21596 13909 9971 27 20 
7730 15678 5505 0 
21 29 1249 7730 29 15266 1393 13131 7509 11474 7509 9193 22942 8 29 15708 17438 22327 18498 21596 9790 17438 9193 4 17438 8995 20293 1393 14604 13131 4 17438 20402 8956 16971 14149 5 22318 18533 17872 21793 20293 20 18498 23016 13909 29 1249 1393 20463 13131 5 
22318 1027 10943 7509 9193 22942 8 29 21 
21 21 21 11454 6103 20293 4 22385 19335 
13055 15658 14335 3391 21 21 21 
21 21 21 15678 11861 20402 20402 23135 4 14539 18498 20402 9074 4 20402 23135 4 14539 18498 20402 2932 4 2932 21 21 21 

