22823 8908 7509 10523 5 
3364 28 
21 3364 28 4 28 28 4538 4 28 28 21 
3364 28 
22597 18449 5 
21 16334 22463 9970 9632 6 25 20 
27 21 
9312 5 5 5 15678 5431 7509 18498 20149 22805 7914 15138 3976 5 
28 15576 6103 3450 7127 5 
28 13542 
21 27 
28 28 6103 16027 5 21 
15286 20 
21 22327 2727 18498 31 13647 12894 6507 4 9193 15678 3790 1765 20 21 
21 26 4 28 28 5 21 
31 4456 13909 19871 7509 15802 5 
21 28 16404 5 28 4 15061 17872 28 5 21 
20293 2118 5 
7730 13909 22463 22897 15678 3873 8995 23566 7509 19735 5 
18476 31 16526 15658 15684 5 5 5 
14031 20 
23 20 
21 9193 7728 6 20149 22463 21644 21596 20931 14847 9443 19822 7686 22463 1889 4 7102 662 16066 9901 16404 5 5 5 21776 0 21 
8956 19900 5 5 5 
21 31 15286 20402 20497 4 9193 740 15658 21596 22886 15678 4561 5 21 
21 15594 4 19703 4 21 
21 22202 7509 17998 7509 15383 7509 20474 4 19703 5 21 
10484 7509 2667 
15286 3058 5 
21 3439 6103 10055 4 27 21 
27 
2727 1920 5 5 5 
9808 7127 7509 
21 27 
3058 5 5 5 19703 21 
21 27 
21 
21 3364 28 4 13325 31 28 28 7850 16421 4 19703 21 
27 
3364 28 
9707 20 
15855 12861 3364 28 7730 28 28 4538 
11731 5 5 5 19703 5 
6006 15444 0 
19525 6103 15678 18498 16721 20402 31 20709 12181 18498 21596 11462 5 
21 28 28 4 28 28 28 4 28 28 21 
27 
21282 9620 31 16440 7914 18498 20149 23123 5 
20402 2727 12861 18498 19761 5 
28 5 
3058 9367 21371 14514 6987 5 
27 
21 13090 5 
13948 4 19703 5 21 
1502 5 
7487 18498 1097 20402 31 9634 7914 18498 20149 16878 8637 7730 17438 12861 14335 5241 22463 3790 6103 20855 5 15708 31 21793 16673 23176 6103 9808 1247 7730 19900 18498 20402 11756 662 17438 22398 7914 9193 22942 5 
14031 20 
9324 11644 5 
28 19844 5 
14907 20605 20 
7487 18498 7850 13749 18772 7847 20402 13909 13372 4766 22386 18498 20463 9956 15658 15061 7730 20244 15678 8564 13761 4807 5 

