21 3840 10628 4 13909 22463 8503 7509 21266 21 21 28 4 11336 16066 22972 0 21 21 21 
19097 10015 654 20 13055 20 15459 12459 20 
26 15101 28 5 
2136 15678 4785 7509 1249 29 22463 23577 11111 20402 19483 17438 29 7509 12301 18498 20402 22755 7850 28 5 23135 5108 15459 11111 15678 2625 16404 6256 7847 6146 15678 18498 23135 7102 16066 15658 19900 0 
4796 20149 15658 2626 28 21596 4713 18498 23123 
21 15855 21282 15658 21596 22463 10508 16813 11686 28 4 9193 4766 31 15127 4559 654 21596 22463 4457 6103 21858 20 21 
21 8995 8840 15678 17106 6103 21793 4 18533 20402 14426 7730 13909 8849 5 5 5 9193 21282 5219 21752 18074 7509 10766 5 21 
21 15678 8978 8995 20738 13909 6103 22463 21761 7914 14245 17438 7127 4 15894 18497 16066 13909 16971 5320 15678 2048 20402 2473 5 16192 7509 16972 7509 26 26 1631 26 4 15658 9193 5 
2727 4 13640 41 7509 15599 7509 26 4 23016 16083 7509 21371 3241 2669 5 31 7894 3170 10447 16404 15678 9194 7914 3348 6103 20214 5 
7850 19349 13004 4 8062 7730 16083 18498 20402 19671 1614 7509 28 4 4766 21 21 23206 8051 10041 21 21 7914 20931 3962 51 15678 13753 18498 21596 1614 16404 23104 21 21 22942 20558 6103 11764 4 9193 13909 20215 21 21 13761 5 
20402 21282 9193 4 16066 873 13909 22805 31 12790 7397 0 21 
21 15603 4 15678 14334 28 22 20539 9743 16208 5 5 5 9193 28 11123 31 23414 15658 21596 13494 20 21 
21 21 21 31 16967 20402 28 26 14480 26 26 15061 18498 29 4 29 7509 14995 7509 19143 1547 17877 6103 1268 4 6103 4901 7730 6103 5426 6103 11913 4 991 6103 191 6103 20994 18607 9193 29 15266 1293 1393 8429 5 21 21 
7839 9010 31 9433 6103 21389 23560 0 
16083 10192 6 
21 3894 17930 28 28 4 4796 12862 550 31 21592 7509 28 0 21 
21 21 21 21596 10959 6103 16605 4 5960 1453 20931 910 5 21 21 21 
25 20 20 20 20 20 20 20 20 20 20 20 20 20 20 20 20 20 20 20 20 20 20 20 20 20 20 20 20 20 20 20 20 20 20 20 20 20 20 20 
21 22805 18201 4 20700 20402 12862 5 5 5 15678 18498 23135 9743 20402 17866 14539 5 21 
7730 22385 2725 31 1489 7509 13301 20 
21 7850 26 16404 22020 20402 28 15637 10896 4417 6103 17819 15190 4 15604 6472 20402 13185 16404 31 9193 28 4417 20 
20402 18498 5219 17653 28 21987 7730 17654 6103 20402 28 0 21 
15604 28 20402 19060 1603 31 21951 7509 28 5 5 5 9193 16098 2136 31 16440 7914 18498 9605 7509 6999 15678 21931 18498 11765 16404 18956 31 4417 5 
21 21 21 4407 22840 1893 16987 21 21 5 21 21 12780 6103 22840 17458 15658 20402 16536 4 20402 4967 21 21 5 21 21 21596 18498 15128 31 5518 7509 14243 4 17458 31 17654 7509 18250 17098 15678 15215 6103 22840 9010 10343 20402 7509 20434 4 31 18020 21 21 5 
909 4 14604 28 11123 4 15128 6103 1961 6 23135 19900 15678 18498 20520 31 16192 21 21 28 21 21 0 
15658 31 16192 4766 21 21 2372 21 21 4 13914 4 15540 7509 16587 5 9193 20539 31 16192 4766 21 21 2372 21 21 14767 14539 5 8956 16836 20402 22463 21662 20539 16404 19900 15678 18481 873 9620 7850 2154 6103 11454 5 21 
13325 15678 3962 18498 12158 15678 16587 7730 12279 15678 1679 7914 17872 31 19039 7509 13908 16683 0 
26 26 26 26 15803 26 5 
21 15678 23222 16393 20402 6103 10628 4 9193 20402 20670 18230 5 5 5 7730 7914 9511 20402 20670 17380 5 
17458 9010 23560 4766 21389 4181 0 17458 9010 17332 22385 314 7730 8243 0 
21355 7847 21282 8995 15684 31 2251 18498 7847 368 5 21 
15604 17960 6103 22942 20 
18481 20402 18498 9620 16404 7847 19969 7509 12868 30 16404 15678 12868 30 7509 1840 29 7509 28 9774 0 
21 22805 4 19671 15658 19822 5 21 
21 16404 18525 288 18498 31 12283 7730 31 5782 21282 550 15678 28 5 16673 14466 1614 15678 20015 15270 5741 340 31 21440 7509 12283 5 5 5 15138 7174 7509 26 20911 15803 28 15894 21793 15678 4982 6103 21 21 26 26 21 21 20402 22463 21310 31 20402 6110 5 21 
21 21 21 31 9388 7509 8995 7102 20931 13295 1453 31 18059 7509 7277 7730 13441 7509 20463 4419 5371 31 10268 6103 12578 7730 17304 876 5 21 21 
21 21 15678 1304 9387 18476 11284 22463 10268 18498 2057 18044 20463 12578 7730 17304 6103 876 5371 31 13295 7509 7277 7730 13441 7509 4419 21 21 
15678 1304 20149 10252 15860 22805 5 31 10431 7509 7277 7509 8995 20402 20931 14799 4 20988 15678 8995 6103 7277 20402 20463 15697 4 11838 7509 13301 7509 10259 20402 20463 6679 5 21 
21 31 14465 7419 8406 31 21631 7730 28 20402 6103 29 5 29 14765 4 866 18498 4766 9193 21480 13909 2288 13405 29 15266 6103 22915 5 18887 18876 31 10279 6103 17281 6103 22463 20818 18498 20402 13185 7850 8806 31 15604 1249 2116 4 17281 8995 31 21 21 1453 21 21 29 11519 7509 10765 5 31 17521 21 21 21631 29 5 29 21 21 4 15692 21593 4766 13905 20257 4766 31 21631 8995 31 29 1261 6073 5 5 5 14425 5876 14425 7509 9193 22765 8733 2352 5 21 
21 15658 20402 20670 2824 7730 3919 4 20402 20670 15678 23560 7 15658 15678 23560 6103 2824 16066 3919 4 9193 6103 22463 20402 11578 1393 22463 16083 5 21 
21 26 26 15803 26 30 22 21298 26 26 26 26 28 15803 26 4 26 26 1631 26 26 26 26 7 26 11617 26 26 26 15803 26 26 16105 26 26 26 26 15803 26 26 26 5 21 
21 7730 21596 18525 20149 288 15678 15252 2050 7914 13424 4 30 30 30 21 
21 6103 14881 18498 4 16404 15678 20634 16683 4 15678 18498 20420 10476 4 15678 18498 20420 13909 11861 4 201 20402 20942 7730 17438 18498 0 17458 15678 10976 8840 18498 9193 15658 7850 6075 17877 7850 23498 7509 17782 7 9193 8840 18498 15678 7280 10793 7509 30 15658 14335 6075 17877 7850 23498 7509 17782 7 15678 7280 10793 7509 30 8840 18498 15678 7280 7509 12477 15658 7850 22126 17877 4766 15678 17689 7 15678 7280 6103 3450 12477 8840 18498 15678 20463 21600 7 7730 15678 20900 7730 20931 11139 8840 18498 15678 17689 15658 7850 6075 17877 5 8443 18525 14018 7850 20634 20402 15678 17729 17458 15678 17729 21596 31 20931 15936 15138 19456 6 20149 20149 12780 9743 871 4672 18498 5405 15678 17689 4 7847 17304 20149 19646 7 20149 15678 17689 20149 19646 4 12034 15678 10976 5 8443 31 21996 20149 9743 7850 2614 4 16404 18498 15658 11284 22154 5 18476 15671 18533 12674 871 14879 15658 17782 4 15678 7280 508 6 15855 4 20892 5 20161 4 15138 5876 4 17458 12861 17304 15658 20402 2727 18876 5 7730 20149 15678 17689 15658 18876 2727 15671 12780 21596 17877 5 31 7297 8995 2462 7 15671 8995 4766 15138 17877 1614 6389 5 20402 7188 14878 8956 8522 18494 7764 6389 7509 20636 6103 22463 17856 5 17477 15678 20634 15658 17769 16404 15299 7 15658 5064 31 4672 15425 7 7847 20402 22463 5960 15926 951 7 22463 5960 6103 12738 6103 15704 951 7 22463 5960 6103 16972 951 7730 16404 15299 4 16404 15658 19522 7914 15299 5 28 4 28 28 5 23067 7509 20634 16712 16559 4 1393 13759 7509 16687 14875 5 29 4 16404 5 29 
20539 4 9743 13909 6103 29 1249 7730 15299 15128 5 21 
4843 15678 16587 4766 15678 11857 20670 20670 17915 13909 3894 7509 15190 4766 15678 18498 21596 11876 23394 5 22463 8995 10259 20402 866 19854 0 
21 21 21 16404 18525 1027 22463 12973 11798 5 5 5 15855 8956 13543 18498 15678 28 18263 4 4766 871 15540 6103 12735 4134 5 
20149 23135 20402 5935 4796 9193 4 19900 18498 15678 28 4134 8995 4766 9604 5 5508 15678 2948 17790 7730 4687 15658 7791 6103 21684 18475 7730 22805 18525 8995 20402 18044 5 21 21 17438 28 28 21 
21 15678 9365 23016 6103 4434 6 13905 11876 20670 11326 4 13905 11876 20670 11020 10265 7730 13905 4163 5371 20821 6103 11857 7730 9223 6103 7468 5 21 
21 23 4 26 26 11943 26 26 636 21 
21 18476 22463 20709 11680 20463 16468 4 5041 20463 10530 5 21 
26 26 20402 26 26 5 5 5 
21 17461 4 9010 14512 30 20 21 
21 22327 15678 18498 16393 4 20402 0 21 
21 31 10543 7509 22781 6103 3440 7730 31 5782 
22463 11474 23104 1393 2708 6103 22463 9078 7730 22782 3439 18527 5 7847 15658 21596 19870 4 15658 21596 21525 7730 15424 13433 12971 4 9193 17918 7730 22782 15678 14425 3439 18527 7509 19143 5 7847 20149 17703 4766 31 7481 7509 20463 15422 7730 4730 3929 16673 9078 4 15812 15678 20463 17915 7914 23180 951 6 21 21 18525 18533 3439 18527 0 20 21 21 7730 15678 17563 4913 7730 10959 5 
31 22782 20402 2156 7730 3450 22897 13909 7847 4913 15678 14425 18374 7730 31 14425 19996 5 20402 15392 21371 490 22463 10164 13905 16404 2011 31 11020 18478 6103 10357 5 7730 15678 15422 18028 31 15860 22805 6 21 21 18525 18533 3439 18527 0 20 21 21 5 20463 3439 18527 20402 15678 14425 20 
22772 4 7847 5219 16162 22463 3058 8632 1393 9942 5 15678 14464 5741 4 7730 20402 9130 7766 15637 7509 14426 9574 7509 16587 5 22327 11066 1393 20463 9547 3439 18527 21 21 18525 18533 3439 18527 0 20 21 21 
1249 6408 4 9980 4 15678 9942 13055 10211 4 23151 16404 3962 4 15585 18498 15678 16169 5360 4766 31 22942 6103 20293 4 22782 4 659 7730 18028 7730 21681 22463 21267 5459 4766 15678 16169 6 16169 4 8443 23135 15658 16098 19870 0 23135 15658 22805 21525 0 15658 267 31 28 7730 15658 13359 15678 12971 0 11284 22463 11020 5782 7850 15190 5 31 20644 7509 15576 16587 20402 5856 5 8995 22327 19854 5 15678 28 12780 18506 5 
6408 6103 16098 31 5243 7509 9942 7614 4 15678 16169 16721 6 21 21 2727 4 20149 14604 9942 18498 9130 7766 7850 14425 9574 4 13359 12971 4 22805 21525 7730 28 4 16429 6103 19415 20699 4 7730 288 12862 4 8443 21282 17304 8995 4766 31 18736 4 31 4672 7102 8995 9786 14539 20 21 21 
4766 14378 7509 5782 4 15678 16169 17908 22463 10236 6103 18374 13909 2553 7730 20402 4524 7509 17106 18471 5 
4809 31 4913 19996 13909 2553 18498 20402 4 21371 4 31 17106 5 16404 7770 4 16367 6103 9743 3929 6103 17998 7850 9078 5 
15511 4 4796 17797 16673 9942 4 15678 15677 6103 4552 7235 5 
61 16673 15588 7509 5782 13055 15658 15812 15678 20463 17915 7914 23180 951 5 21810 8956 18083 4 31 22782 4809 31 3510 7730 20402 3510 4 3510 7730 4289 31 15669 12505 7730 15678 15422 6103 3439 18527 7509 22765 4 18498 1276 10795 18987 2136 16404 9743 15678 9942 9130 7766 7850 14425 9574 18506 5 
15678 16169 4 22223 4 8443 9594 16404 15678 9942 6 23135 8995 4179 4 14604 9942 4 15671 8995 7850 14336 6103 22463 11020 5782 5 7730 4793 4766 15678 1097 4 15999 6 2745 31 11518 7914 18498 9193 9743 14604 9942 9130 7766 4 7847 14335 2322 7509 5782 20 
9010 21684 9193 19604 22463 11020 13606 6 23104 7914 22463 15190 5317 6103 14309 15599 7730 20149 15658 21810 15678 7102 5876 4 8956 14309 15599 9193 12287 31 17406 6103 19822 31 18029 6103 9193 22942 4 17477 4 5878 4 13449 7730 13749 16673 20463 15699 6103 10211 5251 7730 16867 5 
8443 4 18525 18533 3439 18527 0 21 
21 21 21 15658 6075 18164 16404 26 21 21 12296 15678 7280 6103 3666 7509 28 26 4 15459 21649 5 21 
21 21 21 16404 21793 17877 4891 9387 22463 19484 20558 4 15697 7730 8561 5 21 21 21 
21 28 28 4 15855 20 21 
21 15678 16169 7509 28 4766 5174 4 15678 14271 19483 17438 6446 31 12537 6103 11154 15381 7730 15036 8918 7730 388 16673 20463 18191 16587 4 31 18525 21389 20444 5 21 
21 288 7850 28 4 5855 20892 28 6 
21 8956 21752 20402 7509 11718 2167 26 26 7730 20402 21944 16673 4003 5 
21 26 11529 20 15833 26 4 26 11529 20 21 
15678 15540 7397 20402 11154 3601 5 
21 31 22821 20402 7847 20293 20402 15678 22979 5 5 5 
13325 28 28 0 
21 21 21 15678 18498 31 15256 7277 8678 31 15256 8933 1400 5 21 21 
15658 8840 5 5 5 15658 20402 21 21 5603 21 21 0 15658 21596 866 4796 21 21 6075 7730 21810 21 21 0 
4796 20402 31 10343 14539 0 5 5 5 733 20539 20 20 20 
31 10889 14487 20 20 20 
10343 4581 20402 20293 14426 15459 3976 5 21 
21 5559 1303 31 18610 29 4 29 5 5 5 
13055 16098 9594 7509 7277 31 14309 10547 4 9193 2371 13055 20402 9303 20 21 
21 26 28 26 26 26 26 26 26 26 6 
21 21 26 7509 26 26 26 12863 0 21 21 4 21 21 26 7509 26 26 26 15803 12863 0 21 21 5 
26 11617 26 26 26 26 15803 26 26 26 5 21 
21 28 4 1114 4 13325 6072 4416 5 5 5 0 21 
21 4796 26 4 26 20 12863 22 20539 26 20 21 
15678 9535 15291 20444 15576 16587 5 
20402 12226 5 5 5 
21 31 22495 7509 8632 6103 1826 4 4509 7730 11571 28 7509 13905 22516 7509 8995 4 7509 16587 4 7509 28 13229 7730 7509 11308 21063 22575 1547 20931 15955 22749 7509 2519 5 5 5 21607 20 
19335 4 2519 21607 5 
31 13909 9989 18471 31 20446 7509 13721 6103 21613 5 21 
15678 17807 7509 10688 7850 3059 1393 19030 7509 15190 7914 14230 6103 29 5 
24 20 26 26 10628 26 20 
9193 7730 9193 13512 10207 20 
21 22805 17930 28 28 5 
21 21 23222 5947 9193 7953 5 5 5 15678 16972 18533 12641 14684 9193 18910 7509 9620 6103 13441 0 0 0 20402 21267 0 0 0 21 21 21 
21282 14335 15061 16083 28 20149 21095 9010 5 
26 23414 26 19226 20 
26 26 20 26 26 20 
13729 7617 20 
15678 8995 6103 20402 28 20738 6103 9026 449 17971 20 
21 21 21 7850 16468 4 31 16775 18449 21570 1393 15623 6103 18498 15678 13909 17297 21596 17875 13905 6103 636 6103 10211 11695 4 17438 8995 20663 17766 9983 7730 20663 5055 13909 7188 5 21 21 
21 21 9193 31 16967 6103 28 23 21048 15678 5431 6 18498 21596 13909 7251 9743 4766 18498 23135 20149 17703 14466 4766 15678 16083 7730 20149 20357 7850 7277 6103 4730 12578 18191 7914 17819 13727 5 21 21 21 
21 16630 12641 14684 8978 7730 16066 7424 14684 20402 5767 6 

13301 15677 29 5 29 4 6103 29 6103 12897 6103 29 5 
1825 5 29 20402 5767 5371 15678 8995 7730 31 20931 15970 17380 7730 20699 15678 6219 7730 18304 9193 1840 6990 13301 4 31 19900 6 
1825 5 29 21582 6 
11617 20967 15678 21639 7509 15382 4 16066 16440 6318 4 1393 20665 6103 8995 9069 7 
29 6857 4 17438 14336 6103 15102 1694 16066 22336 17229 4 15678 21639 15291 6670 18498 16404 11807 20402 15392 17884 31 15932 6103 11154 7 
29 15128 31 15970 17380 16066 20699 8962 7850 28 4 14353 753 16066 20995 6103 8995 9069 16066 6103 15989 9069 16066 6103 3952 12604 7 
29 21007 4 17438 14409 23005 4 31 15970 17380 7730 20699 4 4766 15678 9971 6103 8962 7424 6103 4526 20699 4 6103 11111 16066 6103 12186 7 
16689 6 7850 3962 7509 12868 11617 31 29 4 18917 6103 29 31 29 1249 1393 3393 4 7730 6103 29 31 29 1249 1393 6329 630 7 7850 3962 7509 12868 29 4 18917 6103 29 31 29 1249 1393 3393 4 7730 6103 29 31 29 1249 1393 6329 630 5 
5 5 5 
28 28 

13301 15677 29 5 29 4 6103 29 6103 7119 6103 29 5 
1825 5 29 9010 13301 17797 15678 5767 18498 13363 16066 9450 31 16849 6103 13370 6 
11617 31 12524 21638 7730 31 20665 15291 7 
30 15678 19136 19365 7730 6345 4 31 9778 7730 15678 8995 6103 7277 7 
26 31 16971 7509 4284 7509 17304 7509 22521 5 
1825 5 29 18476 15678 9707 8995 21371 17797 4796 5767 7850 6026 16683 4 7850 6026 16683 14684 16066 7914 13301 8810 4 13407 7914 5320 4 16404 31 1489 6990 13301 6 
11617 31 15082 7730 15678 15699 7509 630 7 
29 31 13370 18772 16066 17542 1393 2727 13039 14455 7850 1840 1293 5 
1825 5 29 18296 31 21583 4766 31 16689 5591 1393 5767 5296 4 19038 6103 22463 31 7558 21651 4 18476 15658 11284 9457 17803 7730 4818 8831 16404 31 9927 21582 5 
16451 23577 15678 630 18498 4 23157 4 6820 6103 18031 7850 9364 4 16066 11810 18498 15678 19522 20149 17918 4 21282 19474 16673 2073 13055 17599 5 
1825 5 29 20402 4475 18498 20293 673 31 16689 4 18476 15658 7862 7509 5767 6 
11617 20402 15678 630 19175 7 
29 21596 15678 630 6 
31 17599 15678 5767 4766 15678 2275 4 6103 18475 8905 4 6103 10982 4 15989 12604 16066 11112 9070 7 
2372 17982 4 15988 16066 7286 31 2060 7509 6329 4 7850 3962 7509 5037 6103 630 5 
5 5 5 
1825 5 29 8406 7914 8388 16066 15410 4766 10982 16066 11111 9069 4 16066 20463 630 4 16404 18090 11154 16066 2073 6103 11552 5371 15678 28 5 
16689 6 18917 4 6103 29 31 29 1249 5 
16451 23577 15770 31 11154 16066 20402 6702 15678 2073 6103 11552 4 31 16689 2155 2136 15678 7521 5 
1825 5 29 21582 20967 15678 21639 15291 4 16066 16440 6318 4 1393 7584 16066 1393 20665 6103 16083 16587 5 
16689 6 18917 4 6103 29 31 29 1249 5 
16451 23577 20149 7509 9707 19522 13370 5576 11051 4 31 16689 2155 2136 22463 21649 7 20149 19522 15041 2155 2136 31 14561 5 
1825 5 29 884 12186 6103 16083 16587 16404 12708 7509 21639 15291 5 
16689 6 18917 4 6103 29 31 29 1249 5 
16451 23577 15770 31 12708 4 31 16689 2155 2136 15678 7521 5 
1825 5 29 21582 6857 16440 7509 21639 15291 16404 5278 16587 12125 5 
16689 6 18917 4 6103 29 31 29 1249 5 
5 5 5 
28 28 
20402 1920 18498 20149 9743 4509 6103 22821 20 
21 13416 4 13891 0 15658 4 20833 20 21 
31 11884 7850 28 7730 7850 15190 5 
15678 18498 14539 23135 288 18498 15658 17304 9743 0 
21 26 26 26 26 4 26 26 26 20 21 
18470 16958 3450 8995 7850 7861 9776 0 
9193 15936 20670 31 11898 15291 6 
7146 0 18498 14512 14910 20402 9010 0 
21 9130 15061 18498 29 4 29 7509 17436 23104 7850 17298 4 7850 28 20 21 
21 3170 6103 29 1249 18876 22463 21 21 15036 20931 16404 8995 21 21 1393 12755 6103 2022 15258 7850 28 5 
23135 19900 7397 0 2727 4 20149 23135 288 22463 14307 7509 15267 19161 20670 12862 14335 15061 5 21 
9010 20402 873 18498 15658 12780 13909 20402 4229 13761 10889 
21 18476 22463 16169 5150 15678 20463 9942 5 
13909 7914 11560 6 23273 5 28 5 4766 18610 28 21 
21 2631 22463 6834 7730 21 21 3058 21 21 9193 23523 15643 9387 20 21 
21 4676 6075 22326 4 13278 18498 31 21480 17304 762 5 21 
21 17438 18498 8995 20244 702 0 
17458 7847 8995 13717 0 
7730 740 8995 4766 15678 28 4 17438 18606 0 21 
10731 6103 20673 20 

