21 12960 18498 9743 7686 31 23575 10883 26 4766 15678 21535 19712 5 9901 2727 2389 5 472 18498 12960 7730 14335 7491 15678 18498 288 20 20402 9790 16404 12960 7914 7681 4 9193 20149 18533 21662 21282 7730 14335 5320 15678 18498 288 21371 9901 2727 9808 20 6 6103 21 
23032 5 5 5 
21 22780 14047 
8995 22782 871 15138 22406 7509 9193 4711 5 21793 7847 8995 7914 23570 8995 7730 31 11020 13907 8995 4886 5 20149 873 20149 12578 16066 5174 873 18498 17511 8995 12578 4 14156 2371 6 6103 
13566 4886 41 6 
5 26 6 31 13340 7509 3151 7509 5738 29 1393 29 4886 
18610 29 4 29 
26 26 6 30 26 26 29 1393 29 4886 
18610 29 4 29 
26 26 26 29 1393 29 4886 
18610 29 4 29 
28 14046 29 7730 29 4886 
18610 29 4 29 
26 28 29 1393 29 4886 
18610 29 4 29 
26 26 6 13266 6103 20044 29 1393 29 4886 
18610 29 4 29 
1971 26 29 1393 29 4886 
18610 29 4 29 
26 26 29 7730 29 4886 
18610 29 4 29 
26 26 29 1393 29 4886 
18610 29 4 29 
26 29 1393 29 4886 
18610 29 4 29 
26 26 29 1393 29 4886 
18610 29 4 29 
11156 15242 6103 28 29 1393 29 4886 
18610 29 4 29 
28 26 26 29 1393 29 4886 
18610 29 4 29 
26 26 29 1393 29 4886 
18610 29 4 29 
28 29 7730 29 4886 
18610 29 4 29 
26 26 26 29 7730 29 4886 
18610 29 4 29 
20024 28 29 7730 29 4886 
18610 29 4 29 
28 7795 10943 29 7730 29 4886 
18610 29 4 29 
26 26 29 31 29 4886 
18610 29 4 29 
26 23274 26 29 1393 29 12042 
18610 29 4 29 
14133 29 1393 29 12042 
18610 29 4 29 
28 3840 26 29 1393 29 12042 
18610 29 4 29 16066 18610 29 4 29 3450 
26 26 29 1393 29 12042 
18610 29 4 29 16066 18610 29 4 29 3450 
26 26 29 1393 29 12042 
18610 29 4 29 16066 18610 29 4 29 3450 
26 26 29 7730 29 4886 
18610 29 4 29 
28 23154 20860 22463 29 
18610 29 4 29 3450 14466 15678 29 4 18498 20402 18705 4 18610 29 4 29 
28 26 23154 20860 22463 29 
18610 29 4 29 3450 
26 26 23360 23154 29 
18610 29 4 29 
26 26 23360 23154 29 
18610 29 4 29 
28 6 28 26 23154 29 
18610 29 4 29 
26 26 23154 29 3653 
18610 29 4 29 
26 12261 23154 29 3653 
18610 29 4 29 
31 16971 28 23154 23577 
18610 29 4 29 
5052 26 23154 29 4 29 7730 29 
18610 29 4 29 3450 
13854 13876 23154 29 7730 29 
18610 29 4 29 3450 
26 23154 29 7730 29 
18610 29 4 29 3450 
1027 7730 20402 28 23154 23577 
18610 29 4 29 
29 13581 6103 13764 23154 23577 
18610 29 4 29 
15664 26 28 23154 29 
18610 29 4 29 
9835 23154 23577 
18610 29 4 29 
26 23154 23577 
18610 29 4 29 
26 15585 7795 8810 23154 23577 
18610 29 4 29 
19635 26 7914 12910 23154 29 6103 29 
0 0 0 21 
14724 30 5 15678 15855 9901 14336 18458 6 
21 6408 6103 15138 21551 20244 5762 15299 4 17831 13006 15344 6 6103 
654 20402 7847 18498 12780 9743 14604 30 17438 9193 5 21 
21 3807 20 8956 3790 20402 3058 6329 20 28 14334 28 4 14425 5754 6103 12963 20 15678 1840 20402 13669 4 9193 19900 4 9193 22657 15138 31 16689 13359 16066 16673 14466 16647 31 11644 7509 18498 15678 3790 9743 5 18498 11208 20 21 
21 14414 20 11111 10211 16404 31 28 20 13761 5762 15576 17819 12960 4 654 15138 16083 23016 20 5947 9193 18352 7730 340 20 6 21 
21 11560 6 26 29 5 4766 26 26 29 26 20402 28 
12780 20402 7850 20298 20 20 20 
28 28 15460 4 28 11635 4 28 13098 5 28 28 4 28 28 4 28 28 7730 21793 15190 18498 22564 26 29 20 20 20 20 21 
21 28 28 4 28 28 28 4 28 28 20 20 20 6 6103 21 
21 11560 6 23273 5 9789 4681 5 4766 5 3148 
19751 6103 20866 20 20 20 6 6103 21 
21 28 28 15460 4 9980 15678 28 5219 15344 20 6 29 21 
21 8329 23135 15658 19196 20931 5564 4 28 28 5 18525 8995 22564 20402 31 9193 16104 20 6 6103 21 
21 26 26 5 1614 8995 4 28 28 21 
21 28 4 15678 16030 5 9901 17989 4 28 5915 20 21 
21 201 6103 16765 18498 17950 7730 5655 20402 2060 15138 16393 5 17819 23135 11731 15678 18498 23135 12780 18533 7730 1616 16393 16816 4 8443 23135 4785 31 9743 5 9743 15678 14900 4 20149 17229 4 15988 7730 4785 5 5 5 13761 16673 14561 23135 22805 18498 31 4672 8995 22463 17556 19259 7730 18498 17304 22318 6075 21932 6408 4 21355 23135 17629 19068 871 16440 4 9193 22327 2727 4 740 12780 9901 15138 2389 20 2371 23135 201 4 15855 7730 21596 23167 6103 12960 22327 20402 17458 15658 9901 2727 4796 23135 21596 11731 18498 9901 5 5 5 5 5 21 
21 11462 6592 18498 18525 4809 4766 31 11066 7509 21 21 26 26 21 21 20402 22463 16971 4229 26 28 5 7847 21282 8678 15678 17819 13598 20670 2372 7730 20670 23135 7730 5421 16404 15678 6731 7509 28 5 10765 15558 4 4796 9193 7730 23135 5 5 5 21 
21 28 28 4 28 28 28 4 12780 8361 28 20 21 
22385 3086 5 5 5 
21 28 28 4 28 28 28 4 15855 15678 16752 1414 7850 3393 20 30 21 
20402 22385 13520 20 
14731 16251 
21083 22446 14724 28 
21 15874 10606 20 11462 8458 4 13026 4766 28 13098 5 28 28 4 28 28 7730 28 28 15576 17819 1488 9978 7730 3086 26 20 740 12780 6361 2136 9901 7359 7850 26 26 4 9193 8329 12861 4 753 15138 20149 23135 5947 31 9193 18352 20 15138 15708 20 20 20 6 6103 
16251 20 
18498 4672 13909 13512 20 20 20 20 20 
21 14156 16673 28 13098 5 28 28 12780 9743 8956 13564 6103 12960 4 12780 15658 9743 31 6103 13591 7730 15424 31 6103 9956 4 8443 20402 13690 7509 14924 5 5 5 8995 7914 15970 6103 13324 7730 15658 6103 11868 5 5 5 
29 26 26 29 11518 7730 11518 17908 22437 7730 4766 14378 6103 12960 31 9692 29 7509 7254 5 
29 28 15658 19900 18470 4 9193 23016 22463 22861 6339 4766 15678 28 7730 9193 12960 6329 8147 15678 4886 
29 28 26 14604 17819 28 4 15658 8386 15299 7730 15643 19900 7277 15678 18498 9193 8995 9743 30 
29 28 15906 17819 26 4 740 12960 6103 22897 7914 18476 
29 26 26 15005 26 15803 14712 26 21083 26 26 20 20 20 
29 26 28 1421 9743 17556 21551 16404 9193 4 12960 16673 17819 22897 1249 16468 4 9193 15658 13202 2136 21623 4 15138 7451 20 
29 28 26 7340 18475 13046 
29 28 21371 15658 8386 15138 17458 15678 14604 8995 7914 12910 5 5 5 288 18498 9193 12960 15678 28 26 29 5 18498 3058 18498 15658 21596 15138 4672 8678 7730 21282 15678 18498 9193 17629 20402 6168 31 20396 18498 9193 7102 1467 
29 28 26 13512 7730 7451 5 18525 15643 12960 7102 6075 22463 4245 20 
29 12787 28 19839 4 938 7730 14799 18498 22657 15585 30 4 14335 7451 2625 21389 4766 15678 29 4 18481 4766 15678 29 6 6103 
9971 6 6103 
15855 654 15658 21596 12960 18886 5 5 5 21282 15678 26 28 12960 15678 6103 29 
2727 4 6472 15678 28 28 4 28 28 4 3364 28 4 28 28 7730 28 28 5 15658 17629 9743 20149 15658 18533 5 5 5 2700 20 21 
21 7850 9193 15936 4 21793 15678 26 7102 21596 5941 6981 5 20402 4796 15061 15678 18498 23135 19900 13026 4766 18525 23135 20402 6 6103 21 
21 28 26 20 6 6103 
9980 19969 20 20 
238 8141 4766 29 1249 6103 1281 24 
5855 1393 14860 16169 5 21 
3364 28 30 
15678 7127 7509 3031 20402 22463 21021 20 6 
15678 7127 7509 3031 20402 22463 21021 20 6 
9980 21623 31 2422 6103 17951 29 20 28 11635 20 20 20 
28 11635 
28 11635 20 20 20 12780 12960 13026 20 20 20 
28 28 
21 15855 31 13430 4 28 28 6 6103 21 
24 20 21282 4378 29 20 20 30 
28 28 6 6103 21 
9193 19698 6329 20 20 30 
21 8840 18498 21596 6075 22463 4814 6103 22821 17872 7847 6408 4 4676 30 21 
1937 4766 10186 6103 16098 20 20 30 
28 2981 20 6 6103 
28 28 30 
28 28 18498 3086 20 20 20 9 5 8 

18498 11644 10753 20 6 6103 
21 22463 23570 9365 6103 4796 13359 31 4672 16066 1937 31 4672 16673 14561 4 6103 15658 3348 31 12301 31 10484 17304 9743 23135 368 7914 866 4885 7174 7509 18774 5 
20149 15658 20402 1937 22327 4 15658 1937 8956 23222 5 
8956 10672 21582 15061 31 11429 7509 16971 18498 22564 16668 6103 22617 9193 288 11949 22564 31 20149 22463 10696 16066 3439 5 7730 16673 12939 18498 20149 9457 654 21596 14336 15190 15790 7847 7730 288 18498 7847 21898 7730 14265 1233 5 20149 12296 1276 14018 873 17872 10197 20 9 5 8 
21 15855 21282 4 28 28 13909 7451 11644 6103 16169 5842 30 21 
15855 30 28 28 
28 28 30 
18525 20402 8956 28 0 30 
26 20 9980 21623 7730 4730 15678 7055 654 7847 21596 10680 20 6 6103 
26 7730 20463 1097 
21 26 20 20 6 6103 
28 28 4 28 20 21 
5765 9790 6103 5815 5 
21 24 
21 9743 12861 7850 14600 20 20 7 6103 
28 28 7730 18498 21340 8956 0 6 6103 
21 15138 3058 24 
21 28 28 23 20 20 20 8995 349 20 20 20 30 
22942 13591 19249 6103 26 28 21 
28 28 28 
28 28 
18498 9808 20 30 
18498 21340 28 28 0 
21 5459 4766 15678 28 28 5 5 5 
9193 6 9743 29 17326 11462 5 5 5 4766 12861 4 21596 29 6 6103 
20149 9193 22782 21793 17438 29 18772 5 5 5 9901 4766 29 18772 
28 6 22612 4 2442 15678 17807 0 
9061 31 3028 7509 1095 28 0 
9193 6 27 30 
2780 5 5 5 9193 7491 20149 30 
28 6 16066 20402 21282 22463 18771 14927 7914 23042 7509 9201 7509 23575 1249 0 24 
9193 6 9193 26 20402 29 19415 
28 6 22612 4 20954 0 6 
18055 4 18055 20 
41 31 8830 20 
9193 6 16404 4766 12861 20 20402 16404 4624 31 12283 20 20 
28 6 22463 15190 14425 17629 6103 13909 30 20 
14604 9942 9901 7542 17458 15658 21596 1095 28 20 
12959 6103 10523 9743 14466 16673 28 18498 22463 1095 28 20 
9193 6 15658 20 20149 9193 41 7850 26 4 7847 15658 21596 14427 20 
27 30 
28 6 13405 20463 9942 7850 9145 18476 7847 18533 22463 1095 28 20 
15678 18498 0 12780 4809 31 22564 13539 19854 17458 9901 13909 2553 0 184 20 
654 18533 17326 6103 11066 20 
28 6 17563 22507 4 12894 20402 22773 20 1095 28 3894 4 17807 8828 20 
9193 288 1920 4 15138 12370 18498 16673 9620 6103 15816 15678 17807 7509 26 21596 13909 7509 18498 7521 9193 23575 4436 14764 
15678 18498 22463 8812 21596 31 7491 6 
9193 18930 4796 22463 23570 12738 4 13055 18498 12780 20954 29 31 5 31 5 
14539 4766 9052 11020 4 17458 15678 22665 6103 26 6103 1095 28 15643 3510 5 991 20402 4524 6103 21793 15678 9708 18233 8464 7914 21596 31 17511 6103 22463 1095 28 5 
23135 17304 4289 16404 21793 15678 20463 1097 4 9135 15678 16654 7730 7491 21 21 9193 21596 1095 28 21 21 7730 21282 12861 13055 22657 13909 18498 31 22668 6103 29 31 5 31 5 21 
21267 0 20 14539 0 0 0 
21 28 28 28 22803 3364 28 28 28 6 6103 
21 18498 30 6 6103 
28 28 
21 28 28 
15855 12861 4 3086 5 21 
26 
21 28 28 28 4 28 4 28 28 28 15855 20 13909 22463 30 20 6 6103 21 
12780 9743 20 28 28 
28 28 6 6103 
19450 17877 28 28 28 28 
6 6103 
28 28 
21 9193 18533 30 
28 28 
30 7914 1095 28 30 
23 20 20 20 29 20 31 10765 740 21596 15138 16404 1937 15658 20402 0 20 24 28 28 
24 
21 7585 22 21298 26 20402 22936 6329 9 5 8 7157 16404 18525 10959 6103 12963 6103 21 21 20689 21 21 17983 7850 28 21 
28 28 3364 28 28 28 28 28 12784 28 28 28 
12787 20 18498 10141 20 30 28 28 28 28 28 28 28 
28 28 
9193 18533 20 20 
21 12861 20402 13512 6329 30 

1522 18498 8956 21743 6103 14879 7847 15658 9743 15324 17950 28 28 
21 28 28 28 4 28 28 4 15855 12861 21 
4229 15678 30 20 20 
23 20 835 9172 
9193 18533 20 
21 15678 5 15678 
21 31 20402 0 20 17458 0 24 

