21 1614 20402 1920 6 8329 31 15144 5459 4 15678 11474 17714 31 4796 20 21 
21 18498 6324 20402 9743 1247 20 991 6103 8995 13026 7509 16971 13909 18195 4 740 18876 14469 7509 13909 1027 13909 7396 20 15459 1249 9743 18553 6103 19474 21793 31 14469 20 14604 15138 15708 16673 3870 6103 21793 4 7914 8810 17438 18525 17304 8995 17737 15458 28 20 17304 21596 4181 6103 18498 21793 23135 20402 15138 8810 17872 9193 20 
7730 4809 31 4790 4766 28 7730 28 7730 9978 4766 28 15658 20497 11455 15908 19627 21793 31 8208 16404 15678 18195 1249 20 21282 21596 31 662 20 6 21 
21583 6103 10273 15637 20205 5 5 5 
1268 6219 20 20 20 
4766 15678 13520 7730 6103 18506 15678 19169 7509 2449 20 8 29 
4788 31 5204 7509 1097 20 6 
20497 7509 28 5846 4766 31 14426 4389 20 1027 23135 20 8 29 
21 15533 7509 16552 7914 4790 1393 13282 7509 3960 10716 9193 9194 4 17458 1614 31 16971 21198 4766 4799 6103 16826 5 5 5 21 
5762 4766 28 5 4766 26 
9971 6103 21409 5 5 5 17737 6103 6917 5 5 5 
21 18498 13512 22318 20402 4 14703 10795 20 21 
21 16404 21793 15678 28 4 16404 21793 15678 14924 5 5 9193 7730 23135 4 7176 4 12221 4 16375 4 1025 7730 1027 5 5 5 8 29 21 
21 31 28 23151 20 20 20 20 20 20402 2740 4 13512 20 20 20 8 29 21 
28 28 
20402 3058 20149 12296 20670 31 7318 7850 5168 20 
21 21 21 20149 31 20558 19547 6103 28 19450 15678 17877 15291 16066 1393 14466 31 5614 4 9193 8995 7850 28 11091 16673 20931 6448 5 9193 4 4796 7914 21793 15678 1875 7509 9193 22942 4 7850 17380 31 17972 14774 21371 15658 20402 22823 5 368 7850 6448 6103 28 4796 15678 9971 7509 17877 7850 28 20402 4796 368 15324 3929 18498 17973 22126 31 16971 28 7914 20457 28 5 155 15678 15855 5 21 21 
23135 17304 8995 20402 8254 4766 31 17972 6103 22463 7766 4 17380 7730 22942 14426 4766 31 19969 7509 18250 4 3962 15658 4915 15678 18605 20638 20402 31 21 21 5782 21 21 31 18470 23104 5 5 5 21 
15138 3058 1386 20 
22657 31 16689 7480 20 
21 10217 7509 28 20 15138 21021 16404 23135 4 13512 20 20 21 
23135 14335 9743 19698 7730 8125 6103 1114 14604 5528 20 20 8 29 
7730 740 11284 15138 13749 16404 22110 20 
21 3960 7509 13512 7509 28 7730 7509 13512 28 20 1027 23135 7730 21282 6679 4672 3058 16404 31 20931 22942 4 14604 18533 20 8 29 21 
21 21793 15678 16440 20402 11686 4 21793 15678 17382 20402 11686 6 5611 20 23 5 5 8840 2371 20 8443 17438 18498 9010 17653 5762 22463 23567 16404 4774 31 5614 0 
288 18498 12780 16721 13909 20670 5614 7730 20634 17382 4 21355 2136 20402 31 9721 7509 19097 17380 20 
18470 20402 31 7181 7914 8386 18498 9387 7558 13131 4 7730 18498 9193 21596 7277 31 8637 6103 18470 9193 18533 9901 4 8443 9193 8637 9901 6075 1614 20 
15658 14335 8455 6318 4 16673 5431 4 18481 13909 16721 20670 7847 4 13909 9193 368 20 21 
18498 14469 13512 7730 7994 20 
21 14427 7850 22942 7509 16971 4 2092 7509 2288 7730 10255 6103 21793 31 17380 20699 7509 10985 16987 20 12780 4766 22327 4 28 28 20 21 
21 7914 22463 14924 6151 4796 9010 4 22657 31 16689 13359 15678 21684 7730 6862 31 11644 6103 18498 31 17380 7730 15678 17382 20402 21793 11686 5 20402 15392 1959 22463 17509 4 22463 13131 20 31 9193 8637 7850 7127 29 20402 28 28 20 20 21 
21 21 21 16721 7730 23100 31 7804 31 16440 7509 17838 7509 5876 20402 22463 10211 6103 19441 4 18746 20 22463 19652 20531 5 21 21 21 
15138 3058 15678 1840 20 9457 15678 18498 11284 21551 9193 20357 15458 8806 22535 6 7850 5396 6103 21793 15678 7277 20699 20 20 
18533 22805 7847 8458 21793 15678 3858 18498 31 28 17629 16404 5412 13909 7528 7730 10474 20 
6 6103 
21 9808 7127 15291 7509 10250 16404 21793 15678 10247 7730 10246 20 20 22463 20007 31 28 28 4 16169 7509 2449 20 20 20 6 6103 21 
21 16404 18525 18533 20149 12296 14425 20670 31 20644 7509 28 20 991 7509 5782 1059 4 9901 4524 31 5782 12470 8962 20 18498 15678 19481 20402 19479 6103 9707 20 21 
21 15658 20402 17458 31 28 20402 4697 6103 5942 15658 4 20402 17458 15678 17960 20402 3058 14539 20 15678 5426 20699 20402 15678 13909 7813 7509 5426 20 16404 14426 31 10828 18449 3170 20 21 
17458 23135 678 15138 22665 31 9193 22942 20 20 20 15708 16673 9971 6103 20247 7730 17438 9387 20 20 8 29 
17229 15678 10530 5 5 5 
21 15678 10560 3170 6103 20214 18449 8995 15603 15988 7914 20402 28 31 20247 6103 23051 31 6282 6103 17377 4 22463 17960 12604 15988 16673 28 880 10883 7914 16378 4766 23206 15989 17343 7730 7509 20709 4502 5 
8956 1249 31 23051 349 6103 29 31 29 6103 15612 12027 7850 9833 4 7127 29 6103 15612 5 3450 23162 17304 16429 6103 2136 7558 23051 4 7730 16404 3450 23051 18876 22463 753 6103 5960 6103 18610 29 4 29 5 
16404 20149 12406 4 2631 8458 22463 7733 16404 28 10560 20214 5 15983 5 3148 5 
16404 13905 12301 6 
16066 8406 7914 5322 2092 7509 21500 29 29 5 21 
28 28 6 20670 15678 18498 9594 5 5 288 18498 8956 6717 21371 7102 20149 21858 16440 15712 7509 17950 6103 5459 1312 7509 19307 20 6 
9193 13512 20 
21 8956 11054 20402 22463 4581 4 15658 1453 16673 8147 6103 28 28 7730 28 28 4 4796 21371 17438 20402 22053 16673 22765 7730 3058 21525 5896 20 740 13909 7850 20247 7914 18498 7482 18498 13909 22463 6103 20931 17951 19969 7509 1623 5 5 5 22463 16689 4 17836 16404 18525 5741 1937 4636 7730 23001 4 9193 23001 5 5 21 
21 26 7730 28 4 8956 20402 31 10273 18498 23135 17908 0 27 9808 7127 7509 5758 20 20 20 20 21 
21 4766 21793 4181 4 20931 2154 20402 14924 6103 9801 4 7914 18498 9193 15658 18533 18498 201 4 7730 7847 14335 9743 288 18470 20402 15678 14604 3610 15458 15190 5 5 5 21 
20931 13512 20 20 20 15708 16673 9971 6103 20247 20 20 6 6103 
201 6103 14335 5074 1393 4044 13591 16404 18876 7157 16922 7 
21 15658 17304 662 31 21793 16673 23176 6103 1247 4 9193 10959 6103 6679 31 21793 1612 18498 8995 4815 15458 20247 4 1612 18498 14335 8678 4 16066 1453 16721 7914 9193 4 18498 18876 21793 31 8208 17504 8458 7914 7521 4 7730 18498 17511 20293 8995 16936 6103 9193 20 
23135 15658 21596 11644 7509 18481 20402 11861 16404 9193 20357 21793 8956 3870 8956 20247 20 
1027 23135 6329 20 8 29 21 
2429 6103 15127 5 5 5 1820 13945 20 20 6 
21 16972 6103 28 7730 19143 6 20149 23029 31 30 4 17438 9721 4 8406 7914 5322 20 20 20 20149 15658 23029 4 4854 20 20 20 20 20 21 
9172 20 
21 6097 23135 8995 1937 22463 26 7509 2510 13909 10245 7589 28 7730 7839 18498 21179 22463 26 7850 14336 7509 21494 20 20 20 
20402 22463 20577 4 20304 28 28 0 0 0 28 4289 5 5 5 
7480 20 20 
6 
22385 31 22805 4766 14604 14924 5 5 5 
21 15678 18498 9193 12780 9743 18476 23135 20402 22918 0 20 0 20 20931 13512 4 12780 15036 6103 20126 20 8 29 
15576 12901 14149 4 4766 7277 31 21918 7730 22327 13909 20 21 
21 20931 13512 4 15708 17438 22327 20 20 18476 12780 19969 31 28 7432 15678 28 1421 20 20 27 21 
23 5 5 5 28 28 
28 28 28 28 28 28 28 28 28 28 28 28 3543 28 6103 28 3630 28 7509 28 28 5 5 871 4672 16393 7730 16083 15424 21389 5 5 5 9193 288 15138 8302 20 20 
26 28 
21 20402 3170 4 21596 15995 7509 14604 16587 4 6103 20463 17563 4 17836 23479 18498 8995 7914 14058 4 7730 18533 7491 18498 7847 14335 19363 7730 18498 7847 11514 8956 2515 20 20 20 20 20 7850 18195 4 4766 4181 8995 4766 23135 20 20 20 20 20 21 
21 28 28 4 22463 22897 23135 14335 9594 9312 12861 4 9312 6981 10211 4 4809 16673 14823 7509 13307 4766 14041 20 21 
13325 7509 28 28 20 20 20 
16083 10273 4766 3790 6103 6 25 
7038 28 16673 13860 5 5 5 
21 9193 20402 31 28 4 20402 15138 10138 4 28 9193 22487 6103 2352 7730 13195 7730 1027 10095 18498 12780 16404 15678 14604 3319 20 21 
23179 20 
16209 20 
21 20931 13512 4 13512 4 13512 4 13512 20 21 
7730 15671 23104 13026 20 
1027 24 
21 26 28 4 28 28 4 28 28 4 28 28 4 28 7509 11066 5 5 5 15855 18498 15599 14149 20 20 17304 23151 1393 21551 6103 12319 20 20 21 
28 28 
28 28 20402 20670 12861 18498 23135 18533 14335 9594 11462 0 0 
24 20 20 
7730 23104 31 7442 20 20 20 20 
17951 5897 7509 9789 7509 13591 20 24 30 
9193 21371 18533 16404 12780 4766 31 28 28 20 20 20 20 
21 26 28 13055 12345 20463 9132 7850 7766 4 22805 31 8429 6990 16966 4 18164 28 7914 7766 7730 22463 7509 17555 18498 23135 12780 16098 9594 6981 14031 20 21 
21 15658 17304 12780 7850 527 7850 6917 6103 23135 4 9193 22318 6679 22327 6103 14425 15458 29 15266 15619 7509 20931 22942 20 14018 15599 4 20931 13512 20 21 
21 9193 740 15658 21596 14335 17994 1614 4 7730 15424 22318 6075 16323 4 9193 18476 4289 7914 3962 7730 22805 9010 3671 4 15658 17304 14335 5341 20 20402 21282 654 18498 4809 31 3510 31 9907 4 9193 28 4 14464 4 18779 20463 20826 20 
17304 7491 18498 14335 15995 6103 23135 654 4 9193 9193 20293 14335 15995 6103 23135 4 16673 20463 8744 4 16673 20931 10680 7730 16917 5 9193 20293 368 7914 23135 20 20 20 7730 18533 7491 18498 9193 8840 18498 9010 20402 31 17819 6103 15138 5204 4 20931 13512 20 21 
21 14425 6159 4 11875 20 21 
3058 15599 20 
28 28 5 5 5 4796 20402 14539 1612 10343 18498 23135 3702 0 
21 15253 28 7509 11066 4 20670 15678 18498 31 10765 8995 9594 20 21 
22657 31 16689 4854 16404 18525 12780 9743 31 14299 1022 20 
21793 1506 20 20 20 
7730 31 4895 17380 0 13325 7509 17930 28 28 4793 20670 8956 18553 20 
21 28 7509 11066 4 31 28 28 16630 16404 31 17654 6103 28 5412 15740 20 21 
21 28 28 4 28 28 4 28 28 4 28 28 28 4 28 3543 4 28 28 4 28 7509 28 28 7730 28 28 21 
21 28 28 7730 28 28 4 21830 0 21 
21 28 28 4 12861 22318 13325 871 4672 0 21 
22657 31 16689 5097 20 28 9542 28 23135 28 
21 9193 15658 17304 8637 1453 22463 10273 16404 22318 16318 4 560 15576 14924 20402 15138 7730 1612 18498 8995 19363 15459 10273 20402 1453 22463 16440 6103 21793 31 835 18498 23135 22305 7850 9193 22942 20 
16323 4 20931 13512 20 20357 15138 31 20931 9620 20 24 21 
9324 12346 20 
28 28 
8956 22657 31 16689 2136 4854 20 20 20 20 20 20 
21 28 28 4 9193 21596 31 20794 6 4495 20 21 
2371 8995 31 9433 7509 18498 21793 15671 18910 7509 20446 3894 7730 6103 14309 18471 20 9324 1386 20 
21 15658 12780 20149 1966 4 17438 9721 20 15658 12780 14156 17458 20402 14010 20 21 

