21 11560 6 7613 5 28 5 22575 5 3148 10828 9224 26 29 29 29 30 29 29 28 28 29 29 5 28 
26 26 26 26 26 15803 15891 15803 10881 16200 4766 17923 5 28 28 7509 28 26 4 15654 4 9194 5 1022 29 29 29 6 29 6 29 21 
26 1631 26 26 28 28 8 29 
21 11561 6 23273 5 28 5 4766 26 0 22615 29 29 13800 
21 21 26 26 26 26 26 
26 26 26 26 26 26 12863 26 21 21 21 
27 9193 1027 31 28 

5 5 5 
21 11561 6 23273 5 28 5 4766 26 0 22615 30 26 28 5 26 
26 26 26 26 22 6103 26 
15708 26 26 4 23135 20402 10131 20 21 
9422 12094 4766 22463 23570 21189 7850 9975 20 17681 4796 14425 21932 7850 29 20567 6103 14365 16922 7509 11543 28 28 5 
26 26 
21 11561 6 23273 5 28 5 4766 26 0 22615 997 29 6103 
26 26 26 26 26 26 26 26 16073 26 20 26 10907 21776 28 5 26 20 21 
11617 26 31 26 11617 26 12863 28 4796 26 26 1631 26 26 14335 26 11617 997 26 26 26 5 
8 29 
21 12780 22280 4 19969 2553 740 21 
9654 1570 5 5 5 21282 18498 15658 20 1737 7509 10775 29 
21 11561 6 23273 5 28 5 4766 26 0 22615 30 29 7730 
26 22 20539 26 11943 26 26 26 15101 14335 21776 26 5 5 21 
21 11561 6 23273 5 28 5 4766 26 0 22615 7509 13098 29 
15138 3058 20 21 
26 
21 11561 6 23273 5 28 5 4766 26 0 22615 30 26 29 
26 4 26 11617 26 21776 7509 11617 19735 20 21 
21 28 28 4 28 28 28 4 22657 28 28 15855 12861 21 
18055 16066 5505 0 16066 19768 7509 4526 15260 0 16066 20420 20238 7914 5193 17872 28 0 
21 16169 4 14604 9365 6103 22942 31 20402 20202 20 20 15138 9808 16673 20931 5204 4 21596 4181 18498 22327 18498 22318 703 20402 21021 20 21 
10217 7509 16169 4766 15678 1114 7509 9193 22942 20 28 28 
23 
21 9808 1249 15604 14604 1114 4 18498 29 20402 740 14425 18498 21793 15678 16083 1249 13030 20 9193 22318 1027 13909 18498 22327 8 29 21 
21282 17239 31 7323 
26 26 26 11617 26 26 26 5 8 29 
26 26 12863 5 
27 
6 21298 
27 8956 10273 20402 31 14426 28 28 
21 11561 6 23273 5 28 5 4766 26 0 22615 29 29 23239 29 
11617 26 26 22 18740 26 26 31 14335 26 26 26 26 22 30 26 26 26 26 11617 4 28 28 4 26 22 18740 26 26 26 20 8 29 21 
28 28 20402 13520 8 29 
21 5997 26 23269 29 28 29 
23570 9422 20 21 
21 11561 6 23273 5 28 5 4766 26 0 22615 29 29 26 
21 21 21 26 26 7509 26 26 26 21 21 21 
15708 28 
21 11561 6 23273 5 28 5 4766 26 0 22615 19843 30 13059 29 
26 26 4 26 22 30 26 21776 26 12863 26 26 21 
21 11561 6 23273 5 28 5 4766 26 0 22615 28 30 
13325 6103 18476 14604 16169 4730 8956 15286 17872 10765 16098 7730 9996 18498 8995 21787 2647 5 5 5 21 
21 21 21 26 26 26 26 22564 26 26 16432 26 26 26 26 26 7 26 22564 11617 26 26 11943 26 26 26 26 26 26 26 26 15803 26 26 26 26 26 1631 26 26 31 26 21776 26 26 26 5 21 21 21 
21 11561 6 23273 5 28 5 4766 26 0 22615 30 4157 11617 
16918 9726 9193 23575 21551 27 
6103 17659 6103 22463 13669 7419 
21 11731 20149 9193 4809 31 6075 26 7914 18525 9901 5121 17743 15458 9224 0 
15658 12784 22805 31 2125 6103 15502 27 21 
15658 12780 21596 5505 
22657 9594 15708 
21 11561 6 23273 5 28 5 4766 26 0 22615 22527 29 28 
23 6 15678 21 
13512 20 8 29 
21 11561 6 23273 5 28 5 4766 26 0 22615 28 29 29 
21 21 5 5 5 31 26 26 26 22 18740 26 26 26 26 26 22 30 26 5 5 5 21 21 
28 28 
21 11561 6 23273 5 28 5 4766 26 0 22615 29 15658 29 
26 26 11617 26 26 21525 20497 26 20 21 
28 15855 17872 5995 20 
26 
21 11561 6 23273 5 28 5 4766 26 0 22615 28 26 31 
28 26 11617 26 11617 26 20 8 29 21 
27 
21 11561 6 23273 5 28 5 4766 26 0 22615 29 29 6098 4088 18498 
26 26 22 21298 26 26 26 5 5 5 21 
20402 5 5 5 6981 22897 15658 21596 15678 11006 17872 20007 31 10620 5 27 
21 31 28 28 26 28 4 21 21 7585 22 21298 26 26 26 26 26 26 26 28 4 26 11617 26 30 22 21298 26 26 5 21 21 
17872 10606 6 21 
28 26 20 
21 11561 6 23273 5 28 5 4766 26 0 22615 30 12347 4426 
17304 1937 12861 15678 7127 21793 5 5 5 27 21 
4369 8956 20709 20 28 28 
21 11560 6 23273 5 28 5 4766 26 0 22615 30 29 30 
26 21 
21 11560 6 23273 5 28 5 4766 26 0 22615 1429 26 29 
7589 7509 14604 15860 20402 23135 6 28 21 
15855 2371 28 28 6 6103 
21 11560 6 23273 5 28 5 4766 26 0 22615 30 23351 
18498 10131 6 6103 21 
21 11560 6 23273 5 28 5 4766 26 0 22615 29 29 18455 
26 11617 7585 22 21298 26 23254 21 
21 11560 6 23273 5 28 5 4766 26 0 22615 30 29 30 
26 26 26 11943 26 26 4 26 26 5 5 5 21 
21 11560 6 23273 5 28 5 4766 26 0 22615 30 10568 30 26 29 29 26 29 26 11634 26 29 29 29 29 29 29 7730 29 29 29 29 
2702 21 
21 11560 6 23273 5 28 5 4766 26 0 22615 28 23351 
11208 20 21 
21 8956 14464 20402 3058 6329 8995 13688 4 19900 22327 6103 15286 21282 18498 15658 27 21 
13512 24 
30 7509 9193 22942 20 
21 11560 6 23273 5 28 5 4766 26 0 22615 29 29 11617 
20402 15678 18498 11284 6103 14425 4 20402 15678 18498 7509 17872 9743 5 5 5 21 
27 18339 18498 16404 
21 11560 6 23273 5 28 5 4766 26 0 22615 30 19698 30 
18498 31 4380 3510 4796 22463 13751 4 22463 7230 7730 22463 6325 4 18498 31 4380 22126 995 11751 20 21 
13909 20199 7509 15102 27 
20199 7509 15102 7850 26 26 20 27 
13520 20 
21282 15678 13520 20 
21 11560 6 23273 5 28 5 4766 26 0 22615 30 29 
26 26 4 26 26 26 26 21776 26 20 21 
21 29 28 9193 20911 4 29 7223 7850 28 5 5 5 21596 871 4672 8561 2371 11300 21 
8443 8995 15658 20402 
26 26 
13512 7509 9193 22942 20 
21 7585 22 21298 26 26 12863 22 20539 16105 4 26 26 12863 26 5 7614 5 20463 5 
28 28 26 26 26 26 6 21 
22463 21266 18498 201 10131 6 26 26 5 
3472 15678 5549 15458 13512 7576 0 27 
21 11561 6 23273 5 28 5 4766 26 0 22615 30 
10753 20 20 17304 20988 16083 21480 7850 23498 7509 20127 10529 21 
21 11560 6 23273 5 28 5 4766 26 0 22615 28 13800 
28 28 4 26 20 21 
22821 14539 
21 15678 12939 12780 20402 16098 15678 3790 9130 27 
30 19698 18610 29 21 
20402 0 
21 11560 6 23273 5 28 5 4766 26 0 22615 13090 30 29 
15833 26 26 11617 31 26 26 26 14335 4 26 26 14335 5 5 5 21 
21 28 28 4 15678 16918 18498 9193 13909 22805 15128 1393 13669 6103 22463 21266 5 5 5 
13949 6 21 
18498 22797 20402 8956 0 0 0 15678 5 15678 
21 14425 20497 2136 654 4 7337 20 20 21 
21 20244 16192 8956 20497 18339 18498 16404 5 5 
26 19735 11943 19698 21 
26 16112 7850 19698 20 20 6 6103 
21 11560 6 23273 5 28 5 4766 26 0 22615 30 30 23351 29 
26 26 26 26 21776 26 
26 26 11617 26 26 26 26 
26 26 26 26 21776 8611 26 26 0 21 
21 11560 6 23273 5 28 5 4766 26 0 22615 29 29 7730 
11462 20539 8956 19735 11943 19698 12780 20402 10131 20 20 21 
20126 14079 20 
27 27 
6 
21 28 28 15855 12861 6 
21 11560 6 23273 5 28 5 4766 26 0 22615 17012 29 
21 21 26 26 31 26 11943 26 26 4796 26 26 
31 26 4 31 26 26 7850 26 26 
31 26 15803 31 26 4 31 22374 15803 26 
26 22 21298 26 12863 4 12863 22 20539 26 13236 21 21 21 
26 26 
6 
21 11560 6 23273 5 28 5 4766 26 0 22615 9542 29 28 
28 7730 20463 394 10131 21 
21 11560 6 28 5 10889 5 4766 21480 10628 15588 29 29 8525 7509 28 22773 21868 6103 10628 7607 29 7730 13405 15678 29 14676 5 11559 
7278 16404 15678 26 15803 26 26 6 21 
21 11560 6 23273 5 28 5 4766 26 0 22615 29 9542 29 
21 21 11617 22 13800 26 26 11617 22 6103 26 21776 26 
26 26 26 7850 15005 20402 14335 
26 26 26 11617 26 21776 9971 6103 20247 26 26 21 21 21 
21 11560 6 23273 5 28 5 4766 26 0 22615 29 29 
15833 10442 21 
2 30 30 30 30 30 
17461 10606 
21 27 21 21 11208 21 21 
17438 9721 
21 11560 6 23273 5 28 5 4766 26 0 22615 30 29 29 
26 15803 26 21 
21 11560 6 23273 5 28 5 4766 26 0 22615 29 13059 29 29 
26 22 30 4796 26 26 21776 26 26 26 26 1631 6 21 
21 11560 6 23273 5 28 5 4766 26 0 22615 30 28 29 29 
26 4796 26 16119 21 
21 11560 6 23273 5 28 5 4766 26 0 26 26 26 22615 26 29 29 
21267 4 17629 22805 8956 9956 21 
26 26 8184 26 5 9 9 26 29 21552 
21 2403 26 26 4 15678 18498 21681 17872 11462 6 16404 
9790 17438 9193 20 4369 8956 20709 21 
21 22327 4179 12780 13761 4 15678 17563 3170 19969 6103 3962 4 12780 18055 4 14842 21793 31 15267 15291 7730 15187 4766 12861 4 19196 20463 7277 7730 2964 2964 5 
6408 18476 31 17753 9743 20463 1380 7730 820 8995 22 16098 22 15678 14054 7730 17973 15658 4672 18498 7850 14604 22805 20402 21793 15138 3058 16404 21793 31 17436 7730 29 740 9901 5799 31 15144 5 5 5 23135 18533 15678 18498 0 18498 15128 22327 7509 702 17872 22996 7914 29 7127 0 733 16673 1114 5 5 5 21 
21 11561 6 26 2372 31 5 28 5 28 29 30 29 29 29 29 15658 5 28 
27 15658 20402 21 
21 20825 4766 21 21 26 26 5 21 21 21 
21 28 28 22212 4 28 28 28 5 28 6 21 
7730 2371 0 
21 11560 6 23273 5 28 5 4766 26 5 28 0 22615 29 
26 7585 22 21298 4 26 11617 26 26 26 20 20 20 21 
21 11560 6 23273 5 28 5 4766 26 0 22615 29 
21 21 26 26 22 18740 26 26 31 14335 
26 26 26 26 22 30 26 26 
26 26 11617 1631 26 26 26 21 21 21 
21 11560 6 23273 5 28 5 4766 26 0 26 26 26 22615 30 14615 29 
21 21 11617 997 26 11943 26 28 5 5 5 11617 997 26 26 20 21 21 21 
21 30 26 26 26 30 26 26 26 26 11617 26 26 26 5 16119 26 26 20 
20670 31 18069 6103 20472 5 5 5 21 
6 
21 11560 6 23273 5 28 5 4766 26 0 22615 29 
30 21 
21 12901 6103 11462 6 18374 4766 5371 9968 4 14915 6103 10951 4766 18387 7730 2403 5 26 28 26 10952 4 9790 17438 9193 20 2702 21 
21 11560 6 23273 5 28 5 4766 26 0 22615 29 26 30 26 26 26 
23 21 
27 4369 10617 20 15678 14425 6103 22327 20402 31 10889 4270 27 
28 
21 11560 6 23273 5 28 5 4766 26 0 22615 28 30 29 
9542 28 28 20 20 20 21 
8443 15658 20402 5 5 
8956 13004 20402 10620 11300 0 18339 18498 16404 21058 
26 20402 13512 14539 7730 2371 0 
21 8995 14426 10606 4 13640 14466 21752 15678 3724 6 16404 21 
26 3092 
26 12863 26 26 5 
26 26 15803 26 28 20 
21 3807 4 9594 13909 6103 29 13788 7176 5 5 12352 21 
21 11560 6 23273 5 28 5 4766 26 0 22615 29 29 29 
26 1631 26 26 26 11617 26 26 21776 26 21776 26 26 11617 7585 22 21298 26 26 5 5 5 21 
23554 15678 13812 7509 28 20 9901 3058 11300 20 
21 11560 6 23273 5 28 5 4766 26 0 22615 23 29 30 
15138 3058 20 21 
21 11560 6 23273 5 28 5 4766 26 0 22615 30 26 29 
28 28 4 3183 21 
27 
21 11560 6 23273 5 28 5 4766 26 0 22615 29 23351 26 26 
1961 17376 4 1471 6103 5018 4766 29 18498 7847 7491 7850 23222 19761 22463 10743 4766 31 16971 18498 20402 22 3166 22 5 6103 18475 12939 4 20402 22463 21394 7850 3790 6103 15138 10765 11679 17438 2371 5 21 
21 11560 6 23273 5 28 5 4766 26 0 22615 29 
1612 22861 18498 20402 14425 18498 31 16015 5 5 5 21 
21 11561 6 23273 5 28 5 4766 26 0 22615 29 29 26 26 26 20 
27 14464 6075 20497 7850 28 26 21 
22463 11154 18494 7985 7850 28 7730 15678 12971 15291 21282 9605 20670 15678 10530 28 5 5 5 
19598 7730 20463 26 10131 
21 9193 18481 26 7509 3790 18498 15036 6 15678 
15833 26 21 
21 11560 6 23273 5 28 5 4766 26 0 22615 29 30 26 26 26 
26 26 26 26 21 
21 29 1249 1393 13131 7509 14425 16971 7509 15190 20 
15708 17438 8995 7509 14604 13131 7914 3450 14924 4 23135 20402 31 16971 13909 8810 17872 9193 4 9193 22318 1027 20 24 21 
21 11560 6 23273 5 28 5 4766 26 0 22615 29 29 29 
6103 21 
15253 1845 20 
2727 23016 3572 20 
21 11560 6 23273 5 28 5 4766 26 0 22615 
6 6044 21 
21 11560 6 23273 5 28 5 4766 26 0 22615 30 29 
20 20 21 
26 26 30 
21 11560 6 23273 5 28 5 4766 26 0 22615 20144 29 23239 
6 21 
21 11560 6 15599 5 28 5 4766 7804 15599 22575 7730 7855 31 14425 22516 7509 28 13229 16673 20207 1249 5217 29 5 11559 
4369 20 21 
21 16323 28 28 20 20 
23135 20402 4229 16404 31 29 14299 5 
3916 8637 6 29 28 17790 
5942 7914 18498 20402 4229 6 29 28 17790 
23135 12780 17872 14425 7509 28 20 
15138 15995 20 24 21 
28 13512 6 6103 
16323 20 20 13055 22657 31 16689 21793 20463 8744 6 6103 
21 15678 15422 20402 9130 4766 10183 4 19283 2727 13909 20 
6256 31 7157 21 

