21 8147 14604 18165 
18165 21 
18498 15995 12780 753 20 20 20 20 20 20 
7 
27 27 
14907 6 6 
6 
12861 20402 13512 
27 
27 
1830 2003 15678 20191 7509 28 
27 9193 7730 31 2154 7509 28 31 22898 5 5 5 
21 9193 17831 
18498 20126 6103 23135 15416 5 5 5 21 
7 
7 
13278 20 20 20 
12861 20402 12094 1393 14539 21551 18498 13512 5 5 5 5 6 
21 12780 5947 0 18352 6103 1830 9743 4766 15138 1114 7730 3870 16673 9193 12787 7 
21282 12780 21596 4672 9324 20 20 20 20 21 
12780 21282 5947 7730 4854 16066 12780 21582 15128 8956 18774 0 
27 
9634 14149 6 6 6 
15658 20402 28 19668 
21 12180 4 13923 7509 21264 5 
16404 29 12861 15658 20149 1487 4 17438 8956 15081 7730 740 871 16083 5360 368 7914 22463 15190 14425 7 21 
27 
8956 20402 3058 27 
21810 18498 15658 6361 15138 20 20 20 20 20 20 20 20 
28 1095 9867 9645 22575 
28 9867 9645 1095 
10083 15364 3962 
7850 3232 7 
22385 13512 
28 28 28 
20402 31 4672 13909 13512 
28 
6 6 6 
7491 22327 5 5 5 
21 31 28 21596 21 21 4264 21 21 1393 12755 6103 16673 3156 6 6 6 21 
27 20293 16721 15510 20 
21 21 21 14425 18498 4913 22463 22942 4 20402 20007 22463 21 21 21 
3086 7 
4672 13909 13512 20 20 20 

6 
5360 21596 10547 27 
27 
7 
7 
7 
16169 7 
27 
6 
27 
18498 4672 13512 20 6 
27 
7 
21 18498 184 20 2136 18476 31 20709 12780 713 3532 8956 6964 0 8956 6792 0 20402 18498 15678 17382 18498 23174 8995 6103 8224 0 7847 21282 18533 9130 4 21282 12861 5 21 
18494 12861 5 5 5 27 
27 20293 
27 28 28 28 

26 
17438 13909 14924 1920 7 
4672 13512 20 20 20 
31 7147 27 15658 20402 28 28 28 0 0 
19676 6 
28 28 28 
9193 19703 
8995 21916 9431 20 19703 
27 
3086 
18533 21596 11644 1920 5 5 5 6 6 6 
27 
18498 13278 6 
15138 13278 
27 
1249 15604 4766 31 16971 18498 9193 13909 1027 
9193 1027 23135 20 20 20 7 
15708 21739 28 28 6103 28 20 472 15678 17737 20 
21 21596 866 15138 8561 27 
4796 1920 0 5 27 21 
9193 27 
3086 
9193 27 
6 
22821 
7730 740 7491 18498 14668 15658 9387 5 5 5 5 
3086 28 20 
27 
27 15658 20402 28 28 27 
20402 22463 11020 1249 20 15708 17438 9743 16440 6318 5 
3086 
21 15678 17819 3170 3625 15187 6 
18498 15995 20 20 20 20 20 21 
21 28 28 28 27 
12780 9193 201 20 21 
27 
21 10765 20 20 20 20 15138 3058 20 
27 21 
20244 16192 6 
15576 7127 28 28 28 
21 15138 3058 20 
22463 9365 6103 18498 4766 15138 17556 4 5763 7730 10268 6103 23167 4 17304 9743 15138 16404 15678 14336 1062 7730 31 20709 5 21 
27 
27 
2727 12861 5 5 5 
24 
28 28 28 28 27 
9193 7730 28 28 28 28 
28 28 15658 20402 20 20 20 20 7 
28 28 27 
7147 
28 27 

