21 28 26 4 28 21 
19712 6103 3058 22985 
1027 23135 8 29 
14425 13727 8 29 
21 8995 21793 5473 20 
20402 21282 4289 29 11518 1276 16404 10657 20463 12334 6 21 
15708 17438 9743 16440 7509 9193 22942 20 1027 15138 23135 8 29 8 29 8 29 
10864 16861 15018 8 29 
14149 20 
21 17872 18525 15658 22805 740 4 23151 20 20 22657 15138 31 16689 12780 7 21 
26 28 28 
16816 
21 23016 20 6 
6 15678 
16323 28 20 20 20 20 15138 9801 20 20 20 22318 8 29 
31 28 21886 22615 
3058 18069 7730 18498 31 20855 20293 8995 1393 20463 9721 20 20 20 
21 15533 6103 22463 22805 18475 4 6256 18498 7847 8386 15678 22129 21 
16440 21793 15190 16367 6103 9594 6981 3119 6103 9971 7509 15190 0 20 20 3807 18498 19924 20 15678 15190 15658 12780 201 20 
15616 7850 28 20 340 15576 2949 7730 5174 15576 15604 17960 20 
15616 7850 28 20 340 15576 2949 7730 5174 15576 15604 17960 20 

