28 
27 
18498 288 0 
21 13054 4 20402 23135 0 4796 20402 31 10548 0 0 21 
20670 31 20126 
21 9193 12780 4 9193 12780 5 5 9193 13055 8458 15678 14604 20577 20 
29 6103 15612 21 
21 1612 11454 6 16404 15678 2727 6103 21793 4 20402 14425 15678 16587 20402 11165 17438 16083 16971 17458 4766 12283 7509 12939 18498 8995 4 18772 7032 7509 12939 18498 8995 7730 17915 12610 3265 7914 18511 12780 22318 9594 18498 15658 12780 21596 13909 28 17872 10982 13055 13055 5 4730 15678 21535 4 15678 13691 28 5 5 7730 15658 6075 13909 7314 6103 14577 4 17438 9721 5 
28 6 13037 1500 14055 16630 19304 6103 28 5 11560 6 28 5 4766 26 20539 30 29 19891 21 
21 13325 18498 9193 16721 13761 7914 29 18476 8406 7850 9574 6 21282 18476 8995 7850 9971 7509 9574 20402 18498 12780 17304 16647 15678 14600 7509 13539 29 2136 15678 4145 7509 4417 4 15678 18498 7102 7770 22463 29 9193 7850 22915 21793 5 
2087 29 1249 7850 9193 10220 7730 740 15658 12780 16647 31 13539 5 16673 12939 12780 21596 18498 4809 16083 5942 5 5 
10273 21752 11462 13055 22385 7850 28 
21 18525 15658 12780 18533 22463 6981 0 28 8810 17872 23135 4 20931 4190 21 
21 20149 873 18533 22805 31 10273 18498 21596 21752 4 21282 340 7850 28 5 
20402 26 26 11943 26 26 26 11617 22 30 26 26 4 26 12863 26 28 6 
21 10606 4 13480 16404 20463 2336 4 11462 7127 29 20402 7127 6318 7 29 14764 17872 9594 4766 7847 9743 31 13905 7178 7730 20402 15678 21743 6103 4672 4766 22665 11759 21 
8833 7948 26 28 
26 26 7 
21 28 7914 16086 1614 7914 28 5 12333 4913 4 22327 264 4 21282 4847 5 21 
3058 7127 16563 18498 21596 20749 7730 29 11048 7850 12726 8329 9193 21596 31 20319 22391 6103 29 4766 10671 5 
12448 20 
21 5980 8995 6408 6103 29 1249 20244 16072 14455 31 16192 4 21596 18498 17950 22463 6026 18986 5 17872 18525 15658 17950 6 20402 9312 11686 1393 9956 26 31 16014 5 21 
27 
1651 
22805 15678 18498 349 18476 23135 9743 22463 26 4766 10343 18498 4229 31 5936 7509 16971 7914 29 12868 7509 18498 15658 9743 18476 20149 21596 22463 18352 7850 28 5 22805 21371 4796 31 14031 6103 20149 4546 9193 26 7850 28 12287 7850 20931 17899 5 
21 12571 7914 28 6 15005 4766 3170 4 16647 15678 22144 9743 1103 4766 22463 12865 16784 4 21932 4766 22463 4316 4 5174 22463 3170 18498 21932 7850 14539 13727 4 9743 16967 4766 2167 7730 23151 7850 22144 2647 16292 4766 22463 2167 7557 9970 5 18498 7127 21 
21 4413 7850 16559 26 20 17653 28 20402 15678 14425 6103 20402 28 2136 11462 4 17438 21389 2367 18498 2748 15678 2727 8995 7509 17436 4796 22463 21793 7730 15658 1453 14758 5 11561 6 28 5 4766 16404 29 21 
26 31 9714 26 26 28 5 4766 26 
15855 8956 9574 18498 14875 20 
1453 22463 1386 20244 21810 16440 20149 20402 18250 16066 18201 5 13729 8995 5799 31 28 17872 22805 20149 654 5219 7395 31 11729 6318 6103 3192 7277 6281 17872 7491 17872 17563 6 21776 7509 13131 6103 23135 7730 7847 9743 22327 8561 5 12780 5231 5 21282 17872 30 5 5 3170 22805 5 15678 3790 15658 20402 2977 6 16404 8840 18498 31 17436 21371 15658 20402 6103 3510 15458 
21 16404 15678 5174 6103 22318 5 8956 20402 31 22516 18498 21776 9130 1614 7850 28 7730 7847 20402 31 17819 15989 7850 15190 31 21596 20463 18191 30 5 15424 21596 11644 6 
21 21 11943 26 4 11943 26 28 26 26 26 26 11943 26 26 21776 10907 26 26 31 26 26 30 5 26 26 26 28 21776 26 26 5 21 21 21 
21 18930 15138 31 13311 7509 13591 21 21 3962 12534 8339 13030 21 21 7509 28 28 5 17836 16404 18525 8995 4766 31 9193 11636 7730 2136 14539 20788 5 
22327 20402 18553 6103 17228 7730 7297 5 21 
21596 11518 18498 288 18498 17951 20149 19525 31 19900 22564 2727 15678 28 20803 31 15138 7071 7730 16135 17872 288 31 20794 5 
21 28 7730 28 4 15855 18498 20311 20 868 10775 12780 21 
21 7127 7509 15311 14514 22463 4790 7730 1612 5459 10962 6 
21282 13909 29 15266 7730 29 28 5 21 
21 23135 18910 7509 5485 4766 20463 16169 7730 21596 23167 6103 19969 6103 3962 2136 16765 15678 18605 13909 7188 20402 4766 4179 16971 5 
11213 6728 6 21801 7730 16135 5 16066 15658 21 
21 1022 21596 18069 7730 9193 7102 8995 9130 4 9193 9193 22753 1851 15658 6256 5 26 7491 15678 18498 288 9193 4795 21 
21 18069 4 21935 7730 9103 6103 9975 6103 20262 0 15286 17872 907 31 21579 
22463 28 7509 1341 7850 26 17872 18525 18533 22805 20149 9193 21787 14539 5 26 16673 3790 6103 8876 7850 14736 5 

26 22 20539 31 26 19135 26 11617 26 26 26 5 26 12863 26 15803 31 26 26 28 6 16404 21 
13909 22463 15458 1249 
21 21 21 7730 15678 14604 13727 20402 8956 
1393 13131 20463 4 14604 5574 12526 
6075 15678 14604 13727 4 17324 15678 20463 13727 
20402 15678 14604 1114 17819 
15678 7127 7730 31 15533 4 31 18497 9009 21 21 21 
21 21544 15270 6103 20402 28 7850 1249 20402 31 15252 6103 11462 7914 28 4 3058 7127 16563 6 21 
21 26 26 29 
12863 26 26 26 26 28 26 26 21 
21 21752 31 11644 7509 20931 3393 7730 21932 7687 5 31 17819 22897 18498 9743 12861 20402 13909 6103 29 5323 12578 7914 21932 4815 7730 29 22588 5 
31 20207 22897 20402 654 21 
21 7509 4672 7509 7128 6 21596 10765 18498 8918 18498 18638 15658 20402 21282 5371 15416 4 9193 21371 1869 4 4316 7730 5541 5 4179 0 21 
20126 7509 3564 7509 9193 21631 5 5 5 18494 29 11048 13761 7730 1614 29 7201 5 
21 9387 26 4 7730 9387 15678 3790 18498 9743 12861 6 11560 6 23273 5 26 5 4766 
15855 18498 20311 20 21 
13480 16404 31 2336 9743 22385 2727 17872 7847 7730 17872 10765 15424 5960 21389 1920 7 26 
21 1612 14924 7914 18498 20931 15253 20215 20463 15336 4766 22463 16296 7730 9594 6 1952 20 2371 23135 20149 17714 21793 17872 1940 4766 31 13905 10268 7850 14336 6103 21793 15190 20 
2371 21056 31 15256 6281 4 9743 1612 3415 5 5 7730 7847 740 22318 1027 6408 7384 5 9808 7127 7509 15253 6 16404 21 
21 26 26 12863 26 26 26 26 26 26 26 21 21 26 26 21 21 4 26 1631 26 26 26 26 26 26 5 21 
21 7730 18498 15678 22805 7850 20463 20853 15643 201 5 5 5 7730 1612 14378 6103 23104 22463 7127 20149 21858 22463 11020 1114 
12780 22318 9594 9193 288 18498 23135 13055 19900 5 5 5 21 
21 26 20 20402 654 20 
28 21 
21 8995 10473 20 20 20 26 31 26 26 15803 26 4 26 15803 26 4 26 15803 26 21 
26 26 21776 26 26 26 6472 29 
9901 352 7686 29 7509 14604 7127 7730 20357 18498 740 17629 6103 13909 22463 29 17872 5219 9743 21793 15678 17962 18498 9193 18533 5 
26 
21 7850 3058 4 4796 8956 5765 4289 1393 17757 0 1570 18498 22217 15678 10484 16438 7850 14336 6103 21389 19653 20 20 16066 7847 20402 13981 16066 8995 16721 6 15678 18498 20402 22463 16652 17872 18525 13055 8995 3494 0 21 
13585 26 1983 26 26 
21 11561 6 28 5 4766 5 3148 29 29 29 969 7509 22575 5762 26 16404 753 20463 4697 22519 4766 12301 22702 
1488 22575 28 13871 26 21 
21 15855 31 20855 7509 21061 6 26 26 26 26 26 26 26 26 26 4 26 26 26 26 26 26 20455 21776 26 26 26 5671 5 
26 26 4 1575 18498 12780 16647 31 11029 6103 23151 7730 23016 17872 5980 20 21 
26 
11617 26 26 31 29 26 3840 26 26 26 5 
21 22463 6679 6 17778 5833 4 26 6103 3374 7730 17068 7509 19173 7914 4434 5 22463 9894 6103 2348 17872 4886 5 17304 16468 15678 7127 4766 23167 654 5 21 
21 12861 17458 9193 15812 17872 7280 6103 22318 7509 22575 9743 22463 20634 6103 11066 16404 7353 15678 3848 4 9193 15658 18533 7730 5360 15812 12861 2371 18498 20149 22805 7850 11729 5 
20149 17438 228 22463 7127 9193 23016 31 15781 22463 3460 4796 31 18498 15678 20892 5 17576 5 7614 5 20402 5 12861 15658 7491 15138 31 19456 14539 13019 28 12984 5 15781 4 9193 21596 4181 18498 15658 21282 155 15941 16404 15678 9128 18498 21596 866 31 15812 4 4796 21371 11998 5 20402 17872 1484 6103 18376 5 21 
21 7850 26 4 26 26 26 26 26 26 20 21 
23 31 22942 5 5 4796 20402 2725 7730 9193 1614 21793 2333 
21 26 11617 26 21776 26 26 31 26 26 20 
22657 10606 7509 26 20 20 20402 20311 22918 4766 23135 20 21 
21 15588 3058 7509 7127 6 6073 7509 4145 7509 4417 6075 17872 8720 15678 3919 7509 28 7850 2266 18498 9901 31 22463 29 5 29 6103 7419 6103 3962 5 
15599 22223 7509 7127 6 15678 15091 6103 29 29 15658 21596 14561 7509 11066 7509 20799 7509 6103 22765 21551 7914 18498 15678 3919 2771 5 21 
21 19969 17872 26 20 20 20 1488 22575 13055 17304 20402 2442 17872 28 7730 28 4 10606 20 
1488 22575 22575 26 28 28 21 
11617 26 26 31 26 26 26 26 26 5 
23 12311 3058 20 
21 10959 6103 662 31 21793 18498 14335 753 6103 18475 10211 15458 17960 7509 1488 18498 6728 5 7847 21095 21793 31 9193 9408 7730 21282 11462 15678 26 20402 155 17438 29 16971 7176 4 22463 2156 6103 29 7509 15260 7509 23575 20247 5 
991 7509 13909 15678 15677 6103 26 7509 26 4289 31 22463 15260 6103 29 12455 17438 7127 20 12861 20402 20311 5 15708 14539 1393 18498 14335 11998 31 5360 4 5421 7850 26 4766 15678 17960 7730 1393 22588 18498 9743 20931 2284 7730 6075 9782 5 
15658 20402 10544 21932 7686 21389 21551 6103 11066 4 9193 5652 21596 22463 16718 18498 14335 753 31 13405 15678 17960 430 6 
1393 22898 16721 18498 29 22588 15658 20402 22463 15677 13761 22385 11020 20149 4843 1393 26 9632 18498 4289 31 14676 4 9193 21582 11731 29 16971 15637 28 7850 20931 10366 17872 22805 18482 10765 15658 6075 5 7730 8443 16721 18498 20539 4 17511 14335 15995 1393 19900 18498 20402 29 16971 18498 8995 753 7730 12861 20402 15138 11037 5 
26 1488 22575 28 14335 16541 
21 7127 6103 4875 16673 4496 6103 28 5 15138 5590 4 21082 7730 29 4 9193 22657 31 16689 20 
7850 23151 740 6075 17872 288 22463 3906 6103 28 7509 28 5 22657 21726 20 21 
21 26 26 21776 28 20402 26 26 26 22 21298 26 12863 26 
13727 20311 20 13055 7491 18498 15678 23222 20402 22463 17556 19336 7850 12760 17458 15658 22805 21389 4672 1920 5 21 
12861 20402 18471 6103 22942 
21 21282 7491 22463 4672 5 26 22575 16404 26 9901 17989 7730 23554 4 8995 26 20 
7914 3206 8995 7359 7850 26 26 16404 20402 2442 21389 7914 28 18481 7914 28 11045 5 
22575 1488 28 21 
21 17950 16404 28 20520 6 21858 31 4672 7188 7914 10544 7730 31 10544 7914 7188 5 
18498 4672 13909 4894 21932 4766 28 6 20539 21 
21 11561 6 23273 5 28 5 4766 26 0 22615 23360 29 21298 29 
3790 20 15855 12861 9193 29 6 29 5 15658 20402 17521 27 
28 18784 19900 15678 18498 9743 5 21 
15930 26 
22463 7509 13727 13909 13520 18498 13055 23104 5 21282 21596 31 662 
26 28 
12780 5174 31 28 6103 22821 20 9594 30 20 
22861 4766 26 7730 21282 1954 5 17304 20402 4273 5 17304 20402 14425 18498 9193 3702 6 16404 
21 654 20539 4 9574 20 21 
26 26 20 
21 15658 19900 6103 18498 15190 18498 8956 9503 23016 17458 20207 31 13793 6318 4 14539 20149 23135 15658 9743 20463 21932 7277 4 23135 21596 15678 7277 6103 20149 17739 4766 22463 2156 6103 29 18772 15138 13905 18498 22463 20015 15270 7730 6103 13405 2156 15678 6103 22463 17462 6103 10765 18498 21596 20463 20015 2617 7850 20015 7509 10976 5 
29 14676 31 14466 9193 4656 18449 1920 5 5 10544 6 16404 
20402 15138 9942 7509 18338 14539 5 21 
10606 7509 22575 12578 7914 12571 
21 15138 15708 31 21793 18498 4680 4766 31 9193 3621 7509 26 20 8956 753 20402 15138 11861 16404 14335 15081 31 5360 15678 6731 7730 16878 31 7358 7509 26 22575 16404 28 7730 28 5 
3058 15599 6 
29 5 7847 8995 18494 17989 16404 26 20 
29 5 20402 9790 22463 20856 16404 17982 15678 13184 20 
1488 22575 26 22575 2928 22575 26 28 21 
17872 10606 19900 31 6086 6103 14299 20 
21 7914 16083 16192 16162 7509 20463 3047 15678 7251 7043 17438 22463 5552 6103 9942 7509 18339 5 3790 4 20402 3450 4672 21056 18498 31 10765 22805 15458 16587 4 18498 2136 6503 6 
8329 12861 1614 7850 28 4 11284 22463 29 20247 2116 21438 29 5 29 15678 13581 7509 10688 5 7850 20247 20201 21438 29 5 29 5 
2371 23135 13026 15678 9707 6103 18498 1614 9193 23104 4766 15138 14466 18498 22463 20015 15270 7730 740 1920 21596 22463 18471 6103 22942 2727 21121 1393 18498 21596 7914 20879 5 21267 4 18533 18498 12861 15658 20402 22385 22821 5 21 
11686 10765 11020 
1393 1097 8045 17438 2371 20 
21 14018 17872 23206 1097 14604 1614 7509 28 15678 5483 17872 6075 26 15458 18352 14539 13055 21596 20149 10211 4 19900 18498 15658 12780 20402 13909 22385 23579 17872 7847 7730 2136 14539 17872 18525 15658 21596 31 22805 4766 31 22516 5 
17438 18498 0 
9193 21776 21582 17918 5353 17872 970 7509 22575 17438 14336 6981 18352 4 7730 17629 6103 871 26 12345 17872 9743 15678 12760 7509 7481 7730 2082 13909 10765 5 
20402 21282 6075 26 0 
20402 5 20149 15658 18533 18876 15678 5353 4 2631 20229 8956 15955 6103 6256 6103 18876 15678 17535 7850 26 26 5 
15708 14539 31 21793 18498 17304 9743 8956 9721 20 
22657 21 
17478 7509 10487 264 6103 15604 20 9743 22463 21551 18498 15658 22805 22463 23222 13278 6318 
21 8995 18494 18494 20 
22575 28 1488 26 22575 2928 22575 21 
21 8995 13667 740 9193 13055 20402 11518 6103 9743 31 17436 16765 18498 7847 13055 9743 15138 13909 16673 4417 7509 18498 15138 16083 17382 5 
15658 20402 18553 6103 16440 4 20402 6103 11644 7730 2367 14539 5 21 
28 30 6103 11066 
21 11561 6 23273 5 28 5 4766 26 0 22615 29 23200 29 26 28 5 26 
23222 7509 22915 4 10606 20 22657 17438 8995 17737 15458 26 20 21 
21 18476 11731 18498 29 12784 21623 15637 17583 2167 22805 15678 10159 18498 155 29 5 6679 22463 9808 1249 15604 31 21793 7730 1249 18498 23016 8995 1393 13131 6072 18498 20357 21389 9620 11462 20 20 
26 26 26 20 21 
21 8840 18498 15678 21551 16468 
8840 18498 31 20247 201 
17872 18498 9193 17511 22318 22805 6103 15604 21 
26 16073 
21 20149 20402 29 1249 16393 17438 22463 14690 6103 20207 22463 10211 16404 20149 4809 4 9193 15138 14425 20420 20402 29 1249 5 5 4 560 7847 20402 15138 2727 23104 7730 3058 16404 15671 4 1114 5 
20402 29 1249 6103 15138 20853 4 6103 15138 14924 4854 4 6103 15138 15286 4 28 4 17316 4 3870 7730 15678 13909 11861 6 1114 4 18498 21596 22463 16673 16083 7730 18498 14539 17050 10959 6103 4229 22463 1393 16083 17438 866 22385 10259 18481 22463 20352 5 
18498 12094 6996 16066 4668 4 1114 4 8995 23104 7850 14539 21551 13030 4 7850 14539 4417 4 7730 21596 21596 31 15941 6103 9193 5174 7730 9901 13030 6408 6103 21389 7730 21389 8637 16032 5 22463 15704 17812 4766 1612 15585 6103 20799 9110 4 18498 20149 15061 20402 31 23577 18498 9620 16404 18498 9901 16816 5 
20402 29 1249 18498 9193 1027 5 7730 18498 20402 15138 13909 15678 18498 740 9193 1033 20 21282 19900 18498 15658 17629 6103 16083 16971 16404 6592 20149 23135 20402 31 14425 8406 21793 7509 28 7509 21631 5 15458 29 1249 23135 20402 31 14425 16404 9193 5 8995 13667 20539 7730 8995 20402 2625 7188 15658 21596 23135 17438 16936 4 9193 12780 16468 17438 12861 7730 4 4766 4181 4 21752 22463 3058 13606 5 15576 29 1249 16468 19871 4 17477 21282 16630 6 
9743 15678 17233 16404 15678 29 4 18498 13055 8995 6582 7914 28 7509 2332 18498 13405 7847 17872 13667 6073 
22318 1027 9193 20 21 
21 3058 7127 4 16972 20 
21776 4766 22463 3621 17872 13398 10487 17872 6731 7509 26 22575 5 20149 23135 17304 4 4854 16066 2136 14539 1504 15678 17960 4766 18610 29 4 29 5 20402 6103 11020 753 20 
15138 15708 21 
21 16972 4 13185 31 3621 7850 26 7509 26 22575 5 20402 22463 26 17872 1767 10487 17872 17962 5 5174 7914 12327 4796 26 16066 22616 
20149 17304 753 16066 4854 4 20402 9171 11043 20 
21 22463 16468 6103 3450 22897 5 5 7730 8995 4809 31 10648 22942 20 6 
10606 18498 21596 28 4 17872 1249 18498 23016 21596 15616 21 
21 1540 1614 13909 22463 17556 20 
17521 18498 7914 3206 19969 31 22861 17872 26 21 
21 17872 18525 18533 22463 5426 14425 7509 5320 7509 4122 20 7847 740 21048 17233 14426 20 
26 15138 3058 21 
21 3472 15678 20892 14753 7509 9738 4 28 4 18498 9594 18498 12780 18506 31 3790 18525 1522 7850 951 7509 7726 0 
11462 15678 7726 4289 31 18610 29 4 29 6 11560 6 28 5 10889 5 4766 7766 14506 15588 29 29 7726 9769 7914 951 1492 2046 18610 29 15459 18584 5 11559 21 
26 11617 26 26 6 26 22 20539 28 20 
4696 22875 16673 15190 
21 26 26 26 26 10061 5 
26 1983 26 26 21 
20402 8429 16673 28 28 20670 15678 26 22575 18498 9743 11284 871 21551 7730 15855 21282 18498 26 31 14307 20 
9980 5219 9743 15678 23222 7509 22915 17872 28 7730 185 28 20 
20126 22575 
1612 10606 26 7914 2442 7509 28 28 20 
28 4496 20 26 28 26 26 26 26 26 20 
21 26 26 26 26 30 26 20402 26 26 15678 26 26 26 28 26 26 26 20 26 26 26 26 26 26 20 20 
21806 7730 26 20244 23135 15658 21596 20402 22385 7509 11518 8956 22915 20 21 
21282 17872 15658 8918 4796 9743 7730 1575 31 2637 18494 22825 
21 9193 11454 6 5762 22463 1488 16404 31 4964 7509 9193 22516 6103 10211 11046 4 17458 15658 9387 15425 18498 15812 21793 8956 10470 5 21582 8406 7914 5322 4766 31 18191 22575 16404 753 31 7480 7730 2136 21582 14429 4 7730 19900 18470 20402 15678 19553 6318 7730 12578 0 0 
15855 31 7178 16404 31 4417 6103 28 4 18498 20402 15138 13905 7730 19900 13471 4766 31 753 22985 7509 18191 4419 5 21 
7509 21266 1542 6103 22463 12571 6 23135 5741 7730 6592 18498 15678 22823 1095 7509 11474 15658 20402 15678 3439 5 20402 15678 10355 
9193 7914 18475 22065 18449 7914 28 5 
14604 28 5 8956 20402 15678 14425 1815 7730 9785 18498 13055 4796 
21 1097 4 22463 7157 18498 22657 31 16689 13325 4766 10385 21 
21 1097 6103 22318 18498 8995 17908 17438 8051 4 16066 15658 8995 6 21596 22463 15941 13278 7850 23498 6103 21480 7509 28 5 
13909 12301 1614 6 21 
17819 15882 15128 20912 6103 15882 16404 16102 14606 
21 23135 16765 18498 8995 498 18476 7850 14539 7127 23135 13253 20931 19830 4 9743 4913 4 5621 7730 5156 3884 7730 740 21596 13909 16673 10366 5 21 
21 733 10765 4 8918 6103 9594 5 1614 21596 23206 3683 7850 19856 
5 5 
5 5 
5 5 
5 5 
7509 14539 10211 18498 7850 28 21596 13805 6 16404 21 
21 26 11617 22 30 26 26 26 26 20 31 26 15803 26 26 26 26 26 1983 26 11220 30 26 11943 26 28 5 
26 26 4 26 20 21 
21 18498 22915 20311 20 13727 18498 14335 22126 22463 20319 6103 16580 12130 7730 4524 18498 31 11886 5288 7914 4434 7509 6734 20 
15708 31 21793 31 16971 18498 9743 16440 6981 22915 4 7509 1097 4 11165 7730 15092 13909 18498 8810 7730 21371 1393 12763 21442 18498 753 7730 21858 31 22915 740 14425 5 
6103 28 21282 3058 13324 5 
871 10273 17872 21596 22463 11644 7509 18498 20402 12861 5 21 
26 26 20 29 21726 26 26 20 
2961 9872 
26 26 1983 26 28 30 
21 7157 17872 22942 5 15658 4913 22463 17915 20244 13359 2727 21793 31 7933 5 17836 20149 20402 12327 5 21944 15678 18498 15658 19900 5 
13018 7509 7127 6 9193 5 
17438 15083 6103 6 20402 7850 14506 4913 22463 11370 17872 16468 7850 16668 18498 8995 15138 19491 5 4913 22463 3086 4295 17438 29 7726 5 16468 7730 7850 7127 20201 14604 19800 8995 1655 7730 22840 16721 18498 21596 18516 7850 20749 2167 5 16468 6103 15604 15908 1393 15533 17872 14426 5 
352 17106 5 20402 13359 15678 15422 7730 7847 20402 21743 22463 5728 17872 16468 7850 2530 21282 18498 4766 11370 5 9605 17872 16468 7730 7850 9975 26 5 26 9193 15658 19900 7730 20520 8469 5 17324 20402 5 22246 13018 7509 1249 5 21 
4289 2727 7914 28 16972 20 7491 18498 31 4417 20402 13512 15658 20402 21036 20 
17819 918 7914 28 20 4417 13512 6329 
1983 28 20 12863 22 20539 26 31 26 4496 
26 26 9783 20 
21 26 28 20 
26 26 26 22 18740 26 21776 28 4 28 20 28 26 26 20 20 26 22 21298 26 26 26 26 26 26 5 31 26 31 11617 26 11617 22 30 26 26 26 26 26 26 26 26 26 15803 26 11943 26 15803 26 26 26 26 21776 26 26 26 26 26 5 
26 26 26 26 26 26 3590 26 14335 4 26 26 22 21298 26 26 26 26 20 26 22 18740 26 26 26 26 26 5 

1022 12780 16647 15678 23123 17872 28 5 15678 7986 23495 22507 20402 20311 20 15658 5219 9431 15678 18605 12094 8956 28 20402 5 1920 18498 9193 17304 17525 31 10273 7730 23222 7730 6650 31 20319 6103 8995 7914 21793 9010 13727 7730 18195 6103 21389 5288 13512 7730 11886 20 
991 7384 4 20244 8956 11111 18498 23016 4815 4 8956 22915 15658 21596 20402 22385 13278 20 15671 12027 8995 9594 12327 4766 20870 23495 5 
26 20 21 
21 28 26 1393 10484 7914 185 28 5 11875 6650 4 11875 22053 31 20319 18498 20402 8995 1614 7730 15855 17872 4434 4766 29 11048 7850 3393 5 20244 16192 5 
11462 15678 7127 20402 17872 185 28 7730 31 14542 10840 26 28 22126 22463 9422 12094 5 19293 
26 4 30 20 20 21 
4289 7509 23123 7509 26 5 3759 6256 31 10765 12780 7850 3399 
28 769 26 1393 10484 5 2836 26 17438 29 29 18772 5 
19735 26 26 
4289 5 22327 2727 7850 22915 6103 26 6 
21 4289 1471 6103 16393 22385 7396 5 22657 31 21793 18498 14335 1502 4 28 28 4 28 28 4 28 4 1393 9193 9634 4 1393 18498 14335 6679 3058 20855 7730 1393 18498 12780 14335 340 15458 12571 5 
12780 5 7730 20149 21596 4766 14378 4 12780 1920 14539 5 22463 15604 9692 7730 155 16404 15138 5742 5 
22918 11462 29 6 29 5 2702 17872 21793 15190 5 20357 20126 5 
26 30 17872 18525 18533 340 5 21 
21 28 4 20402 31 14539 9789 0 20149 20402 4 23135 7102 4796 7850 7552 22463 7127 5 6 21 
866 18498 13055 23016 16721 20402 22821 
21 18525 17304 4 6075 22463 26 7850 28 6075 23222 16404 753 7850 7481 7509 3621 6103 7514 6103 3228 20 
14018 2727 4 28 20 21 
21 12301 15889 7847 16066 31 7325 7730 10648 7251 15678 2506 3172 19900 2727 7384 5 
2136 11462 20293 21596 7181 4766 9193 15104 7850 2504 7509 28 7730 21596 18498 12780 2136 31 731 4672 18498 15790 16404 2156 13494 4 9743 22011 4 16162 5320 308 6103 23274 7730 991 7384 22327 16162 22463 21440 16404 21596 9193 5320 22519 5 
11462 8147 22463 12301 15138 11861 18498 20402 6 
21 21 31 22737 6103 4622 6103 21413 16673 21996 18779 9344 17438 14409 7879 20402 19158 16673 19448 28 29 5 29 4 6103 29 29 29 4 18498 4 8406 16083 4672 4 7491 18498 6 
20402 22736 31 4622 6103 21413 16673 17772 6103 20446 2507 8957 31 16971 15355 4 1920 5241 1612 19217 31 17772 6103 18475 20446 17438 14409 7879 4 7850 3962 6103 5320 5879 5415 17797 22602 9344 14409 7879 5 21 21 
10192 6 11560 6 18533 9901 19671 5 4766 2949 29 29 29 4796 155 22463 5320 7197 7850 2504 7509 28 
8956 21743 6103 5320 9387 7914 16083 2506 21371 5 7850 3962 7509 28 20402 15678 30 5 
3058 4 20402 1393 2504 16404 9743 8956 14879 7730 13640 18498 9594 8147 19441 7509 10801 6103 5320 5 18498 7491 18498 21282 20402 17521 12861 155 31 5320 17438 14336 7879 7730 18498 31 9193 15658 20402 1920 5 6256 16404 22805 2136 15894 12780 5 7847 4289 31 14335 15812 22463 16296 16404 1926 4 22240 14604 16137 6103 20446 16404 15678 20446 8957 7509 28 5 20402 13359 22327 4766 3558 2136 14335 21787 18498 7847 15658 8995 943 9193 5320 16404 5320 7197 18498 16878 18475 15104 20244 5960 871 12027 7524 7730 28 5 15658 1926 7730 16630 15603 16673 5320 7197 5 
15603 7847 9594 31 11454 6103 18498 15658 20402 17521 5 13640 19579 9594 18498 8956 12301 8995 7359 7850 28 7730 18498 20402 20539 17521 5 8443 7847 7491 18498 12784 22838 7730 4809 31 9743 31 944 7509 5320 5 
7850 9971 15658 943 17324 15678 20634 15658 8995 16878 7730 16630 16404 23151 1022 7279 7850 14534 6318 5 17658 15658 7319 7730 23151 1022 16404 21623 8956 17889 5 

19318 8956 12301 20149 23135 288 19233 5 21 
22463 3610 17872 20402 28 5 
17438 22463 22942 7914 18498 31 19814 20402 23104 7730 15658 21932 
21 5174 20879 6408 6103 23206 21551 5 7730 15678 16477 15658 6256 6103 20402 16816 1393 20463 13131 4 2384 21 
21 21596 31 15941 6103 22564 22463 16753 22133 6103 4413 15908 7730 7491 18498 31 20319 6103 20214 18009 17438 7847 20402 15138 3058 20 6075 23167 6103 16615 5 5 7730 21282 7850 14604 2439 20402 17521 22805 22463 15677 2727 11020 6103 4402 740 18498 7914 22133 20244 4413 5 
991 7384 16468 9570 22463 29 3919 7914 9934 16367 7850 22307 7914 22463 22133 6103 1583 22463 29 4 29 13090 5 
16323 17654 6103 20402 28 20 21 
21 11891 9193 16066 654 18475 4672 23029 17889 0 21 21 12959 6103 10523 7491 18498 15658 20402 10716 7730 18498 17785 17889 21 21 
21 21 23 12780 22318 17889 17438 6370 9193 11729 21 21 
18470 15678 15081 6981 10391 21793 4 7251 10544 0 21 
13470 17872 9975 7509 918 5 22463 3227 1393 28 
21 11561 6 23273 5 28 5 4766 26 0 22615 30 29 
4796 1264 14425 7730 9130 31 14307 6103 14031 13909 17914 5 21 
21 3790 4 18498 10131 20 21 
21 15678 18374 21280 7509 11341 5 
17819 18374 18498 9193 9743 7 21 
21 9743 18374 21280 20 15678 17605 7509 5695 5 
20402 13278 31 20319 6103 9743 866 18498 23135 12780 4796 21 
21 28 28 6 21 21 9193 15658 21596 15299 31 22805 4766 12861 21 21 21 
21 17872 16972 18498 8995 559 6103 9743 12571 16673 4509 20244 10421 4 8995 2371 22463 17476 2727 13278 4766 12301 19233 7730 14635 6103 16971 18498 8995 7850 9477 20 21 
21 28 4 18610 5 29 6103 14230 4 918 7850 17406 23495 7730 31 21189 7509 15054 20402 28 4766 20931 6170 12094 7730 16395 17098 6103 22769 5 
17438 9971 31 9634 7509 14309 7730 17211 7509 26 5 
15678 16475 6103 21252 4766 4181 22657 15138 5 21 
21 19907 26 7730 28 18927 16673 14810 7509 1040 4766 15678 7623 4 20402 15678 2022 7730 15678 1062 7509 10332 18991 11978 7850 20495 7849 5 21 
7850 28 7509 21631 5 5 288 18498 15678 20634 18498 14335 6256 13909 13688 7509 22942 20402 15678 7509 2504 7509 28 5 20825 4766 31 22942 18498 12780 16367 6103 18876 18475 3047 7509 10982 17872 14335 13591 7509 28 
21 15855 31 2154 6103 7766 20 
15678 3790 9743 15678 5982 22564 15678 17915 12610 3265 15547 20803 7509 18478 17918 17807 5 8443 20149 31 18478 5360 31 14539 7730 15678 17807 2156 4 8443 20402 4524 18498 15678 14983 12780 2156 5 15678 18498 7102 20402 1164 20402 15678 17915 12610 3265 18772 1612 18498 6626 31 12283 7730 13405 7914 5320 1453 15678 5742 7509 17919 7509 16587 1249 31 1249 5 
3058 4 18250 6 16404 21 
21 1612 14924 18498 31 17436 16647 22463 23572 15604 7730 12960 13600 6389 4 19701 31 3460 7730 18506 15678 22958 5 20559 15658 19900 22564 7730 5235 17458 15658 21681 7804 5 9743 15678 18498 0 21 
21 11560 6 2322 22575 5 26 5 4766 
8995 7850 1623 2322 22575 5 18475 22463 17304 8458 2324 20670 18475 21535 19206 1393 22575 1890 4 9867 4 16200 4 15616 5 9743 3058 22564 5 
7847 20402 2124 2233 7730 17304 20402 22805 7850 26 7509 22575 5 21 
3224 6103 9743 16918 17872 871 9225 12960 29 
7914 3206 13909 22463 15616 20 2322 22575 
21 15708 31 21793 20 20 1488 22575 4289 31 13909 6103 29 26 20 2284 29 5 29 6103 29 
21 1575 15138 31 22915 6103 23135 20 1612 18498 155 15256 17872 14335 6075 11284 29 1249 2116 5 
15708 17438 22327 7730 30 28 4 16169 7730 15253 20 21 
18476 1612 4799 1276 7509 23222 7850 28 22318 17689 17438 29 9193 
21 16404 15678 18498 20149 12578 17438 7766 4 18930 31 13311 6 21 
21 23135 5018 16066 7301 7509 10343 21 21 1103 2619 15637 22240 6103 12578 21 21 0 21 
21 26 26 22575 
19901 15708 16673 9971 6103 20247 20244 702 5 15458 18498 201 31 702 7509 3512 18498 23135 19310 4796 20402 22463 20446 182 15392 7730 3365 5 
1393 22898 6103 22463 20259 17304 15344 22463 23501 
21 1488 22575 654 15061 15678 19979 6103 5855 7509 2519 21371 20 
21 21050 16404 15678 1097 26 18498 18533 8406 7850 15894 6103 14273 6788 6 
7730 17872 12446 6 23273 5 28 5 4766 6788 21 
21 1488 9790 16404 21793 10373 22575 21596 7850 4122 20 
13909 12301 7730 26 11046 7850 13652 6103 26 28 17257 26 6 
12454 20 7914 3206 13909 15616 20 20 
9790 4766 15138 6189 7730 3870 5 8840 18498 10959 5 17304 9387 16753 26 5 740 8995 7914 9692 12342 5 
21050 16066 17877 6 
28 5 28 28 28 5 4766 21 
14335 16647 7850 14600 19662 17872 14130 9594 6 26 26 1631 26 26 26 
21 7730 15678 1488 8995 18494 17989 17872 20402 13185 5 
15138 11644 16404 18195 22861 5 18476 8995 17989 2322 31 21793 20 21 
23 17461 5 5 5 20402 28 654 16673 28 26 
16404 15678 1097 6103 28 5 26 26 14425 21474 6103 11066 7850 17257 26 
21 7730 15678 26 8995 10648 13909 3790 6103 17989 
238 21050 21 
21 11561 6 23273 5 28 5 4766 26 0 22615 30 29 29 
21 21 31 22942 20402 22385 13909 22942 6103 14049 
18476 9193 22805 23135 4 20402 
19900 23135 20402 14604 20749 21 21 21 
21 28 26 11943 26 5 
9980 21752 22463 21551 17872 1540 21 
21 8995 2371 866 18498 9193 21596 9594 11284 17556 6981 21 21 10976 21 21 21 
21 18533 22805 7914 7127 6103 5505 31 28 4766 31 14469 6 21 21 22767 19038 7102 31 22463 22144 6103 3857 1393 10366 21 21 16066 6408 6103 29 9193 7850 9009 1421 22463 22144 7730 9594 6 21 21 8995 703 15104 7509 22144 1393 10366 21 21 21 
21 24 4 12780 5174 31 29 20205 20 20 6 6101 21 
22657 31 16689 31 13311 
21 3702 6670 5758 20244 14335 6075 5320 7509 13375 6 
21 21 7730 31 4417 18498 21596 3192 155 
15658 3943 17524 
4766 15678 18303 9769 7850 22942 18772 21 21 
773 16340 7509 21021 21 
18533 22463 4417 16124 7730 15658 15138 11020 16404 15005 5 5 5 20402 28 15658 6075 13909 5 
29 5483 16404 28 5 18525 18533 20402 21282 16630 5 
21 21793 15678 17877 10978 18498 20402 18443 7914 16568 2126 20402 9431 4796 12673 17380 16673 9290 5 
16393 22463 6663 2625 5451 5 21 
26 
20559 10753 5 5 5 21267 5 4587 23395 31 11644 6 22 
20311 20 27 
18498 12094 20 
1461 7850 3766 
21 28 28 19698 7730 28 28 4 22805 12861 18498 12577 20 21 

