26 26 26 26 20 6 22 
27 
21 14425 20497 6103 21793 20 
18533 22463 6981 21793 15266 27 21 
21 15855 16404 15678 6014 9193 20402 3735 6103 22805 
20007 28 
7850 28 20 21 
21 20463 28 4 3962 4815 20 0 27 21 
21 15678 7558 28 20 6 6103 
20463 28 7730 28 28 21 
11462 20402 7127 6103 28 28 27 5 7558 28 
11462 20402 7127 6103 20463 28 20 6 6103 
21 15658 21911 4 29 15860 7730 29 20854 27 21 
21 20420 6329 20149 4 1393 12755 7384 4 20954 5 21 
21 9193 10672 20402 6329 4766 7847 9193 20402 15678 21340 
20402 4 9193 20149 7847 15678 6011 22564 12780 20402 31 13906 0 
5 5 5 18533 21596 873 17872 18525 23151 
23 4 28 8 29 21 
27 
6 
9808 1247 28 20 6 
11952 20 27 
21 17438 8956 18374 17872 4796 4 17438 8956 4387 17872 7599 
31 4182 17872 15344 7730 31 4999 17872 20852 
17438 14335 6256 19466 4 17438 14335 6256 9387 
28 7850 16162 21 
27 1453 
21 733 4 8956 17654 6 21 
21 1393 12755 7384 4 7599 7730 16066 16784 21551 7850 28 27 21 
3058 7127 20 6 
21 15658 23016 4766 8956 6103 21 21 21596 15144 18498 10959 21 21 5 19456 20402 3058 7730 4 7384 20539 4 21793 15190 10959 5 21 
8 29 
21 1575 4 13055 18498 15658 20402 20293 18498 7576 20402 21252 6103 15604 6 21 
26 20 23051 11719 7850 28 6 
6 
15874 20402 28 6 
15874 28 28 6 
11274 26 28 20 26 26 31 7850 9634 28 23351 1097 18498 9193 30 30 26 21389 26 23351 5876 20 8 29 7850 8840 26 20402 28 7 
8995 201 6 26 26 
27 
1027 13909 18498 19830 18527 7850 15481 8 29 
15874 15481 20 
26 10405 
21 3172 18498 23016 17872 28 7730 8840 18498 21793 8386 7730 9605 28 5 7850 28 12780 20402 1920 21371 0 15658 21582 9594 16673 14466 22463 21 21 28 21 21 4 21 21 11274 26 21 21 16066 21 21 26 26 21 21 15658 20402 15658 19900 8794 4 20402 20402 13923 7802 7730 14540 22 21 
8 29 
20 28 28 20 
28 26 17872 22886 7509 5537 7509 12899 6 
17390 1851 
20 26 7127 28 20 
6 
21 31 20205 15658 20402 19854 4 23135 18498 8995 7850 13727 8561 14539 18498 9193 21596 8840 15678 1249 21793 17872 17304 7491 12861 27 21 
21 15658 13727 4766 21389 3439 4 18525 20402 10696 20402 19169 27 21 
4175 28 
0 12780 31 7850 26 0 
15874 28 6 
22612 
21 28 23351 26 4 17602 22405 4307 6 6103 21 
21 23135 20402 6072 18498 288 18498 5799 31 17377 20402 6202 2524 0 15678 16718 2858 20402 9685 5 16404 871 16971 4 31 22942 20402 20558 6 20402 6014 16066 12261 5 15658 9387 16083 4672 8406 22463 26 7730 16083 4 15425 23498 4460 4 15425 7728 4 15299 5 16404 7847 4 15678 15190 15658 20402 4891 5 5 5 21 
26 26 26 26 26 26 20 23104 28 20 
21 769 28 20149 30 17438 28 
769 26 20149 2450 13423 7850 15599 21 
20 28 20 
26 7127 28 20 
16440 28 
21 23 4 873 8995 22805 18498 17304 13717 4766 15678 7721 7509 26 21371 5 5 5 21 
21 4419 6103 2727 4 20199 7509 28 4 5371 31 23014 7730 5614 5 23167 6103 15658 19900 13359 15458 21551 5 21 
27 
6 16404 
21 733 30 5 7850 21592 20402 22327 15138 13512 4 9193 7850 18103 5 5 5 21 
16292 8 29 
31 10672 7509 28 6 
21 21 21 31 20709 18533 31 9719 16404 21596 5696 4 9731 7730 13246 5 8329 15855 31 9719 4796 11160 4 31 4672 20402 7188 5 15658 18443 13909 31 5891 7850 20214 18449 21 21 5 21 
21 12159 20235 15138 8847 8956 4 11300 5 21 
8995 3450 22897 13909 7188 
6 28 
21 8 29 9193 18533 31 5896 23104 
1926 31 16990 15906 21371 20 21 
21 9808 7127 7509 21 21 16292 4 17629 5459 21 21 27 5 20149 11462 9193 17511 6075 13909 5222 7509 18498 17629 18876 4 20402 17458 14335 8361 31 20402 19483 4 13043 7730 22667 31 9193 9634 308 6103 21793 31 16083 4672 7850 15190 5 15708 17438 22327 16292 4 22318 1027 6329 8 29 21 
8 29 
21 2700 4 15658 14335 13480 5 21 
27 20402 22463 22225 15355 
21 8956 21 21 13907 21 21 14335 1966 3450 22897 13909 5 21 
17872 18498 20402 9820 0 11474 7730 15144 21596 15678 14539 7277 11462 7914 7127 21282 18498 15658 
21 17458 20402 4524 18498 16468 31 22942 9743 7166 14669 4 18533 21596 22463 5574 13900 7730 21 21 3086 21 21 20402 21083 20134 15658 20402 0 21 
1115 7509 9193 22942 8 29 
8995 22805 1612 28 18498 3219 13761 7850 6014 0 18498 
21 20149 31 28 4290 78 871 4672 4 18498 78 15678 28 2547 6 28 4290 11979 28 21 
21 18498 10032 4 15658 20402 28 0 27 21 
26 
27 
9808 1247 3504 
30 
15671 20402 28 18611 21282 
21 15658 20402 31 10273 13909 1246 4 9193 20402 22463 7509 13909 7451 7509 23575 1249 27 5 9808 1247 1095 20 22318 6679 7730 20293 6679 15678 13909 14425 6103 3058 7509 22942 20 22318 1027 1027 8 29 21 
27 24 
8 29 
27 13909 18498 5018 
6 
29 5 29 7509 23179 20 6 
9808 1247 23179 8 29 
8 29 
1453 9901 7850 20931 
26 
8 29 
6 16404 
22385 9193 20 27 
5960 0 27 
8 29 8 29 8 29 
28 28 28 28 28 28 
14604 1115 8 29 
9901 21793 6103 3058 
8 29 
26 
21 9808 1247 4 20463 7509 28 27 21 
26 26 21776 28 6 
14924 11455 27 
21 7509 21266 6 21 21 10273 4766 15138 17822 21 21 27 21 
9808 1247 16292 7 
31 13691 7509 21449 
21 7491 23322 20 
21 21 23322 21 21 21 
27 9193 20584 15936 15658 7102 20402 15138 2727 22886 
3058 7127 
21083 31 9721 
21 23353 15658 20402 22327 11828 
16559 15658 15344 22327 7850 28 
20021 15658 20402 22327 3873 
1845 15658 20402 22327 4967 
13835 7730 12110 
21793 15190 20402 14336 1920 
18498 15424 31 10765 21 
6 
21 11462 20402 7127 6103 4788 16083 17815 6103 22463 7509 14604 14426 1097 7850 15190 6 6103 
9808 1247 14604 1114 20 662 15138 17438 21596 23135 4796 12787 5 22318 1027 7730 452 3450 22897 13909 8 29 21 
21 18281 10160 12780 12780 
18281 10160 26 26 
5876 16404 15658 20149 18516 
15855 18498 31 10160 13055 18516 15678 14604 1114 5 5 5 21 
12780 6075 21083 4179 
27 
21 15678 18556 20402 8361 6670 4099 31 15658 20149 14810 4766 31 21 21 10764 21 21 5 21 
6 
16587 12780 19698 41 5 20584 14378 7509 18498 740 8995 17438 23016 5 
27 
21450 6 6103 
27 
9808 1247 28 20 
7127 20 
15833 26 
13909 9867 13023 20 6 
9867 13023 8 29 
6 
21 23135 15658 20402 21 21 20402 7509 14856 21 21 21 
27 15138 23167 6103 9743 12861 
22612 
9193 21371 20 
31 9801 7914 4796 
21 15299 21211 4 
15678 18688 22385 7853 
20402 15678 20825 13909 16816 
7509 20304 18498 21596 10547 
2371 9193 9942 4 
22805 20149 16647 7847 6103 12939 
23135 20954 7850 4982 
7730 12780 21596 15678 18498 18533 21 
6 
8 29 8 29 8 29 8 29 8 29 
21 7545 31 18525 7545 4 9193 15658 368 7914 23135 
15658 368 7850 21021 4 15658 368 7850 21525 
15658 368 7850 18498 14335 23016 11898 
368 7914 15970 7730 17956 
18476 15678 17563 21596 278 1393 12333 21 
21 17872 18498 0 2976 12861 4 8995 22327 22385 13512 7730 3558 5 21 
21 21 21 5 5 5 22463 20709 10482 7914 15206 3450 22897 13909 951 20293 12780 17629 6103 22463 1077 7850 13131 6103 20402 16404 5891 16673 20463 13928 4 16404 18498 31 8303 5360 10473 4 10657 31 6792 7730 8339 15678 14539 6103 20293 5 21 21 21 
3058 7127 20 6 
733 28 20 
155 31 2060 7509 20247 6 
8 29 8 29 8 29 
21 22463 9078 4 22463 20655 7730 22463 1252 18498 26 21 
26 13023 6 
22612 
21 21 21 15678 18498 20149 13405 7509 22942 20402 31 22942 18498 20149 13405 21 21 6 
22918 4 4796 4 2685 4 1027 20 1022 23135 17304 15658 8995 13909 23104 4 2371 15658 12780 430 15138 22564 19830 6103 14156 7730 21596 3906 7509 1249 7 21 
16208 22 
21 3472 15678 21 21 6211 6103 19240 21 21 18498 9743 15678 13905 2276 17438 4060 7509 16367 28 0 3472 654 15678 17960 6103 13301 18498 5771 15678 6977 1393 19240 0 3472 15678 21 21 1027 1393 18195 4796 31 22318 14539 21 21 0 3472 0 6408 8125 31 2988 17872 9594 6103 10477 19239 6103 16083 16587 5 18476 15658 20402 5795 15658 20402 10765 0 21 
21 31 14464 13055 21596 18498 20149 18069 29 14667 22898 13909 4 10648 15138 14466 4 8414 15138 14426 19522 4 9193 15678 11861 17872 4089 20402 21 21 20149 15061 9818 7730 3086 21 21 5 8329 12861 4 15678 2374 7509 28 20402 22092 9790 28 5 26 20709 3170 14149 20 21 
21 15833 26 4 12334 10657 17872 10523 9818 7850 15871 6103 29 30 21 

