27 20 20 
21 28 4 15678 18606 7491 20670 15678 14604 29 13905 20491 13030 7914 22463 21282 11729 0 21 
15658 8995 7993 17714 16404 12861 5 
8 29 
14335 1792 21282 6103 13359 5 
13115 
21 20670 23135 4 28 5 21 
21 21 21 5 5 5 7730 28 3697 7509 7630 7509 7501 6103 22463 22678 7730 23029 12787 7509 28 5 21 21 21 
31 11542 8 29 
21 28 4 21739 4 439 18525 20402 15678 4255 0 21 
8 29 
8995 15658 20402 5 5 5 
21 18533 6184 8956 23222 6103 21097 16404 31 9193 15253 4 20893 5 28 7730 31 20896 5 28 28 20 20149 8956 12979 5219 8147 31 13759 4 23135 21371 5219 20 10268 20 21 
21 28 4 15253 4 17872 23135 20 8 29 21 

6 
8 29 
21 9980 4 20463 7999 20 21 
19698 13581 20 20 20 
21 28 4 20215 15678 10240 20 21 
21 21 21 7730 18660 7509 28 20 23135 21596 15678 15190 16404 20007 20 21 21 21 
19698 13581 20 20 
8 29 
21 26 4 9193 9942 0 21 
21 21 21 16404 28 28 4 21793 8832 20402 15678 8832 6103 30 5 21 21 6 22 21 
4346 13026 5 5 
2136 28 20402 14425 18498 28 20 352 28 
21 28 4 16169 4 5121 0 21 
21 28 4 9193 22318 7491 18498 23135 15658 21596 264 20 27 20 21 
7730 15678 10240 18498 15658 16404 6103 3510 0 20 
24 
28 8 29 
21 8406 7850 13543 288 18498 20402 16645 4 9193 20402 22821 20 15708 28 20 21 
8 29 
8 29 
8443 15658 20402 5 5 5 
21267 0 20 
18498 0 
9193 20402 26 26 
8 29 
21 21 21 9010 15533 2686 4766 15678 15576 14464 5 21 21 21 
8 29 
7 7 20244 4795 5 
15855 1614 18533 20 
26 20 8 29 
21 9193 18784 15658 19900 15678 18498 4793 4 21282 6 17438 18498 2248 0 20 17438 18498 0 20 21 
21 21 21 21282 18498 13325 18498 8329 23135 8995 2371 19698 4 7914 871 13727 7509 15190 4 15459 9314 14924 4 21596 22463 21418 6103 17406 3393 21582 20149 13398 20 9193 23135 15658 16721 15423 4 15658 20402 0 20 21 21 21 
21 18274 4 18274 5 5 5 21 
21 7783 4 3472 20931 7206 0 20 21 
21776 22150 873 14335 753 20 20 20 20 20 20 20 20 20 20 20 20 20 20 20 29 20 20 20 20 
7730 11284 2974 6103 18498 7847 8995 7850 17106 5 
20670 15678 4561 6103 26 26 6 
21 21 21 9193 654 20402 21267 4 9193 238 21596 15860 19727 17438 18498 12780 20402 15138 10131 21 21 8 29 21 
9193 21776 15036 20 20 20 20 20 20 20 20 20 20 20 20 20 20 20 20 20 20 20 20 
18533 14018 22463 2700 17872 12353 20 6 
21282 17458 18910 18498 9193 15658 4730 15286 1233 20 
20670 31 15041 7509 28 5 
6 
15299 14425 18498 22463 3058 16395 6103 8703 20 
28 19668 
21 9193 10765 4 9193 288 18498 16784 31 16440 18498 31 28 8995 6103 523 20 560 4 26 26 20402 5508 6103 26 4 15658 20402 0 26 26 21 
8 29 
28 28 
21 9193 15658 21776 16098 15286 7509 28 4 11731 5 21 
21 28 4 28 4 20244 11091 20 21 
21 28 4 16169 4 12780 6256 23135 434 15678 4795 20 27 21 
21 20402 14454 4 2727 14454 5 28 5 21 
12780 9594 20670 15678 4346 7509 12353 654 20 
21 15253 4 9193 13033 18498 20402 7599 16721 7850 18498 22318 7491 5 288 18498 20149 13026 29 7158 15658 21596 16192 15678 21036 16404 9457 15678 18498 23135 20520 16404 9193 5 23135 20402 4841 4 1095 4 4921 4 22463 16971 12094 7730 4163 6103 1097 14149 20 16323 16673 20463 7127 4 1575 15138 20 22318 1027 8 29 21 
15678 18498 0 
21 28 28 4 12780 20738 20 21 
15036 8995 20 
4346 20044 20 20 
21 28 12526 4 22280 5 21 
4796 13471 0 0 
21 28 4 15253 4 16404 23135 20 21 
21 7491 18498 9193 1027 8956 9956 20420 14487 4 17458 15678 20352 20402 15138 13905 20 8 29 21 
28 28 
27 
28 20 20 
21 21282 31 28 4 17458 8956 18784 15658 20444 17872 15299 20 21 

