21 13575 4 15658 16468 20 14425 21535 21 
3058 21409 
21 22463 2440 18443 7509 20749 4 15658 20402 4 1097 0 21 
30 
30 28 28 28 
13512 

6 6103 
21 3058 15533 4 10606 21 
2818 
22463 6014 13512 16404 15678 29 1249 6103 13197 
6 
21282 13359 22821 
8995 28 15138 26 20539 20 30 28 
18533 20 
18498 17497 13512 
20126 6 
15678 15092 6103 22463 23572 817 201 6103 14335 6075 3897 17872 17406 4179 
26 28 
8 29 2371 
17324 20402 
21 21 21 16721 18498 9193 20402 21193 4 9193 15643 20402 5 15643 17098 20826 4 21282 17098 31 9193 18191 18774 5 21 21 21 
28 10702 
1614 6103 3058 22805 31 17951 30 28 2725 1826 14604 1114 
4443 2136 15678 20749 18652 28 20954 31 28 28 4289 7850 18506 22821 20158 
5 
7997 13647 7730 7997 4402 20402 10050 21582 17908 150 7509 4380 7914 20402 28 
21 26 26 26 26 26 12863 22 20539 26 21776 26 
21 15874 
26 23274 21 
15138 3058 27 
21 24 4 30 23 20 21 
21 15978 20539 4 15978 15658 21 
1393 13197 
31 16559 1393 15533 
21 21 21 31 26 26 26 16073 26 26 28 26 26 4 26 26 26 26 22 20539 26 26 26 26 26 26 22 20539 26 26 4 26 26 26 26 26 11617 20916 26 5 21 21 21 
8 29 
21739 28 7730 21739 28 7850 20497 7509 28 28 
21 26 22 18740 26 26 26 26 26 26 26 
21 13909 26 20 4796 15658 17525 4 15658 20402 0 21 
28 5893 
15678 28 7509 26 26 
9193 12780 17872 2433 5 5 5 22658 28 4046 20242 7432 
21 6592 654 4 16098 28 26 4 18498 11284 7558 1249 2116 9193 21371 8995 16098 28 26 6 21 
15855 21282 18525 21438 14335 20901 11462 20 
15658 19900 15678 18498 7491 
21 23135 20402 4796 22463 9956 19854 
18498 9193 13055 19900 15678 9971 7730 20402 15299 16015 
21 6 
21 8329 12861 4 20585 7850 26 15658 20402 4778 20 21 
8 29 
23274 29 26 26 
14425 9872 
20238 6 
21 18533 13761 6 
15658 724 8956 2818 
6 
27 
21 15855 21282 4 18498 19768 13512 17872 9971 6103 20247 21 
21 15834 4 28 21 
21 23016 4 23016 4046 20 20 21 
1097 
26 26 26 
9808 7127 7509 2336 17872 8956 1845 
18533 6 
21 23151 4 14660 20 21 
21 26 7850 26 22 20539 26 26 31 26 
26 26 26 26 12863 26 26 
21 2136 31 18195 4 28 20 28 30 21 
26 26 28 30 28 
28 14368 8 29 
1249 7730 1249 7730 1249 2116 
21776 28 26 26 
21 9193 4 22463 10606 4 22463 15108 21752 10273 20215 31 21886 7730 31 21886 13512 7730 21894 6 6103 21 
10006 
2504 6103 10095 7850 11725 6103 7850 26 6 
19703 
23 
23179 19169 7509 21468 16255 22765 20402 28 
30 26 5 26 
7127 29 20463 30 20 
21 26 4 14660 21 
30 28 
2702 28 18610 5 28 
740 13909 654 18498 201 15678 21446 8 29 
20879 
18498 20126 6 
8 29 
3058 30 10606 
22463 8 29 16404 15678 7499 7509 9956 7509 28 
31 14425 16440 7509 7865 
26 11723 7509 15855 
23032 
8 29 28 8 29 
15678 
21 26 26 26 28 26 26 20402 26 26 11943 26 26 4 26 26 26 26 9783 26 26 26 21 
21 28 18610 5 28 4 15855 21282 4 30 28 3488 5 7914 28 5 2702 21 
21 4545 7850 26 15678 7127 21793 
21 15678 14425 4561 8 29 
22463 16461 15458 3720 
31 14425 10606 
21 27 1027 20402 8956 3790 
21 15458 9975 6103 20247 14149 15678 28 18610 5 13405 15678 28 26 6318 15619 7914 10179 17872 13197 5 8956 14464 7509 23222 19525 21793 15678 14604 20352 5 
6 
21 21267 4 16404 5 21 
21 26 26 26 15803 26 26 26 21776 26 31 14387 
28 22 20539 20402 13512 13909 22463 22897 
8 29 
26 7509 7127 
21 2336 4 9605 22463 13285 5 
2371 18498 10405 21574 20 21 
19671 
18382 7850 13837 
8 29 28 13072 7017 1103 6670 20293 8 29 
1027 20402 8956 17034 20584 
28 

17438 18498 6361 21389 17872 4809 31 1937 0 
15678 26 26 26 23 23 23 23 18533 
22223 5 
7432 20 
7127 29 1276 7509 4380 
21 18498 20497 4 1097 8 29 21 
21 1022 6 8 29 
21 23 4 15658 19969 7509 3393 
30 28 
6 
28 6 
22463 26 6 15678 5505 3510 5 
21 3058 15533 4 14660 21 
20238 4766 15678 28 20 15678 14425 2547 7509 28 28 15671 22318 1027 
21 24 
6 22615 
21 21 21 15678 7127 29 6103 14230 20402 11861 16673 20558 15081 6103 18498 31 15144 740 20402 15952 5 15678 7127 7914 18498 20402 18784 22092 4796 11686 17304 22020 15678 7127 7914 22463 4790 4 9193 4 17438 8329 4 740 20402 22463 7127 16404 155 15678 15860 7509 10606 18498 17658 15658 19900 4 17438 9365 4 18498 20457 6103 3450 7118 15144 20402 676 1393 13669 7509 22942 9010 20402 22463 6075 7509 15911 7730 18498 8956 15144 15658 8995 13667 5 21 21 21 
21 26 
6 
8 29 
21 2 4 4 4 4 

5 4 

21 21 

15834 14660 21 
21 23 4 20879 20 21 
1755 7850 9956 7730 7850 7314 8 29 
11462 8956 13512 4886 29 3885 8 29 
6 
8 29 
31 23501 13909 3086 7509 4417 
28 20853 20584 
19456 31 15364 
21 7585 22 21298 26 14335 4 26 26 20 
30 6103 20238 
26 20402 26 5 28 2947 16255 22765 
21 28 4 18705 7730 28 8 29 21 
20 20 20 20 20 
21 12863 22 20539 26 26 11617 26 
21 17872 6256 4524 5 
28 20 6 29 
26 26 26 20244 4257 6103 23151 17872 3885 28 
27 
6 22 14425 16971 6 22 
29 1249 8 29 
21 20725 4 18482 10151 15678 21 
1095 8 29 
23 20 20 20 18498 14245 
26 26 
22136 
21 7509 26 11617 26 4060 11617 26 26 11678 11617 7585 22 21298 4 26 11617 26 

21 14604 22765 8995 9901 13909 22765 20 16323 4 16169 21 
23 20725 
8956 20402 23204 
21 15678 
20202 31 28 26 
21 9193 18498 21596 2136 21435 15678 15540 6281 
28 18610 5 238 8141 5 6 6103 
7127 29 9808 4766 31 14660 
4809 15678 1249 4766 8956 13512 20 
4060 4766 14604 4122 15658 20402 18533 
20402 21793 28 
21 26 4 11617 26 26 26 26 26 26 26 26 21 
26 21776 29 20 26 
21 9808 28 4 10606 21 

