21 27 6408 9605 18498 15658 4 15658 20402 13800 19883 4815 5 21 
28 28 11731 18476 13026 15678 28 28 27 
27 
21 873 19900 6103 871 21932 18498 10648 2727 7730 21932 17556 0 27 3222 4 22463 28 15558 4 16673 19143 6103 28 4 28 7730 559 0 20 21 
28 28 
21 3058 4 288 18498 5219 19474 1393 21793 20 6663 16673 6361 6 
13909 22463 22897 662 16673 16323 7730 6679 22327 7914 7521 31 21793 20 
18498 28 78 3450 22463 5 
9901 15138 9808 20 6103 22821 5 
15708 10765 20 20 
21776 9901 22765 21 
21 21776 15138 9808 4766 15678 16323 4 10765 5 21 
29 20 
21 19900 4 21776 4766 15138 23167 6103 4796 22463 3031 6103 4331 4766 18899 7730 4615 6103 3211 4 6103 17659 18533 22463 7509 28 28 28 4 15678 3031 6103 4331 13909 10962 18498 13055 4796 15138 10962 4 18498 20126 21 
28 28 
20460 20 
22327 17511 30 7847 18498 14335 10252 5 
21 23269 18779 4766 15678 11020 17934 28 28 5 28 28 20402 4 308 6103 22327 4 22463 11020 1845 6103 2717 5 15683 16673 16821 22386 4 20402 316 7914 21793 31 11020 23498 7509 14125 6 4799 4 26 7730 1851 5 20931 19083 20402 2005 7730 7755 6 12780 6670 11020 15704 7509 1826 17285 7730 7509 28 4 16468 17438 13576 4 2136 16175 15355 7953 5 7914 20463 5941 4 11284 13909 6103 29 3733 6103 19635 7730 7794 6103 14856 7730 2717 4 991 7509 3800 6103 15609 7730 14750 7509 21525 10889 5 28 18652 4 26 7730 28 28 8995 8406 871 7509 9632 18498 20402 10546 9918 7509 20463 17077 5 4766 29 1249 6103 3916 4 18779 21935 7914 7445 4417 7509 28 4 991 6103 15604 28 4 28 4 28 4 28 4 28 7730 28 5 16884 18647 7914 20402 28 6670 29 4 20402 7930 7509 11554 26 26 7850 28 13229 4 18017 7509 20928 29 2717 28 7730 18779 21935 16404 31 731 26 5 
13909 22463 11020 14577 794 15458 18670 7509 14125 4 14335 20357 15138 9808 7730 17836 11514 17438 21596 16429 6981 11020 23269 5 12780 13405 22327 18498 1540 4815 4766 14577 6103 2046 31 16821 6103 14604 21935 4 22463 17934 2265 7730 16015 4 22463 11020 12446 4 10959 15138 6981 28 5 662 31 28 17818 17438 13909 22463 14577 2046 4 9193 15253 28 20828 7509 17836 4 14604 15311 28 28 21596 31 16135 6103 14335 13405 16404 15678 5942 4 7730 14604 14425 1095 23201 28 21371 17438 9743 15678 14539 11020 9721 20 9901 9808 18498 21596 16971 18498 14335 1500 7730 9743 31 9193 14577 4289 1393 14604 794 5 
662 11021 21371 31 9193 14860 28 28 13055 15138 13512 6103 21596 14335 4980 31 11514 6103 14132 7730 17438 5108 7914 9193 5 
12780 13405 8956 1542 4815 20293 20 15708 5 6 6103 21 
14125 
23269 28 28 
9193 
28 28 
28 28 
14126 31 28 28 
23029 10546 20 20 8995 6103 16323 27 
18533 19969 20 14512 
28 28 
873 19900 6103 871 13727 18498 22782 10792 6103 8208 0 16066 873 17304 14335 12296 4796 20149 7491 10792 6103 8208 7914 26 0 26 20 
28 28 1114 12780 4913 22463 20 
8956 6719 20 8 29 
21 28 15678 19522 7509 1386 7509 13131 7509 6011 7572 20402 6 23135 20402 22463 16971 4766 13131 7277 7509 6011 7572 5 
15678 13131 7277 7509 6011 5426 20634 15457 2270 7730 20463 3629 8214 5 17458 20402 6011 6103 11729 4 8443 20402 9324 7914 6788 4 21371 20402 4229 6011 6103 28 5 
6103 352 4766 31 16967 4 16971 4766 13131 7277 7509 6011 7572 21596 13905 9567 6103 8147 7730 22805 9648 7730 16083 9422 1258 5 21 
21 3172 15138 22898 288 18498 9743 18553 6103 20402 2374 7730 11679 4 8956 4672 14335 19646 5 23135 21282 22805 15678 18498 31 15267 8748 7850 3790 6103 23135 7730 11686 2374 23135 12780 13761 7730 9901 4369 15678 16102 6318 5 8302 5 
31 13749 6103 19785 7730 28 4 8995 4179 18498 19785 21596 4796 3625 12741 22463 17525 14514 5 5 9193 17461 4 31 13749 349 7914 17269 20751 3170 7730 15678 17563 11663 4 11679 15658 21596 15424 31 14996 6103 9743 22463 21842 13278 17872 22463 3170 18498 8995 21596 31 4245 6103 5204 15678 17525 6103 22772 7850 28 4 17438 13909 18498 7847 21596 29 6103 4245 740 20402 8838 4 9193 15658 4 15678 17563 1614 17658 22648 7730 2377 16102 7914 4434 6281 19785 5 31 15267 14065 23135 17872 9743 23135 10959 6281 3450 22897 13909 7730 13909 4 7730 15658 6075 15424 15678 15270 17872 18525 2635 17872 794 20463 20826 21371 5 17908 28 5582 7850 28 9387 22463 8429 6281 7850 8893 8852 4 7730 17908 19900 22463 17556 7509 22942 6281 4 7914 22897 6103 21282 20402 22463 28 12780 4766 31 16083 5 31 28 7491 7850 8429 18498 7847 15658 18533 15806 15678 16169 7509 19785 7850 8147 18498 21596 17556 28 1276 7509 13749 4 9193 368 18498 7847 7491 31 22821 4 17324 16967 19900 31 22942 6281 5 4672 18498 31 13907 6103 23135 15658 9743 5 19456 31 19785 4 368 18498 7847 20402 14513 4 9193 308 6103 22327 368 21371 18498 16083 16971 21596 31 4245 6103 20149 21858 3625 21371 5 15658 20402 6981 22897 4 9193 9193 8840 6103 22821 18498 28 22137 13909 7730 15658 6820 6103 20463 17233 4 15144 2634 18498 13202 22327 17872 20202 15678 18498 31 9743 9808 4 13749 5 14667 19461 4 7730 13909 14667 19461 21371 17438 20402 3170 7730 21596 2635 17872 4289 15894 4289 5 9193 18950 15678 17807 4 4672 18498 15138 7102 9743 1276 6103 17525 18475 14512 5 21 
15643 20402 22385 10962 20357 15678 22797 7850 19800 
21 1022 4 8956 9193 18533 22805 20 27 21 
28 28 
28 28 28 28 28 28 9193 20 27 
7914 21631 6103 15855 5 5 18525 21596 4102 5 5 5 8561 20 
18498 20126 14604 
21596 4672 14425 15458 3564 0 20 
21 26 6103 28 20 15138 3058 31 2464 4 16689 18498 8995 13679 13923 6075 17872 1190 20 27 26 5 22805 28 28 28 21 
21 11731 22463 134 1920 4 15036 21 
27 
26 30 28 5 6 
21 27 21 21 20015 6103 1097 21 21 21 
2727 1920 27 
4672 13909 13512 18498 13055 22805 
26 
28 28 23135 
21 21752 31 22617 18498 9743 31 4672 7850 13827 4 
7730 288 18498 15658 19900 27 
9594 3086 5 21 
27 
28 28 
21 23 15980 4 28 0 21776 2727 23 20 21 
21 25 4 17106 18498 18533 21596 29 14539 20 27 21 
21 9193 1614 22918 16721 18498 12784 9743 29 1249 21932 15458 10542 4 7730 7850 22821 12780 9743 29 1249 20 18525 20402 18498 21596 29 1249 4766 22327 12861 6103 21551 7914 22463 10542 21282 0 27 2371 18498 15995 6103 9193 4 7730 7850 14996 4 16440 16630 2156 15658 20402 4 14514 21 
22463 14157 7850 6037 13410 4766 14220 7730 22463 20809 7850 18358 7612 26 26 26 26 5 
20244 7728 20 28 28 
21 8956 20402 31 4672 10962 13909 14214 18498 9980 5174 15458 9975 6103 20247 4 20149 8995 1409 0 11731 5 21 
8956 20402 31 3790 6103 22463 16971 18498 352 4099 7914 22463 7576 
28 28 
23 21776 13563 9193 9193 13055 19900 7384 5 5 27 11580 29 
27 
21 29 7847 5652 22564 31 17899 4796 9845 5 
5764 20402 17897 15600 17458 15138 9743 14425 15678 20463 21932 20663 17766 5 7847 20945 4 7730 1393 22898 18011 4 19535 20463 21932 2136 15678 23575 14763 20559 16404 9417 31 491 7509 6472 5 21 
21 9193 23104 15678 9975 4 13325 7509 13907 4 18498 23523 3058 21 
21 15138 22898 15678 18498 7102 8474 7730 15658 8474 4 7850 22821 4 8995 2727 31 9193 10366 4 15138 15658 8474 7730 13909 740 20402 15678 18498 9996 15658 8474 4 28 20402 17307 4 7847 19900 6103 21793 31 4672 4 7847 19900 31 10211 9314 6103 636 4 7847 15658 22318 15708 31 15299 4 23135 21596 15678 13591 1643 4 17438 12861 15678 18498 12780 2116 4 20149 12578 4 22805 18498 5739 7914 28 5792 12780 15138 13909 991 7509 18498 23135 16098 7914 18475 13727 4 16066 7509 2988 6103 18475 16971 4 23135 21282 15678 5174 18784 1393 16440 6103 20463 12578 4 6103 20931 18191 23167 4 23135 21282 6592 31 22821 20149 1563 4 7730 21596 10547 4 22327 12861 20402 16972 5 
7847 8995 3697 6981 15951 15237 20670 31 15144 7730 17438 12861 28 7491 6 
23016 31 9193 4 21793 15678 18498 8995 3697 7730 15952 4 7730 9193 22318 907 5 
28 29 6 29 21 
21 9193 15253 16630 17872 9743 4 8995 2371 15253 5 29 21 
12716 14856 5 
21793 17956 349 20402 7509 23423 6103 5139 5 
28 28 
21 3058 4 13055 9594 23206 7730 23206 22898 18498 15658 17629 6103 22463 6086 8818 17872 7491 15678 18481 20402 662 16673 15253 18498 21596 4 9193 662 21793 15678 28 31 28 17438 9193 31 22395 7914 9193 22942 5 
9193 20402 18525 20402 11066 31 9193 15253 4 18498 14335 7802 4 1027 4 20293 14335 753 7730 9025 7509 14604 13131 4 9193 20402 9808 17438 18525 20402 17458 19900 18498 20402 31 14425 16971 6981 15190 18498 14335 5762 5 14539 18498 9193 21596 23206 22942 740 1920 15658 20420 15678 21036 17872 9193 5219 6355 15678 18481 20402 662 4 9193 15253 20402 9193 2614 4 14604 1506 4 9193 22942 4 9193 15082 4 9193 13905 23538 4 31 16971 18498 13909 452 7914 21793 8956 15190 4 20402 31 16971 13909 11156 18498 13055 5174 5 
9193 22318 1027 15253 4 7730 4796 9193 7491 18476 16753 7914 3927 4 9193 22318 1027 7509 10484 7509 14604 5528 20 9808 7127 7509 15253 4 15253 20 20 21 
27 4676 
9193 740 288 18498 15658 21596 20870 
21 21450 4 22318 1027 4 15708 17438 21793 8956 21551 5 5 2136 31 18195 20 21 
9743 17872 28 20 27 
21 13512 15708 17438 5108 7850 14604 21932 4 14125 6103 21252 16468 21 
873 13055 22240 31 21494 7509 28 0 4796 9743 0 20402 21282 9193 12780 7850 26 0 
26 7850 26 
3794 5 
21 3222 4273 14604 4 20402 15138 4273 29 6103 153 4 23135 22327 18498 13405 8956 7127 31 21267 4 8125 15678 19924 6103 21793 15190 9594 21 21 14488 21 21 18470 20402 0 14604 4 18498 4672 13909 20244 15623 4 16393 22463 14984 6103 2374 5 
8995 11060 0 8995 22918 20 0 10648 7850 13683 0 0 17877 20402 21680 15502 22318 16836 20 20 20 
9343 20149 23135 8995 12034 
15658 12780 9343 15658 20 20149 15658 22463 29 12784 19969 7509 14604 16822 20 23135 20402 15138 4273 17461 5 
3222 4 29 6103 153 4 2371 18498 2780 9193 20402 5 6 2372 21 
28 28 28 28 28 28 
21 1614 7850 28 15678 17563 21596 14069 6103 15658 14265 15424 20149 18533 22463 10223 4 9193 21596 14247 6103 10926 5 5 873 9431 0 21 
18525 5018 7509 22463 26 2371 27 
21 29 1249 4766 23135 4 18498 23016 13909 20 9193 22318 1027 16323 17872 15671 21 
28 28 
21 871 4672 15128 4 7730 31 9193 955 15658 20402 22463 6281 27 26 26 4 16323 16673 10217 5 26 26 20 21 
21 23016 9193 4 1614 4 4854 4766 23135 31 9193 835 1393 18876 22463 15588 15138 3058 11462 4 9901 15138 9808 4 19900 18498 15138 16468 16468 17438 12861 4 7730 15138 740 16468 4 20402 22463 835 18498 15658 3391 7850 16654 20 20402 866 18498 9193 6621 9193 18498 11462 16468 31 5174 31 20319 5 5 8443 20402 15678 20201 5 5 11462 9193 19969 6103 30 20 21282 18525 21932 29 17438 7127 5174 8956 20319 20 2702 21 
4346 5 
12780 5 
21 3058 4 17304 20662 4549 9193 20402 31 22821 13909 18328 5 16192 15658 2631 4 15425 6357 4 20402 18470 20402 4 15458 15190 12526 17304 4289 31 6650 15678 18481 9193 22318 1027 4 15253 5 20402 15678 20463 1247 4 9193 15658 20402 21282 17438 4060 18498 20402 20463 1247 18498 12780 662 17438 22318 21596 4796 15253 4 1393 12755 7384 28 19900 4 21282 28 19900 15678 18481 20402 11043 17438 22318 21596 20 9193 662 4 14335 827 7730 22667 3450 7127 7509 9193 22942 17438 19900 18498 21596 23135 20 
15138 16971 9074 18498 17438 13909 18498 9193 13055 21596 14604 29 1249 4 9193 22318 4730 7914 18475 4672 7914 9193 22942 4 20402 18470 20402 15678 1961 4 14539 20402 7055 4 9193 16721 7914 23135 5 9193 9743 12861 16673 20558 9707 6 15253 20402 21282 22463 15458 22942 7730 20402 31 4672 13909 17623 7509 9193 22942 4 20402 14604 883 4 9193 2614 4 17478 20215 9193 18059 5 20402 31 16971 18498 13909 14335 1027 15458 15190 4 7730 20402 31 23577 16971 18498 12780 5360 14335 28 4 6103 21793 15678 5528 20670 21793 31 4672 5 
9193 20357 18498 6399 7509 18498 9193 9743 4 15299 4 15299 15458 15190 12526 4 15253 4 12780 5219 6650 15678 18481 20402 11043 17438 22327 18498 23135 9743 4 7730 9743 17438 9193 20 17438 12861 15138 16971 15658 8386 15678 17458 20402 22385 1443 7914 23135 4 9193 20402 20558 4796 13055 9594 4 9193 22318 1027 7730 6075 22665 6103 21793 31 9193 910 17438 21596 22463 15253 4796 23135 5 20402 14336 4894 6103 8386 9193 20402 17458 15658 5219 8147 16192 18498 17511 4289 1393 794 7509 18498 9193 20357 5 7914 9971 15253 4 23135 19900 4796 22318 1027 20 15708 13909 22463 22897 17438 22327 4 16793 9193 21803 7730 9808 1247 5 5 5 5 9193 11156 7730 14425 1095 20 22318 1027 6103 21793 14604 23104 20293 4 7730 17872 21793 20293 5 6 6103 21 
26 6103 11462 5 
21 20670 15671 4 21282 15671 7558 19900 5 5 21 
15855 31 28 28 2371 10765 20 22805 28 28 28 28 28 28 28 28 28 
9193 
21 7491 18498 21596 3388 17252 4 9193 20402 18328 28 5 21 
26 20492 
31 7178 6103 22463 20669 9790 5 
28 28 28 28 
21 14125 1851 7850 28 4 15708 1114 17438 20402 4612 4 7491 4 14860 5 27 21 
12780 0 
21 3790 4 9193 16721 1920 4 20149 15678 12910 21932 7850 11543 7847 21596 18498 21596 5216 6103 18498 15658 12780 2011 21282 12910 20 23 4 9070 21371 20 20149 15658 21596 16135 4766 15671 6578 5 5 17458 18533 9368 21340 10502 0 18498 184 5 21 
21 18533 13359 21 21 20149 9193 9901 21 21 6103 21 21 28 28 21 21 5 21 
28 
21 18533 13359 21 21 20149 9193 9901 21 21 6103 21 21 28 28 21 21 5 21 

