28 19668 28 30 27 
28 30 28 19668 9193 9193 15658 20149 8918 
28 28 28 28 18476 21596 21026 6103 13195 20244 2368 
11617 22 13800 20600 11943 26 26 5 5 5 
17629 17525 
26 26 
26 28 
28 19668 28 30 28 28 28 20244 5 13494 5 
21 10765 6103 28 6 
28 20670 2154 1022 6 
15874 6 17785 18498 20539 4 9193 8386 31 7181 6103 23135 7914 4289 7850 22575 20244 15678 14600 5 5 5 17477 4 21932 22463 17556 4766 1612 18498 20402 20149 5360 31 11076 4 9193 15658 5241 9620 5 5 5 15678 17877 20402 18498 15424 21596 3550 13909 16404 19348 5 5 5 7730 1022 20402 29 2154 5 18443 6256 18498 1612 18498 15658 4289 4 15658 16784 5353 6 6256 13311 4882 12145 7730 6408 19551 7850 19972 4 6103 14031 13909 20618 5 7480 16404 15678 16083 9128 4 17438 9721 5 21 
28 28 28 28 30 15036 
28 28 28 28 28 
28 30 28 28 28 
28 28 28 
28 28 28 4346 
28 30 27 
28 28 28 
21 28 30 28 28 28 8995 18498 16404 20 20 20 20 20 20 7730 3962 8995 20149 16836 4 26 20402 22463 197 18498 21282 21596 17872 18197 26 21 
28 30 28 19668 15138 13512 20 7730 15138 10544 
28 28 28 8840 1270 31 16645 7509 1249 18498 23016 
28 28 28 28 26 14604 5 31 1421 31 14464 20244 6381 9743 1612 3790 9594 18498 11862 6381 11697 
28 19668 28 30 
28 30 28 21596 18498 16367 6103 12960 20 20 20 20 20 12780 1893 15576 9626 6103 6 6 6 6 6 6 6 6 
28 28 28 
28 28 28 
28 28 28 
21 28 30 28 19668 15658 16404 5 18498 654 5 20402 11518 5 15658 4 8840 5 5 5 21 
28 19668 15253 
28 28 28 28 30 
28 28 28 18525 20402 13909 16816 0 
28 30 4346 
28 30 27 
28 28 28 
28 28 28 
28 28 28 28 30 
28 28 28 14514 155 14604 28 7730 22805 12861 15658 20402 
28 28 28 26 997 11617 26 21776 26 0 
28 19668 
28 19668 11561 6 23273 5 28 5 4766 26 28 12577 29 27 21438 1614 9193 14604 19206 5 14378 
28 28 28 
28 28 28 
28 28 28 28 30 
28 19668 28 30 28 28 28 5 5 5 28 5 5 5 28 28 20 15658 6830 7850 9193 3790 
28 28 28 
28 19668 28 30 4346 
28 28 28 
28 28 28 
28 28 28 
28 19668 6219 4885 22327 7850 9193 22942 
28 28 28 
28 28 28 26 5 5 5 
28 30 15424 4796 5 21438 4290 7850 11518 5 18525 19900 22463 16083 22897 27 2371 9193 7459 4766 23135 
28 28 28 15036 
28 28 28 
28 28 28 
28 28 28 
28 28 28 28 30 28 28 
28 28 28 26 7730 15855 8956 3790 27 
28 28 28 
28 28 28 
21 28 28 28 26 21776 7509 26 26 11617 26 5 26 4 26 26 4 21776 26 26 26 26 30 18772 21 
28 28 28 27 26 26 26 21726 5 5 5 
28 28 28 
28 28 28 7730 9193 1614 6717 16971 6103 16216 5 288 18498 873 1920 15658 14514 31 22942 15658 20402 5 14604 28 12780 20149 9847 
28 28 28 
28 28 11560 6 28 5 28 8956 6073 0 
28 28 28 
28 28 28 21282 18476 8995 4766 31 28 6 16404 
28 28 28 13325 0 0 0 0 0 
28 28 28 733 14604 28 
28 28 28 23 14604 28 23 14604 28 20 20 20 20 20 15855 8956 10696 20 20 20 18533 15012 
28 28 28 23 17629 6103 22463 28 21282 17872 21596 8956 3723 
28 28 28 14604 
28 28 28 27 15036 
28 28 28 26 21776 26 5 
28 28 28 
28 28 28 23 14604 
28 28 28 27 15855 8956 13285 

