18498 9956 3058 20 
26 26 5 5 
23135 15658 17304 20402 4229 6103 11474 2136 9417 22463 6981 5 5 
11790 7730 9509 5 31 11454 6103 22942 18498 8956 20304 15061 7730 31 20931 20322 20402 9652 5 
21 14604 1114 4 11043 17438 9743 16440 7509 20931 11454 5 16323 15253 4 22318 1027 5 21 
21 7914 22897 6103 19335 10343 17989 4 18498 21340 19089 20670 15678 1961 7730 20931 5228 0 
31 20214 18449 6103 15576 16587 21371 20402 19093 7509 20931 5896 6103 22989 7914 10366 1393 13048 5 21 
17872 9769 15678 9833 5 5 17165 15355 6103 3512 6103 22 2359 
17583 7509 20828 28 
17583 7509 14336 22212 
21 21 21 11284 12578 7850 20709 7914 21596 22463 17377 18498 15658 20402 5611 0 
17438 18498 22463 17377 18498 15658 20402 5611 12780 20402 11686 1393 6329 16587 4 23135 15658 16404 7914 13616 17958 17438 18498 15678 3790 12780 13761 7730 22318 1487 22463 15150 4 23135 15658 2288 15678 20577 5 5 5 21 21 
28 13759 4 9244 20161 6103 20214 7509 19698 6103 12897 5 
15599 6103 22463 11154 16432 
12780 7599 7730 8840 1022 6103 14049 22805 31 3733 7509 10889 8893 5 4766 4766 15678 22895 18498 12780 20402 11462 31 15533 20 
21 20149 15658 8386 4 21596 14309 15599 17872 23135 5 5 21 
21 12780 5320 17872 21793 15190 15678 20191 6103 20931 10273 9901 22385 3058 6 8956 20853 13512 20 
26 26 26 26 21 
21 14667 10241 3510 31 20931 7277 7730 14667 31 20931 8933 4 9193 15678 15576 10240 15658 3510 5 
23 28 5 5 21 
21 16630 17872 2322 6 21 21 4369 28 20 20 21 21 21 
21 1276 23274 6408 
16468 15678 1249 7730 9193 22318 1027 3450 22897 13909 5 5 
3885 29 30 14577 15678 18376 15458 3077 21 
21 21 21 20149 15678 1114 20402 9645 4 9193 14335 8147 22444 7914 17269 3885 5 21 21 
3885 29 26 21 
18443 7509 20749 7850 5695 5 5 
28 19719 26 
9193 17973 22318 13325 21793 15678 28 15678 18481 9193 22318 472 7730 15678 18481 23135 20402 11861 17872 9193 5 5 22318 1027 26 28 
21 20402 9193 18498 14018 15678 2700 
18498 20402 17872 14265 14604 6679 5 5 
2371 18498 20126 6103 22 23135 5 
20126 28 22318 1027 21 
29 1249 6408 5 5 18565 3388 9634 9808 28 17810 
17438 18606 0 28 20879 26 18533 3962 7730 21596 9943 
29 1249 7730 5320 5 5 
21 20825 4766 20463 2702 7730 136 
12861 14335 9743 10259 7730 3735 
6103 2091 15678 15190 
7914 14466 6103 22463 20207 
7730 22395 7914 14604 3192 21 
21 17583 3183 7730 28 4290 4 3472 28 28 20 0 28 28 26 26 21 
26 28 26 26 
20474 6103 
31 23501 6103 28 13055 8995 17989 20 28 23501 26 26 26 26 
21 5 5 5 
26 26 26 12589 28 21 
29 1249 7730 5320 5 5 
7914 3348 7509 13905 5528 7509 15190 20 
15678 10122 21282 12780 17872 7847 5 5 
14604 9367 20 
21 20402 2389 22805 15908 7850 28 28 28 18201 4 28 28 18198 7730 28 28 18250 1924 1393 22463 7499 7521 17406 17723 7730 1393 22463 19097 17380 5 
31 22821 18498 31 17380 7509 10211 18498 8995 15658 10473 5 9387 11462 22463 10309 16438 18498 550 7278 18471 7509 20634 17382 3170 5 
18197 6 9193 12861 15658 21596 11066 4 15678 13278 14539 20402 2352 23274 22840 4 9605 23274 26 4 11509 23274 5611 5 5 21 
16393 5311 19154 6103 9971 6103 1249 5 18339 18498 16404 20 20 
21 17819 918 7914 9634 7850 9193 11581 19433 5 15708 14604 1115 20 
17973 18498 7850 18195 22897 4913 22463 14534 5 5 21 
21 23 17461 20 20 20 
12780 21596 18498 19611 15678 9956 7509 28 20 26 
21282 15678 14425 9956 6103 21793 15678 21551 5 5 
20402 15678 18498 21596 17872 11462 5 1540 31 21810 4309 15458 10405 20 
29 1249 6103 3962 20 15995 6103 9743 16440 7509 11454 6103 23135 5 14604 1115 5 
3616 7509 20237 13055 8995 17989 20 20 12780 21596 5505 12780 21596 28 26 22190 
21 20402 28 4 7730 16721 18498 9193 22318 19456 5 5 21 
15708 26 20 20 13591 
15576 1114 20402 7509 21364 7509 15190 5 21468 26 
18533 18498 9387 22463 3790 7850 7473 7509 14336 16958 9032 21789 17872 6075 22463 4276 6103 3534 15458 3790 7730 21282 16367 18476 31 26 4289 5 
28 13520 5 5 
28 7017 15678 28 5 5 28 29 
6592 15678 16373 5 5 17562 3885 26 26 
21 7730 13761 20149 12780 13909 22463 3885 5 5 
20244 8208 7912 4 20244 20577 6103 4122 5 21282 4766 15678 14426 6592 15678 16373 20 21 
21 24 26 20 
12780 20402 7509 3805 20 20 20 21 
21 15678 28 20402 5549 
15678 16526 20402 28 
8329 23135 13433 12861 
13909 22463 10916 7509 3154 20 21 
9193 20402 9808 7730 15658 19900 20 28 29 20187 10131 
21 15658 21596 4796 4809 14425 15678 1249 20 
22318 1027 5 
9808 29 20 20 20 21 
30 26 20 28 20 
2136 18498 9971 9743 20749 7914 28 20 6103 20749 26 28 10405 12726 17667 
15963 17324 5 5 
21 201 6103 7940 15855 17872 13131 22805 8678 7850 2332 6 21 21 28 7509 10628 21 21 5 
18498 28 9193 753 20 21 
8956 22289 15658 20402 6103 28 15658 22765 5 5 
21 21 21 4766 18610 29 14676 20402 17521 4913 29 11942 6103 18610 29 14676 3450 22463 5 21 21 
15708 17438 2322 28 5 21 
28 14975 20 20 20 20 
21 4429 13405 16083 16553 4 21282 17872 22702 20 21 
14307 7509 21083 12577 5 5 
22886 1393 15344 7509 20749 5 5 
21 15658 21596 15424 4796 4623 15678 3790 5 5 12960 7850 21649 4 11462 15678 28 18476 16647 15678 5371 1987 6075 7722 5 5 15502 21596 16882 20 21 
21 15658 20402 15138 10546 6981 6086 18498 31 10765 15424 19900 18498 9387 9193 5 5 
12787 4 19900 18498 8956 12787 4273 12780 20293 5876 6103 23135 20 20126 20 
22318 1027 20 21 
21 20402 20472 4 1114 20 20472 20 21 
26 26 5 5 26 26 28 
15658 20402 18498 7914 20402 28 20149 21932 13909 7509 18498 7850 19698 6103 12897 5 20402 18498 13761 15678 14196 20402 13909 2727 9790 5 8591 28 19698 
28 20 20 19698 4369 26 20749 26 
3058 7127 19698 20 20 19698 28 26 
23135 17304 6592 13909 20670 22463 16971 7914 22463 11518 6103 3222 7509 18498 7914 22463 1249 6103 5459 5 
12910 4766 15678 14426 12910 28 16638 
21 9634 4 9634 5 5 6103 9634 20052 26 21 
10131 20402 22805 18498 21793 15678 12959 19418 7509 28 20420 21770 7850 20402 28 11462 5 
21 12780 2685 20 20 17304 1522 18498 7914 871 13727 7509 15190 4 11462 20402 7127 6103 4788 871 4672 5 5 4189 26 1114 21 
31 18487 13909 20205 6103 21793 5 5 
11454 5849 26 26 18926 20 
21 15678 28 5219 6977 15678 9224 4 15678 20463 26 4 15678 507 7730 21793 15678 26 18498 21842 17438 7847 5 654 21793 15190 12780 9594 18498 20402 4913 4 18498 7847 10648 10544 4 9170 5 5 
17872 9193 16393 1612 5758 14694 18498 18476 22805 18498 15658 12780 5219 23029 15678 12960 7850 23222 10628 19969 3224 17872 13405 10922 5 
26 4 20149 8995 16784 15678 11199 4 22805 18498 5590 19701 6103 16784 4 9743 4796 15678 26 4 12780 17872 4434 17872 13405 17462 7730 2647 5 5 7850 9193 15936 4 31 13749 20420 2727 7188 17872 28 4 18476 7847 16765 12861 6103 22897 16784 13749 4796 22463 11156 20402 5682 7730 19969 6446 4766 22463 2374 5 21 
18498 18498 20402 20 0 10943 17658 26 
21 28 28 4 20149 17714 18498 11462 21596 20 21 
21 21 21 9808 4 15678 21841 5549 20149 14055 16673 19415 20699 7850 30 26 7730 17973 8120 31 21266 6103 19924 18779 7686 31 14058 18498 15770 16673 16587 5 21 21 
27 21 
21 18771 19642 4 17819 16468 13055 20402 6075 20 20 21 
21 7850 3058 4 20402 3058 1421 22463 23180 6103 13472 4766 15699 2727 5028 16066 8956 14058 5590 15678 21267 19701 6103 20149 21858 14621 7509 19652 5 5 21 
21 7509 9743 28 4 16468 16673 28 4 3211 4 2136 31 16559 5 5 
13909 6103 29 13090 20244 15425 3962 6103 23014 15458 21960 5 5 
7730 20244 17377 21371 5 5 4668 0 21 
21 15678 15262 20402 7509 11474 18498 20954 31 1662 5 15678 18498 20149 8017 4 15678 22654 4 15678 18498 8561 18498 4289 18494 13761 7730 19551 5 
18498 19900 15678 18498 20402 22463 23541 7730 6184 31 4060 13043 5 
18498 4 7914 20463 14425 19900 18498 15678 22232 7509 5204 11284 6103 4289 5 7730 18498 4 7914 20463 17106 4 18476 10297 1393 14466 10297 21596 16072 5 
16404 15658 9901 8406 31 910 10405 7730 22403 18498 15658 5174 15424 31 28 4 15424 31 6446 5 21 
8302 18498 31 13370 349 22463 17556 6408 7509 22782 7509 12334 5 5 22834 20 20 
22318 1027 5 5 
9808 7127 7509 15311 5 5 17438 18498 21793 7127 20402 7127 5 7 
17304 20402 3630 7509 28 5 5 5 20402 9009 17090 7509 28 5 3058 7127 5 
6103 
15708 17438 20402 8956 16971 14149 18498 23135 20402 5 5 
7957 19698 22463 17556 5 5 6103 
28 6103 28 12589 28 28 
6073 31 17556 12780 9594 18498 8995 19822 20 20 27 
12861 20402 9620 6103 28 7850 5528 5 5 
21 12780 14604 22190 20 20 11462 20402 7127 20 7127 6103 368 4 7127 6103 9743 15678 11875 20 20 9193 12780 4766 10547 9193 368 21726 7509 10547 22190 28 21 
17106 18498 15678 12960 21282 15678 23496 5 5 
21 20149 15678 20402 28 12960 4796 12960 4766 15678 29 11462 10922 15678 2070 1614 4 7914 14703 7730 2136 7914 28 5 5 21 
17790 20293 9193 14426 19761 5 5 27 
22840 5518 7509 18737 5 5 12780 14604 22190 20 20 
22318 1027 30 28 
7957 23151 17872 3962 30 1150 20 26 26 28 
21 3558 28 4 15678 28 15658 20402 15678 28 5 21 
20149 1276 4672 18498 23135 288 4894 11462 8995 13909 20558 5 15658 20402 17438 15242 5 20402 23135 18498 8995 1005 5 5 7 
21 28 28 1603 6202 15678 4457 7509 28 16630 31 15311 7914 3960 7850 14336 7509 15773 5 5 
28 21371 20402 1114 5 5 21 
7957 17872 3962 5 5 30 
21 31 21793 15678 15576 19713 16559 4528 15459 13444 5 12780 6256 31 19714 6103 13131 7730 22805 15678 11118 6103 13753 4 28 7730 2573 20149 10131 1022 5 5 21 
21 14604 5528 20402 22463 8701 6103 29 17406 22840 4 17790 7730 3166 5 5 28 9193 12780 4766 10547 21 
28 4496 5 5 
10250 20932 5 5 
18498 20126 18498 9193 21438 5 5 28 
21 31 21793 15678 16223 18498 9901 21752 15894 17438 18498 15678 20402 28 15658 8995 4528 740 7730 23135 8995 5 5 
9010 1249 740 21596 15678 28 7730 31 10765 20149 22805 7850 4581 7850 28 5 5 15658 4 8840 20 21 
30 
21 21282 17629 22773 15678 2070 7850 28 7730 21842 16404 18498 15678 1824 16673 14466 8011 5371 15678 26 26 7914 3962 5 
15299 11875 5 5 21 
7730 11462 13909 22463 28 12780 3219 7850 6014 5 5 
21 3558 20 
22327 8995 7914 3558 
6256 18498 15678 2700 7687 
6256 18498 15678 21551 5929 5 5 21 
21 7730 9193 18498 4 7914 29 4 288 18498 15678 28 12960 13909 18498 8956 21298 5 28 5 5 21 
21 28 4 16647 31 14348 7509 15187 6103 29 7730 8233 7850 20463 5859 20 21 
21 21 21 26 26 26 26 26 11617 26 26 26 4796 26 5 5 21 21 21 
21 2442 2176 9040 20402 22463 4672 22385 10131 4 18498 2136 15908 8995 19674 22463 14464 6103 29 1249 17438 4060 7509 20669 6281 4 7730 11462 20402 31 22897 6103 22463 4676 18498 21596 22463 8561 16042 21904 15637 21434 5 
4796 20149 4854 15678 8564 7730 6198 6103 21613 20402 1400 15678 20463 5 5 21 
21 22938 15458 26 5 23206 14469 18498 9193 9743 19089 20670 9193 2367 7730 9388 5 5 
12145 20 
21 
26 
20293 5 5 
873 12145 22463 28 6103 5107 17438 9721 0 
2961 2961 2961 2961 2961 2961 2961 2961 2961 2961 2961 2961 2961 2961 2961 2961 2961 2961 2961 2961 2961 2961 2961 2961 2961 2961 2961 2961 5 5 5 

21 15955 6103 22386 6 28 4 28 4 12787 5 5 18525 13909 0 0 
16053 20 21 
10916 17461 20 20 20 
20402 21282 15678 14604 28 18498 8995 4766 8956 6788 23438 0 0 
21 21 21 16753 3047 5341 16116 7730 13789 4766 15648 5 4766 8956 21163 4 2822 17304 23104 2136 7558 15266 5 21 21 
11731 22318 23104 7686 29 15266 15658 19924 17285 7730 6408 12780 15036 1393 17556 20244 1623 7730 4796 0 21 
21 7730 2136 15678 21551 16468 1756 4 21282 17872 9193 9901 7509 21680 13131 5 5 21 
17324 20402 5 5 
21 28 20402 14856 5 12861 20539 20402 10131 5 
20126 14013 20 21 
21 7850 10663 20 20 20 
9193 10648 5 5 22657 28 20 20 20 27 21 
21 13749 20311 654 7850 3840 17674 7509 28 5 
22463 7509 14426 18498 22805 20 21 
15678 12905 5 5 5 20 
21 20293 13325 7509 21551 18498 16468 13030 5 5 9193 21438 7850 11518 6103 7491 425 20 22 
425 3388 20 3850 21 
12780 22190 20 
21 21 21 15678 18498 9193 20402 4 12861 7914 18498 201 14335 21858 4 20402 15678 14425 18498 17304 9743 4 15678 14604 14425 5 15658 20402 15138 15678 18498 9193 21596 17872 6075 4 9193 6075 22327 5 7730 21810 22327 15678 18498 21596 17872 6075 20402 11686 31 22327 15678 18498 23135 18533 10648 6103 9193 5 21 21 21 
21 21 21 26 26 26 26 26 26 11943 26 26 26 26 26 26 5 11617 28 26 26 26 21776 26 20402 26 5 21 21 
26 26 21 

