20694 23 30 18339 18498 16404 8956 20402 9193 22942 8956 20402 14604 15190 
8 29 8 29 8 29 
21 20244 8632 4 20244 17931 4 20244 702 4 20244 14600 4 4766 22891 6103 7535 5112 4 9193 7055 6 4766 17286 7850 28 7730 4913 13909 29 4074 7509 28 17872 753 31 4774 21 21 15678 5767 21 21 5 
15678 22823 2524 8995 7850 17304 
28 9688 21 
21 9688 4 7422 4 20514 4 3645 4 5552 4 13135 4 9942 7509 18339 4 13600 21 
21 28 9688 4 873 14265 8956 9942 7509 18339 21 
21 26 23 23 
23390 31 28 28 15502 14335 4796 21 
18498 14265 20402 8956 18695 20072 
21 9808 7127 7509 5749 
18525 15643 21 
5915 30 21810 5915 17287 
21 1995 5371 15678 9767 7509 8632 18449 16673 18533 10976 28 28 4 9942 7509 18339 18498 9769 29 8632 18449 8977 5 5 5 3472 15678 16258 5371 8956 6781 0 0 0 21 
21 20304 31 5 5 5 20304 31 5 5 5 20304 31 5 5 5 20304 31 5 5 5 
28 9010 12684 7850 5896 4 7850 7314 7509 4743 5 5 5 21 
17286 8995 
21 18476 12780 4809 31 5621 31 3393 0 0 0 13055 16468 7509 11518 5 
12128 16066 15041 21282 18498 15658 21 
21 10982 7509 8995 28 16258 0 0 0 5782 11609 
14594 18516 31 18069 7914 12102 21 
21 22463 3790 18498 7914 14336 1393 5782 11609 10648 18164 6103 450 6103 18987 5 5 5 7730 10648 4766 29 4796 15658 20149 19900 4 18443 15678 7535 7509 14600 4796 5110 17438 29 1249 7730 7850 16083 7127 9010 7535 16647 10159 5 5 5 21596 871 5721 0 0 0 3472 15678 16258 7509 5688 6103 17244 0 0 9634 21939 3170 5 5 5 20244 702 7730 20244 14600 5 5 5 5 21 
21 6408 15658 21596 7251 4 8995 7850 5782 4 12283 5 5 5 13055 9594 21282 14265 8956 17563 7730 21752 15678 20015 6318 18498 21596 7251 20670 7914 29 15266 21 
13098 22 28 17458 23135 22657 15138 20 
21 5612 12745 4 7730 1276 21371 15658 21596 28 4 9193 7491 18498 15658 11284 5614 20402 4796 368 7914 16292 28 5 9808 7127 7509 5749 21 
21 3472 15678 16258 0 0 3932 0 28 0 28 5782 11609 0 18164 19901 10827 7509 702 29 21 21 0 15704 7914 2087 5 5 5 654 13909 8956 0 20514 5 5 5 12780 2727 5 5 5 21 
15138 1114 21282 18498 15658 4766 20669 1714 7730 15138 3790 6103 9801 5 5 5 
654 21596 29 15081 17872 12780 7850 28 5 
21 14604 28 9010 4796 31 10273 7509 26 26 4 7850 20402 4 31 11087 13055 17304 11051 26 4796 10273 7509 16822 5 5 5 8995 22327 20149 14606 5 5 5 17438 9365 
21 15658 22564 7645 20 20 20 6399 18607 7509 26 26 20 
21743 26 5 5 5 22821 20158 21 
21 26 28 14149 20 15930 14668 7914 20931 22942 20 
28 20 28 20 28 20 21 
18498 14265 14580 20402 8956 18695 0 
21 15658 20007 15425 5 5 5 9193 13055 19900 17304 12960 22463 3059 15630 7914 28 
2524 28 2524 15036 21 
14856 
21 8995 13923 4766 31 5782 4 15658 21596 7251 5 5 5 5621 15678 20015 7509 17382 7730 21440 15678 19671 18498 19450 15678 17877 7730 21596 7251 20670 7914 29 15266 21 
21 15855 21282 15678 25 7509 9971 7509 15190 7914 20460 20402 7102 31 12862 4 28 6103 20044 5 5 5 
22996 13709 23 21 
20670 31 28 2647 16255 17438 9721 20 20 20 
21 15894 22782 0 0 0 
9793 17872 10405 23151 20 20 20 
20126 21 
21 14149 
15678 15190 15128 4 22463 7707 7730 22463 19997 7850 21551 7730 7850 8806 5 5 5 21 
21 26 3265 4 30 22516 6103 28 28 4 26 15291 6103 2725 1826 4 26 15291 6103 1826 6169 4 3117 6103 28 
28 4 16421 6103 7850 14450 4 2301 29 6103 28 4 12916 12910 4 28 
10483 17873 7850 2988 4 26 26 6103 28 5333 6103 28 28 4 13591 26 28 26 26 4 
28 26 4 26 26 6103 28 14875 6103 28 28 4 26 26 
16232 6103 702 26 4 3962 19795 
26 28 2813 4 5585 4145 5897 28 28 4 5168 21 
21 3472 31 16255 7509 5688 654 4 15658 21596 702 4 9193 21596 4078 26 4766 7251 18449 5 5 5 21 
22463 17556 6103 5896 5 5 5 
31 4672 18498 31 15364 6075 20 654 31 4672 18498 15678 22520 6075 5 5 5 
20357 21282 28 527 11303 4630 7286 20244 11216 22773 806 18339 
18525 20402 15678 20463 28 654 
2504 9219 9743 14668 
20670 8516 7730 7415 6103 19283 
21743 10765 18498 18533 15678 28 5 5 5 
21 5688 26 26 
26 28 28 13901 28 28 28 28 28 28 28 
28 20402 15678 3790 20 
7850 1889 15658 18820 5 5 5 
28 9743 15678 28 16468 22834 5 5 5 
21 17872 18525 6202 10982 3326 7730 23151 7509 7424 5 5 5 
13441 6103 9462 26 5 6461 4 191 6103 2251 4 22269 6103 4328 5371 15678 4419 4 9535 7730 17286 18498 20402 16162 4766 15678 15576 7251 18449 4 21282 20444 17872 18044 15678 17382 5611 28 28 18201 21282 14265 21 
9193 20402 13060 
20143 4067 6103 10159 27 
21 5691 30 288 
27 21 
7914 21551 6103 16258 5 5 5 
18516 28 
26 11617 26 26 20402 11554 4331 20 20 20 
28 17382 13603 630 22805 17438 1614 
21 28 26 
1249 18498 23016 12780 6103 7835 5 5 5 16066 19772 5 5 5 21 
21282 18498 15658 1614 20420 15678 5688 
26 26 28 5 4766 26 
18533 
21 12780 21787 12861 7850 11685 7509 28 4 10894 20304 20 21 
5758 15658 9743 12861 7914 3962 20 20 20 
21 20149 20402 7509 22465 4 31 19761 20402 7509 6366 4 9193 4796 20402 7509 9219 4 20402 6103 28 21282 18498 15658 
12780 17908 31 19761 28 20 20 20 21596 30 20 21 
21 14996 7509 11454 4 15678 15190 20244 15109 4 21793 15190 16647 22463 9704 7509 3031 4 18533 5688 28 4630 3166 6103 15481 21371 16647 22463 28 5 5 5 1920 4796 15678 18250 21371 7730 15678 6329 12520 7509 18464 21 
21 20199 7509 3935 5692 15658 8386 4 13055 18498 8537 7730 17380 19023 7850 20463 17406 6103 22886 15271 4 9722 31 16971 18498 15658 18533 21932 5 21 
21 18476 630 12780 4809 31 14265 15678 17382 0 8995 6361 6103 13909 4 13055 16468 7509 11518 21 
3472 15678 5688 2647 16255 0 0 23239 15678 7251 18449 22564 17872 17382 7730 5775 6103 4688 3166 5284 20495 5 5 5 5 7730 10691 15678 7251 20931 5 5 
21 28 7730 20463 16822 6103 17750 4 12780 5762 15678 3047 18394 20 21 
28 21631 6103 15502 18250 29 
28 21631 6103 15502 
8995 9431 17872 18525 20402 31 9721 7509 14684 
6408 6103 5621 15678 6193 17304 5621 31 3393 21371 0 
3439 15678 14425 1095 7509 11474 
21 11076 10793 12025 16432 16673 8995 6103 3530 20402 6977 4766 15678 17930 4 9707 12853 15678 10982 20559 11680 21 
21 12780 22805 4 19900 15678 5621 7509 3047 7509 22575 4 20402 22463 16440 6103 22327 12861 21 
21 8995 2371 15678 15081 7509 28 5687 8995 11837 31 17957 5360 4 7730 15678 28 7491 18498 17930 15658 21596 18498 10648 2727 4 18498 21596 21596 1114 1393 17939 4 7730 1393 28 15678 17159 19977 7509 17930 6103 14613 20402 15678 14465 7509 16587 7730 7847 7491 18498 15658 17629 7509 23174 7509 17931 4 654 21596 31 15936 6103 16083 14430 7509 14539 13148 5 5692 17309 21 
21 10982 9688 18201 7509 3805 4 21596 18498 14265 8956 9942 7509 18339 20 21 
21 28 4 18366 28 6103 10765 3341 7730 11679 4 17872 5505 21596 22816 7043 7730 11412 5 17872 9743 16258 4526 5692 7509 3805 12780 17872 28 16630 12641 14684 5 654 17872 6202 18525 21932 7730 13749 21793 15678 28 6389 7509 19972 8956 4526 30 6103 9942 7509 18339 15658 9743 15299 4 2725 9365 4 17438 12861 21596 8956 17382 6781 5 10765 1920 21596 13909 18498 20149 26 14539 14514 2136 15036 13909 4099 17458 1920 15678 15190 9901 14425 20244 10765 18498 8995 1614 31 16475 7730 15658 9743 15299 17438 22463 15190 14425 4 18498 15658 19456 15678 18195 7730 15658 373 7914 15299 15678 15190 5 5 5 
17382 2524 3058 20402 2524 15036 21 
21 18201 15930 14668 17438 22463 15190 14466 4506 4 12534 7730 20244 19456 16673 17931 8995 7850 11518 7509 11076 10795 23151 20402 13761 7730 1765 31 3790 7509 17382 4 8361 22463 13606 6103 4416 21 
4369 28 9169 
21 7804 7850 16587 7509 10523 20402 22092 4766 14466 11868 18498 15678 3885 4 5037 7509 15604 13647 7509 21449 4 18201 5284 22463 15190 14425 5 5 5 16404 15678 12197 7730 7589 7509 14409 6103 3749 4 18481 13909 10765 3341 14425 4 10889 4 630 22805 17438 1614 5 5 5 12861 31 10889 15658 15061 21752 15678 28 12040 6073 21371 
21 15894 22782 8956 22692 7509 26 26 0 0 0 18533 
21 19525 7509 9193 22942 20 
21 15678 17106 7509 28 20402 15678 3172 4 21282 14265 8956 17579 4 17872 14426 20 17458 15658 20402 4743 17438 12910 0 17438 18498 0 0 21 
21 15658 20402 4 28 7730 31 14856 7509 2824 21 
21 28 740 0 0 0 21282 7914 22463 16587 2087 31 16971 9901 16784 21551 7850 21525 22805 12861 4 7686 29 1249 5 5 5 
4369 12780 21596 4413 
5692 846 20 
21 17286 5692 
21 8956 20402 15678 21743 6103 10765 13600 18498 16630 31 12641 14684 4 10765 18498 20402 7567 31 20402 22092 7730 22092 31 16971 4796 1233 4 20149 23135 15658 5018 4 15658 10959 16066 30 238 16083 15936 23135 676 4 2647 4 21898 4 15952 7730 14265 4 15678 15190 20420 22463 13727 14425 20244 7847 5 21 
21 15678 10839 352 4 7730 23029 17872 13131 7730 23151 31 7599 5 5 5 5 21 
21 5692 20402 1729 28 3928 22773 13004 3367 7730 1920 3610 8956 16587 6103 3325 5692 888 18498 20149 288 22463 11020 14512 8810 15678 15190 20420 14425 20244 7847 
5688 2824 4369 
21 5732 7509 3741 9219 7509 28 9617 17932 
28 20402 1114 21282 18498 15658 28 28 
4369 21 
21 27 
21 20402 11578 20402 17814 4 1233 17821 7730 14695 15678 4901 7509 2510 6103 10211 12793 5 
16404 1540 31 12960 21596 6103 19900 31 19150 7509 12960 5 
17872 18525 288 18498 15678 28 8406 7850 13727 17908 19900 18498 15678 23118 18498 1959 4 7850 3962 15678 21535 4 8443 9901 2647 16255 288 18498 12861 20402 4416 5 5 5 21 
21 14860 9634 21939 
22458 7730 9605 4 15678 14881 6103 9634 21939 10211 1895 
11493 14265 11493 5767 21 
21 31 4417 20402 7509 17563 20 20 20 21282 18498 15658 22834 12346 17858 8806 17858 
10982 18004 12578 13717 20241 6103 16633 5782 11609 
8830 11780 10771 
28 10765 7172 8 29 8 29 8 29 
21 18906 4 22059 4 11688 20 
8995 7850 11518 6103 14514 31 17462 15458 17382 4 13055 16468 7509 11518 5 21 
21 21793 5614 20402 3990 4 16066 16673 14466 7102 20402 5 5 5 
31 910 7509 28 20402 5317 4766 31 11683 5 5 5 5 21 
18525 21596 5859 21596 14378 5 5 5 
21 22463 16566 6 20201 1603 8266 15678 17960 18498 5771 31 11493 4 654 15678 10982 9010 9743 16967 20670 31 17509 7509 4419 18481 15678 18498 20420 22463 9634 4 23174 15658 20 20 
8995 7850 11518 6103 7730 14265 8956 22636 20 20 20 7730 22632 21371 20 
9193 18533 12780 15458 13727 20 20 20 20 
21 30 26 7424 10716 13819 10889 12861 31 10889 15658 15061 
3314 26 21 
21 19859 31 3590 6103 28 4 20 21 
26 20 
15658 16162 20 
21 17629 6103 15604 20 20 20 20 8995 7850 11518 6103 14265 8956 9942 7509 18339 20 20 20 
5371 2156 6103 20015 6103 17382 16404 29 2275 14994 6103 29 4 29 7914 14613 2275 16206 4 31 29 6052 8406 4766 16630 6103 16464 2369 6103 11066 4 13909 9634 6103 17382 4766 3858 18449 4 20244 15425 5037 18449 16066 20149 18533 10220 16404 15678 3858 18449 5 
7730 9193 15424 4491 17877 6103 5614 5 5 5 7730 6408 2156 15678 12777 4 31 10688 4 31 5320 6103 13759 8 31 5320 6103 702 4 15678 12778 4 15678 16640 4 23554 15678 20463 20015 18498 15658 2156 7850 14539 18010 5 21 
21596 18498 14265 20 
9169 9875 7509 1570 2648 17356 22575 4369 
9169 9875 7509 1570 
21 12861 31 10889 15658 15061 
9169 4369 
21 22575 22402 14856 
9169 4369 21 
21 28 28 12283 20244 7251 8632 20127 22065 
21282 21752 8956 16412 18498 21596 7251 6103 20670 5 21 
3885 20879 19901 
21 22805 8995 2371 
21 23423 13359 8 29 
21 3009 31 28 7914 29 4 29 4 29 5 5 5 21 
21 28 28 4 28 13729 21 
21 21743 9193 5 5 5 18855 10901 3005 28 
4369 
21 27 
12029 7197 16991 10973 21282 18498 15658 5692 21282 18498 1393 5431 21 
20402 15678 18498 21596 17872 11462 5 5 5 
21 9808 28 20 20 20 20 
21 20402 22463 11020 1249 20 15708 17438 9743 16440 6318 5 
28 28 21 
18575 28 
21 27 
21 26 14335 
21 9934 18498 7509 29 23151 5 5 5 1575 15678 7576 6103 20749 5 
18197 6 11462 20402 15678 23575 7127 4 6103 22463 9456 6103 1453 22463 20247 5 1380 7730 155 7850 7127 18498 15678 4276 15036 5 21743 14196 4 16066 15678 20143 15138 18070 19900 18498 15678 2076 13055 8995 9193 23575 28 5 5 5 21 
21 6408 9605 18498 11493 15658 9387 4 18498 15658 17629 20402 5771 5 
13055 349 21371 8406 16169 7730 9942 18498 6075 22463 134 7914 22463 19746 4 7730 2647 15423 7730 1744 31 15978 7509 16169 5 5 5 
9620 7804 7730 17438 22463 16587 14466 5795 4 9219 4 16038 4 20402 17629 1540 31 23104 7914 20709 4 4706 4 19456 15678 18195 7730 15658 22564 16192 6103 22463 13591 16404 13045 20931 11683 5 
21 21 1027 15678 18195 4796 31 22318 14539 21 21 16440 28 8995 22805 28 7279 17872 12261 21 
21 26 14335 8443 20402 28 28 21282 18498 15658 
21 8995 5 5 7730 15678 18498 31 26 4 23044 4 30 7730 26 12780 9743 31 19456 0 991 6103 1453 20357 22834 5 5 5 21 
21 11905 4 9193 20402 15138 3058 20 21 
20497 7509 18659 20 15643 22805 12861 1614 22385 4290 20 
21 15138 3058 4 15678 15669 7509 16821 7730 9326 9193 7055 4 16689 18498 20402 1453 29 8711 4 4289 29 6 29 4 31 9934 13055 8995 11020 4 9193 6075 20855 4 1453 29 6103 8840 4 6408 31 9934 9901 11758 20 21 
21 31 9456 20402 22463 17556 8381 4 14539 4766 871 12963 12556 4 9901 29 7850 9934 4 8995 15138 4290 4 9193 4524 18498 21596 18498 18950 31 10754 7509 2222 7509 28 4 17100 4 1729 4 8270 4 7730 17438 7491 1920 20402 15678 16169 7509 19652 12195 4 5762 1694 6103 11154 4 18779 9132 20670 15678 23123 7730 522 2616 7914 1233 4 7730 7850 15364 4 7730 22327 12861 7850 16953 7509 19280 4 11636 15260 4 1276 20149 18533 7509 6592 7509 28 5 21 
9872 15190 26 
9456 28 7509 28 
21 9456 7509 30 28 22886 5 
29 7850 9934 9193 22657 31 16689 5 6408 17525 10273 5 
12780 2136 29 6103 9883 5 
16440 7509 28 21 
6408 15658 19900 17458 14265 15678 13004 5 5 5 
18659 20 20 20 29 20474 9789 20 26 20 
8 29 1027 20402 
21 11207 20 
17458 9193 15643 16721 15510 18476 5758 0 21 
21 4369 20 16563 5692 20 
15138 3058 11208 

