21 1393 22898 23135 21282 18533 16098 15678 21 21 28 21 21 5 5 5 21 
21 17452 20402 22463 3119 4 17872 18525 288 18498 12861 20402 15558 22805 15678 6407 7509 21 21 28 21 21 5 5 5 21 
15855 5 5 5 
4425 927 
21 4509 7509 22942 9524 4 5980 8995 15671 20 21 
7016 31 20304 20 
21 26 26 26 26 22 30 26 
21776 26 26 26 26 
26 2384 12863 26 22 21298 16105 22 26 12863 22 20539 16105 21 
18494 17934 5 5 5 
26 
21 16972 4 13026 10674 7730 16083 17285 16404 13405 31 18901 16066 5495 20402 22463 11600 18498 1540 11284 17556 21551 9193 18498 9743 15138 7178 5 15678 6996 6981 13600 20402 15678 15761 7730 15678 9156 6103 871 1229 18498 15658 21596 5891 7509 11665 11570 5 
12780 9743 13909 16673 15364 0 20 21 
15658 20402 5935 0 
21776 19698 740 27 
18533 18498 6717 0 
15894 9193 14335 12406 0 28 28 28 28 
8995 9728 20 
18533 8995 15036 17495 23104 5 
21 16162 18610 29 4 29 17872 14600 9901 16367 29 9193 7914 3962 9009 6670 23502 29 6 29 7509 14049 2136 23502 29 6 29 15658 3564 7509 10964 20402 6103 7545 5 20402 10544 23104 1276 7509 9193 16971 15344 4 15658 20402 17521 20 21 
20725 20 20 20 20 20 
21 9901 14425 4 15658 20402 26 0 21 
21 22805 7176 21743 6103 11117 6103 1658 7850 13742 20402 22463 7509 4672 13909 3086 18498 9193 13055 22805 7850 22942 4 31 2717 21371 20149 8147 7850 16753 4672 7509 22942 5 31 15364 20402 22463 17737 13512 4 7914 21793 31 20931 11022 8 29 21 
21 17818 4 3058 7127 20 20 20 20 20 20 21 
21 18525 15643 4 28 0 21 
14335 16793 1097 20 
21 9193 19900 4 9193 22942 20402 2377 17438 4796 5 21 
21 8956 12780 20402 3058 4 7730 2727 18772 5 21 
2371 10765 6 
26 19952 20 27 
21 991 7509 184 7509 17807 7509 16464 8995 1453 22463 14512 3913 15678 2846 23577 5 10765 4 3472 15678 18443 6103 18862 0 17872 15894 12780 21389 7251 0 17438 18498 7182 21389 0 21 
21 15790 8956 26 7509 28 4 6103 5528 20 21 
16179 7509 17812 20 17812 13512 28 29 
21 16393 23570 20 20 20 
6 23 
15855 15678 23221 5 5 5 
21 13055 15658 2631 15678 14604 7127 8995 19854 4 740 18876 22463 15588 6981 20 21 
10765 20 20 20 20 
20149 9193 21596 22463 6981 7850 15256 15658 17629 6103 13909 15299 20 
15855 28 20 
17324 20402 5 5 5 15678 20402 11570 15658 12780 6564 2136 20149 7017 7730 13405 871 16083 8905 6103 1233 13026 5 
21 21793 22897 18498 9193 23151 7509 20446 4 16468 7850 4044 7509 23572 14600 7730 22805 18498 20149 20402 29 4 29 17872 19900 13761 18470 14427 14335 6075 23167 6103 14335 13026 4766 15678 14054 7850 16559 7730 3017 22463 17226 6103 21323 22463 3059 7850 3962 7509 21739 28 4 909 15658 19900 17438 18498 740 15658 20402 5 5 5 21 
28 28 28 6 23 
21 18533 19900 23123 
17872 13761 7509 951 17304 22805 23135 
22318 22805 20852 22318 22805 20825 
4672 13512 18533 22318 7491 
20149 22463 1248 8147 
9193 12780 16630 17872 7847 22318 18044 
15833 4 28 4 18498 14335 9743 8474 
18498 31 22942 20402 13512 6103 23104 21 
11284 11095 17872 20570 21389 15041 5 28 20402 28 6 6103 
21 15658 16404 6103 4356 7914 20879 4 8386 15678 17460 5 5 5 21 
352 4766 31 15599 7509 15041 7509 28 26 5 5 5 20402 21267 12861 10765 0 
21 28 28 28 27 22 
15855 10765 20 21 
21 15299 13923 20 
5947 22463 21631 20019 15658 20402 15299 13923 5 5 5 21 
6 
4766 4181 20 
21 10765 4 4796 9193 31 13800 31 22615 31 8956 12960 29 4 20126 28 29 6 21 
27 20725 20 27 
21 15855 1097 4 15658 21596 13909 31 6663 7509 21 21 8995 20244 7251 21 21 5 5 5 21 
21 19703 21 21 21 
28 20 
13539 29 6 19854 6329 16404 20402 22821 5 5 5 
18498 13520 20 
21 7509 21743 18498 17819 1937 15678 13598 17872 6408 13359 31 19956 5 10959 6981 12963 21 21 23171 21 21 21 
21 18470 9574 15812 22463 5942 17872 20202 1612 17939 21 21 2953 21 21 0 21 
21 1614 7850 22971 15678 1247 6103 28 20402 9172 4 2136 654 31 4790 15658 201 20 996 996 11066 23274 31 26 20 21 
21 8956 20402 1845 6 17098 4 3702 4 2131 5 5 5 17304 5412 20 26 12863 10907 20 20 20 20 21 
15658 19900 20149 19698 16066 21752 10273 20 
15658 21596 4796 15658 1027 8956 7558 20 
9808 28 20 
21 8956 29 8995 7509 13923 4 13055 17304 201 5 5 5 21 
6256 31 2553 9193 13405 8956 13949 16888 20 
21 2154 6103 1178 22893 7850 7730 5 7730 28 28 28 5 15708 1393 970 7509 8632 7730 1393 14604 4697 4 8956 10606 8995 9743 15138 17438 15671 7730 14514 21911 1506 20 8995 15781 21 
30 17872 10765 30 6 28 30 28 5 4766 
18498 12094 20 
21 21596 17930 18498 12430 7914 22318 22805 4 20402 15138 1114 21282 18498 15658 20 21 
15658 20402 31 23577 18498 288 22463 11529 8956 10732 6103 14854 5 5 
23016 12960 22996 7850 20434 20 
6 6103 
21 8956 14600 21793 15349 4 21793 16541 5 5 5 21 
13325 18525 12861 28 28 28 0 27 
26 26 28 28 3058 16404 31 910 
9522 20333 7730 22223 6 
8956 12202 4444 18498 9743 9956 21282 17872 23135 9901 12054 4766 15678 9975 7730 22223 6103 19900 18498 31 22942 20402 12861 14539 5 5 5 
6 
21 7730 21596 7491 
21 21 20149 20402 17872 20402 16140 4 9193 8995 7850 15761 5 21 21 
28 4 13059 5 18610 5 31 5 22615 21 
6075 22665 17872 8956 21743 6103 16967 20 
20402 21282 4815 0 0 0 0 
21 26 26 26 26 6103 28 28 15678 3488 7509 14049 6318 20402 7694 17872 20127 4 9193 15678 20799 20402 29 21 
21 18481 13909 9193 5484 4766 15678 26 4 13909 9193 1027 10702 21 
31 3610 8995 22730 9193 9193 17658 7599 7850 3393 7509 9193 12787 14539 
21 22463 15190 7850 18470 11474 18498 6256 5868 1127 20402 14031 4 9193 15061 31 989 7509 21239 20402 6689 5 5 5 12780 8386 20 21 
6 
21 6957 15658 5097 4 9193 871 4672 20539 2136 871 15658 22385 3058 6 21 
21 9193 20304 7509 4436 3031 4 15643 22318 16630 15299 9193 8956 20262 15658 8995 10544 4 753 20 21 
21 15658 5219 16367 6103 19698 4 20725 20 6 23274 21 
28 29 20 
28 28 15671 1022 1547 21932 20 27 
27 5 
17320 
8956 5759 8995 6329 8 29 
6 15678 
23016 5 
6 15678 
21596 14378 6103 9901 8406 8956 9008 5 5 5 13055 20402 7188 31 10999 20 
9387 22463 7419 21646 18498 14335 20369 6103 22463 2358 6310 23151 26 30 20 
2118 8956 5 
5528 16440 
28 7730 14604 20 
16393 18498 20402 15908 5 5 5 
27 
3472 21894 11463 7850 2511 0 
9193 7686 8956 15266 6103 18069 7730 21935 5 
22463 1114 13512 
21 4841 6103 20497 20 10546 4576 15818 4 15658 16784 29 9224 27 26 26 21 
21 9193 4 21582 23151 17872 3320 6103 15894 19969 5 21 
21 15658 430 4 23135 17304 19232 29 22463 1549 4 21932 16066 26 9193 20293 12780 288 22463 8561 30 22 21 
12780 1540 31 9743 10287 13055 18498 22327 18498 31 10765 4796 6075 19854 16066 5997 5 
26 12863 10907 20 16323 28 
20149 8956 16367 7850 3962 4179 5 5 5 
15855 2371 28 20 6 6103 
23 20 6 15678 
23151 20 20 20 6 
21 31 22942 20402 19093 7509 9193 8637 5 4713 20 
15643 20402 21409 16404 22129 15619 3611 5 8637 20 21 
21 6256 6103 20202 4697 17872 15658 16784 31 1103 4 17458 15855 5 5 5 21 
16582 6 7623 19983 6103 1084 
1427 31 23577 16971 18498 22444 15658 5590 15678 19701 6103 6728 5997 20402 31 15036 5 5 5 
21 9193 18533 13909 18498 22463 4 13909 18498 14667 7730 14667 7730 22463 5 12861 20402 15138 3058 4 13909 18498 14667 4 20402 13909 18498 3058 20 20 21 
7119 8995 2371 16404 12861 1614 1097 30 
21 18498 26 11300 4 10606 27 21 
20126 20 
21 4809 31 288 18498 31 19795 28 20402 16399 7509 28 4 16673 14466 31 16192 20402 31 14539 4 7491 21793 20060 7127 20 27 21 
21 1340 9193 7491 15678 14604 15540 17872 16971 7730 20293 8382 28 4 28 5 5 5 22327 4 14466 28 4 16393 22463 15540 12046 4 9074 5 11462 4 7914 22463 19972 6103 22882 8147 21389 10530 7589 28 4 4766 23360 4 4766 4 4766 21389 22704 18498 16784 31 16016 5 21 
7914 19225 31 9574 5 5 5 
18525 9743 14335 5474 0 6 
7730 13761 23016 13909 22463 3059 5 
15894 22782 28 0 
18476 23135 8386 17458 20931 10696 16784 29 6408 6103 8664 5 5 5 
12780 8525 2352 20 28 20248 4509 28 
20954 20 5819 17070 17054 16002 
20402 15138 2936 2936 2936 17872 17556 1679 5 17667 5 5 5 
21 21 21 18525 21596 5521 20149 238 4796 20402 5 
15678 10530 20402 22463 13102 17872 18525 15658 19900 15678 18498 18533 21 21 4088 5 12984 5 21 
16323 14464 7509 3321 15416 7730 8956 4672 7188 6103 9130 9193 18498 21793 15190 10959 20 28 20248 4509 28 
21 18533 17165 4 18533 20 6 21 
11462 20402 7576 7730 9193 14514 7730 2371 8956 21266 6 15678 
21810 18498 20149 15101 6981 22897 17458 20402 13512 20 8 29 
21 560 4 20402 17872 18525 15678 9819 6103 23135 0 21 
21 16784 1198 4 18288 4 3943 7730 9170 5 5 7850 28 18498 22318 7110 4 9193 15643 16784 22463 11139 4380 22825 20 21 
21743 14860 17872 20202 31 5588 30 
21 26 26 14335 4 21 21 7585 22 21298 26 26 12863 21 21 
26 26 14335 4 21 21 7585 22 21298 26 7850 15005 21 21 29 22 21 
22463 15286 6103 7594 7730 20739 16404 8956 18581 
17304 9193 6075 22463 6103 9611 7730 14335 9996 6103 15036 17872 15658 21596 18498 13471 4766 8956 18069 7730 8956 3564 5 
21 4229 15678 30 18498 9193 8995 20 
20202 7914 7284 31 22575 13359 15459 9713 20205 1393 15855 16673 12899 7509 23572 14335 6396 4766 22463 20304 19125 22463 11534 4 4766 7277 31 4162 7730 22327 4 9790 19300 1393 19698 28 4 18498 7491 20149 6103 16464 8995 31 3790 7509 19698 28 5 18533 19900 20149 7847 17239 17872 7847 4796 16066 16404 15678 18729 18498 23104 879 16936 5 5 5 21 
21 12780 21596 5942 17717 16404 15678 22882 7850 28 4 23016 10765 20 20 20 20 20 21 
23213 6103 18069 5360 20402 15678 7127 6103 8317 6 15678 
6439 4189 7850 10326 7509 2511 0 
21 3894 1097 1027 4 11462 21596 2154 6103 7761 7850 19972 29 7730 9193 8918 22463 11139 4380 2727 11020 22825 13505 7850 19972 4 20149 871 910 3865 15678 8147 17438 9721 9605 4815 21 
1612 7127 18498 23135 352 17872 22327 6075 8561 4766 7277 31 4601 5 16404 28 28 20 
21 9743 17438 15894 15658 20402 4 14660 21 
21 28 4 1095 20786 15678 26 18498 9193 15658 22318 8720 20 20 20 20 20 21 
21 16393 18498 9193 8995 1937 15678 7753 13738 7850 21525 155 4766 13669 17998 5 5 5 15678 18498 7491 6981 15653 9066 9193 15533 6103 21 21 7753 21 21 0 21 
8956 28 28 
26 15803 31 26 7850 19698 7730 9193 1614 20738 
21 835 7509 17297 9128 6 6 6 18476 22463 22144 20357 28 28 16404 22730 7850 28 7730 16458 4 6075 2136 16404 20149 14606 6389 7509 22647 20 8956 9193 1484 6103 18376 28 28 20 30 21 
22463 19525 6981 22942 14309 18611 22805 7850 19891 20 
21 7730 21596 10765 18498 288 21083 15558 31 4672 18498 349 4 7730 18498 17304 20402 14426 6110 7730 17881 21 
31 6446 7509 15144 6 6 6 6 6027 
21 21282 15726 15678 3388 6981 11474 7509 19698 5 7102 13253 4766 19918 7914 18394 9193 15678 6056 7509 3388 8995 13761 4 1755 20 21 
21 7847 20402 10765 4796 31 10765 4 20244 15473 7 21 
21 17629 7599 16404 6 6 6 
6564 
23274 16367 6103 4796 21 
15833 26 26 26 26 26 30 26 26 26 26 1983 26 2384 6 29 
21 31 12551 20402 20293 22463 4 7730 15678 19522 20402 16083 20 9193 8995 22657 22463 21289 5788 6103 26 20 21 
15286 16404 9368 31 16135 6 
26 22 20539 6070 20 28 28 
21 2880 7730 10775 4 17458 22385 13284 7730 22385 7188 0 0 0 0 21 
10447 6981 18498 20149 4229 19205 192 20 
23 9193 19900 20 20 20 20 27 
1937 16673 14690 22897 
18525 5219 6728 15678 21446 4766 31 15256 5156 0 0 0 0 

