13512 20 
20539 20 9193 18533 15678 11246 7730 31 2637 7509 28 20 6 6103 
21 26 4 26 26 4 21731 26 26 26 7 26 26 26 26 15005 26 26 26 26 26 7 26 4 26 20402 21075 26 26 15803 26 7 26 26 21776 26 26 12863 26 26 26 26 6 26 26 26 26 4 26 26 5 21 
3058 7127 20 6 
27 20 
21 3058 19611 15678 1097 5 5 5 9620 14604 14464 7850 10273 4 19703 5 5 5 21 
4385 6103 2689 7509 9193 12787 20 
288 2389 16404 20402 400 5 5 5 
27 20 
7730 8956 20402 14604 7127 20 
21 12780 10447 5 5 5 21793 7127 6103 14049 4 10095 18498 31 10765 19125 5 5 5 21 
15138 7509 11518 20 
21 9808 28 20088 28 4 28 28 7730 28 28 5 5 5 21 
31 26 11342 26 28 7730 3759 28 20 
3058 7127 20 
9867 7509 17831 28 29 1249 13055 5 5 5 13512 6329 20 
6 6103 
3058 15533 20 
20453 15577 5 5 5 
21 21743 1920 4 19703 5 5 5 21 
3058 15533 20 
26 20 
27 20 
27 
6324 20 20 20 16098 28 28 5 5 5 
27 5 5 5 
6 15678 
12780 21932 6103 13860 8443 5 5 5 
22463 3058 15697 20 
18498 13512 20 
17304 20402 4385 14265 0 6 
6070 4796 20149 15502 8995 15855 5 1027 4796 20149 23135 15643 21596 20149 9835 5 3702 4796 20149 15502 17304 16092 5 23104 4796 20149 15678 6014 8995 7850 21631 5 
22821 6103 11462 5 5 5 
21 7730 11462 20402 7127 6103 17165 4766 31 28 14158 28 5 5 5 31 10765 14514 4 15658 20402 0 15138 3058 5 5 5 21 
19703 5 5 5 
23 5 5 5 
18498 13512 20 19703 5 5 5 
27 5 5 5 
21 22385 13512 20 8956 16169 20402 15678 14425 4 19703 5 5 5 21 
21 21 21 17458 9193 20402 22463 3031 6103 1815 6103 1815 20 5 5 5 14604 3192 23016 2727 6408 2727 6408 20 5 5 5 7730 9193 15658 21596 13800 5 5 5 12780 20088 28 4 15658 13325 15678 19509 5 5 5 21 
28 8995 4289 5 5 5 24 20 
9956 13892 5 5 5 
21 918 3590 21 21 3086 21 21 21 
21 7850 21258 4 22612 0 20088 28 4 28 28 21 
17438 12861 9193 23104 21825 5 5 5 6 
21 13909 6103 29 1249 6408 6103 9193 21596 10507 14604 18376 21 21 22241 21 21 22898 4 27 21 
21684 13909 7509 18498 16816 5 5 5 
21 29 20244 28 4 28 4 26 4 28 4 19703 5 5 5 6 21 
21282 18533 5219 7599 8956 15533 5 5 5 
21 288 13512 5 5 5 22463 3058 4060 5 5 5 7730 6103 4179 10211 4 9193 9743 16721 18498 4 15658 17629 8840 8995 7850 9975 7509 22942 16404 21582 18779 866 5 5 5 31 11518 20402 654 5 5 5 12780 1575 15678 14924 13909 20558 7730 3348 23104 15678 20826 13909 11875 11462 20 21 
12577 20 
18498 13512 20 7730 18498 22223 20 19703 5 5 5 
5018 20 
21 28 28 7730 20088 28 5 5 5 
9193 18533 5 5 5 
20402 16816 5 5 5 7509 28 4 15658 21596 16659 7730 15658 20402 23104 17872 9193 8918 6103 6075 4796 5 5 5 21 
21 11462 20402 15678 7127 7509 14604 21 21 26 21 21 5 5 5 13325 18498 18476 7847 22126 8956 10273 17872 3962 4 9193 7850 11518 16647 31 21655 7730 5621 31 15144 4766 18525 7847 8995 5459 4 27 5 5 5 18525 20402 31 16976 0 15658 18533 19900 4 7847 20402 14604 7730 6103 13909 15502 5 5 5 2136 9193 15253 21582 5621 7509 21 21 10032 21 21 18476 9193 20402 16753 4 27 5 5 5 
8235 4 18533 6679 22463 14149 1249 4 4766 15138 3369 5 5 5 18498 22327 4289 9980 7914 20931 22942 5 5 5 14667 2702 5 5 5 26 26 4 26 26 5 5 5 22318 1027 5 5 5 
9808 1247 28 28 28 20 21 
21 21 21 26 26 26 26 26 5 5 5 21 21 21 
21 21 21 22318 21596 22463 14378 6 
201 5 
15658 22805 18498 201 21793 15678 7127 5 
18498 15036 7850 1114 5 
7850 22225 5 
7850 7728 5 
7850 6679 5 
18498 22318 19295 21793 15678 7127 5 
7850 1114 5 
7850 22225 5 
7850 7728 5 
7850 6679 5 
18498 20402 20293 16083 5 
18498 20402 20293 15678 14539 5 
18498 15036 17438 11636 11758 5 
2136 15658 21596 14378 6103 15036 5 
7730 8443 20402 9172 5 21 21 
28 28 21 
9193 8361 4179 20088 28 7730 28 28 0 
11462 20402 22463 3058 7127 5 5 5 
21 11462 20402 15678 1247 7509 9193 21 21 15253 21 21 5 5 5 18533 18498 19900 18498 21596 15138 15995 6103 20402 20931 9942 7730 14539 18498 9193 15658 6355 4 23135 20402 16440 7509 14604 22327 7730 22318 1027 6329 20 5 5 5 19900 18498 22667 21793 15678 20463 8744 7730 21932 7730 1114 18498 9193 6075 21793 15678 28 5 5 5 7730 15678 14604 13905 6679 20402 22318 22805 9808 7730 20852 5 5 5 7730 19900 18498 14426 28 23016 5 5 5 9808 1247 7730 18498 9010 1249 20402 15678 14425 7509 20931 22942 5 5 5 18498 28 5360 5876 6103 23135 5 5 5 30 15138 5 5 5 9193 14539 1920 6 21 21 23135 20402 13688 21 21 4 19703 5 5 5 2702 26 5 5 5 21 
21 21 21 21480 4 10547 7730 20739 21 21 21 
18533 20 
21 21 21 15678 17877 15658 20402 5741 4 20402 8918 5 5 5 21 21 21 
3621 16816 20 15678 28 20149 21095 5 5 5 
28 28 
18498 6329 5 5 5 29 1249 6103 28 26 5 5 5 
21 31 10083 22840 6103 22463 11474 
8995 7914 21793 31 4672 23104 
14487 4 22564 20463 17304 
8908 4 22564 20931 1868 
19466 10484 
15671 23016 7509 3564 
6072 18498 20402 7912 
20402 4327 16404 23135 19900 
18498 7847 9193 6256 15678 20749 0 
23505 7850 1623 
15984 7850 14133 
15678 20749 4 7730 4 20539 4 15678 11578 
20402 9743 7509 14539 4672 
13441 20 21 
21 31 17106 4672 18498 9743 4 19703 5 5 5 21 
21903 5 5 5 20825 20 
11462 20402 15678 7127 7509 12787 5 5 5 7730 8956 20402 15678 14604 13905 1115 5 5 5 17872 22942 21793 5 5 5 
7730 20402 9312 1920 18498 9193 8386 20909 26 20 
15138 3058 1386 5 5 5 
21 22 22 16098 4766 15678 15860 9743 16440 7509 21237 7509 1114 21 21 5 5 5 21 
17629 6103 12446 5 5 5 
21 21623 4 19703 5 5 5 13591 15138 3058 5 5 5 20663 31 23569 7509 11468 4 17304 9193 20323 16673 7594 7509 18195 5 5 5 7730 16765 18498 21793 4854 6103 22463 14539 16116 5 5 5 21 
21 21 21 21596 18381 11600 6103 10447 6103 871 4672 18498 1027 5 5 5 21 21 21 
11462 31 28 8995 13512 5 5 5 20402 18498 15678 13610 23016 11462 0 
21 7730 2371 20088 28 4 15678 14604 2647 0 21 
8302 4796 15671 14539 4730 22327 31 16784 7914 9193 22942 5 5 5 
21 7127 29 6 22463 10273 6103 873 17438 18525 23135 1800 20931 22942 5 21 21 9193 15316 5 21596 22463 22942 12526 16673 10366 4 4290 6103 15941 5 7730 12780 21582 9743 15678 17521 7730 15678 11875 16404 18498 21596 15678 14426 14924 5 8995 20293 4766 9193 22 9942 17534 22 7730 9193 14425 1095 5 12861 15658 18533 7491 18498 15658 12780 13405 22463 21394 4 20149 17629 4 19703 5 5 5 22318 1027 5 5 5 21 21 6472 7509 29 1095 12787 21 
21 7127 29 6 31 10273 6103 866 18498 15643 17304 23104 20244 5 21 21 18394 4833 5 15658 14335 9743 19969 6103 3962 20244 12861 4 27 5 17511 6256 6103 22564 22463 2658 4 9193 18394 15643 4 27 5 5 5 21 21 6472 7509 29 15658 23104 20244 14125 17442 21 
1540 31 15658 5762 9408 5 5 5 
21 7127 29 6 22463 10273 18498 19363 866 18498 10959 6103 5621 7850 20931 22942 5 21 21 5621 15678 18565 31 13909 4 31 17705 4766 31 2462 5 18498 4672 4273 20 4796 20420 3058 4796 2136 15678 17602 7730 15658 8285 4 27 5 5 5 21 21 6472 7509 29 11185 17629 7916 21 
21 21 21 4672 7509 22942 21 21 28 28 21 
21 21596 18498 21596 20322 17872 8386 18498 4 7509 14539 10211 18498 22463 17877 15576 17304 16393 16753 1393 15860 7509 16083 7730 9193 550 6103 14031 22385 17942 4 15678 14539 20149 1487 1393 18195 5 15502 20402 12841 6103 20149 21858 10405 4 6103 20149 538 7914 3348 6103 20537 4 2727 4796 7509 15390 6103 11091 17438 20725 4 740 18498 16192 15658 19969 7509 9193 2988 5 5 5 21 
20453 2704 6075 7576 5 5 5 
21 7127 29 6 22463 10273 6103 873 4766 18498 23135 22240 6103 22942 4 17872 20293 5 21 21 20293 20357 18498 20420 14425 20402 16083 16971 4 9193 11462 4 1393 17525 12862 4 20357 18498 15658 22240 6103 22942 4766 15502 5 13055 1540 18525 9193 20402 4 7730 12861 20402 22463 11020 3610 5 654 21282 9620 22805 15678 18498 31 22942 9193 19418 5 5 5 21 21 6472 7509 29 16083 22942 15502 8386 21 
3510 31 9907 5 5 5 
21911 20 
21 7127 29 6 871 10273 6103 15894 23135 10959 6103 15005 5 21 21 11011 14335 703 20 7102 20402 15678 13727 16816 17872 9193 15005 5 15604 22942 7914 3206 4 19703 5 5 5 21 21 6472 7509 29 11011 15604 3962 21 
21 7127 29 6 22463 10273 7509 20463 12960 17658 5 21 21 19900 18498 20402 12960 6103 14464 7730 6103 5758 4 9193 472 4 27 5 5 5 21 21 6472 7509 29 26 28 28 21 
21 7127 29 6 22463 10273 6103 20931 4796 17658 5 21 21 18512 4 18512 4 18512 5 5 5 17872 9193 17304 21596 18512 7914 22327 4 2136 7850 20673 5 5 5 15224 4 18512 3166 4 18512 14703 4 21793 15138 22 6324 22 5 5 5 21 21 6472 7509 29 18512 26 15224 21 
21 7127 29 6 871 9927 18498 19363 866 18498 23135 15643 9743 5 21 21 15643 14523 5 5 5 7730 20149 15678 16659 14335 4796 0 16659 17872 9193 21282 15036 7850 17602 4766 2625 21543 5 5 5 21 21 6472 7509 29 15643 9743 16575 6103 16659 14523 21 
21 21 21 5 5 5 9743 4766 18498 9193 21596 31 5521 6103 22318 1027 4 20244 15790 31 22318 15809 1393 9193 910 7730 1393 14604 5574 5 
9743 4766 18498 31 20781 15658 14335 7017 5 
9743 4766 18498 9193 20781 14335 20444 6103 4842 5 
9743 4766 18498 9193 21596 31 5521 6103 14335 8241 5 
9743 4766 18498 9193 19900 9901 4766 15678 15299 7730 14539 1920 14335 20357 4796 20149 8995 17269 6103 22327 5 5 5 21 21 
28 28 21 
21 7127 29 6 22463 10273 18498 19363 20931 15286 17658 5 21 21 26 11617 26 26 12863 26 31 26 5 5 5 11678 11617 26 22 21298 26 26 11943 26 26 26 5 5 5 26 26 26 4 26 26 26 26 26 5 5 5 20402 11617 26 22 21298 26 26 11943 26 26 26 5 5 5 21 21 6472 7509 29 28 28 16179 15658 17511 9233 21 
26 5 5 5 
21 21 21 15658 6256 15678 1114 16468 21 21 28 28 6103 28 21 
21 7127 29 6 31 10273 6103 22463 3906 18498 10959 6103 21596 5 21 21 4796 22463 26 20402 15138 11020 4 12780 4766 22463 30 4 19703 5 5 5 7730 6981 5518 5 5 5 21 21 6472 7509 29 30 28 21 
21 21 21 7730 19325 31 11454 20149 16440 5 
15424 21681 1393 14466 22463 9971 20932 5 
21623 4766 31 3260 7730 31 9620 6103 13793 6103 22463 3005 7914 17269 19800 5 21 21 21 
21 7127 29 6 22463 10273 6103 871 4112 18498 23135 8637 4796 10530 14181 5 21 21 9387 16821 13905 0 21793 13512 5 5 5 21 21 28 28 30 23260 23016 7914 9193 21 

