21 24 8696 4 13909 22463 16468 15458 16753 8590 16404 15678 29 27 5 20539 9193 19900 18498 9193 7102 10648 22463 17737 17438 22318 713 8956 21551 21793 9193 15299 18498 740 15658 20402 15411 4 9801 4 20127 7730 18498 20463 17233 20149 18779 17872 9193 13202 13640 31 9574 7730 23104 31 20931 5960 5 7850 13909 20402 22463 17556 14466 20835 18498 15678 19509 7509 17872 238 27 2700 8696 7730 20474 8995 2371 3805 5 21 
2974 18498 22463 7127 31 10765 18494 20149 14265 4766 22463 3059 27 15671 7557 30 
201 31 17972 
19307 7509 15529 
21 20402 22463 20352 18498 15658 21596 9433 4 15678 18498 9193 20357 23016 7509 10484 7509 5528 20 2287 22190 20 21 
21 26 14907 20 20 21956 7509 17461 18498 22729 6103 20879 4 9801 2371 7914 28 4 20127 7730 7957 641 1612 19768 21743 8956 6408 7509 10273 5 2429 22463 26 7914 20879 8956 21551 27 20126 14907 4 15671 18498 23123 3267 20 16323 4 16580 20 21 
15671 2929 30 
21 15253 16468 2368 7730 12960 14413 4 4766 15671 31 14703 17125 4 15671 13405 7847 17872 6014 21 
21 8995 7850 20044 4 8995 7850 14487 4 8995 7850 910 4 8995 7850 5528 7509 10765 5 5 30 28 20 2287 22190 21 
16375 28 7509 27 
21282 6103 3058 27 
21252 9130 28 
21 20149 5876 5851 4 12780 20402 28 20 4084 1393 18694 21 
6 6103 
28 28 
21 10916 7509 12872 4 19703 5 21 
16468 22575 20 20 20 20 17461 20 
22481 29 20402 15671 20 28 7509 28 17461 20 20 
873 1614 12780 17769 29 9692 7509 22491 7914 28 0 
1570 22491 30 
21 20488 4 20402 23135 0 21 
21 28 4 10523 15658 20149 9743 4766 11543 4 9193 21201 20149 9743 4766 22120 15658 20402 0 21 
21 9829 7914 9594 14512 14539 5 5 5 
21 18498 11665 4843 20015 6103 17930 4766 6103 12959 6103 10523 4 15678 18449 18498 22463 12959 2046 20402 2727 13905 18498 6103 22463 17930 7730 15424 21793 12959 10648 951 20015 4 21282 15678 18498 20149 6987 4 16066 20402 18498 21793 15678 12959 21266 23135 7914 7148 10648 20015 951 0 15658 20402 21793 18498 21596 31 11213 6103 22463 12959 4 18498 17438 14466 18498 7847 9130 4 20402 14514 17438 21340 11213 18498 17556 21596 5 7730 20402 17930 4524 18498 15658 7102 10648 22385 17556 4796 7850 3962 7509 28 4 9193 15658 20402 3962 6103 4846 5 21 
28 8 29 
26 1920 9193 352 5 
13055 23029 17022 20402 28 27 18339 18498 15678 16404 
3472 15678 26 0 20402 5 5 5 1612 14539 18498 20402 7890 7850 18104 13444 20 
22657 16673 2149 20 9193 30 20402 20402 28 17461 20 
21 21842 7509 28 14265 22463 6 15658 23029 15299 5 28 28 23316 15678 13004 6 29 12963 6103 21214 5 15424 19761 11029 2116 7384 4 30 20 21 
21 201 6103 20149 5074 1393 17960 14365 4 26 4766 14273 7163 6103 18471 23151 16404 28 7730 22882 7351 11045 5 21 
21 22463 1095 15658 17629 8386 15678 18498 23135 9605 15424 14539 20402 7509 14539 8905 4 22463 1095 21596 18498 22318 9743 9808 21282 4766 31 20931 17743 4 31 22225 18498 9193 13405 17438 21596 16784 23135 20402 15138 11020 9193 19900 18498 9743 6103 22327 17872 21596 23135 1614 17438 13909 21551 4 17458 29 15266 20402 15138 17556 5 15708 17438 29 15266 6103 9801 7730 3870 18498 23135 18009 7730 1394 18533 18498 23135 8995 18498 9901 20293 7914 16580 20 22318 1027 26 4 21 
24 20 20 20 20 
21 8995 22602 15678 2154 13591 5 28 4 22463 17476 6103 5943 11115 18498 15812 22463 5942 4886 6103 19636 16404 22882 7730 28 5 275 23135 21371 6 23273 5 2154 13591 5 28 5 21 
2727 23016 15603 28 20 6 6103 
17872 23135 18498 21596 29 1249 7730 20402 15678 22942 13688 11560 6 23273 5 28 5 4766 26 0 26 26 26 22615 29 1983 29 
10916 20 20 20 20 
12780 22190 19859 31 13909 22463 22406 20 
9193 1926 9010 16990 
21 6408 740 4229 15678 28 6103 21 21 21726 21 21 4 21282 9620 15678 21726 14539 21 
873 17785 9743 5942 7509 17356 7914 20023 1249 18498 23016 0 
20511 15678 3058 20 6 11560 6 28 5 4766 28 
21 20402 15658 21596 12939 4 15678 2573 603 14539 20 27 21 
21 29 6 29 4 26 1393 23104 20 21 
29 11048 0 9193 18498 14512 20402 8956 20 
21 8745 4 17908 4 8147 4 7730 15643 4099 5 21 
7730 11284 740 18525 288 18498 15678 28 12780 10648 27 21726 16753 14539 5 5 5 
28 28 23151 20402 28 10922 6 
201 6103 8147 31 28 28 7850 28 
18525 18533 14335 753 9901 15138 9808 27 6 
21 7730 2371 4 4181 18498 31 910 7509 26 20402 15678 30 0 20149 20402 4 11462 2136 15678 7504 28 20402 910 6074 5 5 5 21 
21 28 15678 18498 0 733 4 10127 5 21 
6592 1394 1612 16148 18498 19969 23123 4766 2485 20402 16367 6 2372 8849 20 
21 28 28 4 18525 20402 8956 0 6 29 21 
21389 16958 18498 12780 7850 2332 7730 31 23575 4672 18498 9193 11731 20402 18498 15678 16958 7509 16463 9743 21389 7178 27 
21 18195 982 7509 10982 4 26 4 7509 28 20 21 
2371 31 10765 4289 1612 5015 6 17872 18498 0 
21 23554 17563 9942 7509 18339 20 8995 4766 15678 5859 4290 6103 7251 7730 740 18533 15678 15190 21282 17872 7847 4 18339 18498 16404 5 21 
21 18481 13909 23135 19900 4 14466 23135 8386 6 21 
21 13278 18498 7847 20293 820 18498 20402 16404 20127 7730 8956 4672 4 20402 18498 9387 12861 7914 22463 11154 0 21 
18525 1614 20402 7509 21613 1249 7509 30 0 
21 17438 9193 7102 21323 13909 22463 29 2332 9193 9194 4 15678 7509 2027 20402 17556 6 21 
21 11861 15658 20402 21596 22463 14703 4 15678 11861 20402 19900 1027 22463 15144 6 21 
8956 28 6075 15678 18498 9594 13055 20 
21 21 21 9193 4766 4181 15658 17785 6511 15502 21 21 
21282 6511 15678 15190 12526 18498 8840 7847 12780 5 5 5 27 21 
28 6103 23151 1022 
204 4273 6 
21 29 18553 6103 29 7850 20570 7509 28 4 288 18498 8995 3058 27 21 
4380 3365 1614 7914 1995 6103 6 
21 9193 17304 9901 352 21282 16404 16098 23135 19466 4 
22805 15678 20463 19800 20852 8329 23135 7599 
8329 23135 8995 13667 7730 20825 7 
9193 17304 16468 9193 22942 15458 7623 19012 4 
9193 17304 14335 16784 15459 14924 16404 20293 
21793 14924 18498 9193 16468 4766 23135 
20402 22463 14924 17623 5 21 
654 11731 18476 15678 28 16784 31 13444 5 5 5 
7914 28 4766 15678 14539 22389 6103 20293 22 22 
2371 4796 20420 3058 20149 15678 8974 22507 9439 
21 21 21 8443 9605 2371 10700 4 18470 31 20931 11670 0 21 21 21 
21 4122 20244 5855 4 23570 22 21 
8956 15422 6103 15604 15970 15187 20402 6103 1966 6 15678 
21 7850 14539 20247 21596 31 20472 29 7730 15678 4785 7509 28 4 17629 7491 13909 871 4672 0 21 
28 29 14335 9743 368 7850 9971 7509 15190 
21 18525 5947 10648 29 28 7730 7491 16971 11861 17872 23135 
10648 6 12876 4 13059 4 21298 4 6103 5 
12876 28 28 
13059 28 28 28 28 
21298 28 
6103 28 28 21 
21 5514 4 29 21 

