15855 18498 13278 1114 5 5 5 5 
14604 11474 7850 19751 12910 5 18533 22327 20 20 20 13512 7509 15253 20 
18651 5 5 5 15855 2371 5 5 5 15941 20 
21 18498 3181 20 20 20 15138 13512 4 1920 7509 23167 6103 15012 8956 5758 5 5 5 5 21 
21 14604 10943 8995 9743 29 15266 11462 4 4672 13909 13512 7509 15253 20 20 20 15424 368 18498 13055 8995 6075 21364 4 16468 22385 19871 5 21 
18525 8995 22805 28 4766 15678 16292 0 20 4841 6103 6719 7509 16292 21793 21252 6103 14049 
9808 7127 7509 15311 14604 1114 20 20 20 28 10568 5 28 
15855 21739 5 5 5 
15855 2371 1114 5 5 5 
21 1920 31 15253 15658 708 4 15012 7730 1467 7847 21793 20 20 20 21 
15855 2371 1114 5 5 5 6103 
17458 20402 18498 16721 7914 23135 5 5 5 27 
21 28 4 15855 12861 5 5 5 27 5 5 5 5 21 
9193 18533 20 20 20 20 
21 15678 28 20402 22 9743 15678 28 7599 22 4 13909 18525 7599 20402 7847 5 15658 13909 18498 6103 19324 7847 8720 873 9594 4 439 18525 20402 0 20 20 15678 14604 10696 4 18498 15658 19900 20149 5459 16066 4796 31 15256 20 20 21 
26 5 5 5 5 14604 11341 5 5 5 5 
21 30 20 20 20 20244 16192 4 15138 21346 20 21 
28 5 5 5 15855 12861 
21 1114 4 654 17511 7491 18498 18784 19900 15678 18498 12861 20520 5 4672 13909 13512 7509 15253 5 24 21 
21 14604 1115 20 14924 13909 7994 7509 9193 22942 16098 15678 28 4346 16673 17819 22897 4 4346 13026 4 20402 4524 5 7730 22805 31 20214 7509 28 4766 7847 20402 13512 20 15658 21596 4796 6650 31 20319 20 24 21 
20402 11462 18498 15576 15416 8995 4289 20 1268 16404 5174 15678 15576 28 7730 9980 16647 7847 9193 3192 20 15424 7599 20 
23 20 20 20 20 
28 10568 5 28 
27 5 5 5 28 10568 5 28 15855 12861 5 5 5 
21 7730 9980 4289 15678 7127 22385 8840 4 15658 7599 6103 21389 1268 4 4796 18494 22463 2605 6103 4331 17872 21596 4181 18498 15678 2689 12780 20149 14606 2625 4 27 4 7730 13055 19900 7 20402 14464 20 20 20 21 
21 7730 9980 15908 31 17819 22460 4 29 20247 4 31 8003 6103 16098 16673 17819 22897 15678 5528 7509 2689 4 7730 31 10273 7509 18376 6318 31 21 
6 6103 11560 6 13800 5 28 5 4766 26 0 22615 30 
21 21768 28 28 4 1027 15678 17819 17737 7509 20463 20693 16066 28 20 20 20 20 24 21 
15138 5764 20 
17458 20402 18498 9193 13325 6103 23135 7558 0 20 27 
22463 18069 16404 1612 18498 288 18498 31 15144 15658 21596 8806 16066 3726 7850 15286 20 
13909 873 288 10544 0 
17737 7509 14604 1114 5 5 5 9 5 8 
20825 6103 5298 20 20 
21 23135 13055 10959 6103 22463 15286 4 2371 9743 12861 4766 7847 5 5 5 9 5 8 21 
21 28 28 7730 28 28 4 15678 18498 288 6103 9743 9193 22861 0 20 21282 18498 15658 20 27 21 
21 201 6103 8147 31 28 20 9 5 8 5 5 5 18498 20126 4 21282 13324 3058 7730 6103 15138 19699 20 21282 17629 6103 13909 21551 16404 17438 22327 7914 7127 20 20402 14924 1920 18498 22805 18498 1471 7509 7419 18498 31 22942 9193 11857 4 20293 9387 16971 8810 18498 16468 7850 9193 22942 7730 6256 866 6103 3058 4 7730 18476 19052 8956 16971 21282 9387 13324 9808 20 22463 11020 2700 17872 23135 28 13512 5 5 5 21 
21 2371 23135 20149 3962 4766 22463 16971 18498 22318 4229 17872 22805 15678 23575 8503 6103 26 4 7730 22318 12296 18498 17304 4913 15678 14047 20149 23135 18533 5 5 5 9 5 8 22938 7914 1233 21 
7914 29 7509 22898 14335 6219 20 
15138 3058 20 
21 15424 17629 6103 4795 4 20402 29 1920 20 21 
21 15908 8147 22463 16971 15138 8810 18498 1393 15138 21551 15658 22805 4 22463 1095 4 22463 12787 5 15138 13324 3058 4 7451 5 16689 18498 8995 21793 4766 17758 5 5 5 20126 28 20 20 20 8 29 21 
21 17458 20402 18498 13325 6103 23135 4 11300 15253 0 20 27 21 
21 4380 4 11617 26 26 20 8 29 21 
17983 11822 20813 7850 28 14856 5 9182 20244 31 3014 4766 29 26 5 
13278 20 288 18498 654 3391 22327 7850 10713 20 
9 5 8 
7730 6408 9193 16836 17458 8995 4766 15576 16958 5 20149 15658 21596 1268 22327 20420 13909 13405 20 
21 22805 28 5 5 5 13325 6103 22318 4 9193 28 5 5 5 21 
12861 19525 9193 22942 20 27 
7730 20244 23135 8840 4785 31 21787 866 7509 10484 7509 2667 5 22 29 22 22 14335 20357 22463 19345 22 5 5 5 13325 7509 9193 13512 5 5 5 20126 6072 21551 5 
21 2371 23135 17629 6103 866 16404 20149 7409 4 18443 15678 10186 6103 16098 7730 20931 13566 6103 15286 16404 16098 4 7850 817 4 7730 439 0 20 20402 21282 31 15286 6103 10293 18498 21787 20 21282 17304 20402 3222 15658 20402 5 5 5 21 
1612 17022 2780 18498 8995 9620 17872 827 31 15533 5 5 5 27 
21 1114 5 5 5 9808 1247 20 18498 28 22318 78 15138 4 6679 21793 31 9801 17872 23135 5 22318 1027 20 23135 20402 31 14425 4672 18498 14335 349 5 1027 8995 4766 23135 5 5 5 21 
9808 1249 15604 20 20 20 
7730 13909 22463 7127 20149 16468 5 3472 23135 1614 4815 0 20 
21 28 28 4 13325 6103 23135 4 17458 20402 0 20 19703 21 
18498 10138 9 5 8 
3058 7127 20 20 
15138 13278 20 20 
21 16971 7509 14604 28 4 20149 23135 21596 10273 7509 14604 3960 4 17304 14335 14018 4 17438 9721 5 18533 14984 22463 23489 6103 3960 4766 31 10273 18498 23135 21752 5 15658 20402 15392 21596 9193 15678 15678 28 7850 10273 5 20149 23135 17304 14018 7730 9901 15138 662 20 2702 21 
21 2371 23135 12780 918 15658 19511 1668 4 7914 4790 1393 22463 1249 6103 3962 24 4 7730 18876 7914 20931 14534 31 8406 5 7730 7850 8406 23016 12861 4 2371 23135 16721 4 13909 15678 18498 20402 8956 4672 23 0 27 21 
21 23016 17872 3512 20 20 20 20 28 28 28 4 22805 28 4 28 28 28 7730 28 28 5 27 21596 18498 17525 20 20 20 21 
10753 20 
21 28 10568 5 28 4 9193 9743 4179 8443 0 20 20 27 5 5 5 21 
21 9193 13512 4 15855 31 10273 18498 9193 288 5 5 5 15138 20126 6103 23135 20 20 20 21 
28 10568 5 28 17629 6103 22463 6981 17872 7770 8806 7850 1429 20 
15138 13278 20 
20 20 20 20 20 20 20 20 20 20 20 20 20 20 20 20 20 20 20 20 20 20 20 
21 11462 22463 21189 669 6103 14049 4 8147 4766 28 28 4 14388 20126 20 21 
21 7914 14336 7509 642 7509 22942 16367 16404 16721 7730 14335 6075 5320 18498 20357 9620 6103 871 16971 7914 9193 22942 5 15658 20402 15678 3766 7509 22942 18498 31 13405 16404 13667 6103 9193 4 13909 9193 14539 22463 1249 2116 4 7914 14336 31 21793 31 9201 7730 12113 18498 22126 15678 4700 5 31 11988 6103 462 18498 9193 8995 8561 7730 23151 2116 14335 11810 6103 21596 16971 14149 31 9193 23151 11462 5 31 16784 17438 18328 15995 5 11462 5219 8474 15678 18605 
22 22280 22 9193 20402 4 2136 7850 1449 7847 264 22 22280 22 5 12255 15678 21551 15658 23151 4 9193 17438 20855 4 20402 22463 11020 17930 4 9193 16878 9239 4 15128 17872 14425 5 
8840 18498 31 22942 6075 20931 23151 4 7730 18525 19900 22463 7127 4 22463 15941 6103 14335 19016 7730 18525 19900 5207 15603 5 15658 15678 22 9193 22 7509 16468 4 18498 22463 7127 31 13895 4 13909 20539 22463 15604 22 9193 22 4 18498 15128 17872 14425 4 7730 1540 31 22667 31 16753 4672 7730 10826 7509 22942 5 17438 14336 7509 19415 20699 9193 5219 21596 22463 13539 2727 9989 6103 13481 4766 23135 740 4 7730 9901 9808 18476 16765 18498 8995 18779 20463 20826 7730 6684 4 7730 18498 8995 9808 5 9193 20293 14335 5891 17438 21596 20402 22385 11663 7730 16784 23135 5 23135 20402 8810 7730 654 15144 14149 4 6679 21793 9801 4 22327 15678 18498 31 22942 17304 15812 6103 14425 31 23135 4 7730 18498 18779 22327 15678 18498 6679 4 7730 5204 22327 15678 18498 23016 31 13749 16404 5219 5 18498 15678 20352 6103 1103 18498 21596 18476 8539 2727 22507 15658 9193 6256 8918 7509 14924 3058 4 7730 18498 7509 15138 19699 18498 6075 5 18498 31 19699 7730 16208 9193 22126 14453 9808 5 20357 20126 6103 23135 4 8995 20293 21842 17438 23135 5 30 21168 4 4102 4 15128 7730 22280 4 21282 18498 20244 31 22280 20 21 
21 22886 28 19668 4 7850 9193 14860 28 28 21 

17111 7730 2429 0 20 20 
16404 1612 18498 740 15658 8386 15678 17458 15658 20402 1453 16673 29 4136 20 
21 22463 7127 6103 3450 22897 4 22463 13749 6103 3450 22897 5 5 5 5 23016 16404 31 28 21 
19969 7509 21932 7730 8147 12861 20 22463 20825 0 18525 19900 5 5 5 5 
21 7914 28 31 16464 20402 6103 18610 29 4 29 7730 15678 20015 15270 6103 18610 29 5 29 14470 17438 29 11518 20249 5 7914 15604 28 31 16464 20402 6103 18610 29 4 29 7730 15678 21931 18876 7850 15270 18610 29 4 29 11211 4 12862 20402 4 18610 29 5 29 17438 15266 5 13055 7914 28 28 15678 23572 20402 4623 18610 29 4 29 7730 15678 20015 15270 8995 7914 18610 29 5 29 5 1614 15678 21931 18876 22463 20015 15270 6103 18610 29 4 29 7730 17785 4623 18610 29 4 29 16673 16464 5 21 21 5284 15678 20463 9145 6103 10523 18498 15671 12780 5284 15678 15576 16587 5 15678 28 352 21 
9808 7127 7509 15311 20 
5517 6103 20069 13688 28 2136 31 29 20 20 20 
21 17438 9721 4730 15678 15096 20670 15678 14604 15540 308 15658 26 5 20402 9376 22463 12899 5 654 4 15101 15678 15096 7914 21 21 1097 21 21 21371 20244 4546 4 6408 16404 2442 16404 21 21 5116 21 21 4 4543 2371 7730 1421 22463 13566 5 19271 31 20237 7914 21 21 9224 5662 21 21 7730 4795 7730 15955 5947 21 21 5 1393 9743 12861 4 31 9193 2060 18498 18533 17745 21282 8406 15678 14604 1097 7730 9626 13055 15658 20149 21858 18449 5 654 4 5508 7730 4687 12862 7850 21680 15198 5 1920 18498 20463 1095 22805 9010 14469 17525 5 
5320 4766 15678 20463 1506 5 15708 20 21 
21 21810 18498 12780 7599 13909 4099 753 22463 17556 4 17458 22444 15299 19450 5 5 5 21 
6 5 5 5 22223 5 5 5 
8995 2727 1920 5 5 5 
28 28 7730 22805 28 5 5 5 31 13909 18328 22821 20 20 20 27 
21 11462 29 15266 3962 4766 23135 4 15138 9801 7730 15138 19699 5 5 5 9193 18876 22463 17737 13905 740 4 31 8683 7509 15576 1429 5 5 5 
21282 21596 18498 662 31 28 17438 21596 22318 4730 7850 9193 22942 7730 21596 9193 78 4766 22463 3962 4 18498 654 17304 4229 6103 9193 3962 5 5 5 5 
7730 1471 6103 21793 7181 18498 21596 6103 4289 2136 1614 4 7850 11518 6103 6739 18498 21596 4 23135 20293 21681 22463 16192 17872 14335 1233 7730 17872 14335 8125 6103 10547 4 16404 368 18498 22327 12780 6075 4179 5 
23135 20293 18910 18498 9193 15643 8678 15299 17872 23135 7850 28 5 5 5 8443 1614 8995 6 20539 4 9193 20293 13325 7509 4672 18498 23135 14335 9605 7 16404 5 5 5 23135 7102 8995 4766 22463 3790 1920 9 30 22 5 5 5 27 5 5 5 1114 5 5 5 9193 1027 18476 23135 14335 9743 20852 4 20463 12939 18476 18533 14335 16630 871 4672 4 15678 12939 4796 9901 18476 23135 1564 871 4672 8561 7730 9193 22318 16836 15678 18498 23135 9743 4 7730 23135 20149 8644 4766 22834 9 5 8 5 5 5 18476 23135 4785 14335 12834 4 21282 17872 14335 22805 3183 4 7730 7491 18498 14335 288 13909 13512 18476 8995 3183 4 7730 14335 9743 19698 7509 14539 12939 5 5 5 23135 20402 14604 1114 5 5 5 19703 5 5 5 9193 22318 1027 24 5 5 5 27 5 5 5 
7730 20293 18498 17304 12780 19335 15678 18498 22318 7491 7850 7127 7509 15576 3960 6 22318 1027 4 18533 18498 8956 1114 4 12125 7509 7181 18498 23016 31 21596 4 2156 31 3450 7127 4 7730 18498 3450 22897 9193 17497 22318 1027 13909 7730 13909 5 5 5 21 
28 28 5 5 5 
21 20126 6103 21596 23135 21793 7127 7509 14604 13131 4 17872 10765 19698 15678 21551 21793 7730 6103 22327 5 5 5 1027 23135 9193 13512 20 21 
3058 7127 20 
21 2727 2304 31 15144 18498 5876 7509 18191 16822 12589 7730 9477 4 17458 31 11259 7509 16971 9743 13909 2725 31 5485 11570 5 
2727 2304 31 15144 18498 4 1393 13131 7509 11474 4 9369 31 18191 12493 19478 7850 9634 4 7850 20709 4 7850 11454 7730 7850 22520 12526 5 
2727 2304 31 15144 4229 31 22053 7730 31 11139 31 22942 6103 14031 11581 7730 11020 5 
2727 2304 18476 15423 7730 1393 19030 6281 328 9743 5741 7730 18044 31 22942 5 
2727 2304 31 15144 18498 18443 31 12537 4 31 20322 7730 31 5896 31 20446 6281 5 
2727 2304 31 15144 18498 4 7914 20463 3610 4 8147 5792 6 8719 4 326 4 20195 4 4796 21389 15144 7509 9215 4 7730 20149 6256 11710 17438 7847 7850 15955 6103 22942 5 
2727 2304 31 15144 18498 4 7127 1603 7127 4 4766 16753 10826 4 4766 16192 7730 2031 18498 15344 7509 5528 4 22129 20302 6103 8838 16404 31 11571 5 
16323 20 20 20 20 20 20 20 21 
21 7730 19969 15576 1429 7850 21886 29 4 29 4 1595 5 29 20 20 20 23114 28 13307 17577 7730 28 28 5 5 5 30 21 
22463 10343 7914 26 22 26 14335 26 26 26 26 22 7730 15678 28 10568 5 28 4785 13359 7 14023 26 28 11663 5 5 5 27 
4809 15678 1249 4766 10548 12136 5 5 
21 28 10568 5 28 15678 28 20402 1022 4 7127 29 20 20 21 
21 1022 12780 7599 15678 7127 12526 4 740 13909 20149 21596 4356 20 20 20 21 
21 22389 4 12780 7957 20463 9786 20 21 
15678 875 28 10568 5 28 9901 9594 15678 21551 21793 18498 31 16971 8406 7850 28 7730 15658 9605 4766 7847 5 5 5 9193 18476 9605 7847 15658 9605 15299 5 5 5 15658 9605 15299 5 5 5 27 
28 6103 14413 12222 5 5 5 13640 13909 8995 7850 9193 3962 5 5 5 30 
21 1022 5 5 5 13909 22463 28 4 22463 7127 6103 9801 5 5 5 22318 1027 28 10568 5 28 5 5 5 21 
23135 19900 15678 18498 20402 12861 28 16811 0 
29 28 1114 5 5 5 5 20149 17714 18231 740 0 23135 7102 8995 7914 4328 20 27 22 5 5 5 5 
8637 31 15286 7509 3960 5 5 5 4796 12861 20402 7188 20 20 
29 28 5 5 5 
21 21793 5474 17872 6917 7850 19592 7509 14853 7850 20919 5 28 1022 20 20 20 28 28 4 28 28 4 28 28 4 28 2409 4 28 2409 4 26 28 4 28 28 4 28 28 4 28 28 28 4 28 28 28 4 7730 21793 31 14853 20 21 
7730 16673 17819 22897 10648 7850 28 20 20 
22938 7914 28 17438 4060 7509 28 28 20 
1114 5 5 5 9620 29 28 5 5 5 5 5 5 7730 9193 8995 4809 9901 4766 3099 7850 9156 5 5 5 
740 2727 18498 15678 14604 1114 21596 22463 21494 6103 4945 15604 5 5 5 14335 20007 28 10568 5 28 20 20 20 
21 6103 1424 15281 4 9594 15138 9074 20 20 20 21 
201 6103 18506 31 21494 7509 4945 5 5 5 8995 4290 6103 19702 3156 5 5 5 18525 14018 20402 8961 5 5 5 9847 
29 28 5 5 5 
29 28 5 5 5 
29 28 5 5 5 
2727 18498 31 10548 17304 7687 22463 29 15266 20202 5 5 5 31 9193 13055 20402 5 5 5 
29 28 
7730 9620 1453 22463 15266 28 5 5 5 9312 22463 15266 5 5 5 
5311 19154 5 5 5 9620 29 28 28 20 20 
21 20402 18498 7847 20402 7509 28 0 0 0 5 5 5 5 
21 21 21 15678 13909 11861 7509 22942 15658 20402 19900 15894 8995 4 9193 20539 16404 15894 12780 5 21 21 21 
21 21 21 20825 20402 866 18498 17649 15678 22730 12589 5 866 18498 4 3962 23029 18774 4 9743 21793 31 7594 12780 7957 5 21 21 21 
21 21 21 8956 4672 4229 11454 6103 1114 19410 22463 4179 21551 16404 20402 5284 4 7730 31 18498 6075 4179 20402 1612 23104 4766 16135 21 21 21 
21 21 21 28 16878 15678 350 4 9193 20402 23135 18498 8678 20931 11454 5 21 21 21 
21 21 21 23502 22898 4 23135 21596 18498 8918 15678 18498 23135 18533 4 16404 4809 31 8386 15678 18498 23135 14514 5 21 21 21 
21 21 21 31 10765 15643 17304 13010 15678 18498 349 6389 7509 16083 5 21 21 21 
21 21 21 15424 20293 15678 22823 22772 20402 15678 18498 22773 31 13749 7 9193 20539 4 1612 18498 13749 4766 7206 5 21 21 21 
21 21 21 31 22821 20402 18498 21793 15190 12780 22318 13822 4 23135 21282 21596 18498 8637 17438 18525 22657 31 16689 20738 5 21 21 21 
21 21 21 31 22942 20402 22463 16630 6103 21468 18498 15658 16878 8351 5 17438 12861 4 3702 4 4346 4 6070 4 19698 7730 23104 12544 4 1276 18498 31 5627 20149 9769 7730 31 16630 21623 20244 1485 5 21 21 21 
21 21 21 31 9801 15658 6400 7509 18498 9193 9620 4 9193 7509 3058 22564 7509 18498 21596 5 21 21 21 
21 21 21 15678 18498 6219 11474 7730 14464 15658 20402 31 11636 4 20402 31 2053 5 21 21 21 
21 28 28 28 5 5 5 1540 20 27 
21 2647 15678 18962 7509 14796 12932 28 28 6103 29 21996 16972 20 654 15678 18962 20402 6103 29 20 18525 20402 18498 12780 20402 15678 18195 0 28 28 14289 4 28 28 4 28 28 28 0 21 
21 21083 9808 6103 21596 9594 4766 23135 4 28 28 5 5 5 12861 18784 349 18476 9193 15658 8840 4 7730 6103 16721 18498 1471 7509 21551 7730 7509 7419 31 9193 1103 20402 31 14539 6670 31 29 4 18476 23135 8406 7850 10483 7730 9743 31 2781 6103 20336 7509 14604 13131 5 5 27 5 5 5 20126 6103 22318 5 5 5 21 
9808 7127 7509 1095 5 5 5 

