21 26 29 
29 21 
21 15834 4 9193 20402 31 18651 5 10959 6103 2403 7730 9743 11246 4 27 5 26 9833 3058 21409 10606 26 28 26 26 30 28 21 
27 
20126 6103 22137 5 6103 22463 21551 26 26 26 20023 15652 3058 15533 
16323 31 15678 15647 7730 1393 18498 20149 17714 16404 20402 5 26 16323 15652 4766 1114 3058 15533 
21 28 29 28 5 4766 
15652 29 21 
21 15604 13311 4 13598 14149 17872 9769 31 15533 20 
3058 15533 26 15652 20127 20402 28 21 
22657 31 16689 22805 5 
21 9901 15138 9808 4 7914 17304 21596 20931 1103 6670 5758 7730 11462 17304 16439 6981 835 4766 23135 4 3959 29 4 20402 13858 6103 23135 20402 22463 835 5 1027 23135 20 28 30 28 28 30 21 
21 20149 8995 9808 0 21083 5 238 4766 13905 17605 4 13858 21083 9808 5 23135 2372 4 15708 20 20 3960 13858 26 21 
21 21 21 654 15658 21596 12939 4 20149 8995 15637 4432 4 20402 3450 22463 17438 20500 4 23135 17438 9193 4 13909 15299 5 5 5 21 21 3058 21409 26 3426 20241 6103 16633 5 21 
21 29 1249 4 20126 6329 20 21 
26 26 26 3058 15533 5 1027 8956 10273 26 5 
8995 8406 7847 5 5 
21 19296 4 22942 18498 20202 5 21 
20852 2384 5 6103 11462 28 7576 17812 26 
3058 15533 20 
27 26 7509 15416 27 
21 11462 20402 20463 7127 5 4886 13909 22463 1249 6103 22942 4 13909 22463 1249 6103 2979 4 13909 22463 1249 827 31 16971 31 20931 23151 7730 20402 8956 16971 22385 4273 4 19703 5 15658 17304 16630 31 28 22463 12787 14425 4 23135 8386 9193 2781 7730 9901 14018 23507 17872 21793 15190 7850 28 5 18498 28 22318 11710 15138 4 7730 8956 6086 20149 19335 17438 15138 7730 15138 1249 4 7730 20931 22942 20402 19342 6103 3369 5 9808 1247 28 20 14062 
24 1247 3058 7127 28 21 
21 20402 4273 21793 7127 15658 6075 4 31 21739 20402 3265 9193 22318 1027 4 9193 17790 4841 6103 17111 20 3855 28 17111 7576 3058 15533 21 
28 5 
18498 1920 20402 20 
3058 7127 20 
29 29 18610 18610 512 
21 29 
29 21 
25 17667 
15678 30 6 
21 18498 31 22942 20402 22463 4403 4 10259 4796 31 3432 4 18498 4472 4796 31 702 4 19298 4796 31 13759 20751 4 7730 20558 18481 22463 20853 5 9193 368 7730 11462 5219 4 22463 15604 9169 20149 12345 4 22463 15604 4403 11212 6103 20149 155 4 16630 17872 7087 7509 702 4 7730 7847 14335 2018 4 2727 22985 15604 22942 20 26 15604 22942 3432 9808 20007 28 20879 3058 15533 21 
21 23029 13301 10648 19795 7850 15533 4 1755 4766 31 1095 4 15144 14514 10095 20 6103 15908 9193 14514 19795 28 28 3058 15533 20879 26 21 
21 21 21 15658 430 15855 17872 6014 4 4766 15138 10547 7730 17556 13749 21 21 5 18498 20402 5266 15678 20853 4 20402 5590 2116 7509 14604 5 2988 3058 21409 20879 4496 3426 26 26 26 21 
21 7432 30 
27 
21 29 4 29 4 29 4 29 4 29 4 29 
29 4 29 4 29 4 29 4 29 4 29 
29 4 29 4 29 4 29 4 29 4 29 
29 4 29 4 29 4 29 4 29 4 29 5 
29 4 29 4 29 4 29 4 29 4 29 21 
21 21 21 20402 15018 4 8995 22327 2727 4 
20412 20402 18525 21596 
31 16580 6103 8995 7914 16312 4766 28 5 5 5 21 21 21 
21 20402 20931 10546 4 1027 20463 21935 5 21 
21 21 21 5 5 5 22463 7127 9193 22318 8918 7850 10713 4 7850 10713 5 5 5 21 21 21 
21 11560 6 23273 5 26 15652 8895 5 4766 5 3148 
21 20539 4 20402 10546 7509 15364 5 1027 20463 13520 4306 1095 4 27 5 10581 15364 14703 4306 3058 21409 31 21793 26 21 
21 21 21 5 5 5 9193 18533 22463 3962 7850 3629 5 5 5 21 21 14703 26 28 22942 20134 22915 9193 18533 13909 15708 17562 7509 10095 5 21 
21 21 21 9193 15658 19900 15678 18498 14335 7573 7730 14539 1920 4 15658 16721 7914 14335 13591 
15678 1114 20149 9743 4 14335 13405 991 4 15894 15502 13909 
5762 18657 4 1186 6103 22897 4 9743 6103 9193 20463 3510 5 5 5 21 21 21 
21 20215 8956 10240 28 4 14335 1027 14466 5 15708 17438 22327 4 4273 6329 20 26 3058 21409 28 2501 26 20402 28 20244 6159 5 21 
20402 9840 5 5 
21 20539 4 9193 14514 10648 19795 6103 9077 7850 13860 4 27 5 20402 28 7730 20931 13690 20 28 28 26 26 28 6103 15908 5 21 
21 11560 6 30 5 30 5 22432 5 3148 30 26 5 28 894 26 26 26 29 
6103 
21 21 21 9193 18498 2976 31 19795 15658 9605 4 20559 31 19795 9305 4 15678 16826 18498 19822 6103 22318 5 5 5 21 21 21 
21 18476 20402 17908 873 16404 16468 15678 19509 7509 22942 4766 23135 4 17908 873 18498 21596 1103 4 17458 7850 9975 4 20402 21282 12861 18498 19509 5 21 
1027 20 
21 15658 11212 19695 13905 4 7509 18498 20149 8339 4766 22463 15604 13311 5 28 20293 19474 13591 19771 8907 3058 15533 10405 20879 21 
21 7730 20149 9193 14335 1409 16673 19698 0 19698 20402 28 1027 20 
19990 29 
17458 9193 2336 7730 28 7730 21596 15678 1247 7509 28 26 5 22318 1027 15138 5 28 7730 15138 498 9634 
24 26 22318 1027 3058 15533 
21 21 21 740 18498 9193 9594 31 13788 7509 11474 4 
7730 9594 31 13788 7509 28 4 
20244 1114 4 9193 15299 20420 5 5 5 21 21 21 
21 18498 28 14335 18044 6072 18498 4793 7509 9193 22942 20244 12551 6103 9743 15678 2727 5 25 9590 4 25 10142 4 17872 14604 13131 15658 27 21 
21 11284 4672 18498 8406 7914 9193 22942 4 17872 9193 8361 31 1027 6103 22463 14881 7174 5 18498 15678 1114 9010 7914 21793 16440 4 7730 18476 7847 9387 4 22657 31 16689 21596 19939 4 22657 31 16689 13749 4 7730 21596 6189 4 7730 18498 17304 16468 15678 21551 18498 20402 4 17304 20149 14878 4 9193 15643 6256 6103 9387 5 15855 16404 30 7730 7491 6103 5528 18498 20402 31 14426 9422 18498 13055 21596 4 7730 18498 20244 7847 15658 20420 15678 18498 20402 11462 5 20126 6103 13860 4 20126 7509 3699 18394 22137 4 20126 6103 20357 31 1268 6103 22463 4875 7730 6103 16098 11092 17872 9743 10268 7730 6256 6103 20402 14905 7730 7509 21759 3698 6103 21252 6103 14049 5 7730 12861 13405 17872 22942 21793 4 19252 20 3058 21409 19252 26 26 20126 5 21 
27 
21 11560 6 23273 5 21684 7730 22858 5 4766 29 29 7730 18498 9193 15658 17629 6103 23135 17872 15299 5 11559 
9193 19900 23104 20244 23135 5 19900 1190 4 4796 4 9594 4 22805 9956 5 19900 20852 7730 15424 20402 6103 14487 5 20786 10665 7730 5320 17022 7730 20402 19746 16673 14604 1097 15678 21551 21793 5 13359 13591 4 9743 1103 5 20402 17438 12526 20244 23135 5 15658 9387 15425 16440 9620 4 9193 9193 9743 7847 9620 5 20402 18498 9193 15658 17629 6103 23135 17872 15299 4 9193 18533 23135 17872 22327 5 7839 15678 11020 17877 26 15005 1983 6 11560 6 23273 5 21684 7730 22858 5 4766 29 29 7730 18498 9193 15658 17629 6103 23135 17872 15299 5 11559 8995 5 30 5 26 21 
21 16375 6103 17939 4 10530 15650 5 21 
21 18476 20149 9605 6103 20127 4 15678 892 20149 20402 15678 14425 19277 5 10433 15652 28 20879 3058 15533 5 21 
19089 3058 7127 20879 
21 21 21 9590 16468 13923 18688 4 9590 16468 13923 5 5 5 
15855 9193 12780 22318 6075 22463 996 18498 20402 17872 23135 20149 14010 5 5 5 21 21 
27 21 
21 3058 15533 4 1150 20 21 
29 29 31 29 6 29 26 19553 5 
9634 30 
21 21 21 20852 1114 4 18498 15678 14425 740 9010 17438 23016 5 5 5 26 26 3058 15533 20879 5 21 
21 7730 6408 6103 15138 1249 4 2136 18498 7914 9971 9743 22463 918 17872 9193 17872 6355 15678 18481 20402 28 4 19703 4 2136 18498 21438 3058 27 5 654 9620 22463 4766 31 14464 20 15708 20 20 21 
3058 21409 
21 21 21 5 5 5 7730 15894 17159 7850 4387 9193 910 19997 4 7730 10648 13441 7850 1135 5 5 5 
15894 18533 15678 13194 4 19652 4 7730 15894 18533 2524 9193 20402 15678 11341 
9193 31 22942 20402 18772 7730 6103 23120 4 7730 22805 21282 18498 4432 15678 1114 14335 1694 
7730 22318 18533 7730 15658 18533 4796 20402 4 15658 22318 18533 7730 15658 18533 4796 20402 5 5 5 21 21 21 
21 31 22898 17629 20813 6103 3058 4842 4 9634 20 13860 1097 26 26 20879 18381 18471 5 26 28 21 

7730 13909 15299 5 5 5 
21 3702 15138 20 20 20 3058 15533 5 5 
21 21 21 8840 18498 22463 7127 23135 23151 2116 
7509 18498 13055 6146 
18476 20402 7957 14604 3988 20149 7017 
18494 22619 4 9193 15658 17159 7850 3031 5 5 5 
20244 21596 14378 7509 22821 
15658 16721 8995 16784 654 
22327 21596 31 20931 11518 
7509 20781 13055 21596 14378 8995 6103 2727 4766 15678 14604 23104 
21596 3558 4 13501 31 910 7730 1540 31 23104 17872 15658 16143 
17511 8147 873 
15138 3611 9387 5 5 5 
9193 20149 9193 21596 15678 14133 7730 23135 7509 14604 13131 654 
20463 15860 12780 14335 20202 
20931 17743 10261 21 21 21 
19294 20 3058 15533 5 5 
21 21 21 5 5 5 18379 15416 22318 1027 4 15424 19900 20149 22318 1027 5 5 5 21 21 
3058 15533 
29 
21 13098 6 29 
20539 6 26 21 
21 28 4 3423 6103 4331 4 28 6103 4331 7509 15253 21 
29 5 14506 15355 5 
21 23135 5 20539 5 28 
18610 5 23135 5 26 
28 26 
28 28 
28 28 28 
28 26 21 
21 21 21 5 5 5 17438 18498 23135 14335 6256 22385 20786 0 
17438 18498 23135 15658 4687 7914 9193 0 
8995 14335 20357 15138 21282 
15658 20402 15424 18533 20402 15678 20463 7589 
20402 18498 22463 3870 1393 22898 3510 2727 
9193 21596 15678 14604 6684 7730 17233 20160 
21282 155 17872 23135 13909 15502 
17438 18498 23135 14335 8918 7730 21075 0 
7730 20149 9193 14335 12578 17438 873 0 
7730 20149 7847 4 6103 19324 4 14335 10648 0 5 5 5 21 21 
21 21 21 18525 15658 21596 31 18525 21787 4 9901 15678 1114 7914 10279 31 13325 21 21 5 15708 26 5 26 3058 15533 20879 26 20402 28 4496 5 21 
27 
21 19969 7509 20171 6103 29 30 4 15603 20127 7914 10122 20 26 20127 15652 26 3058 15533 20879 10122 5 21 
29 29 31 29 6 29 15258 26 
21 3058 21409 5 5 
3058 7127 6 
15643 5 5 
654 288 15678 1114 7509 9193 22942 15652 9574 26 3058 7127 26 1178 16053 5 
3058 7127 
3058 7127 20 
3058 7127 20 
21 29 29 31 29 6 29 
15540 7509 17934 6 26 28 28 9942 

8186 6 18610 28 4 15677 29 30 29 28 2802 
21500 20539 6 29 29 29 29 
8811 20539 6 4585 26 21 
21 7614 28 28 28 
29 6 29 11518 4 1421 4766 29 9193 6103 1281 5 5 
29 29 21 
21 20149 14335 11649 4 20539 16066 4524 0 
31 16440 7509 29 2702 20402 6329 5 21 
9634 30 
21 29 18610 18610 512 
28 21 
7730 7850 23016 23135 16083 22897 1178 5 
21 2277 13441 29 17525 9894 
29 31 29 5 21 
21 29 29 
3962 28 21 
21 16816 4 23570 7536 5 15652 7914 2367 4 21282 9620 15678 28 16721 7850 5758 5 21 
21 4182 28 
4183 
11455 
5699 7730 19664 
4934 6103 3962 7730 29 
5508 20558 6103 3450 21 
15708 20304 20 20 
21 21 21 5 5 5 7847 21371 8995 16784 
7730 17438 12861 20149 614 31 9193 21371 
9193 14335 614 31 7847 
17458 9193 15658 21596 13909 15502 5 5 5 21 21 
15708 16972 17438 8956 28 16816 5 3885 17790 28 28 30 
21916 6103 352 20 20 
21 20852 17872 15190 4 18498 7847 11212 6103 19567 20 3058 15533 26 996 3431 3426 26 21 
21 21 21 5 5 5 17438 12861 11462 4 8995 22385 22223 4 8406 18533 7730 8995 22385 13667 6103 17304 
7730 18525 9193 18533 9010 22385 13667 4 13667 6103 9193 5 5 5 21 21 
21 21 21 15658 5590 2116 7509 3099 4 5876 6103 20463 12916 18498 7847 23016 2136 23135 5 21 21 21 
472 20 
17872 19224 28 28 
21 21 21 5 5 5 20402 18498 7847 9239 4 20402 18498 7847 9239 4 7730 20149 7847 9239 20402 12861 14335 12025 
21596 18498 16647 4 21596 18498 16647 4 21596 18498 16647 4 8956 5765 5 5 5 21 21 
21 11560 6 18884 5 28 5 4766 5 3148 3210 29 29 29 29 5 11559 
21 21 21 5 5 5 2647 20126 4 9193 23016 7491 4 8995 22318 18533 14335 13405 17872 23135 5 5 5 21 21 
21 21 21 9193 18533 31 20855 6103 22463 1114 21987 
4766 19907 6103 10433 15012 5 5 5 
20402 21680 18374 4 20402 22318 4796 
21793 1114 18498 11284 15458 22942 5 5 21 21 
21 21 21 9193 12780 10447 6981 14141 4 12780 19969 7509 3749 
12780 10447 6981 14141 4 12780 15005 7850 14262 
7850 14265 630 1190 6560 4 7730 17304 21810 2530 15626 5 5 5 
5 5 20149 31 15533 9193 9743 22463 10160 4 9193 12780 21787 14604 23013 
7730 12780 19761 15678 20799 4 12780 19761 15678 20799 4 12780 19761 22463 3058 5 5 5 21 21 21 
21 21 21 8329 11284 20749 4 8329 11284 20749 4 740 11284 5 5 5 21 21 19719 28 26 28 3058 21409 26 21 
21 21 21 1097 22823 4 20402 16404 20293 17458 5 5 5 
15658 11862 31 7419 4 
7850 5528 8995 20293 16936 5 
15658 11862 31 7178 4 
7850 5528 20293 21596 22463 17406 6103 352 5 
15658 11862 31 3213 4 
7850 5528 20293 11284 13727 16404 15678 16802 5 
15658 11862 4475 4 
20293 11284 22463 15880 16404 18971 4 
15256 16404 753 4 
15860 16404 8474 7730 4346 6103 835 7730 7594 4 
2988 16404 9457 31 22821 7730 20852 5 
1097 4 22823 20402 16404 20293 4 17458 
18476 7558 5528 20149 22507 4 10211 22463 21282 4 
28 20149 14055 879 4 2092 7509 1114 
7730 15678 1114 20402 13909 10259 18498 31 15041 4 
20402 2757 4 16126 4 22327 20738 4 5739 4 21095 5 
15658 20149 22425 4 15424 20149 8371 4 1453 5 5 5 1027 5 
4178 4 16866 5 21 21 
28 20539 5 13098 5 28 21 
21 15658 18533 23151 4 20402 17521 0 1249 15604 18376 7277 28 26 28 19719 21 
21 155 17478 17872 15127 4 20402 7509 910 4 7509 3884 4 5528 16066 16718 5 3058 21409 15604 23063 26 3431 21 
21 15619 17915 16404 15678 7127 9901 2727 4 472 20 14604 23221 30 3058 21409 26 26 26 21 
21 11462 6103 7127 6103 5876 7509 5744 4 7730 31 11372 8637 20402 22463 18498 23135 13055 5174 7730 18498 9193 20559 1027 
16404 340 15678 26 2136 15678 9975 4 26 7914 21 21 22805 13909 21 21 4 15708 20 
31 7157 18498 6075 20402 4 20149 20463 3388 8995 15138 19491 4 9417 9743 22463 13405 22471 1276 6103 13253 4766 20485 4 1487 23561 22745 17304 20402 18475 22463 7850 19143 13909 19491 7730 6256 636 16673 14466 29 14764 1276 6103 13253 5 5 5 6408 20202 4766 15678 17885 15558 7509 11372 4 20202 15678 16488 6650 41 5 
18884 7914 23222 
18884 8678 12301 6 
29 4713 6103 20840 6103 15247 6103 22088 4 22564 9312 31 18498 23135 21596 7914 3962 5 
29 4713 6103 20840 6103 2368 28 4 2368 14235 16066 2368 5786 20149 15678 3388 20402 9989 20402 14425 20988 17438 14413 6103 73 4 22564 29 4713 6103 20840 
29 4713 6103 20840 6103 23561 6103 4629 4 2348 6103 15872 16066 18475 16083 23561 6670 18498 20402 22745 5 
29 4713 6103 4385 6103 30 16066 22463 1139 6103 23071 4 12861 20402 1453 16404 17544 31 14810 23135 17304 21752 7509 18884 3962 15658 21596 15425 7509 7558 5 
14810 2727 21793 15678 12331 4 9335 15678 2368 18498 23135 6256 16404 4730 17438 23575 4 12861 9233 18498 15678 2368 20149 7387 21793 7730 1920 753 13909 7850 11518 7509 11372 5 
13253 20463 3388 4766 20485 6103 13502 17942 4 6408 1487 31 14810 7914 21793 3388 7730 6256 636 6103 29 31 29 9193 4 8469 7730 5050 5 
991 6103 22463 3388 21083 11371 7730 13823 4 9901 4766 22463 3219 12094 7730 6223 16816 5 
20402 20293 3058 13325 18498 3450 3388 18768 6103 22463 10211 7730 18498 15424 22327 18498 20402 3058 16404 9193 20402 10657 6103 18498 20402 3058 16404 23135 21371 4 15678 19522 15128 6103 9894 16404 9894 5 
8840 18498 10959 7730 2136 31 18195 5 21 
8810 28 14984 
21 20402 31 16971 9193 4273 7509 15190 7730 14539 1920 14335 2133 4 31 22898 4 27 5 22318 1027 28 20853 28 3058 15533 26 30 5 21 
9193 23174 28 28 
21 11561 6 23273 5 28 5 4766 26 5 22640 
21 29 4 29 29 4 29 29 5 29 
29 15678 7558 5 21 
17324 20402 15658 20402 5 5 
30 28 15855 12861 27 5 
21 14335 11649 27 
21 21 21 5 5 5 18476 22463 4179 873 6933 22463 20352 4 20402 14425 15658 19440 4 7730 20149 8414 5 5 21 21 
21 11560 6 23273 5 22327 10962 5 4766 5 3148 18884 29 10732 1393 5728 4766 15003 26 5 11559 
21 16404 15678 17714 12780 17629 6103 6 
29 14835 6103 702 
29 4713 20840 6103 4331 7914 18394 4 21371 17304 20402 299 5 
29 4713 20840 6103 1093 6103 14673 13911 
29 4713 20840 6103 14413 
29 4713 20840 6103 22463 15247 6103 11372 4 31 20931 8637 5 
29 4713 20840 23561 22745 4 31 20931 8637 5 
15923 4 16404 17544 13909 31 11372 23135 17304 434 22463 21374 6103 30 6433 5 
14881 6103 9743 6 
17819 13405 1393 10159 31 14810 6103 702 13911 4331 7914 18394 5 4186 18498 21793 8995 2727 7387 16404 15658 5590 15678 19701 6103 9901 8016 5 20293 14606 14096 7850 10159 2136 15585 18498 31 14810 8995 11501 15424 15138 9989 7730 15424 15138 11099 4 6830 15678 10159 5 5 
18476 31 14810 8995 15033 4 7914 22463 18904 17285 16066 13557 434 15678 6329 12868 7730 14810 2727 2136 21596 4181 18498 21793 8995 11690 14536 4 1049 7730 14810 4766 22463 10663 16066 4713 5 
14881 6103 1489 6 
4766 15678 3388 7104 13253 9193 13253 4766 20485 1296 19527 7509 28 19547 31 22473 7509 3388 4766 4766 22463 21777 7730 1487 14345 17438 14345 8319 2727 16404 21596 4181 18498 31 11372 8995 636 2727 9193 10003 4 19335 15678 17889 17438 21793 15678 3388 5 
4730 22463 21918 6103 2530 16066 19932 17285 7730 6256 636 6103 29 31 29 14764 4 16468 12861 8470 7730 20149 288 15392 5050 20 
19522 6 
15678 3388 9901 2727 13909 3216 4 10074 7730 20134 5 991 7384 4 15678 4331 20402 11637 16404 17546 31 5518 15355 7509 3388 4 6255 13909 3086 5 21 
21 14335 6256 4 18498 11462 9193 21776 6103 2979 4 2979 5 5 5 21282 18498 15658 3058 21409 26 21252 21 
29 
27 
21 16083 17915 15604 17872 21662 4 13688 17872 9417 1022 20 20127 26 26 9667 6103 14136 3058 15533 21 
21 26 7850 28 26 4 7432 20 20 26 21 
3058 7127 20 16580 5 
21 17915 15604 4 8995 28 4 22657 31 16689 20 4760 15190 22825 20127 26 21 
21 13727 13512 6329 4 18533 23151 20 20 28 28 21 
21 21 21 23554 20304 4 16630 17872 20749 20149 8644 22463 17556 4 16630 17872 4356 9193 4356 6103 14088 17872 22805 20149 15344 22463 17239 7850 4387 5 5 5 21 21 
21 16741 7127 4 16475 6103 8712 17872 5174 15678 19509 7509 16373 5 28 26 10548 16373 26 21 
21 15678 14133 4 26 3058 20 10548 28 26 19698 6103 12897 17583 6103 28 21 
10548 20022 19698 6103 12897 3058 21409 26 
27 14145 
21 7914 3348 7509 16373 4 9193 14514 21 
21 9901 13688 4 12780 28 21 
21 11560 6 23273 5 28 5 4766 16137 19698 6103 12897 3402 10405 17562 28 22825 29 

