26 31 26 1478 26 26 1983 28 
21 28 4 28 16066 22318 13405 5 18470 20402 13909 22686 0 21 
9808 7127 7509 15311 1114 5 28 28 28 
26 22318 13405 9087 7914 20879 4766 17807 14465 7509 18498 15678 7509 28 11561 6 21298 5 4591 30 30 11561 6 21298 5 4591 30 29 29 
20828 4766 15678 16292 26 15658 21596 16390 
21 9808 28 7509 15253 17831 28 28 28 28 5 22318 1027 15138 4 14425 15253 7509 15190 5 20126 5 21 
9808 28 7509 15253 28 28 28 7730 15708 16673 17737 5 22318 1027 5 
21 15658 21596 16390 15678 9942 22318 8840 7914 3962 4 11300 28 28 28 20 0 21 
21 17761 30 4 7850 54 5255 4687 15678 6026 41 7730 21596 22463 26 13909 21978 8956 9971 6103 20247 5 
8956 20148 19271 21793 31 15599 20670 13729 4 20244 7403 7730 21 
21 14604 9942 20402 13512 4 9808 6329 20 11066 31 28 17438 22327 9808 20402 17556 21 
21 11066 31 28 11462 15344 15678 17737 7509 9193 22521 28 28 28 4 4766 15138 20127 5 20402 22463 14924 12130 6103 9801 11758 4 14335 13325 7509 14604 16169 18476 9594 18476 23135 20402 16169 23135 12780 8386 4 21282 21596 31 662 31 28 16673 9193 8897 4 14604 9626 7730 1097 7730 1393 17934 18498 9193 340 6670 15678 12760 7914 8810 31 7625 5 28 28 5 15138 9808 20 20 20 21 
21 1022 22463 7127 15138 8810 17872 9193 4 7850 7127 18498 14604 12787 15344 28 28 4 14604 9942 15344 5 703 8956 14924 1270 5 21 
26 20 
22463 7509 9193 9726 
21 8840 1270 16673 10433 7509 9193 22521 4 28 28 5 20402 15138 11043 31 28 17438 8995 23104 8956 14924 13909 18498 8810 5 21 
21 8840 1270 16673 10433 7509 9193 22521 4 28 28 5 20402 15138 11043 31 28 17438 8995 23104 8956 14924 13909 18498 8810 5 21 
21 8840 1270 16673 10433 7509 9193 22521 4 28 28 5 20402 15138 11043 31 28 17438 8995 23104 8956 14924 13909 18498 8810 5 21 
21 8840 1270 16673 10433 7509 9193 22521 4 28 28 5 20402 15138 11043 31 28 17438 8995 23104 8956 14924 13909 18498 8810 5 21 
21 8840 1270 16673 10433 7509 9193 22521 4 28 28 5 20402 15138 11043 31 28 17438 8995 23104 8956 14924 13909 18498 8810 5 21 
21 8840 1270 16673 10433 7509 9193 22521 4 28 28 5 20402 15138 11043 31 28 17438 8995 23104 8956 14924 13909 18498 8810 5 21 
21 8840 1270 16673 10433 7509 9193 22521 4 28 28 5 20402 15138 11043 31 28 17438 8995 23104 8956 14924 13909 18498 8810 5 21 
21 8840 1270 16673 10433 7509 9193 22521 4 28 28 5 20402 15138 11043 31 28 17438 8995 23104 8956 14924 13909 18498 8810 5 21 
21 8840 1270 16673 10433 7509 9193 22521 4 28 28 5 20402 15138 11043 31 28 17438 8995 23104 8956 14924 13909 18498 8810 5 21 
21 8840 1270 16673 10433 7509 9193 22521 4 28 28 5 20402 15138 11043 31 28 17438 8995 23104 8956 14924 13909 18498 8810 5 21 
21 8840 1270 16673 10433 7509 9193 22521 4 28 28 5 20402 15138 11043 31 28 17438 8995 23104 8956 14924 13909 18498 8810 5 21 
21 8840 1270 16673 10433 7509 9193 22521 4 28 28 5 20402 15138 11043 31 28 17438 8995 23104 8956 14924 13909 18498 8810 5 21 
21 8840 1270 16673 10433 7509 9193 22521 4 28 28 5 20402 15138 11043 31 28 17438 8995 23104 8956 14924 13909 18498 8810 5 21 
21 8840 1270 16673 10433 7509 9193 22521 4 28 28 5 20402 15138 11043 31 28 17438 8995 23104 8956 14924 13909 18498 8810 5 21 
21 8840 1270 16673 10433 7509 9193 22521 4 28 28 5 20402 15138 11043 31 28 17438 8995 23104 8956 14924 13909 18498 8810 5 21 
21 8840 1270 16673 10433 7509 9193 22521 4 28 28 5 20402 15138 11043 31 28 17438 8995 23104 8956 14924 13909 18498 8810 5 21 
21 8840 1270 16673 10433 7509 9193 22521 4 28 28 5 20402 15138 11043 31 28 17438 8995 23104 8956 14924 13909 18498 8810 5 21 
21 8840 1270 16673 10433 7509 9193 22521 4 28 28 5 20402 15138 11043 31 28 17438 8995 23104 8956 14924 13909 18498 8810 5 21 
21 8840 1270 16673 10433 7509 9193 22521 4 28 28 5 20402 15138 11043 31 28 17438 8995 23104 8956 14924 13909 18498 8810 5 21 
28 28 28 28 28 28 28 21258 28 28 28 28 28 28 28 6790 10289 28 28 28 
28 28 28 20559 22318 1027 5 662 31 28 17438 22318 23135 7850 9193 22942 5 29 
15855 31 28 6 6103 
21 2367 7509 9193 28 5960 29 5 29 4 22463 16689 5 21 
21 28 9942 22805 15678 23575 26 7509 28 19668 7850 28 15678 3404 9901 5935 4 9193 8995 6075 17872 19900 18498 9743 22463 16367 15242 4766 4181 26 26 26 4 19703 21 
18470 20402 15678 2958 18498 2084 13909 0 16323 1393 15576 2066 16360 5 
21 17805 4 21 21 28 21 21 16066 21 21 26 21 21 8995 31 3610 5 18498 28 78 8956 16753 9879 5 15855 2371 1114 28 28 28 6 26 3143 26 26 11561 6 23273 5 28 5 4766 26 0 22615 30 28 21 
16192 10259 20 
18884 6103 15882 
21 15708 1114 28 28 28 17438 9743 9193 22942 14425 4 22318 1027 5 21 
26 28 30 29 26 
21 22463 3058 20247 31 21793 5 
21535 1393 20304 20402 15790 15678 13923 7 
18098 29 6 29 7127 29 21 
21 16404 18525 18533 8386 1540 13909 4796 20149 19206 2727 4766 15678 5189 4 8235 14426 20463 19205 7914 10793 20402 22463 9324 13591 5 15678 13591 21596 4796 15697 19450 15678 17877 6103 4962 9462 21 21 21340 16971 15658 14335 8386 4 16066 15658 16765 15678 18498 9743 4 9170 21 21 
9808 28 20 20 20 
21 19418 20463 29 6103 153 20402 15138 78 5 15658 6256 6103 9743 5 7509 20463 12787 4 20693 7730 5915 28 4 27 5 
8406 7914 5322 16404 9743 31 12408 
28 28 6103 28 28 
28 28 5 4766 
29 29 29 29 
28 28 28 28 28 28 28 28 21 
15908 29 5795 20402 1893 16673 8995 12848 5 15963 16673 9634 5 
21551 6103 16614 4766 21739 28 28 
21 9808 28 20 
28 28 28 28 28 28 28 21258 28 
18930 6 11560 6 21298 5 4591 30 30 31 
21 1937 28 9942 28 28 28 28 28 28 28 28 28 3996 1937 4 15138 8302 5 21 
15855 28 28 
21 740 9620 899 4 9193 20402 21282 17872 22318 20149 13480 7850 7142 5 7730 21371 8995 7509 21364 6103 22463 3929 654 5 28 28 21 
15678 18498 288 0 21258 28 
21 11462 20402 7127 7509 18498 9193 17831 4886 13909 22463 1249 6103 22942 5 6679 18498 28 5360 22318 78 7730 22318 4980 15138 1249 6103 22942 5 
22318 1027 20 20 20 28 28 4 28 28 21 
21 20402 5758 28 18848 28 28 28 
9989 28 3630 9594 22463 22821 5 15678 28 16784 22463 13786 5 
21 28 26 26 26 4 26 7847 11617 29 5 26 1983 26 26 6 11560 6 23273 5 26 5 4766 26 9971 6103 20247 28 21 
21 15658 20149 17703 4 8995 17858 15678 26 21 
21 15678 14425 16404 9193 20237 20420 15678 26 28 4 20149 7847 18533 740 5 21 
20976 6 23016 5876 6103 9193 
21 28 14514 15138 20402 3625 4 22773 31 4034 28 5 21 
21 15678 23118 13055 8995 10657 4 27 21 
28 18848 28 28 28 28 28 28 28 28 28 28 6103 28 28 9942 28 28 
21 5505 7509 15190 7850 28 4 8840 18498 7850 18195 5505 21596 22463 20237 21741 3170 4 12960 10523 3170 5 21 
21 15678 2946 21625 842 16404 21 21 11154 19247 21 21 20402 22463 7617 14684 7914 15669 15926 18498 5252 7914 22602 10268 15281 7914 1987 19871 7730 6103 21189 4 4766 15678 12688 6103 9233 18498 31 10268 12353 21596 21551 6103 15988 31 6202 5 
21 22989 3766 7509 5505 6103 29 4 29 17872 15678 28 7850 9975 4 5371 7892 7850 20268 17438 29 5 21 
21 13325 7509 19522 28 23274 28 1004 7850 5505 7509 5092 1249 16468 29 4 9620 29 28 5 21 
21 1022 31 28 10648 7509 28 20244 6103 28 5 11020 12960 21613 13727 4 12780 28 5 21 
8918 15678 28 6103 29 7850 14134 5 11462 20402 11454 29 17872 28 7850 28 5 
21 6103 28 4 28 4 28 4 28 4 18610 5 10723 16404 28 7730 15678 14464 7509 16882 827 28 5 20090 21 
21 15658 20402 21189 17872 9193 31 6446 4 21189 17872 9193 20402 6103 29 5 8840 14466 7730 22463 21613 13727 1614 7914 28 5371 31 28 5 654 20402 21842 16404 21596 16784 7509 3625 16673 14466 5 2946 17872 4434 7509 26 5 21 
21 15678 13909 18195 13055 19900 7730 23016 7491 15678 5193 28 20402 15138 21121 1393 5193 7509 20237 3170 5 15678 7171 7509 15576 10523 20402 31 12960 12178 18498 15658 21596 13909 7850 9193 20237 4 31 23577 8838 7509 28 20402 13749 17872 12780 17872 15678 18385 5 21 
21 20402 17438 12861 18498 21596 18498 4289 7914 3962 4099 4 27 5 22318 1027 5 21 
21 31 16247 7850 28 12984 5 11462 20402 2727 17106 18498 31 21 21 6383 21 21 7509 15576 23113 28 5 12780 22805 20149 31 9922 12780 18304 7850 14539 18010 5 21 
9193 10959 6103 30 7850 13727 6103 28 12984 5 
28 28 288 18498 31 18352 7509 21680 2949 8995 4766 17877 
7914 28 4766 9193 8897 7850 3962 7509 9634 15458 14149 13727 1658 16589 
21 17022 14539 13055 18533 15311 4 27 21 
16721 
20149 28 18533 7850 7127 29 6103 13022 8995 4289 7850 28 28 5 12783 16468 1453 29 28 9193 8840 8147 21793 23135 5 136 5 
12577 20 
26 26 12863 0 28 28 28 28 28 9942 
28 28 28 15604 2647 7509 28 
13185 7850 3790 6103 28 20 
26 26 6 29 26 29 20962 26 29 28 26 11617 26 26 28 26 21776 26 
9324 21684 5 
8956 26 20402 15138 17616 18688 5 
21 23 4 15855 15678 18498 28 28 28 8637 17872 22318 21 
4796 6133 7730 17807 13043 
22463 17583 4766 14604 1114 7 8897 13512 
21 26 21776 26 1983 26 26 26 11943 29 26 
26 26 
26 26 
26 26 
26 26 28 26 5 9971 6103 20247 26 1983 11561 6 28 5 4766 26 28 11617 29 
21 7730 13761 7850 9975 7509 18352 7509 28 22463 13543 16784 
21 22463 9608 18164 7509 14389 7043 4163 6103 18610 29 14676 5 
2367 349 9193 8974 7509 28 4 28 4 20402 28 7730 28 5 
28 31 29 7509 15533 
21 6679 31 21793 22463 9324 16464 6103 1249 7730 6679 22463 1249 15604 78 4 18498 17511 20402 13909 11043 4 13909 9808 4 13909 18195 1393 5792 5 18498 15458 16464 6103 1249 17511 22129 15604 14577 4 19062 31 14577 15658 5913 4 19089 18525 20402 7730 16404 15894 8995 12780 7730 18498 8956 19094 9193 753 31 21596 22463 29 17269 5 662 31 28 16673 9193 8897 28 28 28 4 14604 9626 28 28 4 28 28 4 28 28 7730 21793 7730 1097 4 18498 28 5360 23135 5 9808 1249 15604 20 21 
21 20539 14604 1097 4 7914 7558 28 8995 3962 20149 28 18533 4 19900 18498 28 12780 5876 7509 15576 5528 5 26 26 26 4 11943 29 26 11617 28 26 26 4 26 26 5 26 28 26 26 15803 26 14335 26 28 28 26 5 21 
21 21 21 15658 11284 15299 13909 12764 7509 18498 9743 4766 7821 866 18498 15658 7102 20402 9790 21 21 
28 28 21 
21 20402 9074 22805 21 21 26 21 21 9193 13591 13055 11898 7850 3733 4 15138 9074 5 21 
22564 26 4796 2504 6103 6075 20402 22463 17556 14425 7509 18498 22564 30 5 
21282 9620 654 15678 28 155 22463 15898 5371 31 5614 
20191 16404 21596 22463 19205 9808 7 
28 26 26 26 26 31 26 26 
26 26 
21 11560 6 15599 5 21631 5 4766 5 3148 4509 16967 22623 3170 21179 4796 17976 22088 7509 5997 6103 18193 4 29 29 29 29 30 29 29 29 30 5 11559 21 
21 9193 7730 15678 19598 5 28 28 28 4 11474 22564 11021 17438 28 5 21 
21 5 5 5 20005 6990 10796 16947 5 
2073 29 6 29 21 
21 18930 
9743 22463 10405 20090 
21 14469 6103 11462 16673 14049 
15678 1114 20402 20737 4 20402 2757 7 15678 1114 15658 20402 12711 7 15678 1114 15658 22092 4766 13412 4 15658 20149 8371 5 
15658 20149 17478 4766 12114 4 15658 3348 15678 20463 12578 4 15658 20149 12834 4 15658 21211 13923 7 
15658 10175 4766 31 12368 4 9193 10175 4766 31 22821 7 
22327 20738 4 22327 5739 4 22327 8840 4 22327 21154 5 
29 28 29 6 29 
31 5600 4 15678 13009 7102 20402 9790 4766 1114 16066 20662 4796 15678 19856 1393 16098 5 21 
15138 20126 7509 14604 1114 28 28 
21 29 20402 26 7 26 26 7649 
26 20 
9193 13512 5 5 5 15678 18498 28 6075 15502 21810 5 

