31 9789 21596 22463 12939 13278 
21 21 21 31 22942 20402 9790 6103 8155 5 21 21 28 28 21 
21 14604 1097 7730 1095 18533 6 15708 16673 3870 4 16673 23176 4 16673 17743 6103 23135 7850 9193 22942 7957 4 1393 22898 4 15678 21551 7730 31 7419 15658 16878 15678 8147 16404 22463 3488 4 22463 4385 4 22463 4341 4 5 5 5 5 7730 4 16404 4110 4 4854 4766 23135 31 3718 21 21 26 31 7850 22942 21 21 4 6103 23007 16423 22463 3058 16630 16404 15678 9869 6103 26 4 15658 20402 15658 4 28 28 20467 0 5 
21 21 26 31 7850 22942 18498 14335 11212 6075 21389 
14335 11212 6075 26 20827 23351 26 71 
26 7850 26 18498 26 23351 6157 
13857 1095 28 23351 13759 966 4 
7850 30 28 910 28 18498 26 28 5 21 21 21 
21 12780 21979 8406 15678 22336 7730 31 17758 7730 13322 7509 16580 18498 17304 9387 7850 20537 5 20244 889 4 23104 21389 18481 17521 7914 3058 21596 4766 21793 31 16971 5 7491 3558 7730 4516 22318 22821 4 7730 16098 15678 16083 4 14539 15678 17297 6103 8908 7730 15678 11679 7 7847 21371 21596 20931 11454 5 9233 15678 12186 2611 7730 682 4 7847 20402 22463 12500 16404 15678 8908 5 15658 22318 4843 4766 15502 6 5590 15678 19701 6103 22318 21858 22650 5 20293 11284 873 13905 7730 14465 18498 22318 5 5 5 
6770 23172 17962 1920 4796 22318 18780 4 20402 20293 12578 7914 22318 3916 4 17438 13909 14876 18498 20402 6 20402 22463 22823 17511 7850 18016 15233 7509 21551 5 20402 18101 7914 23172 15422 4 17458 15678 15190 8995 4290 6103 13989 5 9193 15658 20402 4102 7850 18498 4995 1393 23042 18498 9387 6 23206 12186 3348 15678 11020 11644 7730 7914 21793 16440 31 22942 20402 19342 6103 11336 5 20402 22318 14539 5 20684 15658 20570 31 1103 20 21376 20402 6018 7850 1114 4 17458 7914 28 6103 18475 9022 7730 6103 18475 6707 7847 20402 22385 9172 18481 31 19246 5 5 5 
238 4766 3076 15678 5220 7509 1249 19303 4766 11066 31 22318 13052 5 10252 31 18102 6103 8908 16404 22318 18044 7914 3962 6103 12306 19326 5 9193 15658 22318 112 4766 18571 20 15641 21539 15344 7509 9580 7730 7509 20781 5 5 5 16404 13761 6103 22463 7297 19945 4 20402 21629 5488 14539 5 20402 9943 7509 22520 4 21389 18481 31 23501 7730 31 9094 6 21596 15678 7277 6103 8995 1614 5 5 5 
7730 4 16765 16066 15658 4 15678 22520 20149 6721 20244 7728 4796 7102 5 8995 7914 16580 4766 28 4 18475 18498 20402 22318 4993 6318 7730 4 18475 18498 20402 22318 15704 7730 23172 20826 4 11139 7850 6608 19853 7509 22942 31 16580 7914 22318 910 5 4766 21793 31 20931 16829 4 31 20931 21412 9696 7730 15678 20463 20826 6760 4 15678 15190 20402 2725 20 22092 6103 20402 9808 5 28 28 4 7914 31 22915 6103 28 5 21 
21 20357 9620 7509 20463 21 21 4062 21 21 7850 28 5 
21 21 5 5 5 18476 15036 22463 1095 4 21371 15671 15036 22463 17556 4 20402 4796 20149 31 22942 15658 20402 13909 12526 5 21 21 28 28 19668 21 
21 21 21 22327 6507 6 31 947 9343 5 21 21 28 28 1596 28 6103 5 28 4 7914 21 21 12780 4229 31 17377 7730 16083 11454 6103 21601 7730 13576 21 21 
26 26 26 26 28 26 
26 26 26 11943 31 26 26 4 
26 26 11617 26 26 26 26 
26 26 26 26 4 26 11617 26 
26 26 26 26 31 26 31 11617 26 
21776 26 12863 26 11943 26 26 7 
26 26 26 26 4 31 26 31 26 4 
26 26 26 26 26 26 4 
26 12863 26 26 26 26 26 7 
26 31 20402 26 26 26 26 
26 26 26 26 26 26 26 4 
26 26 26 26 26 26 
11943 26 7850 26 26 26 26 5 
15833 4 11617 26 26 26 20402 26 26 20 
26 26 26 26 26 26 21776 26 4 
11617 26 11678 11617 26 26 4796 26 5 
11617 26 26 26 26 26 31 26 
26 636 26 636 26 6 
26 26 26 11943 31 26 4 26 11617 
11617 26 26 26 26 26 26 4 
26 26 26 26 26 26 26 5 21 
21 21 21 13909 7509 18498 15704 16066 13727 4 10959 6103 15658 16784 31 15941 6103 16765 9193 10765 4 21535 16468 17438 7847 1553 4 7409 5 4138 6103 3058 8155 20402 15678 18498 308 6103 22327 18533 9743 1276 6103 15036 5 21 21 21 
21 28 28 28 28 28 28 28 3996 28 28 6679 31 23135 4 6103 14881 21793 8810 4 28 6103 14426 15253 7509 15190 5 26 26 4 26 26 20 21 
21 14604 18533 1097 7730 1095 4 15708 16673 1103 7730 16673 3870 6103 23135 20 15678 14604 7127 20402 740 13909 8810 4766 21389 3058 13324 7509 14924 7914 18498 9051 13030 7730 18498 31 14469 4 1920 4796 15678 16620 7509 28 6103 28 4 21596 15678 17304 6103 9237 5 22463 134 10259 5 21 
13543 16404 15678 26 6 11560 6 28 5 22480 5 15983 26 29 29 29 5 28 5 
21 21 21 31 17840 7509 13576 3170 20402 31 20931 22668 7850 28 5 5 5 5 21 21 21 
21 17819 7127 7850 21432 4 18476 740 20402 15678 21 21 3031 21 21 7 17819 7127 7850 22544 4 18476 13055 20402 21 21 15138 28 21 21 5 21 
21 21 21 20402 21282 8100 31 7178 4 9594 20670 7847 4 155 8807 7730 3348 10211 6103 23104 2727 4766 31 20931 16610 18498 1389 7730 21793 1612 18498 20738 17438 871 9029 17304 11857 15678 20463 12939 4 21007 31 23081 7730 15678 17635 5 21 21 21 
21 15678 28 2727 18498 17658 22463 3228 7730 5474 6 21 21 12780 3224 4 15253 5 20402 15138 7451 3224 21 21 4 9193 10648 22463 5857 7509 20463 16292 5 
21 21 13909 22463 7509 28 4 16066 6 22134 9384 
28 30 20467 
7850 23575 7576 4 6103 21410 4 8995 9193 7730 15678 28 4 14604 9942 6103 7558 1249 7730 15840 15266 4 21282 7914 3962 1603 22463 7127 13909 16066 14466 4290 4 16721 6 12780 4736 7850 2530 7730 6277 13761 17438 4 22805 4 22463 22998 14764 5 4436 4646 4766 22463 3516 21282 6 29 7847 9901 8426 4766 871 6981 3228 6103 3109 18498 15658 9066 20149 14915 4 9743 4 17438 9365 4 13749 8406 15678 12094 26 7730 31 28 7509 28 7 29 2747 7509 22687 6103 22 702 18498 4 20149 7491 4 20402 3058 16404 31 3252 1871 2164 13055 11284 15266 4 9193 23202 19900 5 5 5 7 29 9193 3124 22463 3488 16404 16468 4 1414 15678 13591 18498 8995 13359 7730 22805 20149 5219 17501 15678 14154 6103 18352 22463 17556 13909 430 4 22463 4436 19435 10179 18498 20402 4 16066 1612 19635 5879 13311 9901 16404 6408 4 22463 6408 18498 15643 4289 4 16066 4 740 4 6075 22463 15855 7850 4757 7509 28 28 20402 17629 8637 4 22327 15658 6075 7 29 13480 15678 19870 16404 19900 4796 20402 15678 11118 7 29 7730 4 17438 23575 4 9193 15658 14466 11861 4 31 15253 6318 9901 19900 4 1393 4289 4 18498 15678 16169 560 15658 20402 22463 12764 22385 12810 4886 5 18498 21340 4 3894 13310 0 11300 0 22463 17226 18735 4 4766 3058 4245 6103 6075 4179 7850 22821 4 21793 7847 8429 15658 23504 6103 20207 4 4796 16169 7730 15253 18498 1267 17438 22463 21551 16404 20500 4 16673 1114 6103 28 4 1540 31 9743 5 20402 1612 4672 6 7558 1249 7730 15840 15266 6103 9422 20149 381 4 31 22702 7509 18498 17304 6075 8561 13909 16066 14466 5426 4 31 21981 19217 18498 12861 22126 4 7730 21340 7730 4672 5 6408 6103 7558 20209 6103 17705 4766 31 702 6928 7730 31 20127 7509 17230 4 4730 31 11644 7914 18103 5 
2727 4 7730 2371 9193 9743 22463 16566 7730 565 6 21793 16169 7102 5174 31 14825 7509 28 5 15658 4 15658 8317 5 20402 12861 14539 4 31 14825 7509 28 5 13761 4 1540 4766 28 4 11284 22463 21684 7509 21264 23274 4 22463 8905 6103 14990 17571 5174 4796 28 4 7914 18498 22463 20504 9928 12628 160 31 13311 7730 7286 9010 16192 1393 13310 16900 6 22318 8386 0 8386 0 16066 15658 0 5 17324 8443 6 5174 15671 31 14825 12847 4 21596 22463 20504 11081 9593 16867 31 9193 13325 18498 4 7850 13311 7509 21684 7509 15190 4 7914 14924 6103 3558 14480 7730 8871 4 18476 22318 288 18498 17304 10427 15678 13753 6103 2687 22463 3488 17790 1393 12899 4 5698 31 2601 7730 5187 20670 31 15390 6103 9743 16066 15658 31 2561 4 15678 163 15604 9439 4796 22463 19024 2836 26 31 22463 4154 7730 14336 6103 21680 7409 15336 5 
9991 31 16566 7730 7381 15678 7756 7509 9444 4 17304 7400 31 23180 7509 28 4 13909 11051 7509 18498 20420 6103 20149 8840 16404 31 11636 6318 4 2091 31 3258 7509 22687 6103 22 702 7509 2532 7730 31 10392 7509 17478 8409 4 8446 15678 20463 17819 4 17819 6 16292 4 15678 28 18533 9743 4641 5 5 5 5 22318 8386 0 8386 0 16066 15658 0 15678 28 8995 7850 9692 6103 51 15678 22564 16867 6103 10317 4 22318 8386 0 9692 6305 4 5834 4 7188 6103 21596 20931 11868 9303 5 16721 7914 28 4 7914 28 28 4 16721 7850 17807 7509 10317 18498 1190 16673 11518 7509 15041 5 16721 23135 4 17458 9193 4 15678 18498 9743 4 20402 5590 16404 15678 2532 16721 20539 4 20402 22463 6981 21061 18498 23104 4766 31 13950 6103 16721 15678 21551 12526 4672 12525 7174 5 155 15678 28 4 16647 15678 28 7730 15678 4730 20336 7850 22720 4 22327 15138 19871 5 7847 4 14915 7730 4344 4 31 1220 12454 4854 5522 8806 14480 7730 7992 4766 31 5216 6103 18498 866 12780 7730 7102 349 5 7730 9193 5 5 5 23 4 2727 4 9193 21371 5 7914 20463 15855 4 573 18328 4 22463 573 5879 13324 14335 6075 22463 9990 7850 16654 740 654 4 18476 8678 5 7847 18910 4 15855 16404 2442 4 16404 31 8933 4 16404 31 7277 5 2647 7850 21662 6 15678 22720 20402 11020 6329 5 20402 2136 15678 18487 6318 4 11909 6255 879 4 7730 1414 7914 4434 7509 19831 1612 22266 6103 5758 16753 18498 20149 8084 7850 22720 13905 5 7850 16468 4 16647 21371 22463 3460 6103 28 7730 20336 7914 10366 31 7847 4 6103 14881 31 20220 16673 3192 8933 7730 1130 31 5648 4 8519 5 
7730 20402 8443 18498 349 5 15658 4 15658 20402 15678 18498 23135 8995 16721 6 7847 15658 5219 9743 4641 7850 22720 4 15324 7127 5 1471 7509 13669 14764 18498 879 16866 4 5156 7850 17509 18498 11284 1959 1393 20338 4 20402 1453 22463 17819 4 17438 1920 7491 4 16468 7730 1067 19900 7384 5 15678 18498 349 20402 18498 15678 15860 7509 28 8147 15678 14604 4 21986 9193 14604 4 6564 9193 14604 5 6506 9193 14604 5 1393 17556 4 7847 13055 18494 20155 4 15678 15336 5590 4 4809 31 2462 15678 18376 5 3704 1612 15286 7509 28 7509 28 26 18498 7491 15658 4346 4 2689 2473 4 20931 15253 13055 12780 23151 20149 15678 11474 18498 19969 16404 31 16960 15658 5219 7850 16647 4 7730 18498 2126 20402 22463 7509 9726 6318 5 1276 6103 7847 16630 16404 23151 16404 15678 2530 4 9193 16721 7914 28 28 6103 15604 6 15658 8317 5 17304 21596 16721 25 20 5 5 5 4 9193 15658 16721 5 17304 21596 16721 7914 16083 14924 11690 21121 7509 11454 7509 11571 4 19900 13761 4 1612 7914 18498 28 18443 22463 17406 9975 7914 28 19169 4 7914 18498 28 5327 4 17989 4 31 17101 7509 21674 7509 3738 20637 4 16066 1612 7914 18498 28 5762 15678 13308 6103 20931 20595 15677 29 5 9193 15658 6 16721 7914 28 28 4 31 12974 6103 23394 11518 7730 8682 4 7730 7914 20463 4982 6103 22134 9152 5 18533 7491 4 1616 18498 15770 7850 14487 6103 873 7148 6103 22463 13591 16066 6103 22463 15704 6103 28 18475 4 7730 18498 9743 20931 3393 19748 4 20931 20322 6075 22463 17095 4 6255 9471 7730 21825 4 20402 6103 13727 5 18476 12861 15770 4 23135 21596 22463 22134 9152 4 20463 11522 14480 4 5897 4 20420 6838 16404 22463 16508 308 6103 15894 8995 2136 8443 5 17324 9193 21596 22463 22134 9384 5 21282 18498 15678 22134 9384 4 1393 5431 7509 9152 4 22318 18443 7850 13727 4 7914 22897 6103 22318 21752 6318 5 15678 19509 20402 11686 5 22318 8386 0 5 
4796 18476 7509 9422 4766 14604 9942 18498 19210 7850 5857 22463 7642 7509 28 26 4 28 28 4 18263 15459 14539 12971 7914 29 4 21596 22463 5216 704 4 7509 21743 22327 1393 14539 21551 654 4 6103 21793 15678 7863 11578 4 20550 7730 6103 20523 18443 879 4 15324 2532 5 31 3158 15826 7509 2354 4796 15678 9545 11020 11462 7914 7127 4 23135 15658 288 0 15166 17438 22463 14676 31 13759 7509 13772 4 31 6377 15385 7509 22687 6103 22 702 4 15678 3564 4987 4 15678 2609 7509 4381 18498 9193 11284 8918 6103 6830 4 31 13735 21236 7509 18444 31 15203 4 4796 22463 20504 18947 4 18498 11284 4 20539 4 22463 15970 15355 7509 4672 4 7730 4 7850 14336 9314 7384 22327 4 15678 5574 15626 7730 22463 17556 1792 4 1471 7509 2991 5527 4 7509 28 879 20336 5 19466 10484 5 22318 8386 0 16066 15658 0 5 7914 22463 17412 14767 6075 16083 17412 14767 18498 20402 31 21631 4 15459 16083 17412 14767 18498 20402 31 9193 10625 4 7558 11474 16169 7730 9942 1131 22463 1393 16083 4 22463 15855 7850 17737 7730 15678 16083 7850 22942 18498 23016 4 18498 21596 6103 23016 5 28 4 28 7730 28 4 31 18525 20402 6075 9414 15678 20962 4 1910 4766 31 3393 4 7308 5 20539 4 8386 5 21 21 
5857 18263 7850 12971 23180 19138 4 6103 28 4 7795 6103 29 31 29 29 29 5 21 
21 9801 20293 4 28 4 15894 18533 18498 8995 5 21 
21 15678 28 20402 22463 10673 17868 4 17324 21596 21371 22463 11020 16169 4 6072 18498 9193 15101 31 8678 17313 4 16404 9457 22463 1114 12277 5 
31 20202 8995 22463 21684 8678 16673 16292 28 7914 13014 6103 29 5 4796 7491 31 3718 4 12780 20149 19900 18470 20402 31 6086 7914 18498 20149 23029 16169 6103 22463 9942 0 7730 15678 9942 1393 9971 1535 15678 16169 7914 3450 12780 5 
21 21 22463 7642 7509 28 26 4 28 28 
28 30 20467 
22516 9774 7509 10421 21063 
7850 15533 7509 23575 20205 4 15658 19900 20149 23135 22805 4 8995 6075 22463 8429 4766 15678 28 28 19668 7850 17950 19745 23104 5 16721 6 18344 20 4 7839 1614 22463 2725 12939 6103 16468 22463 3058 11518 7730 14336 2050 7850 20743 4 14336 19224 1276 6103 7599 7730 14336 5070 1393 15190 7509 11644 3697 6329 16404 13359 4 3697 6103 14466 16404 16647 7850 20828 4 19900 4796 20402 5 5 5 5 3348 22463 7796 4 1400 31 13759 4 745 31 916 4 7730 15424 2727 8995 740 15678 22765 28 28 19474 1393 17819 16836 4 18476 16098 15678 2612 7509 28 740 11343 7509 28 4 14604 9942 6103 22463 1249 7730 4436 15266 2612 6103 16246 1756 7850 4387 4 31 3585 6103 17055 22463 17556 4924 6329 5 7914 18497 4 4436 20209 4 15678 28 4289 1393 19972 5 11710 16673 13759 9887 7509 21525 4 15678 28 4 4766 15678 2818 7509 22 31 20402 7509 10731 22 7850 15256 4 16367 17438 22463 12459 22 16404 22805 15678 18498 20402 18498 11284 22 4 4796 15678 16526 7509 3718 6103 28 4 262 7509 20743 7730 9743 1612 10826 3802 4 13398 15678 3192 4 6103 21793 5758 18498 18533 4687 16066 18498 18533 17438 871 18736 20402 22 20954 22 5 13402 8995 1453 18971 7730 15678 4730 20336 4 16836 4 11787 4 22 28 4 22318 15658 21596 18498 22 8995 7599 0 22 4 7730 13055 21535 16673 14604 17226 6103 1937 1393 17950 5 
18525 21596 9942 19900 6 1937 1393 21525 20402 22463 9370 19133 16673 22 17838 7509 12003 22 6103 28 28 5 21282 22463 14668 17304 10657 18498 22463 9956 4 22463 7536 4 22463 21511 4 22463 18370 7850 28 18498 20402 4 4289 1393 9971 7730 31 3058 21625 5 4796 7914 21793 31 22898 4 7850 8377 4 16393 18498 11462 12780 6075 5 15678 28 16866 10032 31 21525 17438 22463 12459 21037 13669 16404 9193 368 7914 14668 5 9193 15658 4 15658 20420 740 6990 22897 5 19969 7509 20743 7847 19900 6582 5 5 5 4 7288 3556 2136 15678 13727 7914 18498 8995 15678 7697 13761 6318 4 1414 15678 7509 2489 1612 14539 4 15678 4581 7509 28 6103 29 7730 23151 4 9016 31 3512 16404 9193 5 15855 16404 7847 4 15855 16404 15678 28 28 4 15855 16404 15678 21674 5 15658 4 28 22463 17556 16721 7730 22463 16083 21389 9594 6 20402 22463 18553 6103 17838 4 22318 13055 1937 1393 10620 17098 29 4 29 7730 29 22463 4 7558 4 22310 22898 7850 9971 7509 21409 5 13055 3224 21793 31 3222 4 8464 18494 21793 15678 3228 5 654 15678 16292 8995 1937 1393 8429 7509 28 28 19668 5 15678 16292 20402 17930 22519 5 22463 12530 4 7730 7509 21267 5 15678 16292 20402 2248 6103 13598 5 15678 16292 20402 21253 4 8386 0 15678 16292 19900 22327 5 1920 4796 15678 28 4 7509 22 26 2836 26 26 22 4 15678 16292 19900 22327 31 19456 7509 22520 7730 6103 22327 15678 18498 7847 5341 5 20402 8957 4 17477 4 18498 15678 16292 10380 9010 21743 6103 17950 4 20402 8957 18498 7847 19900 15678 18498 20149 16468 7850 15190 7509 13576 4 20402 8957 18498 7847 5174 31 5856 18498 22463 8682 7509 19235 6103 22463 28 28 9743 1393 10985 28 28 7730 13729 7730 9743 1393 10982 28 4 20402 8957 18498 7847 21596 22463 11644 6103 15678 18498 20402 31 19814 6103 22463 11783 7509 204 3170 6103 28 4 20402 8957 18498 7847 15658 9901 875 1393 15936 6103 28 28 20670 31 18481 1190 31 5896 3170 4 20670 4796 3610 31 11571 4 20670 15678 20853 6103 13140 7730 20670 20097 28 4 20670 6075 23104 1393 17563 3170 4 20402 8957 4 8957 4 8957 5 
20539 4 23135 439 6 159 22463 18078 2772 5 9193 4 7850 8377 4 21225 9193 17509 3179 17438 4 22805 5 5 5 22463 3058 18483 20209 5 560 4 20402 6103 17838 4 7730 15658 6103 2501 4 18498 20149 22092 879 5 7914 14336 1393 4346 4 15678 28 12861 9193 740 15658 15678 21596 22886 9743 288 7730 19943 7914 9193 7284 4 22463 7914 3450 15256 4 15678 5427 7509 21525 7730 7509 7696 5 21215 5 13398 5 7914 22463 14763 4 15894 8995 15678 3953 6103 2432 4316 7509 28 28 1421 1612 13669 17234 7914 18498 20402 1547 31 10091 7914 18498 15678 2489 18991 15344 7730 15678 1233 4766 18525 5484 1393 13669 6103 20931 2101 22941 5 31 9797 7509 28 20402 10994 20149 22020 5 20852 4766 15678 15860 18476 31 5631 2989 7730 18476 15678 18728 4 1393 352 4 13253 15678 19800 4766 31 10964 6103 16045 5 20402 2136 31 5695 7730 17714 22463 13991 4 7850 8838 6103 18498 15678 28 4 6246 7730 892 4 7599 15678 18498 349 4 9193 15658 22385 18691 18498 9193 17304 16673 14466 22805 15678 28 28 6075 21450 5 8957 5 
15678 9956 20402 20149 6721 5 15678 28 4 4986 4 20852 16066 19698 85 7850 16464 18498 13909 1532 5 9193 4 19434 4 22805 15678 2489 6075 20463 17819 28 4 3510 12763 22898 7730 13398 16083 21389 1961 7850 18470 15678 28 17520 7259 6103 18413 4 8047 4 11165 17438 20463 1095 21366 4 15678 4646 4 20931 17819 9442 7850 10091 4 1540 31 7491 20931 17819 16192 16472 20 5 5 5 4 5174 15678 1114 6103 20931 15253 4 31 1103 4 31 7594 6103 16784 20931 15253 15324 18498 5241 31 20396 13909 22223 7509 11454 7509 4443 4 5741 4 8080 4 8241 15678 11474 15678 16083 15540 7509 13923 4 7914 13914 4796 21048 23 28 7914 5348 7174 4 31 7018 7509 10091 7914 22463 12102 4 1005 4 21596 20463 18191 9943 4 21860 15678 4194 5 18476 6075 17438 9193 4 15678 28 4 13991 13202 6103 13131 4 11284 474 5 15678 9956 8995 21623 5 1393 16651 16404 13405 16404 15678 2774 4 22805 7914 22463 19208 31 4127 21793 17960 16673 22954 7509 12899 6 14406 7730 21389 4 31 19972 8713 4 15678 13591 18498 8995 13359 8918 19895 13761 15894 4 4672 16404 1820 16404 1022 4 31 13759 4751 20149 21017 7730 26 31 16395 4 15678 2812 2352 7850 4387 4 31 13991 4766 22463 19517 6103 13307 4 15678 20251 20412 7509 28 654 7914 20828 17942 5 5 5 22327 12861 15658 15678 28 4 18498 21282 19900 7491 22 30 20 5 5 5 22 4 1920 14539 4 4766 22 26 22 7914 22897 6103 22 13098 22 7730 17406 6103 9340 4 22327 12861 14335 16836 4 4796 20149 15678 8429 7509 15533 20402 9193 7730 15658 28 28 6 22 7730 8443 4 16169 4 15678 18498 20402 8957 4 14539 0 5 5 5 22 5 21 21 21 
21 1614 15005 22463 19169 1681 28 
21 21 1614 15005 22463 19169 18476 9193 14464 
22886 16067 7730 3986 7850 10835 4 
16633 7509 20855 20670 14604 6996 4 
18287 13026 1393 14604 4 20463 5528 5 
16404 9193 4 15678 20463 3702 20402 7464 4 
18476 1393 20799 7509 23001 7730 7509 3105 4 
3702 4766 23180 19826 4 15678 6538 4 
15678 20044 4 15678 19703 7730 31 15041 7509 20437 5 
9193 14265 14604 16169 5 6670 8956 7127 
9193 14335 22805 4 4796 4102 20244 14604 11165 
18498 20149 20402 16404 15678 20749 4 22012 5 
20931 7825 14335 18516 5 9193 20402 31 17729 5 
7847 4 31 3167 18498 11812 1393 10159 254 
8786 6103 16067 7914 16493 8353 5 21 21 
21 7850 26 26 4573 
23135 22 30 22507 26 26 4 13055 7491 15678 28 4 
9193 18533 1095 28 28 28 
21 13893 28 9743 
19900 4 13310 4 18498 8995 1067 7850 14539 18352 
7730 1575 15678 26 6103 21596 4289 654 
16404 22318 9431 4796 22805 15678 5741 7509 13893 5 
31 13893 5741 7850 21631 18498 17159 17304 16721 
18498 22318 7491 871 4672 15658 15392 4 9193 17304 21598 7491 4 368 4 
18498 31 13893 22318 5741 4796 22463 13591 8406 31 15256 5 16066 14425 4 
18498 31 13893 7730 8956 20402 31 22821 5741 20293 
1471 6103 15671 5 
9010 18657 16404 31 16192 18498 7847 13185 7850 17313 
17304 2727 20520 18498 7850 18670 18498 9901 6981 13131 
31 10083 18498 20149 155 20402 13055 22463 17556 6103 22318 5 
7730 31 10083 18498 22318 9016 4 14539 18498 31 18988 
15643 31 17304 5174 4 15424 12894 4 17438 15138 18498 31 1027 4 
31 4713 5 
31 13893 9016 5371 31 9193 8678 31 22318 20809 
7730 9193 21787 7850 20809 7509 13893 4796 20149 16647 7850 22318 15256 5 
28 9743 21 
21 18533 20539 1095 20539 4 15708 16673 3870 9457 7850 14604 1247 5 
21 21 22463 18376 6408 7509 16083 
20402 7509 21551 0 20402 7509 18606 0 15678 14604 20069 19687 4 15678 14604 20069 3702 6103 835 5 7730 9193 12780 1190 7730 703 5980 6103 4434 18498 15678 20463 15775 15081 4289 560 2136 14604 5528 5 
12899 6103 153 
22327 22385 15668 20 15678 6014 19300 1393 16633 5 17302 8474 2136 15678 15540 18498 1190 22129 31 3951 15324 15200 5 9193 4 14539 18498 15678 6014 19900 13359 4 12861 15658 21596 654 31 15270 11868 5 7730 20339 18498 15576 20304 4 7914 4790 6103 153 4 12475 11462 22664 18164 16404 15678 19703 13909 6957 4 16404 15678 20069 13909 19686 4 16404 31 16254 13909 951 20670 15678 15036 5 21 21 
28 28 4 7914 21 21 20064 1034 21 21 21 
21 16973 4 21596 8956 20352 6103 22463 15190 21471 6103 11723 4 9193 21596 1393 14539 21551 15678 20352 6103 18498 8956 11723 20402 31 9193 23577 18774 5 22087 6103 22463 16332 18498 20293 14335 21187 6 15678 6103 18498 22327 15678 18498 20402 15138 11861 16404 15671 4 15576 20739 4 15576 1115 4 15658 20402 18494 15299 4 9193 18498 8956 18494 15299 16404 15671 20402 22327 5 16721 1393 14539 21551 4 7730 5390 4 18498 8956 15190 14336 11736 4 14336 18772 20402 9193 23577 18774 6103 3884 4 6103 20044 4 6103 910 4 6103 1114 4 6103 22942 4 6103 16179 5 28 26 4 7914 14604 9970 5 21 
21 21 21 22 15643 8918 28 22 20402 22463 516 7509 10547 12991 5 31 28 7509 28 7509 1604 28 15658 20402 31 28 7509 12992 7730 20402 5 11284 22463 28 7850 4145 6103 21793 31 10547 4 22463 17406 7914 18498 31 5641 6103 3450 22463 21787 15678 4387 4 22463 26 7509 20931 11454 7730 22463 20061 7509 20463 14811 5 7730 20402 20293 22463 4417 4 19470 4796 22463 15144 12222 21 21 5 28 28 28 5 
21 26 26 4 10859 20 21 
21 21 21 5 5 5 20149 31 4509 7730 31 1826 21596 866 7914 4951 4 20402 13042 31 21583 6103 9016 9193 23067 6103 15190 4 6103 1133 31 10421 7509 5179 4 19604 1875 12695 7509 18772 5 22463 21591 7730 22463 17313 20402 19094 7509 17521 4 20402 15678 5024 16066 15678 15916 5 31 11733 13185 15256 6103 21793 15678 18987 1393 20931 7362 16404 6075 20357 1393 9388 5 21 21 28 28 21 
21 6361 31 8147 15678 13591 18498 8995 13359 4 21 21 18553 6103 13535 21 21 4 17324 15678 28 11284 15988 7847 15603 7850 8992 5 21 
21 21 21 13359 7730 19089 17458 21596 10183 7730 20402 6103 19900 5 31 22821 4 20207 15678 17318 28 26 28 4 15658 17304 20402 5174 4 9193 17304 20402 8107 5 18481 1393 19898 4 9193 565 15678 5431 6 15658 17304 8109 4 9193 17304 1540 31 5180 4 31 6918 6103 20402 16066 15658 11651 4766 31 22821 18498 21355 9193 13446 5 21 21 28 26 4 7914 21 21 15894 8147 31 19898 0 21 21 21 
21 1023 21371 20 
21 21 2154 
15576 17930 5 6103 13228 4 14550 28 4 20402 13900 7730 7509 28 5 9594 18498 8995 3697 6103 10756 4 6090 4 26 7730 6103 16083 6819 5 10959 654 6103 8678 22463 13591 5 22564 22463 11661 6103 13207 11995 5 23 20 15678 17930 5 9609 4398 22463 4697 5 11661 6103 13207 11995 20 14550 28 5360 6 18533 22463 13530 18498 15684 31 6904 7509 9605 5 5 5 12240 7509 18498 31 15970 11013 5 6760 15678 15558 11284 6103 20402 22463 15557 5 17324 9193 18533 14878 15576 11661 4766 31 9193 16433 5 9193 18533 21282 6592 7730 15658 6650 5 15678 11895 20402 13909 2081 7509 18498 15678 26 22886 5 15678 6739 20402 13909 2081 7509 18498 31 8838 5 23 20 15678 17930 5 6494 6103 15604 16083 4697 15576 6391 5 17458 15678 6739 20402 20293 15678 18498 15658 20149 8840 5 30 26 6 22463 22277 7850 16633 16066 22463 20612 12512 5 15678 18498 9193 15658 10959 20402 6103 22463 16192 6103 21386 5 17458 31 16192 7509 21386 20402 8981 4 8989 4 362 5 7730 17304 2136 16647 14889 5 18533 22463 11661 6103 13207 11995 5 16192 18498 20402 6103 10192 7730 15658 6103 21386 5 7730 22463 17556 9306 15678 15576 17930 5 7491 6 9605 6103 17316 4 14604 18533 970 20 9193 20402 22463 8471 20 23 20 5 5 5 15510 8406 15678 7280 7509 4761 18498 1937 1393 2154 6103 20402 5 9594 6 30 8471 8843 7850 14604 10577 5 15678 20304 8995 8361 2976 1393 15576 970 5 15678 15576 14550 20402 19969 7509 19972 4 14336 19698 31 4346 5 21 21 
28 6103 2606 4 7914 21 21 14453 12716 6 31 12319 6103 28 6103 2606 21 21 5 21 
21 21 21 22327 21596 15678 20463 21551 4 7730 11284 21551 16404 21793 15678 18020 20663 15678 6014 7 
11284 21551 6103 15344 4 7730 21551 6103 15036 7 21551 6103 17239 4 7730 21551 6103 1744 15678 18498 20149 17239 7 
21551 6103 14265 4 7730 21551 6103 5929 7 21551 6103 6448 4 7730 21551 6103 5284 7 
21551 6103 4346 4 7730 21551 6103 19698 7 21551 6103 22564 13749 4 7730 21551 6103 6070 7 
21551 6103 8789 16633 4 7730 21551 6103 13026 16633 7 21551 6103 134 4 7730 21551 6103 9233 15678 134 7 
21551 6103 3348 4 7730 21551 6103 16784 7 21551 6103 11139 4 7730 21551 6103 12960 20402 7 
21551 6103 18709 4 7730 21551 6103 5638 7 21551 6103 3532 4 7730 21551 6103 9594 7 
21551 6103 1027 4 7730 21551 6103 15790 7 21551 6103 11154 4 7730 21551 6103 16580 5 21 21 28 29 4 29 21 
21 21 21 23016 16367 7850 28 1393 17908 6103 15658 19900 15678 18606 5 5 5 15678 17877 20402 18498 9193 15658 21282 15658 288 15678 15658 19900 15678 18606 4796 21371 201 16784 15678 15658 19900 15678 18606 18498 9193 13055 21596 5 17324 20402 5 21050 0 21 21 
28 28 4 15678 28 7509 21371 8995 15458 3348 5 5 5 22463 11020 134 21 
21 17930 28 28 28 4 8956 10700 13512 5200 20402 31 28 4 18498 15658 16784 15643 31 15941 6103 10648 3870 5 7847 4 31 15553 7730 31 28 4886 15678 21726 9818 1614 6103 3962 5 26 4 13055 8995 18494 8918 7509 28 4 9193 7847 15658 10959 6103 10273 7730 4 17438 12861 4 15658 1421 5 21 
21 20402 22463 22897 5 5 5 
22310 9128 6103 28 
6408 5 5 5 
22310 3049 7509 17930 28 28 28 
1393 9975 7509 5942 5 5 5 
22310 16005 7509 17930 28 28 28 
8443 4 4766 31 3058 10220 4 18533 17931 28 28 28 4 28 11302 30 4 28 28 5 5 5 5 
22310 19633 7509 28 
6097 5 5 5 
11462 4 13055 15658 20402 13909 22310 4 9193 8956 20402 22463 16083 11454 5 5 5 27 21 

