21 8840 7850 20304 5 20402 10259 20 5521 20 8840 7850 20304 5 
19990 29 6 29 21 
21 26 26 6 
26 26 1983 26 8184 15803 26 26 26 5 21 
21 9956 18498 678 4 10795 19094 5 
20670 23135 4 20670 9193 4 20670 21793 15671 5 21 
21 2995 6103 16067 2336 
21 21 20149 21596 5216 7509 18481 9193 22942 20402 16463 4 21355 16721 7558 22898 1276 6103 12960 20402 31 15941 18498 21596 6103 20402 9808 7730 6103 9743 15678 16083 9808 21 21 5 21 
21 14149 
5221 
28 10259 
18165 7509 16580 
28 
6256 31 20931 10901 16404 8995 4815 
15036 15637 5846 16404 8995 4815 
22773 15678 7132 16404 8995 4815 
15678 23214 20149 18709 16404 8995 4815 21 
21 11561 6 23273 5 28 5 4766 26 0 22615 733 30 29 
20402 7589 7509 14604 28 
20293 4815 21793 21551 
20402 15678 4145 7509 9193 22942 
18498 20402 21680 15678 14604 16718 
20402 15678 7589 7509 14604 28 
20402 15678 7589 7509 14604 28 
7589 7509 14604 28 5 5 5 21 
5 5 5 26 11678 26 26 26 26 
21 21 21 5 5 5 15658 5219 12780 991 7509 21680 15855 
22327 15678 18498 9193 5219 20402 11731 
31 19695 18498 9387 6389 6103 23135 
15678 16067 9193 5219 21282 452 
9193 22318 15855 9193 17511 31 28 472 
20931 910 20402 22463 2727 18498 15643 8448 
15678 16605 15658 5219 8644 
31 14156 6103 28 18498 9387 7914 23135 
15678 18498 23135 9743 16066 6256 6103 9743 
15658 15128 15678 12760 4 28 8637 23135 
20931 18704 15658 8995 15325 18498 23135 17520 
16066 18498 19900 9743 
12861 20402 14811 6103 28 4766 23135 
23135 20402 22463 8832 18498 19089 31 11729 7509 20304 
15658 4346 20149 15678 15190 740 15658 15585 
13055 20402 15678 2625 28 18950 15678 20463 22665 
23135 20402 17623 4 13909 18705 18498 15678 16067 18328 6103 30 
20149 23135 6820 4 28 15658 12780 6820 
7847 8995 1614 17872 22318 13398 20149 15678 15190 22318 9743 3510 5 5 5 21 21 
15286 6 18704 28 10361 21 
21 5174 28 26 22 20539 0 
18525 21830 15678 19768 0 
21 31 12551 20402 21752 22463 10273 7509 2725 23501 5 20244 16765 4 21596 22463 3959 4897 15678 19508 7509 10273 5 
2717 9193 7055 5 10959 1920 6 21 
21 9743 16440 7509 21932 20 27 
26 28 21 
21 28 15658 8995 15036 5 
22821 17942 5 
20149 740 15658 22805 15678 9956 4 22657 31 18928 5 21 
5454 28 21726 21938 
15678 18498 20149 17304 9743 6103 14425 7914 20879 
21 6242 8956 17602 14335 9743 16721 6 
18525 22805 3790 4 15658 22805 5528 27 
23495 26 20 21 
9975 6103 20879 26 26 
21 21 21 5 5 5 9193 8995 7914 22318 
22318 8995 7914 9193 
4796 20402 7850 21680 12916 4 20304 
22318 20402 20060 5 5 5 21 21 21 
21 23135 21596 29 16404 23104 3450 7127 5 23135 17304 23104 23041 16066 17304 23104 31 22942 4 6103 22821 5 21 
21 1247 7509 12787 4 
26 26 21 
21 11561 6 23273 5 28 5 4766 26 0 22615 29 30 11634 29 
9193 15678 18498 21793 15190 18784 1027 20402 22463 11454 6103 1114 5 5 
12861 2371 28 20 21 
21 1393 1097 18266 
871 8057 17739 4766 10095 5 5 5 16083 4766 16680 7914 10211 6103 20866 6 
29 29 10907 28 26 
21 19898 
21 21 308 6103 22327 4 11139 15678 20463 5528 4 17324 6318 6400 21793 31 20931 22942 21 21 5 
18098 29 6 29 21 
21 21 21 31 7894 3170 20402 22463 11020 4526 23135 21 21 5 
15678 18498 21596 349 4766 15678 5298 6103 14856 14156 6103 13753 7850 28 5 21 
21 15697 7730 20558 4 4766 7445 1489 5 22657 31 7157 5 
21 15678 22665 6103 29 4 29 4136 21 
15678 18498 9743 23135 9808 0 
26 26 7509 26 13269 21776 26 26 
21 23135 21596 20402 15678 14425 18498 17304 20402 0 
21596 20293 873 4766 22463 16718 16066 2053 13952 21 21 10450 6103 21340 9594 16066 9743 1616 7850 13948 21 21 21282 16404 7850 2046 5 
21596 20293 873 15999 16066 7831 18498 17629 8995 4179 7914 21793 31 20644 4 14539 18498 19900 7914 20463 23551 18498 636 6103 10211 8561 7730 18498 17629 16630 16802 5 21596 20293 1612 873 18498 15658 5219 8474 15299 991 7509 20463 18191 22466 5 
20149 31 16971 21596 14466 13948 7914 20463 16719 4 7914 20463 5528 4 20149 31 12551 20402 13909 18328 7730 15678 20352 13909 22823 21 21 16971 20420 13909 11861 18498 4672 21 21 7730 16468 31 22092 15678 15576 18195 4766 1114 7730 18476 7491 16971 14335 12025 15458 14336 15754 5 
1027 20402 31 4672 13909 7188 18498 9387 4 17458 9380 28 4 18315 6103 12551 4 9380 16802 4 8414 7730 16912 5 
15658 5219 16721 7914 1114 20244 16721 7914 28 5 7730 9605 15678 18498 18533 18481 31 23560 31 19240 21355 7914 15138 17413 9193 5018 9193 15678 18498 13909 452 7914 28 20402 18498 7847 6355 7914 20931 2053 20539 4 8995 9594 6103 4901 13042 15678 18498 15671 4 20402 11578 4 20402 11991 6103 6355 7914 15576 7127 31 7127 5 
7847 15658 21596 13948 7914 20931 12551 4 15658 6075 12164 21582 15806 873 4 1393 5431 4 20293 18498 9594 19089 22821 4 1114 7730 5876 5 7847 20293 4730 20463 18191 12578 7914 20207 17226 26 4 9594 21267 4 18525 9743 12861 11462 7914 7127 20 0 15658 20402 7831 7730 15658 6256 4672 4796 2727 14273 4 7251 16066 18987 20402 13909 11861 7509 18498 15678 5876 16673 2727 8995 6103 22463 16971 7730 16721 18498 8956 16971 17304 20402 873 18195 31 23135 5 7847 20402 11581 7850 20357 6103 15643 20149 21 21 10571 21 21 31 19456 6103 20463 5179 16066 2136 14539 7509 18481 20402 18533 16673 20463 20199 5 
15678 18498 13909 14335 11888 7730 13909 14335 9743 452 28 20402 18498 18476 16971 11824 4289 2136 7847 4 16971 13952 4 16971 7831 4 16971 4796 9193 5 5 31 2053 6318 20402 4863 4766 21793 15678 4901 6103 20931 21961 7730 6103 20463 3952 6 7847 31 1027 7730 31 5147 16404 15678 14425 18498 17304 20402 5 
23135 21596 20402 15678 14425 18498 17304 20402 0 
18481 16971 11462 7914 7127 20202 15678 9365 7509 2053 6103 28 0 7847 21681 22463 3952 16816 7730 15658 20402 17438 228 4 9367 18498 9743 7178 9387 16404 20402 20202 4 15658 11680 5 21 
11462 20402 7127 6103 5 5 16967 6103 3629 12347 4426 6 
16440 7509 14196 12984 22575 
28 
26 
21 21 21 5 5 5 22327 15678 18498 20402 22823 4 22327 15678 18498 20402 15520 4 22327 15678 18498 20402 5595 4 22327 15678 18498 20402 18328 4 22327 15678 18498 20402 1149 4 22327 15678 18498 20402 6103 3058 9624 4 20149 11284 866 6103 9324 16066 7205 6103 13697 4 16721 15458 4672 21 21 5 
9952 29 6 29 21 
21 21 21 20149 22463 7127 5320 9193 11454 4 18498 7491 18498 1190 4766 10839 5 21 21 21 
1247 7509 12787 
21 21793 20402 23194 31 5896 6103 5298 5 5 5 15678 18498 7179 20402 15678 18481 3450 22463 12607 21810 4796 22821 16404 20500 15678 22666 6103 21 21 3058 22942 21 21 7730 21 21 5574 16816 21 21 2094 31 9801 16066 31 21021 5 5 5 
20402 4 21596 14307 1920 7850 5942 6103 14196 5 21 
21 15658 2631 20402 22463 3058 12959 4 20402 15392 21596 22463 21726 10259 20 20402 22463 28 20520 1276 6103 22327 8995 7360 31 8100 15678 6474 4680 16404 5288 6103 17890 9084 4 7845 20794 12534 4 12780 2116 6103 5179 9500 4766 17931 4 4099 21551 23044 17836 6731 18191 4 7509 14443 4 7509 8057 4 7509 4552 5 
662 31 15941 6103 17304 22240 5179 4766 3450 22463 6103 23135 4 20244 7728 8956 8017 5193 20402 18498 9193 17518 794 15138 7509 14577 7730 15699 915 7686 15678 1249 5 31 21793 15678 14443 7730 21371 1097 18498 16429 7509 23498 6103 17962 7730 21793 15678 12520 7509 14196 12984 18498 6103 871 10211 5421 5 15995 6103 20402 14196 28 22575 21 
21 13543 16404 18525 18533 16429 7509 30 6103 22463 10211 13909 21 21 280 21 21 7 
10767 10795 10767 6 
9193 15658 20402 16404 28 
22463 3058 15081 16404 20852 17812 5 
21 21 21 31 23167 6103 28 15643 12780 13420 1394 31 20931 11066 15658 12780 18047 5 21 21 21 
21 9743 1616 18498 15658 18533 4 
16404 794 1616 18498 18533 5 
21 21 21 15424 20293 15678 15677 12145 15678 6699 5 5 5 16721 22463 17556 
31 22942 14539 4 17438 20500 21282 4 20402 18474 21 21 21 
21 9193 21438 8840 22463 4277 5 5 5 27 472 28 20 
13324 7509 28 21 
21 9901 1614 16721 7850 18498 8678 5 7850 18498 6103 9707 20357 4 7850 18498 6103 9707 15678 18449 8840 5 31 22821 20402 18498 15424 20293 11284 5171 8406 8956 7558 7842 5 
20357 9620 7509 21551 7914 18498 8678 20520 866 20584 4 18328 6103 910 5 5 15658 20402 866 1729 4 17229 16468 31 16468 16404 2046 22463 5528 18498 1920 4796 15678 20463 21371 13055 8995 17950 5 
3697 4 3697 4 3697 5 5 5 6981 8889 10199 4 15894 31 2717 17908 9193 15658 8147 13909 5 14604 15860 21282 6679 14265 31 20126 6103 13359 22463 21684 6103 13756 20560 4 15894 15678 17556 7491 15138 4 7730 15678 20520 12780 991 7509 23556 4920 5 
20126 6103 8678 5 21 
21 21 21 7730 1612 18498 20402 22805 6070 20402 13010 12399 17438 1612 18498 15658 17304 8720 31 15286 21 21 
28 21 
21 21 21 26 11617 26 26 28 26 5 5 5 
12863 22 20539 26 26 26 26 1631 5 5 5 26 26 26 22 30 26 5 5 5 
12863 22 20539 26 26 26 26 26 5 5 5 26 26 26 14437 5 5 5 
12863 22 20539 26 26 26 26 5 5 5 26 28 26 5 5 5 
26 11617 26 26 20 5 5 5 
5 5 5 26 26 31 26 5 5 5 26 11617 26 26 26 21 21 
21 14196 7730 15678 16343 5662 6 
21 21 1027 4 6679 7730 452 20402 4982 7402 4 1920 4796 349 7850 9193 22942 4 4766 16971 5 15678 6679 17304 20402 16463 7730 17304 16066 15658 20402 22020 7914 1114 5 15678 10530 6990 19225 12780 6400 7509 2367 7509 14156 5 18481 1393 453 4 7847 15658 17763 31 9388 6103 1114 5 20402 17521 452 22463 14156 9193 15658 20402 18195 6281 5 31 14539 13793 9743 20357 21596 4796 10122 16971 5 21 21 5 
28 30 28 7509 5297 14875 5 21 
16404 5 7730 14196 12984 5 29 
21 17438 9721 4 5097 20463 7733 5579 5 21 
21 21 21 5 5 5 6592 18525 23135 20402 7730 20402 6103 18020 5 5 5 21 21 
26 26 21 
22463 15599 16404 827 31 20207 9789 
21 8632 6103 1826 4 4509 7730 11571 22575 21 
3960 7509 21739 4086 
27 5763 20 
21 18470 15678 20463 7171 0 21 21 9193 20402 14196 12984 21 21 
8057 6103 5294 7914 14196 7509 22516 6103 20402 28 
17889 20235 14196 12984 22575 29 155 4 12408 2136 29 29 20 21 
15678 22765 7730 3058 6 
21 17438 18498 21 21 16920 21 21 4229 21389 2031 0 22805 28 28 
18476 23135 21582 20402 15678 18498 15658 20402 4 15678 18498 15658 17304 20402 4 20463 20853 9901 13909 8644 4 20463 15855 9901 13909 18888 4 20931 17537 13909 6210 4 7730 2136 20931 16192 9901 13909 5856 4 560 4 20149 23135 21596 18498 20402 4796 15678 15190 9380 4 21793 7102 5 5 5 
20463 23104 20149 21858 13909 22463 12620 7509 18498 22463 6355 5 7730 1394 23135 12780 4 6981 12939 4 1920 22385 3532 4 3450 22897 13909 20149 538 6103 23135 14539 0 
7850 9971 7509 7127 15678 9660 16958 7850 5648 4 20931 2188 15678 5298 4 20463 12960 6103 15247 20402 18506 4 20931 10012 20149 9159 4 7730 6389 7509 16654 20463 9193 22823 4346 4 17729 4 1081 4 21956 4 15658 16673 19150 7509 15190 4 9193 20539 17438 23135 5 
15658 22657 31 16689 20402 15502 13909 4 991 6074 18498 23135 18784 10959 6103 20402 5 
17324 20149 23135 15658 20402 15678 17819 31 238 4796 23135 18784 20402 4 15658 20149 17304 8840 18498 15502 13909 15678 9743 5 
352 5 7065 31 11429 5 4809 31 23104 5 31 18784 23104 5 21 
28 
28 
28 
21 7730 11462 20149 4788 22463 1249 6103 22463 7509 14426 20319 18498 20149 17304 21596 6 6103 22805 20463 15540 7850 13566 6103 1570 7509 10535 4 15658 21596 17807 4 16323 2930 20 20 21 
21 18498 1249 20402 8956 20 0 29 28 7730 22463 11454 15128 4885 6103 19859 5 15678 12589 654 20402 4417 11020 4 15678 20825 20402 18774 7730 22463 16137 21 21 3373 21 21 6103 3058 4672 340 5 16971 14149 1421 7850 6172 7509 3610 7176 4 14155 4 4766 16920 4 11670 6621 22126 866 15604 18498 14878 14604 21960 5 4796 9193 19698 6103 4672 2977 7730 16971 2977 4 1005 4 1540 4766 16971 9330 7730 20402 2136 991 7509 9193 9408 5 9743 21389 4672 15604 4 4672 18498 12894 11731 18498 9743 5 5 5 16404 7730 19089 4 18070 21596 22463 11454 21904 4815 7730 4766 23135 27 5 9193 17836 4 8956 29 20402 7174 16673 16971 18498 5174 4 16971 8092 4 9652 4 19481 17438 23104 4815 15678 14426 7730 15658 22385 3058 14924 15459 1249 5 23135 753 31 5284 22463 1249 9808 4 4290 6103 15616 4 6592 4 15708 17438 13189 22463 15604 28 4 31 3450 22897 8840 14425 5 23135 20402 6329 7 6103 5 9808 29 20 28 28 28 28 28 28 28 28 28 28 21 
21 7730 1393 22898 8918 15678 18481 15678 1114 6103 28 12780 991 5 5 5 
14196 12984 22575 4790 29 1249 
18498 9692 20 20 15821 7855 7280 6103 17962 7509 11560 6 23273 5 28 5 4766 20 14196 12984 10828 29 
21 21 21 15658 9387 7850 15190 15299 13909 17307 18498 22463 11644 16404 31 18470 21596 4289 20931 11518 5 21 21 28 28 21 
21 29 4 2991 7914 9684 5 21 
21 10959 6103 9956 18498 9193 9743 16721 991 5 991 6103 15671 14539 4 991 6103 15576 19205 4 991 7509 14926 5 15678 9956 21 21 22463 1114 16404 18962 21 21 7102 8406 7850 13566 6103 9956 16404 31 22942 5 21 
21 12861 18498 20402 6717 20 21 21 16517 15678 9956 21 21 1549 7509 28 7850 8632 6 
28 
28 
29 1249 
21 21 21 15894 5849 20463 21346 7730 16179 4766 31 15390 7509 15190 4 13761 8995 15678 20463 13727 21 21 
28 21 
21 15102 185 
10547 18498 16721 4 18736 18498 5739 21 
21 11560 6 23273 5 28 5 4766 26 0 22615 30 30 22805 13800 
28 6103 19205 4 22463 7174 16925 5 21 
21 13480 31 21525 4 951 11518 4766 31 10606 13512 7509 22575 6 6103 21 
21 7730 18476 2647 20126 7509 6070 5 5 5 
11054 951 11518 
11054 951 11518 
21 11284 18525 368 7914 21 21 20855 21 21 5 9193 368 7850 5876 6103 28 5 21 
17716 9867 21189 7509 
23575 7127 6103 2154 5 5 5 7509 14336 7509 1249 14196 
21 21 21 15678 8957 20402 12745 1393 15860 21 21 28 6103 28 21 
12861 14335 13325 15678 3058 22765 21551 5 5 5 
26 12984 5 
26 12984 5 
21 21 21 5 5 5 5528 15658 20402 22385 20558 18481 16721 4 15423 3391 15678 18498 15658 3391 7850 7340 5 5 5 3391 15678 14604 1114 4 3391 22310 22942 12526 4 3391 22463 16732 4 3391 15671 7558 5 5 5 3391 2136 5 5 5 15678 14604 1114 8956 20402 31 23575 15965 17872 20007 20463 5528 5 5 5 21 21 
1570 
21 13194 4 7623 13194 21 
19972 13679 17872 16098 31 19456 7509 21592 5856 
21 22657 31 16689 22805 6103 15604 
12876 22 2371 28 6103 22 26 
21 20402 4 15678 21551 16468 5 5 19871 20 29 1249 3790 6103 26 21 
28 20780 
31 14792 6103 28 20149 19295 31 3450 12459 
16468 20 

