28 8 29 
26 21726 20 
21 15874 20 
873 19900 15894 17511 7512 13598 12240 7850 23423 6103 28 0 
15708 6 21 
28 26 26 28 
23 20 
30 28 21776 26 26 26 26 6 
26 17485 26 26 26 26 26 26 28 
26 21726 20 
20126 
21 17438 9721 4 19474 31 9010 18551 19217 1393 21652 6103 14548 6103 22463 1095 9193 5 21793 31 16439 20402 2740 20 15708 5 
16404 5 20539 5 6 21282 8995 1595 14464 6103 15292 17485 7730 16066 3170 4 4766 11636 8406 15678 29 7730 15678 29 1249 12027 5 
12787 8 29 
26 26 15803 28 1983 26 26 6 
28 26 20 
6 
6 
28 
28 20 
9808 7127 6103 28 20 8 29 
19969 11905 16404 14335 2254 31 21752 10279 7850 14313 28 22615 6 6103 
11087 6 16404 
23247 11943 3962 
2464 
28 28 
26 26 5 28 22 20539 26 
26 26 6 
26 26 6 
26 26 6 
26 26 29 
8 29 
21 31 13905 15989 12604 6103 9128 21596 31 15941 16673 18470 22318 21389 8840 20 
23156 12604 7730 9146 17934 12604 4 2092 6075 26 5219 234 31 12763 15941 5 
8637 8406 20402 22463 10883 26 16066 10883 26 4 18475 7728 4793 16066 14018 14469 17858 6 21 
26 
28 20 6 6103 
26 26 26 26 6 
26 6 
26 26 1983 26 7 
28 22383 6 

