21 15678 26 23247 18498 16429 7730 10648 20 7914 29 9193 26 20402 21 21 28 7850 22942 18772 21 21 5 17324 20402 4 12861 4 201 6103 20402 1380 6 21 
26 26 26 18772 20 
4289 15678 13598 7509 28 28 20 
23575 7127 6103 14494 7850 26 23247 26 28 
30 
30 
30 
26 16972 23029 31 15533 16404 5762 11258 1614 7850 28 7914 28 6 
21 15244 7171 4 7517 7509 28 28 4766 28 26 7850 20953 26 18307 20670 22463 28 947 4766 15678 2289 7509 15244 7171 7509 28 5 21 
21 5013 5 21 21 31 21480 15658 20402 12714 5 8956 20402 22463 14823 18498 13405 1393 16484 5 8956 14823 4 2625 7185 8406 15678 21931 4426 4 19363 22463 10211 6103 4275 22388 5 21 21 21 
7730 15855 18498 22805 22463 8503 7509 26 26 26 26 28 28 8147 7847 4491 15678 8725 7509 28 5 16673 14466 20444 16404 21596 31 23067 7509 1545 7509 18498 7847 5219 8386 20402 6103 15576 5348 5 
21 9193 21596 31 5472 6103 18498 7914 22463 6340 4 21793 17520 15678 7277 6103 14055 20931 15936 5 9901 19674 15678 16083 17438 12861 15061 1453 18498 15658 5219 23104 4766 31 17278 6103 16718 5 15678 9074 14539 20402 22805 12861 23016 6103 16971 18498 18910 6103 18475 14058 5371 31 18191 15936 4 13640 20149 20357 21 21 16909 21 21 5 
16083 4672 4 21582 6973 22463 7314 16066 1676 16673 16971 18498 15678 22564 20402 22463 9621 1677 5 909 4 31 13909 20558 7730 9158 7730 21355 17438 12861 14539 4 13909 22564 5 22385 22564 18498 21282 22805 7847 4 909 4 6103 21793 15678 13131 17596 7914 14604 28 11462 5 
1540 8956 6 22463 26 395 30 13228 4 1676 5371 31 16971 20402 22463 9621 11649 18476 873 17908 15398 22463 18014 4766 22463 5856 1393 20463 2248 7730 15658 1393 20463 5353 5 22463 26 395 30 20402 22463 10259 1694 19587 4 1471 6103 15658 17520 2614 13793 5 
31 9621 15770 17458 5013 20670 15678 22665 7509 18014 20244 9311 20463 5353 4 15678 18498 20402 184 5 
15678 1676 5371 31 16971 20402 22463 7509 9621 3798 16673 7863 7509 12809 4 17438 5013 20670 15678 22665 6103 22463 18014 2092 7509 12675 4 6389 7509 5348 7509 7318 4 6103 22463 7863 18498 15658 21596 19235 16404 12861 4 18498 15459 3962 20402 22463 13054 20670 15678 2248 7509 18014 5 
17304 20402 698 21371 8406 31 9621 18498 22564 15678 9079 7509 7043 6103 2031 4 1393 13405 15678 10122 7509 7318 16404 22463 7863 9489 31 7847 4 18498 20402 31 5243 16972 20670 15678 2248 7509 18014 5 
19525 6 1987 11644 4 15658 16971 5 6340 17278 4 16066 7102 20402 5 19456 20 21 
21 15604 13311 6 21592 7509 26 4 6103 28 4229 26 5 21 
9324 15339 20 703 15678 21613 13591 5 28 28 14018 15138 2727 6 
4289 15678 20207 13591 7509 22206 7509 4770 21063 20 7114 6 
21 16404 21 21 9743 21 21 29 14676 4 15678 28 16784 29 14676 5 20149 12861 20402 12380 4 8443 17304 5018 7914 18481 15576 10982 21371 20402 21 21 12378 21 21 5 
13055 23016 14335 21 21 13325 21 21 4 4796 20149 9193 15658 19900 4 18498 21 21 21793 8057 16784 7251 7850 4785 4 16404 6408 20402 13720 21 21 5 5482 13325 18498 31 6086 6103 10483 7509 8057 20402 17819 6103 14230 6103 29 11561 6 23273 5 26 5 4766 26 28 20402 20222 1249 4 8956 16780 20402 21282 7509 23575 16953 4 7730 8995 13398 2848 2116 6103 2848 4766 31 11723 6103 20402 15678 21 21 15422 7509 21264 21 21 5 15658 20402 5 21 
21 28 8995 20402 6897 20670 15678 23222 7914 20931 17248 4 20293 21596 4181 5 8956 1840 9441 15678 1961 5 21 
21 26 28 4 26 26 12739 29 14836 7914 22463 11644 18498 4796 20402 4 15658 20402 17521 6103 20402 18779 5 3028 0 21 
21 15678 8503 29 6103 26 5 26 7730 15678 29 6103 26 26 4020 26 6 12094 5 26 5 26 2046 16083 16508 5 16404 9193 4 9010 20402 15678 21 21 26 26 21 21 6075 1249 5 21 
21 26 26 6 8956 19522 6103 21662 9193 21596 18498 4854 7 
26 26 
29 15444 4 29 26 4 29 26 
20402 26 28 6 
31 15444 11617 26 26 11617 26 26 26 26 26 204 5 
31 26 11617 26 26 11617 26 26 21075 16432 26 26 26 4 26 26 26 26 26 26 5 
31 26 11617 26 26 26 26 26 26 20699 26 26 5 
26 26 26 26 26 11943 26 26 4 26 26 26 26 15803 6 26 26 5 
26 26 26 1631 26 26 21776 26 26 26 26 15803 26 4 26 26 26 7585 22 21298 26 20 26 1631 26 26 26 26 26 26 26 26 26 1631 26 26 11943 26 26 5 26 4 26 7512 26 26 26 4 26 26 26 4 26 12863 26 26 26 26 11678 12863 7512 26 26 26 15005 26 26 15803 26 26 26 11943 26 26 5 
26 26 26 26 26 26 4 26 21776 26 26 26 26 26 15558 26 26 26 26 20402 26 26 26 26 26 26 15803 26 26 26 4 26 26 26 26 26 26 26 21776 26 26 26 26 4 776 28 28 4 26 26 26 26 5 
21 16972 4 
18525 20402 6726 28 7730 8995 3348 22463 17960 12577 16404 21932 0 17438 9721 4 20149 5174 873 18498 17304 14335 12145 13055 8995 22657 5 
31 22640 20402 16404 20402 28 5 15678 10122 20402 8386 6103 6731 28 26 16404 1489 26 4 7055 9193 16468 1393 3665 5 
15708 15678 21 
21 12345 22463 15604 13591 4 15678 11341 6103 14667 9550 7509 28 28 5 21 
21 201 6103 22805 28 7730 10959 15138 20 
21793 22897 18498 8995 7914 22463 4443 7730 7850 9956 15678 12372 15658 8995 20402 15036 1393 14673 21 21 20402 7509 5995 21 21 7730 15424 349 9224 21 21 29 6103 20460 22898 29 21 21 9193 13640 16765 18498 15658 8995 22805 22463 9956 7509 7730 20402 22385 17556 21371 18498 20402 22463 4245 14336 18705 5 
7730 4796 20402 7509 26 17304 22805 9422 6103 16971 18772 13471 4766 20644 7914 18498 15138 8995 7914 12960 16404 7847 31 16971 18498 7847 13909 20149 11862 4 7730 18498 20149 11862 6103 22821 5 
22463 9956 7451 7730 18498 19900 7144 4766 15678 19508 7509 22520 26 5 28 26 7730 28 28 8406 4796 15678 15619 11341 6981 22520 4 3450 22897 13909 17277 7730 12577 5 21 
21 9193 17523 21 21 15678 18498 1540 1393 4595 22463 26 7509 22 7766 4681 22 7730 17438 18498 19969 6281 21 21 11561 6 26 5 4766 26 15678 18498 1540 1393 4591 10482 22463 26 7509 7766 4681 7730 17438 18498 19891 30 30 29 29 9901 8406 31 29 17523 13909 18927 7509 7127 6103 11462 4 31 23577 7914 28 7850 13566 6103 11462 5 
10959 6103 662 1393 21793 31 16971 18498 23016 14335 9457 31 13909 7445 10211 6103 1506 20402 22463 15677 2727 11020 20 20402 2727 22805 18498 15678 21743 6103 5353 18498 9193 16434 10959 6103 13359 7730 6103 17918 4 13909 13669 4 21681 21364 11792 5 10959 6103 662 1393 28 28 28 4 28 28 4 28 28 18498 13359 14604 21684 1276 6103 20402 18263 5 7730 1393 28 28 7730 28 28 17438 21596 14335 6075 21787 6103 8564 6103 7202 4796 6103 3031 18498 21596 1393 7201 15678 21684 4 6408 7509 17819 19633 7730 11284 13909 8564 4 14335 2322 20 31 17523 20402 134 16673 26 26 4 15678 18498 753 7730 15138 31 2046 22463 2149 18498 21282 9193 15658 794 5 
15708 31 21793 6 21 
21 26 5 26 4 22463 7509 14426 20420 2126 5 10959 15138 20 21 
30 26 6 14335 11649 5 
21 21 21 28 12787 21582 5426 31 7318 7730 4795 9193 26 7509 9956 21 21 9193 288 18498 7847 18784 8995 12780 2727 7850 15894 6103 11771 31 26 9193 7847 15658 5219 6256 6103 20402 4 5219 0 21 
21 15677 6 21900 7730 7847 7491 18475 4672 5 
12293 6 4730 15677 1393 13131 6103 11729 7730 1616 12780 20149 21858 18774 5 
4843 22383 4766 15678 21 21 28 21 21 2092 7509 16160 6103 11857 7509 23575 4766 31 12842 7509 17819 20402 9621 6103 4846 5 7850 28 15678 15092 20402 4 16404 21793 15678 7809 4 12125 4 13640 7847 16162 15678 11857 4796 18475 16083 16971 5 15658 20402 22463 4846 23204 17324 21 21 16162 11857 7850 22899 21 21 15658 20402 22463 3802 7509 28 7914 19225 1393 22383 4 15658 20402 866 15604 16066 13698 7509 14860 6318 5 1453 22383 10648 22463 12842 7509 10982 4 18498 8995 2371 16404 20402 6110 20149 20402 23204 16066 15658 4 9193 15299 31 23016 4766 8956 9608 4846 5 17304 4730 2371 18475 4672 7509 13131 7509 21442 18498 15658 18876 11857 5 
15424 288 18498 20402 14309 10547 7509 16971 4854 8956 9608 7161 9193 12293 7730 9008 17304 11843 7914 16775 9608 16066 4796 15458 3962 9743 22463 4846 1923 18498 13405 31 5015 8561 7730 2098 31 630 3802 18498 7847 15658 17520 7730 31 16971 21570 31 22805 4796 17504 5 21 
21 733 4 8956 4417 5611 20 21 
21 22463 14523 7509 14604 17406 6103 22886 4 7914 22463 26 7509 21 21 7766 4681 21 21 5 
6408 6103 22092 15678 28 7730 20463 8327 7850 21 21 7766 4681 21 21 14335 20357 4864 31 4854 740 13909 7509 5348 7914 18498 9193 9605 7509 21535 4 7914 18498 4 1603 21596 16429 6103 22463 26 6670 20931 10483 4 14335 6075 5320 6103 18498 15138 7509 26 1393 19030 6981 21743 6103 26 7730 6103 4 2136 14539 4 6103 26 7914 10793 8581 7914 871 18553 2727 4894 5 
20402 31 9193 23067 7509 11454 4 4796 21340 16379 4 9193 18498 14335 8361 15138 7730 14335 13405 9226 31 19969 7509 14539 5 21 
28 15678 5 28 28 28 28 28 11617 28 6103 28 26 5 
21 4796 31 26 13471 4766 15678 22728 6103 26 23274 4796 31 13471 4766 15678 22728 6103 26 5 
21752 20931 5015 5 21 
21 7850 7127 7509 19735 4 22463 7509 14426 15286 4 7850 9193 15936 4 7509 26 26 6 21 
21 18263 15678 1840 21 21 28 8995 16404 31 7766 4681 1920 4796 15992 8995 16404 31 23033 21 21 7850 23575 20472 1393 15533 5 13055 11284 12780 7599 4 9193 8329 16721 13325 6103 9193 26 4290 6103 4347 17438 18498 15678 28 8995 17958 15585 18498 21596 15138 5323 18498 19466 15678 1623 6103 26 5 15101 16673 20352 6103 21 21 18533 4 11284 873 8561 7850 28 20 21 21 4 16647 15678 4945 4 4766 31 2647 2442 7730 8678 4766 2614 7914 22463 17523 9193 7509 28 4 15658 19631 15299 7730 18263 5 15678 19522 20402 29 5 29 16971 4289 1393 1840 5 7730 288 18498 18784 753 4 22463 17556 4 31 7443 15678 7314 1393 14466 7850 16753 3028 7197 7914 18498 9193 23104 20 
288 18498 31 1835 4886 6103 9193 17509 7914 19225 1393 28 20402 6 7850 14425 7509 11444 4 20402 22385 19854 18481 31 21 21 947 21 21 18498 20149 18006 31 20988 5 7850 17106 7509 11444 4 18498 9193 4516 20402 13909 18002 31 20202 4 20402 22463 19277 15138 17106 18498 15678 13923 5 
15708 31 21793 18498 13359 20 15708 1393 18498 14335 11998 31 5360 17525 20 15708 1393 18498 14335 23316 11045 20 15708 1393 28 4 560 4 15678 18498 20420 6103 15671 5856 20244 8057 6103 28 6103 14512 4796 23135 16404 13749 5371 0 
13543 16404 15678 1840 6 21 
26 26 26 26 0 
21 18486 4 28 29 5 5 5 5 26 4 29 4 4676 7509 13076 5 31 1662 20402 15138 3086 7730 22805 15678 12960 13761 20402 15138 13909 7994 5 21 
21 8678 22463 1840 7850 26 18498 15458 9314 14924 17520 29 5 29 23065 6 11561 6 26 5 4766 28 28 8995 16404 31 7766 4681 1920 4796 15992 8995 16404 31 23033 29 29 29 7730 10795 22463 14984 6103 18824 2389 5 18548 4 15658 21282 7903 5 5219 15678 18498 18533 4 6075 22463 17556 13909 6103 7233 1393 4118 5 
349 18498 871 16971 20559 7269 21793 15678 23560 6103 20463 5528 16404 31 16971 18498 7847 7301 5 7730 23135 288 18498 7847 22564 1679 0 15424 20149 6075 1393 21932 4 4766 1679 7509 21743 21 21 9786 4 4273 7730 2977 21 21 4 22564 1679 14335 23316 4 20244 14335 5174 4 16066 20559 6157 31 12809 7509 21684 4 20293 20402 4524 4 20244 4491 15678 18498 5 15754 15502 31 15708 31 15299 5 15424 31 6075 18736 4 15424 14539 7914 20402 22463 16971 18735 5 4766 4181 15678 11816 28 22773 18476 22463 4794 6256 15678 23560 10100 6389 6389 6318 4 12780 16404 15678 13131 20812 7509 10268 7730 1987 22463 2248 16066 20244 1840 4766 15299 991 6103 23560 5 4796 17438 9365 9743 15678 16822 15818 7509 11111 6103 16967 7914 28 1063 16404 28 7730 22533 7509 22427 4 18498 20149 6075 1393 21932 6103 20559 6973 14604 21684 5 8840 22463 5856 22463 17556 13909 9474 7914 20149 22092 6103 22463 11111 6103 16967 5 
15658 6256 15678 13131 20812 10648 16972 20 9743 4795 5286 20 21 
21 14307 20670 31 26 26 4 22463 26 6103 7804 18498 17973 20 8525 20311 20 21 
21 20149 15678 2322 6103 18498 15678 13591 20402 7509 30 28 4 5754 4 19811 7730 17916 6103 26 26 15658 17304 20402 14465 14335 16836 17458 20149 6075 1393 21932 6103 9743 31 3733 5 27 20 12345 31 13311 16404 5097 15678 21932 13577 7509 30 20 13598 26 28 21 
4730 871 5243 16404 20149 21596 4766 31 17959 7509 28 7730 8386 14425 7509 18498 20149 9605 18476 20149 9605 7914 28 6 
21 9193 15936 6 
29 5 866 20402 21 21 12378 21 21 15658 20520 2233 18498 7847 20402 6688 16066 21 21 15658 17304 16448 21 21 5 15678 15540 7384 20402 7549 5 20402 18476 21793 18736 19303 6103 110 31 18774 6103 10211 5856 5 
29 5 15678 28 4 17438 9365 4 15658 20402 22463 21480 16759 20149 5 9193 22463 630 18498 20149 22602 6103 21480 7730 18498 15930 6103 14031 31 10211 22463 14964 4 17324 7102 1393 7809 6103 19415 6103 1488 4 21 21 26 26 26 21 21 5 
29 5 5241 18475 21480 4 740 13909 26 1089 4 20244 18475 23067 6103 20463 10472 7730 6329 7809 4 20402 7850 15270 4 5893 1393 3857 5 17908 7850 28 31 6223 5 
29 5 15678 28 15930 7850 21 21 7766 4681 21 21 8329 14096 22463 9122 15299 4681 5 31 9241 7509 28 20402 18498 20402 13909 899 4 12610 7730 9488 4766 31 2515 18498 7847 20149 1566 9488 6 22463 26 7914 18498 15678 15092 20402 15678 7589 7509 1488 5 
29 5 15678 13909 8302 20402 16971 6202 15678 28 7491 18498 8995 17958 17438 15083 21 21 7772 21 21 5 7730 15678 28 20402 22463 20446 18449 0 7847 9743 21179 26 5 16066 20402 4 20149 349 22463 12694 17438 1614 4 16404 18525 17629 7509 20446 15324 19143 4 20402 4623 13909 3894 5 20244 4346 4 1453 21 21 13793 6103 14506 21 21 5 15658 5150 21480 4766 15678 630 5 31 16971 8995 20149 11745 4766 8956 16718 20564 5 31 26 20402 31 8057 18498 12379 7914 4945 4 31 28 4766 22463 9845 6103 3348 4 31 28 4766 22463 19415 20699 5 31 28 12379 7914 20446 5 31 21480 6103 4962 7730 16160 17438 4122 15658 20402 11686 1393 28 7730 17304 7730 7102 20402 1566 17438 16083 630 5 
29 5 6103 15604 4 630 15658 20402 11686 21480 5 21 21 7766 4681 21 21 7509 17478 16404 31 20402 5 21 
21 21 21 26 26 21776 26 16105 11561 26 20907 26 26 26 31 28 5 28 28 11617 26 26 5 21 21 
15424 31 30 21154 15678 28 28 5 8956 20402 15678 15190 7914 18498 23104 5 21 
21 4809 22463 15604 13591 6 31 22942 6103 28 13059 5 26 4 6103 28 26 5 4913 21282 16404 13359 22463 2868 7509 14550 9193 16393 18498 15678 2248 368 18498 15678 30 18784 21596 871 17304 9512 5 15678 18498 20520 22463 13311 8829 9652 4796 9193 472 20 30 13598 21 
21 22223 6103 22821 20402 22805 15678 16972 18498 20149 288 22385 21 21 17872 10367 21 21 7730 18498 7491 18498 20402 31 9721 6103 22463 15190 13909 22507 7730 18498 19456 31 7178 4 23016 7850 14604 16822 20786 14469 16486 17438 18498 15658 18950 9193 7178 6103 15936 7205 18498 9193 31 21596 4 16066 31 9457 7914 14604 16822 16972 7055 4 15658 20402 7850 16822 6103 15502 7491 15299 5 7730 12861 17438 18498 5018 4766 21793 31 2515 21282 15658 5018 7914 417 31 2367 18498 16404 9193 20402 22730 21389 6103 20520 4796 6103 19522 9193 9010 20402 31 9193 17509 4 18498 15658 11857 31 15502 4 15658 5799 16066 16630 18498 873 9743 15299 7174 5 21 
21 7809 14009 4 6103 18475 21743 4 15658 14335 2082 5 21 
12345 15678 13591 7087 6103 7558 15190 6 15678 13591 7509 20537 6103 30 16811 5 21282 13359 7558 3784 7730 13055 14335 8041 2625 5 22463 17919 15291 2727 2389 7730 18498 13471 4766 14825 2727 13909 15291 5 
9324 15678 13591 28 26 5 20402 7174 7509 9956 16015 7914 21806 7730 5353 5 23570 9910 4426 7730 18498 9441 2727 15678 16296 7509 20402 11578 7850 6592 7730 7850 4509 5 
18525 5947 31 15041 7509 28 18610 5 18610 5 28 7102 22805 31 15041 7509 28 7850 13591 28 26 20 
21 26 4 28 5 654 20402 6329 20 21 
21 13311 7509 15533 20 28 26 4 15678 13591 18498 6075 16014 1393 9956 20 21 
9387 10546 7509 28 0 
21 21 21 26 30 26 26 30 26 5 30 26 5 30 26 26 26 26 26 5 26 26 26 11617 26 26 26 4 26 5 21 21 
18525 15658 19900 15299 4 15671 16066 28 26 0 21 
21 28 26 1765 6 21 21 12863 11617 26 26 26 11943 26 21776 26 26 31 26 26 26 26 26 23247 5 21 21 21 
7730 15678 21726 28 4346 20 
21 18525 14335 5174 6670 14465 19900 18498 9193 13055 20402 4229 6103 21 21 14464 7254 21 21 7730 17438 15138 7730 15138 1249 9193 20825 7914 20402 16197 5 7254 20402 9193 15733 12530 7730 15678 18498 9193 13909 10959 5 
21189 15425 4 22463 7509 11020 9956 16404 9193 20293 20402 28 26 5 
18498 11043 21189 1393 1937 11462 28 26 7730 22805 18498 8235 18876 31 5361 18498 14514 5 18498 9956 20 9193 9901 4766 22463 17556 6103 18873 7850 17819 21953 4 9193 31 2367 7730 15678 20357 6103 19618 16673 7254 5 5 5 15678 17819 9956 20402 22463 4581 5 11020 9605 4 15678 20357 6103 14144 5 
28 26 20402 22463 9956 16404 22463 5348 7174 7730 16404 9193 4 9324 5 7850 13907 7509 9956 23151 4766 31 20319 6103 18498 17304 21596 20402 14425 4 20402 22463 11043 21189 22805 4796 7847 9743 22463 3058 21932 20 7730 740 17438 4434 4766 28 17592 4 15678 3790 20402 10131 20 
7865 15138 3058 7730 23570 11454 5 15678 7254 8995 6103 23151 20 21 
21 28 23029 9365 12604 7914 22020 31 22942 6103 5758 4766 2060 16404 498 5 6731 7509 12186 349 7850 12319 4 18281 9169 15658 20402 866 31 20149 7901 4 16673 5431 20 21 
21 18195 13311 6 20909 26 6 11329 7509 11928 4 17438 26 28 7509 7792 28 5 21 
21 20149 9010 21592 8995 5595 4 8956 9975 12780 20402 12094 5 21 
21 30 
26 26 26 10907 20402 6 26 26 26 28 26 5 26 26 4 26 26 26 26 26 26 26 26 5 26 26 14763 26 26 26 7509 26 26 26 4 26 26 21776 20886 26 26 26 26 11943 26 26 5 26 26 26 26 31 26 31 26 26 26 21776 26 26 26 5 
26 26 26 10907 20402 6 26 26 26 26 26 26 26 26 26 26 26 26 5 26 26 26 28 26 26 26 4 26 26 20402 26 11678 26 28 26 21776 26 15005 26 15803 26 26 5 26 26 28 20497 26 26 18772 26 11617 26 26 26 31 26 4 26 12863 26 20916 26 26 5 21 
13359 1276 18498 19969 15678 9956 20 4913 31 3733 16015 5 7073 13598 4766 3733 7509 9956 5 5 5 16404 9193 20730 15138 1836 5 5241 15678 18481 20149 15128 6103 22463 14336 16404 15678 16083 5 
21 20293 20402 22463 11020 10546 21282 28 7509 10530 4 15678 28 26 7850 16015 5 9193 9901 2727 1233 18476 22805 18498 7847 12780 10648 22463 19635 14470 5 9193 5 5 5 20402 15678 28 26 18498 20402 8458 1393 10530 4 15678 26 1427 20402 22463 11608 19728 7730 31 3364 28 23029 22463 8905 6103 28 28 5 20149 31 6103 5 23135 5 14606 14466 7850 6001 9193 288 18498 5947 15138 13909 5 21 
21 9980 13359 15678 4084 3890 20 9193 12675 1393 28 1249 2116 20402 2092 7509 6070 6070 6070 4 18498 20402 22463 5361 1393 17819 5 13325 6103 28 20520 13325 6103 26 26 7730 7509 28 4 31 14425 16918 6103 21793 15678 21551 5 21 
21 1392 7850 28 8995 18281 15678 22320 16404 9193 5 
7073 15678 15604 10216 6103 1392 6103 26 19534 18498 15781 18494 31 23067 4886 7509 9193 21494 5 9193 15936 20402 18498 17371 6329 5 12791 9010 14049 21389 4099 4796 654 18476 23151 15678 1392 15658 8995 3913 4 4766 15678 2322 6103 26 26 18498 23016 7509 20441 5 16066 20402 4 16066 873 8995 16162 7730 6256 6103 9376 15678 1392 15678 18498 20402 2727 18097 4 16066 8995 16784 22463 11020 23498 4766 22463 1392 4766 871 8561 5 
20149 20402 1612 1392 4766 20189 2617 7850 9193 15375 21153 18498 31 22767 6318 1820 20402 2727 13347 5 12780 21596 18498 17819 6592 18498 17520 22463 8561 4 21355 6408 6103 21596 22463 16823 19676 7509 1392 13055 18498 15658 8995 9376 15299 4 23394 7730 6408 7138 15678 18498 11284 6103 8561 5 9010 20402 22463 6621 6621 6318 5 
26 6 12735 15678 26 6592 18498 20402 7509 10907 26 4 20446 18498 13055 20402 4552 4 9193 18498 23051 20244 8995 13634 9743 871 28 5 13909 22463 3962 4 20293 12832 4 7509 20189 4900 6103 21 21 21582 14335 22782 15678 18498 9193 13055 21596 21 21 5 
8235 4 22463 10216 18498 7073 7730 18498 8995 9743 873 15458 14924 31 16784 7251 6 1379 7730 22588 12402 5 21 
7127 6103 2530 
21 15678 17916 6103 11285 10628 15803 26 3148 1575 7730 23409 4766 31 3790 7509 26 18476 7850 9956 7847 1893 14673 6103 6621 5 
21 21 20149 22463 21085 6448 22463 7788 7850 18470 19900 18498 21596 29 14667 16971 7730 8956 16971 15036 12861 11862 17872 10765 0 15658 4 17458 15658 31 5174 5 9193 20149 22463 6006 18498 1421 7850 17950 20402 2112 20402 22463 7509 17107 4672 18498 22805 5 9193 4915 6103 15894 8956 18824 23045 23016 5 9193 21596 31 14539 18824 5 9193 21371 20402 866 19854 5 8443 7914 22897 6103 7491 22 4796 23135 17304 9743 12861 4766 873 4766 18525 23135 20149 11862 22 4 21355 7102 9193 17703 13909 18476 12861 349 4766 9077 21 21 5 21 
21 14924 6103 18623 13055 18498 22805 15138 4795 2371 5 15678 7491 21 21 15678 12726 8995 4289 21 21 20402 22463 7491 7509 26 31 19456 7509 4403 7509 9009 16609 6103 28 7914 18498 15678 12726 7687 1249 4 7730 7509 23575 22897 13909 6103 22463 7707 7730 368 18498 9010 20402 13905 5 2136 13085 22 20539 26 9901 4766 15481 4 28 4 9170 5 7730 4796 23104 7850 19143 13055 10731 4 15678 26 19900 18498 20402 15392 21596 15678 18987 16404 8241 15678 10405 4 6097 15678 7491 7509 3962 5 
15678 28 26 15658 1421 9743 29 14667 1249 16066 866 1920 21389 18498 15138 368 18498 20402 1453 13340 4 15081 16673 18470 15424 13909 753 31 16546 7509 15533 7730 15678 28 17629 5291 15678 13598 5 20149 13325 7509 17819 8503 7509 21266 4 28 6131 22463 11474 18498 10447 7509 15199 17438 4060 7509 8147 6318 4766 15678 28 26 7730 31 8956 19210 15678 28 15658 6075 15424 3031 5 8443 4 17438 9721 4 15658 12780 5150 15678 21 21 26 11617 26 21 21 4766 31 4289 7509 28 26 5 
9193 2136 14335 16836 20149 31 4289 6318 4 1603 21389 21551 4 15658 21596 31 22805 4766 31 23151 7509 7629 4 13055 18498 4 7850 13591 12861 20402 15138 110 7730 7850 21266 4 18494 15299 4 9193 31 13873 8995 23151 31 9387 7914 28 6670 15678 19553 7509 7629 5 9193 1614 20402 21282 22463 16718 817 5 
19525 4 21 21 26 11617 26 21 21 7730 15678 28 26 4 20402 4672 2727 7176 5 21 
21 14996 6103 11285 10628 15803 26 3148 7509 23575 21552 6 21596 8995 13150 4 16972 20 21 
21 28 28 20670 8678 15678 19813 7509 9956 7509 26 26 5 
15658 21596 20723 4 1393 16630 7509 28 28 5 
7730 15658 9743 16440 7509 21 21 9956 7509 21 21 4 17324 9743 16440 6103 22463 20227 6103 403 26 18498 740 20402 13185 5 21 
21596 9956 18498 15643 3697 5 9010 20247 19611 31 22206 6103 20909 26 7730 201 6103 19611 26 21726 5 
17831 28 21371 5174 4796 10943 5 
1247 7509 22223 15041 7509 28 28 5 
21 31 16431 7509 26 28 15338 15678 9975 7509 21552 6103 26 20402 20311 5 19525 15138 2727 21793 15678 20420 6408 6103 22463 11399 26 4796 7847 23016 9743 1393 9975 6103 3450 8503 5 
26 26 26 5 21075 26 26 5 26 26 26 4 26 4 26 26 26 26 26 4 
26 4 26 26 5 26 26 26 26 26 7850 
26 20402 26 26 26 5 
21075 26 26 4992 21776 26 26 5 21075 26 26 21776 26 26 4 26 21075 26 26 26 20916 30 22 21298 26 5 26 26 26 26 26 5 26 26 26 26 26 31 26 15735 26 26 26 26 
26 26 26 15803 26 26 26 5 
20497 26 26 26 26 26 21776 26 28 4 26 12863 26 16073 21596 15803 26 26 26 26 26 21726 4 26 26 26 5 
26 26 26 8184 26 26 10586 26 26 26 26 26 26 13677 26 26 26 26 5 
26 26 26 26 5 26 26 26 26 
26 26 11617 26 26 26 26 26 31 26 26 5 26 26 26 26 26 26 11680 26 26 26 4573 21776 15678 5 26 4573 21776 15678 26 26 26 26 5 26 26 26 26 
21776 26 11617 26 26 4 26 11617 26 26 26 15803 26 12863 5 
26 26 26 26 15803 31 26 22 20539 26 5 21 
21 6103 15894 23016 0 18525 20402 0 16404 15894 12780 0 
9010 20402 15678 22406 7509 15704 6103 28 28 18498 20444 6103 19094 16404 15678 9324 13591 21 21 31 5204 20699 7509 21631 21 21 6103 28 15678 5 28 26 5 20402 22463 9442 7509 16014 2872 7509 5055 11570 5 
22463 7509 14426 13598 18498 13359 9193 23575 1249 5 21267 4 22463 11020 19210 6103 4509 4 20670 22463 7509 21535 13909 3894 1393 9388 11570 5 
11020 13311 20 21 
21 20149 23135 8995 13359 12861 654 4 20149 7102 1393 3790 2371 7509 10273 4 28 28 5 
7730 7847 20402 11503 5 7730 20149 12861 22318 15081 31 6256 6103 22564 866 17438 8995 1943 1393 8956 16440 7509 22942 6318 4 3058 20855 23104 20244 1488 4 4122 4 4945 7730 22327 13909 5 13055 18498 20149 15658 20402 31 14487 10753 7509 28 4 15299 7384 21596 349 7730 20149 21596 4 21355 1249 6408 7730 6103 16083 10211 5 
7847 15036 7102 1393 22463 20709 18498 15658 16878 7847 20402 18525 7847 20402 5 7847 753 15678 881 31 22773 31 20207 11154 15187 4 5762 31 2614 14271 18498 20402 22564 16404 5766 7509 15244 7201 7730 17520 26 18498 740 11462 13185 13759 9193 17838 7509 15023 5 
8443 4 6256 6103 11429 20 31 18912 20402 9790 22602 8524 18498 20149 15658 20402 17438 22463 16971 4 18498 12027 15036 17438 20402 11503 4 12894 21596 5 
28 21371 20402 2038 8443 13909 22463 15081 16404 51 22327 15678 18498 20402 7197 5 21355 1920 31 28 23151 31 20402 22463 13727 13909 12577 5 
18197 6 7914 19456 4 17438 9721 4 15658 1943 31 5766 7509 26 26 1393 28 5 21 
21 26 26 20402 22463 21256 15138 3058 7730 17520 22463 21752 2727 4730 5 15458 4 28 19359 22463 6726 4316 4 7491 18498 879 20402 28 951 4 15894 31 19369 20402 11020 7730 20786 31 18379 6 21 
21 15678 28 13055 8995 16393 13909 22765 18498 15678 26 5 8956 13055 16784 15678 16296 4 4766 4181 20 21 
21 12408 6 2914 5 30 26 
12301 20670 618 4 14492 7730 16199 6 2914 5 30 30 21 
10628 15803 26 20909 26 
21 26 26 7509 26 31 26 31 26 26 5 26 26 26 26 26 1983 26 4 26 26 26 26 5 26 31 26 4 26 26 7512 26 26 4 26 12863 26 26 26 26 26 26 26 26 26 5 26 4 26 4 26 5 26 26 26 26 26 4 26 26 26 26 26 4 26 11617 26 31 26 15803 26 26 26 4 26 24 26 26 26 26 26 5 26 28 21 
21 19605 7509 7127 4 28 18610 5 18610 5 28 20402 26 7509 26 6 21 
29 31 23394 7850 21726 13909 7073 7509 28 5 
21 19969 31 17819 7795 7509 15604 21266 7509 28 28 20670 26 7730 22782 4796 21 21 26 21 21 7509 11529 5 23206 14498 4 1393 5320 26 26 4 15678 19169 1034 6103 26 9170 5 17973 20 21 
21 7850 26 26 29 4 15678 22988 20402 2727 7176 5 15678 11474 6103 9847 20402 17065 17438 22463 16971 4766 15317 5 7850 14539 11518 14335 6075 23167 6103 22805 15678 11474 6103 9847 7509 4443 12620 16673 28 28 6103 10628 15803 26 5 15678 18498 288 0 21 
21 8302 23151 31 13359 22463 13591 18498 13359 9743 22463 29 1249 5 16393 13359 866 18498 9193 14335 13325 22639 4 9193 16393 12758 15678 21036 16404 1532 31 12970 5 20402 5935 13359 871 10343 18498 4 15658 1453 20149 21858 1453 7953 16404 9193 4 7730 18498 14335 9743 1264 7914 14604 28 4 9193 23029 28 16404 9193 4 4796 31 10343 6103 26 26 6 21 21 31 23014 20402 15678 23575 19121 7509 12040 21 21 5 
15678 14425 20420 7509 2119 4 16404 9193 4 20402 26 15803 26 4 5762 7730 8678 16673 28 28 5 20931 18195 21266 20402 31 10483 5 288 18498 12861 12780 2082 13909 13310 16404 8956 23522 7509 28 28 4 18498 14514 22463 6987 4 7730 8840 5762 22463 21573 6103 13909 9910 4426 6 28 13059 5 26 4 28 28 4 28 23135 5 28 7730 15138 16083 20 
1575 31 9789 7509 13591 7730 4913 15678 28 7509 22206 7730 15678 28 4766 18497 13598 20670 6162 7730 28 7509 10483 7509 7792 28 4 18498 8995 9743 22463 9324 21932 7850 9193 15936 5 8995 4913 7730 19232 21793 15678 28 13059 5 26 6 22327 15678 18498 9193 21596 13471 20402 21945 7914 28 6103 28 18498 21596 7359 1614 7850 2807 7509 13142 2352 5 20402 3058 21551 16404 20149 13359 9910 4426 7850 28 20 21 
21 18686 26 11943 10628 15803 26 26 21525 21266 21776 6086 6 29 
18686 26 11943 10628 15803 26 21776 6086 6 29 
18686 26 11943 30 26 3091 21266 21776 6086 6 29 
18686 26 11943 30 21776 6086 6 29 
26 26 26 16105 29 21726 31 26 18686 31 26 20497 5 21 
19522 6103 22463 16753 23051 1393 9789 7509 13591 7850 22575 13359 5 
21 21 21 20402 22385 19854 18481 15678 26 26 21 21 26 26 5 21 
12577 15678 26 6103 26 28 7850 30 6 11560 6 23273 5 30 5 4766 26 30 29 0 26 30 20892 29 
8956 23501 7102 8995 20149 22886 6103 10211 15138 18088 20 
21 18498 1840 20125 480 6 11560 6 26 5 4766 26 26 26 28 26 11617 26 26 26 26 26 11617 29 
21 21 28 28 26 26 26 16105 26 26 5 21 21 21 
21 1393 1097 13909 26 4 15678 6103 6103 15658 20402 6103 26 26 9193 6103 28 28 7730 6103 5 2372 5 28 4 17916 7509 21266 4 19481 17438 9743 8956 4672 4766 15678 13598 5 21 
21 26 20 28 28 7509 26 28 8995 17918 22463 9956 7509 13480 7509 13048 7914 29 4766 19813 4 20455 7730 8351 7730 22327 13909 20 16393 18498 11284 15138 17877 4766 31 11454 4 9193 20730 2727 12577 6103 19900 4796 17304 21596 20402 20 21 
21 9244 26 6 18498 9956 9324 20 20402 10546 7509 5252 21932 7509 28 26 7730 7509 28 28 5 8956 7517 26 4 21787 7850 17406 6103 22463 12537 1836 20402 15138 15138 3058 5 15678 23570 26 23016 9594 7509 22374 7509 9975 7730 9193 4 16673 21953 4 13055 14335 17714 16404 20402 6137 5 9193 18498 11020 9956 20 21 
15855 21282 15678 18498 7847 8995 9594 6 
21 31 18784 8995 134 22463 13539 13909 21 21 26 21 21 7730 6035 7850 21525 4 1393 12755 6103 12780 21 21 26 26 21 21 4796 9193 9956 5 2136 1614 4 21596 10473 15138 2727 4766 26 10060 4 21282 9901 14336 9074 5241 18498 7847 20402 17812 7509 21083 11474 7730 7847 8995 15138 26 22444 5 12780 22805 4 15678 21953 8995 14336 19770 4766 4 20420 16155 6 11561 6 23273 5 28 5 4766 26 0 22615 29 26 21 
15678 10935 23409 4766 15678 9032 6103 26 28 7730 26 26 26 20402 11795 5 
21 16404 10648 15678 18498 31 28 17973 15459 4417 4 31 19403 6592 18498 1453 20420 15392 18498 7847 21932 29 11518 17438 7127 4 29 28 17438 1249 5 10544 10544 5 21 
21 28 8995 9769 15678 26 26 26 20 22463 7509 14426 20446 18449 7509 26 20 288 18498 31 28 19450 16367 6103 20402 31 21 21 15253 6103 21793 21 21 6 
21 8956 20402 31 28 18574 0 20539 4 8956 9956 15821 12780 20402 22463 3119 5 21 
21 14119 18498 15061 15678 15677 6103 15092 18498 22602 15678 28 21596 13909 6103 29 4 12861 14539 18497 4 5590 2092 7509 1488 7914 15612 6103 29 5 11729 7509 9130 6 11560 6 26 5 28 5 28 30 26 29 29 29 29 29 29 5 28 21 
21 11560 6 23273 5 28 5 4766 28 26 5 30 
15678 1840 20402 8678 31 16440 7509 9422 7509 2248 4766 15678 15106 7509 7277 7509 15144 4 9193 368 20444 16404 18475 21743 6103 11111 5 
21 21 26 26 26 26 26 26 11943 26 26 21776 26 26 26 26 7 26 30 22 21298 26 26 20402 26 26 26 5 12863 11617 26 26 26 26 15803 21 21 26 26 21 21 26 26 21776 7509 26 15005 26 26 26 26 4 26 26 26 26 26 15803 26 26 5 26 4 26 26 12294 26 15803 26 26 4667 26 26 26 26 26 26 26 26 26 11943 26 31 26 31 21776 26 26 26 26 26 26 26 21 21 26 5 21 21 26 11617 4 26 26 26 26 26 26 26 26 15803 26 26 26 20402 26 11943 31 16432 26 5 21 21 21 
15599 2727 11020 21389 16404 15678 28 26 18481 16404 15678 15527 5 26 6 
31 18774 15658 16793 14539 5 
13055 4809 3494 7850 5545 6 
21 21 21 26 11943 26 4 26 26 26 26 26 26 31 26 15803 28 26 12787 26 26 26 21776 26 26 26 26 26 26 26 4 26 26 26 26 26 26 11943 26 26 21776 26 26 7509 26 5 21 21 21 
21 201 6103 22805 26 6 636 15803 28 20 
31 11454 2288 7914 7445 7284 4 15061 15678 3610 16404 22463 4774 6033 5 9010 20402 15678 9956 13909 11570 7509 26 5 7730 1800 7491 4 15678 13909 11570 6103 21793 15678 4766 21088 5 7847 15658 8995 2635 16404 6446 15678 22979 7847 8995 2635 16404 6446 15678 22979 7730 20007 3450 22942 11570 4 7730 7360 31 19939 17438 12861 4 7730 15658 6256 6103 9743 22897 1603 16083 5 
21371 5174 13909 20670 15678 16918 7730 18525 7847 20402 17438 22305 7509 15247 5 17438 12861 14539 9010 15658 20402 22463 23522 26 16001 6103 9444 6033 4 7730 733 4 31 3213 7730 4774 20402 9324 4 9193 31 10268 7509 9956 8995 7850 11571 7509 16918 7730 7914 4796 7847 13471 4766 31 4672 349 4766 7847 5 
2136 28 4 7730 15510 8995 20931 28 4 20402 11570 4 909 7914 871 14924 4 6333 11570 17161 16404 28 20 5 20402 22463 9956 22463 17556 7174 7509 18498 9193 8840 4 9193 9901 7914 11043 7914 7491 18498 20402 22463 3058 21189 5 6728 21793 15678 16918 7730 9743 19089 15678 18498 20402 11341 7730 20463 16296 7850 11570 5 22463 11020 4369 16404 11341 18498 21282 20149 11862 7914 14265 5 
21681 22463 14924 15458 9956 18498 31 17254 2647 16219 5 7914 18498 20738 4766 15678 16918 5 909 4 9743 21551 18498 9193 20357 16689 6103 871 16918 5 5 5 8995 21582 6256 22327 20244 26 5 9010 9956 15061 18498 31 22823 11022 7509 11341 20402 7914 20402 11570 7730 17745 31 11571 4 5960 15678 18498 5960 5 21 
19525 15678 20352 6103 18525 13359 15678 13598 7730 8995 22805 31 21266 5 
22805 15678 18191 15540 7850 18352 6103 663 6103 22463 15704 7509 28 28 15658 21596 17807 6 
560 4796 20149 14370 31 5422 6103 22463 20402 11570 1393 11571 0 26 26 26 27 
21 11462 20402 1247 7509 28 18670 20 
11785 6103 10343 4796 21 21 15678 6348 20402 15678 16918 13909 7509 26 21 21 4 9193 21793 15671 8840 18498 12861 20149 19450 18476 7847 4289 1393 9692 498 5 
20402 22463 11020 11156 8956 3790 5 
18533 6679 9801 7730 22463 23570 23151 1393 19030 7509 20749 20 
9808 1247 20 
7847 13749 5371 31 18774 4 21793 15678 28 4 5371 15678 9707 7509 26 9 9 9 9 9 9 9 9 9 9 9 9 9 9 9 9 6100 5 21 
9193 18494 14335 14666 6103 8003 1614 6 
21 16323 28 28 4 28 28 28 7730 28 28 20 
9051 11462 7850 17682 7509 26 21776 26 7509 28 7914 18498 20402 21371 16404 22805 31 16200 7509 28 28 9594 20670 26 26 5 21793 15678 5021 21596 17962 2727 2389 4 9193 15678 16972 7509 28 4 4766 15678 20240 7509 4145 6103 8046 28 4 1276 6103 22805 18475 4672 13055 19900 18498 20420 22463 23570 1549 5 
18784 14514 20 15138 9808 17438 23135 6 
16323 20 21 
12333 10657 16404 31 18123 20 8443 20402 29 28 6 16404 
28 28 7850 14881 20906 26 26 20 
28 16878 10838 5 5 5 19226 26 26 20 
21662 20 

