21 10765 4 654 9193 21596 22463 28 4 17438 15083 6103 6 20402 6103 11066 7850 4524 5 
15658 4 9193 15658 21596 15425 10273 5 
15658 4 9193 15658 19900 4796 22564 5 
18525 14335 6075 22463 7157 10648 22463 2907 4766 7623 6103 13307 5 21 
21 21 21 16404 22327 
28 14335 7491 22463 4672 
4766 6075 0 
22385 21489 4815 1614 
20539 
4766 7509 
15708 
201 6103 8748 7850 3790 6281 
27 
30 
27 
22657 
12780 23151 1614 17872 11586 7847 
6408 9193 23151 21 21 
16753 8003 7509 9193 15533 21 
21 21 21 28 11462 4 15678 28 13055 20149 16393 15138 13909 4766 15678 9194 7509 18498 7850 16468 4 9193 288 7188 18498 15678 3172 482 22463 14860 2858 20552 1393 1089 5 
18476 19969 15678 4132 6103 29 4 15138 7491 18498 16673 17819 22897 15678 28 21596 22463 13907 15416 5 9193 20149 23135 1164 15678 6075 22805 18498 15678 3156 740 20402 15678 11111 13909 15641 4 1471 6103 21596 21596 22463 16753 19039 5 31 13907 7509 18498 20402 21707 17438 15416 20149 23016 4796 16387 5 
15678 28 21596 22463 13907 15658 3166 4 4178 5 9193 8956 13907 15658 3166 20402 13920 16386 5 288 18498 31 16971 8995 11680 12861 4 17458 18533 15128 16404 22463 14860 2858 15416 3166 5 9193 8956 15658 20402 31 18774 7509 3172 5 
21 21 21 
21 9193 15253 4913 22463 4701 4766 11178 17872 10696 6281 5 7847 9901 5242 13909 10138 4 17495 16784 21793 31 20931 10515 4 8957 7850 20931 22942 4796 15505 1893 4081 15596 5 
5842 16066 15658 0 21 
16393 22871 
21 13325 18498 11284 22463 1249 2116 31 16971 7491 1612 7426 21 21 22463 14487 19335 29 22898 20149 21858 22821 21 21 7730 9193 16721 18498 20402 9303 4 15658 9743 20357 17458 866 15754 8561 12780 20402 16765 5 9193 654 4 7914 21551 6103 28 18784 31 16971 5219 19335 18475 21743 6103 12301 9646 20244 5085 15425 4766 31 18774 7730 20149 1616 21596 4853 15678 21036 20402 22821 7730 17989 4 184 20402 18549 5 21 
17438 871 15081 9193 2501 8995 9808 5 
17438 9721 873 12780 4815 20 20 20 20 
21 27 4 17458 9193 740 15005 15458 16587 14539 0 21 
288 18498 9193 21776 15458 9692 
21 13949 11539 7509 14600 4 20293 264 20 21 
17872 18498 7645 20149 17304 9901 14336 11518 3235 4766 12861 0 
15658 9743 11644 
21 22463 3367 4730 22463 20799 6072 1341 7850 23575 23154 7850 14594 5 
31 16971 1393 19030 20149 14842 15678 5282 31 6830 5 
21355 31 11571 21596 20009 5 
654 21596 18498 9743 15678 14539 18476 873 19450 16098 10495 7850 4122 20244 10186 5 21 
21 21 21 15502 21596 15678 7277 6103 1900 7730 676 15144 16066 18525 18533 18498 20402 5 
21793 15678 1967 7102 20402 6391 7730 15678 683 18304 5 
1920 4796 21793 16971 18498 14487 20670 15678 3962 7730 6679 7017 19401 7730 16971 4766 9617 1679 7102 20402 16685 5 
31 9820 21267 7102 21596 22834 7509 14487 18498 8956 14464 5320 20670 15678 1967 7850 2547 5 1393 7017 31 19401 7509 2547 4766 22463 9608 389 4 15658 8995 13749 31 13043 2635 5371 15678 13819 7730 15678 16532 15950 5 8995 5421 4766 18498 16971 12372 21596 19401 14012 4 16404 18498 15678 2547 16784 4552 7730 9226 12780 31 9623 5 
7730 8956 11474 21596 8897 5 18498 20402 15708 31 21932 740 13909 16404 21166 31 19283 9626 4 17324 15678 14181 16784 8051 5 7730 7914 23523 6103 5782 4 490 21932 20402 13909 7188 5 11284 15144 18498 21932 7850 2547 5 18498 16784 8051 17438 4060 7509 21 21 13749 5371 15678 16530 21 21 7914 15540 7509 21 21 7277 7509 15144 21 21 5 7730 8956 11474 7730 15144 18498 21932 7850 2547 21596 9943 5 7730 9942 4 18498 21596 20463 16169 20244 8051 7914 15540 7509 13749 21 21 5371 15678 15950 7509 15144 4 18498 6670 31 12319 15952 31 14464 31 15708 31 3224 6103 3080 7730 22564 28 21 21 5 16404 31 13044 20699 18498 21752 31 19283 7509 16169 18498 21225 31 5758 14464 4 20670 16192 6103 7903 5 
7730 31 13669 17605 4 21340 14487 7730 389 9608 15658 5421 16404 31 13749 5371 15678 13819 5 20539 10252 15678 1676 7509 13820 6103 18498 31 21 21 15951 1393 15144 15658 9387 21 21 4 18498 15678 21 21 9819 7914 15299 5421 4766 31 15144 21 21 7730 18498 31 13749 7509 15144 17438 11688 20402 22463 2976 5 15425 6075 1679 20402 22823 5 31 15144 21596 15138 31 19196 7730 5204 5 17495 4 2053 4796 8956 1453 10252 15678 13819 5 20149 31 9820 15658 18533 20402 22886 4796 3861 7730 14489 16673 13907 4 18498 19393 8956 1995 7730 16468 31 21596 13909 5876 1276 6103 238 4796 22821 18475 389 26 17458 23016 6103 22463 15144 5371 22463 21 21 17143 21 21 5 
7730 1540 18498 15424 21793 15678 11474 20402 12353 7509 11688 8406 15144 7730 11474 5 15424 21793 20402 14814 5 
1920 4 31 22823 15951 17304 20402 4774 5 21 21 
22805 28 28 21 
21 9956 15138 3058 4 19698 15138 7850 19083 4 7730 4766 4181 31 26 12780 18876 17889 20539 27 
15585 28 4796 10326 7730 2637 7623 7850 20495 21 
873 1614 5174 10370 21549 3281 0 21596 23167 6103 5174 22463 
18498 12094 20 20 17438 12861 18476 9193 1937 26 26 9193 20357 18498 31 4127 20402 15138 9626 
6103 16393 22871 
21 4043 
12780 13761 10765 4 13055 20402 14336 6103 9883 4 13055 21596 18498 4809 15678 17819 13640 5 8406 7914 5322 5 21 
4809 15678 7127 2727 
21 10765 4 15678 23575 8503 20 20 20 654 20402 9901 7850 703 7509 21552 15604 21 
21 740 2727 18498 14604 16169 15658 20402 1920 5 
20402 14336 21 21 28 0 13278 4 13055 8840 12861 6103 23135 21 21 27 
28 28 4 14425 15253 8 29 21 
2464 26 
1612 22137 15604 7850 204 18498 23135 21623 4766 15678 5574 21793 14905 7730 16393 18498 22463 13405 3232 12780 22318 1781 7850 4387 5 5 5 23 
21 
873 14335 753 31 9743 9943 17872 9193 1937 12861 4766 7847 21 
26 26 
17106 18498 7850 22942 18772 31 16971 20402 1920 21371 27 
21 4796 1920 31 20835 26 12780 9743 31 28 26 7850 9956 15604 7509 28 6103 6 
20539 4 21282 6592 654 4766 15678 26 15604 21 
23222 12094 
12577 
19768 22166 
22463 11518 15678 19768 7914 28 201 5 
21 19768 11210 
15385 
26 28 
22163 22165 
15658 17304 18506 26 1614 
20365 12780 6075 19854 
17458 3439 21 
21 21 21 12861 8995 6075 8561 5 16066 4179 6103 22463 14031 18498 15658 7102 6075 5 21 21 
28 28 
9193 22942 20402 20293 1920 4 3790 5 21 
21 31 23180 6981 3790 
21 21 21 20402 3885 4 28 21 21 
28 
17438 9721 873 14335 14265 21 
28 28 6 22615 
21793 18498 14335 5174 14335 11731 15458 10837 5 
21 7850 1062 6103 21932 4 15678 11474 21596 15138 14466 15955 6103 19830 7730 5139 5 20463 22889 20402 21916 5426 16673 20709 5 7847 15658 21596 15678 7277 6103 21 21 20357 3564 21 21 5 15658 7693 18498 740 5219 18304 7847 17438 22564 19969 5 21 
23135 19900 18498 7850 28 7127 7509 1095 20402 29 29 15658 20402 0 
27 
16393 18498 7914 871 13727 7850 28 21596 10765 18498 19900 18498 20402 17958 41 6103 29 1249 7730 15658 29 5 
21 21 21 7730 9387 15138 10216 
18498 21282 21596 22848 7730 15658 21596 12723 
7730 22327 1616 22327 5371 15678 18498 20293 13749 
20402 9312 22327 1616 18498 7847 20402 21 21 
21 9193 13055 8995 19969 17872 4913 31 5531 7509 14604 23013 18476 12780 5097 7730 6592 18498 21596 8956 2717 7914 3962 5 
21438 7850 11518 14539 6103 22240 8956 5531 21793 5 21 
21 1937 2136 31 14561 21282 4 21596 18498 13325 6103 22805 22327 21 
1566 1393 14924 
9193 19474 22327 18498 14335 9605 11462 
21 18525 21830 8956 19768 0 18533 15138 5174 31 4417 5 
2510 6103 11443 6 
21 4854 12861 17458 20293 9193 12780 5459 4766 21 21 26 21 21 7730 20293 22805 18498 31 13907 740 368 7850 14823 18498 31 8057 8995 13923 4 8995 9605 4 9170 5 
28 13717 13909 4766 3080 7509 18498 31 28 4766 17257 26 5 21 
21 15678 19854 6103 20244 18533 21 21 14821 21 21 7914 22463 18352 17438 22463 4795 8302 18498 23135 9743 20402 9901 18876 15591 17438 28 6103 16971 5947 21 
21282 17872 8385 
4565 6103 28 22 22 
21 21 21 9193 15658 16630 17872 23135 9901 
16647 20931 4672 7730 14335 6256 7914 16580 
18498 20402 23135 18525 19450 15128 
15658 23151 15643 13909 
15658 23151 15643 13909 
22805 20149 14335 6256 7914 16580 21 21 
21 21 21 20149 18533 23151 5 5 5 23151 15658 21 21 
472 8956 14444 27 
21 31 16971 20293 8474 20463 6198 1453 9193 16083 4 15658 21596 2212 4 15678 13909 4951 7850 20709 20402 31 16971 20402 9312 1616 18498 13909 5799 5 21 
28 28 
21 10273 7509 19768 
26 
9579 22825 
16784 26 21 
6 
15557 8 29 
17458 15502 16721 15510 1276 0 
21 26 7850 17211 6 
15658 20402 8956 16971 21 
12780 23151 31 22564 15678 14604 6 
21 28 28 4 31 28 28 8995 21582 14335 9743 16098 26 14565 4 20725 5 21 
21 9193 4289 7914 3962 4 20336 7850 3590 4 22327 16393 15558 5 2136 9193 15585 866 9074 7850 14604 23013 5 5 5 
21282 17458 9193 21438 4766 15138 23167 6103 21787 8956 28 6 21 
21 1453 15678 26 4 11845 15425 5 16155 15425 5 21 
21 20149 23135 5947 8956 26 4 9193 12780 16721 951 14512 20670 23135 1255 4 9193 15658 12780 8678 17458 12780 6075 17667 5 21 
15138 9193 5 2136 31 18824 9303 27 
21 15658 2631 16721 7914 22463 22238 1920 4 20402 17629 5219 31 19830 4 4229 873 9415 4 7730 11051 5 21776 15999 21 
21 7850 3058 4 15658 6075 16323 17872 18525 15658 14514 4 17872 18525 21596 20149 15061 22463 21 21 16971 21 21 11532 6670 18498 31 5174 5 21776 288 14336 9611 12861 22327 5 
12780 14539 20402 15128 17872 14703 7730 3510 20402 6981 3720 5 21 
21 10794 15658 288 11066 6103 17022 7509 7491 5879 4 9193 8995 14335 18625 1614 4 8956 20402 15138 3058 27 21 
21 20149 21596 22463 4672 18498 9193 19089 20293 18498 8995 2442 8503 7509 10628 15803 26 20402 18498 15678 28 15658 20402 3058 22588 6103 26 6 
8956 20402 21282 17872 8385 21 
21 16162 4 13640 9387 21 
15678 21743 6103 20243 18498 11474 13055 20738 17872 659 15678 10959 1851 6103 15520 7730 19671 
21 288 22463 10273 1341 6103 22463 14464 18498 9193 15790 7850 29 21266 20402 15678 21743 6103 5758 21254 4 9743 26 4766 15678 16083 4 9170 7730 15678 14907 20402 11686 15678 28 26 22 22 21 
27 
21 19768 6103 15908 
9503 21500 3962 
4581 7509 4443 
9193 15658 19900 17458 21752 8956 10273 21 
6 22 
18525 5 18533 12780 4815 5 15458 26 9872 6103 16494 0 
27 15658 12780 22318 14156 17458 20402 14010 6 
21 9193 15658 10959 6103 3439 4 9193 17872 18525 10959 7847 2136 18498 20402 20566 12780 5 5 5 21 
21 27 4 20402 1920 14539 21 
21 10273 7509 19768 21021 5 
439 7914 18470 21596 21793 15190 201 6103 352 0 21 
19768 15444 7509 21021 
3805 20 20 31 13771 15734 14265 15678 4672 20 20 
21 6073 31 17556 12780 4809 22463 14142 7850 4842 7509 9193 12513 4 2136 21623 31 29 21552 5 
10765 4 17458 23135 15658 14335 2322 1276 18498 8956 21266 20402 22385 13278 0 21 
21 27 4 9193 9743 15138 12861 21 
21 21 21 28 21 21 
14425 4127 21 
21 18498 12838 20402 9128 6103 28 21371 5 
9193 7850 22942 
27 21 
21 21438 16468 15678 9956 7509 26 28 7850 21682 5 7730 9193 18533 753 17872 12620 15678 9975 4 18498 15658 9743 20357 5 7850 9975 16393 18498 15678 16169 8995 23104 4 9193 7847 20402 12620 16673 28 26 4 8443 12861 15658 7102 349 4 7102 20402 871 21743 6103 20547 16066 15190 8871 9170 5 21 
12780 16429 7509 9422 6 
27 
20670 9193 6103 14049 6 
21 10083 2352 13512 20 
14425 5518 21 
8443 23135 15658 10959 7509 18498 9193 17525 7730 288 18498 9193 15658 7102 17525 0 31 18912 20402 17438 1614 5 
13142 7509 28 
3399 21507 29 
19224 

21 16971 7509 14604 28 5 
21282 17872 2322 4766 1281 4 12780 22918 4 7730 17438 12861 20474 12780 6539 8956 16822 5 
8443 19224 4 9193 15658 15036 7730 9193 15658 2958 23135 5 
31 15658 20402 18498 23135 20402 6072 19535 18498 19969 23316 18525 21596 22463 15936 7174 7509 20931 4 2371 31 22898 9193 22318 2958 14539 5 
3058 21409 6 6103 21 
3439 9970 27 
26 26 
21 6408 6981 1249 6103 9527 18498 16468 4 23222 13909 7509 18498 15392 16404 4809 2727 22463 1249 6103 29 6 
21 18525 15658 10959 6103 22320 4 15658 26 5 21 
21 6408 6103 22463 1249 6103 21894 6103 4554 4 22463 17556 6103 7623 17872 827 15678 15604 1249 21 
21 9808 1249 15604 17872 16971 7509 14604 28 
9193 21282 17872 18525 15658 20402 4273 17872 3805 21267 4 8956 1249 23135 16468 7509 13494 21 
288 17256 5 
21 31 18498 17406 4289 5 5 5 
7957 23316 31 16971 4766 5997 7914 15540 7509 13048 20699 5 21 
21 4796 15678 17233 15658 6075 4179 4 15678 12939 20402 6 21 
8 29 
21 20402 22463 21894 4 16066 22463 19549 0 
16578 16404 4796 20402 21282 15678 4785 5 14335 703 5 21 
21 28 28 4 23135 18498 1937 15658 20402 0 27 21 
21 21596 22463 3663 7914 4434 7509 14534 5 
2371 9193 9901 4766 14378 7509 5570 15053 22564 7847 17872 14335 14265 7850 19972 6103 8995 5 21 
9193 18533 18498 8956 26 15658 20402 15392 5 5 5 
21 4672 18498 23135 15658 12780 22805 22463 3439 9743 
13055 9743 22463 21551 18498 14604 10702 6592 18498 17304 18281 31 12899 7509 19972 16404 10447 6103 3962 5 17438 5320 7509 3564 9901 15138 155 4 9193 21810 5876 6103 20293 9769 17872 7847 15658 19970 5 
17324 14604 10696 6592 21282 18498 18344 31 5588 31 12899 155 5 20149 8744 2136 18344 31 10765 288 18498 7847 21282 3224 4766 7847 4 155 31 12899 4 18344 7730 19969 5 
9193 8995 15999 7730 288 18498 7847 14514 31 13441 4 5204 21282 5 21 
21 18525 1614 12960 26 15803 26 26 0 18498 21340 14335 8361 31 12960 0 
9193 19900 12960 27 4 5739 18498 753 5 21 
17458 31 10765 15658 4796 8956 4672 687 15678 1249 21793 0 
6 22 
21 15658 10959 6981 21684 4 17458 1471 6103 31 7769 7017 21916 15678 1676 7509 21704 7847 21371 15678 21551 21793 15678 676 4 12500 4 20402 13923 7802 7730 13405 31 7318 16404 8956 3610 18498 15658 20402 20134 5 7847 17304 21596 9790 22463 21684 21916 7853 4 4766 15678 6075 7730 1679 18498 7847 4730 4 9193 12255 31 28 20149 21858 8956 3213 20244 9971 5 
31 16971 17629 1540 18498 20402 17521 7301 20244 20402 682 4 18498 20402 17521 21596 22463 7318 7914 18498 31 16971 8995 6103 13131 15939 9193 20149 19456 5 
8423 22463 16451 7509 21684 18498 9193 10959 15138 4 15894 7847 20149 7065 1393 6075 4 7730 201 21916 4766 31 23067 9646 18498 15138 740 21596 6103 18498 21 21 15658 9387 5782 21 21 5 4796 8956 26 4273 15658 16878 6075 26 23135 7850 21684 8443 9193 21752 26 5 
6 
27 27 
27 
23 27 
21 20149 20402 866 18498 21596 21 21 22729 21 21 1249 2116 4796 17960 4 12780 20402 26 20539 27 5 15658 6075 17872 368 5 21 
21 13055 1937 15678 9956 4 9193 9743 18553 6103 14539 1920 6292 10765 19535 18498 17525 26 5 
22463 2374 31 14466 7850 14604 28 5 15138 14425 20244 5 7730 31 16971 22385 3341 18498 740 4854 20888 9617 4 21282 4766 22463 11729 22823 5 21 
21 14604 23 
28 
14425 9956 
733 21 
21 9193 4 17438 9721 4 5762 22463 19415 20369 17872 15678 16976 7730 6256 31 10765 7914 16580 4 27 
17836 9193 12963 15906 21 
21389 17304 18498 20402 3735 2136 6103 5156 31 7766 27 5 
21 9193 4 17523 16816 17872 9193 5 21 
21 20670 1612 1676 18498 21596 18498 5041 15678 18201 17819 4 15678 17057 20402 17729 5 654 13055 17304 5041 22463 5775 7509 18250 15658 20402 0 6 21 
22564 17872 20988 15678 28 15604 5 20293 288 2727 14425 18498 15678 28 5 20402 22463 26 16393 5 21582 15458 29 28 6 
21 12787 4 12787 20 9193 12319 9743 20357 20 21 
20019 7850 3790 7509 12353 4766 14604 19914 6103 13759 7850 10273 5 
21 17689 31 9634 21793 7730 9605 1920 17872 7847 21 21 26 13909 21 21 21 
12780 20149 10131 1488 6103 14512 18498 15658 1421 17872 9193 5 
21 3805 
17458 1421 17872 21793 15190 31 15955 6103 4730 15678 19914 6103 13759 14466 17872 9193 0 
26 26 21 
21 13055 2322 1283 5 18525 5219 1937 1276 6103 9193 4 16066 14539 18525 4854 26 6103 18352 9193 12780 6292 20244 7722 5 
9193 6295 20539 18525 4854 26 7509 22988 29 4 7730 12780 6292 10765 6103 15604 5 21 
21 13010 31 16971 16673 5518 7509 19914 6103 13759 4 20539 20 20 21 
31 28 4346 27 
1612 14512 4229 28 28 
21 20402 5915 4 20402 28 7730 20402 21535 5 
15678 17563 21596 18498 16367 6103 3510 7914 1844 17380 6103 6202 5611 16404 4774 16083 5611 4 7730 20559 13501 15678 10982 5 21 
21 28 28 4 232 28 
21 17458 14539 18498 9193 15658 9743 12861 4766 15678 14604 4697 6103 21932 7850 23575 7127 0 
14425 9956 
19089 20670 31 22942 5 5 5 
12787 5 654 11731 31 17517 20 20 20 20 29 20 20 20 29 20 20 20 20 15912 20 20 20 
8956 11154 4502 12780 6075 22463 22157 5 5 5 
21 9083 15138 4951 4 5762 14378 16404 13045 9525 1393 4777 5 21 
27 
21 29 26 21752 31 15247 6103 2374 4 17458 7847 21596 23067 18652 23274 7730 8474 2092 6281 5 
29 7847 21596 21389 17304 18498 18344 31 15247 7730 19969 31 14125 7509 15855 13026 5 21 
9193 13033 18498 9193 21582 
21 16393 18498 15678 12960 23029 4 15658 20402 14539 0 21 
21 1453 15678 23556 5 20149 23135 15658 19900 3224 4766 3228 6103 498 4 23151 16404 15678 3228 6103 5758 5 21 
8 29 
2136 18476 31 16971 12780 288 12861 15558 0 18481 21634 13909 12780 18516 0 
27 

