21 3364 18525 23135 15658 5219 8918 7509 20931 22942 1293 20402 6 
16404 18525 8637 2372 6 15678 16169 18498 20293 1027 23135 
23135 18876 3870 4886 7509 20463 16169 7850 22942 1293 4 7847 22092 23135 4796 4766 22463 21655 23577 7730 6075 12276 1114 5 9193 20402 22463 16689 18498 23135 9901 17556 21551 4766 7847 7730 9901 4766 20126 5 8443 7850 22942 2118 23135 21596 22463 10259 6679 6103 340 20463 16169 7509 22942 1293 4 7847 17304 20402 20463 1097 4 12787 16066 9943 5 21 
21 3364 31 11891 18498 23135 6256 9193 16083 20402 31 20201 6 
23135 21596 2208 7730 15658 20402 14065 16673 16083 5 19900 22564 20931 18191 10268 16404 18779 20463 6684 4 6256 16404 15678 16083 22463 11891 6103 18498 23135 20402 6184 5 
23135 15658 9901 8344 4766 20463 1097 7730 31 20931 12128 4 31 16971 1393 20463 19030 288 18498 23135 20402 22463 16971 4766 871 20191 5 
8956 20191 1393 22898 20402 22463 4264 4 9193 16971 15658 5219 5459 19221 4766 23135 17438 4060 6981 18059 7730 2208 4 1393 22898 20149 538 4 21282 8406 7914 5322 20149 20402 15392 5 
20931 22823 16920 20402 15138 10766 4 15502 5174 20931 18471 9335 16971 23551 5 21 
21 3364 15678 19522 7509 1386 7509 20463 10530 16375 20402 15678 20201 6 
7957 15678 20463 10530 16375 20931 10530 16375 20402 22463 16971 22110 4 21371 20402 11509 5 16066 20402 4 16971 6103 23032 4 21922 4 8655 20402 412 16404 23135 5 21 
21 3364 15678 19522 7509 1386 20402 15678 20201 6 
23135 8840 18498 20402 2742 17438 21793 15190 7730 21596 22463 6679 6103 20149 15061 5 20402 18498 17438 4060 7384 4 23135 6075 11868 6329 1393 15936 7509 16083 0 
7957 22463 19205 12616 11262 20402 11861 7850 22942 4 15658 8918 6 31 2205 20402 31 2614 6103 20402 2742 7730 21596 22463 3058 6699 4 8443 4 6728 31 20931 2205 7730 11213 20 
14096 20463 18191 4264 7730 10122 7850 19225 4766 15678 16083 4 368 18498 23135 20402 13909 9808 5 21 
21 3364 15678 19522 7509 20931 1386 6103 16920 3538 20402 15678 20201 6 
23135 21596 21346 16404 20706 4 4843 4766 18525 8637 2372 4 23135 8386 15138 14425 31 14487 7509 16083 4 15502 17304 20149 4843 4766 23135 5 21 
21 21 21 22318 15658 20402 16404 9193 20365 22463 16971 12525 11686 31 4125 14667 16083 16971 5 7730 9193 15658 21596 15390 6103 22318 5 7730 22318 15658 21596 15390 6103 9193 5 9193 4 20149 22318 14335 4040 4 15671 21596 15390 22463 7509 16083 5 20402 17872 9193 15678 23577 7850 15190 5 7730 9193 20402 16404 22318 31 23577 7850 15190 5 5 21 21 8 29 21 
21 15253 4 9743 22463 13209 6103 2767 7509 7087 20 7730 654 21596 22463 14534 17872 4796 20 8 29 
13640 4289 15678 9847 7730 7914 3206 31 15244 6103 13253 20 30 8995 9901 22765 4 15253 5 1276 15658 10691 7251 7914 4672 16404 31 3962 6 27 21 
21 25 4 28 20 15533 6103 12963 7730 13690 5 5 5 16440 28 27 21 
21 23 4 29 15144 0 20 21 
26 26 28 5 4766 26 
26 26 
472 15790 15790 472 14604 4697 6 29 
21 21 21 11284 22463 21551 7914 18498 20402 17629 51 31 19830 22564 4 18498 13055 21596 31 10211 7509 15576 5574 4 7730 8918 15678 15576 3611 4 18498 9193 13405 20293 1393 14539 13727 5 20402 15678 21551 7509 22116 6 7730 4 20149 15658 16072 9748 4 21596 9901 4 16404 20293 4 1393 14173 6103 15671 14539 5 21 21 
28 28 6103 28 21 
15502 17304 23151 2116 7730 9743 22463 15604 4785 5 9193 18475 22463 17304 18931 7730 9743 22463 15604 9971 5 
21 2371 20463 1095 9605 22463 11665 7730 4785 31 19698 4 23135 15658 8386 9193 19698 7509 19699 6318 4 7847 19698 7509 20931 19699 4 23135 19698 13909 740 4 19703 9176 5 21 
29 1249 
18498 11474 20 
21 28 16027 
23135 21596 18498 9743 15138 6981 17872 9193 1276 6103 12780 17872 28 20 20 20 20 21 
18498 10138 
9193 3962 
28 16027 28 26 28 28 28 28 28 28 28 28 28 28 28 13359 28 28 
21 9808 7127 7509 15144 20 11462 11476 21371 11020 15144 8045 
21 740 2727 18498 21752 10273 7850 4785 4 21282 7491 12861 27 21 
16816 
21 21 21 8995 1614 7850 21631 17438 871 18736 4 3450 22463 21596 31 20931 14799 5 5 5 31 9193 8995 4524 4 9193 15658 20402 15258 4 15658 20402 15958 4 15658 20402 18616 4 15658 20402 12974 5 5 31 9193 14799 20402 21582 9743 15678 2727 5 5 5 31 9193 14799 1427 20402 21932 4 17918 7730 7512 5 21 21 
21 21 21 29 5 15678 14600 5257 9901 7850 2301 16559 
29 5 7730 15678 14600 16559 9901 7850 28 5257 15678 9743 20357 4 13055 18498 7850 2301 16559 21596 18497 9009 
5 5 5 
29 5 16647 14600 7850 9009 23135 20402 1393 29 7730 20357 23167 6103 15036 
16647 22144 7850 9009 28 4766 6996 31 28 28 1393 29 7730 20357 23167 6103 15036 
28 28 8 29 
21 21 21 26 26 26 21739 28 26 26 2384 0 
26 3590 16073 15803 26 26 21 21 27 
5758 20402 10138 27 21 
21 28 16404 15678 17118 20 15138 3058 22805 31 13048 20402 9790 7730 15678 14425 4 4766 753 7509 17563 5 16323 1393 8464 20 21 
21 21 21 14796 6853 21 21 4 28 4102 4 9193 18533 14753 7509 28 4 8637 31 6193 17438 9193 17753 4 17304 20402 4229 6103 7446 15540 21 
16559 4766 14604 13520 8 29 
23135 16765 18498 8995 9743 22327 4179 18476 20463 12787 4785 31 3702 26 26 7850 2530 8 29 
20537 7509 12372 8 29 
28 28 28 26 28 16027 
472 15678 28 16221 18498 22020 14604 4122 15658 16958 6103 16296 
7102 662 17438 20293 21596 20402 4163 6103 23570 17931 5 16323 1393 14550 16673 20463 7127 20 
27 4672 1920 
21 16404 18525 740 15658 19900 7914 18525 23174 7730 18533 22463 10192 6103 16967 
18679 7509 17382 
20420 16816 27 
6103 
21 9365 6103 5521 4 10747 7730 1114 1393 18195 21 
21 12780 15253 4 12780 9743 22463 20238 20 
9193 1920 9193 12780 18506 15678 16962 21 
18498 13512 6 22 
21 21 21 18525 15658 21154 22648 7102 9743 31 4672 7277 21 21 21 
28 28 8 29 
17324 20402 
21 10765 4 15855 18498 13278 8956 26 20 21 
472 27 
21 28 16027 28 28 26 17872 23135 20 
7447 2136 7914 7127 15628 
12440 
26 
21 28 26 4 14335 6472 654 20402 6472 5 
15658 20402 3058 7914 5284 4 9193 16404 6628 20402 16083 11454 5 21596 29 16404 6628 22463 17316 6008 4 3962 5431 14335 7102 22463 13591 5 
17316 16015 6 
20822 6103 9913 
28 6103 28 
6103 22327 1393 14604 1114 20402 2027 
1276 4 7730 4766 21340 23379 4 7730 20293 4 7730 21389 
18498 14539 7914 28 7509 13905 8095 
6318 20149 8095 13909 14604 16718 5 
18533 23109 7914 3450 12780 14924 
7730 7914 20463 13697 11284 6103 8789 14604 3702 
7730 19698 14604 19703 7730 6439 14604 17588 
1393 20463 16958 16066 20463 5334 
7730 1920 4 18476 13909 21409 14335 17908 
18525 19900 31 15041 4 1220 6103 18525 23104 
18525 19900 31 20781 4 9971 6103 18525 1027 
9193 17511 14335 7491 7509 1114 18498 21596 6 
18498 15658 20402 11783 4 17525 18498 20402 4229 
9193 18498 20402 12277 8329 7687 5 
16454 
20822 7509 11185 
31 21793 14604 4796 20402 2027 
1276 4 7730 4766 21340 23379 4 7730 20293 4 7730 21389 
18498 14539 7914 28 7509 14465 892 
6318 20149 8095 15658 21282 14604 16718 5 
18533 19909 31 3450 14924 
7730 7914 20463 13697 11284 6103 8789 14604 5334 
7730 4796 14604 2834 7730 7114 15678 17602 
14539 20149 16958 6408 16066 6103 11751 
7730 1920 4 18476 13909 21409 14335 17908 
18525 19900 22463 28 4 1220 6103 18525 23104 
18525 19900 22463 14334 28 4 9971 6103 18525 15658 18910 
9193 17511 7491 7509 918 18498 21596 6 
18498 15658 20402 12152 4 17525 18498 20402 18566 
9193 18498 20402 16226 8329 7687 5 
6472 6 28 26 4 28 28 4 28 16027 28 4 28 26 7730 28 28 5 8956 9193 18533 22805 20 
7467 21 
8443 15658 20402 5 5 5 
21623 15678 7127 4766 22463 2725 23067 1614 7914 3962 
21 21 21 7730 11139 31 4181 16673 18191 7181 13055 21095 18498 15658 11284 13923 18498 7687 16404 20293 5 21 21 28 28 21450 29 20 20402 21409 20 21 
21 31 10765 17304 15005 15637 3962 13909 16066 14466 4 
15637 28 13909 16066 14466 4 
15637 4417 13909 16066 14466 
7730 2136 21596 22463 10982 13909 16066 14466 5 
31 10765 17304 7599 15637 3590 13909 16066 14466 4 
4796 22463 9785 13909 16066 14466 4 
21596 22463 22065 13909 16066 14466 
7730 2136 20402 15708 31 368 13909 16066 14466 7850 10530 5 
31 10765 17304 15855 7914 23151 7730 20357 18498 22327 8995 13909 16066 14466 5 5 5 
22327 2727 20 
15678 18498 31 10765 15658 17304 14539 4 
15643 4 
6103 12939 15425 5 5 5 
20402 1027 13909 16066 14466 4 
20825 13909 16066 14466 4 
20402 1095 13909 16066 14466 4 
15311 13909 16066 14466 4 
21596 10547 13909 16066 14466 
7730 368 13909 16066 14466 5 
20365 31 10765 5590 15678 19701 6103 20149 21858 22463 16971 13909 16066 14466 5 21 21 
28 28 21 
21 30 4 13325 7509 20822 7509 11185 0 
6103 21793 31 9193 10183 20402 2027 5 5 5 21 
21 18069 5 5 5 18476 18533 18498 7847 20402 432 7847 15643 20402 4 9193 8840 20149 9130 11686 19535 21 
21 17908 21 21 9370 6103 15561 21 21 7850 28 7730 1421 21 21 14109 6103 19222 7730 7237 6103 20924 21 21 5 17438 18498 20402 0 27 30 9620 17556 20 21 
27 
21 20304 4 6047 10268 17872 9130 20 16066 2322 31 28 18498 20262 7687 21282 29 15266 21 
28 26 27 
16559 7730 20463 8097 
21 9808 1247 4 28 20 21 
21 7102 21596 23016 7509 28 
21 21 21 18498 15459 28 4 
9193 17511 13325 7509 18498 23104 7914 11154 4 
7730 9743 17438 7847 22463 17617 6103 16580 5 
18498 9193 17511 13325 7509 18498 15790 4 
7730 9743 17438 7847 22463 17617 6103 1114 5 
18498 9193 17511 16793 31 21793 18498 14335 13895 4 
7730 9743 17438 7847 22463 17617 6103 16802 5 
18498 9193 13325 7509 6739 4 
7730 9743 17438 7847 22463 17617 6103 8838 5 
18498 9193 8918 31 22225 7509 1249 18498 21623 4 
7730 9743 22463 17617 6103 835 5 
18498 9193 17511 368 18498 15678 15190 740 17304 20402 14425 4 
7730 9743 17438 7847 22463 17617 6103 10547 5 
15708 20304 
17438 21596 892 4 
18476 21389 16468 15678 1249 4766 10183 5 
17438 21596 20127 4 
18476 21389 20738 15459 14924 5 
17438 21596 22463 13194 4 
18476 21389 7599 7850 19856 5 
17438 20402 9808 4 
18476 21389 4346 7850 20781 5 
17438 21596 1114 4 
18481 21389 23104 7850 23560 5 
16673 9193 16580 4 
18476 21389 23104 15678 11529 7509 11154 5 21 21 
6621 21 
9808 28 7509 9634 26 20 20 20 6103 
17442 
7839 31 28 14149 
5 
21 31 5747 4 31 9620 6103 3952 4 15678 7830 5 5 5 21 
21 21 21 7730 1393 14370 18498 6256 9193 18191 13759 3219 4 12062 6075 1393 16083 16971 16872 16404 9743 15678 14539 21 21 5 21 
11020 23539 
27 3058 
21 472 
21 6472 7509 7127 6 
29 20244 18910 4 4809 654 21 
21 21793 7127 16721 7850 20931 8637 16404 18498 15658 20149 1788 
21 12861 13325 871 4672 0 27 28 28 28 
12861 14335 13325 866 28 28 28 20539 5 26 28 28 
21 17872 19698 2625 5 5 
11617 26 19735 26 26 26 26 26 26 26 
21 20149 14335 7491 11284 871 1249 18498 9193 16784 14604 17525 6103 9942 23577 4 9193 4 4766 21793 4181 4 12784 15790 7730 368 4 20402 15678 18498 349 5 16721 18498 20420 12149 31 23135 4 18498 15658 9743 15299 13909 7509 18498 15392 4 18498 20420 1453 22463 12787 6103 20044 7730 18498 15299 9743 991 6103 22318 8125 15678 19924 2894 6103 12787 4 19900 4796 20402 4 15658 20402 0 9193 18476 3124 15678 15860 7914 23135 7730 22318 20215 4 21793 15678 10731 6443 4796 15658 16468 6103 15242 5 
15324 14924 21596 31 15941 6103 20357 22463 7509 20352 13909 18328 7730 11025 4980 17438 28 6 15678 1114 5 20539 4 8956 20352 18498 20402 3735 6103 7883 15678 11474 1393 11048 15252 4 3735 6103 21095 21793 7730 18475 4672 4 3735 6103 14878 2136 31 17106 16971 4 23135 20402 15678 19483 17438 12861 7730 15128 21793 31 9193 9388 5 7730 15658 20402 31 23577 18498 20357 12861 4 23135 8789 1114 7730 9801 17438 15894 16468 4796 22463 18191 1248 6103 28 7730 20402 17438 12861 18498 20402 22385 28 5 
14604 1114 4 1276 9193 15658 11731 31 22942 4766 23135 4 11462 15658 11731 20244 5 17438 12861 4 15458 11020 6086 4 23016 22318 6679 21793 9801 7509 15190 7730 15138 1249 6103 22942 5 9901 20293 16936 6103 9193 4 11300 20 
9808 1247 4 14604 1248 4 14604 1114 4 14604 17080 6103 28 20 8 29 21 
21 12861 20402 15138 22223 
30 
21 14466 20480 654 4 10959 7509 9193 10854 21 
21 373 6 9130 21282 7850 7127 7509 18069 4 17324 15678 17930 17304 441 7730 23135 21596 4672 15138 13909 13278 17872 9743 21 
18498 4672 13909 13512 20 22 
21 13055 18498 20402 22463 10854 4 16673 14466 20402 22463 20480 27 21 
21 5108 20293 
15658 16784 31 22318 10547 8406 31 20809 7509 15190 5 740 18498 15678 21680 18376 8995 20041 4 20202 16404 31 10366 4 8545 17438 13759 4115 4 308 6103 22318 14539 5 5739 7730 21932 5 8743 7850 2727 7730 8840 4766 16135 5 22327 16468 7730 22327 20149 19295 7850 21631 4 9193 15678 18498 23016 7509 6014 16866 5 6103 21793 15678 12254 15678 13909 6673 20402 15678 18498 16784 31 5107 7914 28 7730 7914 20500 14539 4 17458 15678 13905 12306 20402 20738 31 17867 7509 10547 7730 18031 23104 5 7883 4 17324 4 15678 21680 15855 7730 3610 5 13749 7730 20444 5 1540 7730 427 5 3219 31 984 991 7509 15533 5 11462 4 20402 17521 18498 31 21546 22318 1038 15678 5528 7730 22318 2079 15678 11637 4 728 4766 31 573 16066 1076 4766 31 15041 5 15658 22318 8918 4 17495 4 6103 18498 1022 20402 16083 7127 5 
28 28 21 
18498 10131 20 9193 12780 30 
13055 14335 12406 16404 16429 6103 26 
2727 12861 4270 
16440 20247 7509 13923 
17211 22 20539 26 26 15253 
17872 18606 12353 18476 20149 21596 22463 9634 26 0 
21 20402 31 9910 23029 18774 0 
21 16323 4 28 28 20 20402 22463 15995 21596 15678 21 21 17930 7509 1249 21 21 7914 3962 5 
22821 7509 17939 6103 17930 
15502 15416 15678 22665 7509 7804 7730 18498 22463 3058 17930 20402 11885 5 9193 4 740 18498 6679 3058 17931 16404 20463 9943 4 17556 16169 6679 18498 20463 9943 20402 17931 5 12861 9193 15061 15678 18953 18498 15678 21932 6103 7802 20402 7687 4 7188 7730 15392 4 9193 18498 16878 18498 8956 17934 5360 20402 7032 5 1471 6103 13923 19275 4 4766 2442 17776 20699 7730 19479 16673 10297 7509 7804 4 11020 16440 19440 7730 5360 1409 16673 20463 21932 5 
11462 9743 22463 5483 16404 18498 21793 4 16169 4 970 4 20709 4 19323 15576 16296 7730 9193 2053 4 17324 4766 7847 6355 15678 4932 4766 31 7804 18498 18533 5 1393 17931 4 9901 15678 5483 16404 18498 15658 6662 6103 20931 14799 6103 7802 4 15424 6503 7148 7509 6474 4 15424 6256 6103 7802 31 16971 16404 20402 23488 7730 15658 1453 10620 5 17324 4 20149 31 7804 21282 15658 22020 31 20709 4 20244 7847 4 21376 4 31 20709 15128 5 
28 10361 
16323 4 28 28 4 16673 22406 20 7730 16323 1393 17931 18498 16916 4 4766 15138 1114 7730 6189 4 7914 14426 31 7804 7509 15576 16587 20 28 15678 78 6 6103 
5508 14307 352 20402 16404 15678 10300 5 
21 12780 13761 4 17125 20 21 
472 
472 2513 472 
21 31 16971 15658 16765 18498 15678 1789 15658 23016 1453 7509 4672 19854 18498 9743 4 9193 21371 7509 4672 4672 3058 18498 6256 6103 9743 5 16721 7914 18481 22898 23135 17304 21596 9790 866 3058 7730 15658 9743 4 17438 7830 4 15995 4 17667 16066 16673 14425 6663 6103 21793 4 9620 6103 21551 5 5 5 
19323 20463 21551 4 7847 20402 5947 7730 17623 5 15658 16878 18498 20931 9388 21596 20402 7914 12780 7730 753 20293 18498 17304 5 21 
6075 2136 23167 6103 9743 12571 5 654 21596 18498 9130 29 
21 15855 18498 10138 8956 11454 4 15253 20 28 28 21 
21 4796 15658 9594 16195 7850 21932 
27 
10753 
472 2513 472 472 20 
21 15963 23 4 20293 18533 19900 20670 31 19652 7509 15284 23351 21 
12523 20500 22575 12984 
21 12780 2136 4854 4 28 27 21 
27 
21 395 26 4 31 14425 9476 7509 26 6103 21793 15678 21551 21 
6739 1276 6103 18069 5 18525 15643 0 27 
20126 7509 20577 8 29 
21 17304 9570 16793 22463 5758 18498 21596 14378 7509 8713 7 31 18772 21951 7509 22942 20402 18476 15678 11474 21596 14378 7509 13759 5 
28 21 
1612 14924 7914 18498 23135 2032 15678 21500 7730 20402 22463 14464 4229 28 18533 9594 4766 20463 12787 6103 29 1249 5 4796 1920 0 0 0 0 0 0 0 27 
21 6103 15860 22843 4 6103 16668 3156 4 6103 19997 951 4 9193 20402 22463 17126 20 15678 27 21 
11438 7730 17126 
21 15658 430 4 10138 4 23135 12780 19969 
27 
12780 17125 20 20 20 6103 
21 18476 14606 7914 19046 31 4672 15128 6103 9927 4 15658 20402 28 7730 28 0 
21 6103 1792 
8840 18498 8406 7914 9496 15678 1162 17382 
13055 16468 7509 11518 7509 10982 12739 15894 7102 7730 16367 6103 8125 15678 3050 7509 17382 5611 
18476 23135 20149 7172 7509 16083 16971 16673 20931 642 17908 22295 8995 7850 11518 6103 16367 4766 15678 23221 5 27 
15138 3058 
12330 20 27 
472 
6592 18498 15678 11474 20402 17107 7509 18498 23135 11731 27 
27 
1264 
25 2454 
21 29 18352 6103 10559 17872 6168 5 5 5 20402 4 7102 21596 9790 11570 20 23274 21 
21 5521 7730 12780 13761 4 9008 20 21 
21 20402 4 18481 22898 9193 18443 7850 13727 7509 16083 16971 0 21 
5947 
31 22942 15658 20402 3058 4766 21793 5 9743 15678 18498 0 
16721 7914 15128 6103 8980 7509 449 16404 26 6103 28 27 
22463 3058 7127 31 21793 20 6103 
12780 13761 20 
28 26 27 
27 28 28 
21 15855 4 25 4 9193 8995 13761 20 21 
16647 17171 7558 22898 740 11462 5 30 16647 8956 28 28 20 27 
20500 20402 15138 13909 13278 8 29 
17438 18498 22327 18498 20402 3058 6329 15658 9387 0 
27 
21 21793 19225 21596 17605 6103 22660 4 31 22942 22507 31 16971 16404 18498 1540 22463 4766 31 16083 4 18476 15658 11284 13909 15299 4766 8956 9976 4 7847 5621 20 20 28 28 21 
15658 12653 4796 4672 6103 28 22463 23560 18498 20402 21282 20463 5 
21 22805 21282 0 20402 18328 1114 28 4 28 4 28 4 28 5 5 5 21 
20463 13520 20 
16169 28 8 29 
28 4273 18498 6361 29 15266 17872 16468 22463 10273 27 
24 5 
13501 31 3047 8147 22463 20825 6103 22673 8644 5 18525 20402 0 20402 23135 20463 28 28 0 
9193 13520 18498 14335 708 14539 6408 6103 9193 3213 4766 7847 17458 7847 6448 702 7850 9193 17022 13503 27 
21 21 21 20402 13690 15790 21793 31 19795 17458 22463 22318 8854 5 8414 21793 15678 21680 20826 17458 22463 6318 15658 20149 18779 4 16784 31 10547 7914 21793 31 15965 17458 7914 22463 15658 20402 2021 4 6820 6103 21793 15678 8747 17458 22463 6318 10297 5 20402 13690 5041 21793 31 1103 17458 22463 22318 21956 4 6649 6103 21793 1114 17458 22463 6318 20402 12268 5 20402 13690 12960 20402 21793 31 4245 6103 20402 9808 17458 22463 21583 15658 6075 4179 5 8840 18498 7850 22318 3610 15658 4807 8956 13690 5 13325 18498 20293 11284 22463 16083 4245 4 22463 16083 1103 4 22463 16083 1114 4 22463 15604 10268 5 16404 21793 9971 22463 18931 5 21 21 
15678 16753 18165 21 
28 28 27 
6075 2136 702 7850 2988 
9620 15678 17932 18498 15658 18533 21752 10273 30 
21 28 26 4 13325 6103 23135 27 21 
7957 17872 20023 0 
21 18379 7509 28 
28 4 7599 1614 4815 11462 5 23135 9901 1614 6246 4815 31 15533 12526 5 12780 0 
15658 17511 
17458 0 
17458 9193 15658 20402 3962 
27 21 
20312 7509 3807 
31 3450 7127 31 16971 20149 21095 27 
10753 

