7957 21932 
8720 5459 9894 21793 15678 28 5 7509 14539 16971 5 15502 14514 
14604 9942 21752 29 7850 12327 5 15658 21596 17807 20 20 20 
9867 14149 7509 28 28 
28 23135 20402 22463 1095 16404 21793 31 11518 20 20 18533 13405 23135 16404 9193 22942 12526 20 20 
15678 2066 13909 13512 7509 15190 
21 15855 18498 12577 5 
21596 13761 9193 7728 20149 9010 3848 9360 7850 17599 10473 5 21 
17819 28 7509 15253 20244 14604 2384 5 5 5 
21932 7509 9774 20126 6103 3962 344 6103 3962 15502 14514 
28 7509 15253 20244 15253 15502 14514 5 5 
9193 7730 14604 18165 20 20 20 20 
9387 10211 14425 6103 4809 15678 7127 0 20 20 20 20 20 20402 14694 16673 15311 5 9193 288 18498 15658 5 15708 1114 1027 5 5 5 
866 16404 19089 20 20 20 20 
9193 20767 6103 19404 20402 15398 5 9901 15138 4270 5 
8840 3697 9193 2717 20 20 20 20 
17812 12780 4815 21252 16475 7850 16421 20 20 
15681 21768 23016 1614 7914 3962 21252 20 20 20 20 
1022 15678 7127 17973 20 20 20 15127 6103 23063 14335 703 5 5 
22436 29 20 20 20 20 

