21 18328 22821 4 22823 8956 14464 9743 15678 3720 7850 9193 22942 5 5 5 9193 1027 31 7558 21 
28 28 28 28 22803 
16647 8956 1114 28 28 
17629 12960 22463 26 10628 20 20 20 
21 28 28 28 4 288 13043 1540 5 5 5 21 
21 20828 2647 11020 5 5 5 5 
28 28 7 28 28 7 28 28 21 
20402 15678 18498 21596 17872 11462 
873 9010 16429 7850 17983 7509 28 17629 7509 15677 29 2352 4524 28 26 
918 6103 7127 7509 15253 17029 7850 10240 20 20 20 20 
16816 20 20 20 
10747 15658 20402 6075 15678 18498 20670 7730 20539 15678 18498 9620 20 20 20 
28 22803 5 5 5 23151 18498 9010 22318 8840 5 6 
21 15908 16673 14049 13405 31 9193 2336 28 31 11312 8995 5459 20670 31 20931 12319 7730 13052 9193 1249 6103 29 7730 1492 871 20209 7847 9901 7914 20537 7730 7491 20149 19900 18498 15678 15190 9901 1920 4766 4181 15658 16878 21793 8956 9241 5 
7730 654 8386 16819 1492 13359 8956 12577 14307 5 21 
1103 12125 7509 7395 20 20 20 
21 15533 16816 4766 23135 28 28 4 28 22803 4 28 28 7730 9170 5 5 5 22657 7 21 
21 15678 15190 14335 6075 31 10433 13909 7623 31 10083 13909 13512 7730 31 28 13909 3216 18498 11212 5 5 5 17304 16393 14487 13909 22327 12861 20149 19525 7914 22463 16971 4 23135 14604 1114 28 28 21 
21 1631 29 7 17289 15604 7 15151 10507 16404 29 5 17807 29 5 29 4 29 5 14018 23243 5 29 5 21 
23104 20825 13494 30 1114 12051 
13606 7509 1095 28 6 1103 6103 15144 4766 15144 15658 20402 11686 1103 6103 11474 4766 11474 5 5 5 7847 15643 19900 15678 18498 20402 5590 13026 5 9707 
6103 15908 17051 16559 
155 15678 21935 17051 16559 10731 
21409 19224 16520 23151 31 3224 
9707 20 20 20 
15678 21551 16468 4766 23135 16066 20244 23135 13909 31 20126 26 2156 20 20 20 20 
30 10959 7730 20149 4730 18784 7850 18498 8995 23104 5 
18525 5284 3988 6103 3928 9010 21061 16784 22327 7850 17819 20844 20 20244 13909 5 
21 17658 20402 8956 14569 1068 
7509 18498 21596 1612 22765 15936 10211 20670 22327 5 5 5 21 
15678 14378 22318 9743 16784 31 14426 4245 20 20 20 
22753 1114 
6103 23151 16404 9193 21631 
20244 13909 5 5 5 28 28 
3962 6103 2336 10943 2904 18560 
21 21 21 15643 7102 7491 22327 4 17324 20420 21803 6 9193 20402 12173 18498 1616 18498 20149 7491 5592 1393 15576 16718 6 6103 5431 4 20402 13948 21 21 
28 6103 28 21 
21 15138 10765 11686 5 5 5 9743 1103 17438 18328 12578 4 18476 201 15678 12578 201 1103 5 5 5 13170 
20244 13909 5 21 
28 4524 9193 13512 5 5 5 
21358 30 4289 654 12780 16404 31 20207 16440 17289 5 5 5 
26 28 30 18984 29 
4189 1097 1114 20435 28 28 28 28 
20749 17583 26 4372 4189 1027 22327 12861 
20244 4795 20 20 20 10959 6103 20402 13909 22765 7730 21596 23104 9010 21551 20311 12862 18498 20402 15286 
15533 16816 30 20435 9786 13909 4766 7847 28 28 
21 8956 15286 4060 7809 4689 4796 6 17901 6103 20402 11578 
26 14335 26 26 26 26 21 
12901 9634 26 29 
15533 9728 15286 4372 4189 26 24 28 28 
21 1027 4796 1027 15678 1114 5 15658 5174 15425 16083 18736 16404 1027 20365 1027 5 18498 18533 18498 22318 7491 4 991 6103 18498 22318 1027 4 20149 15678 18498 18533 7496 20402 18498 22318 1027 0 24 28 28 21 
22318 9743 22463 3485 18476 22318 20402 7599 22318 6075 26 18476 20149 13398 20 20 20 20 20 
20813 15678 21551 7491 20149 9010 9833 20402 8918 16066 15658 5 5 5 
21050 16404 14535 7509 28 
15311 21397 1027 
21 20472 4 15299 14425 18498 22463 26 13176 16404 31 9193 19169 1114 10941 1027 28 28 21 
4913 11558 29 26 5 5 5 5 10514 31 9193 6 12578 31 22782 11980 5 5 5 5 
15855 15678 3467 7509 9574 7730 21596 22463 14810 6103 20352 2136 16393 18498 11462 20402 14604 17819 7127 5 5 5 15708 28 17438 14335 16878 19553 11462 
21 15678 17790 7730 15678 3166 4 4524 7730 15678 8713 4 8561 7730 15678 4179 4 3213 7730 9801 4 16816 7730 15678 11824 5 5 5 18525 20402 9193 16404 13010 4 5099 14604 15311 21596 22327 12861 7730 15658 8995 15424 2371 17324 12861 12894 12780 20402 13905 7509 18498 15678 1114 18498 20357 17438 23135 5 5 5 28 28 21 
8956 20402 31 7804 6103 1340 5 5 20497 
16421 28 19169 7509 19169 1114 12051 
15138 9193 29 
12780 7850 15678 13943 5 5 5 15138 3058 
7576 1114 20244 16192 19229 12319 20311 1027 21596 23135 28 28 
7576 7914 9634 7850 23426 5 5 5 5 9634 12787 15311 16753 
28 28 20497 6103 18486 12780 20402 1394 0 17629 11051 22463 30 26 5 5 5 6 
871 1249 2116 7850 11636 6103 29 31 29 15678 15422 20402 3224 7850 28 5 11462 7914 7127 15458 11636 15678 15422 20402 3224 7850 3590 5 5 5 19900 6103 15299 12372 5 5 5 
1540 20126 2154 6103 6070 20497 16375 15533 12351 22318 1027 
1540 20402 20558 5 5 5 15658 9010 19854 13909 21371 15658 9010 3058 
31 4920 7384 20402 17872 17556 5 5 5 
20134 20127 22942 13669 
21 16972 17438 10767 26 21582 17894 31 16192 7509 20304 20149 22805 13040 31 7847 4 20402 12861 23135 20402 22385 16603 18481 1612 18498 17629 16098 5 5 5 
11043 5 21 
20149 22327 15190 18498 7491 18498 9010 11116 18784 8995 5 5 5 15678 28 12780 21596 18498 5426 31 21440 6103 15348 17458 636 3047 9634 17872 22327 8956 17563 5 5 5 5 
23104 22918 7850 11644 6103 10447 4766 23135 23104 17714 22463 22915 17872 6507 23104 22918 7850 22915 20244 19969 7509 13727 1190 22918 7850 22915 6103 23104 17872 22318 1027 28 28 
23151 28 28 22803 
15658 10691 22760 3058 4766 6230 19854 5 5 5 9901 31 7157 6 
14604 23243 21596 12861 21793 15678 28 15658 20402 28 28 5 5 5 5 27 
3341 20402 15678 17668 18498 15658 17908 12301 26 6 28 28 
29 21097 16971 4273 15658 19900 4796 5219 22318 1027 30 28 28 
21 12760 6103 22463 13669 22942 1393 20463 13131 5 5 5 
2635 20456 16404 8933 19969 7509 9193 10366 8995 20244 10359 26 17461 7914 3348 7509 9801 
22318 1027 5 5 5 30 21 
4796 15576 16169 15678 3367 7730 31 8521 996 996 14164 21752 1393 28 26 20244 16192 5 5 5 
20293 28 12051 23135 26 10530 1393 20463 13131 5 5 5 30 28 28 
21 21355 22463 7127 5219 7491 15678 15995 18498 20357 7509 20463 16468 1393 14604 13131 4 17458 20149 13405 7914 4846 15678 17737 23135 15658 16468 6103 22463 4697 17458 9743 1249 18498 15658 7491 15678 14539 18498 7491 13909 288 18498 23135 15658 20149 6075 5320 6103 18498 20402 11686 9193 23016 6103 23135 20402 18525 20402 15658 17438 9193 7730 20539 17438 23135 5 5 5 23135 14335 9743 1920 7730 20402 9808 5 5 5 11462 22327 18498 9193 18533 7847 17304 22318 5320 9193 13984 13909 12255 15678 21551 20149 16468 7730 8956 11454 23135 15658 9743 13909 16440 5 5 5 12780 4346 18476 20149 20402 15658 12780 14487 13909 18481 13909 15678 21551 16468 4766 23135 15999 13909 13667 8995 9901 5 5 5 7730 31 4672 12255 11462 21596 21551 7730 23135 13055 19900 18470 5 5 5 20402 29 29 20402 15678 30 18498 21355 23135 16784 22463 9942 16404 20293 7730 6256 22318 21596 31 9634 18498 21793 21596 4796 9365 5 5 5 8443 20149 13480 20402 1095 6103 20463 9943 7730 6256 7847 22318 5320 31 13984 4766 12861 23135 13055 12780 23151 31 20402 15678 16169 18498 20402 7730 19310 15678 21551 16784 5 5 5 5 5 21 
28 13600 
4372 3425 
21409 15138 8810 4766 31 17831 7730 4766 14604 1114 5 5 24 
21 13501 4 14984 4 17599 18494 22463 1249 20244 14606 7850 18498 14335 22126 21389 835 5 5 5 5 21 
21 22327 18498 28 5762 20402 16721 7914 23135 
9743 31 22902 
9743 15678 7254 
20244 16721 7914 15299 
9743 31 9193 22942 
7730 22318 6075 5 5 5 30 28 28 21 
21 2322 4 2322 4 2322 4 2322 5 5 5 
20149 15678 20749 3219 6103 15604 7850 11522 
2322 
17304 21596 4181 18498 9193 21776 7850 17872 22805 
2322 
20149 31 13441 22318 21956 7730 17629 6103 873 
2322 
16066 20149 22327 5590 2727 7730 15658 17629 
2322 
16393 18498 2136 15678 22797 22126 15678 20352 
2322 
7847 15658 9743 18553 6103 9193 2322 
2322 
17872 22797 18498 22126 1114 
15658 22805 31 11518 6103 23135 4289 5 5 5 5 30 28 28 21 
21 21944 9312 31 15144 18498 21596 1393 14604 13131 5 5 5 5 28 28 
15658 11212 16633 7914 21680 3610 
15658 11212 15894 7850 21680 14133 
15658 11212 22797 16066 21546 
18498 11810 6103 23123 
8406 4623 7730 15678 16472 
8406 31 17390 7730 15678 10715 
16066 21680 23560 16066 21680 3870 
9193 3913 16673 15256 
20402 31 15108 7509 3708 
31 15144 7509 5766 
22463 22898 9193 1095 
16083 9193 16789 
15678 17304 18498 9193 13398 
31 10268 4 18498 9193 9743 3510 
18470 6103 9193 740 15658 19900 
18498 22327 12861 22318 9743 5 5 5 7589 7509 14604 5528 5 5 5 30 21 
21 18481 22898 9193 9594 21 21 22318 1027 21 21 20244 18533 
18481 22898 14335 8254 21582 288 23135 
2136 16721 15658 14335 8414 17872 13909 15502 
2371 23135 23016 7730 14335 9743 22385 2727 5 5 5 30 28 28 21 
26 26 28 12861 18498 20402 15286 
28 13270 13325 6103 23135 5 5 5 5 27 22 
20559 1920 9808 7914 21596 23135 4815 
28 19900 15678 18498 9743 7730 4766 18525 9743 11066 1393 14604 3058 28 15708 20304 5 5 5 17438 14335 15061 18498 8995 7850 3610 4179 5 5 5 28 28 
1114 24 28 28 
2727 28 28 5 5 5 5 
18328 18774 5 5 5 5 20244 13909 
2541 19169 17714 17438 9193 918 6103 7576 4369 18855 
1249 15604 20497 5 5 5 5 5 5 
7730 1920 20149 12345 15678 3488 7509 21409 
8840 31 17211 10183 22389 30 26 26 
1239 22385 16753 28 22327 14604 21739 28 
7594 12260 5 5 5 5 8956 20402 14604 17737 8956 1249 
15534 7509 28 5 5 5 
6386 9942 7509 18339 6383 7545 7730 1022 21596 13909 
2386 1247 7509 16753 29 21739 20402 22327 14604 1027 23135 16753 
26 12861 20402 17458 15658 8995 4796 15678 3031 7509 21739 5 5 5 5 28 28 
21 20149 1409 17438 23135 20402 10544 5 5 5 654 18533 22805 21596 713 7509 12939 18498 9193 22318 724 5 5 5 27 22 
8443 23016 9193 5320 15678 28 5320 31 11518 17872 22318 22805 9193 15658 5219 22318 8918 3450 14763 7730 15138 21551 20244 23135 5 5 5 5 28 28 21 
21776 2116 6103 22463 3962 7850 17583 16404 963 5 5 5 5 
9971 6103 20247 20435 3960 15311 835 26 5 5 5 
2727 19854 5 5 5 5 5 
9786 18498 9193 1027 24 
5947 15678 19517 7509 9833 15138 20497 
3960 22915 
21551 15658 16468 5 5 5 5 28 28 5 5 5 5 6 
21 9971 6103 20247 16816 5 5 5 15311 9150 19136 28 20866 18374 6103 18512 17111 9956 4372 22996 10523 5 5 5 5 5 5 
22318 1027 8 29 28 28 21 
18533 22463 12960 15604 6103 6103 28 5 5 5 5 6 
21743 28 28 5 5 5 5 
21 15658 2631 21 21 9594 18498 15311 21 21 21596 18498 19456 4 5493 4 18533 15678 2727 4 9743 20852 4 3913 7914 15576 3192 20149 15658 5219 13909 18498 7847 1190 4 16066 20402 4 20559 1027 5 5 5 22318 1027 8 29 
1394 11284 14378 8995 13761 16404 22318 753 31 21095 5 5 5 5 21 21 26 28 19900 15678 18481 20402 7188 9743 8956 4672 5 5 5 21 21 27 22 
15424 308 15424 41 20293 7509 13131 28 28 21 
618 6103 22383 155 16404 8956 9971 6103 20247 5 5 5 5 30 
2371 1114 23135 9010 7850 3610 4179 5 5 5 28 28 
21 288 18498 15658 17629 7491 13909 30 4 18476 14335 16647 21282 7730 15423 18498 9193 16721 5 5 5 5 21 21 18533 13480 17872 873 4 17629 18498 873 22318 8720 0 21525 28 17950 9605 18498 9193 22318 8720 17438 9721 21 21 
15081 7509 14604 20853 4 1114 7914 9241 5266 5 5 5 5 22318 1027 28 28 21 
18498 28 17511 14335 753 31 21095 15678 17877 6981 18195 20247 5 5 5 
21 18487 4 18584 4 20474 4 21252 4 7576 7730 740 14335 6256 4766 10960 6103 18533 13909 5 5 5 15144 20670 15355 16404 22463 16179 20402 7509 15558 5 5 5 28 28 8 29 21 
6400 7509 28 28 17872 4289 7850 1247 6318 16784 7730 15678 12254 15658 26 2032 5 5 5 5 
1655 16083 22897 5 5 5 5 28 28 5 5 5 5 
15678 14604 5348 20402 23135 19676 28 28 
20244 13909 
21 28 28 4 866 17872 23135 1540 9193 20463 14924 22640 5 5 5 15138 16647 7730 23029 23570 5 5 5 5 5 
21 20799 7509 21409 6103 11462 5 5 5 20244 13909 5 
22834 6103 9193 14539 5 5 5 6 
22318 1027 20149 20357 13923 6 
1540 31 6070 20435 2156 15678 19329 6103 28 7730 22073 5 5 5 5 
11408 15457 3906 7509 12263 5 5 5 
1453 5590 5 5 5 13909 20402 4867 1393 9975 7509 7127 8840 
20244 13909 352 4099 15502 14514 5 5 5 
31 22942 20402 22463 22823 11905 3058 16066 19854 13909 20244 7847 15658 20402 15299 5 5 5 5 
21 2371 28 28 7730 28 28 4 28 28 1937 7914 22463 11538 18498 17511 6075 19699 951 17458 20402 15138 3058 
31 3610 7509 10530 20244 8918 15678 16468 13909 20293 23104 15678 17737 5 5 5 5 
21 23104 8840 4 28 14426 4 28 6103 16580 4 28 31 13909 4 28 18498 15658 6256 16404 22305 5 28 28 21 
1027 
7730 18498 23016 13909 22996 5 5 5 1022 31 19486 12780 20402 3183 5 5 5 5 7730 560 28 28 24 
4809 31 3222 7509 9971 6103 20247 4189 26 26 30 
28 28 23 18470 20402 15678 17226 6103 1022 0 
12780 13398 14604 7826 5 5 5 5 10412 7730 4796 28 5 5 5 5 6 
21596 11518 18498 9193 10959 18498 23135 20402 9193 23113 6 28 28 19676 24 
21776 14335 20357 1920 14336 19900 7850 22 
28 28 28 28 2727 9193 5 5 5 5 5 5 5 5 5 5 
4809 2727 15678 7127 14335 352 29 9193 1276 7509 17797 5 5 5 5 5 28 28 24 24 24 
20402 16553 7730 16633 20402 15678 9971 7509 3610 7730 22463 19509 6103 21787 7730 22463 17556 21282 5 5 5 5 
21 15299 14425 7509 18498 1276 6103 12780 21932 21787 871 15286 7850 2647 5 5 5 5 6 
19229 15678 16468 5 5 5 5 
26 7730 702 2759 26 26 28 
11462 9193 352 9808 26 26 28 
5124 26 26 28 
15678 15190 7509 23151 28 29 
7730 17872 9769 31 21266 15299 13909 30 14466 7509 18498 2372 5 23351 5 15678 5 2372 
654 7957 21932 5 5 5 5 5 5 5 9808 
20924 23387 21 
22327 18498 9193 18533 20402 13909 13860 9956 4331 13812 4766 23135 5 5 5 28 28 
21 9193 18533 22805 15678 14604 9676 1515 17872 23135 5 5 5 19900 18498 23135 12780 14335 22805 5 5 5 12780 14335 22805 
31 22942 15658 20402 1920 22385 10544 4796 9193 16721 18498 20402 5 5 5 5 6256 31 22225 6103 13131 18533 8995 1393 20463 13131 5 5 5 24 28 28 21 
17324 4766 21680 3192 10259 20304 5 5 5 14335 8546 7509 4387 5 5 5 
28 14335 78 5 5 5 5 21776 17629 
28 28 17458 18476 12780 9594 4766 23135 21743 23135 21075 27 22 
10243 18376 6103 20434 9901 13909 22223 11462 5 5 5 5 12780 4766 28 28 7730 3213 17438 9743 16440 6103 22463 9692 18498 15658 8918 7509 9193 22942 5 5 5 
28 28 2371 1114 5 5 5 5 
9956 14801 2358 20495 20828 8810 9066 19136 20293 28 28 
15138 20126 5 5 5 5 20244 13909 
21 27 22 21793 22897 18498 8720 13325 6072 4127 5 5 5 21282 13166 7730 21596 10765 18498 740 9901 15457 13359 28 
4796 20402 3058 8720 8956 16192 6103 15604 5 5 5 28 28 
13359 28 21776 16958 20419 7914 4913 23 
15678 12960 4809 1467 26 5 5 5 5 
23438 6103 21389 2685 30 12780 22805 31 16753 13909 8995 20244 5055 5 5 5 
21 15619 19860 11522 17233 17972 20402 18498 20402 23135 0 20402 18498 20402 4766 23135 0 
28 28 21 
21 22202 20833 7509 15533 23135 17831 7509 15860 4751 
17950 6103 11462 13480 15678 28 7730 21810 4189 20402 15678 12939 5 5 5 13501 15678 5426 17458 13055 8995 4766 18394 
21 19525 7509 13860 7730 7509 14049 6103 11462 5 21 21 9605 2447 18498 15502 17304 19900 18498 630 8995 1614 4 12780 4766 3558 17458 6981 12939 15502 12780 7599 21 21 18625 29 21 
17629 6103 22463 4122 4766 14469 654 5 5 5 5 5 5 5 
21 17629 22318 7491 871 4672 4 22327 20402 15138 13688 3393 19629 5 5 5 5 5 5 5 17790 21 
29 7127 20244 22318 22805 20402 11686 31 22463 12277 6103 28 4766 4766 20402 5 5 5 13359 28 6 
21 2974 18498 21596 22463 16971 4229 28 28 18498 6070 15138 5 5 5 5 5 
23 28 28 18476 4785 31 2154 0 6 21 
28 28 21252 20402 15671 0 24 
21 17304 20402 18498 20539 4 17304 20402 18498 15658 5 5 5 5 13909 18498 2429 31 20931 3393 31 2429 5 5 5 21 
21 1114 22823 
1920 4796 31 21631 18498 3913 15678 15540 7509 28 
15678 1114 8995 7850 9193 14487 
20402 16404 21793 4 15658 11862 6103 15894 23135 20402 
15678 1114 22458 21793 31 2595 
4796 15678 20352 6103 21793 31 9009 15128 
15678 1114 20402 22463 14453 
7730 15459 23575 28 4 18476 31 13948 21187 
15678 22823 1114 9605 
9193 17629 6103 1114 22823 
23135 19900 15678 18498 23135 20520 16404 9193 
22823 1114 
6355 4796 9193 23104 7730 4796 9193 19466 
22823 1114 
7850 22657 7509 20809 4 9193 19900 18498 23135 8995 
22823 1114 
9193 6202 4 9193 7573 31 15041 
7730 9193 7573 15678 12353 12709 
15678 18498 20402 15678 1114 18784 20149 7847 550 1453 22463 1875 7509 22942 0 
20402 4796 22463 15286 18498 21282 238 15678 20463 18191 21743 15218 
20402 4796 22463 17663 18498 1453 19456 7576 6103 14049 4 7730 15658 21252 1393 15533 
20402 4796 22463 20753 17304 23016 31 19089 
8956 1114 20402 13909 7509 18498 14181 7730 8897 
9193 17629 6103 1114 22823 
23135 19900 15678 18498 23135 20520 16404 9193 
22823 1114 
6355 4796 9193 23104 7730 4796 9193 19466 
22823 1114 
7850 22657 7509 20809 4 9193 19900 18498 23135 8995 
22823 1114 
9193 6202 4 9193 7573 31 15041 
7730 9193 7573 15678 12353 12709 
7914 22463 23523 6103 189 4 13055 12780 14335 14096 10259 
31 4672 4289 7730 9193 9901 2727 4 26 
13055 12780 14335 14096 10259 
18476 14604 5505 8995 22730 
13055 12780 14335 14096 10259 
18476 14604 5505 8995 4290 4 26 
13055 12780 14335 11139 7509 21584 
9193 17629 6103 1114 22823 
23135 19900 15678 18498 23135 20520 16404 9193 
22823 1114 
6355 4796 9193 23104 7730 4796 9193 19466 
22823 1114 
7850 22657 7509 20809 4 9193 19900 18498 23135 8995 
22823 1114 
9193 6202 4 9193 7573 31 15041 
7730 9193 7573 15678 12353 12709 21 
21 11462 22805 20931 10273 7850 17583 7730 14335 13325 6072 15533 1394 8678 7850 1658 14915 21 21 18533 3962 4815 0 21 21 6 21 
13278 14539 20402 23135 8840 15678 3790 17872 19969 7730 7847 21075 5 5 5 5 17790 9942 7509 18339 
21 21 21 20402 9707 18498 201 13909 9193 15658 22318 8918 5 5 5 5 5 21 21 6070 8956 15286 4766 23135 5 5 5 5 20126 6103 6070 5354 5 5 5 5 5 5 24 21 
21 13278 18476 20463 16169 15855 17872 20931 3790 7730 16836 9942 11462 21596 2464 0 
9193 6 20539 16169 13640 14466 5 5 5 
16169 6 8443 20149 23029 18498 21776 19969 17872 12901 4766 20931 15253 7730 20931 12787 5 5 5 
15741 6 16169 1276 7509 2464 17629 21371 10959 6103 12901 5 5 5 5 6 21 
15790 18498 14335 13494 5 5 5 5 15619 15699 20402 7845 7730 22129 
22327 18498 9193 17629 7730 6246 7850 20463 4687 15603 7730 22805 15678 17438 7509 20749 5 5 5 19870 22383 
14487 17872 9193 20402 15678 18498 9193 10959 5 5 5 5 
21 21 21 19969 7509 11733 7730 23016 17872 18774 21 21 21 
21 3232 4289 4 20126 2647 12780 7599 20402 15678 14425 18498 9743 5 5 5 5 21 
21 15457 4 20244 3906 4 20244 7251 3962 6981 22942 5 5 5 5 18339 18498 16404 21 
4372 21932 7850 16083 7127 18784 1249 4778 5 5 5 5 18339 18498 16404 
28 28 28 28 17125 15458 7 7 7 7 7 
13909 6103 22463 20247 4766 15678 3906 18506 7730 740 21596 31 15588 6103 18498 20402 15138 3894 17872 1820 5 5 5 5 10131 
14668 23135 15658 23016 14335 8125 15678 19924 11462 19676 5 5 5 
21776 14336 1920 19900 7850 22 
9980 4289 13359 28 28 28 5 5 5 24 
2974 18498 20402 20584 20402 15678 14539 18498 22318 5528 6103 16633 5 5 5 7730 7491 18498 9193 21596 5 5 5 5 5 6 
2631 5459 4766 23135 9193 13055 9901 9808 7730 4766 31 9193 3393 31 14667 28 28 5 5 5 5 5 24 
21596 11518 18498 9193 10959 6103 22463 19484 4766 15678 5528 7730 15658 4766 31 18736 5 5 5 
21 9193 11454 20149 19525 15510 17790 5 5 5 19870 22383 
20402 21282 12861 
18498 9193 18533 7509 22942 
22463 4189 
22463 11723 2096 
18498 14335 7491 
22463 22821 4316 
4766 22463 12551 
6103 22463 2700 7623 7850 2988 5 5 5 
31 21409 3510 
15533 13398 31 13873 
18525 19900 31 10765 
12780 20149 22805 16083 7127 
18525 19900 15678 20825 
12780 9901 7850 5459 
18525 19900 2136 31 22942 
16162 8956 17972 5 5 5 
15138 4672 31 10765 9743 
20202 15678 3610 
18498 15678 15190 22129 
20202 31 3935 
18498 873 8361 
20202 31 18884 
7509 22942 15558 5 5 5 
9193 15678 18498 20402 
22942 560 0 
20402 18498 20402 9743 
15678 18498 15678 14550 14018 0 
20402 4796 15678 18374 
18498 15678 7132 1049 0 
16784 7509 22942 
15678 18498 21596 6103 14425 5 5 5 
20336 4 20149 336 
1393 23167 4 8995 7914 3962 
21810 22463 5505 4 6075 22463 21551 
18498 31 22225 12780 16468 
6256 4 16404 1022 
21596 15138 21551 
15678 18498 22657 
20402 15678 20352 
7730 15678 1114 18498 31 10765 
21596 7850 5528 5 5 5 21 
8995 10131 5 5 5 5 5 6 
21 20126 19870 22383 17790 
22318 16647 7850 8632 7730 8125 31 22318 3031 4766 21793 15678 14604 1114 
22318 13405 17872 9867 7730 21662 15678 21680 20471 4766 1623 6103 17930 
9743 17972 13981 22385 5947 18481 22463 20825 3058 
20149 9193 22318 8644 31 22821 4 2384 4 20402 17872 22318 18044 7509 20781 
9743 16440 7509 14604 20497 
9743 16440 7509 14604 20497 4 14604 1114 
5150 31 22318 5692 4766 31 6103 16083 15108 
22318 15061 21793 31 7594 
22318 9743 22463 9942 
22318 6075 16083 22942 17872 22318 15061 18525 20402 
22640 7850 28 6734 7509 16633 7509 1712 
7491 22 996 22 1393 12353 
8147 22463 150 7850 16654 7509 14604 21952 
9743 16440 7509 14604 20497 
9743 16440 7509 14604 20497 4 14604 1114 
12716 6663 4 18090 22463 3213 4 7491 18498 15658 8995 
23104 15658 22 26 22 20244 15485 
22463 28 19575 
14336 3118 15604 7730 22 19735 22 15658 26 22 
9743 16440 7509 14604 20497 
9743 16440 7509 14604 20497 4 14604 1114 
14604 1114 4 14604 1114 4 14604 1114 5 5 5 21 
472 20402 13325 16673 6071 4766 4292 7730 5518 6103 4331 5 5 5 28 28 
20126 7509 14604 3919 5 5 5 5 
7545 31 18525 7545 23135 20402 19676 5 5 5 
15658 21154 13909 23104 1920 16673 14561 20244 13948 20402 31 18774 20402 15678 14604 5528 18498 15658 14487 5 5 5 
733 9193 15658 8995 22657 15299 23032 4796 31 9193 3884 20402 10296 5 5 5 
23 9769 9150 0 28 28 7509 28 28 28 30 28 28 28 28 28 
21 8956 12780 17872 22318 19870 22383 
23135 20402 13909 18498 22463 20558 19771 
22463 13688 16179 
18498 16468 4796 22463 22797 
4060 21845 7850 14604 5528 
20402 22463 10566 13688 
21553 6103 6684 
22463 15533 6103 17605 
15658 5219 9431 
15678 18498 349 
21282 6103 11731 
18476 31 10765 20149 6075 
9193 14487 8317 
15678 14604 5574 11994 
4289 2136 31 16098 20931 23180 
21218 14335 16630 1114 
7491 17872 9193 
18498 9193 22039 20402 6329 
18498 22327 18498 349 
22318 6256 9808 4796 9193 
7491 17872 9193 
18498 15678 14604 1114 22318 20112 
18498 9193 18533 20402 21793 20463 
22318 6256 9808 4796 9193 21 
21 17511 22318 20391 17438 871 28 4 26 16404 9743 6981 28 15678 14426 5 5 5 19870 22383 5 5 5 27 22 21 
17819 19260 6103 8734 23 18527 5 5 5 22318 1027 15253 5 5 5 
21 28 28 28 28 30 28 28 28 15678 17226 6103 1022 20402 3702 7509 7915 5 5 5 5 5 5 13055 9010 7914 17889 6103 9364 5 5 5 5 5 
15138 15708 
20244 13909 5 5 5 5 
27 22 21 
21 16404 28 28 4 15658 20402 12861 18498 23135 9743 5 5 5 5 27 
20520 6103 23051 
26 1614 7730 5421 4766 15678 20520 6103 23051 5 
9542 5 
15678 14539 18498 23053 5 
26 6103 12780 22805 873 17438 7102 4 5625 16066 546 5 
16971 4 18498 23051 5 
12439 6 23051 20051 5 21 
21 15286 15138 20497 20244 16192 5 5 5 
9193 22318 2322 17872 10765 15658 3213 
18498 21389 7594 21282 12784 13822 
9193 2322 18498 31 10765 21438 13923 
7623 16179 18498 21858 20244 19971 
9193 22318 9594 18498 12784 21040 
9193 21680 18674 15658 14335 16098 9594 
15658 21596 8806 17872 23135 7730 9193 
654 18498 22805 18498 14335 16784 7730 4346 
4346 4 4346 4 4346 
9193 22318 2322 18498 31 22942 20402 22463 12916 
7730 21793 10083 17629 6103 8003 
9193 2322 18498 15678 1114 18498 11284 7914 9193 
20402 2727 10259 9193 3510 7850 4387 
9193 22318 9594 18498 21438 1920 4 1920 
9901 20244 11066 4 9901 22385 19854 
23135 9743 21389 18498 8317 
654 18498 22805 18498 14335 16784 7730 4346 
4346 4 4346 4 4346 
4346 17438 18498 31 7594 7545 6103 22821 
4346 21793 7594 6103 22463 20126 
4346 7730 16630 753 13761 7509 6014 
4346 7730 13033 18498 15658 14514 
18498 1040 15678 9799 7509 20781 
7730 15658 22657 4 15658 
7491 7914 12780 18498 20149 1788 
18498 15658 23104 20244 22463 2700 14604 
20402 21409 6329 
654 22805 18498 14335 16784 7730 4346 4 4346 4 4346 
21 21 13166 7914 22318 7491 4 
18498 15678 20825 201 21282 
7730 22805 20149 1540 31 23104 
2727 13667 7509 14604 3610 21 21 5 21 
6184 31 23135 13359 28 
21 9074 20420 20149 9193 15658 14335 1409 17438 23135 
15678 19971 23016 7623 16404 15678 15619 13763 
28 17908 31 23545 
9193 31 21631 2325 7914 23135 
15678 20799 18498 9193 16098 20402 31 11209 7509 20463 23124 
9074 20402 10959 21389 7509 20463 26 20909 2352 
9074 20402 16721 18498 15678 2439 7509 13198 
20112 20852 18476 4289 879 
7730 8406 7850 7882 
1467 15678 29 18498 20402 15678 20463 1190 
15658 22805 31 11518 6103 22318 8147 
7730 5360 1612 5459 
18498 15658 21623 15908 
9901 17872 11462 
9074 9193 13055 14335 20357 4796 22463 22765 1095 20463 
15678 20463 26 20909 2352 4778 4766 14604 17790 6103 3692 951 
20149 15678 11474 13055 17159 7850 28 
4796 740 15658 21596 20463 8186 0 
15678 21806 18498 9193 3702 31 9193 15286 17872 22318 23180 
16393 9314 
9074 20402 10959 21389 7509 20463 26 20909 2352 
9074 20402 16721 18498 15678 2439 7509 13198 
20112 20852 18476 4289 879 
7730 8406 7850 7882 
1467 29 18498 20402 15678 20463 1190 
15658 22805 31 11518 6103 22318 8147 
7730 5360 1612 5459 
18498 15658 21623 15908 
9901 17872 5 5 5 13198 
20112 20852 18476 4289 879 
7730 8406 7850 7882 
1467 15678 29 18498 20402 15678 20463 1190 
15658 22805 31 11518 6103 22318 8147 
7730 5360 1612 5459 
18498 15658 21623 15908 
9901 17872 11462 
18476 22805 8956 18264 14335 13480 5 5 5 21 
16647 8956 28 28 
21 17872 14336 7729 2371 5 5 5 5 7509 22463 20215 17872 16083 15658 6615 5 5 5 5 5 27 21 21 21 
21 13359 28 4 28 28 5 5 5 5 5 
13359 288 18498 21596 873 7850 20474 18498 20149 15851 7847 6389 7509 21631 16647 15678 18498 23135 288 0 
28 28 9193 20293 9605 21267 8995 22805 5 5 5 5 27 22 
21 9312 1920 22327 20474 9789 18498 19969 4766 23135 13359 28 
21 28 28 4 28 28 20402 9312 23135 7558 13030 5 5 5 5 21 
21743 9193 9193 23575 21551 
472 28 28 
15658 20402 17521 20402 19169 7914 9743 8637 8561 5 5 5 5 
21 5485 1114 8637 8838 19870 22383 5 5 5 5 5 
14539 18498 23135 15658 3510 7850 9193 3702 
14539 18498 23135 5174 16083 3790 
7850 9934 6103 22463 2504 
22463 21340 6103 28 
22463 13185 4 1920 
20244 11066 
14539 18498 23135 9901 20244 20149 10959 
14539 18498 23135 3962 20244 20149 1027 
7730 6408 6103 20222 15266 
22463 15855 17872 16083 
7730 2371 4 17324 20402 
19900 13761 
14539 18498 23135 21154 9010 3960 
17438 4060 7509 9943 4 17438 15138 21551 
7118 4 22998 4 22213 1249 
2136 20149 1966 4766 15678 20463 3388 3156 
22463 7127 12780 20336 15637 3460 6103 2462 
12780 13325 7509 21551 7914 18498 21596 22998 1249 
12780 13325 6103 9193 7730 20149 16836 
17438 15894 8956 3790 7102 8995 0 
7730 9193 12780 8995 
22318 8840 
15424 18498 13055 8995 22765 10589 
4766 15614 4 23092 4 21282 
15658 12780 14335 11862 
12780 13480 4 22318 4229 17872 19969 
15311 7850 20743 
15424 18498 20402 991 6981 22942 
9193 12780 8995 
22318 8840 21 
21 21911 5426 7509 5574 15138 9542 5 5 5 5 5 5 
8840 31 7589 13359 28 17872 4796 16494 7730 7847 8995 7599 20402 3222 5 5 5 5 
21 28 28 4 28 28 4 28 28 18470 20402 15678 17226 5 5 5 21 
21 13359 28 29 6 29 20244 9620 7730 17989 8386 5 5 5 20149 15658 4 9193 15658 12780 5 5 5 5 21 
13359 28 20149 1443 7914 9193 18498 9193 14335 1443 7914 23135 288 18498 20402 13909 10544 5 5 5 27 22 
16647 8956 5 5 5 5 
21 21 21 17658 22463 19771 8644 19969 7850 13860 17872 6075 13185 4815 5 5 5 21 21 20244 16192 21 
16721 7914 1937 22463 2154 7850 19972 6103 28 13270 15036 6103 20126 5 5 5 
3906 7850 4996 5 5 5 5 16135 18498 15658 21596 5 5 5 5 5 
21 472 23575 10343 7509 15533 20149 8084 16819 5 5 5 5 
15658 8995 7491 18498 20402 10544 4 8995 7491 18498 22657 31 16689 
8956 20402 1631 23135 19870 22383 7594 6103 3393 20126 21 

