21 15833 26 4 11617 22 30 26 26 5 5 5 21 
21 21 21 22805 6103 16936 31 3790 7509 28 18498 6202 18498 21 21 2524 3058 20402 2524 15036 21 21 4 9193 15658 20149 288 2524 18476 7286 7966 4 20820 11857 16066 21107 15585 10015 7850 21932 5 15678 28 18498 104 13835 9193 20149 8435 6103 23491 22632 7850 4372 7730 2454 7850 2464 5 15678 28 18498 288 18498 17297 20402 2524 4 14539 18476 20402 17297 5 15678 28 18498 368 7914 28 7730 288 18498 2038 20402 18737 19854 4 9193 288 18498 22657 14265 7914 15540 7509 14114 7509 3058 22666 5 21 21 21 
21 11617 22 30 26 26 14450 4 26 26 15803 14335 5 5 5 26 11617 26 22 21298 10907 26 4 26 21776 26 12863 26 5 5 5 21 
26 26 28 5 4766 26 
21 20402 15678 18498 21596 16404 11462 15658 20402 5 5 5 
27 4 26 8 29 
28 28 21 
22463 20352 16404 8956 26 26 6 
21 14425 4561 7509 22520 5 5 5 
5518 5538 8 29 21 
18498 15577 8 29 
21 26 26 26 26 1631 26 26 26 4 11943 26 26 26 5 5 5 21 
1409 17438 8956 21266 8 29 
21 12863 22 20539 11943 26 26 4 11617 26 26 26 28 26 26 26 20 21 
8 29 
20725 
21 11678 11617 26 26 4 11678 11617 26 26 26 5 5 5 26 26 13433 26 14335 26 26 26 26 26 0 21 
26 26 20 
8995 9431 
21 15833 28 4 11617 22 13800 26 14796 26 8 29 21 
28 26 11617 26 26 5 5 5 11943 28 26 26 28 26 20 
6 15678 
26 26 6 
21 26 26 26 4 26 26 26 21 
26 26 
4331 16107 20 
11462 20402 15678 17819 7127 6103 17815 7850 11308 15567 7730 15678 7127 12604 7509 9801 5 5 5 4668 0 
26 26 13359 22 13098 28 5 5 5 14796 26 11943 26 26 26 6 22 
6 22 
21 31 9148 7509 28 7914 26 28 20402 8322 6 15678 
7730 23135 740 18910 7509 6103 28 5 5 5 21 
21 21810 15138 3488 16404 5219 9901 352 9130 16404 31 18069 4 9901 21096 7730 15658 5219 13909 20149 4987 5 21 
28 8 29 
8 29 
21 11617 26 28 26 4 26 11617 26 12863 5 5 5 21 
26 
26 26 20402 31 26 20 
26 26 26 26 26 26 26 26 26 21776 26 0 
21 26 13849 4 26 30 28 20 21 
8995 6146 20 1022 12780 17098 14604 3388 6103 19835 5 
7558 18384 7730 22463 4012 
16440 28 20 
12863 22 20539 26 31 26 26 20 26 20402 26 31 26 15803 12863 5 
21 11617 22 30 26 26 26 26 26 4 
26 11943 28 28 22 26 5 
11617 22 30 26 26 11943 26 26 4 
26 11617 22 13800 20916 26 5 5 5 21 
28 22615 20239 
21 26 0 7850 4 26 21 
26 15803 26 20 
6 15678 
8 29 
12780 4346 6 22 
26 12863 26 26 20 
21 21 21 26 26 4 26 26 26 26 4 26 31 26 15803 26 26 26 26 10418 26 5 21 21 8 29 21 
21 4796 26 17257 26 15678 4 26 21 
6103 3058 1614 7850 15482 
11617 26 10907 26 6 
7599 4766 13753 20 
17729 7850 14336 7509 15482 20 
15482 20 
21 26 26 26 26 26 15803 12863 4 26 28 4 26 28 20 21 
26 11943 26 22564 20 
8 29 
21 18533 18204 7894 4 11731 8956 4156 6 23135 15005 7914 22463 19143 4766 31 13905 21440 6103 6700 7730 14465 23544 6103 853 7509 16587 5 20244 18473 9901 740 13909 7188 1751 22463 8051 4 5226 15678 17556 2828 18498 23135 5219 1751 15658 20402 15678 21036 16404 21225 20931 9634 5 7730 8443 22463 2725 7127 22463 17753 6146 15855 16404 8956 19143 4 18498 8995 8918 9743 15138 1249 5 7847 8474 31 20931 13749 4 7730 14539 5405 15678 12578 6103 15138 10765 17307 4 6146 22318 753 5 31 23577 4672 18498 7847 16630 7914 22240 20402 18498 20463 9943 10381 31 8632 5 8956 753 17304 16393 12423 16404 15138 16971 4 9193 16404 23135 20402 31 7178 8406 21596 4796 7850 14534 7730 16468 10183 5 20463 9943 5013 15678 8361 15260 7730 4766 20855 2136 5219 8406 7914 22463 22516 4 17324 8956 14539 17753 21371 5762 23206 9845 16404 753 7847 31 20402 1570 7914 22516 18449 5 
23135 23174 15458 16440 18498 14426 15138 31 20931 22942 9193 23575 29 1249 0 16066 23135 23174 15324 16440 18498 1276 15643 20149 17703 4766 23135 0 
7730 740 1920 23135 14335 9605 18498 12861 20402 4913 6103 23176 0 21 
21 4346 7850 28 4 17438 9721 5 21 
11617 997 31 26 15833 15833 15833 23 20 
21 18352 29 4 21 21 31 21487 26 11943 19698 26 26 26 21 21 
9193 16440 9726 6 
21 21 26 26 15803 26 26 26 26 26 4 26 21776 28 5 21 21 
21 21 26 11943 19698 26 26 11678 26 26 26 4 26 20402 26 26 26 26 20402 26 5 21 21 
7730 31 14425 6103 21793 6 21 21 11617 26 26 26 26 26 26 5 21 21 21 
26 11617 26 26 20 20 20 26 26 26 12863 0 26 26 26 12863 0 20 
21 26 26 4 26 1631 26 0 6 21 
26 11617 26 26 11943 26 5 5 5 
21 20725 4 15658 5219 16367 6103 12960 20 6103 6 21 
8 29 
26 11617 26 20 
26 10628 26 20 
26 20 
10907 26 26 20 
6 
26 26 11678 26 26 0 26 22 18740 26 26 1983 26 22 20539 10696 20 
28 26 20 
30 20 
8 29 
21 9193 19900 18498 15502 12780 22805 14604 20912 9193 1393 22898 4 18476 8995 8382 4 9193 12780 1393 12916 4 14335 4624 4766 21631 7730 9996 18498 20402 22463 4130 21 
21 21 21 31 26 4 26 26 26 26 20 21 21 21 
8 29 
26 12863 26 20 
17819 7127 6103 2154 5 2154 3653 5 6 6103 
15577 10962 6 
22564 14604 16655 16404 19969 6103 22463 15150 
21 26 4 26 11617 26 5 5 5 21 
26 26 26 26 26 26 26 9783 26 5 5 5 26 26 26 26 26 26 26 26 5 5 5 
21 21 21 15678 18498 8840 8443 6281 20149 7855 17751 18476 31 2504 10478 4 31 2504 19865 7730 16083 11112 6103 17766 4809 31 5050 15678 1506 31 20463 10982 0 21596 17382 18498 19303 31 20463 4932 6103 3621 7730 6668 20931 17972 6408 6103 7855 5 28 13055 9743 12861 13909 6103 22463 15266 1276 7509 17819 22358 5 18498 14378 20 21 21 21 
8995 4809 31 9901 4766 14378 6 
26 20 
12863 22 20539 21726 21776 10907 26 5 5 5 
10548 0 20402 12861 14539 0 
21 27 4 26 23454 26 26 21 
26 26 26 26 26 11617 26 26 26 5 26 26 26 26 26 11617 26 11943 15678 20 
21 21 21 12863 22 20539 31 26 26 4 28 4 26 16073 26 26 5 26 26 26 26 26 4 26 11678 26 7585 22 21298 26 26 26 4 26 22 20539 7850 26 26 26 26 26 26 26 21776 5 21 21 
12876 5 18610 5 18610 5 28 21 
21 26 4 26 26 26 26 28 26 5 5 5 21 
21 3790 7509 28 6103 21 21 27 4 12780 14265 21793 8956 2371 4 26 20402 12863 21 21 21 
26 1631 18772 20 6 15678 

