11617 26 26 21776 19341 26 21266 20 19226 12863 16105 4945 26 28 28 5 11617 22 13800 26 12863 28 26 28 28 20 
10959 15459 10896 7127 662 31 9193 20304 7509 4436 3031 17438 21596 16468 14604 17819 20262 20244 15425 18984 16066 6408 5 9193 17617 20402 16098 
21 26 26 5 28 6 
28 21726 20 
21 15138 3086 15678 10826 6103 4730 22463 9965 6103 1652 7850 10273 6103 16822 7730 22327 13909 4 9193 740 9620 15138 17872 4289 15658 15669 7914 18498 9193 19081 31 21 21 3960 10716 21 21 20813 4796 21 21 3960 21 21 5 21 
26 26 28 5 4766 26 
21 22805 10765 4 15658 20402 21282 9193 15253 18498 14335 288 3086 5 28 21371 14335 288 2702 21 
14069 28 30 
14604 26 9726 7509 15604 26 7509 26 2136 15678 14924 5 26 22 21298 26 26 26 
21 9 20181 7730 16072 5 
20539 21 
1612 23222 17872 6423 20463 9971 6103 7576 6103 22463 10211 7174 
21 8443 4 11462 9193 21752 22463 10273 7509 9193 9574 8 29 21 
21 1612 26 15604 21083 26 6103 9971 6103 7576 
26 22765 18498 9193 288 5 9193 21776 6103 17055 15423 
21 21596 18498 4854 4 20402 13909 10259 18498 9193 6663 21 
21 10765 22527 22463 26 7850 28 6408 6103 14667 1249 5 7730 9193 21776 6103 17055 15423 5 1937 20 20 20 20 
21 23135 12780 18533 4730 15678 26 7914 11286 17458 31 18471 8995 19854 13055 18498 9193 11051 4766 31 26 7509 28 
22527 22463 26 22632 17458 20539 5 
10959 18498 14335 21048 16083 15286 17872 9743 26 5 21267 4 6075 12147 18498 9193 21582 11051 20149 9193 288 18498 12780 9901 14031 5 6 29 
8443 4 17438 9721 4 14018 21050 5 17785 23151 31 22527 8891 26 7850 14604 3643 7509 28 5 
28 21 
26 
13055 18498 14335 16630 
26 12787 
22278 6 1276 7730 6408 5 
14425 9867 6103 1571 8 29 
21 16468 4 3805 5 16468 20 21 
21 15658 14335 11888 20149 12861 20402 22871 5 
26 26 26 26 1229 26 20 20 20 30 
3058 15533 7131 
21 28 11617 7509 26 30 
9743 22463 2904 21418 7730 654 21776 4766 7722 6103 4796 6 
6879 
8956 26 26 5 26 7509 30 20751 7730 9193 17125 8 29 
21 18525 21596 13909 12529 4 20994 7730 15658 20402 19580 23174 15658 5 17458 18475 21743 6103 22521 20402 9634 5 21 
21 22463 10273 4 22463 7861 4 15138 4346 5 
13083 14539 31 10273 21 
654 9901 31 16836 6 18476 15678 13614 12780 7957 0 
28 20 20 20 20 20 20 
21 17872 18525 288 18498 21681 15678 7127 16784 6 8995 9193 12960 26 22615 6670 31 29 6 29 4 654 31 17556 6075 21494 2352 7850 14604 4945 7730 9193 16784 21793 15678 17956 18498 9193 9743 5 21596 14924 18498 9193 15790 9193 22942 21 
20670 31 7861 6 20879 15658 8995 4766 15299 5 
20402 9547 
21 14335 14156 16404 13564 6103 29 12963 13909 14155 5 8443 9743 31 13564 6103 29 12963 13909 14155 5 
29 21083 28 26 
29 30 6 26 29 
29 28 9244 26 26 
29 26 28 26 26 26 26 
29 28 29 
29 28 30 
29 28 17812 
29 20539 15803 31 20751 26 26 
29 28 29 
29 2664 
20402 17556 8806 17872 15138 12960 6 
17667 6103 14156 16971 6 21 
9193 20293 19900 
15658 19900 15678 18498 7491 7509 9193 22942 6 
7730 8956 28 18498 6288 1097 7509 15299 0 
21 18476 9193 15658 16468 9965 20751 6 9743 22463 20749 12260 5 
18476 9193 16468 9965 20751 6 15658 21282 9901 15628 4 4796 9193 21371 8918 15678 11139 4380 7730 4356 5 
20402 16753 4672 4796 8956 18498 21858 31 22942 13909 669 5 7 21 
1190 26 6329 17872 14604 10959 
21 510 18525 8995 20244 20828 871 0 12861 14539 4 20402 9193 20 20 20 20 7730 8995 20402 9193 3790 18476 510 866 4179 29 21 
18525 10648 871 3014 7509 12960 6103 11462 7102 20402 26 
15501 18250 5 29 26 26 
21 23198 16107 5 3420 4 15658 16404 6103 21787 8956 14512 6670 31 29 7509 14049 5 8840 18498 21793 18498 9901 21787 8956 14512 15036 1864 17438 8281 22463 23198 17438 305 5 21 
18533 4854 18498 11462 9193 22805 22463 3906 7509 28 26 5 10648 15678 7127 4766 12861 8 29 
15215 15215 15215 15215 15215 15215 
26 26 26 26 26 
20402 26 2941 15658 
26 26 
20402 15678 2836 26 26 
14156 28 28 28 28 28 28 28 28 28 8 29 
29 15266 5 9193 13055 0 8 29 
21 11617 22 30 26 26 21776 26 26 
22 4060 26 22 18740 26 26 
11617 22 30 26 26 26 
11617 22 30 20497 26 26 26 
26 26 26 26 19698 
26 26 26 26 
26 4 26 4 26 
21 31 11644 20402 15781 15678 28 4766 28 4 18506 31 14967 6103 10273 6103 918 16066 2822 6103 9042 5 
18525 5947 8956 26 18876 15678 15540 6103 22463 28 4 16066 15658 4 7730 7102 4 8443 18263 31 10273 6318 5 5508 8956 21684 7730 4687 7850 20463 15198 13026 4766 31 11729 5 
28 10712 14335 28 26 28 11617 26 21 
20402 15678 26 
11518 6103 13501 31 13566 6103 1097 5 20149 23135 15658 8995 13909 15423 20402 17458 23135 13909 20402 14604 1095 8 29 
21 21793 15190 4788 15678 1249 15604 4 9193 20149 8918 18498 20402 11538 6103 22805 7730 21282 20402 1249 15604 6073 31 14336 11518 21 
21 31 28 28 14335 6075 29 16066 29 4 740 15658 8386 12780 9743 13564 7509 14604 26 9726 5 18525 5947 10648 15677 5 18525 9193 288 18498 15658 16098 26 15678 21036 17872 21596 21340 15677 18498 9193 6679 15658 10648 15677 5 
29 5 26 26 
29 5 26 26 29 26 26 
29 5 26 26 21806 26 
29 5 28 26 26 26 26 26 26 28 26 
29 5 28 28 26 15803 28 
29 5 26 28 
29 5 26 8611 26 2501 
29 5 26 26 17257 26 
29 5 26 26 26 26 
29 5 26 15803 26 1983 26 26 11943 
29 5 26 28 26 
29 5 26 26 28 
29 5 11617 26 12863 26 26 
29 5 26 28 
29 5 26 26 26 
29 5 26 26 28 
740 9620 26 6 21 
21 8443 4 6408 6103 14667 1249 4 12783 9594 29 5936 20670 9193 17458 31 30 14335 14018 23 
29 9193 15643 19900 15678 18498 9594 6103 9193 17458 9901 16357 20670 15678 18498 12780 9594 6103 9193 5 
29 17658 31 4672 7509 28 31 7509 16083 8057 6103 12963 5 
29 7073 10765 18498 9901 18533 15061 15678 18605 11025 7730 26 20931 16920 20402 17438 9901 15678 21551 21793 15061 20931 15936 17380 4 10959 15218 4 21266 4 17831 7509 28 7730 4672 15242 7509 28 5 
29 9193 7073 9193 22942 7850 4700 5 
29 29 29 7509 16971 18498 9193 21596 26 9193 2958 2125 7509 26 5 20402 18498 9193 2958 31 20931 0 15678 
29 18476 9193 21596 29 29 1249 9193 21438 17872 8637 8406 2154 6103 17101 7730 2154 6103 15286 5 8637 15286 23 
29 9193 5947 1195 23 
29 14604 15677 9726 6103 352 4766 31 28 4 7730 31 5313 4766 14604 14881 6103 14335 9457 5 18498 1114 7847 6 29 
18525 5947 10648 15677 21 
27 27 
23 8956 7589 15041 1190 15138 23414 7730 4290 7509 21962 
15315 26 9 20931 15585 7850 28 
4886 8 29 
11438 
24 24 
20402 15678 28 28 
288 18498 12780 17872 12261 27 
654 18498 9193 3765 31 29 2154 8 29 
20402 10962 7730 15658 20402 11581 
9193 2336 23104 7850 9326 6 7914 656 4796 16102 6103 28 26 
26 12863 26 
4796 9193 15790 28 5 
21 16083 26 23 
14031 12861 2371 
21 26 26 6 29 
21 15833 26 26 15833 26 26 15833 26 26 15833 26 26 15833 26 26 15833 26 26 15833 26 26 15833 26 26 15833 26 26 15833 26 26 15833 26 26 15833 26 26 15833 26 26 15833 26 26 15833 26 26 15833 26 26 15833 26 26 15833 26 26 15833 26 26 15833 26 26 15833 26 26 
18525 15658 7599 15299 8956 15533 7730 17438 18498 20402 15678 26 0 
21 11051 11462 6 29 
28 10838 
21 15658 6361 15138 16404 16721 20670 12861 5 18589 23489 18498 23135 16098 18498 12780 20293 8995 4766 23135 5 13566 15678 17819 18589 18498 23135 13325 7914 15658 13909 7509 18498 18589 14764 5 7847 15658 21596 18498 8995 7914 15970 6103 11868 5 14156 18589 1097 4 12025 9193 4 17458 9193 8995 12578 7914 22805 18470 23489 14604 1097 8637 5 
29 5 26 26 
29 5 28 6103 26 28 6103 26 
29 5 28 28 26 15803 28 
29 5 26 28 28 
29 5 30 26 
29 5 26 26 28 
29 5 26 26 
29 5 26 26 29 26 26 
29 5 26 26 26 26 26 
29 5 26 26 
29 5 15005 26 26 26 28 
29 5 26 28 26 
29 5 11943 30 26 
29 5 20402 26 15803 31 26 26 28 29 
29 5 29 26 26 28 
29 5 26 26 28 21 
21 26 26 26 
23 
21 9051 16721 4 20149 5762 22463 13176 7914 18498 1393 12755 6103 22463 11242 20444 22463 2637 10412 10839 4 7730 7850 13727 7509 2637 4 23206 14724 11246 5 20420 2727 14031 5 21 
23 28 
15678 3959 13909 3086 6103 28 
26 26 
21 21596 18498 4854 7730 15061 9010 17622 1393 15190 6 
21 20402 26 26 12787 16073 26 28 4 14156 4 28 4 28 4 28 4 28 4 28 4 28 4 28 26 
23 14907 26 26 26 26 
8956 26 7509 26 20402 10657 6103 30 30 18930 14156 28 28 28 28 28 28 28 3987 28 28 28 6103 28 28 28 28 17125 28 28 28 28 28 28 
26 20293 9641 8 29 
28 28 4796 22318 20402 26 3790 
18498 6324 6103 28 3790 
21 28 28 28 28 10765 4 15658 12780 17304 1421 7850 2433 4 21776 7542 4766 9760 7730 16367 7850 10667 6 23135 9193 12780 19969 6408 7509 28 6 29 21 
4796 20402 3058 18069 18498 8995 4179 29 
26 26 12863 
20293 18498 9193 288 18498 8995 16784 15138 21551 13325 18498 20293 21596 873 7914 4796 5 
21 6364 8783 7914 20463 15860 5 16580 20149 13398 5 12780 9193 20369 5 7730 9193 9743 12423 4 15603 5 21 
21 20126 3616 7509 28 4 10273 22765 16123 21 
18498 21082 20402 8956 9193 14604 15860 0 
28 28 6 29 
28 28 28 28 28 4796 26 21776 14335 12863 22 20539 26 26 
21 28 28 28 28 28 26 28 28 28 28 28 3156 28 28 28 28 28 28 3987 
18339 18498 16404 26 27 
21 26 26 4 26 26 4 26 26 4 28 29 5 1920 9193 17125 30 21 
28 
21 23151 1393 26 29 
21 4788 31 20247 12604 7509 13591 5 19150 6 16647 15678 13591 13909 18195 4 120 7850 18352 29 4 5508 31 29 10343 7850 15198 5 
21 21 26 26 26 26 31 26 11943 26 26 4 26 31 26 26 26 26 10712 26 26 21 21 21 
21 11617 22 13800 26 26 26 23 
2371 28 28 31 4127 14208 7850 
28 28 28 28 28 18339 18498 16404 27 11560 6 23273 5 28 5 4766 26 0 22615 29 29 30 29 26 26 26 
21 3962 4766 2649 4 26 5 28 4 20402 26 27 21 
20126 30 
2371 22463 11670 17872 15894 4788 20463 1247 26 28 28 
18339 18498 16404 27 
18339 18498 16404 27 
19924 30 6103 20879 
28 28 15138 3261 23135 29 27 
21 14335 16836 18335 5 
10765 18498 9901 10078 22 22 25 7127 15187 7509 19735 20402 15671 10131 24 22 22 15658 20402 22385 7174 18498 10673 18498 5947 28 28 7730 26 5 18525 23135 18533 8254 0 27 
26 14335 15803 2489 26 28 
28 5 15678 23577 13727 15894 31 16971 17304 20402 16066 21582 20402 15678 18498 7847 18533 5 31 13907 8637 20402 22463 3408 9158 5 
21 26 4 26 4 28 4 9648 7509 16122 26 5 8956 9956 12780 20402 15138 10131 27 
21 26 26 26 28 30 28 
15678 17877 7509 10530 20402 18498 7847 23104 20149 21858 17737 15678 21551 21793 5 
30 9171 
21 15678 28 28 7509 28 20402 22463 11941 6103 10700 4 17495 7847 13923 4289 16936 6318 5 15678 12979 18688 20402 26 15400 4 1920 4796 31 10672 6 21 
5 5 5 11617 26 26 26 26 26 5 5 5 26 5 5 5 26 5 5 5 7991 5 5 5 22542 5 5 5 
21 21 21 8443 4 28 4 13055 13501 15678 20463 18487 0 21 21 
21 21 17438 18606 0 20 17438 18498 15678 14604 18487 21596 18498 20402 13501 0 26 7730 9193 8995 15138 2727 7850 18487 7509 12939 18498 8995 5 21 21 
21 21 12780 9868 15678 3960 7509 20463 12787 6389 6103 871 28 4 12979 5 5 5 21 21 
21 21 7730 7847 12780 3962 7850 14604 18487 0 21 21 21 
21 26 11617 26 26 1983 26 26 26 5 23 0 
21 21075 26 26 26 26 21776 26 26 26 26 26 4 7585 22 21298 26 0 21 
21776 9901 30 30 30 
28 28 8995 2371 15678 18498 23135 12780 9743 7850 9574 6103 10694 
21 26 26 14335 26 12863 22 20539 26 26 26 26 
21 26 4 26 26 26 26 0 21 
26 26 6 
8 9 8 16659 15299 9193 26 7730 16673 29 14140 
26 15803 26 26 11617 22 30 26 26 26 24 
26 26 26 31 26 28 26 26 26 26 26 26 12863 26 26 26 31 26 
21 26 26 26 4796 21776 26 4 7850 28 26 20909 6 21 
17438 9721 26 26 26 26 26 5 
9193 15790 18476 22627 15790 22627 17438 20402 22627 
21 5219 9743 15678 9370 13909 7188 4 9604 14789 9193 10544 5 30 21 
21 31 23577 15144 18498 5219 9901 3086 7914 10273 9743 2812 20402 31 28 28 4 15678 19509 16393 16526 23274 5 23274 21 
3564 7509 12261 30 
6324 352 4099 23 21776 22385 13483 18481 22463 23469 13055 30 
26 26 26 26 26 20 
15833 26 26 
7730 5 28 
26 28 26 14335 15803 28 26 5 11554 5 
11617 22 13800 26 5 5 5 1983 26 11617 26 7509 12863 26 26 26 5 
21 1612 18498 14335 9743 19698 6 28 9808 21776 18498 
873 18498 9193 20357 9620 6 30 30 26 28 28 26 
873 18498 17511 5108 6 28 28 28 28 
873 18498 9193 1027 15138 6 28 28 
873 18498 17304 20402 4229 6103 12787 6 28 28 26 20931 2921 8 29 
873 18498 17304 20402 4229 6103 22765 1095 6 28 28 
873 4766 22463 20853 3086 6 28 22654 15678 13909 28 6103 21793 17458 20402 
873 18498 14335 210 20244 19900 6 30 28 14604 28 8 29 
15790 5588 4 9193 10959 6103 18525 14335 14156 30 20463 13512 8 29 9743 18525 18533 18498 21 
26 26 26 9697 26 26 26 26 
21 31 29 15266 2116 18494 15502 16098 28 4 11462 21793 9901 22 22 2371 14604 28 4796 31 9594 20402 13512 24 22 22 21 

