22463 16440 7509 22310 3319 7509 15534 28 13055 21596 20463 3710 7914 3962 5 3960 6103 6103 7730 28 9193 16647 23122 19969 18498 20402 14604 
17989 17872 3960 7509 1249 20 3960 6103 6103 7730 28 
15855 31 15534 20 20 20 20 20 13512 6329 20 20 20 16323 28 30 20 20 3960 6103 6103 7730 28 
21 31 18498 17406 4289 5 
4346 4766 15678 28 28 19969 28 28 21 
21 18533 22463 21543 8810 16404 31 20931 13811 0 21282 4913 15678 17915 7509 26 4 13679 6103 3946 20 12421 15658 1453 7850 3512 4 4796 6389 7509 14245 20 
991 7509 13207 18498 1421 7850 16255 1393 8661 15678 13812 5 
7730 2371 0 18470 20402 31 20794 16404 15678 14604 7251 12960 7850 13600 0 21 
31 17106 16440 7509 3962 15604 22942 15604 20402 15658 17304 3915 7850 13945 5 20126 6329 20 21732 15427 28 23024 
13761 20149 12780 29 11518 5 5 5 
21 18498 7127 7509 15311 15678 18606 20 31 10765 4788 15678 12760 7509 5505 7509 5505 5 22463 15266 6103 12763 22915 4 15619 9145 4 15138 14673 4 15138 11092 7730 19699 5 20738 13030 7730 4788 13030 20 7730 18498 23016 13909 12963 17872 11091 4766 23135 20 21 
21 22463 7127 4 873 21596 18498 8147 5 5 5 21 
21 7730 11462 4 15678 18498 9193 13909 18533 20402 23151 16404 31 3962 7730 22318 22805 5590 4766 8956 20853 5 14604 13520 5 5 5 21 
22890 7509 4385 6103 16255 13909 18498 16816 5 15708 31 21793 20 20 20 
28 28 20 
15834 0 
7576 20402 7127 6103 26 26 20 
1453 16404 5179 5 
21842 8995 17989 20 30 28 9872 12780 11091 17461 
26 6281 28 1765 20 20 20 20 20 16323 14464 20 20 20 20 7509 3805 20 20 20 20 
21 7957 11091 16404 26 6281 28 20 20 20 
22805 7730 20463 17877 4766 15678 10060 21 
21 20539 4 13055 21596 17877 4766 12861 5 15658 21596 7728 6103 16630 16404 31 15109 22838 20149 9193 19969 7850 10273 5 5 5 21 
4809 29 20 
21 21340 16169 4 21340 9942 5 21 
871 21596 31 20060 10620 5 5 5 5 15671 21596 31 20060 28 5 5 5 
21 6408 6103 22463 2834 6103 26 6103 29 4 7558 15260 30 4766 28 16404 9769 31 21409 5 5 5 
14724 10548 4 23016 7914 9193 20 20 21 
7850 3962 7509 26 17304 12960 21793 15678 7697 7850 4387 7730 18709 10833 20 
12780 9193 3454 7850 28 10765 20 20 20402 21083 10544 20 
21 16971 7509 14604 28 18498 5947 15286 4 18498 15658 9901 20244 15678 10186 6103 16098 7850 14600 15576 7509 7127 31 7127 4 18498 15658 20149 11862 4766 15678 15855 6103 21 21 7847 7847 20402 13688 21 21 18476 23135 2462 31 3393 7730 9901 155 31 2988 560 4 23135 17629 3702 7730 18498 2136 20149 7995 4766 31 14437 20 
20539 4 8995 1614 16630 16404 23135 4546 4 19871 4 7850 13543 41 4 8720 7730 23174 7850 2510 7509 14604 1095 20 15658 20402 4 28 28 20 
15708 16971 20 21 
21 13055 18498 15658 6075 16404 8611 6103 9901 13909 22765 4 12780 4788 20 21 
21 1744 23206 18384 7509 3192 7509 21739 4 560 4 21596 22463 14984 15658 20402 0 21 
7957 6256 31 14156 6103 3618 740 13909 20480 20 
21 23135 12780 7850 15824 7730 7847 7215 31 20931 18311 4 17080 4762 18498 1655 17872 4359 5 15658 6075 15424 17872 22805 15678 4122 20 
9308 9790 7730 2037 6103 4848 7850 15256 5 
21282 18476 23135 4289 7850 8686 18498 5219 13359 18498 7847 22318 6075 22463 7127 6103 10175 5 5 5 
18498 21083 5 5 5 5 30 21 
21 20402 21793 31 16836 18498 9193 13055 19474 7914 29 1249 6103 22942 5 
7730 740 21596 31 16836 20149 14604 15540 28 20402 28 7914 12910 5 5 5 5 21 
21 3058 4425 20 
654 4 12780 1540 4796 1419 0 6103 21 
21 15658 2631 23135 20402 21 21 15708 21 21 31 22805 15678 11538 17382 7850 21525 7730 7850 19870 5 5 5 23135 21596 18498 1190 7850 28 7730 740 22805 31 17964 6981 17057 5 4766 7314 7730 22327 5 5 5 5 21 
20402 31 28 7850 17165 6103 3014 7509 28 0 0 0 0 
21 12780 8406 7850 3222 15658 20402 5 
6472 238 28 28 5 654 4 9743 15678 6472 16404 28 28 4 28 31 12787 7730 28 18832 5 2703 5 21 
21 21793 15190 4318 5 5 5 1612 20238 3365 7730 15678 10547 13909 17703 7914 16647 15678 3388 7509 15253 5 21 21 23 4 8995 7174 20 8344 20 21 21 21 
21 9193 23575 15266 21596 8406 7914 13652 6103 3228 7730 19830 6103 5758 5 20069 16404 9193 0 25 4 6256 9193 22805 1612 3228 2611 20 
909 4 21596 13909 10273 20931 7509 18498 7509 28 20 22463 11474 18498 15658 21596 15424 22463 14594 6103 955 18498 8406 7850 9193 22942 16404 15061 18498 20402 17521 6075 22463 20853 4 1920 4 7509 15299 5 21282 6103 22318 15855 5 5 5 21 
15678 2628 6103 22463 10916 7509 28 5 14335 7451 20 
9743 15678 18498 20149 14604 1097 7730 14604 15311 20402 5548 5 
21 15855 31 3790 6103 19952 4 22463 29 14764 6408 6103 21810 22623 5 13512 7509 21739 20 2136 7545 6103 20126 7509 20463 4294 4 28 5 21 
15658 12780 17769 9193 21932 7850 13539 6103 17919 6981 10542 5 15658 12780 14539 5 5 5 5 
21 6103 22897 7914 18476 4 31 12974 17304 21710 15658 20402 5 21 
11284 20 654 9193 753 16292 7730 15253 31 13501 14604 3310 20 
8 29 
14604 13512 20 
7730 31 21739 264 5 18376 17872 5698 31 10751 20 
13761 20402 15671 16404 28 16404 13909 22463 12960 
13909 22463 15835 6103 9975 20 28 7730 28 20 
15835 6103 9975 5505 7509 15190 29 
9193 12780 15036 5 20244 13909 5 
12780 28 20 20 20 
8995 4289 31 11518 20 20 20 12780 28 20 
7914 28 20 20402 15671 28 20 
21 15678 12960 7509 9634 4 7914 20402 28 21 
19969 6103 20402 28 4099 5 
28 7730 28 28 7730 28 7730 871 28 16404 16475 7914 28 
9922 26 26 29 
21 12780 9193 6917 6103 28 4766 21 21 15678 21 21 12960 7509 5505 20 28 7730 28 20 21282 18498 15658 5505 29 21 
13909 6103 22463 11518 1276 7509 12960 16404 19418 22463 13727 7850 2547 5 12780 28 20 20 20 
21 11702 7509 10302 4 28 5 21 
16468 22463 10405 16404 1937 28 7730 28 20 
26 23 20 23104 28 20 
21 2371 14604 5528 20 20 10916 20 
28 4 28 20 21 
18385 4623 16673 28 7730 14924 11447 7509 16971 18498 17525 5 5 5 
28 29 23274 29 28 
28 20 20 20 
21 23016 17438 14336 6075 8806 4 662 1393 2787 4 28 4 28 4 28 4 28 4 28 4 28 4 28 5 28 7730 21389 16083 12974 7730 23496 18498 14335 753 31 4886 15678 23489 7509 5505 5 
15678 15422 20402 7850 18737 5 27 
22657 16673 1506 14996 28 4 28 7730 14604 18533 28 5 15678 23489 20402 7914 5193 4 9193 17438 18736 23556 4 7847 20402 14604 5 21 
21 4766 7847 9193 23151 31 12960 13725 4 6052 4 26 26 5 5 5 31 3224 6103 288 31 16083 6106 6103 22463 17063 6103 19830 5 5 5 5741 15658 4 17438 9721 5 21 
21 10747 20402 18476 23135 20402 31 17819 31 15855 22463 3031 6103 9925 19335 4 17458 9620 1453 22310 16404 23135 4886 15678 23489 20 22657 28 20 8 29 21 
1276 6103 13994 5 6408 6103 13994 5 2377 14539 5 
22463 15266 6408 5 5 5 13909 2991 7730 3855 5 
14604 10962 20 
21 22246 28 28 5 20247 6103 4875 4 10273 4 15599 7730 5 5 5 5 22240 9925 7509 5505 5 20402 15671 5 21 
21 7730 15678 18498 9193 9743 16404 15678 28 16468 13909 19871 16404 9193 22805 8956 20853 4 1393 23104 0 28 4 14604 1114 20 21 
21 4290 6103 4264 5 1755 15678 5528 7509 21768 20 
22805 20149 9193 17511 4766 8956 17161 0 8 29 21 
21 8443 21739 5 5 5 17438 8329 4 12780 22564 15678 3228 16404 7599 4 26 0 21 
3559 20 3559 20 15658 1467 20 20 20 20 
15138 1114 20 20 20 
21 7730 16404 126 15678 5528 4 6256 15678 7127 13405 7730 6075 1612 20853 2981 4 9193 15855 8956 11729 5 7730 9901 15311 3450 7055 4 1271 16673 7127 18498 12780 22318 16647 7850 4687 7730 8125 6103 4294 20 28 4 14604 13520 20 20402 15138 1114 4 15138 6679 7509 14425 17872 23135 7509 21768 5 
13055 17511 13501 31 2385 5 21 
21 23135 4766 10186 6103 16098 4 20799 951 7730 7850 4181 6103 18498 8995 1755 7850 15286 5 5 5 
31 10151 20402 21282 17438 16440 6281 4 17438 9721 5 
21 21 22327 2727 23135 2989 7850 14336 7509 15286 21 21 21 
9387 15138 28 15459 22942 5 5 5 
21 16367 15712 1603 10259 8003 4766 15678 13053 4 7850 28 12928 5 15708 22805 4 17438 9743 22463 10943 9808 20 16404 21 
21 28 28 4 8995 18506 5 23135 19900 18498 9193 22318 1027 4 15658 20402 0 9193 9193 288 18498 11462 4 14604 20352 8995 5150 5 5 5 

14604 20304 5 5 5 740 2727 18498 6103 20474 15658 6075 16404 22318 23051 7850 204 5 5 5 27 21 
8810 26 7509 28 6 26 26 20 
21 8406 7850 9009 16373 7730 8720 6 4473 16345 6103 22144 8406 31 9009 2605 10484 31 28 5 16346 7509 13539 22840 5 
16066 20402 4 3530 18449 5 21 
26 5739 20 20 20 20 20 2700 20 20 20 
7730 18498 3058 18498 21596 22463 1393 16083 5 5 5 
21 28 26 3058 28 4 22463 23570 15599 4 15658 20402 0 21 
21 16972 4 15678 28 17629 7509 9193 753 5 18525 17304 7512 20044 4 9193 662 4 31 4964 1620 662 5 
28 28 28 8995 12610 7850 11543 5846 2352 5 
18610 5 7614 28 6103 3630 28 4 29 29 5 21493 29 29 
18610 5 28 4 29 20060 28 5 21493 29 29 
10268 28 4 23135 15658 8995 21282 5 21 
21 28 4 8995 13030 20 20 20 28 21 
21282 31 8406 5 5 5 
21 22137 16404 31 4289 7509 20693 5 28 4 15678 2689 13909 10962 7509 17812 20 20 20 21 
21 15671 16784 15678 1095 4 9193 15658 31 17022 20 20 14335 7451 6329 4766 8956 7558 20 20 20 14181 7509 28 28 28 7730 21 
21 23135 18498 740 15658 4913 15678 17737 4 8995 16721 7914 4913 1612 19830 2389 16404 31 9867 4 13529 16404 31 23029 7509 1249 16066 18475 16083 4672 7850 20495 5 
14604 20584 6679 6103 3058 20855 5 21 
15678 3959 13909 10138 20 20 20 
21 6408 6103 3224 6103 21752 20044 7509 9193 15256 4 10700 21469 21752 1612 20828 5 21 
4842 9807 7914 28 5 
21 7576 4 29 4 7847 3962 5 
31 14464 18498 1190 6103 3192 6075 4815 4 718 9193 4500 7730 13690 7730 3224 4815 6103 3080 4 28 7730 16083 21389 12723 5 6103 5648 4 9193 5150 6 28 0 28 0 20402 9193 4841 6103 22915 6103 16960 7509 15576 16169 7730 7977 21 21 17497 21 21 7850 3962 7509 16083 5 18476 7599 7850 9193 3962 7730 20402 31 11518 7509 6917 4 9193 20293 4346 8644 6103 20126 5 21 21 9193 18498 2781 28 4 23135 12780 23215 7850 21252 6103 15604 20 21 21 4 7491 9193 15253 5 
23029 15144 4 14335 8720 4 14335 347 5 20402 9193 1095 4 9193 17812 4 9193 12787 5 
8147 20931 3790 14561 5 3962 15637 9867 13512 4 4766 7055 23577 6103 18525 18533 9743 6072 7127 8810 16404 21793 5 
9193 1453 6679 31 23135 4 28 4 7730 1393 28 15678 14425 5 9801 7730 1114 4 1114 4 1114 4 1114 7730 13909 1114 20 22318 1027 5 21 
8241 15678 4780 17872 28 4766 15678 20799 7509 28 5 5 
31 5692 7087 5 5 5 5 31 30 6103 22310 13505 5 5 5 5 15678 4341 5 12345 15678 9833 20 
31 17819 18498 22805 20 20 20 13512 5 28 26 
21 15708 16972 4 16673 9803 20 21 
28 20 20 20 
14799 5913 5 28 28 17165 
21 7576 5 5 5 7127 6103 28 4 26 4 8734 5 5 5 21 
21 15658 2631 22564 31 3585 7850 14561 7509 3315 5 7847 21596 18498 8995 4766 31 5868 10507 23206 5 20474 4 20931 13512 20 21 
21 13055 18498 20402 15678 17819 31 4289 4 12780 9743 17497 5 5 5 21 
21 16404 15678 18997 4 22463 15941 5 21 
21 18533 15298 4 
871 15658 19900 4 9193 15678 26 6103 15599 7730 10273 7509 30 15128 5 654 9901 7850 18352 23273 5 1620 16559 5 15983 5 3148 12971 5 22805 20931 10273 13761 4 9743 15678 17521 16404 21752 6103 21793 20 20 20 2702 20 20 21 
12780 8720 15678 15298 13909 19871 7509 15190 5 
22188 5 
21 20402 26 4 28 26 3058 28 21 
16323 28 14158 5915 7730 28 28 20 20 20 
21 28 28 4 1276 6103 17525 8956 10273 4 16721 6 21 21 9193 4 12780 6256 15678 14464 20402 22250 7850 28 4 6256 18559 21 21 5 9193 2371 4 9193 13325 18498 23135 14539 17525 23222 6070 7730 15061 21793 15678 20463 10850 4 13909 6103 22463 22897 20 20 20 5 5 5 8443 4 14335 9431 18498 3388 20402 8956 0 21 
21 28 4 31 4417 4766 9671 31 3450 14594 18458 7730 13178 19511 871 13727 6133 16404 4796 15658 18652 6103 29 5 21 
21 23 4 9193 18498 12709 3058 4 28 28 7850 26 22805 8956 12960 20 20 20 20 20 20 21 
21 1393 18498 14335 19363 7850 28 7 1393 18498 15658 17304 4796 9193 4 9193 1502 4 7459 12301 7850 5459 7730 19415 20699 6 16323 20 20 20 
15678 6996 7509 15576 16587 20293 9025 7914 9193 15256 20 20 20 12861 20402 1453 15678 4785 5 5 5 21 
21 21 21 15678 18498 11284 6103 22385 1075 15459 29 4136 4 31 17406 6103 9743 4766 18498 10985 7509 6340 18040 4127 7509 7424 4 20402 21355 866 18498 20149 368 15036 17438 1614 6 22608 5 31 15599 16852 1380 16673 19856 4 31 15616 18498 15678 8995 21582 8765 4766 15678 3969 7509 4074 7509 17377 16559 4 20402 18498 4 8235 4 8995 23106 5 21 21 21 
21 7847 22564 1694 4 8703 4 20890 6103 17068 4 3982 7730 11199 6103 13120 5 15671 22564 31 23180 5 7730 12861 4 14604 1095 4 2046 7914 4290 15678 11443 5 21 
21 22463 2700 4766 3790 6103 10449 5 1027 23135 4 28 28 6 16404 21 
15678 3720 12454 7850 14600 5 4044 9769 7730 15425 17803 6103 18498 11518 9193 4289 7850 20446 5 5 5 7730 18498 23016 15678 9833 20 20 20 20 
21 11462 4 21812 20402 22664 5 5 5 5 7730 31 28 28 28 22563 4796 4687 5 8995 3086 20 20 20 20 21 
23151 1920 7509 26 26 5 5 5 
21 11462 4 31 4964 1620 16784 22463 1409 16673 8893 7730 16673 13632 4 28 13889 28 5 22463 1095 18533 7730 18498 20357 15138 9620 7686 31 4875 5 15678 18498 20402 7509 9224 20244 20931 9652 22202 15218 7730 16609 14881 6103 1380 18962 0 14335 753 15138 14335 8414 19522 4 7491 18498 472 14604 20853 7730 14335 8125 16404 4730 15678 15540 6318 7850 9193 15599 5 14604 20584 20352 31 9634 7730 1097 5 
41 4 31 10273 18498 7847 7491 6 12780 4 23135 15658 12780 4730 14604 15540 7850 20931 15599 4 16673 14466 21752 22463 10273 9193 1614 7850 16559 20 21 
9193 19900 18498 9387 873 18498 15658 31 288 3086 5 5 5 
31 28 654 20402 4318 7730 21596 23351 7730 23029 4316 5 
7127 6103 12910 5 
4102 15678 22805 4766 15678 10060 7509 4122 5 9193 15658 14335 724 5 5 5 5 3959 7557 5 
4581 7850 28 6 13745 7730 13053 
21 6663 4 15658 6075 16404 13405 31 21267 22463 3790 6981 5 5 5 5 21 
1614 20402 30 20 20 20 
14604 10186 23029 3228 6103 10696 5 17304 15012 0 
21 20402 1937 28 7850 19418 5897 18476 4 20559 4 16765 18498 11729 7730 20799 15658 8995 20587 5 991 7509 13285 8995 2087 5 22463 16816 9956 7662 5 15671 7730 13909 22463 3959 51 31 19972 14466 6103 4436 14764 5 12861 17458 20402 22463 4443 14577 31 2780 4 3894 7730 4290 6103 10391 5 16647 15678 6103 23151 7730 8720 18498 12861 20402 8561 7509 26 7730 18498 21793 15678 4443 8995 1920 5 16404 9193 4 12861 20402 11875 7730 11956 23135 18006 16468 22463 9956 15458 5055 5 21 
21 17583 7509 28 4 28 21 
5896 13679 16404 31 9087 6103 28 13591 5 15678 9956 0 20311 5 
21 14425 7509 18498 7599 4766 2609 6103 4380 20402 7599 8344 4766 15678 7784 5 23135 20293 20402 2727 23016 4 10366 10405 20 20 8 29 21 
2585 6103 3959 7850 28 5 472 20 20 20 
21 20402 22463 7509 8812 16404 15678 22246 26 26 22463 7509 17835 23175 7509 14426 7509 1249 7509 15350 3170 7730 15187 5 15708 16673 5107 7730 15941 4 28 28 5 21 
753 7509 22519 5 5 5 5 15678 18498 20420 2416 0 0 0 
18525 20402 31 28 0 0 7847 20402 10962 0 18379 7509 23575 7127 7850 30 5 
21 13030 4 7850 28 1393 29 7509 15533 4 6106 6103 4380 5 5 5 22805 31 20237 9818 16784 7509 28 5 5 5 5 25 4 20402 15138 1114 4 15658 0 21 
21 22834 875 5 20149 9193 20402 28 4 14335 8644 17438 871 28 5 5 5 21 
28 16404 15678 23551 9010 7850 13591 5896 16559 5 11731 31 13690 6981 13727 0 0 0 
21 1612 14924 18498 23135 15855 16404 15678 23059 7509 5995 7730 9605 6 14069 20 20 20 20 
16559 12240 4 7914 28 
26 13359 21 
13441 8 29 
21 9193 4 7850 13652 7509 28 4 1393 20799 6103 22463 15286 16004 5 5 5 
15658 21596 13909 6981 21364 0 
15658 5 
15299 15458 5518 0 
15658 
15855 2727 7850 10484 7509 15860 7509 22781 7730 16836 6 
23135 288 18498 8995 21787 15286 12910 0 
15658 19900 5 
15658 4 15658 8995 5 12861 20402 5541 5 23135 9901 14810 15286 4316 7730 5541 4 288 18498 20402 12910 4 15658 6075 4179 5 
15658 19900 14539 5 
8443 12780 7850 9193 6 15658 20402 12910 5 
14466 6103 22463 14763 6408 18476 16468 7850 10366 7509 13652 4 21787 15678 11402 7509 28 5 
4730 15970 7850 2422 7730 6075 15138 19699 7509 3790 7509 22781 5 21 
20293 21596 31 17819 22897 5 5 5 
21 28 4 23135 13026 7850 22915 7509 30 20 21 
21 28 28 4 16404 14265 22463 17556 31 5936 6103 15894 23016 15678 15540 6981 22958 18498 9743 16440 7509 9193 22942 5 733 4 7730 5150 14539 15678 15540 7509 14156 5 5 5 19234 20 
21371 12780 16162 14619 5 2700 17872 23135 5 
21 21 21 18476 22463 19403 20402 15708 31 15128 6103 16587 7730 20149 8644 4766 31 9634 17438 9743 2727 15678 20463 21932 7730 17769 22463 20446 1393 17436 4 1393 10016 15678 23567 6103 20214 18449 4 9010 15658 20402 22463 17877 21282 6318 9193 7509 11884 4 18498 21596 15678 7102 6103 12296 4 7730 7509 20709 4 18498 21596 15678 7277 6103 20402 12296 5 20402 7384 18498 20149 22092 21 21 5 
13311 15712 5 871 4672 8995 8561 4766 8956 10268 6103 20214 7509 8995 4 6103 7894 5 5 5 15677 18498 15658 2647 4 9707 18498 20149 5392 5 7730 8956 4419 740 20402 15678 20207 22830 13909 23174 7509 18201 5 21 
18930 31 26 7850 23423 13359 
21 7558 11518 6408 4 4289 7850 9145 20 20 20 12780 28 20 20 20 21 
7914 16083 16192 6 20402 15678 3790 20 20 20 20 
12577 20 
21 14924 5758 19698 21389 4766 15678 16169 18498 20786 22463 18292 5 654 4 8995 2136 4346 6103 21389 19698 7730 9193 4 21582 20215 15678 19703 5 5 5 21 
21 15658 5 5 5 5 31 15144 8995 4346 4 9594 6103 28 5 5 5 12861 20402 15678 20577 18498 31 20474 20402 3058 5 5 5 5 21 
31 15533 20402 13669 20 20 
21 2975 8886 4 3585 18458 20 20 21 
21932 4766 22463 16971 18498 472 20 20 20 20126 6329 6981 14464 20 20 20 22657 16526 20 20 20 
21 8995 9594 18498 23135 8995 2988 21056 5 5 5 8995 17629 15963 5 
20402 4 17629 14335 5099 5 6670 7576 5 5 5 5 
19900 18498 15658 12780 16404 15678 6014 20 21 
7996 5 
733 12780 20 5320 31 15616 654 5 5 5 
7957 21842 16404 15678 28 20 20 20 
21 2367 17341 22886 1393 23104 15658 20402 15138 13278 5 15678 3790 20402 19283 31 22463 14594 6103 7395 7509 9193 14534 5 31 16784 1614 740 288 18498 20402 3222 4 2136 22805 22463 10537 5 5 5 21 
15138 20330 5 5 5 
23 5 17593 20 20 20 20 
21 23151 16404 3962 15658 23572 12265 6103 2553 5 8995 10544 4 22805 5 5 5 21 
18470 31 11066 15390 6103 4854 29 10273 16719 0 0 0 15643 12780 8386 5 5 5 
22463 23147 7850 14134 20 20 20 
26 28 20 20 23016 29 28 6103 10175 20 20 20 20 

