11617 26 31 26 26 26 20 20 
9193 22942 5 
21 11474 4 15658 20402 13820 20402 15658 9594 14512 6103 15144 15424 7850 19745 7509 1097 5 21 
28 20 
1453 15036 
26 26 
14464 18498 22564 3585 6389 7509 3124 6 16404 5 
26 
17269 21264 23343 7730 740 9387 4672 184 1920 5 5 
11036 
26 5 
17629 6103 22463 14133 6103 9948 21793 7127 
26 26 20 
15138 1114 7850 21281 
10907 26 
21 23135 20402 22327 22280 4 14539 21 
21 16323 4 28 20 
9743 15678 18498 15678 16587 18498 20149 7491 9239 15658 9743 20 21 
21 873 18533 12333 17872 19735 11943 19698 7850 7127 29 0 
21596 22463 1095 22782 22463 12333 20 18475 4672 14018 11980 20 21 
21 9634 
1027 13909 18498 22327 20 21 
18533 22463 19830 6981 
21 19969 20 
4561 15604 7509 28 15818 18498 9901 1229 20 20 
1937 7730 4854 2371 4 20463 13512 20 21 
21 9808 1247 16404 9193 12787 6103 16169 7176 20 
18498 23135 21596 15138 1114 4 16580 4 20127 4 9801 4 13759 7730 22327 6103 14425 11462 4 7850 20463 7127 4 7730 20293 20 
9193 22318 1027 15138 4 7730 14539 18498 15658 9193 22805 20293 4 19900 18498 20293 20402 31 14539 4672 4 17458 23135 14335 5174 4796 15502 4 7730 23135 7730 9193 21596 22463 20616 18498 15658 9387 4766 15502 20 
9808 1247 4 20500 20 22318 1027 15138 15138 4 6670 20293 16404 20293 21 
21 11462 20149 20402 31 3439 13909 7723 4 3872 7730 4841 18498 9193 13055 5174 5 15708 17438 827 9193 3962 7730 9193 9634 17438 29 1249 4 28 5 9193 20293 12780 22318 1027 20 8840 18498 23135 8995 14425 654 5 5 21 
28 28 28 28 26 28 28 28 28 
14667 22157 
21 21 21 26 15803 26 26 26 26 26 26 4 26 11617 26 26 21 21 21 
21 28 19900 15678 18498 9743 20 
26 17563 3086 20 
17324 20402 5 5 
21 14464 7509 14604 28 4 873 17438 228 21596 22463 9645 16404 14335 8060 0 21 
15678 18498 9743 4766 15678 12726 0 0 14604 28 18498 3564 12260 
21 15708 17438 14335 9743 9808 21793 15678 28 4 7730 17438 14335 9743 22463 16971 14425 9193 22318 1027 15138 20 20 29 15266 21 
21 21 21 26 1631 26 21726 26 26 26 21726 26 21 21 21 
28 28 8 29 
21 7850 15270 4 13043 5 21 
27 9808 7127 7509 16169 20 
23 26 26 14335 26 
3058 7127 20 
21 21 21 28 20402 22463 4328 16404 20879 5 22463 4328 6103 14871 16404 15678 18470 31 4417 15658 8995 14484 17714 5 15637 4417 7914 18498 20149 9605 1453 7509 12186 4 7847 16721 7850 4708 5 15637 4417 7914 18498 31 16971 20149 8474 4796 5297 4 7847 9193 22092 4796 4419 5 16162 15678 17807 17438 12861 7850 1249 18498 23016 5 21 21 21 
4672 6103 6790 
26 26 5 
26 18498 8956 4561 8995 9901 24 8 29 
21 21 21 26 26 26 11943 26 15803 14335 4 
26 26 26 26 5 5 5 
26 26 26 26 26 26 4 
26 26 26 26 14335 5 5 5 
11617 22 6103 7509 26 21776 26 26 21776 26 5 5 21 21 21 
26 
26 14145 
21 22463 18774 18498 7102 15128 17872 15908 20 
15144 4 22489 20 21 
21 14265 31 20126 6103 1249 22318 1027 4 1095 20 21 
26 26 
9808 1247 17872 14425 16169 7509 15190 22318 1027 15138 20 
20480 10859 
15658 12780 9620 20402 
6 
21 26 4 3058 22915 20 18498 23135 20149 18779 15138 7850 22942 15604 7914 15654 20 21 
9193 7850 19768 
21374 10138 6329 
14604 19703 20402 22385 9808 5354 
21 26 4 26 20 21 
13115 
15138 1114 15637 10273 21282 
26 
21 9808 29 15266 4 14604 1114 20 18498 8956 29 15266 20149 19335 17438 21793 15678 20293 20 22318 1027 15138 4 15708 17438 14335 9743 9808 20 21 
18339 18498 15678 16404 
7730 23135 9594 6103 12368 5 5 
8 29 
3805 
21 9808 29 5 29 4 28 20 20 15138 9801 4 1114 4 16580 4 26 7730 13909 15138 1249 6103 1103 20 
1027 23135 4 1095 20 21 
21 26 11943 26 4 20892 5 28 21 
3232 7850 8968 6103 3439 8840 15678 16169 23151 
22463 18381 7127 16404 31 12353 
31 7558 13030 7850 3956 
1453 15726 31 16971 18498 15658 4730 10273 4751 5 5 
7102 20402 4273 5 5 
10765 21776 18533 16647 3450 22463 18498 8995 18443 10273 4751 7730 6075 22463 2700 7850 21662 6103 21793 23135 
26 18498 8956 26 8995 13512 6329 21793 4751 8 29 
26 26 26 20 
21 1276 7730 6408 7509 19550 9790 16673 30 20 9901 13512 4 9193 28 23151 1393 22942 20 21 
26 26 26 
27 28 
26 28 26 26 26 26 26 8184 26 26 26 
28 26 26 2384 
21 21438 4766 20126 6103 22805 7254 7850 4443 20 
28 26 15138 13688 20 21 
21 12780 4 21582 20402 13820 14539 4 2374 5 22834 875 5 5 21 
2637 26 4766 14604 13512 30 
26 7914 15540 7509 1114 7730 19456 27 
28 28 
15502 20215 8956 15144 20 20 
18069 18498 10495 17304 20402 15138 3058 5 5 
1095 6103 22821 5 1027 13909 18498 22327 20 
21 29 13800 
28 28 28 28 28 28 28 28 28 20025 28 28 28 28 28 28 26 28 28 26 21 
21 21 21 9819 15658 20444 17872 15299 4 23135 20293 21596 7277 11686 1393 11474 21 21 12861 2371 4 3790 4 16323 5 21 
9193 22805 18498 14018 15138 7850 9574 7730 8995 6103 10548 6 
21 5728 6103 16226 7850 18374 12865 4 2637 19890 4766 26 26 4 26 6103 28 7730 22996 4 16404 18069 18498 22327 4766 23135 20402 6310 7730 12094 5 9193 22318 1027 15138 4 14604 13512 20 9808 7127 7509 15311 16404 15671 20 18498 9010 20402 1453 15678 17819 6103 15138 21793 18498 18533 16468 5354 20 30 21 
21 20738 4 11498 21 
9312 5 5 5 
9901 31 7157 16404 15678 19239 17636 7730 2374 
21 15708 4 14550 28 23135 28 4 17438 368 7914 9193 5 15708 17438 20293 21752 6103 9193 15678 14604 15252 4 7730 15643 238 14466 18498 15678 15252 18498 9193 17304 6075 6103 9193 5 15708 17438 14335 8361 7730 14335 12465 5 13325 9171 6103 23135 4 7730 18476 15678 21021 20402 2046 4 12783 2136 23135 4 17458 23135 18498 368 18498 9193 4289 13761 5 
15708 17438 22327 20 21 
26 26 28 26 26 20 
21 1540 4766 15678 1233 4 9193 10765 5 21 
21 15424 17856 4 15424 16689 6103 15041 5 20149 6981 22463 21446 17872 3450 2524 6981 14604 28 4 7847 12784 22805 15678 18498 20402 18306 5 21 
9193 22318 1027 21389 18498 2136 28 28 16468 31 9743 20357 18533 9901 13030 1920 17438 21793 15678 20293 20 20 
14425 26 7509 23575 21551 
16323 28 16673 12346 20 18498 23135 20402 15678 17819 6103 15138 20 
21 9312 5 
26 6663 31 16192 9786 27 21 
26 26 26 20 
15658 5219 8386 4796 23135 5219 4796 22463 4672 10138 6981 8 29 

