21 28 28 4 28 28 7730 28 28 4 12780 0 20 21 
21 28 28 4 20402 18498 9387 22463 10559 16404 16098 8956 15286 4 20244 20852 9790 22463 2977 0 20 21 
21 20402 18498 873 17304 14335 352 4 17324 4 288 18498 8995 20825 5 5 5 16468 7850 22575 20 20 20 20 20 20 27 21793 15678 8744 22657 1453 4 654 20402 21282 4788 20 20 20 20 20 21 
21 28 28 4 6075 22463 15852 7850 20931 15585 6103 5621 4 9193 4 288 18498 15678 15270 7509 1249 16468 20402 29 7 21 
21 28 28 4 1614 8995 15678 13543 16404 20149 12406 7850 9789 6103 12571 7 
21 28 28 4 15678 18498 288 6990 15286 0 12780 9901 3058 7850 0 21 
21 9980 288 31 9193 15286 8 29 
28 7509 13297 22535 
21 472 8956 15286 20 22463 7509 17555 7509 26 18498 9193 18784 5947 20 
21 27 28 28 13055 17304 9901 20869 4 20149 22463 7127 873 13688 20391 31 28 28 630 13055 19900 15678 18498 12780 349 20 21 
21 16971 4 22463 23222 20670 2875 5 15671 17304 4730 22463 23222 7850 9193 1549 4 15678 18498 23135 288 0 21 
21 11560 6 23273 5 9789 9128 5 28 5 4766 5 3148 17476 26 9789 9128 29 26 5 11559 
28 28 7730 28 28 21 
21 11560 6 23273 5 28 5 4766 26 0 22615 12984 30 29 
28 28 21 
20402 18498 8956 15144 16721 0 
26 29 8 29 
472 8956 15286 20 20 20 
28 28 7730 28 28 
9193 18533 20 20 20 
21 28 28 4 8956 20402 31 21340 15286 18498 9193 15658 16367 6103 3702 5 21 
28 28 
2136 654 22463 7509 14426 23222 7509 29 5 15138 19699 20 20 20 15658 20402 28 28 0 20 11560 6 23273 5 28 5 4766 26 28 26 26 26 26 26 26 10724 29 0 30 26 28 30 26 26 30 26 3148 28 26 
21 26 5 5 5 26 5 5 5 26 20 
21 8956 22861 6103 11617 22 13800 20480 26 11617 26 12863 4 20402 2727 21185 5 472 20 20 20 20 21 
7783 28 
28 28 7730 28 28 15855 8956 23222 20 17304 9387 16971 1920 7850 22942 18772 5 5 5 
28 28 7730 28 28 15855 8956 20 20 19698 15138 5 27 
21 28 28 7730 28 28 4 15855 31 14980 18498 9743 20 20 20 15138 3058 20 21 
19698 15138 4766 8956 23222 11462 6 27 15138 3058 5 
26 11617 26 
28 28 13055 22805 0 20 
21 472 8956 15286 20 20 20 
21 28 28 7730 28 28 22805 8956 26 5 18525 13055 13359 5738 12780 8386 5 
21 28 28 7730 28 28 13325 6103 23135 11462 5 13055 22918 15138 16098 8956 15286 5 
28 28 15855 31 13085 22 20539 26 6103 28 5 20402 13512 20 20 20 
21 13325 6103 23135 11462 28 28 7730 28 28 
12780 18779 15678 15576 20826 14464 5 5 5 15678 15190 13055 20402 15576 4 17629 1453 5876 7509 18498 28 9193 6075 5 
5 5 5 

