8995 7850 11518 6103 20402 5758 20 
7576 3058 
21282 18533 19900 3472 31 10606 7509 15658 12780 21596 10927 6408 6103 22463 16208 6981 6 22615 
26 26 10628 26 20 
21 654 12780 20 18533 7491 4 20402 20 21 
19094 11861 20 
5174 31 23112 20 27 
16494 13688 
10243 15678 3274 20 
9743 31 14299 20 
23104 17872 22805 31 10889 6202 15678 5426 6103 1694 5 
5980 8995 20 
6 6103 
21 18498 12939 10962 6103 4809 15678 1249 20 
9808 29 10606 20 21 
28 26 6103 7850 18339 13857 
15424 17872 21596 1612 29 5 5 5 
28 11154 20 
9808 28 20 20 20 
21 8956 14796 2136 6075 17872 10691 4 9193 15425 2647 31 14796 28 6 28 28 21 
27 22657 22463 3058 19699 
21596 14425 17872 20474 0 
20402 18494 20 9193 23151 5 
21282 4672 3058 8956 29 5 7730 18498 29 23016 4766 15678 7521 20 
28 18498 18498 1421 11462 5 28 28 28 28 6 22615 
18494 13761 
1570 16404 15678 14548 7850 22575 29 20 20 20 
21596 22463 527 7850 14336 7509 3610 6 22615 
7957 827 20 
21 15678 21551 23123 5 5 5 
21726 26 5 5 5 21 
28 28 28 28 28 18667 28 28 28 28 28 4543 2371 26 20463 28 
21 15678 7127 18498 15128 31 9193 22942 6 
28 28 4 28 28 21 
28 654 20402 3749 7509 1404 0 
1614 7914 28 22385 11862 26 26 7914 10211 6103 1404 5 
15708 1393 28 28 7730 20931 480 16539 16673 7157 5 654 21282 21596 29 20670 13761 7850 17595 6 22615 
21 26 20402 7509 1623 4 873 4766 871 947 11690 3058 0 6103 6 21 
6 6103 
9872 7509 22996 20 
4110 31 4946 20 20 20 
8 29 
21 11462 15678 1097 8995 6754 17458 15678 28 9769 4766 15678 8561 4 9193 15678 9971 6103 20247 15658 201 740 20 21 
30 28 7509 28 20 
28 7730 28 9769 31 3962 5 
7730 18525 7491 18498 31 10723 15658 12780 16468 10405 7850 28 0 
20402 26 20 
21 29 1249 2116 4 7558 16971 6103 13727 22385 7396 4 4766 4245 11903 6103 20149 5174 4 20149 8147 7914 22463 13727 22385 11907 18498 21282 17304 6075 4179 5 7730 6075 5 21 
18156 6103 22463 18468 20311 28 11719 16673 21083 28 28 0 21596 20539 20 
13909 15604 4425 13981 20 20 20 
26 15803 26 9975 26 5 
28 28 14018 2727 4766 13909 22463 21083 21752 7509 28 20 20 6 6103 
21252 7188 5 5 5 
21726 21776 26 21075 28 1886 20 28 28 28 28 
3058 6329 
6 6103 
26 26 648 11617 26 26 26 26 26 26 28 28 5 
15643 9743 1095 2685 13307 5 5 5 9193 14688 20539 20 
28 28 28 28 28 18667 
20402 11462 18498 1103 201 20 
7576 2727 17478 834 
26 29 21776 26 26 26 11943 28 20 
16440 17293 20 20 
12780 155 1614 15678 28 17872 15855 15678 18498 8995 28 
6086 26 
11242 26 22479 
2717 8443 9840 5 
6 6103 
12780 13761 5174 13909 6981 19698 11020 20 
21 20207 21 21 16883 21 21 20 21 
21 17819 21 21 16883 21 21 7509 22915 20 20 21 
13325 10606 7509 28 18498 4785 11462 31 2442 7509 29 9500 
21 26 28 26 20 
7730 15658 20402 18498 6075 17872 9901 740 14425 6 15678 
21 8443 2620 15678 7171 7509 22640 20402 20402 22463 26 4886 4 4766 15299 14466 18498 22463 17480 4 22463 10628 6103 9845 7730 26 4 12327 7730 15678 19509 18498 15658 1421 7850 26 5 
740 2727 18498 20402 7171 15658 20402 5 
22327 12861 17872 22463 22640 6103 9146 6103 29 18610 21 
1276 9193 5219 6256 15678 16253 21787 7850 19870 26 22 20539 26 5 6 
26 1712 
21 21 21 20402 1920 18498 9743 15678 21340 7509 20238 21 21 21 
21 7730 20402 11518 6103 6075 21450 4 19698 5 6 21 
1097 7795 19698 20 
26 20 
18498 7689 5 5 5 
6 
21 15671 18498 23123 4 3267 20 21 
10793 9980 22805 26 7730 9193 1614 13055 1937 15678 29 17819 5 15708 28 5 
26 20 
9594 18498 15658 4356 31 28 654 8995 3510 31 4417 21282 17872 14335 23409 5 
21 29 4276 16404 15678 11341 7509 21546 20670 4 18525 18533 4 21282 7491 6 22615 21 
7576 20402 1920 20 26 26 26 
1575 15678 7576 
14425 15311 20 
9872 6103 12931 2961 
4790 7509 29 5 29 
21444 7509 9801 
14425 7509 18104 20 20 
18110 29 
26 21726 
3185 
26 7509 1097 20 
12960 13923 8956 6 22615 
873 4766 22463 5483 17872 11980 7509 28 20670 0 
4809 29 20 20 20 
21 15424 28 4 15424 28 4 15424 8927 4766 5585 7 14604 22823 23560 15039 1393 18250 20402 8956 16155 6103 21810 5 21 
21 26 13909 23579 7509 11454 7509 29 5 
26 26 29 26 5 21 
22657 29 20 20 20 
13205 18394 28 
10217 7509 7625 5 28 28 
10217 7509 13512 
28 20 20 20 
31 9634 2156 20 
2727 1920 
26 
21 16066 29 7509 16587 20402 4897 16673 21 21 7894 3166 4485 11495 18639 21 21 4 16066 21596 866 15138 8561 7850 2118 10982 5 21 
654 12780 20 15128 3148 29 20 
7509 21266 6 4796 20402 19676 7914 1453 22463 10273 12125 7509 3664 
21 21 21 28 21596 9404 13909 13347 7914 4846 31 16083 7544 21 21 
18498 14307 13909 17446 4 21371 4 23135 19466 16936 6103 873 4766 28 4 13055 9901 12853 7509 15190 17438 18494 29 28 5 654 20149 31 5758 16647 4010 4 19969 134 10793 7850 8632 4 2136 15678 16169 20149 21787 18498 31 5758 8995 13761 7542 13055 18498 20402 22050 1276 14539 7509 3014 1421 4 7730 733 4 16673 1623 21371 4 7174 7509 28 4 4524 18498 31 22767 6103 18000 12780 20402 7174 5 18498 4846 13909 3315 21056 5 9193 11300 5 21 
21 7850 4785 4 16784 14604 21551 5 6408 4 31 16135 5 7850 9971 4 1097 5 
21 18006 17989 4 13055 6075 16404 22805 22130 6103 21082 7730 20044 7850 18352 5 7730 20402 21282 15678 4785 20 21 
21 22463 9476 7730 22463 16312 6103 26 4 7730 9193 26 23151 31 20402 21156 5 7730 23104 31 28 6 22615 21 
21 21 21 18525 23104 25 15658 7201 15424 7850 14645 21 21 
26 26 0 21 
873 740 21596 7728 0 6 22615 
26 3807 20 
21021 
20149 10211 17872 18498 20149 9193 17511 23104 6103 11076 0 
740 11284 20009 16404 7589 6103 10702 5 5 
21 28 28 4 28 28 996 20 20 21 
21446 6 4796 4785 0 17872 15894 12780 0 15678 18498 4796 0 8956 7730 16083 12301 7850 10889 19403 5 
21 14604 28 20149 19525 1393 4967 17525 15599 7168 20670 15678 3665 5688 4 7730 5688 17525 15599 7168 20670 15678 3665 4967 5 21 
21 12863 22 20539 26 9975 26 20 
11142 20 
21083 28 
21 656 13923 4289 9193 13055 17304 12780 7957 4 22805 0 21 
9867 7509 28 20 
2372 
11729 21535 7509 7127 1603 19450 21932 13969 6 
25 20 
28 7491 6 15855 22463 3006 20 4516 22463 22617 
18533 19900 17872 18470 11543 7043 31 22816 6996 1393 4913 7509 5505 6 
6 6103 
9380 13749 15818 6103 29 28 7914 15540 7509 9833 16784 5 
28 28 28 28 28 
15708 28 9833 21649 1027 
6146 6 17560 29 14764 7509 9193 22942 7730 4809 31 1937 21282 18022 6 16404 
24 20 9833 20 20 20 
2442 15678 28 7850 28 28 20 20 0 
3472 31 5700 7509 7043 7509 22816 17872 4913 31 5505 6 22615 
21 21 21 12861 20402 21662 17872 3849 21 21 28 4 28 4 20670 15678 4901 7509 15092 6103 28 5 21 
2304 7914 28 20 
20402 7599 7914 17478 7730 352 7914 28 
15533 14149 4766 31 15311 13909 13512 6103 21793 5 
8 29 
29 20 20 20 
21 26 4 20402 23135 0 21776 22805 8956 29 11048 2371 11300 5 21 
20463 4122 18476 8995 15988 29 9224 4766 15678 1097 1393 14539 21551 5 30 
9975 20 20 20 
28 20 20 20 
28 6 22020 22463 21960 6103 29 14764 7914 22463 12261 6103 29 11518 5 9193 16673 14466 12780 21596 5505 6 22615 
21 6097 23135 19969 17872 12780 17872 9574 4 26 2958 17438 18055 5 26 4 20244 17877 4 12780 16647 31 3148 5 2647 8406 29 23572 5 22327 2727 4 12780 17872 3962 8443 4 9743 15678 18498 5 17930 14018 26 3653 31 2154 5 6 22615 21 
21 3222 8956 26 7509 30 4 20214 6103 12301 29 27 21 
7576 
21 14265 15678 26 7850 26 26 4 13026 29 14667 910 4 20149 7409 7730 3510 7509 16706 4 18525 15643 0 6 22615 21 
21 14604 28 23029 26 6103 21266 7509 22942 18772 5 
30 30 28 7730 9193 21282 15726 8956 23454 6 22615 21 
21 22821 20402 7491 4 29 5 29 5 29 5 29 20007 22942 6 22615 21 
21 11560 6 26 5 4766 
26 11943 3962 26 22 18740 26 26 4 26 11617 26 26 5 21 
20238 7509 4443 4766 15678 28 28 
6 
21 8956 20881 9193 15424 19900 17438 15894 4809 5 5 5 28 28 28 28 28 28 26 
21 21 26 26 19768 15803 26 29 26 15005 4 26 26 26 26 26 26 26 28 26 21776 29 5 11678 26 26 15803 29 19761 26 21776 26 26 26 4 28 26 26 26 19768 15803 26 26 11617 26 26 26 26 5 26 19768 28 26 26 26 26 26 9423 26 26 26 19761 28 26 26 26 26 26 19768 28 26 26 26 
29 28 26 29 26 21776 26 11943 26 21776 22564 26 26 26 26 26 15803 26 4 26 26 26 5 11943 26 4 26 26 28 26 10291 19761 26 26 26 29 26 26 26 31 26 15803 26 5 7850 26 26 26 28 26 31 26 26 26 26 28 26 26 26 7 26 28 26 26 4 26 26 26 26 26 26 26 26 26 26 26 5 
29 28 26 26 28 4 28 26 26 4 26 16251 28 19138 26 26 5 15585 6 26 26 26 5 11678 26 26 26 26 26 26 5 28 26 26 26 26 26 26 4 26 26 26 26 26 5 26 20 21 21 21 
17714 20402 16142 26 26 29 26 15803 10628 21726 15424 17872 2124 31 14469 7509 26 15678 3790 20444 5 6 16404 
21956 15678 15102 7509 14331 6 22615 
26 26 
21 26 26 4 26 26 4 26 15803 26 26 26 26 26 26 20 21 
21 26 26 26 26 14335 26 
6 
23135 19900 18498 8995 23029 26 18476 9980 21752 15678 15855 7509 6026 7730 22805 18498 21793 13055 20402 7957 5 5 5 
918 7509 26 20 
20311 6 
21 26 26 26 11943 31 16238 5 26 26 14335 29 26 4 26 11617 26 12863 16073 5 21 
26 26 20 
21 2371 7850 9193 17819 2102 4 28 5 28 26 5 21 
21 3959 15444 6103 29 13055 20402 8637 4 20357 15138 19509 7509 15190 5 21 
21 4795 10774 20670 29 
23176 16155 16404 29 
288 18498 21776 9743 4179 8956 21340 6103 28 5 21 
6 6103 
28 13759 
14425 7730 13905 23322 6103 21793 15678 21551 20 
21 8406 7850 4554 7509 28 5 
6103 6 9193 
16404 6 9193 21 
21 28 28 4 28 28 28 4 28 28 4 28 28 4 28 16404 5 28 4 28 28 
24 20126 6981 22942 20 21 
21 11518 6103 13405 15678 26 17872 28 5 5 5 5 8840 4 9956 8561 5 21 
21 12780 17872 3962 20749 4 23135 8995 3367 3790 5 20402 29 7509 15533 13055 20 21 
21 23135 19900 18498 8637 31 15311 4179 18476 31 23256 7509 3962 6281 20149 4229 21 21 28 21 21 21 
21 28 4 2371 12780 9193 5 5 5 21 
26 3224 7850 3988 6103 26 
21 20749 4 14133 4 26 7730 3814 5 20402 17583 20 21 
20912 6 7914 22463 19205 21267 4766 14604 30 5 
7730 8956 20402 31 28 
31 13814 4289 20 
918 4766 31 7589 28 28 10322 7730 31 1095 
22463 3099 7914 4434 6103 22463 10696 6103 4688 15678 5 15678 

