31 2725 7730 15678 18872 
9743 15678 9632 20577 7509 28 
31 17819 22915 6103 15138 21776 4289 11300 
21 10765 12780 753 7850 7514 6103 18475 21743 6103 20044 5 17629 15138 4 20402 23206 16971 18498 17304 21596 31 22942 20007 17438 12861 5 31 22898 31 10765 288 18498 7847 15658 17629 21389 4 18498 15138 10765 13055 7545 4 2136 873 18498 31 10765 1027 17629 5 15658 8840 12861 349 4 753 15678 18481 1276 5 21 
21 21 21 5 5 5 20402 13909 10544 288 11554 26 7730 11246 7509 18498 21397 7850 19856 5 17304 20402 16098 7850 15286 28 18498 21787 9193 3919 4 13652 7730 2547 7850 2774 7509 20019 7730 7509 3118 15604 5 21 21 
1540 31 16522 7850 10731 4766 8956 13340 
19363 31 9634 1614 9193 9194 
21684 12094 
22463 4672 18498 6256 14673 6103 16971 12254 4766 20931 18191 22942 15658 17304 20402 11680 1920 5 
21 15855 8956 3790 12787 4 15658 21596 15424 15678 18498 9594 21 
21 20244 16192 17872 8956 3790 5 
8956 21684 20402 12094 5 288 15138 13278 18476 22092 28 6981 10211 20369 22463 17556 7509 9636 19239 7730 4796 22463 21253 9970 21371 5 18930 31 13311 1393 21793 5 
21 15424 4854 4672 7850 28 4 9193 8956 1614 14514 21 
16468 18691 7850 5040 17872 6075 22463 20007 9193 1097 26 
1614 20402 28 21793 7127 
9193 9769 28 28 28 28 28 5621 28 26 
654 6075 21551 6103 16367 7730 17525 22463 10273 5 18894 12094 1614 6 
7127 7509 1095 20402 15678 9971 6103 20247 12526 
10889 20402 10889 
12780 
21282 18533 19900 17438 18498 15678 28 28 28 15658 8995 15458 10273 
17818 22463 3058 7127 31 21793 
31 14425 10273 8889 18498 9193 13055 9051 17737 
21 22463 7509 14426 7730 13909 11861 16200 18498 13055 22805 4 20559 20311 5 21 
15658 20402 9193 18498 21776 9594 
15678 3790 9743 22463 9130 4766 2727 14466 6103 29 16971 29 9128 6103 22463 23577 22516 7730 9743 22463 14307 21569 6981 0 9813 13688 17438 14307 1920 5 
21282 1920 7850 9574 27 
21 12861 20149 4229 26 28 4 3894 1097 21 
28 17478 28 28 28 28 28 28 6103 28 28 28 28 14418 
28 28 26 1570 8956 11729 
27 
7730 31 15585 6103 0 0 
21 21282 12780 4 14425 9956 8 29 21 
21 9193 20402 15678 4605 4 9743 2136 22463 9872 4766 14604 15540 4 5947 7730 4854 20 
9 9 9 9 9 9 9 9 4605 9872 8 8 8 8 8 8 8 8 8 8 21 
24 
28 28 28 28 12780 6075 22463 4245 17872 20855 
28 28 28 28 28 13359 
17525 1614 1276 6103 9193 6292 14604 28 27 
15658 10447 7509 20931 19478 5 
15658 1937 8956 23222 
9193 12780 7850 14425 28 6103 21793 15678 21551 20 
24 
24 
24 
24 
24 
28 2606 20 
21 18476 23135 20825 18498 21752 29 4 29 7850 18069 6103 12675 1393 1386 7730 868 4 20402 14425 352 7730 12780 9130 5 21 
21 8995 5022 31 22463 16616 26 14335 29 7509 26 20799 28 4 5022 21371 20 21 
27 8956 28 12960 29 
17737 7509 14604 18533 
15834 10765 6 
21 21 21 13055 22805 15678 9971 7509 15190 871 22898 7730 7850 14049 20201 21438 22327 2727 5 21 21 21 
28 28 
21 18784 4 15678 10916 7509 16526 20007 31 20237 5 31 10765 12780 10648 21282 6103 29 5 9193 5 15658 19900 20149 8406 7850 26 7509 28 16066 7850 7509 28 5 21 
21 17950 15678 9370 18103 1614 6103 3058 4 18476 6103 19324 4 22463 3760 1421 7850 9193 21494 5 21 
21 7201 2318 21793 22463 17494 6103 6026 7914 22463 7127 5 7850 16083 7127 4 15855 15678 1733 7730 15658 9743 11644 7509 18498 1612 6026 9743 5 1027 15138 22327 12861 5 21 
26 
27 
26 
1612 14924 6103 6421 18476 20463 10186 18506 6 
28 28 28 28 
8406 7850 19415 6103 6474 23273 5 15128 5 15626 
28 28 
21 20402 18498 23135 13325 6981 4 28 28 0 27 5 21 
28 28 28 28 28 28 
13512 
11066 31 28 20 
26 26 5 28 26 5 10115 11560 6 26 5 23399 5 4766 
21 11560 6 23273 5 28 5 4766 26 0 22615 30 29 15678 26 
28 28 21 
26 26 5 28 26 5 10115 11560 6 26 5 23399 5 4766 
26 26 5 28 26 5 10115 11560 6 26 5 23399 5 4766 
26 26 5 28 26 5 10115 11560 6 26 5 23399 5 4766 

