4796 9193 15253 7491 15678 22144 13055 20402 9648 17458 15658 21596 14130 5 
21 21 21 9193 12551 20402 8125 15678 28 4766 21083 11341 17872 18506 31 20118 6103 11729 7730 26 15403 5 20149 5947 8956 26 4 9193 8637 22463 21083 11341 17872 23135 5 21 21 
9193 18876 31 9792 8615 21 
15678 19553 5 5 5 
26 26 28 5 4766 26 
26 26 28 5 4766 26 
3807 5 5 5 15424 9193 19900 7384 5 
733 9605 21267 20 
16440 28 
16148 28 6103 28 8995 6103 16323 20 
21 14335 9743 13325 18476 8995 7850 8361 10476 7850 28 4 8995 12780 16404 31 19972 6103 23222 7730 9193 8995 6103 15256 6075 4766 9193 1095 7730 31 5498 9193 6075 22463 20425 7730 9193 20369 6103 19972 17458 15658 18533 3962 10716 7850 8632 9193 7730 9193 1095 15643 20402 10716 17635 7730 4672 7509 6366 21 
11212 11212 
21282 8995 9620 15678 28 5 
6075 3919 6103 17737 16404 20931 9942 5 
21 21045 4 26 26 5 5 5 21 
18784 
21 21 21 17106 18498 15658 21623 22463 22915 20402 15643 16440 5 21 21 
28 28 21 
9901 17297 6103 22821 15502 18533 
9193 3594 6 
28 
15253 7730 12787 
21 21 21 22463 11474 17629 22918 5 17438 20931 5320 4 15658 17438 14336 6103 11454 4 11729 4 13598 16066 21525 5 17629 22918 17438 20500 4 4766 20463 15860 7730 18376 4 16404 8386 15678 18498 20402 20463 5 21 21 28 28 21 
31 14487 18498 20149 155 31 22463 15604 11644 12894 23151 1393 20463 21364 16015 5 28 28 
21 8329 12861 7850 22575 13359 5 5 5 
30 28 21 
12534 
21 7730 20149 22463 6366 7850 20202 7914 22463 15533 6072 7914 18498 23135 20149 20357 15678 13909 20784 7509 20784 7730 7491 6 21 21 23135 23104 9010 22942 17438 12277 22898 7730 21596 31 14539 7594 4 835 4 16719 7730 1789 4 21793 7850 14539 20396 5 31 1140 20402 23029 9171 7730 23135 4766 7847 4 11117 17438 11117 20 21 21 15678 18498 23135 9743 0 2052 7850 4387 18676 20463 6383 7730 1011 9010 6366 16066 19474 21 21 15629 16098 15299 13909 7464 21 21 0 28 21 
21 21 21 28 28 30 30 26 4 26 28 28 2702 5 21298 30 28 28 28 5 30 30 5 8576 28 30 4 13060 5 5 5 21 21 
28 21886 21 
21 654 8995 9431 
22327 
15678 18498 9743 18476 22463 22353 7509 28 22318 9743 16836 7730 23135 15658 8386 15678 18498 7847 8995 9594 0 
23151 28 20 
21 20149 9193 21596 5521 4 22318 7491 21389 4672 5 5 5 21 
21 21 21 22318 23351 26 23104 26 14924 
22318 23351 26 26 26 
2433 26 4 16891 2433 18498 22318 26 
22318 23351 26 4 26 16891 18498 28 21 21 
21 
7730 15424 17629 6075 17737 5 
873 238 20402 9193 4842 7850 4443 17872 1937 26 16066 13988 0 
31 9193 20293 20402 11532 5 
21 21 21 31 22942 20244 10359 14335 13405 4 14335 1756 4 14335 4102 
7850 14924 7914 18498 9193 18533 22805 
15678 20207 18498 1280 15678 2700 
31 16192 18498 7017 15678 1114 
18476 22327 740 8995 12526 
7850 12459 7914 18498 6871 
16192 7687 7914 23180 6103 22769 
7730 22327 15128 4 425 22765 15190 
11284 22463 20207 22327 8995 7914 16580 21 21 
13543 6 21 
21438 7850 10484 7509 2667 
21 21 21 22463 23167 13688 6103 9743 13690 21 21 21 
21 9956 7509 9634 16404 15678 7127 7509 15253 5 7914 8810 9193 15253 28 4985 5 
21 7127 29 7127 7509 17304 14480 
18525 15344 15459 7127 22463 7509 13909 17307 4 17304 
8637 6 20402 7883 1393 13727 13909 951 16066 20149 22805 7850 13152 5 7914 16083 16192 4 20402 22385 17307 16404 15678 17506 4 4796 15678 20402 16404 15678 15402 5 20402 15678 15677 7509 13786 19239 12288 4 7509 
13894 4 15261 7730 21371 7509 3268 5 15678 18498 8995 20663 9010 12290 17304 4 20149 1920 15678 6679 4 20402 9808 16066 12254 4 17307 16066 6781 5 6103 15364 18249 4 15678 29 20402 17941 8871 7 21596 5322 4766 7233 21121 4 23067 4 6103 1138 7730 12822 12689 4 20402 4961 7730 941 20333 31 17877 8871 5 20402 22463 22772 15353 20 20402 12534 4 21596 14487 2058 7730 6933 7730 5219 20149 20681 7914 18494 21793 31 2060 5 5 15678 20463 13905 12353 20402 20463 18191 6198 6 22649 7730 1066 5 7850 16083 9524 4 16066 20402 4 3962 15658 20402 8464 8874 4 21596 21573 31 20149 8414 1393 16969 4 17438 14378 7509 6621 4 7509 10530 7730 4 18494 20293 4 15458 8995 4 201 20402 17729 10544 16404 31 505 4 21623 7850 19869 4886 5 21596 7850 20463 13131 17504 4 31 12689 7730 12128 17771 7730 6815 4 12530 4 8002 7730 19412 4 10959 6103 7319 20670 15678 13909 7446 1962 5 7850 15400 4 257 15678 11590 22705 4 31 5856 7730 31 7318 20244 18475 10480 5 9010 22703 13388 31 5266 14879 4 6510 4 16780 7730 21371 22915 6103 10444 5 17495 4 18476 18533 4 5219 21095 21793 15678 15745 4 17324 20402 22463 11020 13748 4 8100 21793 6103 10366 4 20244 14378 6103 15299 15424 6103 15502 5 21596 3952 552 7730 20402 21371 6184 1393 16083 5 4796 20402 15138 17771 4 5219 9743 1103 4766 9567 7730 21596 19205 7684 4 17324 21371 20402 15138 28 4 1471 6103 20402 
9570 23195 7730 9443 5 31 10431 13390 31 16940 3849 4 8472 4 14415 7730 17877 7850 20634 15457 5 7102 9233 15678 4430 4 15678 23491 7730 31 7645 5 21 
3332 4116 5 27 
7451 20 
21 18533 662 31 21793 18498 14335 14018 6189 16673 28 4 21500 16066 16973 5 21 
21 6719 7730 1235 4444 4 21355 15658 20402 20559 15678 18498 23135 22805 5 21 
21 21 21 448 7251 20402 10544 5 7188 20402 448 31 9620 6318 5 21 21 
6103 22821 18533 16318 21793 18498 14070 5 
21 20149 15678 20463 20675 1421 7850 13566 4 17304 18876 31 4416 8795 5 5 5 21886 17304 5 5 5 
29 28 28 6103 21886 29 29 29 29 29 29 
0 0 0 0 0 0 18470 31 13793 0 
28 28 
21 1937 6 4796 9956 8361 14237 
21 4289 20 
15604 3643 7850 26 26 18498 17973 20 
1937 15678 23222 4 20149 12406 4 4793 4 4854 4 2282 7730 6408 14335 7491 15678 18498 288 20 
2702 20 
28 
21 19900 1612 20319 21 21 18498 3058 8995 7914 3962 21 21 5 9193 15658 21596 5 21 
20402 22578 7730 15658 22564 13832 5 
21 9808 7127 6103 20402 28 28 28 20402 7127 29 29 
21 9193 30 18476 1987 3702 8956 15286 5 
15138 13909 3086 1920 
21 6075 23167 6103 9594 12861 14539 
18525 20402 0 
21 18476 15658 21596 15502 17872 5459 4 5459 4766 31 17239 5 
288 18498 31 10606 7509 10005 21596 866 31 22805 4766 8956 19522 5 
3450 22463 21596 18498 9743 15678 18498 17304 17872 15658 15036 21040 5 
21 9193 7790 22805 20149 9901 13278 5 
1614 8995 15678 14604 9956 7509 28 5 8147 15678 20463 7914 11561 6 28 5 4766 26 28 11617 29 21 
21 17629 6103 866 1920 654 
21 17511 21596 14335 11649 4 9193 15658 4885 
21 7251 4 3425 7730 19486 5 21810 20 21 
21 9193 17511 17525 8956 17458 9193 15253 15658 19900 13359 7914 12327 4 27 21 
20402 18498 6981 22897 9193 5219 0 
21 11284 871 21551 2116 22463 1095 14335 14018 22463 2846 7491 6 20149 22463 7127 31 22942 7850 6075 31 5648 4 1575 7730 16468 31 15256 7850 3315 6281 5 21 
11474 6103 9847 7730 13884 
15678 13909 8302 20402 22805 22463 15144 18498 20402 1025 6103 22463 3790 18498 7847 19900 18498 20402 4929 7491 18498 20402 5371 15678 13819 7509 15190 5 
28 28 18533 9010 1614 
21198 6103 20100 7850 28 20 20 20 20 20 20 
15138 13278 
21 31 10535 1377 22463 18553 5 
18774 
873 2371 7850 28 18533 5459 4815 0 0 0 
21 4932 17304 20402 
947 7509 18498 20402 23097 
9193 15658 20402 15678 3962 4 20149 20402 6576 4 
18525 14487 0 21 
21 21 21 5 5 5 15678 22788 18498 9193 21810 18533 18498 15678 16083 15036 5 5 5 21 21 13757 23560 21 
21 7730 9193 28 7509 15253 4 31 15253 21 
21 4796 15678 7127 7509 5758 201 4 22463 15286 17872 9743 13325 22463 17556 13909 7509 12319 5 
21 21 21 20402 12979 17872 20402 22765 7730 22765 17872 20402 12979 21 21 21 
15678 11861 20402 21596 22463 13727 20215 7730 13591 6103 19702 16404 9130 7730 21932 5 
21 16404 7730 10606 18498 17785 17769 22882 5 
21 21 8956 10606 20402 15138 10424 14539 5 288 18498 31 22942 20402 15678 21026 6103 14041 4766 13307 18498 31 15253 6075 18476 20149 20402 15426 5 20149 20402 31 15253 6981 10606 18498 8995 21932 7914 20644 6103 12395 9193 18533 22805 20402 5371 31 11076 5 21793 15190 18533 22805 15678 7277 1393 15256 4 9193 15678 7102 6103 13749 7730 9380 22463 28 6133 15502 18533 7730 740 9901 21752 15678 5574 20402 5 22516 18449 20244 11455 6103 11076 15658 14514 31 9193 14299 5 17438 9721 4 16404 15678 18498 8995 4346 7730 17785 22882 5 21048 18498 12780 16404 871 22488 21596 7730 12780 4346 16404 31 14004 5 21 21 
28 28 15741 21 
21 6035 5 5 5 
21 15658 20402 21282 9193 18498 16721 18498 7847 20402 16404 5 
21 28 28 28 
20149 31 16971 20202 8956 5220 5 5 5 
4796 31 7157 7509 7614 26 
21 16404 7512 13909 6103 22463 4 21282 16673 28 21 

