21 15678 5179 9193 6256 4423 7509 18498 17304 349 5 9901 22223 18476 6592 18498 31 4672 21596 13909 4245 6103 6075 8561 7509 18498 4179 5 
9808 20402 1612 18498 19900 4 7730 14539 1920 5219 15658 20149 17703 6 
3058 7127 20 21 
16440 30 
12780 28 20 20 20 27 
7127 7188 6 27 
21 6 9193 9743 31 9193 16440 4 12780 7850 21726 20 20 26 27 21 
15138 26 20 
26 
27 19698 6103 27 
21 28 7730 28 4 4581 7730 22463 3058 16292 18104 18069 27 21 
21 20149 23135 16721 18498 17304 16066 20149 16721 18498 15658 17304 4 6103 18475 10211 23135 8995 4179 5 28 28 21 
16440 5 28 26 18533 21282 12780 
740 15658 22805 22463 17939 22385 13917 4796 31 6103 22463 14550 20 16323 31 21793 15678 17931 18498 8361 7730 1540 4766 17605 5 22463 7127 17872 23135 20402 15138 17556 7 
21 21 21 21776 26 4 26 26 21776 26 21 21 21 
21 21 21 15126 15678 21551 4 15126 31 23167 4 
15125 15678 20402 4 15125 31 5107 6 
21793 15678 15190 20402 4897 6103 15127 4 
21810 20293 15604 18471 5 5 5 21 21 
28 28 6103 28 21 
12577 
5929 7509 5997 0 
21 13923 4809 4 
7730 9193 13055 8995 4766 20126 5 5 5 21 
20402 21793 5692 
21681 4372 21681 3058 22575 22432 11625 12523 20247 18498 23016 9193 21776 13761 
28 20 20 
21570 
21 19735 997 26 9 9 9 9 9 9 9 9 9 9 9 9 9 9 9 19735 11943 19698 4 22657 9594 21 
7491 23322 
27 7509 11518 
21 20244 16192 27 4 15138 10141 8956 26 21 
21 9193 7594 20402 16765 
18498 1471 6103 21596 9790 22327 15678 18498 9743 
740 20402 15678 14539 7730 23104 
740 20402 15678 14539 7730 23104 
4796 15678 15576 16169 5 5 5 
15576 23539 740 20402 15678 14539 
7730 31 1434 15658 8256 15658 
23135 7491 18498 6408 6318 15658 1421 13909 15502 
23135 17304 2136 7491 18498 9193 8995 17438 20402 
16066 8443 18498 9193 8995 12716 5 5 5 
9193 20402 23135 18498 1027 15678 16468 7730 18498 15658 22805 
20402 23135 18498 1027 15678 16468 7730 18498 15658 22805 
18498 15678 15604 20293 23016 5 5 5 
28 28 4796 15576 16169 5 5 21 
21 11731 20149 31 28 20402 22463 7424 20 29 7509 17563 21596 21793 31 19695 7509 15382 5 753 15678 20463 1097 19671 7235 15678 11857 6318 7730 16162 31 7720 6103 12960 6318 5 11680 31 15390 6103 20127 7730 7804 7509 17297 5 20931 15267 16393 13591 9193 20420 5426 17438 22463 16971 7730 31 9634 6281 5 11015 21500 7730 21898 17854 9070 5 497 31 7861 5 14487 20670 31 11154 5 8125 31 17856 4766 22463 18737 8831 7730 15502 18910 5 22564 31 15267 16404 1966 15678 17563 1502 17380 5371 15678 12578 6318 5 19900 18498 20402 7188 16404 23135 4 1089 4 11731 5 9193 4 17438 9721 4 21582 5 10740 28 4 15678 7422 5 21 
23 5 5 
26 
16440 
6 
26 6103 
654 13055 20402 27 
27 3058 15533 10606 6 
21 21 21 26 11617 31 28 26 26 26 22564 21776 26 26 26 5 21 21 26 22805 14925 26 21 
8024 4766 22463 11792 12577 
21 15424 17629 13359 31 19349 4886 4 4060 6 21055 4 26 17438 20402 22008 5 
15658 10959 15138 6103 14335 17501 20670 7070 1962 4 9193 20670 8956 9193 9743 18553 5 
21596 871 17413 18498 288 11861 4793 4 9193 1276 6103 22327 4 18533 6256 4524 18498 10959 16066 15658 12861 20402 15678 18498 9193 368 7730 15678 18498 9193 288 5595 4 15658 10959 0 15658 17629 4793 4 9387 22463 3137 6103 21 21 6760 1103 21 21 7730 21 21 6256 6103 20202 21 21 18498 20402 15138 23579 5 20609 1393 23167 5 
3058 4 20149 23135 6679 5360 4 8995 8386 5 20402 17438 20931 5320 7730 19701 5 
17819 17406 6 20402 11949 7914 21793 15678 20357 15678 17635 17438 15955 20475 7730 31 11099 14881 4 31 22942 20402 7509 16971 4 7847 9743 6281 15678 18498 7847 18533 5 
9901 22223 18476 22805 12787 6103 9193 19240 21582 21 21 8233 10909 31 2442 21 21 7509 16971 31 20931 5734 4 7850 22821 12861 12780 7850 5396 6103 22327 15678 18498 28 8361 20539 4 20402 9219 6 
21 21 20149 873 15658 15678 18876 15424 16098 20931 16192 4 19943 31 
17311 7509 18376 18476 19969 6072 3962 16066 4417 5 21 21 28 29 5 29 
17989 5 21282 12861 6 19943 31 17311 7509 23172 18376 5 7850 13530 6103 11462 6 
21 21 15101 26 21 21 5 15658 17629 23316 4 15658 17629 6110 4 15658 17629 15855 21894 5 
20402 7188 4 5795 0 
8443 20402 3058 23135 19900 18498 8956 14539 5220 1421 29 22898 7850 8683 5 
16083 17406 6 
23560 12019 23560 5 17438 18606 15678 17343 15658 19969 14265 6300 21793 15678 2524 0 
17438 18498 15678 2524 201 4766 21793 15678 17343 2136 1614 15425 15616 4 4179 0 5 
15658 8995 7491 18498 9387 22463 13131 4179 7730 22463 8561 4 22805 21282 6 
9193 8637 368 7850 18498 9193 18533 7730 16083 16971 21371 17304 368 7850 18498 7847 18533 5 12861 15658 20402 3058 0 13441 6103 8637 0 
22463 9365 18103 6 
9193 23575 1249 5795 8995 20402 4084 7730 9482 7850 16006 15260 5 
7509 14539 10211 4 18525 8637 22463 20476 7174 7509 21 21 16155 21 21 8995 20402 4084 7730 9482 16673 23560 4 17635 4 19238 12764 7730 20244 10480 5 
7850 15190 12526 5 
654 4 23135 20149 16836 15678 18498 23135 21596 31 22805 4766 12861 0 
16083 9365 6 
9193 4 28 4 15658 10959 18498 3962 9901 21 21 20149 16647 21 21 7914 13727 18449 
7730 22463 7509 15083 20402 18498 368 18498 5758 15658 7102 9901 7914 1062 1920 5 31 5758 7102 21596 15678 20463 21551 6103 5758 6 3224 4 7730 15658 21596 18498 20149 17703 4766 8956 21743 6103 4672 5 7847 7102 19900 15678 18498 20402 15678 18498 0 
6400 5 7509 5758 4 7509 16169 4 7509 109 5 
22327 21596 15678 20463 21551 4 7730 15678 21551 6281 15658 20402 15678 14539 18498 15678 15576 5 
12861 6103 21 21 3962 20149 16647 7914 18449 21 21 22657 21389 17872 3962 11607 4 18481 17872 26 5 20402 31 9193 15936 5 15424 17438 12861 4 12780 19371 8956 21743 6103 2053 7509 16971 5 12780 7509 3058 20326 6103 3450 22463 5 
7509 14539 10211 18498 15658 12780 16630 17872 22463 10498 6830 15678 20799 7850 21 21 23572 21 21 4 7730 1471 6103 8995 7850 14604 7277 5 5 5 7730 15678 7277 6318 0 
21355 7847 8720 1612 15286 16404 13471 4766 31 17766 31 18498 7847 20402 9450 21793 15678 28 5 16066 21355 15658 5 3391 31 9193 13010 0 
8329 15658 8995 14335 676 4 9193 17511 21798 18498 4 20402 3058 10407 4 20402 15678 5431 6103 12657 5 5 5 5 
654 4 20149 23135 288 22463 21 21 184 21 21 22805 20813 3962 26 20149 16647 5 5 5 
23135 21596 15138 31 22805 4766 15678 18498 9193 8995 9594 5 
15658 17304 21932 4766 7558 16963 7730 7558 14370 5 
11462 15144 20402 9324 10827 4 22463 15416 20402 17753 7509 8974 22507 4 7730 9387 16971 4766 16007 20475 7176 9193 18498 20402 22385 9330 7850 18498 9743 18498 4 4796 8956 15108 7509 19349 4 17304 23016 31 22126 11020 2750 16404 22463 20709 5 
9193 17304 17971 15138 8956 21684 5 5 5 9193 18525 14335 8581 7914 22463 5584 17304 4793 4815 4 12780 22240 11670 20 15678 18498 9193 18533 7491 4 288 18498 13055 20402 5 5 5 13909 16066 14466 9431 4 6663 9225 8564 6103 11018 5 5 15658 8995 7850 14604 14425 7127 6103 8682 27 5 5 
9980 4 
8840 18498 15678 23560 201 5 7730 18498 9387 13909 21801 4 4920 7730 4 4524 4 1114 7914 21793 15678 15190 5 
26 
28 5 
19349 6 11560 6 23273 5 26 5 18250 26 29 29 29 9601 31 17916 6103 8074 28 21 
21 15424 17629 13359 31 19349 4 4060 6 21055 4 26 17438 20402 22008 5 
15658 10959 15138 6103 14335 17501 20670 7070 1962 4 9193 20670 8956 9193 9743 18553 5 
21596 871 17413 18498 288 11861 4793 4 9193 1276 6103 22327 4 18533 6256 4524 18498 10959 16066 15658 12861 20402 15678 18498 9193 368 7730 15678 18498 9193 288 5595 4 15658 10959 0 15658 17629 4793 4 9387 22463 3137 6103 21 21 6760 1103 21 21 7730 21 21 6256 6103 20202 21 21 18498 20402 15138 23579 5 20609 1393 23167 5 
3058 4 20149 23135 6679 5360 4 8995 8386 5 20402 17438 20931 5320 7730 19701 5 
17819 17406 6 20402 11949 7914 21793 15678 20357 15678 17635 17438 15955 20475 7730 31 11099 14881 4 31 22942 20402 7509 16971 4 7847 9743 6281 15678 18498 7847 18533 5 
9901 22223 18476 22805 12787 6103 9193 19240 21582 21 21 8233 10909 31 2442 21 21 7509 16971 31 20931 5734 4 7850 22821 12861 12780 7850 5396 6103 22327 15678 18498 28 8361 20539 4 20402 9219 6 
21 21 20149 873 15658 15678 18876 15424 16098 20931 16192 4 19943 31 
17311 7509 18376 18476 19969 6072 3962 16066 4417 5 21 21 28 29 5 29 
17989 5 21282 12861 6 19943 31 17311 7509 23172 18376 5 7850 13530 6103 11462 6 
21 21 15101 26 21 21 5 15658 17629 23316 4 15658 17629 6110 4 15658 17629 15855 21894 5 
20402 7188 4 5795 0 
8443 20402 3058 23135 19900 18498 8956 14539 5220 1421 29 22898 7850 8683 5 
16083 17406 6 
23560 12019 23560 5 17438 18606 15678 17343 15658 19969 14265 6300 21793 15678 2524 0 
17438 18498 15678 2524 201 4766 21793 15678 17343 2136 1614 15425 15616 4 4179 0 5 
15658 8995 7491 18498 9387 22463 13131 4179 7730 22463 8561 4 22805 21282 6 
9193 8637 368 7850 18498 9193 18533 7730 16083 16971 21371 17304 368 7850 18498 7847 18533 5 12861 15658 20402 3058 0 13441 6103 8637 0 22463 9365 18103 6 
9193 23575 1249 5795 8995 20402 4084 7730 9482 7850 16006 15260 5 
7509 14539 10211 4 18525 8637 22463 20476 7174 7509 21 21 16155 21 21 8995 20402 4084 7730 9482 16673 23560 4 17635 4 19238 12764 7730 20244 10480 5 
7850 15190 12526 5 
654 4 23135 20149 16836 15678 18498 23135 21596 31 22805 4766 12861 0 
16083 9365 6 
9193 4 28 4 15658 10959 18498 3962 9901 21 21 20149 16647 21 21 7914 13727 18449 
7730 22463 7509 15083 20402 18498 368 18498 5758 15658 7102 9901 7914 1062 1920 5 
31 5758 7102 21596 15678 20463 21551 6103 5758 6 3224 4 7730 15658 21596 18498 20149 17703 
4766 8956 21743 6103 4672 5 7847 7102 19900 15678 18498 20402 15678 18498 0 
6400 5 7509 5758 4 7509 16169 4 7509 109 5 
22327 21596 15678 20463 21551 4 7730 15678 21551 6281 15658 20402 15678 14539 18498 15678 15576 5 
12861 6103 21 21 3962 20149 16647 7914 18449 21 21 22657 21389 17872 3962 11607 4 18481 17872 26 5 20402 31 9193 15936 5 15424 17438 12861 4 12780 19371 8956 21743 6103 2053 7509 16971 5 12780 7509 3058 20326 6103 3450 22463 5 
7509 14539 10211 18498 15658 12780 16630 17872 22463 10498 6830 15678 20799 7850 21 21 23572 21 21 4 7730 1471 6103 8995 7850 14604 7277 5 5 5 7730 15678 7277 6318 0 
21355 7847 8720 1612 15286 16404 13471 4766 31 17766 31 18498 7847 20402 9450 21793 15678 28 5 16066 21355 15658 5 3391 31 9193 13010 0 
8329 15658 8995 14335 676 4 9193 17511 21798 18498 4 20402 3058 10407 4 20402 15678 5431 6103 12657 5 5 5 5 
654 4 20149 23135 288 22463 21 21 184 21 21 22805 20813 3962 26 20149 16647 5 5 5 
23135 21596 15138 31 22805 4766 15678 18498 9193 8995 9594 5 
15658 17304 13909 21932 4766 7558 16963 7730 7558 14370 4 15678 15190 15128 5 
11462 15144 20402 9324 10827 4 22463 15416 20402 17753 7509 8974 22507 4 7730 9387 16971 4766 16007 20475 7176 9193 18498 20402 22385 9330 7850 18498 9743 18498 4 4796 8956 15108 7509 19349 4 17304 23016 31 22126 11020 2750 16404 22463 20709 5 
9193 17304 17971 15138 8956 21684 5 5 5 9193 18525 14335 8581 7914 22463 5584 17304 4793 4815 4 12780 22240 11670 20 15678 18498 9193 18533 7491 4 288 18498 13055 20402 5 5 5 13909 16066 14466 9431 4 6663 9225 8564 6103 11018 5 5 15658 8995 7850 14604 14425 7127 6103 8682 27 5 5 
9980 4 
8840 18498 15678 23560 201 5 7730 18498 9387 13909 21801 4 4920 7730 4 4524 4 1114 7914 21793 15678 15190 5 
26 
28 5 21 
23 19112 31 702 7730 29 5 29 9149 5 5 5 9130 18498 20402 3058 5 5 27 
13606 17872 22942 27 20539 5 15678 5 23461 
26 26 26 26 26 5 5 5 11678 11617 26 26 11943 26 0 

20738 15138 4766 15678 17556 18498 9193 9620 7730 10987 17556 15678 15138 18498 21596 5 28 28 
27 15855 31 4127 
3031 7509 15253 11568 
21 21 21 18525 5174 31 835 7509 4920 5204 22463 1095 12236 16404 31 22942 5 15678 16721 20402 16404 15678 11474 4 15678 18498 20402 23123 16404 15678 18363 5 15658 21810 4796 9365 31 10620 18476 17304 20402 22463 5668 21 21 28 28 4 1393 9128 7509 4761 28 5 
4920 5 8956 16192 20520 15138 13909 7509 18498 16393 5 5 5 15658 20402 31 21778 18498 20402 22463 11208 5 21 
21 18910 20336 7850 10366 7509 4945 20402 10544 4 12780 13761 7730 9743 871 4672 4 20402 4894 15658 20402 5 15678 19277 19854 4 10794 4 20402 15678 14425 5 5 5 16323 1393 8464 20 21 
15855 31 30 27 
20402 21282 12861 5 5 5 15658 21596 13909 12939 5 5 5 201 5 5 3058 20855 5 5 5 
14974 27 
15855 18525 4289 27 
21 23271 7726 31 29 4 29 5 5 5 21 
21 31 18525 12578 4 8918 14604 21 21 28 21 21 7914 20879 4 12780 9901 21282 4766 15678 14604 21 21 23104 21 21 7686 22463 21551 5 7 21 
29 28 31 17819 13055 4289 
1027 31 14885 6981 2248 27 
21 21 21 26 11617 26 12863 288 
26 26 26 12863 26 
26 26 26 26 26 26 5 5 5 21 21 
26 26 6 21 
27 15855 31 30 20 
27 15678 3150 20 
23 28 20 20 27 4369 20463 1296 
21 26 26 26 12863 22 20539 26 14335 4 
12863 22 20539 26 26 26 
11943 26 26 4 11943 26 
26 26 1631 26 
26 26 26 26 26 26 
26 26 26 26 26 26 
11943 26 26 
11943 26 26 26 1631 26 22 
11943 26 26 4 11943 26 26 
26 20 26 20 26 20 
26 26 21 21 26 21 21 21 
13640 13909 16200 20670 7277 2249 30 
21 15678 7102 31 17877 22386 15678 26 4785 21282 1603 29 14764 5 8956 20402 31 16200 13909 7994 18498 22805 7850 22942 4 4796 31 28 28 7491 15138 2727 4 6075 15995 20402 4425 3170 20 20 30 28 28 28 28 28 28 28 7509 28 30 21 
15678 6042 7509 11429 5 
27 
17563 1233 30 24 23029 20 20 20 
10076 9605 6 9808 1249 15604 10606 7509 28 6 
2647 7730 23151 28 17790 20 
10076 20 2727 23016 31 9634 6 
17960 6103 19415 29 20688 201 19859 31 29 15658 8840 18069 1022 23 28 9193 753 20 
21 28 5 5 5 6408 7509 28 23274 4 15658 21596 7728 18498 12780 7573 15678 15190 27 15678 5 15678 8 8 14378 9 9 21 
21 871 7491 18498 15678 18498 9743 20402 3224 6103 28 4 9193 29 1249 2116 4 15678 18498 7491 20670 15678 1328 0 18070 31 14539 4672 5 21 
11625 7914 16958 20 
28 288 18498 13055 22805 8956 9956 5 5 5 27 
21 3047 3510 0 0 5 5 5 15616 15658 20402 5 5 5 
9193 18533 14335 172 6103 4795 17382 4 17477 12780 20402 2727 21024 6 
19143 21063 7730 21033 19143 17868 9982 19838 
19838 12410 16673 10982 19043 
17563 12410 9 11139 7251 
11139 7251 9 7251 20402 6103 4473 
7251 20402 6103 4473 9 13652 18506 
13652 18506 9 6700 
6700 9 17563 20244 7251 
17563 20244 7251 9 
15658 18533 15424 16721 7850 18498 23016 6408 5 5 5 21 
12577 5 5 5 
20402 5 5 5 17324 20402 5 5 5 
21 15643 6256 18498 7850 7491 18498 15658 22657 31 16689 
368 7850 20825 18498 20149 21596 
16066 18498 20463 17233 15643 12780 6075 4179 
16066 18498 23135 15643 12780 20402 873 
21596 10765 18498 13822 15678 16083 
21596 10765 18498 15658 19900 1027 
9193 9193 19900 18498 22463 7127 31 10765 1540 5 5 5 
20149 23135 18533 873 7914 18525 5108 
5108 7914 20500 14539 
18525 368 20293 794 7 21 
26 20247 7509 11625 20 20 20 
4328 6 
9193 22942 27 
3058 7127 5 27 
7509 11518 
21 9476 7509 26 4 9324 20 20 21 
21 12094 4796 22463 7901 17304 14426 15678 15576 1971 5 5 21 21 17324 15678 16098 18069 31 16192 4 4796 15678 16187 9417 31 4796 5 21 21 28 29 6 29 21 
24 5 

16440 17583 20799 29 29 29 28 28 
20126 29 6 12780 7914 16580 4766 15678 26 7509 26 
27 
27 3228 15604 
19698 20 
28 6075 22463 15256 27 
23355 26 20 
26 
21 21 21 23031 7730 22805 21793 15678 18498 8995 20402 15952 6106 7509 20749 4 22805 31 13764 7509 15952 7730 15658 11284 18525 15678 5255 4 6103 22463 13131 8995 15678 17304 6103 20463 15950 7730 15658 11284 18525 17304 5142 5 20402 13909 9808 15678 18498 13055 15036 7509 18498 15678 18498 740 23104 5 14425 7509 18498 1067 20402 1612 18498 740 15658 15344 4 1612 18498 15658 22805 31 15704 14309 18498 20149 9743 6106 7509 20749 5 22805 18498 21793 21932 7730 21793 15704 18498 15678 11474 9359 4060 12709 7850 20463 18195 5 12862 21371 20402 22649 7730 573 6103 8908 21 21 30 5 29 21 
14668 5 5 5 349 20 
26 26 5 5 
21 15658 4730 31 15256 7850 10159 17438 17382 871 4 9193 2727 18498 8956 3790 9594 22463 22821 5 5 5 21 
21 27 4 28 28 23420 21 
23 
15658 22385 16753 1920 5 5 5 
27 21810 5876 4766 15678 18498 6679 5 5 5 
21 21 21 22240 31 19745 4766 15678 3906 1190 21 21 21 
27 
28 15658 12780 21596 5505 15658 8840 
23 30 22 
6 3790 5 5 22463 7127 22223 5 5 
27 
15790 18476 12861 349 30 27 
21 27 21 21 26 15803 26 26 26 11943 26 21 21 21 
11462 9193 21282 17908 31 9193 16580 5 5 
15678 5 15678 
30 
21 20149 21596 22463 4672 18498 9193 15658 1190 21154 20402 16971 10424 4 18498 15658 8100 31 22942 6103 10366 5 20402 7188 0 20402 20 9193 20149 21596 866 18498 9193 1540 20402 18498 6103 17877 15658 20149 10447 4 22463 7127 7847 12780 22318 8147 7850 10530 7730 5 5 5 439 0 23135 15658 1540 15299 7509 17819 22897 5 21 
20126 6103 18476 7847 20402 6981 21364 6 29 16468 22385 19871 5 5 5 27 
27 
19525 7509 20262 27 
21 7730 6408 7384 22327 0 21 21 26 11617 26 20496 21776 26 26 26 26 21 21 4 7491 15678 21739 28 26 21 
28 28 15855 15678 18498 9193 288 9193 8956 20402 22463 17556 7174 27 
27 
27 
13278 5 5 5 22463 7127 9193 21752 22463 21551 17872 13359 22327 27 
21 21 21 16404 20149 21596 1097 20402 15392 16468 17438 29 20644 6 
29 7850 21021 4 18498 5174 31 18478 4 
29 7850 10297 4 31 18471 21 21 5 28 21 
23029 0 0 2727 13909 10544 20 20 27 28 21553 28 28 28 28 
15658 18498 31 22942 8995 1920 22385 3058 5 5 5 9193 22463 20853 753 31 14426 5 5 
19094 7509 7127 6 15658 9743 15299 18498 12780 20149 1788 6408 5 5 5 7730 15658 9743 15299 20149 30 15510 7 
288 18498 9431 17458 9193 1027 9193 3962 27 26 20879 9867 26 
1276 21409 18498 13909 21409 27 
7730 15678 2818 8995 16647 
27 15138 3058 
28 27 
21 26 11617 26 26 21776 26 26 26 
11943 26 26 26 4 26 26 26 5 5 5 21 
4289 20 
27 
12960 7509 3148 26 4809 7730 9193 16721 6 2647 2647 7914 7730 18555 27 28 28 28 28 28 28 28 28 28 
7730 20402 1920 18498 7102 20402 5 5 5 
21 21 21 13325 18498 8995 15036 7914 3206 20402 31 9845 13909 11861 18498 13055 8147 16404 14335 753 31 21810 11020 6152 5 17458 18494 22327 9408 9489 4 15995 4 14378 6103 16468 22834 16066 9604 3510 7148 7509 15041 4 6256 1453 15678 18498 20402 1453 11861 5 15658 11284 18736 16404 15658 20202 15678 20463 5528 5 13325 18498 23135 12780 15036 20402 31 14425 14031 18498 9193 5174 16404 9233 31 1689 6103 16721 18498 23135 21596 866 31 16784 5 21 21 28 26 21 
21 7730 20149 31 5891 20402 9193 4 9193 4730 7847 7914 18525 9193 18533 7730 9971 6103 16292 5 11284 20 21 
21 21 21 26 11678 26 26 26 4 26 26 26 
11617 26 26 26 31 26 15803 28 26 16073 26 
26 26 26 26 22 20539 31 26 15803 26 26 26 5 5 5 
15833 4 2384 4 2384 4 12863 22 20539 31 26 26 
12863 22 20539 26 21776 26 26 26 26 31 26 5 5 5 21 21 21 
19698 15138 4766 12861 27 6408 18498 15678 3790 8066 15678 16083 7509 14981 19867 14604 5 5 5 5 7730 740 565 4024 6 18475 22463 6103 15671 21596 22463 18824 20256 16066 17106 5 5 5 20402 15138 18772 27 
2620 12861 5 5 5 5 
15658 19761 27 
31 18069 6103 1022 6 
21 7127 4 17304 23016 20 21 
21438 6361 
26 5 5 5 
21 27 27 27 17872 16972 7509 21592 7509 5265 5 5 4 21 
28 6103 17593 7850 6014 5 5 5 15678 3219 7509 9094 7850 4387 5 5 5 
27 12277 
7730 15678 7127 4785 1920 5 5 5 
21 22 15678 5 15678 13055 14335 9594 18498 9193 20402 5764 4 9193 12861 6097 13055 20402 19922 27 16393 22463 2868 27 28 28 28 28 28 21 
27 
21371 
21 7730 2371 4 740 15658 19900 15678 18498 20402 8473 0 19900 7850 13909 15604 1840 7509 17476 3170 6103 28 2879 20 21 
5 5 5 26 15833 26 5 5 5 
21 4060 26 1631 26 26 26 26 26 
26 26 17257 
26 26 26 26 26 
5 5 5 
26 4 11943 26 26 
26 26 26 26 26 
26 26 26 26 21 21 21 
21282 7491 22327 6 29 
27 5 5 5 13055 8995 2136 22805 15894 12861 12780 16367 5 5 5 
27 
20244 16192 5 5 5 

21 18354 4 15036 5 21 
6 
21662 22463 3228 7509 11518 28 26 29 
27 14010 
27 
27 
21 7509 11518 
25 
29 5 15678 
27 3790 23029 10546 20 20 
27 
27 
27 
6 29 
19525 7509 20247 27 
21 15643 5174 18525 21596 13405 17462 5 
21793 15678 14604 5174 21596 20402 3625 7914 22327 5 
7730 9193 4 21389 22898 19209 4 21389 22898 17446 4 21389 22898 22970 4 
9193 21389 22898 12818 16369 4 
12131 21056 4 
9193 4 18498 21389 22898 15658 21596 21596 16135 16404 21810 2530 4 
9193 4 18498 21389 22898 21596 20402 19676 4 184 4 
18498 21596 8344 15678 18376 18262 9193 21395 7509 9182 4 
18498 21596 20402 11102 4 14540 4 20969 7730 1807 4 
18498 21596 20738 8481 7730 3532 4 
18498 18476 15658 21596 3532 4 21596 20402 13909 19676 740 7 
9193 4 18498 21596 20402 6035 1393 5762 6103 11555 4 
9193 4 18498 21596 20357 15678 17163 6103 15860 7509 15109 6103 10393 4 
9193 4 18498 21596 9790 22834 9983 4 16630 8060 20244 16162 4 
9193 4 18498 4 18476 31 11518 7509 20694 21179 4 14335 21596 610 
16404 20402 7509 17517 7509 20694 7 
9193 4 18498 21596 20738 31 1220 7509 16753 4672 19676 4 
9193 22838 18498 15658 21596 16312 15511 22327 15459 15190 5 
21793 31 10765 18498 9193 5174 7730 18498 9605 4815 
15643 21681 22463 1995 19676 4 15643 20738 8480 4 
15643 20402 20365 18165 21793 7847 18165 7850 22942 5 5 5 
18525 14335 6075 16098 6103 873 31 23180 11570 
18498 5099 15658 22463 16605 4 9193 22463 12318 7 
18498 5320 4 15658 22463 23014 4 9193 22463 4613 20 
15658 4 20402 21793 15678 11637 4 20149 15678 16098 7730 14335 9605 5 
18525 11284 15459 13202 15190 18498 14335 5099 18498 22463 22897 20402 22970 0 
23554 18165 4 14604 12787 4 
1759 4 8995 9683 6103 20283 20 
15894 20402 18498 11284 10765 7850 15190 0 
8443 20402 21282 9193 18498 20402 22970 7730 8566 15459 21631 0 
17304 31 15144 15658 15678 21596 28 4 
17304 21596 20402 21956 9193 19676 15643 20 
7730 9193 4 18498 21596 20402 19676 20244 21596 20402 21956 4 
4796 17511 9193 9594 4766 15678 14604 21121 20244 21769 0 
9193 4 18498 23016 20402 22970 4 13575 22970 4 
22970 7850 20357 14540 7730 12237 7509 22975 5 
28 6103 3630 4 28 16971 21 
15678 22310 6103 3990 7850 30 6 14426 28 
27 
21 21 21 15126 15678 21551 4 15126 31 23167 4 
15125 15678 20402 4 15125 31 5107 7 
21793 15678 15190 20402 4897 6103 15127 4 
21810 20293 15604 18471 5 
5 5 5 
7509 13923 9901 31 15243 7850 13324 4 
7730 7509 2727 4 20149 871 11284 4 31 20126 5 21 21 
28 28 6103 28 21 
21776 17629 23151 31 13359 5 5 5 3058 21551 
28 30 
20402 21267 12861 0 0 25 654 18525 12780 9193 20007 7509 28 15338 31 5505 0 0 
27 
21 15671 20402 12534 6103 4 26 6103 13909 6103 29 27 7730 308 6103 22327 11581 27 21 
7509 11518 27 7847 12780 7573 15678 15190 
21776 26 10060 26 26 20 20 20 28 28 28 28 28 
18498 13278 20 20 16323 1393 11640 20 20 
21 9193 15658 20402 7509 21743 18498 11673 1233 4 9193 8956 28 3213 17872 15658 12780 17872 3590 14335 9743 23166 1649 23553 27 6 29 21 
5947 8956 26 
15138 7509 11518 30 
6564 7914 16580 6 
21 21 21 31 31 3143 11288 26 26 26 26 
26 21776 26 26 15803 26 21726 
11288 26 26 11943 26 16073 15803 26 26 26 
26 11943 26 26 26 11288 26 9989 5 5 5 21 21 21 
20402 11886 15678 3219 6981 17230 5 5 5 15138 7509 11518 20 20 20 
8956 28 8995 6103 3225 27 28 28 15256 6103 21655 
12780 4796 17458 1027 8995 7188 27 28 18498 15422 7557 
4289 7914 3962 7730 14335 6396 4766 12861 27 13340 28 21021 20402 28 14539 20 20 
27 
6 29 
15678 5 15678 28 7914 28 0 0 0 2371 20539 23 
29 5 15658 6256 31 5590 21752 31 1533 6103 22463 16673 16175 5 5 5 
28 28 27 
20126 20402 15678 1114 18498 9901 20 
21 21596 22463 3222 28 4 22463 5588 6103 17316 4 8443 12780 31 9193 8637 6 
18464 28 28 6103 28 
28 1027 28 18498 1027 28 
18498 1027 28 18498 1027 28 18498 1027 28 
18498 15658 1027 15502 5 
28 20402 16404 15678 8974 22507 4 28 16404 15678 5453 4 
28 15036 6103 6530 4 28 9901 16404 21739 4 
28 21054 7730 28 3962 4766 12876 5 28 28 
18498 15658 21596 8406 7850 11454 5 
20402 6472 17438 6 26 28 
6472 6 28 28 28 28 21553 28 28 5846 28 28 28 28 28 28 
31 5360 31 5588 7730 17525 9193 20463 19455 15200 7850 18195 29 11518 22463 17316 6103 871 2248 6103 20931 8637 4 14156 1393 9971 13909 29 1097 17872 6075 5362 1393 3222 20 3962 5431 4 10648 22463 13591 6103 17316 6072 18498 15658 17525 20 21 
21 21 21 9193 1540 
18498 18481 14466 21551 21596 4 
13909 4672 5219 9743 5 21 21 28 28 21 
27 
13055 7491 22327 27 
30 14512 27 
15286 17872 5505 7 

