201 6103 4289 7850 26 7730 8147 9010 6006 51 7850 8406 31 7509 9009 7509 28 5 20402 18498 873 17304 19426 16066 8088 8956 26 16404 871 18058 0 
22444 8956 10273 19363 2727 15678 14604 23516 17872 1937 2154 5 5 5 
12780 9594 15678 18498 6103 22463 4672 6981 5 5 5 
21 15299 4796 22463 9975 6103 2154 9306 4796 20402 12040 7730 15576 9132 20402 21 21 16162 21 21 16673 5420 16559 5 15678 18498 15502 13325 20402 18498 15671 21371 16162 11857 4 1920 4796 15576 16169 4 2336 4 2900 7730 31 11454 20202 5 9193 740 1920 20402 22092 4796 20149 8995 6103 9721 13761 5 21 
21 20319 6103 22730 5 5 5 866 9620 4 9193 18498 15658 17511 18983 5 21 
21 9387 20644 18498 20293 20402 7188 6103 13471 4 15658 11862 20149 15770 29 4 29 16066 29 22898 5 
23502 22898 20402 7188 21 21 8637 21 21 8406 636 4766 15678 5528 16066 4766 31 18736 5 5 5 20149 20402 18498 20402 17521 9743 21340 8637 5 21 
1190 16721 6329 1393 12755 6103 7599 7730 201 16784 15678 20828 5 5 5 30 
0 0 0 0 0 0 0 0 0 0 0 0 
15678 15422 20402 9901 18559 17872 15658 19698 5 
21 20402 4796 20293 7491 6 12780 23029 31 3790 4 10127 8443 5 5 5 21 
740 14335 18983 6103 22463 9971 6103 20247 18381 17872 9193 20127 5 5 5 1022 7102 19553 1393 5942 5 

