15874 15190 
21 15577 
13055 14335 12406 16404 16429 6103 26 
15834 10606 7509 9574 18498 21596 12578 6103 19900 7509 8632 9574 7914 18498 1612 16199 7850 2154 7509 23007 16468 7730 9193 16468 8995 2371 15678 26 12470 22657 31 16689 22805 6103 
18498 10131 20402 9743 1247 7850 14539 7127 7509 2076 7509 20463 16918 9726 6103 
21 15138 12577 6103 
21 29 20207 6103 9624 20 20 27 
23032 
22463 15190 18498 17918 23535 7730 15658 16653 20157 5 5 5 
9193 27 
26 26 
21 8840 18498 5219 5320 15604 20 1603 13359 9010 21684 6103 
21 12154 
20311 5 
2371 2371 4796 20402 3058 5 5 5 
15604 7733 13945 30 28 29 5 28 22575 5 3148 6103 
11617 22 13800 26 26 21776 29 5 5 5 
21 12780 4110 
21 29 
21 29 30 
21 8995 6103 9336 16867 
21 11617 7585 22 21298 26 26 21776 7509 26 26 14335 26 4 26 11617 22 21298 26 26 26 26 26 15803 14335 5 21 

