27 11203 21282 17304 20402 28 23 20 
21 22773 31 17667 7509 7576 4 13398 4099 7730 1190 29 4 29 21 
21 18525 21596 12578 4 14604 19684 13055 8995 31 22782 5 21 
28 28 
28 15855 15678 20463 4795 18498 1421 27 
21 29 5 21 21 17629 5459 21 21 
9193 17304 9594 
28 15658 5 5 5 6256 4 18476 4289 22318 9605 
14335 14265 21 
21 14156 4796 13471 21 21 15678 22765 7730 15678 14133 21 21 21 
15036 4766 16659 8 29 27 
21 14156 4796 13471 21 21 2198 6103 22463 12768 21 21 21 
28 28 
28 7730 28 15855 18498 14080 18644 20 27 
13512 20 7730 18498 3450 22897 20402 1920 13909 15604 20 8 29 
21 6663 15678 4853 28 4 9193 8956 14514 6987 5 27 21 
7730 8956 26 15803 26 26 4766 15678 28 26 7850 21494 0 13949 26 5619 6103 4098 
21 13055 21752 871 4 11462 9901 20293 6103 15855 15458 3802 6 21 
21 14156 4796 13471 21 21 9193 20402 28 21 21 21 
21 28 20402 7152 4 21932 1614 7914 3962 7730 15005 7850 12934 28 5 6103 22463 21551 17872 5980 1190 21596 2433 10495 7850 28 6281 21793 9975 6103 20247 7730 20293 21623 7914 5152 5 
7850 23575 9975 6103 20247 15658 20402 7174 7730 22463 17341 2647 7914 22463 14464 5 
871 21551 6408 4 7850 14539 7127 4 22463 22920 16468 7850 10366 7509 20931 3962 7730 15678 17341 16367 17872 5459 4766 7847 4 16836 4796 1190 31 20644 7509 2433 9170 5 
15678 15460 6281 4 18498 7102 21596 22463 29 29 16836 31 7847 6 
23135 12780 2647 15423 0 
15678 17341 6 
4524 18498 15658 
15678 14464 6 
17458 15678 16083 2647 7850 14464 5 
7850 9975 7509 5459 7847 6075 22463 26 4766 15678 17341 5 
22385 16753 7730 13055 22385 2027 5 21 
7730 8956 15609 18498 13923 4809 7730 13055 21776 10959 16123 0 28 28 8995 22385 9303 7730 18772 1393 14539 21551 5 
8840 2371 18498 3510 22463 4482 1614 5 5 
21 4676 5 20149 20402 4815 15658 718 22463 20247 4 9193 9193 19698 16404 21 
21 19745 3643 4 16647 2824 6103 28 4809 5 10959 17556 4 7957 22805 16673 22199 22897 5 6 21 
29 29 29 29 29 29 9 15036 
17872 18506 17635 
21 15678 3790 18498 14265 15678 19403 17304 20402 21282 13909 22463 6072 3976 18498 22805 4766 10385 6103 21198 4 16066 871 21625 21475 13909 4179 5 
9193 15658 20402 21 21 21282 21 21 11486 20202 6103 21055 4 7847 9743 18553 6103 19140 7730 4854 17596 7914 21551 18772 5 
18476 20149 9605 7914 23221 7914 19415 20699 28 15658 20402 10268 6103 9462 4 20402 18772 7730 17702 5 
7730 15855 18498 9193 20402 873 18498 8995 21582 19038 15678 22564 4 9193 14335 1966 7730 15138 22805 31 16971 1190 7850 19856 4766 31 3790 11104 7850 20655 4 16393 23469 4 7730 16083 2367 16393 5 21 
7914 4328 5 23430 8995 8302 5 
21 14156 4796 13359 21 21 9193 20402 28 21 21 21 
21 14156 4796 13471 21 21 15678 22665 7509 15704 6103 28 21 21 21 
27 15036 
9193 16404 
6592 9193 20224 20 27 
21662 20463 5179 7730 753 31 7512 4796 
21 14156 4796 18533 22240 21 21 30 29 21 21 21 
18494 21596 22463 12249 
21 14156 4796 13359 21 21 15678 22665 7509 15704 6103 28 21 21 21 
21 14156 4796 13471 21 21 15678 5628 21 21 21 
1247 6103 29 1249 6981 13512 8 29 
15138 3058 17872 8386 18525 23174 4796 7847 7730 18525 20402 15939 
21 16647 22463 16620 7509 20497 7509 28 1276 7509 28 28 7850 23029 4 5174 7847 9193 15658 20463 21932 5 3790 14018 2727 6329 21 
21 12780 13761 4 21793 15190 14018 7733 20 21 
15299 13909 31 6157 20 
23570 21684 
21 4229 7509 18195 15609 7509 29 5 14539 2248 6103 2301 28 4 17511 4809 31 5762 9408 0 20 21 
21 14156 4796 13359 21 21 15678 5628 21 21 21 
27 8995 14335 20357 15678 28 16404 
21 7730 20402 17438 12861 18498 1027 2818 6103 18376 8 29 
9193 18498 15658 13471 15138 2727 4766 2332 472 8995 15458 21 
21 14156 4796 13471 21 21 21732 26 31 17307 4284 21 21 21 
21 21684 2727 13669 4 9193 22657 31 13311 5 6075 22386 7730 15658 21282 31 9193 4 31 20931 4 31 9193 15936 5 21 
21 1959 18498 21282 22805 15678 21953 6103 8912 21052 11462 4 9193 15658 20402 7384 18498 18533 9594 5 9193 10959 6981 15286 4766 26 26 4 9193 1027 31 22861 7509 26 7850 15005 4 9193 15678 18498 7847 9743 654 20402 6103 9061 31 3393 9193 20357 15678 5545 20149 1585 27 21 
21 14156 4796 13359 21 21 21732 26 31 17307 4284 21 21 21 
21 14156 4796 13471 21 21 12513 21 21 21 
21 31 14487 20402 22463 4672 15138 13688 5 9193 18533 9594 21 21 8995 5050 21 21 7730 15658 13325 15678 21625 5 9193 7730 9193 15253 9743 22463 10268 21412 17872 13325 15678 15540 7509 28 17872 2371 5219 4289 7914 5049 5 27 21 
21 9193 18638 15658 9387 15658 20402 4 20402 21 21 23075 21 21 21 
21 14156 4796 13359 21 21 12513 21 21 21 
21 14156 4796 13471 21 21 28 21 21 21 
28 20357 13909 22463 23221 4289 23 
28 29 30 30 30 17458 11462 20402 7127 6103 20402 3482 
21 9956 3232 4 15286 3058 21 
7730 8956 14307 20670 21026 7077 7850 9652 0 31 8057 8045 18498 16429 15658 7102 19900 7509 18498 20149 22092 31 19349 17872 21596 238 5 5 5 
19318 19318 19318 19318 
3960 28 28 3960 26 
15658 5219 8678 7850 13591 9193 9901 1614 15576 6684 6103 15138 9801 7730 18498 8956 15604 3610 20402 4290 6103 13759 7730 4840 5 16323 18533 21438 22327 13512 20 20 3960 28 28 3960 15138 1114 
21 14156 4796 13471 21 21 31 15390 7509 28 21 21 21 
21 6592 18470 20402 15678 11205 6103 9956 18498 13909 10959 7730 15424 19900 18498 9387 6 10906 20 7509 18498 22805 7509 13566 4 21282 21596 9956 18498 23029 9726 21 
6717 20402 18498 31 10606 8386 0 
28 8 29 
21 9193 17629 9743 8956 28 5 
31 15127 18498 8995 15770 15658 20402 1453 17872 22463 11111 6103 16971 4 9193 20539 17872 4964 5 
22805 31 16559 9769 11462 20402 12094 5 15678 20799 18498 20149 16098 20402 6103 9801 4 5204 4 7447 5 6075 17872 16098 6103 13667 31 2510 21787 4 17872 21793 13131 18498 15855 22805 16971 20852 5 
7730 15658 20402 21282 21 21 4404 21 21 5 21596 498 7730 5758 6103 21793 31 11636 6 6103 2824 4 16520 4 20647 4 16524 7730 17836 31 18376 16673 2301 4 5947 15678 16475 4 16367 17872 22805 31 9788 7730 31 1549 4 3224 4766 16980 4 498 1540 31 1190 6103 2824 879 7850 11518 5 
10765 16630 4413 7850 16847 4 7914 28 4 28 4 9170 5 5 
15678 18498 22805 11462 20402 4416 7850 18103 5 
18197 5 6 6987 17872 3790 9645 6103 3759 17230 7730 22463 16083 3913 15678 7730 5 21298 5 7850 4203 4 15138 1114 17872 23135 8 29 
12780 21596 4413 13055 21596 4413 30 6103 2824 2824 7730 13278 12861 15128 15678 15190 28 4413 16559 21 
22202 7509 21252 
15678 15270 6408 6103 21596 16468 29 1249 16098 18498 20402 14758 26 27 
21 10606 18498 3009 3129 4 3009 28 7730 20304 7509 1198 21371 21 
21 31 20207 21552 14335 6256 22463 17556 6503 4 9193 15678 17819 8503 7509 21613 19295 31 8838 20 20 21 
21 21 21 15138 7509 22821 18498 21596 6400 6103 15576 17406 6103 22886 21 21 28 4 14550 5 21 
15138 3058 20 18195 5942 31 9743 
21 15643 873 14335 9743 19698 21389 15458 17950 4796 28 28 19698 4766 20463 4795 5 
7730 8956 3960 20402 31 18069 13909 10138 2136 11462 6 22 
21 21 15344 16668 7730 15678 19509 20402 1114 5 21 21 30 28 21 
21 15678 22805 21793 7127 22782 15247 587 7914 10366 31 9009 19404 5 21252 31 15533 21596 31 15941 6103 22805 13909 22463 16620 6103 20931 5896 5 
15708 23029 5897 17438 14335 6075 31 15941 6103 21596 5322 4766 9462 1851 991 7509 18498 8995 7850 17951 5 8 29 
18197 5 6 22463 6318 18476 4289 8995 21787 31 16779 4766 15678 5666 15678 5 15678 21787 7509 12939 15558 17872 9193 13055 20402 12094 27 21 
21 18533 15138 19900 18525 21681 8956 11644 6103 12942 7730 5320 17872 7847 18498 12780 15036 4 18498 20463 12104 4766 15678 16342 15658 12780 4289 1393 4125 1249 4 8329 8956 4417 20402 16535 7509 11571 20 21 
14604 20825 20402 21596 22463 10520 5 7730 654 20402 9743 22463 8350 6981 4766 7847 18476 21596 15458 11636 8 29 
21 17125 4766 31 17951 4 21282 4672 3058 20 20 18525 12780 0 
29 29 16196 28 29 2635 6103 26 
29 29 16196 17831 28 29 28 28 15005 1393 13131 
29 29 16196 2613 6103 28 29 21806 28 
29 29 16196 28 28 29 28 28 21 
9193 5 15658 5 21776 5 19900 5 4796 5 13471 5 
13860 6103 21252 15580 8 29 
21 23554 2371 10606 1296 3129 4 16404 6103 4796 28 21371 27 21 
8 29 6 22 
21 16972 4 31 2605 22866 7509 14600 8995 13761 16404 18525 15658 794 31 951 17304 20215 4 7730 15658 17872 23135 8652 20463 5574 4 26 0 21 
13512 20 20 
28 9743 26 17872 18195 21552 6103 28 27 8 29 
21 17207 6 288 18498 20402 15678 9956 13909 16958 18498 13055 22805 7850 22942 5 15392 4 9193 18381 8637 17872 22463 7576 31 15533 1276 6103 7599 5 14667 22898 17106 7509 18498 15678 21 21 31 15049 21 21 22886 7850 13860 6103 20474 5 21 
21 10765 4 17304 4766 18376 7850 23236 6670 18476 0 20 6 15678 21 
21 16043 1393 22805 31 19498 7509 14604 12954 6 
20402 5 5 5 20402 3058 23135 10959 6103 9130 17458 17872 8894 15658 20444 5 
23 20 20202 15678 3610 4179 8443 7730 15658 17629 13909 14335 20357 5891 16673 2037 15258 18498 1820 15678 4700 12526 17872 10447 7509 7804 28 20 
27 7 16404 21 
21 8995 13359 21 21 31 15390 7509 28 21 21 21 
4671 18498 740 6075 10547 7850 20402 11570 
15708 20402 28 28 17438 14335 6075 31 4245 6103 5174 8956 2510 5 26 20 17029 6103 26 
21 13055 13359 21 21 15678 28 21 21 21 
16404 9769 15678 9971 6103 20247 6103 9456 4766 9193 15253 14615 28 28 30 28 28 
21 288 18498 13055 17525 12861 4 9193 8956 15286 16440 7509 22202 6103 28 13591 20402 13512 6329 21 
21 15708 23104 9897 16673 11066 7509 19341 794 5 654 5219 1937 4 31 15533 4 9956 7509 21 21 29 9956 16404 22805 1276 6103 15036 21 21 18498 16468 6103 14049 7850 30 26 21 
21 2136 13909 4 7730 15708 16673 16659 20 28 21777 28 15995 15444 28 28 29 21 
21 14539 15658 21596 19761 3702 4 15138 15708 16673 17743 20 20402 23570 4788 15678 29 5 29 4766 23135 20 20 4340 13441 1247 26 21 
21 8995 13359 21 21 15678 28 21 21 21 
3224 15138 4766 8956 26 27 
21 17608 7509 19404 5 11474 1393 2773 4766 22463 28 7850 15256 4 22463 14457 20149 1585 6 
21776 17664 5 20149 18533 871 4672 12780 17872 13761 5 
15678 14457 16630 22463 15965 17872 7847 4 15678 17663 14018 7847 12780 7957 5 
288 18498 28 15658 21596 15678 14539 4901 7148 7509 14539 20644 5 21 
28 15855 31 10765 20 20 27 7730 15678 12868 29 14335 13325 20463 2037 6103 21932 7850 28 20 20 27 
21 9808 7127 7509 15253 16404 1612 18498 20293 7491 18498 15658 16393 7914 15299 4 10019 4 4766 7847 5 5 5 20402 0 7127 7509 15253 21 
21 11462 20402 7127 6103 12780 6103 2824 17872 21932 5 4796 15658 12780 19969 6103 3962 11462 9901 2371 9193 11477 20 
9193 21698 7730 9193 2899 4 19900 13761 7914 18498 1249 5 4378 18498 9193 2899 7102 21596 22463 29 29 15458 10273 4 7847 9601 7850 9975 7509 7707 6103 29 2708 15678 29 5 5 5 
9743 22463 21551 18498 31 13897 8995 7850 11454 7509 9634 6 
6103 2824 1393 21932 30 6103 2824 21 
27 16468 22463 9956 7850 9193 3393 20 27 
15138 1114 
26 26 26 26 26 26 20 20 20 
21 13055 13359 21 21 28 4 9193 3693 21 21 21 
21 28 7850 15609 7509 29 6 21 21 11462 20402 7127 6103 3990 2689 21 21 
27 13115 21 
21 7914 22463 16587 15894 15678 17478 6103 1694 6103 10159 20402 13281 4 22463 12979 15416 20402 15036 17438 3913 22463 3689 5 
21570 5 21 
21 11678 26 26 26 26 4 26 11943 26 26 26 26 26 26 26 0 26 11617 26 26 26 26 11943 26 0 20 21 
19229 22463 17556 5 5 8 29 
21 15855 15678 18498 21438 9594 15908 28 7850 26 18498 16468 15678 4799 7509 26 5 
13055 20149 16468 18494 22463 20247 40 4766 168 4951 4 13055 13359 15258 7491 18498 20420 3058 7599 20244 3582 17872 1661 14425 7730 2371 31 14156 23016 9594 7914 40 29 7127 29 20247 0 
15424 31 16553 20 21 
6592 22463 26 18498 18344 31 19830 6103 9632 16066 16918 5 17458 20402 9743 12861 20 654 18498 12780 9901 12709 15678 11131 7509 28 14539 
20449 28 
21 7558 4672 23570 6981 21252 6 21596 5174 15678 20449 28 13727 182 13512 7730 669 7730 1937 31 22463 20497 12652 7509 2818 6103 18376 5 13055 15678 22805 15138 22898 9193 11462 5219 16765 4796 10959 7509 18498 9743 4 20149 7451 5 7730 31 17743 6103 16196 6103 28 20402 184 20 28 9833 20449 21 
9312 31 9193 18824 1937 27 
21 13055 13359 21 21 28 6 20446 20158 21 21 21 
21 1792 7509 4785 1393 9971 4 20357 31 5782 6103 1268 4289 20 18525 12780 7850 4443 0 0 0 21 
21 8995 13359 21 21 28 4 9193 3693 21 21 21 
21 13055 13359 21 21 10765 4796 31 10765 21 21 21 
21 10765 7509 6014 28 7850 21083 20909 5 5 5 2371 9193 469 4 7847 22385 21739 8 29 21 
22463 7509 14426 9956 18498 13055 22805 20 7730 182 2118 15678 21535 7319 20 
21 7127 29 29 12780 21596 14142 20909 26 7850 26 5 16630 18498 15502 8406 7914 5322 4 8995 11950 5 16404 21 
7730 13909 22463 16620 6103 3388 20402 7957 16404 
23395 31 28 20 7730 7491 13909 28 
21 9193 15658 19900 20149 31 26 20202 4187 16155 18498 9193 13405 15138 7914 5243 1393 4913 22463 17915 4 9193 18498 7847 21596 4885 14604 19456 4766 8956 3621 18498 15061 18498 21793 20402 3086 4 3450 22463 6103 20463 12939 4 733 12861 21596 5 21 
28 7 
14604 28 7509 6014 17458 9193 10959 21389 6103 17950 19854 0 0 20 20 20402 18498 9387 26 17872 11211 11211 0 27 
21 13055 13359 21 21 28 21 21 21 
21 6592 18498 21596 10765 15138 17106 18498 9193 4 9193 14335 11649 7850 29 4 29 7730 29 21 
21 1393 11474 6 
3962 20357 15390 6103 155 8782 21793 22897 18498 22602 22463 22065 18449 4 17438 9721 4 5291 22463 15258 5 23135 17304 8995 4766 871 17877 21267 7850 18193 4 21668 16066 6011 5 21 
21 9193 19292 15678 23222 16404 6 21 21 15678 16850 7509 19415 20699 21 21 21 
21 8995 13359 21 21 28 21 21 21 
21 13055 13359 21 21 31 3058 21631 21 21 21 
21596 18498 18811 16673 29 22897 17872 19924 15678 18481 288 31 28 9692 26 12505 
21 8995 2371 17458 15658 20402 15138 4289 7850 21340 14125 5 17836 15678 9708 6 21 21 18476 23135 15658 22564 4 7850 7127 18498 22564 22327 15190 9901 6 23 18498 11066 5 18476 22564 22327 7127 7730 6256 6103 22564 22463 7127 6 9193 8995 61 21 21 27 21 
21 21 21 8329 20149 7491 18498 21596 10183 7730 22463 20015 6103 14813 15678 17563 21596 18498 13749 21 21 28 28 5 15144 11156 4 13749 5371 31 12368 1393 21931 19864 7686 31 7424 5 
3404 14156 16404 15036 20402 15712 17872 18475 22463 18498 18533 8386 22463 17556 7509 11454 18886 5 20311 20 20 20 21 
7730 15424 31 9934 11758 17872 19969 7509 8968 5621 31 26 7509 14425 20497 6103 9193 22942 20 28 26 26 
21 20402 18498 20402 26 0 20 18498 17743 6103 16196 20 15678 3790 15658 20402 26 3711 4 9193 26 20 20497 28 20879 21 
18476 7847 7491 12861 20670 15678 5298 9193 1792 20 
9743 3058 18074 7509 21252 31 21409 6 6110 7277 20699 7730 31 1077 5232 7850 28 28 28 22654 28 28 10358 28 28 28 28 28 
21 7730 9193 4795 21596 22463 15108 4229 28 4 5320 18498 7847 20402 22463 6281 7730 15344 7850 9009 22971 28 20 27 21 
7585 22 21298 26 20402 14335 28 
10737 15658 20402 5 5 5 27 
28 28 7730 28 28 20149 2700 7850 17819 3784 7509 15609 20 7850 3790 7509 20709 20 6 6103 
21 873 19900 14335 7491 15678 18498 15678 14756 9594 0 288 18498 15424 14539 18525 2647 16255 19900 15658 20402 4 15658 5219 18533 8720 5 
20402 31 22463 16200 15908 15894 12145 15678 21684 21 21 8721 21 21 7509 28 28 5 7847 9605 4796 31 16971 7102 9743 5943 16404 1540 31 16098 1276 6103 9594 5 3391 22385 2727 1393 14924 2118 5 21 
21 14539 21596 18876 26 7509 9975 6103 31 5891 20402 7509 9094 4 15658 21681 4796 9901 11933 5 13949 26 5619 6103 21819 6103 4098 5 21 
21 8995 4 31 20247 12526 7509 15609 20402 26 5 9193 14265 15678 18039 7850 9975 20402 12378 20 20 21 
27 31 13218 21596 15678 15540 28 27 26 17106 28 27 
21 15678 17106 6103 22327 20402 20467 21 21 16647 21 21 28 20 20 20 21 
4796 18498 9193 740 15658 5174 8956 16971 0 0 16673 1114 6103 28 21776 16468 13923 6103 19698 
13512 13512 13512 20 
21 21 21 4766 15678 21551 4 23016 31 5216 6 14539 20402 17868 4 9193 15658 8995 308 6981 15951 4 15425 6103 15671 8995 5 20402 3166 4 4485 20402 31 16971 18498 20149 18950 4796 16933 1393 11205 18498 15344 4 7914 17509 6103 13472 7730 12128 7850 9193 3916 5 20149 9193 740 16468 17438 8956 4672 4 11731 31 15416 4 17297 4 21993 4 10716 0 21 21 21 
1540 26 5 5 5 
21 15658 19900 20149 21793 8995 19900 9193 12780 19761 15678 21 21 3590 7850 20463 2439 21 21 16404 15678 22830 16098 15678 18498 3450 2439 8995 17629 5 15678 14604 2439 20402 21282 7914 16086 4 9193 18533 16429 5 20149 15658 17304 20402 3058 19900 18498 22327 20402 22053 17438 22463 26 19870 5 8995 2371 15678 5826 4 7957 14156 17743 16972 20 21 
23167 6103 15604 
21 8995 13359 21 21 31 3058 21631 21 21 21 
9193 8995 8474 3166 7730 7613 16404 
21 13055 13359 21 21 31 10279 4796 28 5333 21 21 21 
21 13055 13359 21 21 11522 16784 21 21 21 
22657 3450 20207 
12780 21596 10273 9193 9450 20 7957 13761 16972 0 6103 
8 29 
22463 7509 14426 9956 18498 13055 22805 7850 22942 20 20 20 20 13909 740 18927 17872 18525 20402 10546 6103 4443 842 20 
17989 5 15678 28 6103 14425 2076 20402 17872 28 5 17511 7599 7914 16580 5 
21 11462 20402 15678 7127 7509 7317 26 6 21 21 11284 13909 15416 11462 7914 7127 7850 17856 7509 18498 11284 7850 8667 21 21 5 21 
21 654 20402 15678 14924 18498 31 10765 6592 18498 22463 10606 18498 15658 19900 15036 5 21743 4 28 28 15036 0 0 20 20 21 
15678 18498 20402 15678 7314 7509 28 28 0 20 7730 31 28 20923 1515 17872 7847 7914 352 7730 22923 20 8 29 8 29 
23 8956 15286 7509 9956 7509 13284 18498 8995 5022 0 0 20 20 20 
21 22327 2727 18498 26 20402 18950 31 2107 7914 11555 28 6408 4 9193 20420 15138 13043 20149 26 10648 14125 5 28 28 23029 16083 16971 20 21 
28 28 9594 20670 31 3621 16404 18498 31 10606 7509 21395 22840 16836 13909 31 7847 7509 18498 20670 15678 22886 5 8 29 28 
21 918 7850 21739 7730 22805 8956 10273 5 21739 28 4 9193 7730 2336 28 5 6 6103 9634 14745 21 
26 26 6103 9970 5 5 20244 13909 
21 13055 13359 21 21 31 6029 21 21 21 
4809 15678 21935 7509 3885 7514 6103 20044 11309 3959 18498 7545 20044 13026 16866 13026 27 
21 5401 31 14307 7509 22805 9743 16673 17010 12780 6103 2824 4 5426 17438 18525 18784 22564 31 4413 7730 8386 7509 15422 5 288 18498 22657 17396 21 
22327 4766 10192 5 12301 20402 20293 2727 22985 5 
21 6097 15678 28 6103 21 21 22269 6103 7894 21 21 20402 15678 4768 7509 28 18498 15409 4766 15678 20388 7914 21 21 23575 16367 29 21 21 5 
16238 5 6075 21494 2352 5 16066 26 5 21 
21 1612 1095 13512 18498 13055 21596 14335 6075 22463 14388 15995 4766 22463 14548 20670 31 15565 7509 21061 9193 9956 7509 28 16647 7730 18443 7850 9975 7509 663 6 
21 21 2136 13909 4 7730 15708 16673 16659 5 21 21 
8 29 8 29 8 29 28 21 
21 13055 13359 21 21 15286 1393 13667 21 21 21 
22938 7850 21752 6981 26 5 7847 22020 21684 9632 7914 30 5 
873 5174 22463 3058 26 7914 20879 17872 12145 0 
6097 9193 9901 14335 16836 17458 15678 28 10889 7914 22897 6103 16468 8956 21743 6103 15599 9901 20149 17703 7914 10691 22463 2947 12526 9594 13923 6103 22463 16967 18498 20402 9790 20670 14427 9193 23572 5 
7847 5219 3450 22897 13909 17107 15658 20402 0 20 
20149 9193 17304 6075 22463 5220 21282 7850 22942 20420 6 15643 22564 15678 28 30 20215 
21 21 21 9193 20293 14335 16836 31 18736 16673 18470 8956 16822 6103 7894 20149 4829 4766 31 17298 19774 4 9193 15416 31 20774 1393 17297 7509 14539 4417 5 21 21 21 
21 21582 3450 22897 13909 13405 22463 22942 21231 7730 1298 4 22463 7127 18533 4289 7850 15669 7509 26 11617 20402 26 5 8329 12861 15658 349 23016 21582 288 14031 6103 19596 4 7512 4 23104 6103 22463 14031 13909 4681 5 
6097 18498 288 14409 12577 7730 17872 18525 21596 31 14539 12551 17304 20402 23204 5 
28 15678 18498 23135 1190 13359 0 19415 20699 6103 13311 18498 21596 22463 15955 6103 22240 6103 13598 8406 15678 22588 5 
21596 2368 8063 7730 7514 8406 23114 
28 15102 18498 21596 31 12551 6103 22240 6103 21 21 21551 21 21 9193 16468 29 22318 8361 866 18498 19900 7730 23135 7110 4766 22463 11518 7509 18498 23135 17304 14335 8361 
28 7730 26 7804 11046 
8840 18498 20402 23579 7730 20149 873 5174 13909 4672 7850 14539 9032 7730 18533 14335 12145 9901 9808 21 
17872 16721 
21 23 2824 20023 10959 21389 7509 20446 6103 23135 4 9193 11462 9901 2727 4270 5 12780 17872 16615 6103 1247 6103 20023 5 19969 6103 3962 29 4289 29 2087 17438 4060 7509 2824 5 20402 17872 17525 13909 16936 6103 3962 4 15678 7509 28 4 16468 15678 2846 23577 4 6075 18470 2824 9193 7102 19547 4 9193 18525 7491 18498 7847 19969 0 9743 13909 22463 22897 7730 15299 4 14604 15311 9743 15678 14539 17438 7558 22898 7730 15299 5 19450 12780 17872 16083 17525 18498 12255 8995 22730 349 2371 20402 17872 17525 7509 28 6103 2606 7730 349 31 14539 4672 7558 22898 21371 5 20954 16404 15678 17525 7509 3759 28 7850 23575 8838 7730 21282 7850 20207 21583 31 2824 20149 20786 5 21793 8956 21551 13480 16404 15678 19920 7730 15678 16972 15658 753 7914 15299 5 
7914 22463 6318 8147 22463 15108 18498 21582 19547 16673 26 7730 349 31 14539 4672 4 7847 740 7491 18498 20293 16468 17438 12861 5 
9743 13909 19636 9193 18443 4 17438 9721 5 21 
31 12408 20402 17872 29 16971 5 9193 21596 4181 18498 21596 15138 13909 18498 12861 20879 29 16615 6103 1247 
1471 6103 19969 6103 3962 31 29 7730 2087 22463 11518 21596 18498 1190 29 9009 7509 26 17872 288 22463 18498 15658 21596 4766 17877 15658 20402 13278 22657 31 16689 5 29 7850 16475 7730 13909 22463 29 17872 4289 7850 7730 23151 17872 3962 5 22657 6329 4788 15678 1247 7509 4417 16615 20 28 20879 29 3959 26 21282 18498 15658 16615 6103 1247 20023 
21 14265 31 20126 6103 13909 6103 1249 7509 7589 30 18498 6075 22463 12638 6103 28 7730 16468 17438 1614 4 7730 13909 16066 14466 15678 14539 21551 6103 22463 16972 18498 21438 17438 1614 7914 20879 14539 27 22356 7509 9574 22558 16404 20293 28 21 
21 9193 13055 19900 4 9193 21282 17872 5121 8 29 21 
7957 8789 8956 17235 17438 20879 0 
28 15855 12861 
21 8995 13359 21 21 15286 1393 13667 21 21 21 
21 7957 8386 17458 15658 20402 17872 13253 15678 26 3906 16066 31 26 3585 0 0 20 
21 21 31 4417 6103 20402 28 4 17836 4 7102 8406 7914 4686 21911 2136 15678 9975 6103 29 4 15894 14995 15658 21596 702 16404 2685 4 12202 17982 31 6336 7914 14245 4 16673 9620 6103 702 7850 17919 7509 14504 7730 31 14663 6103 9634 12526 16404 16083 19143 20402 23577 7730 9344 7914 10502 7509 12228 6103 702 5 8956 20402 15678 4156 13909 16062 846 4766 15138 1281 16673 16966 5 
15678 4971 4 31 12202 7730 15678 14995 19431 7914 20402 28 4 2727 4796 31 23498 14596 4 20357 15658 1453 7850 3047 4 9193 7850 15263 6103 20689 4 21362 12324 17380 5 21 21 21 
21 15299 13045 16066 5722 15678 18498 349 5 
9193 9193 18784 21596 7728 20670 8956 4262 4 20149 16468 16066 15658 22463 21153 13494 7509 13441 6103 9462 5 
7491 12861 17458 15658 22805 11066 7914 15425 7509 21752 7730 9901 18784 12034 4766 31 23575 18498 17438 13909 18498 15658 20402 17598 4 15658 14335 11649 13909 4766 31 5734 7730 5018 4766 15678 3960 11492 20402 20670 31 19240 7914 18498 20402 5762 5 
2371 14335 18443 7850 13727 7509 12844 15658 18647 7730 4796 31 16083 21752 17304 15678 21596 12034 4 16066 17106 740 6 21582 11731 4796 7847 20402 18876 1393 15860 7509 18647 5 
5018 18498 19240 4 1920 4796 22327 7850 22942 4 7102 20402 5345 16404 18498 17511 9239 5 9193 16404 17406 6103 4846 20149 20402 21752 20670 12992 4 20402 18498 31 13907 18498 1498 15658 16468 31 5241 1356 0 21 
21 21 21 26 26 26 26 26 26 26 21776 26 26 26 26 26 15803 26 26 11943 26 26 26 26 26 26 21776 26 26 26 26 31 26 26 1631 26 5 31 26 26 26 26 26 26 6 26 26 26 26 4 26 26 26 4 26 21776 26 26 4 26 26 26 26 26 26 4 26 26 26 26 26 26 26 4 26 31 26 26 26 26 5 21 21 
26 4 26 26 26 28 26 21 
21 8956 10273 8995 22385 13512 4 9193 22385 13512 18498 2136 14335 6075 18655 5 21 
21 15643 5762 14577 17872 1249 18498 8995 17438 23016 5 7914 29 19450 4730 871 6 
20207 20244 3884 
12780 29 17438 20247 7850 204 
22564 15678 21551 13591 17872 13359 9130 
16784 21551 7850 28 21282 6103 20474 31 15533 
1190 22463 17556 13909 1820 
14577 7509 28 4854 29 28 20244 19110 5 
7102 21596 4809 4766 12861 1276 4 8995 20357 18498 8956 1249 12780 20402 15138 3058 6103 21 
14464 9743 14249 7850 5648 27 3432 26 
20880 15355 3432 26 
21 2727 23016 29 4 1471 7509 3564 12505 5 6 3432 26 14336 7509 14265 28 28 21 
21 1249 16468 5219 5913 9193 14577 6103 13311 21596 13471 29 13598 5 8956 1249 21282 5219 13359 29 7509 29 13598 17229 7730 12780 21623 15678 1249 4766 29 16673 14561 5 
14577 1249 18498 23016 6 14466 21494 4 13909 16296 5 21 
21 7730 11462 20402 7127 6318 20 14604 15311 4 1095 4 16375 4 4841 5 15678 3790 4766 31 13905 16135 7509 15190 4 18498 14335 2133 11284 29 7730 22463 21389 8233 15678 6193 7850 20463 16098 7730 15336 4 15678 18376 7850 2991 4 21282 17872 2079 5 14604 18533 4 21282 17511 22318 6679 20127 4 17458 6103 19509 15678 15190 13055 20402 20463 20 9808 29 5 29 20 20 13640 13909 8995 2371 17872 22318 6075 22463 4292 20 22318 1027 20 20 9808 1247 16323 26 14604 15416 13647 15311 21 
21 12780 16468 15678 19169 7509 10581 7850 22657 31 16689 22805 6103 15604 4 6103 15604 20 20 20 20 20 6 6103 21 
28 28 8 29 7 16404 
21 6097 23135 12780 6075 22463 19768 7850 4407 15596 4 31 26 7509 28 22385 4766 15678 11538 15558 6103 8063 7730 15658 17304 20402 19547 6408 7509 29 6 21 
14336 11518 4766 28 
8 29 
21 1097 18498 10959 6103 9594 20670 4443 7730 13598 4815 4 16630 18498 14335 434 7850 20201 19415 6 
8995 21582 4 1393 17556 4 14335 6830 6981 4672 12832 18498 8995 23029 15678 28 5 21 
28 14335 11649 7730 288 18498 23135 30 21371 12780 20149 11649 5 5 5 27 
21 733 4796 9193 18533 21596 5174 8956 3790 4 21810 22463 3201 4766 7847 21 
26 7850 28 8 29 15658 13325 7509 4127 6318 7850 4443 17125 4766 3166 6103 15481 27 
2371 8956 26 8 29 
21 9901 22938 15458 4561 7850 23523 7509 5505 4 2371 6592 8956 22861 2414 7127 6981 27 288 18498 2647 31 16015 27 21 
31 12787 28 20 15253 21768 9634 9634 7681 9456 26 
21 28 8840 18498 23135 21596 1540 31 10959 7509 14604 9956 6103 21085 4 28 4 28 4 9672 4 6717 5 5 5 27 21 
28 28 
21 19900 15995 0 15995 17872 3805 6981 9193 1095 12534 4 13512 4 827 9170 20 3058 20855 18533 20 1755 20 6103 21 
21 30 21776 16098 1612 13566 7850 28 6103 15604 7730 654 21787 8956 6073 4 288 18498 8406 17872 13566 4 15658 0 27 21 
21 9934 19871 4 9456 2727 15988 7730 20244 22336 20 17075 8711 11415 30 28 21 
21 21 21 20539 4 9193 15658 115 4 9193 288 18498 31 8637 6103 115 16066 15658 20402 7509 15144 4 17324 15678 5574 20402 6281 7730 31 22942 21371 20 
20539 4 9193 18533 16440 15558 15355 11576 4766 7277 31 22202 20833 7730 28 21787 11267 4 9193 6202 4766 22487 7730 6383 31 8637 7730 20149 8956 8637 20402 17438 14156 11518 16404 17304 9743 31 22487 7730 5621 15678 3388 18498 20402 5 
20539 4 9193 18533 20402 15253 7730 9193 15658 17629 21932 4 9193 1027 31 9193 3916 7730 15658 18533 6256 6103 20402 22463 17934 2727 21017 7730 20149 12861 20520 21596 22463 4 7558 4 22310 4 18497 2385 20402 22463 7277 14604 7730 18533 20402 19456 7850 9193 6152 21389 18481 19456 31 6152 6103 18525 6679 8637 7174 5 8956 20402 22463 6152 18498 3391 23577 7730 9344 31 9193 7730 31 3450 22463 7509 15144 18498 20149 8147 15458 8173 20 21 21 21 
21 31 8632 9901 7850 17478 7509 14600 4 31 10606 17658 12780 6103 3906 4 7730 20402 31 4413 18498 2084 15678 22307 5 
19335 22463 10343 18498 22805 7730 1027 6 23135 15658 8995 7850 22307 4 23135 20402 15678 22307 21 
27 22385 9193 7730 14604 20826 12399 27 
21 11731 4 1614 7914 3962 15424 9605 951 7730 10823 15678 21551 21793 27 21 
21 17872 6075 1612 10267 7850 21969 7509 9833 31 15533 288 22463 22202 20833 7850 28 4229 21 21 18584 7509 1341 21 21 21282 4766 20799 7509 1249 29 5 
201 6103 16098 28 7730 4809 28 5 5 5 8995 753 6103 21 

