3364 28 28 18610 5 14185 28 6 
26 26 20402 12863 21282 12780 11617 7585 22 21298 26 11678 11617 26 26 26 26 5 26 20 26 28 
16721 7850 15995 18498 6075 20 6 6 6 8956 26 8995 18498 8995 24 
15678 7127 7914 18498 9193 23029 12882 17165 6103 3014 26 26 
15253 13055 2727 7491 6 
21 21282 7480 15576 21932 18498 9901 21083 13278 7730 4 15754 4 16468 22463 5353 21083 11861 6 21 
8360 7509 22942 6 15658 17898 6 6103 
22463 21394 7850 3790 7509 9634 21939 3170 5 27 16169 740 10648 22463 10240 21371 20 
14465 18066 6103 17960 7794 26 5 26 6788 20402 14245 26 
21 26 26 4 26 5 21 
20749 7509 14049 4766 31 16280 30 26 26 
23151 17872 3962 6 26 26 
4796 9193 14335 20357 18476 6 8995 7850 9971 7509 20262 21596 21446 17872 9130 15658 7599 13278 11284 871 28 31 10548 15658 4289 13640 
26 26 26 26 
7730 31 23414 7509 20247 12780 16404 6 
19094 16934 7509 13860 6 15658 17629 8840 2515 4751 7850 20463 28 17872 13749 5371 31 17298 6 26 26 2702 6103 13759 
21596 17962 7509 9574 7730 22463 10696 20402 21596 18498 1146 8329 5590 4766 15678 17962 5 16393 13909 10544 4687 10962 
21 21 21 7730 2371 23016 31 5055 6103 16721 20293 7850 
20149 20402 
20149 1276 15658 20402 
20149 654 20402 
15128 871 4672 7850 9975 0 20 21 21 21 
26 26 20 26 9833 29 
21 22463 26 17872 20149 21520 6 8995 13909 7509 18498 7850 11518 4 4509 5 21 
14265 22463 17556 7509 20126 20 2371 14604 28 20 
21 26 26 4 26 26 27 21 
21 7850 26 26 26 4 7850 26 26 26 5 1114 21 
21 15643 18533 4 15658 20402 0 20 28 27 21 
27 26 21726 20 
8382 7850 9833 10405 7914 28 20126 16292 
21 18494 7558 11518 6103 14058 16140 7730 7509 15299 4 3059 7730 13909 3059 5 14058 29 29 21 
7576 4766 14604 1114 4841 7847 14335 1027 
15424 21793 17022 20402 12374 5 
1114 15416 13512 30 24 
15671 7730 15678 28 15658 19768 14245 5 23016 28 17812 11663 9620 17556 
20293 22657 27 
26 26 11617 13591 5 
15253 7730 28 4295 7730 13520 4295 10943 10962 
9971 7509 21551 20 28 28 15658 8995 10544 
21 28 28 16169 4 15855 18498 6329 6 13325 6103 23135 7730 288 18498 23135 12780 5947 7 21 
21 16404 21793 1612 18498 23016 14335 16630 16404 5947 871 4672 22463 7127 7850 22942 4 654 20402 31 11518 6103 23135 19567 20 27 4 26 4 20 5947 2371 18525 10959 7 4543 7850 26 7730 5947 21 
21 21 21 8632 18449 20402 22463 14512 21 21 25 5 18069 23104 6103 18498 4 16673 14466 7850 9193 4 9387 4179 9241 5 21 
8995 7850 21842 
21 12780 5459 13909 22463 17556 20670 8956 16367 6103 21 21 11802 21 21 21 
11731 15678 18498 7847 16721 6103 9193 18476 9193 352 7847 21282 17872 8125 6103 1114 5 
21 18476 2136 15678 28 17629 20402 155 4 20402 18476 15678 20402 21161 18533 22805 20463 26 16647 10159 6 7730 9193 3393 21371 7 21 
21409 5475 17872 20402 9808 5 26 26 
21 8995 22327 8561 4 3790 20 14604 28 21 
21 15874 16971 7509 21631 5 4913 22463 4317 7509 28 15658 5 20402 5 20149 23135 18498 8995 13359 21596 871 12578 7914 14335 5322 4 14018 11980 6 20149 15658 4 6663 17371 20931 26 4766 866 12808 5 2700 7730 134 5 21 
14425 7509 18498 1612 3222 7509 5505 5 7730 9193 1614 5 3224 6103 21787 6 27 6 
22463 28 17872 22305 5 18498 22834 5 
16378 6 20402 18476 20931 12787 9130 2877 9193 21830 16429 6103 22463 2154 6103 21592 7509 6788 4766 23135 5 7 24 
21 12979 4 12780 5459 6 23016 18498 20 21 
2136 18498 15658 20402 22385 19854 352 4099 16404 3224 6103 20402 10289 5 21282 21776 17629 6103 22463 14426 6 6103 
21662 26 15604 7730 22564 14604 14860 17658 
15658 20402 10546 6103 21704 15658 14335 11810 6103 5018 4766 20931 16192 5 31 17380 3170 20402 22463 17022 17458 15678 3170 15658 13405 31 21267 20463 7277 7730 14466 740 20463 7102 4796 4419 5 16367 6103 3224 6103 21842 15988 5 
21 6408 6103 22463 20247 13667 4 654 15658 6782 20 21999 20126 7730 1114 6 21 
11462 14335 22886 6103 28 20 15253 13512 
21 21 21 9193 21776 23151 17872 3962 16083 22897 4 24 20 21 21 4289 13640 28 28 8995 4289 23256 7850 23572 21 
26 11686 17872 4778 5 9867 7509 10010 28 28 28 28 
21 7730 15678 18164 6103 14425 23222 7509 1249 12780 16404 6 28 4 15678 10696 5 21 
16667 
21 18533 4 28 5 
13055 8995 7850 18487 16953 7509 22356 6103 6788 11114 7730 2136 654 15658 19900 3301 6103 26 5 21282 18533 6256 19140 15678 18481 14335 20357 17669 4 560 9193 14307 9380 21340 17950 4 14604 17521 5411 9380 21340 17950 4 9193 15502 20402 3735 6103 8361 6134 5 
136 5 21 
18476 15678 5942 6103 6788 11114 17918 4672 13284 5 6717 12960 6103 26 26 4766 26 20402 22463 6281 5 
21 15658 20402 21 21 8361 31 15144 31 20149 22886 7730 20149 17478 21 21 18498 12780 15128 8956 18458 5 20402 8361 15678 11474 18498 7847 15658 21596 17304 15425 20670 15502 7730 15658 17304 9743 866 20244 20931 16872 5 20402 4 17477 4 15392 8369 31 20149 17478 5 18525 20402 683 4 15678 20402 7730 21596 20931 5228 4 9193 18525 740 15658 20402 4 7102 20402 8361 31 15643 20402 5 9901 31 7157 16404 31 14004 6103 10533 14464 5 18498 7847 20402 11474 6103 22821 7730 19456 15678 5574 7730 23167 876 5 21 
27 15424 17872 14487 7277 20 
21 18476 9193 21596 29 1249 6103 11636 4 9193 15253 4687 22463 419 7850 17478 7509 2532 6 21 21 15658 6928 702 20 21 21 5 16066 20402 4 15658 20402 6103 11462 20 21 
21 4795 7509 7127 6 21 21 22385 288 18498 15678 28 20402 15678 28 7730 12780 20007 15678 28 20 22 27 21 
26 22 20539 26 31 26 26 26 20 
16468 29 7850 9078 17872 6075 22463 15037 1614 6103 6 
6 
21 13909 12030 18498 3664 7914 6110 4 20402 8956 17563 6103 28 5320 15678 23174 7730 13045 15678 17460 5 15658 18533 19900 5 21 
21 21 21 16971 4796 26 28 7102 21371 20402 19479 17438 5320 6103 2073 3364 6103 11493 18498 17111 1614 7730 879 6103 1987 4766 13772 10103 7850 2301 16559 31 8792 7850 12589 7509 15554 5 16971 4796 7847 7491 18498 15658 12019 31 23014 5 15658 20402 31 15256 6281 18498 20215 31 9548 16066 15678 19659 4 9193 20402 31 20678 6103 20463 7317 1393 13669 7509 21551 18498 7406 15678 15190 7730 21858 15678 1995 6103 8731 4 2050 7730 1987 2537 5 16066 4 14425 7491 4 15392 22 22 4 18494 22463 16630 7509 6014 5 20402 16971 4796 7847 18498 892 13346 31 12657 4 18498 6408 20402 5298 16673 13982 18498 9743 15678 20446 21056 21 21 5 21 
1114 7914 3031 6103 16673 5 24 
6103 23151 1393 22765 21551 26 
28 4796 20293 15138 9808 17438 8995 7914 9634 21298 21298 22 
14604 6472 12780 17872 21793 5 15678 6472 20402 6 16367 6103 9743 6474 6 6103 
11617 22 13800 26 13085 5 
22463 10696 7730 22463 1140 13891 5 
23135 16765 18498 15678 9971 7509 20262 11617 26 18476 21793 20463 17950 7509 463 8995 155 1393 14539 21551 20 
7730 16721 18498 14604 23575 12960 9193 19969 4346 7730 3913 6 20126 6329 20 
873 18533 12960 17239 22859 23469 4815 20 
21 15658 16393 4 9193 8956 20402 15678 13905 28 18498 9193 13055 4796 7850 26 20 21 
15253 7730 1114 26 6 
9801 17269 20402 19900 1575 21371 31 20931 18191 4842 5 
21 15678 18498 23135 1540 1393 23029 23012 6 
21787 23013 
16211 20444 16404 21787 31 5531 
23274 16211 20444 16404 21075 21 
23151 17872 3962 21596 20931 22685 6 
11998 15678 19456 5 
21 26 26 26 11617 26 26 26 26 22 21298 26 5 26 20916 26 14335 
26 24 17790 21 
28 14185 28 7730 28 14185 19668 5 5 15855 23135 7558 1564 6073 871 21551 27 
20402 9808 7914 3962 20 3058 6329 14265 31 20126 6 
21 14069 4273 6103 288 18498 15678 12916 7509 11088 15658 21596 16976 7730 18498 15678 15576 12916 13055 15658 21596 17240 5 155 15678 15855 4 28 20 21 
21 23135 5320 7558 28 17872 5505 4 9193 5320 7558 28 17872 10548 26 21 
16404 21793 15678 15092 18498 9193 5174 7730 6621 5 7585 22 21298 26 26 26 22 18740 26 5 
13301 7509 22942 
21 21 21 20931 2031 20402 21282 9193 5 21 21 30 4 28 5 21 
22463 21252 18475 11719 22463 6103 9193 16836 7 
2154 6103 11719 1393 20799 6103 22765 7730 3058 15286 5 21282 1920 17872 23016 2136 1614 22385 4099 15458 10731 6 
20402 10943 21282 14539 17458 8995 15138 10405 7730 21776 6103 21928 5 22657 9594 17629 6103 2368 26 26 
21 10606 288 12764 8956 9224 2932 5 9193 21776 288 21083 23579 4 15643 19698 21389 20 21 
6361 17872 16098 15678 15604 4092 5 5 18498 2976 20 14018 2727 13909 22463 22897 6 
21 21776 15637 16200 7730 21596 22463 3396 18498 9901 5459 4766 873 7730 15658 20402 3735 6103 6830 15678 20799 7509 4122 20 10765 4 15658 20402 31 21778 18498 12716 22463 12939 6103 15678 4122 22923 4 17438 9721 15658 20402 0 20 21 
872 20402 23579 2136 17872 15658 16784 9193 16493 30 30 
27 
16404 15678 3865 6103 17244 5 
20149 19283 20 23016 17908 14604 3870 20244 9193 17629 11849 5 30 13512 
14425 26 6103 21793 9227 20 28 28 28 14185 28 28 14185 
22463 28 3494 7850 2125 7509 26 5 5 21282 9193 288 0 21282 9193 14335 1788 6103 2124 0 
21 6408 6103 22463 21409 10962 4 10273 7914 9634 6 27 28 15138 9808 21 
21 15678 17877 15658 20402 23135 20402 5431 1393 9193 15936 4 15678 17877 20402 23135 14335 13010 4 6103 871 10211 16066 21752 5015 20670 9193 17458 31 9193 15936 7179 31 20931 5 7279 7730 12164 7509 2727 21 
18498 14116 13804 5 20402 21793 11578 12861 20539 20 
30 14335 6075 1114 7850 11518 7509 3488 5 20402 18498 15678 10405 1610 20463 5528 0 27 
6 6 6 27 26 20 26 
21 6097 31 4524 23016 4766 8956 16304 11663 6103 18498 21 21 28 20402 6103 11066 21 21 7730 21793 22897 18498 23135 13480 15678 29 10473 22327 4 14466 15678 13949 5 733 4 14335 17560 5 21 
21282 22463 14049 6103 10548 4951 5 
16673 14466 8956 20262 7509 6339 4289 1393 9971 20 21886 9193 16135 7730 9156 5 5 4289 20 
21 2136 31 28 26 20 733 16404 31 18339 18498 16404 
21282 9620 23 20 2371 14604 28 7509 6014 18498 835 8 29 
21 16647 9193 5995 7730 6592 22463 14724 20453 6103 20239 7509 14604 10696 5 733 4 6056 5 21 
1114 7730 20126 6329 6 22 
21 3885 7174 4 9193 21793 15190 13026 6 21 
21 22463 17556 6103 20749 4 22463 17556 6103 28 5 21 
1834 7914 14587 4766 3058 15286 6 
21 22805 17962 16673 28 4 6146 22838 4796 20420 14604 19800 20149 7847 20402 20574 7730 16765 18498 740 2727 18498 15658 20 15678 19801 7509 4145 20402 15678 21 21 16018 21 21 7730 15678 7509 13131 4 2727 4 14065 4 15658 20402 0 20 9193 288 12577 15678 19522 4 16393 22861 7176 6103 9193 6 21 
26 26 21726 5 
21 18476 9193 22805 22463 10273 6103 22463 28 18475 21793 17205 4 9193 19698 5 1453 19698 5 21 
18476 31 10765 288 22463 10273 13512 7914 871 13727 7850 4945 5 9193 28 13512 8 29 
654 18498 9193 7790 9901 13278 6 
21 8995 22385 18527 18498 31 2060 21 21 16721 21 21 9743 15678 5574 20931 20 6 27 8995 21570 20 21 
17629 14335 2762 5 
21 28 28 16811 6103 3996 20402 22463 8709 4 1845 17285 7730 6790 11114 3170 4 15344 7850 16753 4417 7509 21063 6103 14703 10795 4 28 5 12674 31 19097 11114 7509 12971 7509 28 9193 1249 29 4 18498 19650 15678 7142 4 7730 6788 6103 12971 4796 22463 21793 4 7850 28 5 20402 4 4417 16753 7730 18494 20402 14119 21371 17520 14487 3216 5 28 21371 20402 5896 5 16323 4 21 21 16373 21 21 5 21 
9743 2831 5 5 13055 20 6 
21 13512 4 13512 4 13512 20 15138 3058 20 21 
21 21 21 7730 20149 20402 17872 15658 21798 866 4 15658 12780 21798 5614 4 15658 12780 21798 191 12240 4 15658 12780 21798 2524 4730 10159 7914 5758 6103 29 1249 4 15658 12780 21798 18498 7914 17269 21264 29 16971 15036 6103 10183 7730 20402 5 15855 18482 4672 21267 21596 16404 9193 17703 20 21 21 17324 20402 20 21 
5528 7509 15253 20 
23 18498 20126 6281 20 
21 15253 4 21776 4289 20 21 
6146 17098 22463 18458 5 
21 288 18498 14514 9 29 15458 11721 4 11300 20 21 
5947 15138 9193 10943 20 
12901 4766 15678 1114 6 
21 21623 30 4 16098 26 6 3058 6329 20 21 
21 21623 30 4 16098 26 6 3058 6329 20 21 
21 29 9193 4 29 16587 20 
9404 17293 29 26 17293 4369 28 
8840 31 18195 16200 6 
16200 20670 6788 6103 21118 
21 4289 5 5 10183 7730 1467 
3564 7730 6103 19924 4290 6981 29 6103 22915 5 6 21 
28 23151 17872 28 6 
21 26 4 26 28 20 6 21 
21 31 17186 15658 9901 18559 18476 7847 18533 31 4672 4 4346 18498 15424 22463 2689 14694 5 15678 17877 20402 18498 31 17790 4 18498 20402 13909 22765 4 20531 7730 7802 4 15658 21154 15678 11092 7509 2689 5 6097 20402 18498 9901 8302 5 21 
5876 7509 9193 17186 20474 31 15533 20 26 26 
21409 7850 28 6 
23 29 26 6 28 
21 9422 12094 4766 19522 21185 20 4289 31 16440 15678 5528 4 9193 16393 22657 31 16689 5 7730 20149 21793 15190 16468 16673 14539 20644 0 21 
28 2851 3697 6408 6103 22463 13669 7127 6103 2429 6 
21 28 4 28 7730 28 5 5 8956 20402 31 28 21 21 28 21 21 21 
18498 20126 7509 9193 15109 20 27 
9193 9743 28 7850 2154 6103 11891 11114 5 20422 20402 14245 20 
15671 7850 26 6 
21409 7850 15215 5 9456 7509 28 20311 6 
21 7188 18476 3058 11644 23016 7850 11518 6103 7599 20 13480 22463 20799 7730 12780 4 15658 20402 0 20 6 21 
18444 2116 7914 6767 5 
26 26 10628 26 6 
7730 31 10765 9980 4872 27 20402 13278 18494 3510 23 29 
9193 7730 9193 10943 5947 22463 22915 6 26 26 26 23 
21282 13909 871 11518 23 6 15253 7730 16292 
6097 9193 21752 10273 17872 14604 5702 6103 22519 7730 19969 4766 3790 6103 7060 6 
11477 1393 17351 5 
9743 14335 15678 9721 5 
10702 21371 10959 6103 3870 5 
17438 12861 20402 31 16971 13909 9808 7509 15190 6 
15874 28 6103 18471 20 
21 7157 7509 7127 6 3962 23135 23016 16404 28 871 7127 4 22126 5219 22463 21886 6103 20577 7509 20931 15928 5 368 4 23135 12780 17629 5 5 14539 5 21 
14604 7623 5947 22463 7576 21282 6103 3058 7 26 26 26 
21 21 21 17958 31 9388 6103 22463 23222 7850 28 14335 16393 18533 12960 31 5891 7850 16083 4 10447 7509 20931 19478 5 5 5 5 
31 16971 820 18498 20463 9943 15658 17629 22805 1616 5 15658 17629 14539 5 17438 12861 14539 18498 23135 4 16169 16066 15253 4 15658 12780 6256 5 23135 20402 15678 4133 7509 20463 9942 5 5 5 5 
22463 2700 16404 15678 11443 6 21 
21282 17872 19140 6 
21 15658 5652 4854 31 4672 4 9193 288 2727 23579 20 21 
21 7730 31 16440 6103 11462 8443 4 29 5 29 6 23016 18498 23016 22998 20 21 
21 27 991 7509 15540 4 16920 11686 8443 0 30 21 
5139 5 
20828 6103 20207 9789 16647 16958 7850 21649 5 5 3794 5 
21 3790 4 31 17478 6103 22954 7509 17345 17629 6103 22463 2846 6981 20 27 21 
21 21389 13727 17872 7847 6246 4 3790 5 5 21 
9193 7850 10405 16393 22463 17083 6 
9779 5 
21 14604 23113 8995 16098 15286 951 4 9193 15658 20402 20435 4 15424 10495 5 5 26 26 20 6 6103 4369 8956 14041 5 21 
21282 14335 19509 7491 6 2794 30 22318 20 6 

