21 21 21 18506 7847 4 18506 20 21 21 21 
19900 18498 31 11454 7509 12737 20402 9564 20 
15678 3790 5 7847 15658 21596 13494 5 
28 26 13325 6981 0 27 
14425 16375 28 26 
13317 6103 22942 5 
21 15658 19900 17458 4 9193 31 10343 21 21 15678 28 20402 22463 9172 20649 7509 17608 20402 9193 21 21 15658 5219 19969 7509 9193 3393 5 21 
15138 21021 17812 20 10211 31 13909 15604 10217 20298 
6 
21 9193 17304 16468 31 15533 12526 21582 6650 15678 18605 11861 23135 20402 17872 9193 7730 14539 1920 4 15658 20420 15678 2625 5 
15708 17438 21596 10211 9193 9634 22507 4 1121 7730 9918 4 4796 23135 14539 20293 20402 5 6408 6103 29 1249 4 4289 20931 22897 6103 6564 5 
12780 4766 28 7730 7914 16580 4 2336 20 21 
21 28 30 4 28 28 4 28 28 28 4 28 28 4 28 28 15658 21596 21282 13131 19854 4 22805 0 21 
21 20149 17511 7491 866 6103 29 4 20402 18498 20402 22463 22823 14981 19867 5 9193 18525 23104 7509 16468 20402 15215 4 8443 7957 13761 5 
9808 1249 15604 6 6103 21 
2975 6679 6 
8956 7127 20402 13688 5 
31 15082 17872 9971 7509 1249 6 
9193 21582 16468 7914 30 2136 15678 14924 6 
288 15678 14425 10837 6103 11462 27 
21 28 28 4 28 28 4 28 28 28 4 28 20809 4 28 28 4 28 14534 28 7730 28 28 
18498 17461 20402 8956 0 15678 15678 21 
31 2614 6103 21793 31 9634 8 29 
21 18498 4809 15678 12963 4 13575 20 21 
12780 28 20 
21 23135 18498 15658 8840 31 16971 19969 7509 22144 1276 6103 7940 4 9387 22463 13301 18498 7491 6 21 21 7558 5574 15658 15781 15678 14539 13727 7850 8806 21 21 
7730 17872 8956 15658 9387 12939 3170 5 21 
20670 11462 31 15533 7 
21 21 21 20402 1920 18498 20149 9914 22463 4552 10606 20 21 21 21 
9193 5696 6 
21 21 21 733 31 3014 12780 17872 13098 5 5 733 8386 4 654 20402 31 5 5 25 4 9193 654 20402 5 5 9193 4 3558 12861 5 5 21 21 
3558 18498 3295 1614 21 
21 2975 508 6 21 21 5360 10405 10765 20 21 21 2975 4766 10405 21 
21252 26 6 
21 15036 4099 4 7730 6103 22463 12939 15658 15138 13278 6 21 
7509 26 26 11943 26 0 
873 7491 9867 6103 9634 0 
21 21 21 15855 31 10273 1114 21 21 21 21 15855 15678 20749 23135 18533 7491 15658 20402 21 21 20749 8918 15678 23559 8716 21 
21 29 1249 18498 23135 14335 9743 15678 11474 13909 9808 7509 15190 20 15708 17438 14335 8361 15678 22823 20520 6103 1027 20 
21 21 15678 14604 15860 22954 4 1393 22318 22805 
20402 7558 10546 4 22463 16312 
18443 9193 15860 22958 4 17872 17304 
14425 22318 8474 
13759 9193 15860 16404 1252 
20402 26 23135 20149 538 21 21 
9808 29 1249 4 16753 6 
22318 1027 20 21 
21 21 21 8995 10405 11462 4 15658 20402 10765 0 20 21 21 2975 4766 10405 21 
21 21282 12780 6256 12861 1614 4 7730 3450 22463 18498 21752 20931 18191 5015 5 21 
21 21 21 7730 15678 21551 7491 6 6264 16468 21 21 21 
9634 16959 27 3472 16659 26 
11518 7509 6564 6 13142 20749 9634 
15619 12868 7509 4711 6 6103 26 26 26 26 28 
4796 9743 871 4672 6981 12939 6 16967 5 28 20725 
8995 2371 22463 13727 18498 15643 14335 6511 27 
26 26 26 26 26 
1176 7509 11663 9620 10765 
21 2091 18475 14981 4 17438 18475 22463 6103 23135 5 9634 21 
7730 15658 20402 18498 21596 16659 7850 13142 0 
26 26 26 
15678 7127 30 11462 8995 1920 6 
21 6408 6103 15138 21551 4 23151 31 18458 6 6103 21 
19900 18498 15658 21596 21389 13598 1920 5 5 9193 8956 20402 15678 15081 6103 9193 4809 31 18533 22463 26 5 31 17595 8995 201 5 
26 26 6 
26 28 
21 2371 23135 16721 21 21 9193 4 8995 22657 8956 17807 21 21 4 20570 31 4913 7730 6 15658 4 8840 5 21 
31 13375 7509 16971 
21 26 15803 26 26 
26 11943 26 26 21 
21 17872 18525 15643 22805 4 20539 4 9387 22463 28 20244 23559 27 21 
7850 9867 18498 20402 17872 12780 6103 20699 7730 9193 15658 20402 6 6103 16753 8 29 
21 20670 31 15783 7509 12095 6 
16323 20 21810 1614 20463 18164 6103 11644 6103 14512 7509 1249 5 
23016 6202 31 15783 4 9594 18498 15658 1498 15658 16721 7850 4708 4 9193 15658 19900 18498 7850 12095 21596 22463 17960 18498 13055 753 13909 6103 29 5 29 970 6103 16587 20947 5 
2371 6408 16836 17458 18498 15502 10959 6318 5 21 
21 18476 15678 17930 1772 1612 29 4 29 16066 29 4 29 5 16066 18476 23135 16468 15658 20262 20244 6408 6 16404 21 
21 21282 17872 15658 16784 15678 5652 6 
9971 7509 12963 7509 1249 16468 841 5 
28 29 23274 29 22575 5 
1453 29 12963 20369 15678 21726 7509 21444 5 
17960 10217 29 26 10907 26 21 
26 26 28 26 
21 22821 20402 7491 27 
21 26 28 13136 26 10770 5 
7730 20670 15678 13598 4 17872 18525 15658 13359 31 15599 15678 18195 21596 29 18352 3450 5 26 26 15803 26 7730 26 26 15803 26 5 21 
7730 5980 8995 6103 15604 28 
21 9980 4 22385 13405 31 4672 1393 21267 5 21 
15658 8995 7491 18498 20402 12861 5 9193 18070 20402 12861 5 
21 26 26 4 31 14981 20402 18772 6103 6 21 
21 20402 21267 18498 31 8956 955 7509 3623 4 9387 873 18498 288 18498 15658 21596 18636 0 18498 873 3510 15458 13129 6103 18498 8995 22327 20663 5426 0 
1959 18498 6075 14512 13640 18498 9901 14466 9786 5 17458 20149 5360 1920 4 30 15658 17629 18637 15299 15658 4 17458 15658 12780 21596 5 
6452 21 
21 20149 21596 22463 4672 18498 9193 19900 4 20402 8956 20402 4 20244 20809 6103 7728 4 15678 14426 1097 7509 11474 5 26 28 21 
7730 15658 20402 18498 7847 8995 7286 2727 0 20688 2783 7850 28 
9980 6 17583 
28 21726 6 18527 6329 
20402 22463 11020 1249 20 15708 17438 9743 16440 6318 5 
15708 6 6103 
19525 31 9574 2136 654 5 
21 17872 15658 16784 31 21942 6 
28 29 23274 29 22575 
29 12963 7850 1600 
29 7914 1188 
17960 10217 29 21 
12787 6103 6 
26 26 7 26 26 
31 3790 6318 6103 6 16404 6103 14335 8125 14907 4273 20 20402 11795 2975 26 
27 
31 22821 20402 9980 7491 
21 21596 10765 18498 20559 1421 17872 20293 5 8443 4 20402 8956 6 21 
21 21 21 28 5 5 5 11943 31 26 26 26 5 5 26 26 22 30 26 26 21 21 
7783 5 28 5 
6 22 21 
21 4672 18498 21282 349 7850 22575 6 
23135 21596 7558 14307 17872 9743 20262 18498 23016 5 22463 6281 20402 28 7730 31 16083 15712 5 2371 23135 15128 15678 16953 11637 17872 15712 17872 21596 17840 4 288 18498 21596 22463 22356 22730 6103 28 7914 16083 7127 7509 20247 5 
31 23577 22356 6103 28 15596 4 20402 7850 14539 7127 18498 31 7558 22356 7509 14307 15712 5 
8956 20402 9193 22942 4 8956 20402 14604 4576 5 21 
20670 31 20247 6103 18069 6981 20262 6 
873 13405 15678 26 31 22463 15669 4885 7174 6 
1453 19192 9193 453 7730 11036 1393 5754 7509 26 26 5 15658 19900 15678 18498 20420 7509 14604 9370 18103 22 20539 20244 8956 26 8 29 
12780 21596 20238 20244 15081 20539 20 20238 7850 26 28 
21 17304 16393 2781 4 9193 18476 15678 20463 17819 868 6103 12780 10473 31 20319 20402 14425 18498 10916 7914 9975 6103 5505 17960 10217 29 12780 4067 21 
2136 18498 8995 4179 12780 5 5 
9370 18103 6103 12780 8406 7850 14881 26 10907 26 5 27 
21 17872 18525 23016 17872 9574 4 7850 14924 8995 3510 15678 15190 1614 5 288 18498 12861 20402 13909 22463 15599 3058 7509 18498 19854 7850 2131 4475 6 16404 21 
15678 15619 12868 19891 4711 6 6103 26 26 1247 2087 
21596 15138 10765 18498 17629 13359 12860 27 
873 14335 6075 22463 17438 9721 6 
22657 31 13311 7730 19094 7 
21 20670 31 7861 6 15658 4 15658 8995 9808 4766 15678 19522 5 18784 8840 18498 7847 5913 4766 22327 18498 7847 9594 7850 7314 13640 1603 31 15820 7509 19522 5 
654 12780 17872 14512 21793 8956 17635 18498 8995 28 17438 2371 4 15299 13045 12861 5 7730 909 4 8956 20402 22463 7509 15083 18498 8956 16587 15658 1190 5 21 
15643 13359 21389 22821 13026 6 
21 21 21 20420 22385 3058 22805 16987 7730 22326 1515 15678 6193 16404 20463 18191 16440 4 4621 17438 20931 5393 7730 13960 4 7914 22897 6103 6207 4101 4796 20149 871 15989 17380 14514 21340 6202 5 
1502 18250 16066 18201 17438 20357 23560 7509 16083 1453 6075 13909 13441 16404 18498 15678 20463 21 21 21726 21 21 9743 15678 18498 15658 7102 16066 15678 18498 15658 17304 5 
9193 11891 20402 6103 18498 4 7850 10530 4 8956 20243 2118 20402 13166 5 21 21 21 
26 6 
340 15678 4419 7850 26 6 
21 7730 10544 1920 4 23135 22126 22463 20357 15138 13909 10259 6103 8810 6 21 
21 12787 4 15678 18498 23135 9743 4766 22463 16971 18498 9605 7914 951 7730 3058 21806 7850 14600 4 18498 15658 12780 7512 20463 23567 17460 21 21 18533 15036 12526 21 21 0 15754 4 991 6103 12960 7850 13539 7509 22144 7730 22703 5 21 
21 20670 10273 4 7847 6 15658 8995 559 23029 226 14539 23254 6 21 
21 15708 31 21793 15190 18498 14335 6075 16323 4 6103 22821 20 18498 21793 15190 18876 7914 7521 22327 18498 14335 6679 20 15658 12780 19474 22463 17438 22463 17458 20402 15138 10765 27 
9193 21267 4 22657 10765 6 21 
4766 23135 6 15678 14464 28 20 7254 18499 29 17737 29 5 29 
21 1249 16468 6 20402 654 20 12780 15128 8956 16587 20 15678 10839 352 654 12780 5 5 5 21 21 
2371 18476 21596 31 4245 6 
15658 4 8840 5 5 21 
21 8840 1270 21793 15190 12780 22805 15678 20749 15344 18458 4 17872 22805 20149 1540 

