21 288 18498 6075 4179 20 20 
28 28 28 26 26 7599 28 29 6324 21 
21 7730 1614 8995 16083 22897 20 
13909 22463 20262 6103 15138 9130 
7957 17960 14604 17563 20 20 20 20 
1731 29 9714 23 28 1097 21 
21 13055 9743 871 21551 18498 9193 23016 14335 6184 16404 20402 6790 6103 12589 7730 7686 9010 16953 21179 9422 18498 5421 15138 16404 15678 14604 1542 7730 20402 15138 11043 17438 3450 22463 6281 5 5 5 9193 9193 19900 18498 21596 15138 4672 17872 1540 7730 31 22898 16721 18498 15643 12780 8995 17714 7730 9901 2136 12410 17324 15658 19900 20149 12780 20402 3735 20 
9193 5 5 5 11066 31 28 21596 16971 14149 7914 9193 22942 4 18498 14335 347 4 6075 1506 7730 21842 15138 16404 9193 20 20 8443 22805 18498 21596 18498 6075 22463 16468 6103 3450 22897 7730 22463 7127 9193 12780 5219 4289 1394 9193 18533 20 
9193 12780 17960 23206 3962 4 23206 18492 4 19972 4 5695 7730 12780 21858 20826 7914 18774 20 20 17324 8956 20402 15678 14604 13905 6679 20 20 
8443 9193 9743 22463 6472 31 9193 14539 7730 6146 14426 871 4672 18498 9193 13055 9743 7730 15855 21282 4796 9901 8956 5695 20 20 18498 6103 13909 20 20 20 20 15424 368 18498 5219 14426 21389 20 20 6075 15138 21932 4 9193 22657 15138 20 20 20 
18533 15138 662 31 3450 22463 18498 20825 13026 4815 20 20 15708 6103 5528 
20826 29 19283 26 5695 30 6103 5528 1062 6788 6103 12589 12589 21 
9867 21189 13909 18498 8810 20 20 20 
21 18481 14694 
8995 15138 9808 4766 15678 18498 349 8956 9975 6103 20247 20 21267 4 15138 28 
27 
3058 21252 20402 6256 6103 13131 16673 28 7730 9901 21083 22223 7730 3183 4 9193 20402 17438 22463 3058 15081 
7847 7730 21793 31 10606 8995 17714 22463 21189 17872 9193 6103 1247 7730 7847 20402 9522 16816 4 9743 22463 13707 14388 13278 4 4766 9312 22327 18498 9193 13909 1027 7730 4766 22463 10606 20311 20 20 
8443 8995 1614 16404 662 31 3450 22463 18498 7459 9010 7127 4815 7730 18498 20402 22385 8810 7730 15242 16404 9193 
740 15658 21596 10273 1614 4815 4 8443 8995 17525 8956 14699 13520 7730 7914 3206 12780 17525 13909 20 20 20 
15708 1247 17737 13707 1097 9867 21189 21 
21 22463 3227 31 22942 20 
7730 8956 4333 12780 7914 8810 31 21351 18498 14335 7451 15458 7558 28 17098 31 16395 4815 7730 18498 20402 11997 7509 9193 13690 20 27 
8443 12780 3227 7730 5947 8956 28 14149 7850 16395 7509 14604 18487 20 20 
28 1247 4333 3227 3671 16395 21351 15708 21 
21 9743 28 
17098 28 18487 1095 753 1247 22235 28 21 
21 7127 7174 11462 20 20 20 14506 6103 20402 28 
21252 7174 14506 6324 4145 20402 28 16475 918 5527 1707 19907 21 
31 13909 13512 6103 21793 
21 17458 31 10765 15658 17304 16367 6 6103 
17960 18487 3959 4 29 26 7730 30 
17960 12589 18487 6170 26 30 28 9130 10548 17919 14335 17714 10547 21 
21 19900 15678 18498 20402 9801 0 
14604 1115 17822 7509 10548 10279 9801 1114 9634 28 20853 20126 21 
3058 7127 6 
21 20402 15138 15242 8956 13591 4 6592 18498 21596 22463 2336 1845 6 
12916 20158 17098 2336 1845 7576 15311 13026 23221 21371 18533 22463 13591 6103 17098 12780 9901 22938 5527 13591 2336 13512 21 
21 9193 472 10095 20 20 
472 31 6304 6281 4 31 5518 18498 3450 22463 21596 20 
472 20357 15678 21787 6103 20931 18382 13823 7730 7509 20463 4292 5 
20402 20333 7730 21596 18498 20402 5876 4766 15138 3870 4 1920 4796 20402 15678 1114 6103 22463 19225 4 20402 7847 8406 1097 4 16169 7730 9943 16066 15311 5 
14425 21189 7509 15533 6103 15908 20 
15708 1114 4 22318 1027 8 29 
7127 7509 15311 1114 20474 21189 10095 10279 21 
21 3450 20262 22463 15604 6472 20 
9193 17406 6103 13812 19283 22463 7127 4290 6103 11454 6 
1471 6103 8995 201 15678 20262 7730 6103 18533 15138 10548 4 5099 18498 12780 20357 15138 9620 18476 201 20 20 
12780 9743 6103 15604 0 
15708 11111 8 29 
28 17406 6103 13812 22143 9971 6103 20262 15138 30 4923 22131 21613 20262 11111 12780 9743 6103 15604 28 21739 28 3697 18533 10548 21 
21 11943 31 26 26 6 
31 3610 7509 21932 18584 4380 14174 17090 14049 10279 7850 23572 21 
21 21793 15678 28 17304 20402 1920 20 
7127 7850 16421 28 21252 4766 15678 1097 16421 21252 9975 6103 20247 7447 15704 21 
26 8 29 
21 4841 6 
15671 26 4 9193 15671 26 8 29 
1095 5204 1103 1114 17962 15704 9808 4841 1393 18458 12589 21 
22385 10141 6 
21 9975 6103 20247 20402 1920 20 
4766 23051 22386 6103 28 7730 22533 7914 20879 6 
28 22533 22356 29 21252 28 28 9457 28 9009 28 9193 20402 15678 28 9130 23051 22386 29 21 
21 23104 7730 1540 20 20 6 
15704 22463 7127 6103 17005 28 11838 6103 15704 3706 6103 15704 11111 26 13753 21 
21 7730 18476 2647 1612 20126 0 
15678 18498 31 10765 9743 0 6 22 
9634 20126 6103 23151 17872 9193 21631 10548 21450 20402 28 1027 6329 21 
21 18498 20855 31 9193 15458 28 20 
4331 4 4331 4 9193 21282 18533 4331 8 29 
3418 20497 28 4331 1531 29 17737 7509 15311 17872 21793 15678 10960 7599 21 
21 6103 14049 8714 
6103 7127 21409 
6103 21409 1252 
6103 15533 1655 5 
31 15802 31 15041 
5371 18525 23104 
7509 21063 4040 
15678 9010 20402 14604 15567 5 
16083 18498 5320 
16468 17438 16468 6 
9193 15036 15908 
15344 1022 
1190 15894 11284 8806 6 
14604 21551 20402 18476 5 
28 6103 28 21 
21 2136 18498 15678 22765 21596 2717 15458 4417 
10279 20402 28 7850 22307 18159 7055 15604 15855 21 
21 20402 15138 3058 18476 9743 15678 18498 10959 1393 18458 12589 
6788 6103 12589 1393 18458 12589 28 29 19083 19620 20826 13753 14230 29 6170 1027 21 
21 3058 7127 20402 28 4 3058 7127 20474 20 
20879 17406 8983 3058 7127 20474 21 
21 20202 9193 18352 6 1393 18458 6788 6103 12589 
28 6 1393 18458 12589 
4524 18498 15658 17304 8995 6103 20402 6981 14388 9224 7509 9446 19621 29 4 15678 13905 9224 6103 20794 7914 199 7509 28 13229 5 9450 21793 31 21573 4 14273 7730 12380 16404 17962 6103 6170 4 28 7730 28 5 18525 15658 20402 4 740 6075 21551 4 31 9456 12780 2136 1022 7127 29 29 29 5 7728 275 15678 26 6 23273 5 28 5 4766 5 3148 28 29 19621 29 28 28 30 28 26 28 28 19620 28 7850 19621 28 28 28 28 26 28 3962 28 18660 13525 26 28 26 4195 28 28 19620 21 
21 22805 31 12446 6103 20472 7730 9901 17438 6389 7509 21573 6103 6170 8 29 
21 1095 6103 9574 7730 654 1095 6103 21932 5 8995 13026 14984 9193 17819 20709 1393 18458 12589 4 18498 18779 17962 6103 12589 19430 4 4799 7730 21935 26 5 
6788 6103 12589 1393 18458 26 6170 28 20879 9032 17960 20735 3058 10959 
20202 15576 28 1393 18458 12589 
21 4672 7509 28 
28 19837 3629 3956 15364 3006 4067 6014 10279 21 
21 23151 31 16014 28 4 2373 21 
23554 4672 3058 20 
21 7730 11462 4 15678 7127 8995 13512 1614 7850 15653 20 21 
21 28 15678 21551 21793 5 9193 13598 4 9193 13727 4 7850 22942 20 
13591 5896 20495 28 28 6788 12589 19083 26 29 28 21 
21 3073 6103 13307 7914 18394 4766 28 15138 3058 20 20 7 9743 15576 3643 28 10548 10940 
28 21 
21 13514 
20293 13026 17872 20293 20 20 
22318 1027 1095 
26 29 13514 1249 15604 1095 
9808 29 17872 10765 20 20 20 20 20 21 
21 4289 20463 7127 24 4 7127 6103 4110 31 20931 4289 4 17324 11284 29 1249 23135 8995 15344 7730 4766 23135 23016 31 835 4 31 19898 4 31 1103 7730 15678 1114 5 11462 12780 4788 31 16971 12094 18498 23135 20402 4 22463 16971 1121 7730 18498 1393 17556 5204 31 21793 18498 7850 5174 5 7850 6679 13909 22463 1249 19342 6103 5204 4 6103 15138 9801 4 1114 4 7249 7730 16580 5 
9808 1247 28 20 20 20 20 
22318 1027 
28 29 4 28 15481 21 
21 1796 4 12780 6070 21 
7 
21 28 6 6103 16014 10711 5 
20520 6 6103 13540 15520 4 10992 7730 7853 5 
15708 23 16673 10273 4 20931 5763 14335 12442 6 28 21 
21 5832 28 28 4 
13026 7558 14307 7914 22463 20 20 20 
11454 7509 28 29 16967 6717 30 28 26 18533 10548 28 29 21 
31 22942 8995 9193 16753 7055 
21 1097 4 
16323 4 15138 1249 6103 22942 4 20127 4 1114 7730 16580 20 20 20 20 20 20 18498 28 5360 7850 20931 22942 22126 21282 4672 3058 4 17324 23135 20402 14513 5 
15138 21021 7850 22942 7730 19900 18498 21793 15678 10433 20402 18920 13640 13909 7730 20402 22463 11020 4712 4 18498 17511 5360 11020 1095 
22318 1027 24 
2702 4 13640 13909 13026 7850 1393 18458 29 21 
21 18779 14604 20825 5 
155 31 3512 15242 20 20 20 20 20 20 15860 3219 21 
21 16472 4 18498 20799 20402 8956 6 21 
21 8329 12861 4 7850 3988 5 5 5 5 21 
21 18498 15678 15576 1114 17872 20293 23104 5 
28 29 
5855 1393 28 14425 10273 7509 15190 20 21 
13055 8995 14335 17714 
21 11462 20402 22463 7127 15138 8810 4 17324 20402 22463 7127 6103 9867 20 20 20 20 
31 9867 20402 6281 4 9193 15678 17737 20402 14604 20 20 20 17324 20402 31 23577 20861 5 20402 9942 23577 4 17438 21389 4 17511 1575 29 7847 5 5 5 16323 15253 4 16630 31 28 18498 7847 7850 6075 15138 20127 4 9801 4 1114 4 16580 7730 21021 20 20 20 
15708 17438 22327 4 23135 20402 16816 20 31 14425 15253 7509 22520 12526 7730 15678 14604 17737 20402 6103 5528 8 29 22318 1027 6103 13909 10696 4 13512 7730 14149 20 20 20 20 20 20 20 20 20 20 20 20 20 20 20 20 20 20 
21 15281 13652 5762 7730 9711 1417 7730 8832 
31 13652 8995 4766 15281 7730 12868 6103 6170 12094 7730 7914 3206 9010 7730 16083 21935 8995 7850 26 5 
8186 7509 13652 6 28 7589 17821 28 4 29 4 28 5 
28 28 6 17438 28 13270 5 21 
21 18487 23051 8686 
17960 7730 28 6 28 13270 5 
9790 2092 7509 28 7730 30 21 
21 26 26 11678 26 26 26 11617 26 26 4 26 11617 22 13800 26 6 21 
29 5 29 14425 1247 20 
21 662 31 21793 18498 20402 4 20402 23577 7730 15138 8810 20 20 8995 15138 15138 15138 15138 9808 30 21 
21 24 16404 9193 20 
7730 18498 15678 22998 7730 7558 20402 21282 835 6 6103 21 
21 6184 9010 7127 31 23135 20 18498 9743 16440 7509 9193 22942 6670 6103 18476 9193 15344 4 18498 14335 8361 31 3224 4 9193 18498 14335 15061 18498 21596 18498 5741 7730 308 6103 22327 20402 9808 20 9193 1937 20931 22942 7730 22318 452 4 20402 827 7730 3348 16673 20463 11644 20 
9193 26 21793 21021 7509 15190 31 23135 4 6679 9801 4 1114 7730 835 
24 28 20 8 29 21 
21 7730 23 4 16926 31 15256 16066 7850 4945 0 20 
21596 17872 21793 15678 10960 8 29 21 
21 6717 20402 11686 31 1190 6103 2824 20 
26 26 20222 15266 20244 6717 12589 15769 21 
21 19900 17438 18606 18498 9193 20402 31 20931 1095 0 20 17438 4060 7384 20 
21596 14667 18736 16404 18533 8995 1393 20463 13131 20 
1114 6103 1095 29 14667 18736 21 
3962 5518 29 7914 9634 5 
21 16454 7509 86 7509 20420 26 20 
9901 22385 3058 18498 15658 21596 4796 15658 4854 20 20 20 20 19698 951 21 
21 21793 7127 20402 7127 6103 1027 20 
26 26 21 
21 15874 16972 4 8995 17908 21932 7850 23498 6103 6788 6103 12589 7730 10959 6103 7480 14604 21935 4 8443 18525 18533 753 9901 15138 9808 20 20 
733 5 5 5 9743 21935 4796 26 7730 8995 31 7362 16404 6728 17962 6103 12589 16404 18525 21596 12578 5 
15708 31 21793 6670 13055 20 7 
17480 15906 6 11561 6 23273 5 28 5 4766 26 29 30 21 
21 9634 4 9634 4 23104 13026 21793 7127 4 15643 16784 8956 14069 4 9634 
9634 1393 20 20 21 
16468 23123 8956 18494 29 1249 20 20 2647 31 13905 20126 8 29 
21 19698 6103 13909 4766 12861 20 
21 28 
30 4796 6329 3962 21 
21 26 1983 26 26 5 
21252 31 15533 4 3962 4 28 5 
16286 4290 6 21 
21 26 26 20402 26 21726 4 26 26 
26 14335 26 26 5 
26 21 
21 23135 15658 288 18498 28 20730 16393 4766 26 26 0 0 
21168 21 
21 18498 8003 20 8995 4809 31 1027 7847 8 29 
29 2154 19283 29 4766 28 21 
9130 6103 13759 20 20559 14149 
21 3058 7127 
21252 14049 9965 21 
17960 9978 20 14604 17819 21932 4766 28 28 6788 6103 12589 
18494 201 31 3962 20 20 20 20 6408 6103 29 1249 20 18498 21932 
21 20402 14149 20 20 20 20 20 20 15678 19169 13424 20 
21252 21468 15218 18494 31 10765 15658 4289 18533 12780 6103 15604 21 
21 26 22 20539 10907 20 15678 19169 13424 
15218 15678 19169 13424 20825 12780 3702 21793 31 15286 4788 21 
23 26 6092 
7850 11518 6103 16647 15678 3714 20 
20402 7994 20 20 20 6103 13909 10217 
4970 20 10211 
21 21596 21389 31 9594 7730 31 662 31 8956 16971 20 9193 20402 22463 14464 15138 78 17438 28 4 17324 1393 13669 6981 3610 21282 9051 4766 16971 3058 7730 18498 14335 373 15138 20 15671 6670 15678 17819 7127 6103 2154 15658 9193 13202 13909 4 23029 13909 7509 18498 20558 1095 20 23029 6041 4 7459 22225 4 835 4 14994 4 15253 4 4796 4 13606 4 1114 7730 15138 13909 20 20 20 4886 22463 31 16083 7730 654 18498 22327 16468 4 18498 15678 15576 28 13026 9901 13909 8623 5 5 5 9901 22385 22223 20 9193 19900 18498 22463 20293 17304 5320 4766 31 16083 20 14604 9773 4295 20 20 22318 1027 8235 10211 20 20 20 21 
10208 28 8 29 21282 10696 20 1755 
10211 20 4690 10217 6788 6103 12589 28 
21 14149 20 20 20 277 
17919 31 22687 7850 2154 6103 11462 6717 
1937 5 5 5 5 
24 
21 2154 6103 28 8995 20497 
4753 28 2154 4766 28 23575 20247 28 21936 6329 21 
21 16972 4 9010 20402 31 18352 7509 28 22463 6790 21083 21347 7730 18498 6728 21935 6103 15138 18471 7850 18670 6103 6788 20 20 5947 31 18352 6281 7850 28 6 
21 17239 11576 17989 7 
17239 11576 28 6788 6103 12589 21932 26 21 
28 20402 14149 20 22463 20577 6103 18498 8995 7509 15576 13131 9193 14924 7188 20 20577 6103 18498 22327 12780 6075 4179 
21 1540 31 9743 17239 11576 20 
18533 21932 20 20 20 6788 6103 12589 20463 13512 
18533 21932 17239 11576 2222 28 6788 6103 12589 28 15658 5219 16367 14335 5412 21 
26 6788 6103 12589 26 26 16926 
20725 20 20 14335 20392 6 20539 
26 7509 7127 8 29 16421 7764 28 
7914 28 19768 17812 28 
31 2154 6103 15908 20402 2727 17914 20 26 4224 6717 22130 
21 17812 4 654 13909 7509 18498 15643 22507 17438 22463 5528 2352 5 21 
22463 11518 6103 21500 20402 17556 17872 15671 20 21331 28 
18487 28 13270 17960 6788 6103 12589 
21 18487 28 13270 17960 6788 6103 12589 
19283 30 26 18533 21932 6788 6103 12589 21 
6788 6103 12589 
10696 7730 13512 
7730 8995 1614 6103 15604 5 5 5 28 15604 20402 15138 3058 20 20 20 20 
20329 
13945 1820 5 5 5 11518 6103 12780 7957 
7730 8995 1614 6103 15604 5 5 5 28 15604 20402 15138 3058 20 20 20 20 
7730 8995 1614 6103 15604 5 5 5 28 15604 20402 15138 3058 20 20 20 20 
21 8956 13727 20402 22385 13512 4 18498 31 10765 20149 12080 20 20 21 
17583 
9193 13512 
31 7557 
7730 8995 1614 6103 15604 5 5 5 28 15604 20402 15138 3058 20 20 20 20 
9193 2336 20402 22463 1755 20 20 20 20 20 20 20 20 
18533 21932 20 20 20 16404 15658 16784 15678 11600 26 
21 24 4 3960 7509 28 7730 16229 20 13520 21 
16630 13652 13786 10273 
7491 26 
21 28 14604 4 15855 15678 18498 9193 288 21 
21 28 28 4 15658 8918 6103 23135 8 29 21 
21 13055 8995 4766 20126 
18533 23151 10548 17872 20293 21 
6564 20 17458 15658 20402 6103 9847 20 
29 
29 
15908 20402 6103 13909 20 20 20 20 
26 26 20 
21 14604 5528 8995 2647 10259 20 14604 28 5 5 5 20402 11462 20 
18498 7847 9193 78 4 210 15576 5528 7730 9193 1268 20 
3058 20855 17872 21793 15671 6 21 
21 11284 15138 21551 15658 22805 15678 6014 22385 9094 4 14149 20 21 
21 9193 21596 31 14425 31 1095 6103 21793 7730 11462 15678 17737 20402 14604 5 662 31 28 17438 4730 8956 16971 14149 7850 9193 22942 4 17324 20402 7847 18525 14335 827 4 18525 14335 7451 5 5 5 5 18525 14335 708 5 5 5 18525 21596 16135 4815 5 5 5 9193 20582 15658 20420 31 14539 20244 23135 20 20 20 20 17438 12861 5 5 5 19662 16404 18498 28 78 31 20931 22942 5 5 5 18498 7850 6075 15138 20127 4 16580 4 1114 7730 24 5 5 5 5 18498 23135 18779 21793 15678 20463 20826 7730 18498 28 15658 20369 31 10765 
6670 15678 17819 7127 6103 2154 15671 15643 9193 20369 7730 13055 12780 9743 29 1249 5 5 5 5 1471 6103 18498 16393 18498 9193 22318 5174 11212 15138 21551 7730 18498 20402 13909 7509 18498 1095 4 20402 4796 20149 9193 20402 31 18584 12787 5 5 5 27 
14604 5 5 5 5 6408 18498 21623 15678 21446 31 10765 21596 18498 4788 15678 20463 1247 5 5 5 4766 22327 18498 23135 21596 7277 5 5 5 15138 13753 20 20 20 20 20 12780 23029 31 15533 6070 2510 26 7730 12780 4796 15138 9673 27 
22318 1027 28 23135 20402 31 14425 21 
20402 1920 18498 31 10765 9901 4766 15678 16630 20 20 20 20 20 20 
21 1114 20 20 20 29 1249 6103 18328 26 20 20 20 22318 1027 3450 7127 13909 7730 14539 15658 8995 13030 17438 5320 7509 5590 31 10765 12780 21596 15138 14924 14149 4 19900 18498 9193 22318 452 15138 20 23135 20402 22463 16971 20311 20 16323 17872 10765 30 21 
28 28 3996 15855 9010 14534 4766 15492 947 7850 4145 7509 13652 20 20 20 
6408 6103 21389 21932 23016 31 11518 3058 
7730 11462 14604 7127 20402 14149 7850 23572 20 21282 18498 15658 27 
28 
28 
21 26 11943 26 4 26 4 15896 5 5 5 21 
21 19972 6103 19592 7509 8686 7509 22356 7509 28 
12861 14335 13325 21389 4672 21 
26 4766 21686 28 
6788 6103 12589 
21 28 4 654 13909 7509 18498 15643 17737 7914 9193 22942 20 21 
15834 1095 20 12780 17872 9574 
21 20826 21852 18774 6 
31 10547 15101 14981 5 15708 28 21 
9594 4766 31 1095 28 28 3996 
16404 15658 16468 7914 3166 5 5 3036 4766 24 30 
14604 9542 22020 7914 7730 
17714 15678 19983 
13858 
31 10696 20 
15253 
1027 
21 16468 15678 7127 12526 7850 3962 5518 29 30 
20149 6256 9193 15005 15324 13727 4 1062 13520 21 
21 16972 4 9901 21988 4 17324 15678 23577 18498 17304 23064 9010 10273 20402 23135 20 15658 8458 17438 7733 17324 15658 3391 4 9193 8995 1614 4796 17973 20 20 20 21 
9634 20 20 20 24 21739 
17629 6103 22463 11305 7850 29 28 5 5 5 
21 17480 2124 
6719 4 17962 7730 2060 7509 9574 5 5 5 22327 1614 6 6103 
3630 20 

