20126 6075 14924 10141 
21 17653 21 21 3790 6103 18722 21 21 
9867 7509 5758 21468 28 23135 20402 8810 9193 20402 31 19441 21 
11708 27 
21 13405 15678 5179 16404 15138 16971 20402 22463 11020 9365 6103 13472 18498 21596 7850 15190 5 
4766 15678 17950 21 21 21346 10883 26 21 21 4 23135 6075 2154 7730 2272 7850 5353 16468 7850 8632 4 2156 20931 9422 17934 7730 15749 13905 23067 20670 31 7804 7850 15190 5 
7730 20149 23135 6981 2154 6103 12327 7730 4 21371 4 8361 28 16404 5758 7509 28 0 
23135 17304 20 
12403 6 11560 6 26 5 30 26 29 21 
21 23016 4 23016 20 21 
21 21 21 18605 13892 20402 15678 20463 20577 4 7730 18605 17307 31 20931 14145 20 15678 20463 19173 20402 22463 19173 20666 18498 7687 16404 20293 4 7730 15678 20463 7584 16866 6103 10796 7914 10796 5 21 21 28 29 6 29 21 
21 13405 15678 5179 16404 15138 16971 20402 22463 11020 9365 6103 13472 18498 21596 7850 15190 5 
4766 15678 17950 21 21 21346 10883 26 21 21 4 23135 6075 2154 7730 2272 7850 5353 16468 7850 8632 4 2156 20931 9422 17934 7730 15749 13905 23067 20670 31 7804 7850 15190 5 
7730 20149 23135 6981 2154 6103 12327 7730 4 21371 4 8361 28 16404 5758 7509 28 0 
23135 17304 20 
12403 6 11561 6 26 5 30 23 21 
21 21 21 2728 15678 18498 20738 16910 17438 4060 7509 13048 4 17458 6318 20402 15678 19173 7509 6014 7 21 21 
28 29 6 29 21 
21 20402 28 20 
7730 15975 28 4 7491 6 1393 9971 6103 3450 20457 1249 4 7850 21551 7070 7509 1249 7509 19264 4 7850 9867 7509 21304 4 
18476 21793 15678 28 23016 31 4847 16762 15678 20304 21680 28 4 7850 13727 18498 7847 8637 4 13359 9010 13301 7148 6103 21793 15678 28 1393 20463 16098 5 
7089 29 6 29 4 29 21 
7730 1920 4809 22463 11020 11454 5 
21 15678 28 4 14539 4766 15678 6617 6103 150 22463 6621 7914 20931 3962 4 20402 15081 16673 15127 18498 7847 4060 12163 7850 15989 18498 31 12560 21932 5 
7850 9971 7509 9422 6281 4 15678 28 21681 22463 11020 1542 7730 22805 31 11868 6103 11541 873 18498 23016 16404 15678 28 17872 20402 23156 5 
7730 23135 0 18533 9743 16440 6981 15127 7730 5174 16971 7509 15190 12526 0 
20402 26 20 21 
21 21 21 10901 7730 13915 8995 7148 6318 4 10268 7730 10228 7850 20463 20061 21 21 30 5 29 6 29 21 
21 7730 20149 23135 16429 6103 22463 11020 17960 7730 4 1393 14539 21551 4 5174 22463 5896 12094 0 
15678 21 21 4419 10883 21 21 20402 22463 17950 6103 23156 7509 28 23151 16404 16971 8406 29 7730 29 1249 4 10997 4 18419 16066 10211 7914 2136 29 1249 5 7686 8956 17950 4 18779 8406 29 7730 29 20247 4 15678 23162 18779 17962 6103 5915 20699 4 23044 31 14427 7509 20644 2118 7509 15190 7730 15678 6731 6103 16971 5 
18533 19900 13909 0 
12403 7914 6 11560 6 26 5 30 26 30 26 29 7730 21 
21 7730 20149 23135 16429 6103 22463 11020 17960 7730 4 1393 14539 21551 4 5174 22463 5896 12094 0 
15678 21 21 4419 10883 21 21 20402 22463 17950 6103 23156 7509 28 23151 16404 16971 8406 29 7730 29 1249 4 10997 4 18419 16066 10211 7914 2136 29 1249 5 7686 8956 17950 4 18779 8406 29 7730 29 20247 4 15678 23162 18779 17962 6103 5915 20699 4 23044 31 14427 7509 20644 2118 7509 15190 7730 15678 6731 6103 16971 5 
22463 7509 22640 20402 15678 21 21 26 28 21 21 4 18498 23044 6075 13909 5518 1393 14994 13621 7730 6728 17962 6103 19478 1059 5 
18533 19900 13909 0 
12403 7914 6 11561 6 26 5 30 23239 21 
21 13055 11731 9743 12571 7730 21596 31 15941 6103 21932 7914 22463 26 26 7914 16083 16587 0 
15678 17950 21 21 21346 10883 26 26 21 21 20402 22463 11020 15941 16404 18525 8995 7914 3348 6103 9422 7850 14506 6103 21932 4 991 6103 18009 15678 15855 8045 7730 15678 5179 6103 15604 5896 5 
9605 4815 16066 12403 16404 19900 13909 20 11560 6 26 5 30 26 29 29 29 21 
21282 23016 20 
8 29 
28 22575 7850 28 20 23016 9743 16440 7509 15576 21726 20 
21 7850 26 26 26 26 26 26 26 26 20 20 
26 15678 
26 15678 
21 11731 22918 15678 15190 7730 18779 22463 11792 20699 0 
11731 20149 6728 16973 7730 17938 20149 11761 7914 5896 4885 7176 0 
11731 21596 22463 9422 12604 7850 5941 0 
17304 8995 13909 16936 7509 18498 23135 11731 20 5947 31 18352 7509 28 7730 9901 13480 9193 15576 17950 
21 18525 15643 16721 7914 22918 16404 20402 7509 28 4 9743 22463 12571 4 21596 22463 22915 12222 0 7730 20149 23135 17304 9743 12861 7730 740 753 7445 16971 9743 22463 21932 20699 4 13909 740 4 7730 20149 23135 20402 22918 16404 21932 7850 9477 0 31 28 17304 22318 18009 22327 12861 5 
26 15678 5 21 
21 21 21 5 5 5 28 14335 6075 22463 11020 15081 16404 20852 4 7730 21793 18498 19900 6981 11454 15138 20149 827 4815 5 21 21 30 5 29 6 29 21 
21 28 4 28 4 28 4 10765 12780 7850 9789 7509 13591 0 1575 7730 14335 6075 22463 6103 17737 21 
21 18470 11792 23135 18533 16404 20931 22942 7730 3916 0 
15671 20402 15678 19481 17438 3450 16468 18498 6075 7914 3348 6103 15576 20826 7730 3450 15941 7102 20402 1575 20 
9743 22463 12571 17934 7730 678 15678 15190 1393 5941 20 
12403 6 11560 6 26 5 30 30 29 21 
21 18470 16296 23135 6679 9368 7850 20709 0 
20931 23067 6103 15190 7730 20463 2207 17304 20402 1133 1393 18779 22463 12571 17934 20 
31 28 28 9743 22463 12571 7850 23498 6103 7804 7730 6075 15678 20201 6407 6 
21 21 18930 10260 31 23111 17934 17438 14336 7509 12571 4 17836 20149 20402 7850 23498 6103 2130 7914 18498 31 16971 8995 20149 10211 5 347 4 740 4 18498 8329 8995 7850 9477 31 16971 1575 1393 15252 31 15941 6103 5174 31 16083 5896 7914 20463 7055 7730 14924 13909 20558 7730 19815 4 17324 21282 1920 5219 8386 22822 15678 7176 5652 7730 23067 6103 15190 5 21 21 
12403 6 11560 6 26 5 30 29 29 21 
21 15874 1097 18498 15005 1614 17438 1773 7509 23423 13359 4 8817 7914 28 28 4 23135 17304 19474 9010 10232 17872 9193 0 
20402 4672 19871 7730 12780 14335 753 15138 5 
15138 15708 20 21 
6256 31 20931 14156 7850 15190 20 
1485 
21 23135 8995 20357 9620 6103 871 4672 7850 20931 3916 17934 0 368 18498 21596 15138 7850 18498 20149 6728 16404 794 15678 20463 20826 0 
18533 9743 31 7178 7850 15190 7730 740 20149 6728 4796 22463 13786 0 
16429 7509 9224 21346 10883 7730 6592 4796 794 15678 20463 20826 20 
15458 9224 12783 1547 4796 2092 7509 12571 17934 4 17304 6728 17413 2727 8831 7509 20931 3726 4 21858 23135 7914 22463 12979 13786 5 22463 13786 3735 6103 20402 22463 630 6103 15127 7850 20709 7730 22667 7850 14506 6103 21932 20 
2126 4 22463 9422 6103 12571 17304 678 15138 16404 15678 20463 5941 7730 20402 22463 7171 16404 20931 22942 17934 5 7850 28 23135 5219 794 8956 7171 4 15658 2626 1453 7850 23111 7509 20644 20402 7509 23423 6103 5139 7850 12571 4 9193 21371 15678 6731 7730 14320 6103 4179 4876 18498 15678 13405 13909 16936 6103 20402 31 13472 18498 15678 15190 17629 5 16066 20402 4 23135 12780 4809 31 20931 12970 16404 20402 22463 13786 7172 7850 14506 7730 22463 13786 8249 7850 20794 7509 17877 7850 15190 20 
15658 16784 8956 15941 20 
23016 5174 31 28 7730 15678 15576 17950 21346 10883 20 20 
28 22575 29 29 29 6 29 21 
22278 6103 13405 27 3572 28 26 22575 
21 6408 6103 22463 20927 6310 4 22463 5735 6981 5 5 5 
4956 11462 4766 15678 12787 7509 12552 4 16816 5 21 
21 22575 4 2371 12780 9193 5 
15138 15708 28 4 31 21793 18498 14335 1502 9634 4 1097 4 1393 14604 17931 18498 14335 8361 22327 4 7730 2136 16404 15678 26 5 
21 21 9193 1612 18498 8840 7850 20304 19295 20931 10268 5 23123 951 4796 23488 7 5590 7730 15658 20149 9706 4 3610 7730 15658 20149 3697 5 21 21 28 29 6 29 21 
21 5732 20402 2818 9074 14539 15658 20402 0 15424 5947 15138 20019 4 9193 8956 2647 5 5 5 7127 29 29 21596 13909 13761 17583 6103 28 5 21 
21 9980 10211 20 20 
15708 28 17438 22327 5 15708 9634 4 1097 4 21793 18498 20559 4680 6103 18475 10211 16404 18498 12861 349 5 
10901 31 28 20 20 
10211 16440 23104 26 20912 6700 21282 9620 22575 21 
21 17016 4 17016 4 17016 15855 15678 18855 20 
8120 8956 4403 7914 9193 22942 5 12255 15658 13909 9193 22805 21793 15678 28 4 15658 13909 4854 9193 10142 7500 4 9193 14323 7730 835 5 20149 14335 14096 10010 17438 21793 8956 1249 4766 4181 20402 4 991 6103 21793 31 4672 4 17458 23135 8995 4815 5 9193 1027 15138 23135 7730 9193 14453 13030 12894 20402 8918 5 12780 23104 4 3702 17458 20402 21 21 28 4 26 26 26 21 21 5 
15643 15678 8918 20 
21 21 26 26 26 26 2384 
31 26 31 26 1631 26 
26 26 26 26 26 
26 26 13474 26 26 
26 11617 26 26 11943 26 28 21 21 
28 4 28 7730 28 8 29 21 
21 16440 19695 4 9624 4 10901 7730 17304 6 16440 23104 11284 8 29 21 
21 21 21 15658 20402 17629 21596 15678 15860 155 16404 22805 15678 20749 4 15424 15678 16098 557 16404 16098 15678 22286 5 16404 20402 23086 23135 17629 22805 15678 18498 15658 8995 23068 5 21 21 21 
21 8488 23522 20 20 
153 4289 13640 20 20 20 
4766 26 17872 15061 31 9201 20 21 
21 11462 20402 22463 18931 4 22463 15604 9169 4 22463 15604 11454 5 
9193 3884 15658 708 31 7594 7509 15041 4 9193 15678 15576 8908 20402 9172 4 17458 20402 9743 16404 23104 4766 15678 16169 5 
11462 4 14604 5528 20149 8431 17438 19900 18498 15643 13909 21596 1612 2336 18498 11091 21 21 733 21739 21 21 21793 22897 18498 9193 7850 6075 22463 2700 7 15658 21596 13909 1612 14336 14594 18498 155 31 17478 7509 14604 18487 21282 17458 9193 15658 21154 12861 7 15658 4289 13909 7509 8632 7730 21596 18498 713 1612 14464 2647 31 16255 7509 3962 16066 18281 12005 7850 9193 3590 5 
1471 6103 22327 4 14604 8908 20149 827 17458 9193 19900 18498 8956 5758 4 18498 21389 22126 835 16404 8956 9634 4 8995 3224 4766 28 4 2659 7850 16255 7509 6014 4 21787 2647 4766 15678 28 4 472 31 28 6103 10366 17872 7847 5 
15708 20304 4 17458 15671 15658 4915 15678 20463 3611 4 9193 21596 31 5472 6103 18498 20402 15678 14426 5 15708 4 17458 1920 4796 28 4 18498 20402 18328 21681 18498 15036 17438 15576 16605 4 15678 28 28 5913 31 20931 14799 4796 22463 7509 13905 12564 18498 9193 13055 22805 5 31 5758 18498 13923 19900 9594 4 9193 18498 9193 8361 15678 18498 20402 15678 1114 5 
16292 4 5876 2727 7509 14604 2689 4 17458 6073 31 871 1249 12780 3224 4766 23135 2371 7850 6014 5 21 
21 20402 22463 184 20 21282 6103 20149 1164 15678 3365 20670 8956 880 23219 18498 15658 17769 4 9193 21 21 31 13048 12372 21 21 5 21 
17458 20402 9808 1393 13131 6103 23135 15658 21596 17807 5 
26 5707 20 20 20 20 20 20 
19703 
5 5 5 
26 11617 26 31 26 6 
27 
27 5947 5 
26 26 
27 
23522 20 
21 2727 18498 14604 17930 7491 18498 31 28 4099 16066 21409 12701 31 28 5 17714 26 4 26 11617 26 20 21 
20149 20402 17872 20402 13688 18498 15658 20402 21282 5 
17083 7730 28 5 27 
21 873 21596 22463 3938 16404 14335 8060 4 17438 9721 0 21 
21 27 21282 18498 15658 4 9193 9193 5947 5 21 
21 15540 20670 21793 15540 
12714 
28 7509 11875 
12094 
20402 15678 21680 17304 21 
21 20402 20931 22942 22463 9365 7730 15658 31 13195 17309 7509 10434 5 
21 21 17458 22463 17556 6103 9837 13409 21793 31 14245 21 21 11198 29 6 29 21 
21 20402 9087 14604 26 7509 28 9193 288 18498 21596 155 31 28 5 10901 31 28 5 21 21 17458 31 5766 703 4766 11020 9408 31 14058 7509 9943 6103 28 21 21 19772 29 6 29 21 
27 
27 13055 16721 20 
3850 0 17324 20402 27 
7491 6 30 26 26 5 8832 21056 8632 
21 31 3399 6103 22463 2332 4 31 23577 4672 13278 7509 15871 7509 5179 6981 1249 5 21 
21 16972 4 8995 1614 7850 19972 7509 9128 9789 6103 5943 7850 9477 6146 18470 20402 15678 14604 18195 6996 20 23016 16404 5980 21371 20 21 
26 10907 28 0 27 
21 27 9193 5340 12256 201 6103 18506 5 841 4 9193 2988 8995 9980 13591 6103 9851 20 9193 17511 16098 22463 10901 31 28 0 21 
21 9193 20 20 20 17125 15458 10680 7509 23222 5 873 14335 6075 6103 17737 4 17438 9721 0 20 21 
21 1737 11462 4 15138 13278 20 21 
21 1737 11462 4 15138 13278 20 21 
16673 1190 7509 3924 31 16601 29 15658 8406 7914 22963 5 
21 1393 6801 4 17438 9721 4 1937 5 21 
21 28 4 21282 16404 6708 6103 5216 4 14975 20539 5 31 5 20402 6103 29 4 16066 20402 4 21596 29 1249 6103 22 11636 5 21 
21 22463 19695 18494 18498 18314 3170 4 7730 18498 15424 19900 18498 9387 5 21 
28 28 
13923 19900 7847 18498 20892 5 28 20402 2727 23579 5 
21 2154 6103 28 6103 11462 5 15138 13278 20 3874 8995 6103 17406 3393 4 9193 6075 17872 8386 19703 5 21 
21 21 21 17458 6318 4 17438 7847 7730 16404 7847 20402 21793 31 4672 5 31 7847 20402 31 10901 16404 20293 5 1150 5 21 21 19772 29 6 29 21 
21 27 13325 6103 23135 28 4 28 4 28 4 28 5 21 
9193 20445 17714 15678 20927 27 5 
21 15708 31 21793 1612 18498 14335 16318 4 662 17438 21793 31 16192 7730 22327 13909 5 15708 14539 4 31 21793 20 21 
21 26 4 2154 6103 26 28 4 4766 7277 1393 17930 21787 7850 11181 1393 23104 4 27 21 
21 15253 6 14604 9943 13055 12780 9743 29 1249 4 22463 468 78 17438 28 5 
9193 6 7730 3086 17438 15364 5 15658 5 27 21 
12780 8120 15678 28 7730 13055 23151 5 
15424 5739 18498 21623 8956 19220 4273 5 15708 28 20 
21 733 4 7730 16721 18498 1022 740 20402 18584 5 14539 1920 4 22463 9833 7850 14336 7509 20247 20402 15138 3058 4 6103 22897 7914 18476 5 
15643 22463 9833 14335 20402 22385 15392 5 21 
21 873 19900 871 9956 12577 18498 20149 8084 7914 1393 14466 22463 7509 18546 41 0 
2367 
2304 
7630 
4970 4970 19782 
15218 
21213 21 
25 20 17438 18498 15678 28 15658 18533 155 0 21282 15678 14604 8995 1920 0 
28 20 26 21726 5 
21 28 26 4 21282 18498 6103 28 5 21 
27 
21 13512 473 5 21596 18498 20402 1920 21793 15678 28 4 15678 13727 15894 472 15678 20304 15533 7730 7127 5 
8956 20402 14604 22280 17658 5 16689 9193 21596 19969 1276 6103 23135 11051 12861 5 
27 
21 18476 6146 18498 12783 7916 7730 9193 21858 16971 20127 4 15671 12780 1393 3962 7509 2336 7730 4796 4 4796 7730 4796 5 7730 15855 18498 740 15424 23016 15678 7623 5 21 
27 
27 
17438 8956 7730 16083 15083 18498 6246 4766 31 3393 1393 13131 7509 12629 5 
27 
27 
28 7730 28 15138 22318 28 5 
21 873 21596 7730 17304 14335 8060 15678 13591 21 21 31 14464 18498 19822 13598 21 21 0 21 
21 10343 22886 17438 28 28 4 12620 17438 28 28 7730 17525 17438 9193 16673 11048 6103 4813 8147 17438 15671 6 
21 21 22318 15790 4 15658 15416 5 22318 20336 31 15256 7850 3790 18476 17304 5 21 21 21 
21 9193 7491 18498 12780 17525 4 19969 9074 31 19448 9193 8995 2371 5 21 
27 
9707 5 
21 7325 4 288 18498 20402 31 16192 18498 871 16971 18784 15658 19900 15678 20520 15658 20402 0 27 21 
15924 26 26 15803 26 26 26 26 26 26 26 26 15678 20 
21 26 26 26 27 
28 28 776 15026 28 28 28 28 21 
9901 19826 472 9193 15658 16367 6103 472 14539 1920 5 7850 3790 7509 6339 
27 
21 7509 21266 6 13909 1341 18498 9193 
27 8956 20402 21904 9193 9193 19698 5 
27 9707 5 
27 
31 2510 6 
20402 21282 4815 16066 21793 15678 28 22 20539 8995 19854 0 

