827 14604 7127 18498 8995 22385 4460 5 5 5 15708 16673 3870 17812 20 22318 1027 20 
20693 13512 18498 1027 15138 20 
21 7730 11462 9743 29 1249 18498 15678 28 7730 15678 28 4289 16404 9193 827 5 5 5 5 20402 21739 13055 20402 15138 3058 4 20402 21739 7914 7603 7681 20402 22463 9801 7730 22463 1114 12233 5 
28 7730 28 4 18498 23135 21596 20127 7730 18498 16292 7509 6014 15678 78 20293 5 1027 23135 20 20 21 
21 21 21 7850 9634 9387 15678 16296 7509 16169 7730 7509 15253 18498 4 13030 4 10211 22463 3959 18498 7599 13026 4 18498 2700 7850 2988 20 15678 16296 7509 9943 20402 16083 5 20402 5758 4 7730 5758 15658 2700 7850 2988 4 15658 7599 7850 3590 7509 16169 4 9170 5 22087 6103 6331 8956 13494 6103 14031 2727 4524 5 7509 5431 4 9901 7188 6219 15678 16296 7509 498 7730 7509 5758 5 21 21 28 3996 28 21 
21 18498 23570 18963 4 1097 18533 5 5 5 21 
21 28 15678 19522 7509 1386 18233 15775 20402 15678 20201 6 
15658 5219 22805 29 6 23135 15658 16721 17941 4 8003 15128 18691 5 23104 9808 20402 15678 13909 11861 16404 23135 5 21 
21 19229 7509 14924 13520 7509 15576 3960 4 7509 15576 23176 7730 17836 7509 3369 18498 28 9193 6075 9193 17739 4766 9010 14149 5 29 1249 6103 3962 5 5 5 2995 6103 867 21 
21 7730 11462 20402 15678 7127 6281 4 9193 12787 13512 5 5 5 
18498 28 78 20931 22942 4 18498 23135 21596 15138 20127 7730 835 4766 15678 13905 17737 18498 28 22318 6075 4 15678 16753 28 7730 28 5 5 5 9193 22318 1027 15138 20 20 2702 21 
21 13055 20149 16468 29 1249 5 5 22463 7707 6103 1114 7730 4840 5 5 5 
20402 11043 31 28 17438 21596 23135 7914 9193 22942 4 23135 18498 5174 15678 14604 14425 7730 15678 14604 17106 21371 4 18498 15458 29 1249 9025 1393 14604 13131 16404 14335 9743 20852 7730 8482 31 9193 13764 9193 14924 13909 7188 4 18498 1484 31 9193 5204 4 18498 14335 1502 7730 14335 347 4766 20463 16061 5 5 5 21282 15671 19900 15678 18498 20149 19525 8956 29 1249 5 5 5 
17438 12861 14604 1114 4 18533 7491 18498 18533 8995 4766 23135 17438 13909 871 7707 4 22318 28 4 22318 1502 4 5876 7730 15963 17438 23135 5 
22318 1027 15138 20 20 20 9808 29 5 21 
20402 15138 1114 5 5 5 19703 
21 15678 21551 17304 20402 5947 4 9193 630 20149 7451 14539 1920 5 1027 23135 20931 13512 20 20 20 21 
21 7730 11462 9193 21623 15678 14604 6472 6103 18263 17438 29 28 22463 22862 7509 28 4 14604 6472 201 1614 4 9193 31 9193 10547 7730 9193 15965 16866 10010 20293 5 15708 20304 20 
28 29 6 29 21 21 5360 10010 7850 15965 4 20293 846 1393 15963 7730 6075 11066 31 28 21 21 5 
29 7127 
5108 7914 28 21 
21 18098 29 6 29 21 21 31 15144 21253 7786 31 20931 3962 4 
9193 4766 31 18191 15256 31 12412 6448 31 20931 21 21 5 
29 
5108 7914 28 21 
21 28 29 6 29 21 21 14181 4 1027 31 20931 8897 4 1920 4796 5792 1027 31 20931 11685 7730 6075 31 20501 22942 17438 7847 5 7847 9743 12861 16404 6184 31 11685 31 28 4 13252 4766 702 7730 18321 4766 31 20931 16192 21 21 5 21 
21 9952 29 6 29 21 21 22327 17511 15324 18498 14335 10252 21 21 
29 
5108 7914 28 21 
21 28 29 6 29 21 21 22327 21596 15678 20463 21551 7070 4 7730 11284 21551 16404 21793 18020 6106 7509 6014 5 21 21 
29 
5108 7914 28 21 
21 18098 29 6 29 21 21 5108 7850 20304 6103 21793 15678 5528 7730 7730 15658 20149 1502 7850 20931 18191 12537 5 13325 6103 28 7914 22327 15678 18498 9743 4 7730 7847 7850 15061 15678 3610 4179 21 21 5 
29 
5108 7914 28 21 
21 7491 18498 1103 22823 15658 20402 20402 12415 4 9193 8995 20369 7730 15299 15128 5 5 5 5 5 7730 1920 20402 15671 4 9901 31 22898 13669 16953 20244 20149 22805 4 9193 18476 9193 8147 15299 15128 5 5 5 14539 18498 13055 21596 20149 16468 13909 6103 29 1249 6103 1103 4 740 20402 31 14539 4 21282 22463 17556 13909 13861 27 
28 28 9808 1247 4 18498 28 22318 78 7730 22318 11710 20293 4 15138 9801 4 1114 7730 15138 16580 5 22318 1027 1095 20 20 22213 21 
21 9193 20402 6472 16673 9193 13512 1095 28 28 28 31 17525 17438 29 28 22463 22862 7509 28 5 5 5 7730 16404 15678 14604 17819 7127 15299 14425 7509 18498 15678 18498 20402 21389 22898 15678 14604 19121 7730 31 9193 28 5 5 5 
28 29 6 29 17438 12861 15658 21535 4 17324 8995 4766 23135 7 15658 21596 14378 4 17324 20402 15678 20463 28 5 9193 15678 10252 7730 15678 753 7 9193 15678 20215 4766 31 9193 15256 7277 23086 5 21 21 
29 
5108 7914 28 21 
27 7730 29 1249 6408 8443 5 5 5 19703 
21 31 15253 7730 16169 18498 4 1920 4796 9193 20149 6396 4766 20463 9943 4793 20670 15678 1961 18498 4472 5 7914 21793 31 19415 5 20699 15459 20247 5 21 
1027 20402 15253 6981 17831 5 14604 17737 6103 28 
21 3960 13512 4 16150 16816 5 16323 28 20 20 21 
21 733 9193 21596 4181 7384 4 14604 1114 4 14604 1114 4 4841 6103 21793 31 11518 5 22318 1027 15138 20 20 20 21 
20402 18498 21596 11284 4815 0 20 0 20 0 20 19703 
21 1115 7509 21768 5 5 5 5 18651 4 28 4 28 4 28 7730 28 4289 20 21 
15138 22821 5 5 5 
28 22327 18081 1393 20463 21551 5 5 5 15708 20304 17438 4730 16971 22385 8810 7914 14604 3610 5 
28 5741 
21 9193 22805 31 16971 21793 15678 28 18910 7509 9620 6103 22 702 7850 21871 4 7509 9620 6103 4380 4 7509 10976 5 5 5 9193 5018 18498 15502 14514 9901 20244 702 5 5 5 
9193 4 7730 23135 15678 18498 8995 9743 16404 7770 702 7850 20931 3962 0 0 0 0 
1614 7914 3962 1696 702 7509 4380 4 18803 31 702 7509 15244 6103 13253 4 7730 740 8995 16721 7914 16083 14370 16404 7770 13909 5 5 5 7730 23135 0 0 0 
31 19478 21371 7730 9193 
3450 22463 9743 31 20931 16440 21 
7847 9901 22385 9808 18498 23151 7509 10548 18498 19450 14335 11476 7730 20149 22886 11686 5 5 5 27 16312 6103 22720 
21 16323 16404 7847 20 20 
9193 19169 4 9193 15253 18498 452 15138 20 20 20 7730 28 17737 6103 28 7914 9193 9634 5 1027 23135 20 20 20 21 
21 16323 16404 7847 20 20 
9193 19169 4 9193 15253 18498 452 15138 20 20 20 7730 28 17737 6103 28 7914 9193 9634 5 1027 23135 20 20 20 21 
21 1393 18498 23174 7850 28 7491 15658 11284 19097 9193 2750 7509 21 21 21931 21 21 5 5 5 5 21282 13166 20 20 
20402 22463 11020 1249 20 15708 17438 9743 16440 6318 5 
21 21 21 15678 11679 565 4 15678 21253 7693 4 15678 20318 19089 21 21 28 21 
20402 21793 28 
21 21 21 15658 9387 15745 18476 20149 21596 23167 6103 22773 5 5 5 21 21 21 
28 13512 5 5 5 5 
28 28 
201 6103 5762 22463 5320 11115 7850 26 5 31 22942 21438 17629 6103 22463 22202 20833 5 6 
21 21 21 1027 15533 7730 7127 5 5 5 21 21 21 
14924 15577 5 5 5 
16917 20402 1095 7509 5204 20 20 20 
21 7730 11462 15344 15678 13909 15619 14443 7509 9634 4 28 7730 28 20402 2727 22986 14604 1115 4 21768 1027 23135 20 21 
21 6917 7509 28 28 28 4 12780 20357 20126 7509 9193 19699 4 7509 15286 3702 17438 23135 4 7509 20931 835 7730 16061 20 20 
3058 20855 7850 20931 15604 12970 4 18498 28 22318 78 15138 20 20 2702 21 
21 15708 28 17438 13909 22463 1249 78 5 16323 16404 15671 4 29 1249 6103 3962 22318 1027 15138 20 20 20 21 
21 16323 16404 9193 12787 4 16673 20463 1247 20 20 20 18498 28 22318 78 20293 4 7730 18498 31 15604 9692 7509 20931 22942 20402 6103 15138 835 5 
15708 17438 20931 1103 4 5320 4815 16404 22327 20 20 
22318 1027 20 20 21 
21 5360 20402 3170 4766 15138 15995 4 4766 15138 1114 20 20 20 20 21 
21 11284 7558 1249 2116 9193 8995 1937 15678 20463 28 16673 28 4 7730 11462 22805 23135 13512 7730 21083 12534 21282 21596 31 662 31 28 16673 20931 22942 5 16323 28 4 21768 22318 1027 20 21 
16323 16169 20 20 20 
9808 7127 7509 15311 1393 14604 9172 1114 5 22318 1027 12274 5 
17714 15678 4385 6103 2689 7509 18165 28 7730 28 5 
14799 13858 6103 3960 5 5 5 19703 
9808 7127 7509 15253 31 21793 31 14004 7914 8810 31 9193 15253 20 20 22318 1027 20 20 
28 28 15855 15678 28 7914 3206 5 5 5 27 
21 7730 15678 14604 15190 6103 21739 12780 5360 2352 5 5 5 5 18498 23135 7558 23016 4766 15138 20127 4 21768 13055 1027 20 20 20 21 
15658 22805 31 11518 5 5 5 5 13909 20693 5 5 1027 15138 20 20 
21 28 28 28 4 28 28 7730 28 28 5 5 12861 13325 866 16404 23135 5 5 5 27 21 
8754 
21 7127 29 6103 9883 5 5 5 7839 22463 7127 18498 15658 12780 8918 15643 13909 5 5 5 5 10959 6103 7491 18498 20402 22463 7127 18498 9193 15658 18533 21596 28 4 9193 31 22821 20402 18498 654 4 29 1249 6408 7509 4477 4 21282 21596 31 662 31 28 17438 8995 1614 23104 7730 4 22773 31 2635 31 3450 7127 5 
15138 22898 14335 16836 4796 9193 5219 20402 10259 7730 16468 16673 22088 6103 22463 5997 20293 5105 7730 4766 31 4181 6103 18498 22773 4 15658 20402 22385 10544 1920 5 5 5 9193 9193 7850 22821 288 18498 5219 16468 17438 22327 4 17458 5108 6329 7914 28 7730 4 7730 19900 18498 7847 21596 22463 18020 15138 11020 7850 9193 22942 5 
15459 29 1249 4 21596 13909 7509 18498 31 4181 6103 18498 8995 3962 4766 15678 14425 11474 7509 15190 4 14604 13512 4 28 28 18498 9025 7730 9010 1393 14604 13131 7914 21793 15678 14924 4 14604 14181 4 14604 1095 4 14604 15880 4 14604 18240 4 14604 8230 4 14604 22327 5 5 5 20244 7847 9193 15658 21596 21596 10268 16404 8241 22327 5 
8443 11462 21282 21596 31 662 31 28 16673 9193 22942 4 1393 28 17438 22327 15678 18498 9743 7730 9743 17438 9193 4 31 9193 9634 18498 9025 1393 14604 13131 7914 21793 15678 14924 4 7730 31 21793 15678 1097 7730 9626 4 16673 23051 4 17438 14335 12025 7850 20931 15965 7500 7730 16673 14469 6103 3870 5 5 5 
15708 28 20 20 20 20 21 
21 3058 9193 6361 22463 17556 16404 9594 20670 871 4672 18498 14335 6256 9522 12158 5 5 9193 288 18498 4289 15678 14924 5 5 5 
11284 871 15266 2116 21596 15678 6951 6103 17736 22463 4127 13170 6103 18638 7730 4 20582 21596 16689 6072 18498 740 20149 288 14426 7509 18498 15678 16083 17438 5320 7509 5518 7509 16668 4 7509 19240 4 7509 4526 20699 16066 17438 18475 16083 15081 5 
28 15855 15678 15576 5528 7730 15658 31 9193 1434 20 20 21 
10122 9130 
21 3450 22463 19900 31 8637 18498 9743 7850 22942 4 9193 8995 1540 31 19305 31 9193 1103 5 5 5 5 
21 21 15658 21752 15502 7509 9193 22942 5 1453 19305 31 17509 7730 12732 31 17840 5 21 21 21 
21 7730 11462 20402 15678 1247 7509 14425 17737 18498 28 14335 6075 4 16323 9942 4 9193 22318 1027 15138 20 20 21 
1614 8995 15678 14604 9956 7509 28 5 8147 15678 20463 7914 11561 6 28 5 4766 26 28 11617 29 
21 2371 4796 9193 472 15988 3961 4 16721 7914 3450 7055 16404 15678 15535 18533 5 21 
21 21 21 1394 31 11683 9605 4 31 19898 15658 6075 16230 5 5 5 21 21 21 
8 29 
15658 20402 28 28 5 5 5 19703 
28 28 18533 21389 22463 5 5 5 19703 
21 21 21 1616 18498 9010 7070 9193 6014 740 18498 6361 4 20149 5025 1614 7850 21631 5 21 21 21 
3697 20402 17556 
18339 7509 22942 
16404 6103 18910 7730 4809 31 15963 20 
28 13600 20 20 20 20 
1103 5 5 5 5 18476 23135 20149 6137 15658 11284 7804 18498 9743 23135 21582 20402 16673 14466 20566 5 5 5 5 3697 
31 12709 15344 7509 11988 7509 16083 5 5 5 
31 7188 21412 6103 8637 31 10273 16404 15678 23489 5 5 5 
8 29 
20319 6103 14799 5913 5 5 5 15708 20304 20 
15669 6103 8208 5 5 5 29 
21 31 12537 18328 4 10648 29 14676 5 5 5 5 27 21 

