873 4730 17872 20402 15678 18498 21438 6389 7509 14604 16654 
15658 19900 20149 30 21154 20868 
21 288 8302 4179 16971 18910 18498 15658 21596 1097 4 9193 18476 15678 17556 1097 17629 4 19969 20402 5 15678 15081 8995 2727 2371 4 10141 6 21 
14604 7127 4809 14336 3119 2371 16468 22463 3790 22782 28 31 29 5320 7850 22144 7730 14426 14604 7127 27 
3058 7127 
9193 18476 2647 31 26 
28 12780 20402 11359 7914 29 21776 20357 
26 29 
15658 14335 6075 10095 14335 6075 12861 17438 9721 15643 22318 16630 15299 
9193 11462 
20149 21596 19907 6103 4629 4687 9193 23029 5732 
21 2371 28 4 20244 4795 5 21 
20539 
21 21 21 1021 13909 22463 22897 4 20402 11518 6103 352 16404 22773 21 21 4766 20828 7730 18533 8995 15036 1453 13909 22463 7127 4951 21 
3058 7127 
14425 15599 7509 1249 23016 9971 7509 15190 
15311 4766 873 18498 15311 4766 23135 
9193 4766 31 28 
8956 17563 9645 7850 9009 14335 13325 15678 15081 6103 9193 15643 13909 4687 15637 9867 31 9645 7509 14586 27 
873 14076 22463 2547 7509 11518 16673 4145 18498 21596 22463 22665 13043 0 4229 11980 2700 1027 23135 
21 8956 14336 21625 4 3488 15033 4 2136 6582 5 5 5 9193 31 10765 20293 17658 22463 9858 5 21 
29 12780 20402 22463 1249 14425 9193 19900 
13905 18069 6103 18498 8956 29 8995 20402 22463 11020 4641 
13909 22463 7127 20149 16468 7730 9193 5360 4766 3790 6103 20828 
8956 17960 6103 28 9901 14018 12164 6408 18498 31 3393 1421 16697 17438 2371 15658 23016 9594 18498 31 10765 15658 21582 7144 15658 20402 5 
21793 15190 7102 1937 8956 26 21267 
15658 19900 17458 23135 16162 21389 16553 17872 21726 11088 8956 12960 8995 22463 3119 20402 14667 22898 22463 12960 7509 21266 2372 15138 13909 10523 
21 22092 4766 17840 7730 1114 18525 8995 1393 20463 13131 4 8956 16971 17304 20402 15678 15190 16404 16083 18498 8995 7360 31 9743 15138 13909 18498 23135 5 21 
13905 18774 7509 22942 
16566 7850 15340 7509 19730 11943 19698 16404 15338 31 28 
21 11474 18498 5947 10273 6103 21052 26 7730 559 4 9193 288 18498 31 15311 21596 18498 1190 21793 4624 6 25 25 25 25 25 25 21 
15658 1519 28 
1114 7509 9193 22942 30 
21 7730 18476 14335 9016 31 15256 7914 3348 6103 753 17304 7378 9193 9801 4 820 12041 7730 7599 15678 20828 7509 13049 5 21 
15834 10765 2717 0 8995 4766 22463 16296 6103 22280 20670 1614 2625 5 5 5 8995 8434 7914 3962 7730 9170 20149 19900 6103 871 13727 18498 238 7514 9743 18901 14335 2322 26 0 2702 
23 
21 20670 17629 6103 753 4 20244 19900 18498 19859 21810 6 21282 662 17438 21596 16971 12094 7850 9193 22942 5 21 
15540 6 28 21083 17304 6 3634 7850 16395 22327 
18476 9193 5741 18533 20402 8956 3143 
10907 26 
15338 13909 15678 19730 11943 19698 18498 8995 26 1097 
21 10765 4 18498 1114 21 
21 15311 7730 6075 11644 7914 21793 15190 20539 4 6408 18498 31 3962 3510 9901 4346 2116 7509 14703 21 
662 28 
21 1471 6103 23135 8995 14336 3113 7850 10273 4 9193 1027 23135 5 662 17438 8956 16378 18498 4809 7914 29 7730 12780 7687 31 22942 21793 5 23135 15658 20402 14604 14425 1095 4 23135 20402 15678 12787 18498 9193 8637 8147 16784 7850 30 4 9193 7491 27 5 23135 20402 22327 17872 9193 21 
21 20402 17872 9193 8995 9130 4 9193 8995 22805 31 9241 7509 26 6103 28 1818 20304 14335 13405 21 
352 14336 1920 11462 
15658 6256 16404 6075 1022 31 19761 18498 23135 17304 6075 11462 
873 19900 18498 14058 8995 21596 7914 20060 28 0 23206 13539 6103 23572 16367 7730 9170 
18533 19900 31 7544 6103 18525 23064 7730 15658 19474 
15658 14539 
9971 6103 20247 17973 
9193 9193 20497 
21 15391 6103 873 17872 12780 7850 22971 13611 4815 7850 21649 4 3665 8458 5941 11980 5 26 5 21 
21793 31 13441 18498 9193 5284 22657 13909 18498 20931 7406 15623 6103 1114 5 
31 12409 20402 15678 18498 9743 15036 5 
14334 28 14425 16971 14426 28 9193 7087 
17438 9721 
3058 7127 
15658 5108 7914 18525 1027 8956 3564 18498 8995 9743 23135 14335 6663 
28 21282 5219 13166 16673 20463 29 18772 16784 27 
28 15671 8391 23104 
29 6 29 14049 7730 13055 21596 1612 15893 6103 3564 7850 1862 18498 20109 9193 18044 6981 3564 13949 18498 15678 7127 6103 11462 8995 17973 
21 7730 7850 9975 4 31 10765 16765 18498 15678 20352 22823 20402 6355 7850 16753 2053 5 21 
991 6103 6448 10240 654 15671 8995 18506 6383 
10765 15658 20402 15424 29 7509 21409 13202 14604 3080 6103 26 16673 1114 6103 20109 13055 6075 17438 11462 
4376 7509 7589 28 
15658 12780 13909 21582 9996 20402 10259 7730 20852 18476 15299 13909 14335 20112 5 5 5 
21 20402 28 20402 1920 4 9193 288 22385 3058 7599 16098 31 4380 7850 12899 7730 7914 2442 7509 4624 5 5 5 21 
26 21298 28 
21 26 26 26 26 22 21298 26 31 3091 26 12863 22 20539 26 4 26 26 26 26 14335 26 26 5 5 5 21 
26 26 21776 26 26 26 26 26 26 11617 26 0 
18476 7491 18498 20402 7509 64 
21 20402 22223 22805 18498 31 16971 10691 21389 21 21 9193 22318 1027 21 21 7686 31 22942 4 18498 6408 9901 4766 14378 6103 22592 21 
3058 7127 
21 7730 15658 20149 22805 4 7730 15658 20357 18498 15678 9660 7914 20931 5648 22318 11810 6103 9387 5 5 5 21 
21 7730 23135 288 18498 31 17022 7509 21 21 20149 21596 28 0 21 21 20402 2727 2118 7730 12378 15658 20402 1097 21 
14600 11210 22166 1027 20402 26 
21 21 21 18481 22898 7491 8995 4187 6103 18498 15658 12780 9193 13822 0 7730 17973 21389 7509 18498 19900 18498 15425 6103 15671 17304 5913 5 5 5 21 21 21 
16468 7914 10366 21793 7127 7730 14335 11649 
21 29 5 10959 6103 4189 4 10959 6103 10523 20402 18498 23135 15658 20402 14336 13821 4 15658 0 
13909 18498 23135 9193 20402 21 
7087 
26 6103 11462 
20539 
21596 10765 1614 18498 16784 31 15623 7730 15658 8995 559 6103 288 15658 20402 
21649 9789 20122 669 26 26 
21 9901 9808 17458 656 12780 201 7730 23135 12780 16367 6103 18910 18498 656 20402 15678 15266 13909 13669 7730 9170 9193 2371 13325 18498 1022 13055 20402 20460 7730 21596 18498 713 17017 4766 21 21 26 14335 26 26 26 26 21 21 21 
20912 6 21810 7850 5859 
9193 7730 31 20781 14425 7730 13909 7684 3959 
654 20539 23029 26 
15658 14335 3697 6103 4854 
21 21 21 5 5 5 9193 9193 20293 16721 7914 12780 7957 7730 7914 21075 6981 10765 18498 13979 4 15658 1540 7730 15643 16404 6103 9594 7730 6103 14487 5 21 21 21 
31 15256 7509 5505 4289 31 22150 
21 21 21 29 5 16404 4809 4 15424 22327 7850 22942 6103 22463 16971 10943 10855 7914 21858 7509 20463 16958 5 14539 31 16971 21582 9743 4766 18498 20402 1920 5 21 21 21 
15299 15458 22942 20402 4668 
17324 20402 5 
20149 21596 22463 16971 7599 7730 19784 7509 20463 13131 7850 22144 23135 17304 6075 22463 5969 17872 7847 352 7730 9170 5 5 5 9193 4796 13471 20149 21596 22463 16971 19784 352 7509 20463 13131 0 20868 28 
9193 7850 22942 
1453 1409 17438 8956 4687 30 17130 26 
20868 
18533 19900 15678 18498 10648 18476 31 10765 9743 11520 22866 7730 7140 1393 14539 21551 20402 18498 10648 26 
21 21 21 20420 6329 9193 16721 18498 20402 31 16971 4179 7850 11518 8561 4 17836 17438 9193 16721 18498 8956 4672 15658 21596 11518 15138 14466 31 11518 8561 5 15678 1114 15658 20149 8141 5 9193 15658 8637 4809 31 10959 6103 23135 5 15658 14335 15708 31 22318 22805 7174 5 21 21 21 
31 15286 4229 15658 4346 16753 1248 7730 9193 4346 21793 22897 18498 8720 12780 8386 15658 20402 
23135 7850 21525 6 14425 17950 7509 21525 3170 6408 7509 17950 7509 28 28 17458 15658 20402 7847 20402 19169 
26 17130 26 
21 8933 13821 18498 7491 6202 15678 7277 7509 15144 4 9193 20149 23135 15658 18533 9901 4766 7847 4 9901 18339 7730 22318 23316 17872 3805 0 27 23135 20402 29 17022 21 
21 9743 6103 22327 4 21282 15658 23016 14577 15678 13688 4 16673 1114 6103 20109 21 
20539 
26 26 
12780 18055 5371 21684 7850 28 12861 20539 
19094 7509 20247 
9193 7914 20497 21582 13471 4766 18525 23016 9594 4815 7730 9193 15658 8474 31 28 7509 16971 17438 4060 7509 13759 
20304 14335 13405 
11462 352 13909 16066 14466 15458 26 
15678 28 4766 8956 21726 2727 13909 16066 14466 20402 13786 7509 3623 20149 23135 15658 368 7850 14604 16138 4766 20109 16468 31 368 654 
654 23135 14335 6256 18910 7914 16580 15708 
21 26 4 26 9829 27 21 
27 
20109 8995 21282 6103 15855 7914 23135 18498 14577 16553 7914 3143 7730 16468 31 10548 7850 28 
1453 238 
26 22 20539 31 26 26 26 26 16073 
14335 8361 31 21752 8956 14156 7730 8147 15678 14604 22823 5 5 5 14335 8361 5 
26 11617 28 26 26 
21 17438 22327 4 9193 7491 21 
23 
20126 18584 21266 
21 7730 15658 20149 22805 4 7730 15658 20357 18498 15678 9660 7914 20931 5648 22318 11810 6103 9387 5 21 
14018 28 
20402 1920 14539 18498 5219 
21 7730 9193 15658 16721 7914 22318 7491 425 4 9193 15658 5219 9901 1614 5 5 5 21 
21 20149 21596 22463 4672 18498 9193 15790 20402 10765 11443 7730 20244 3952 4 18498 740 4623 21 21 2053 5595 21 21 7509 16083 5 13600 11570 5 21 
31 14425 20319 7509 15190 20402 15658 21596 2154 6103 20207 9789 15678 20262 21793 15138 15708 20109 
11617 26 26 26 26 
25 
21 22092 31 6421 4796 10391 7730 6408 18498 15678 1097 20149 21052 9901 20149 13166 5 15855 17872 20463 13131 654 1276 18498 20402 21409 6329 4 1097 5 21 
21282 13325 6103 22318 918 11246 
13909 22463 17950 9942 7509 18339 18498 12780 26 13761 7850 6660 7509 22640 7730 9193 15658 12780 19900 14606 14335 6256 6700 17872 20293 15138 15708 
17106 4672 20402 18533 19969 1022 7730 21282 21596 15678 2846 23577 7730 29 29 7509 21386 7509 3906 4290 
13055 6592 15894 20149 8084 22402 7730 14856 
14604 13317 
17130 26 
21 21 21 15658 20149 4843 4766 15678 16083 15424 4766 16155 7509 20709 4 6008 1614 18498 9743 23135 20402 23135 20 21 21 
20402 10943 7730 9808 15658 20402 16605 5 20402 20149 13446 7509 1045 7509 16155 7730 238 31 20931 2717 4796 7847 20402 20 21 
28 28 0 
21 776 21342 
4687 6103 2702 21 
2371 9193 9193 21776 20402 15036 27 
18498 21409 14149 8956 4766 15678 19553 6103 3610 7509 23545 
21282 21752 17872 15061 14604 23559 15604 14539 
20539 6 
15658 14335 3697 6103 662 16673 20931 1103 
21 20402 28 20402 1920 4 9193 288 22385 3058 7599 16098 31 4380 7850 12899 7730 7932 7509 4624 8 29 21 
26 26 23 
21 4795 
29 5 4809 31 22564 19969 14539 4766 29 1249 
29 5 2647 9193 14907 7730 12960 14539 1920 21 
21 7157 7509 28 4 1097 6 15643 4 15658 26 15658 23135 31 4 1400 31 20931 5459 7509 28 5 5 5 22463 7127 7847 17304 22657 16067 5 21 
9193 14335 1959 17872 9193 15253 
7491 7730 19335 6 8933 13821 17106 21743 5 15658 16468 5 
2371 10765 288 9193 6223 288 14604 13727 7850 15190 
14604 15311 20402 15276 16065 7847 13253 9193 3582 
17130 26 
17525 30 4766 31 15311 9594 18498 20402 20931 14425 1095 13055 19900 18498 16784 21793 15678 1097 17438 4060 6103 2990 
13055 21776 6103 15855 1097 
15658 26 15658 23135 31 
21282 9620 15678 16164 7509 1249 29 23151 7730 9193 6256 6103 21596 17705 
21282 662 15678 13176 6103 20123 28 28 27 
21 8995 7914 3962 7850 20474 15658 22318 9743 20402 21 21 17872 3962 21 21 4 12861 21282 15061 18498 23135 20402 4273 7730 18498 15658 21596 1097 5 21 
28 15671 10507 21793 
28 15671 18713 15678 3388 
28 15671 1744 31 3393 7730 6256 16697 17872 6075 9365 
7509 21551 18498 8995 1614 7850 17989 20725 29 14464 6592 18498 8995 11116 8995 4766 14378 7102 20402 866 7850 1623 20868 
20126 29 1249 18476 31 15286 13055 20402 22223 9193 740 15658 20149 8084 7850 9193 22942 9193 18498 20126 
14335 753 14335 5317 20868 
9193 9634 14335 1502 20293 
288 7509 11518 18498 31 20237 9818 6103 10523 8995 10648 6103 29 7730 15502 8995 9594 15299 15658 20402 18498 2717 1097 
3031 6103 3671 20402 15138 1114 
21 19900 4 9193 3697 6103 8995 1614 8840 
9193 15658 19900 20149 5219 16721 7914 866 14425 18498 
21596 9193 2176 9040 7014 17438 23135 
18476 22318 22805 5590 6103 13763 31 13763 16673 
22247 13909 11663 18498 9193 5174 5 
21355 22327 14539 21596 20463 17807 5 
20402 22385 11663 22318 7491 4 654 9193 8995 1614 
20402 11586 16083 22897 10366 31 20463 1097 5 
15678 1114 20402 22463 6366 6781 
18498 23104 31 14335 16468 18716 5 
18533 19900 4796 22318 21752 6103 9193 22942 5 
21355 22327 14539 20402 31 14031 
18498 9193 8147 17872 201 4766 14604 28 5 
12780 22805 22938 7850 20098 18516 31 13788 5 21 
17106 4672 20402 15678 18233 12584 7850 5574 5 15658 430 21596 31 20127 26 20149 31 14487 8995 7850 3119 23274 5 23274 
16404 6103 9743 777 17438 19522 6103 26 20497 7730 12780 7599 1022 15678 11246 7509 28 15658 12780 20149 10412 21282 5 
9193 20402 15678 28 7730 31 22942 20402 15678 28 
21 14425 10273 18498 21752 15458 29 1249 6103 1103 5 5 5 7847 15658 17304 9620 15458 7127 5 16323 14604 1114 23135 19900 18498 22318 6679 21793 31 9801 7509 15190 5 23135 20402 9193 12787 4 9193 910 11203 4 14604 22327 5 15708 17438 6256 31 9193 22942 14425 5 18498 9193 8995 7509 20463 13131 7914 21793 15678 20463 1247 5 1027 23135 21 
1027 20402 10765 18498 14577 15678 13688 
17903 16971 17872 12780 7850 9456 7509 28 7686 31 20247 5 14018 5941 11980 5 26 
21 15643 14335 20357 4796 15908 7914 871 20497 5 15643 4346 21389 7730 15643 5947 21389 871 20497 7850 9193 22942 5 21282 18533 662 17438 21793 15678 14924 3058 18498 20463 20497 7730 20931 15286 14335 18009 4 6070 15803 26 5 12125 7509 10530 4 20149 21596 19553 16066 15658 4 23135 20293 9743 16440 7509 9193 22942 5 31 11454 15658 21596 9971 10907 6070 10907 21 
5219 16647 15678 23575 22144 20402 22463 7509 14426 20319 18498 9387 5 
21355 22327 14539 21596 20463 17807 5 
21 15658 2631 20402 9244 4 21596 18498 23016 16630 5220 5 740 2727 18498 16135 15658 8995 7914 9620 5 21 
15678 28 22805 8956 4790 7509 29 7509 28 7730 9901 4766 20126 7509 6318 19450 21810 29 11462 21282 6103 23409 
3058 7127 
18533 20909 23104 17458 15036 13055 30 27 28 
26 26 26 10907 6070 10907 
9193 18476 1820 22463 8051 
21 31 16971 20293 12780 9594 
17324 20931 13788 7850 22773 15678 6383 
7730 20463 14378 7730 12409 
20293 201 7914 6193 1393 7174 
18498 20149 10131 1114 4 18498 20149 10131 20 
20149 31 16192 21056 15658 19685 
18498 20149 10131 1114 4 18498 20149 10131 20 
16605 20402 15658 23104 31 22942 20 8 29 21 
5995 10419 13600 9193 15855 9193 3790 6103 18525 20149 11862 
14309 18611 22805 7850 23 
20539 
28 14335 13405 15658 7509 13909 17872 23104 15458 15190 5842 20868 
3790 6103 20828 16155 17130 26 
21 18533 22805 14539 21793 15190 18498 8995 15458 11154 6103 5371 23274 31 9721 7509 19039 7509 13908 16683 20149 13026 7730 12780 13749 31 9721 7509 7804 2371 23135 15424 12780 13909 17629 3213 4 1097 21 
9193 368 
21 31 5896 7509 9142 21596 18498 201 5 15502 18533 20402 9142 4 15502 16630 17438 12861 5 21 
10765 17304 21596 17375 9193 12780 15128 15678 1961 3450 7127 20402 1453 29 4672 4273 18498 23135 9901 12430 15458 17461 6981 26 28 7730 8125 15678 19924 12780 7443 31 17375 12780 8406 6103 10548 7730 15658 18533 14335 3697 6073 5 
23135 20402 5682 6329 20 
21 15658 2626 21793 15678 6198 6103 20207 9789 4 19450 5762 8956 17983 7509 28 17872 9193 1190 7850 23572 4766 4292 6103 8734 6103 3884 5 21 
12345 31 4790 7509 9975 7509 20262 
21 7514 10765 5 5 5 8995 7512 15678 21613 9370 18103 7509 6070 15803 26 15678 14425 21551 6103 20931 22942 5 21596 29 7730 18533 14335 6509 6075 4 17495 15658 19900 6103 15502 18498 8995 17629 6318 17872 4886 20931 4711 5 12578 11980 5 21 
1453 15036 
21 22092 14703 18498 15424 13600 7730 9605 18498 20402 31 9721 7509 11688 4 9901 11553 11503 17438 2371 7730 7850 28 4730 30 4751 6103 16822 5 21282 15726 27 21 
11210 
1027 31 10716 9193 20402 11210 26 4751 15658 7509 26 
21282 9193 15658 288 18498 31 16971 20149 22886 14425 7850 12726 0 
873 14335 9431 17458 18498 23135 5969 31 16971 7850 28 
654 21793 15190 23029 10546 6103 20435 9193 23135 22385 22327 5595 20539 
20539 6 
8995 12780 16404 14604 23575 20262 7509 10999 7730 8956 17931 740 14335 21187 4766 21362 12041 7730 12031 5 
21 11462 9193 21438 17629 6103 23135 4 1114 30 21 
10959 6103 19900 15678 15081 6103 15671 20402 11578 13603 17898 1393 15252 19900 18498 6408 12780 21810 7850 5859 7730 21371 15678 15081 6103 1603 21810 7850 5859 5360 17898 
31 28 14335 21956 
21 21 21 22327 17304 6075 8561 4 12027 15299 5 21 21 10304 4 28 21 
23135 9743 5942 6103 9594 3119 0 
21 17438 4060 6103 16971 4796 23135 4 28 4 18498 15036 16971 6103 1257 16066 4766 22088 17872 7916 7 17438 4060 6103 16971 4796 23135 18498 21596 15138 10765 18498 16468 31 22942 20402 3066 4766 10343 4796 21 21 10943 18498 9605 18498 20402 9808 8995 14487 21 21 5 17438 4060 6103 22463 16971 4796 23135 4 28 4 18498 18533 14018 7850 9193 10211 4 18498 9193 18494 15036 5 
11284 15138 16971 13900 18498 21282 4796 26 26 7730 20402 20173 4 4796 11284 16971 10943 18498 20402 20127 7730 18498 20402 10943 17438 15083 7446 5 5 5 22463 16971 18498 20149 7491 22385 12534 7730 9130 7102 19900 7384 7730 16367 4766 8956 25 6103 20326 4951 8696 5 
9809 4 28 4 15678 15190 15658 20402 9790 6103 16971 4796 23135 5 9809 15678 15190 15658 20402 9790 1453 6103 16971 10945 4 11496 4 18639 4 23301 5 5 5 
16404 31 20931 22225 4 28 4 12780 21596 10943 6766 7730 20019 7914 4434 7509 17635 20539 5 12780 21596 14796 26 26 20539 5 
7730 16404 31 9193 9801 4 28 4 13048 20402 9790 5 2702 6103 22463 10943 5 21 
14425 4672 18498 349 15458 14336 6103 20247 20402 8956 2717 21596 4289 26 17130 
2702 6103 13759 
8956 12960 7509 28 8995 5219 20402 13909 9786 18498 31 9193 3790 18339 18498 16404 

