17211 6310 4766 14245 6103 5675 10083 5 
9980 7847 4289 20 20 20 
18498 21220 18476 155 31 17478 20 7623 16066 22118 0 0 0 27 
26 5 5 
21 15138 13512 12861 4 155 15256 6103 20463 3388 4924 16404 753 873 18498 20738 6103 5997 5 16323 28 28 4 15658 20402 17872 18475 22463 15658 20 20 21 
29 6 29 11518 5 
21 3439 3086 4 9901 14335 8100 7850 23572 5 21 
9980 288 20 20 20 
9808 29 6103 14156 5 
28 28 15036 6103 12709 27 
21 26 28 4 26 26 23262 4 28 28 21 
288 18498 9193 17629 4913 22463 9847 6103 16468 19830 27 
10648 14604 7127 4766 8956 11729 13512 5 
22463 10083 7850 14336 7509 10095 27 
9790 17438 9193 20 20 20 
31 15286 13909 13512 7509 15190 

