14162 16404 28 29 
4096 6103 15822 13903 29 
26 26 21776 14335 20 
21 26 28 26 26 5 
31 3705 20402 20311 21793 15678 11112 18498 13512 23016 17872 29 28 
28 30 28 28 28 29 28 29 26 28 28 28 28 28 5 28 21 
14604 28 5 5 5 18498 20497 6103 1753 8956 4092 20 
21 26 28 26 26 5 
30 21 21 15678 20577 16909 1612 18498 5739 21 21 5 5 5 21 21 15678 20577 16909 1612 18498 20402 22020 21 21 5 5 5 21551 15138 8810 20 21 
215 29 
21 26 28 26 26 5 
20402 11462 20 215 29 20 15138 4956 4 14755 17307 4 9422 4766 28 4 9867 4 13264 7730 15138 13909 20 6103 29 31 29 29 7850 9738 19281 7914 28 20879 5 13909 12301 7914 23273 5 28 5 4766 5 3148 28 19466 10484 23016 19281 15138 15286 16192 9422 4766 28 4956 21 
21 21 21 31 11066 15658 23016 16673 14516 4 9193 20539 16673 6731 7509 9193 19225 4766 28 21 21 21 
22968 
21 21 21 31 9193 2635 20402 31 16014 7509 13905 23091 18498 9193 21596 7850 9193 22942 20 21 21 21 
22463 17556 6103 6564 
21 26 28 26 26 5 
1249 1525 6103 28 9808 1249 15604 23016 29 23016 17872 15678 29 21 
21 5893 7509 23029 7914 19281 1662 7914 20402 28 4 20879 21 
21 7914 14334 28 22 20539 7914 20402 28 4 20879 21 
21 7914 26 13085 7914 20402 28 4 20879 21 
21 7914 17214 20402 28 7914 20402 28 4 20879 21 
21 7914 28 26 7914 20402 28 4 20879 21 
18498 4092 20402 8956 0 20 0 20 0 20 6329 20 
21282 22463 18162 7509 18498 8995 17438 23016 5 5 5 
21 7914 8893 4576 20060 28 7914 20060 28 4 20879 21 
21 7914 28 7914 20402 28 4 20879 21 
21 7914 19281 11237 7914 20402 28 4 20879 21 
21 7914 19511 7730 13178 28 28 7914 20402 28 4 20879 4 20879 21 
21 4096 6103 15822 7119 29 7914 19281 1662 7914 20402 28 4 20879 21 
21 7914 7573 22 20539 17211 7914 20402 28 4 20879 21 
21 7914 20495 14600 20060 5846 7914 20402 28 4 20879 21 
21 7914 18642 26 7914 20402 28 4 20879 21 
21 7914 16269 2720 7914 20402 28 4 20879 21 
4096 6103 15822 15612 
11054 19281 26 29 
30 6981 21726 6 22 
21 31 19484 20402 18498 9193 23104 6103 14668 
6981 22897 4 12780 20402 13909 22463 14668 
9193 15658 19900 4796 28 12780 9743 4 
9193 9193 19900 6 12780 20402 16816 20 
4796 22327 15678 18498 7847 9743 21 
21 16169 4 19075 4 20447 6103 28 22484 20 21298 1027 21 
21 26 1604 9025 26 26 5 
28 29 6 29 13055 349 4 30 29 6 29 31 29 4 29 4 29 15678 1184 6103 28 12780 7017 15678 7584 13971 7730 20463 19173 15658 21596 9971 21 
14388 5893 10793 7509 30 4766 15678 16169 1604 9025 7730 28 5 12780 9901 6103 20402 0 
19281 26 29 
4096 6103 15822 7850 9193 13909 15604 3962 20 
21 26 28 28 26 13894 15818 6 
13480 7850 28 17872 4913 22463 12960 7509 28 5 5 5 9193 31 2010 14335 12296 18498 15678 28 13055 4913 21793 5 21 
21 8995 7914 20495 28 28 7914 20402 28 4 20879 21 
9193 18376 7509 16169 21045 22327 20 
21 30 29 6 29 21 21 31 22179 17918 31 16912 7730 31 16912 31 9422 4 7730 31 9422 31 8838 21 21 21 
873 9743 871 4672 0 0 0 0 11561 6 21298 5 4591 28 28 
28 5 5 5 
22968 7509 30 13359 
21 26 28 26 26 5 
20149 13480 20 20 20 20474 21596 22968 19466 10484 23016 17872 15678 29 21 
21 26 28 28 28 28 6 
17304 20 28 28 6 17729 7850 7424 4 7850 28 7730 7850 13253 12922 4 15678 28 28 17304 16630 15286 7850 9652 0 21 
14049 6103 22524 7730 17304 20 
21 26 7850 11685 7850 11685 6 
15658 9233 7297 31 5758 7 
20149 23135 31 3990 4766 31 22695 4 
7847 15658 22564 31 3585 28 5 
18098 29 6 29 11560 6 21298 5 4591 30 29 29 21 
21 1603 21793 8956 21551 9193 8386 18498 15678 18250 20402 4491 7914 28 29 6 29 5 7847 23016 16404 19822 4 14265 7730 7017 6 21 
21 26 30 29 29 30 11048 28 14667 11048 6 
1453 22463 2322 11560 6 21298 5 4591 29 12876 29 21 
20670 22463 28 28 8406 16169 7730 9942 5 21298 1027 20059 
21 11617 5701 29 6 29 21 21 28 21864 3450 22897 13909 10259 7 17458 15678 20304 7509 9535 20402 4766 7847 5 21 21 21 
21 26 1604 9025 26 26 5 
2031 15108 7509 28 5893 10793 15458 18195 21252 11822 21 
21 18498 31 9193 22942 20402 22463 13697 31 22318 
3450 14924 22463 352 8810 
3450 15266 22463 11402 15604 4 
3450 1249 22463 20595 
18498 3702 15678 21680 1114 4 28 20 
18498 9193 20402 22463 12482 561 17438 22318 
7850 21806 7509 8810 473 21 
21 26 28 28 16500 28 6 
13055 13055 22463 9219 12780 2112 22463 4050 7730 12780 7491 18498 20402 6103 18020 5 8995 21582 892 23560 5371 15671 4 15658 20402 5758 20 21 
4096 6103 15822 20 
21 29 14667 0 27 
21282 31 10765 5219 13398 22463 15540 6981 10211 5 5 5 
12861 20402 23067 4 12861 20402 20402 1525 4 12861 20402 28 20 21 
21 26 14162 16404 28 26 26 5 
20402 11462 20 5528 31 14667 20 14162 16404 28 29 7914 20402 28 9306 15678 19169 7509 28 20 21 
21 26 14162 16404 28 26 26 5 
8995 4289 31 14162 16404 28 29 20 9620 1453 29 11518 5 17714 15678 20463 5528 16404 8956 11020 9867 20 21 
21 20207 15678 5548 4 7847 21371 15658 8995 7363 8956 3623 16753 7730 740 8995 12741 7 21 
9314 20 
22968 7509 30 18104 14162 16404 28 
11156 12780 7491 18498 15678 28 19969 17458 8995 23044 22406 11020 0 12780 7363 31 26 654 0 27 
21 26 2909 28 28 6 
9387 22463 3731 1525 18498 20149 4229 7071 1525 26 1604 9025 12760 6103 12941 654 21 
21 26 30 29 29 30 11048 28 14667 11048 6 
18498 21722 8956 21726 7509 28 20 20 20 15604 28 
21438 26 6056 21220 7850 21842 26 20463 6056 
12960 10544 
28 14823 4 15643 5557 21 
8041 5 5 5 
8956 28 28 
21 11462 20402 15678 12760 7509 4672 13909 11861 7509 9193 22942 4 7509 9193 13905 7730 14425 16440 4 7509 9193 8414 4 7861 7730 28 5 
31 22524 7730 15678 7563 20402 12828 20 
15678 14604 4229 20402 13905 18498 31 9193 18191 22942 20 
11617 28 29 6 29 21 21 9918 20402 9010 16192 6 20149 873 1882 1393 8500 4 9324 15704 6679 21 21 21 
11462 
18498 4668 5 5 5 
16404 1612 18498 740 6467 5 5 5 
23 8956 10775 20 
21 26 30 29 29 30 11048 28 14667 11048 6 
16784 7558 4581 7914 29 7127 
288 18498 21596 22463 18962 2371 16972 21 
7914 22463 22202 6103 2824 
23 28 14212 
288 18498 9193 22805 22463 10916 5 5 5 
20670 15678 10405 7509 28 
1453 20 
28 20402 28 5 5 5 
21 29 29 
21791 4 1190 6103 352 4766 15678 18498 13055 794 5 30 5 29 5 29 
28 9193 6075 1249 6103 3610 7914 18498 490 9422 4 5179 7730 19205 18498 9193 21858 14426 5 11462 4 9193 662 31 28 17438 13909 22463 1249 6103 22942 5 31 21793 18498 6679 16323 4 15138 15708 7730 18498 28 22318 78 7730 22318 6075 22463 11454 6103 11514 4 1920 4796 21596 23104 7730 14335 827 5 21 
21 9808 28 20 
11617 4591 29 6 29 17458 5792 4 9193 28 4 20402 19937 17438 15671 5 21 
18498 21340 22463 9958 7850 28 7850 20207 0 20 
11462 20402 1920 7914 16788 
28 6 5097 11729 12758 7509 29 14162 16404 28 7509 28 11560 6 21298 5 4591 20402 15678 29 30 23135 
17438 8956 28 5 5 5 
21 26 28 26 28 26 6 
26 28 26 1631 26 31 29 26 13269 16105 26 26 26 26 26 26 20 26 20 21 
21 21 21 15678 10433 7509 4179 5603 15678 8561 20 21 21 21 
4766 15678 12787 28 
23016 
31 10765 1540 4766 18525 21596 22463 11454 7730 22463 19225 6103 1114 4766 28 20 19076 
16550 
30 21083 26 29 10907 26 
11462 31 14049 20402 6103 5590 
21 8235 4 10548 20 21 
1249 1525 6103 28 20 
21 19281 26 4 1453 20 21 
9634 20 
22968 7509 30 
16323 1393 8464 20 
16440 0 
4796 9193 14335 20357 7914 22463 918 6103 7576 5 5 5 
21 13909 18498 21787 4 20357 7730 9457 15678 18498 20357 7914 10211 6103 15286 4 6103 13697 20 21 
11462 7850 19281 20402 4766 28 19281 
16323 20 18498 28 22318 78 7730 22318 6075 991 7509 20463 20826 20 21793 15678 28 9193 1540 31 20402 22463 9942 7730 12787 14425 20559 22318 15726 5 31 9193 12319 20402 14425 23135 23135 7730 23135 14335 8361 31 4796 21596 22463 10530 6103 21021 20 15708 17438 20293 8995 4815 7730 14335 6075 22327 15678 18498 9193 17629 20 9193 22318 1027 20 
21596 18498 20402 15678 14425 20 
28 7730 28 7850 9446 26 29 
21 733 28 4 23016 5980 5 5 5 12780 21752 22463 20238 20 21 
15138 3058 20 1937 20 
22463 13860 12399 
21 28 4 18498 12960 20402 8956 0 21 
21 26 26 15190 26 15190 6 
22805 22463 6440 6103 22463 3906 6103 10559 29 7914 22463 5995 22391 11560 6 21298 5 4591 26 19843 29 11560 6 21298 5 4591 29 29 15658 21 
12780 4854 20 
21 21 21 18525 9605 18498 1027 7730 16404 6103 1027 15643 1027 20 21 21 21 
21 15708 16673 5222 4 16192 4 13606 4 3870 7730 1114 5 11462 4 9193 20402 15138 7509 18498 15678 20892 20402 5 21596 15678 14539 12939 4 14069 7730 15678 14539 1114 20 11066 31 28 18498 9193 17511 15855 16404 20892 7730 21596 22463 19075 6103 22463 11474 6103 21021 4 21931 4 11474 4 20447 6103 28 4 1095 7730 16169 20 9193 22318 1027 6329 20 21 
9594 22657 
21 1603 871 15266 4 9980 6103 23151 20 21 
11617 26 21776 26 26 26 26 20 
21 7730 654 4 2038 0 21 
21 1097 4 12787 4 9634 20 21 
26 3855 29 
21 26 19281 20402 19281 20402 6 
28 11462 31 16440 7509 29 7850 19281 11237 11560 6 21298 5 4591 29 30 2372 21 
15658 20 15658 20402 1920 5 5 5 
3058 7127 20 
21 15460 6 21 21 18525 9743 15678 9145 20402 15678 28 20 21 21 
9605 15299 5 5 5 21 
18494 10548 5 5 5 
4289 6103 23414 17438 11462 20 
21623 31 5505 7730 15678 28 13055 4785 16784 5 5 5 22327 23151 1393 15558 0 
23357 
21 26 28 28 28 6 
12780 28 20 12780 18498 740 6075 20 21 
21 31 1809 17619 31 18511 4 9193 31 20665 22126 19456 20 21 
17511 0 20 
29 20244 10916 5 5 5 28 7914 5782 20 201 31 26 20 
23 8956 5505 20 
31 10220 7017 31 6226 20 
18625 
1453 20 
31 10765 1540 4766 18525 19900 20 
21 26 28 28 28 6 
28 23390 31 3978 7730 15678 15677 6103 10916 15458 5505 21 
17438 22463 5505 7914 18498 7914 21793 15678 12963 21596 15678 28 13307 5 5 5 
7127 6103 6006 5 5 5 
21596 21389 9833 18498 9193 15424 19900 13909 7914 18470 7127 7509 20247 8995 5 5 5 
26 29 
10907 26 20 
288 18498 15424 15678 5754 7509 28 5219 9743 15678 26 6103 17819 5 5 5 
9193 15416 2136 31 15041 5 5 5 
27 20 
14162 16404 28 29 
14162 16404 28 29 
14162 16404 28 29 
1022 20 20 20 
11518 6103 15036 4766 15678 28 26 
30 26 
14604 28 20 
3058 15533 20 
3058 15533 20 
20670 15908 6 
28 30 
26 26 20 
21 21 21 28 20402 3341 21 21 5 5 5 21 
10907 26 20 
12512 20 
201 31 26 
21 26 28 28 28 28 6 
15678 28 23029 28 20 21 
21 21 21 12780 4356 7850 7127 7914 18498 15678 28 21596 22463 9145 21 21 
15855 7850 18498 6075 5 5 5 21 
10907 26 20 30 12105 
7730 18498 23016 15678 26 20 
21 26 28 26 28 26 6 
28 20 26 28 26 26 26 21776 26 26 26 26 26 31 29 10628 29 26 16105 28 20 11560 6 21298 5 4591 30 29 30 29 21 
11289 20 
10907 26 
23 9808 7127 7509 15253 

