8 29 
17872 18525 15658 8386 7730 18533 18498 6717 6 
22463 8394 12853 5879 21021 7730 5879 7822 20149 14370 7914 21596 7509 10828 6103 18987 7730 9083 6103 6699 7730 5879 1835 4766 31 6329 20149 6075 17438 14336 7509 4875 
8 29 8 29 8 29 8 29 8 29 
9193 8840 15678 918 6 
1027 
16404 17438 9721 6103 22564 
736 
4672 
9193 18533 8956 3671 14149 27 
8 29 
21 17304 20402 20931 15253 4 20931 12787 4 20931 9942 5 5 21 
27 
9901 31 7157 
482 20 20 20 
15855 15678 18498 1421 17438 1614 7850 7127 7509 16169 8 29 
21 10765 4 17872 18525 18533 753 4913 22463 21705 22511 4 15678 22665 20402 18610 29 4 29 7730 8530 31 22463 2836 28 20 20 31 4913 17304 20402 9790 15458 13543 11560 6 23273 5 28 5 15983 5 3148 21 
18498 14604 15311 20402 6329 
20293 11043 16673 16192 8 29 
18476 6075 17438 9193 21438 1614 5 5 
8 29 
15965 7509 7127 
21 18498 17304 20402 13909 9808 4 22805 15678 16083 20402 9808 5 5 8 29 21 
7730 31 9193 1103 6075 20126 7850 22805 5 5 8 29 
28 20 20 
22 4060 26 1631 26 14365 8 29 
20402 15678 18498 8995 9620 5 5 
28 27 
21 26 16105 26 26 26 26 4 26 26 26 26 0 
26 26 26 26 5 5 21 
21 2371 4 2371 21 
15658 18533 21596 15678 18498 15658 21596 5 5 
736 
21 21 21 20293 18498 9193 17629 14335 6610 4 21793 15678 3611 13405 1393 14539 13727 5 5 20402 14604 8645 15678 14604 942 5 18476 21793 15190 18533 14335 5837 5 5 5 18476 15678 21551 9769 7730 15678 6014 18533 6454 16936 7509 13494 4 7188 6103 713 9193 23151 17872 3962 7730 22318 16630 17872 9901 5 5 5 7914 20537 21282 9901 5 
9193 21596 15138 1097 4 21596 7299 7730 13598 9193 18476 9193 13909 17629 9193 21282 21596 23135 5 5 5 
21596 20855 7730 13054 4 3943 6103 5855 7730 22463 11758 7291 19883 4 21596 31 5216 7914 16580 4 21596 13909 7509 18498 9193 17629 5 9193 4 20149 9193 17629 6103 16580 9193 21282 21596 23135 5 21596 15138 13909 7728 7509 18498 4181 5 5 11462 4 4766 4181 9193 21282 21596 23135 5 21 21 21 
21 21 21 7102 11284 871 4672 18498 740 22318 7995 5 21 21 8956 3790 20402 10131 20 20 20 20 20 20 20 20 20 20 21 
13098 
13640 14466 20 20 20 20 20 20 20 
21 18525 13749 17872 19466 4 19900 18498 8956 3213 20402 21267 5 5 21 
21 21 21 9193 14335 20357 22463 9069 5 21 21 21 
15344 4766 15678 7563 7509 19773 
9769 15678 15860 7730 8720 15678 5528 5 5 
21 2745 8147 8 29 14335 13325 21389 23135 4 1115 7509 9193 22942 20 28 28 28 28 28 21 
22657 17872 29 13090 0 
15834 
8956 15108 20149 21095 31 3450 7127 19703 
18533 21389 6 
21 20402 15138 22223 22805 18498 871 16971 740 19818 31 16971 18498 19450 16429 7509 1995 5371 15678 2156 7509 16464 4796 14532 21 21 9128 3326 18498 4807 2073 6103 22679 21 21 5 15678 18498 349 20402 18498 7151 20402 8254 7730 3066 4766 15936 18104 10230 7730 12255 15138 22898 201 8281 22327 20244 17769 31 14465 2031 5 
201 6103 22805 22463 10273 18498 20402 4854 17438 22463 16971 18498 21596 4796 1095 7850 28 7509 18352 7509 19804 22602 8956 9021 6103 9128 22632 7730 21225 16673 16169 18498 8995 1453 7017 15678 16535 18449 7730 12861 14335 6256 18784 12034 4 17458 31 16971 18498 8995 20149 14055 4 20402 7847 9128 16066 15658 4 8995 13761 17438 22463 4060 15138 13905 5 8956 16971 8995 13761 17438 1612 18498 21932 15678 7127 21793 7730 16468 17438 22463 22823 3720 7850 11518 6103 16647 15678 22065 18449 4 18498 12027 9193 13055 21596 31 15941 6103 17736 5 8995 13761 17438 1612 18498 15658 17304 16367 16404 13749 17438 20463 7277 17324 17629 23151 17872 3962 7730 1575 15678 15270 21551 18498 21596 4766 31 9634 7730 16404 6564 4 17324 7850 16083 7127 352 6103 13860 16404 13909 22463 12970 21646 7850 22065 18449 2136 15678 20446 5 6103 22821 4 21596 18498 16318 8956 16971 18498 710 12861 7151 7730 15658 6820 5 
20402 17438 12861 18498 15671 8956 16971 18498 17304 4099 22463 17556 6103 20463 21551 20402 7847 4 9128 4 21931 4 6700 4 15678 18498 20402 4 8995 13749 5 15658 21282 16673 20463 7277 4 9193 16673 7277 6103 21793 22463 4417 7730 16587 4 16673 7277 6103 22463 13727 14425 17872 20149 23104 5 
21582 4793 7850 10273 9193 31 16971 1400 4 8443 9193 17629 7491 871 4672 5 
9901 9808 17438 22805 18498 16673 14466 4766 31 13907 7509 16971 18498 9193 5484 4 8956 21743 6103 15936 15658 20402 13907 5 21 
20214 20402 7174 6103 21641 20 
21 18498 9193 6905 17511 14335 15988 4 18498 9193 9193 14335 15988 17511 6905 5 5 21 
20 20 20 20 
6467 
20 20 20 20 20 20 20 20 20 20 20 20 20 20 20 20 20 20 20 20 20 20 20 20 20 20 20 20 20 20 20 20 20 20 20 20 20 20 20 20 20 20 20 20 20 
11617 26 11617 26 26 26 5 5 
22666 27 
20739 
21 21 21 26 22 18740 31 26 21776 26 26 26 26 5 5 21 21 21 
21 2136 4289 15678 7127 7914 18498 21582 21596 6329 4 22782 10544 15678 18498 15658 21596 17807 5 5 21 
20126 
17316 20 
4346 18498 4346 28 
21 22 22 8 8 8 30 31 30 9 9 9 22 22 
15678 18498 9594 6981 14464 18498 5174 31 22385 17556 21551 9193 13055 472 0 
22318 7560 4 22805 6 21 
9193 15658 14335 1788 6103 23135 5 5 
3805 
21 26 26 4 11617 26 26 26 26 26 21 
288 18498 31 10765 8995 7850 3610 4179 5 5 
21 26 26 26 26 26 4 26 26 5 5 21 
21 21 21 4796 15658 20149 17478 7850 11518 7509 10273 5 21 21 21 
26 11617 22 13800 31 26 26 5 5 
21 21 21 9193 9193 23151 17872 22318 16936 7509 20463 3564 4 19900 18498 21596 18498 12780 4 12780 9193 13055 23151 1114 5 5 21 21 21 

