9193 9901 1937 7730 19698 6981 3119 5 5 5 15658 11731 20402 22385 9808 20244 8956 23414 27 
6 
17872 18525 8995 6103 25 9594 18498 31 13640 15604 20402 22463 3119 5 5 5 21282 13359 5 
21 6663 
8995 22463 17556 2087 
9193 8840 18498 740 6075 21551 
6103 7491 18498 1190 
8561 7730 9193 8386 
31 20931 18519 22385 13045 
7730 31 9620 18498 9193 9743 15458 20247 
4672 18498 16393 23556 
2136 17872 22463 5758 
17438 15894 1190 0 
8329 23135 14335 17908 
20402 18498 9193 19900 0 
18498 23135 20402 14539 
22327 1616 18498 14335 9620 5 5 5 
1114 9193 20357 31 20931 9620 
7730 31 9620 
20402 31 15041 7509 8838 
4796 22463 7127 
18498 19822 15678 20463 3906 
6256 22463 13324 
18498 31 22942 20402 14539 
4672 15138 10439 
22463 2976 
22463 12809 
7148 7509 9173 
7509 1114 6103 18525 20149 1027 
17438 15894 1190 0 
8329 23135 14335 17908 
7730 15678 18498 9193 22318 6075 
20402 15138 17556 16066 18494 15299 
7730 15678 18498 9193 6256 0 
871 19830 16697 
20402 18498 9193 19900 0 
18498 23135 20402 14539 
22327 1616 18498 14335 9620 5 5 21 
21 11617 22 13800 26 26 26 26 
31 26 26 26 26 22 21298 26 14335 26 
26 22 18740 26 26 12863 26 
26 26 21726 26 26 26 26 
26 11617 22 13800 26 21776 26 1983 26 
26 11617 26 22 21298 26 
26 26 26 26 26 26 
26 31 26 
26 26 26 26 26 26 26 
26 26 12863 26 21 
21 11617 26 26 1983 26 26 26 26 26 16073 26 
26 11617 26 26 26 26 22 20539 26 26 11617 26 26 
26 11617 7585 22 21298 26 26 31 26 26 26 26 26 31 26 5 
31 26 26 26 26 26 26 15005 26 26 26 5 
11617 26 26 26 28 4 
11617 26 26 14335 31 26 26 4 
11617 26 26 26 26 4 
26 11617 26 26 15803 26 4 11617 26 26 15803 26 5 
11617 26 21776 26 26 26 26 5 
11617 26 21776 26 26 16073 15803 26 26 26 5 
11617 26 21776 26 26 26 20402 26 26 26 4 
15833 4 26 26 9971 6103 20247 26 26 26 
26 26 26 5 
11617 26 26 26 28 4 
11617 26 21776 26 14335 31 26 26 4 
11617 26 26 26 26 4 
26 11617 26 26 15803 26 4 11617 26 26 15803 26 5 
11617 26 26 26 28 4 
11617 26 21776 26 14335 31 26 26 4 
11617 26 26 26 26 4 
26 11617 26 26 15803 26 4 11617 26 26 15803 26 21 
472 8956 15286 
21 15708 31 21793 18498 14335 14018 16323 20 20 20 
19900 18498 6679 15678 7521 31 21793 5 5 5 2702 21 
28 16811 7509 22463 15852 18498 26 20 20 20 
21 28 28 4 28 28 4 28 28 17872 23135 20 20 20 6 21 
24 
21450 
21 26 26 26 26 26 26 21776 26 1631 26 
26 26 26 26 26 13269 15678 26 1631 26 
26 1631 26 26 26 11617 22 6103 
26 21776 26 21776 26 
26 11617 7585 22 21298 26 26 
26 26 
26 22 18740 26 26 26 26 26 26 14335 
26 26 26 
26 22 18740 26 26 21 
21 8956 10606 7509 28 19900 14821 14539 5 5 5 5 
27 27 27 27 27 7730 21 
11288 27 27 
10405 20402 18233 5 5 5 
21 26 26 26 22 20539 7850 26 26 26 26 11617 22 13800 26 
26 26 16073 
21 21 31 26 15803 31 26 4 21 21 26 26 21776 26 26 
26 26 26 26 26 26 
26 12863 22 20539 21 21 12863 26 22 21298 26 26 26 21 21 
26 5 21 21 7850 26 26 26 26 26 5 5 5 21 21 21 
13055 6168 18376 6103 14041 7509 23113 7509 9193 2336 4766 8956 14512 5 30 27 27 
21 26 20 20 20 
2700 17872 18525 10959 5 5 5 5 
27 27 27 27 27 21 
21 20539 5 5 5 9193 19698 6981 14512 20 
26 27 27 27 27 21 
20244 13909 5 5 5 
11617 26 26 11617 22 13800 26 21776 26 11617 11617 26 26 26 8184 
26 26 14387 4 26 26 26 26 
26 26 22 18740 26 26 
26 20402 26 
26 8611 4 26 26 15803 21726 26 26 
26 22 20539 31 26 26 4 26 26 26 26 21 
14156 28 
28 16811 
21 9808 1247 16169 20 20 20 9801 7730 22327 6103 3058 20 20 20 20 2702 5 5 5 
27 27 22564 21 
21 15344 4766 15678 7563 5 5 5 
27 27 27 27 21 
15138 3058 8956 17313 20 20 
27 
288 18498 22657 31 16689 5 5 5 
21 11617 26 26 26 26 
26 31 26 26 
12863 30 22 21298 26 
26 26 11617 4 7850 
26 11617 26 26 14565 
26 11617 22 13800 26 26 11617 22 13800 26 
26 11617 13433 26 11617 22 13800 26 
26 15803 26 21726 26 11617 22 13800 26 26 
26 11617 26 26 
26 21776 26 26 
11617 26 26 26 26 
26 11617 26 28 
12863 22 20539 26 26 26 
12863 22 20539 26 26 26 
26 11617 26 26 14565 
26 11617 22 13800 26 26 11617 22 13800 26 
26 11617 13433 26 11617 22 13800 26 
26 15803 26 21726 26 11617 22 13800 26 26 
26 11617 26 26 
26 21776 26 26 
26 4 26 
26 4 26 
26 4 26 
15833 4 26 21 
1471 6103 18498 20402 15138 10544 5 5 5 2702 
21 2384 4 4913 15678 12971 23016 22805 15678 20749 
7847 5360 31 3219 4 1471 6103 21389 2562 
2384 8720 15678 10602 3702 4 31 28 7509 15576 21551 
15658 20402 11518 6103 4346 4 1021 15678 16718 
15678 17318 8995 23104 4 4766 20463 14892 6103 22797 
31 11915 31 11020 19745 7509 11454 
9193 18525 21596 5521 6103 16098 
1021 15678 16718 
18498 12780 15128 15678 15190 4766 20463 14892 6103 22797 
20149 23135 15658 17304 20402 10259 4 20402 16673 14466 11570 
18476 15678 28 7730 20463 18828 4289 4 15658 21596 16689 
21793 15190 20402 16393 4 18476 20357 7594 
9193 15626 7730 21282 1393 14336 7127 4 21282 18525 8995 17989 17872 1114 
15678 17318 15658 15036 4 20402 1393 12261 7730 23151 
5174 15678 12916 7509 23519 7730 9193 5320 
9193 18525 21596 5521 6103 16098 
1021 15678 16718 
18498 12780 15128 15678 15190 4766 20463 14892 6103 22797 
9193 18525 21596 5521 6103 16098 
1021 15678 16718 
18498 12780 15128 15678 15190 4766 20463 14892 6103 22797 21 
24 
21 23179 6070 15138 23 20 20 20 
27 27 27 21 
15924 26 26 5 15924 26 26 
1612 14378 20134 5 5 5 5 
1453 22463 22133 9626 5 5 5 18533 22805 18525 18950 6 
15138 7509 11518 20 20 20 
21 15678 1114 4 18476 20149 19604 4 
15658 20149 19900 19604 5 
19900 2727 15855 17872 7847 4 
9193 15658 7850 19900 9594 5 
18525 18533 7491 15678 18498 20357 
15658 19900 15678 18498 11284 6103 7491 5 
9605 6 16393 18498 14487 
3532 6 16393 8918 
733 4 9193 20149 7847 439 4 
20149 17304 16098 15678 15855 4 
7730 20149 22463 15855 7850 2626 
17872 19900 18498 31 8995 31 1027 20 
9193 18525 20357 15138 4 3532 7 
18525 18533 7491 18481 20357 
9901 20244 910 15424 9605 4 
9901 21282 4 12525 20 
9193 20149 12862 17304 5321 
15678 18498 15658 7850 16072 5320 4 
13055 15658 21596 18498 9595 
17458 7850 8995 31 9594 21 
21 11617 10907 26 4060 26 30 22 21298 26 11617 26 26 
26 26 26 26 31 26 26 
26 11617 26 22 21298 26 26 
26 11617 26 26 26 26 11617 21 21 1631 26 14703 0 21 21 
26 4 1631 26 14703 0 21 
21 26 15803 26 21726 26 11617 22 13800 26 26 
26 11617 26 26 
26 21776 26 26 21 
20480 20244 20402 23188 5 5 5 
3805 20 20 20 
21 14561 6103 9193 
654 20402 1920 
6103 22463 13131 31 17316 4 15678 22816 4 31 20126 
7509 16083 31 13749 4 31 10268 7730 31 5521 17872 4289 7850 9971 
7730 15678 9971 20402 2725 12002 5 5 5 6400 6103 4796 23135 22805 
15678 15604 4 15678 5725 4 31 10547 18498 23135 6411 7914 23135 7730 21282 21 
15138 10131 20 20 20 20 
2371 20539 20 20 20 20 20 20 20 20 20 20 20 
9193 22805 15678 21953 5 5 5 5 
21 4496 22 20539 26 26 26 31 26 22 20539 26 5 
26 26 26 21776 10907 22 26 26 26 26 26 
26 26 26 26 26 26 12863 22 20539 26 21776 26 
26 26 26 16073 26 26 4 22 26 26 22 18740 26 26 26 
26 22 30 26 31 26 26 12863 22 20539 26 26 5 
31 26 26 26 26 26 26 5 
26 26 11617 26 26 11617 26 26 26 5 
26 26 4 26 22 30 26 21776 28 14335 4 26 11617 26 26 26 4 7850 5 5 
26 4 26 20402 26 26 5 
26 26 26 11943 26 
26 12863 26 11943 26 26 26 
12863 11617 26 4 26 26 
26 26 26 11617 26 
26 22 20539 26 26 26 26 14335 
26 4 26 20402 26 26 
11617 26 11943 0 
26 26 26 30 4 26 26 4 
26 26 26 26 1886 26 4 
13136 4 30 4 1983 26 26 
26 26 4331 26 5 
26 4 11617 22 13800 26 11943 26 26 15803 26 26 
26 26 26 11943 26 26 15803 26 26 
26 14335 31 11617 26 
27 5 
26 4 26 26 10907 26 26 4 
26 28 4 
26 26 26 
26 22 18740 11943 26 26 
26 26 26 26 26 
26 26 26 15678 
26 26 26 
26 26 26 11981 5 
26 26 26 4 26 12863 4 26 12863 
26 26 22 18740 26 26 5 
26 4 26 26 26 11617 26 
26 4 26 20402 26 26 5 
26 26 26 11943 26 
26 12863 26 11943 26 26 26 
12863 11617 26 4 26 26 
26 26 26 11617 26 
26 22 20539 26 26 26 26 14335 
26 4 26 20402 26 26 
11617 26 11943 0 
26 26 4 26 12863 4 26 12863 
26 1631 26 26 11943 12863 
26 4 
26 14335 26 4 
27 5 
26 26 4 26 12863 4 26 12863 
26 1631 26 26 11943 12863 
26 4 26 14335 26 21 
6 22 
4289 654 15658 20402 0 20 
7730 15678 16494 6103 10326 0 
22290 20 20 20 
20402 22157 20 20 20 20 20 20 20 20 20 20 
18498 3119 5 5 5 27 27 27 27 27 
15424 8995 7545 22805 5 5 5 27 
3472 20828 0 
21 10157 9 9 9 9 9 26 20 20 20 
2702 5 5 5 21 
1276 7730 6408 20 20 27 
27 
22657 10606 5 5 5 
21 26 26 26 26 26 4 26 26 26 
26 26 1631 26 26 26 26 
26 26 26 4 12863 22 20539 31 26 15803 21726 
26 26 26 26 21776 26 26 26 
26 11678 26 22 18740 20916 26 4 26 22 18740 26 26 26 
22 4060 26 15803 15678 1631 26 26 26 26 
26 26 21776 26 26 20402 26 
26 26 15803 26 26 26 26 26 
26 26 26 26 26 
26 1631 26 26 
26 1631 26 26 26 
26 26 15803 26 10530 
26 26 26 22 30 26 26 26 
26 26 28 26 26 11288 26 26 
26 11678 26 22 18740 20916 26 4 26 22 18740 26 26 26 
22 4060 26 15803 26 26 4 26 1631 26 26 26 1631 26 
26 22 18740 26 26 21776 26 26 20402 26 
26 26 26 26 26 26 26 26 26 
12863 26 31 26 26 26 26 
26 26 26 12863 
26 26 26 12863 
26 26 26 12863 
26 11617 22 30 26 12863 26 4 11617 22 13800 26 31 26 
31 26 28 26 26 22 30 26 26 
26 26 1631 26 26 26 26 26 26 
26 11943 26 26 4 26 26 26 26 26 
26 11943 26 26 4 26 26 26 26 26 
26 11678 26 22 18740 11943 26 4 26 26 1631 26 26 26 
22 4060 26 15803 15678 1631 26 16105 26 
26 26 21776 26 26 20402 26 
21776 26 26 26 26 26 26 26 
26 11617 22 13800 26 26 26 
26 26 26 12863 
26 26 26 12863 
26 26 26 12863 21 
21 26 7850 26 11617 7585 22 21298 7509 26 20402 26 
11617 26 26 26 26 26 26 26 26 26 21776 14335 
26 11678 26 26 26 26 11617 26 11943 26 26 
26 7509 26 26 26 26 15803 26 26 
11617 26 26 26 26 12863 22 20539 26 26 26 
26 26 14335 4 26 26 11617 26 26 
26 26 11617 31 26 26 26 26 22 20539 31 26 
26 20402 14335 11617 22 13800 26 26 26 26 
26 11678 12863 26 21776 14335 26 26 26 26 26 
26 21776 26 26 26 26 21776 26 26 
26 26 12863 26 26 11617 26 22 21298 7850 26 20402 26 21776 26 
26 22 20539 26 26 5 5 5 12863 22 20539 26 26 26 14335 26 14335 
11617 26 26 26 26 12863 22 20539 26 26 26 
11617 22 13800 26 26 14335 4 26 26 11617 26 26 
26 26 11617 31 26 26 26 26 22 20539 31 26 
26 20402 14335 11617 22 13800 26 26 26 26 
26 20402 14335 11617 22 13800 26 26 26 26 
26 11678 26 26 22 20539 1631 26 26 15803 26 26 26 26 
26 26 26 26 26 26 15803 26 26 26 
26 26 11617 26 26 21776 26 14335 26 
26 11617 26 22 21298 17257 26 4 7850 26 
26 4 11617 26 26 21776 26 31 26 26 26 
11617 26 26 26 26 12863 22 20539 26 26 26 
11617 22 13800 26 26 14335 4 26 26 11617 26 26 
26 26 11617 31 26 26 26 26 22 20539 31 26 
26 20402 14335 11617 22 13800 26 26 26 26 
26 20402 14335 11617 22 13800 26 26 26 26 21 
11288 27 27 27 27 27 
21 733 4 733 
26 4796 26 26 26 15803 26 12874 26 26 
26 26 26 26 26 26 11554 26 26 
26 26 15803 26 26 
28 26 26 26 21776 26 26 
21776 26 26 26 4 26 26 26 
28 4 11617 997 26 20 
26 26 26 26 26 26 
26 26 26 28 26 26 26 26 
733 4 733 
26 4796 26 26 26 15803 26 12874 26 26 
26 26 26 26 26 26 11554 26 26 
26 26 26 26 26 26 
26 26 28 15803 10938 
15803 26 26 26 26 26 15803 26 
26 1631 26 26 
26 26 26 26 26 26 
26 26 26 28 26 26 26 26 
26 26 26 22 6103 26 26 26 26 26 26 19854 
20402 26 26 26 26 26 26 26 
26 15803 26 26 26 21 
21 26 22 20539 26 11943 26 4 26 26 22 21298 26 26 11943 26 5 21 
8995 7188 8956 21649 
20725 14413 28 
26 20828 0 
7730 13761 12780 15671 5 5 5 5 
15036 5 5 5 27 
6 
21 26 26 4 26 28 26 26 26 
26 26 11943 26 2401 15803 26 15026 
26 26 26 15803 26 11943 26 26 
26 26 26 26 28 26 26 11678 26 26 
26 26 26 26 9971 6103 20247 14335 
26 22 30 26 28 26 26 
26 11943 26 26 26 22 30 26 26 26 26 
26 22 30 26 26 26 26 
11617 14796 26 4 11617 14796 26 
11617 14796 26 4 11617 14796 26 
26 1631 26 0 26 11617 22 13800 26 26 
11617 26 26 
11617 26 26 26 
11617 26 26 26 26 
26 26 26 26 
4796 26 26 26 26 26 21726 
26 31 11617 26 4 11617 26 
26 26 26 26 26 
26 26 26 26 26 26 
26 26 21776 26 26 
26 26 26 26 15803 26 
28 26 4796 26 26 26 26 26 26 
26 26 26 26 
7585 22 21298 26 26 21726 26 14335 26 22 18740 26 
26 26 26 26 26 
11617 14796 26 4 11617 14796 26 
7585 22 21298 26 26 21726 26 14335 26 22 18740 26 
26 26 26 26 26 
11617 14796 26 4 11617 14796 26 
7585 22 21298 26 26 21726 26 14335 26 22 18740 26 
26 26 26 26 26 
11617 14796 26 11617 14796 26 
7585 22 21298 26 26 21726 26 14335 26 22 18740 26 
26 26 26 26 26 
11617 14796 26 11617 14796 26 
7585 22 21298 26 26 21726 26 14335 26 22 18740 26 
26 26 26 26 26 
11617 14796 26 11617 14796 26 
7585 22 21298 26 26 21726 26 14335 26 22 18740 26 
26 26 26 26 26 
11617 14796 26 11617 14796 26 21 
21 11617 26 22 21298 26 4 11617 22 13800 9783 26 
11617 26 26 4 11943 31 26 
11617 22 13800 26 4 26 26 20402 26 
26 10530 11617 26 26 
11617 26 22 21298 26 4 11617 22 13800 9783 26 
11617 26 26 4 11943 31 26 
11617 22 13800 26 4 26 26 20402 26 
26 10530 11617 26 26 
12863 22 20539 26 26 
12863 22 20539 26 26 
12863 22 20539 26 26 
12863 22 20539 26 26 5 5 5 21 
21 26 11617 997 11617 31 26 
11617 26 26 26 11943 26 26 
11617 26 26 26 
26 11617 20906 11943 28 26 26 21778 11943 26 26 
22564 26 26 15803 26 26 
26 26 26 26 
26 11943 26 26 26 26 26 26 
26 26 26 26 11617 22 30 26 26 
26 11943 26 26 26 26 20496 21 
21 21282 8329 9193 19466 
12780 14335 13325 6103 23135 
21282 8329 9193 19466 5 5 21 
20402 5 5 5 9193 15286 17642 20670 15678 28 5360 20402 8956 7730 288 18498 740 12780 20402 17438 22463 3058 21551 27 5 
873 18927 871 9956 3058 0 6 
20402 5 
20402 27 27 27 27 27 27 
21 26 26 26 26 26 26 
27 27 27 27 21 
8995 201 27 
3058 20855 17872 9193 5 5 5 27 
21 10343 7509 20892 5 2601 6 21 21 6103 21793 31 16247 18498 23135 13055 14335 6075 4 14604 1095 4 8956 20402 31 18498 7545 13909 5 21 21 
8840 18498 23135 21596 8147 23206 20032 6103 17778 14604 1095 20 21 
12780 1453 6256 8956 23222 16404 23135 5 5 5 
15138 3058 27 18930 1937 21793 20 20 20 20 
20402 27 27 27 27 
1249 8995 13909 5150 7509 18498 8956 11729 5 5 5 5 
20786 18498 12780 9066 3805 20 20 20 20402 27 27 23 
15286 16404 15678 3061 27 27 27 19891 
17872 6564 5 5 5 27 
19900 15678 14425 6103 22327 7509 28 8956 1249 0 10127 7847 5 5 5 13055 21776 7850 9774 14539 27 27 27 
12780 8100 8956 6472 0 
14018 15138 20 20 20 
26 26 5 5 5 
12780 10606 20 20 20 20 
21371 8995 5 5 5 16587 6103 14512 22805 20 
30 29 11518 29 29 29 29 29 29 29 
15658 5 5 5 22657 9594 5 5 5 5 
1249 8995 201 7730 9193 740 15658 8386 15299 6318 5 5 5 18339 18498 16404 20 
21 17304 14335 14018 11980 31 11729 18498 6389 6103 29 28 23135 18876 15678 19522 6 6103 
18197 6 18481 13909 10273 4 13909 19871 15678 19522 4289 20 21 
21 10606 13405 8956 16367 6103 17380 15658 21282 12861 16404 22463 19859 21916 8561 5 20402 21153 17872 20402 866 21267 4 9193 15658 6981 14031 9653 4796 8995 9743 5 15658 19900 20149 28 12780 15128 15678 16587 17872 14425 16066 20149 31 28 7730 13729 9743 15678 28 14667 14145 5 288 18498 20402 17818 18553 6103 15936 4 9193 31 10606 15658 18533 19900 6103 16098 31 14539 6103 16083 16066 15061 31 20931 6103 22463 14881 28 4 1453 18533 8233 31 20931 8637 10909 41 6103 16083 7730 17989 5 8956 2053 6103 4730 15678 15540 7509 22516 7914 22463 17998 6103 22463 3664 20402 15138 9138 17836 17458 31 8637 15658 20402 22523 5 15658 22805 17877 15425 7914 4730 7850 20931 10273 16066 21680 16654 15678 20463 3664 4 9193 18498 8995 2727 4524 18498 20402 31 20931 8637 7730 15658 6103 22463 13616 18498 14673 6103 16971 10375 7730 9387 7441 6103 15936 5 21 
17629 20 
22798 26 
21 28 6 16404 13294 3209 12240 4 7858 22564 26 6103 5758 5 
27 21 
7730 654 26 28 0 0 0 2136 15678 14550 28 8995 1502 31 28 20 20 20 20 27 
14156 28 
15995 6103 20402 30 29 29 20 20 20 20 
27 17458 9193 288 11066 15458 14512 0 18339 18498 16404 
16673 14466 20247 18498 23016 12780 16367 7235 8956 14512 6103 17535 20670 17380 7850 28 5 5 5 6 
12787 15138 10131 27 
13923 26 28 16811 5 5 5 27 
8995 10131 8956 14512 22805 5 5 5 18339 18498 16404 
21 15874 20 20 20 9193 20402 15678 26 4 22327 2727 4766 23135 0 21 
3439 13909 10131 7509 15190 20 20 20 27 27 27 31 
12861 18498 7509 20402 1101 4766 31 16971 5 5 5 6 
14156 28 
21 26 14335 19698 16073 15803 26 26 
26 26 26 21525 26 
16073 20402 26 26 11617 26 26 
11678 26 26 26 11617 26 
26 21776 26 26 15803 14335 
26 26 21776 26 26 
26 22 21298 26 7850 26 
26 22 21298 26 7850 26 
26 7585 22 21298 26 26 7850 26 
4060 11617 22 13800 21298 5 15658 5 21298 5 4 11617 22 13800 26 
21298 5 15658 5 21298 5 26 11617 22 30 26 26 26 
21298 5 15658 5 21298 5 11617 22 13800 31 26 26 
21298 5 15658 5 21298 5 26 14335 9439 
11617 22 13800 26 4 26 26 26 26 
11617 22 13800 31 26 26 
26 26 26 26 
26 0 
26 26 26 26 26 
26 26 26 26 
26 26 26 26 26 
26 26 20402 26 26 
26 26 11617 26 11943 26 
26 7585 22 21298 26 26 14335 22 19827 
4060 11617 22 13800 21298 5 15658 5 21298 5 4 11617 22 13800 26 
21298 5 15658 5 21298 5 26 11617 22 30 26 26 
21298 5 15658 5 21298 5 11617 22 13800 31 26 26 
21298 5 15658 5 21298 5 26 14335 9439 
21298 5 15658 5 21298 5 26 4 26 4 26 
21298 5 15658 5 21298 5 26 4 26 4 26 
21298 5 15658 5 21298 5 26 4 26 4 26 
21298 5 15658 5 21298 5 26 4 26 4 26 
21298 5 15658 5 21298 5 26 
11617 22 13800 26 26 4 26 
21298 5 15658 5 21298 5 26 
26 11617 22 30 26 26 26 4 26 
21298 5 15658 5 21298 5 26 
11617 22 13800 31 26 26 26 4 26 
21298 5 15658 5 21298 
26 14335 9439 
21298 5 15658 5 21298 5 21 
21 21 21 20149 23135 155 20931 3393 6329 20463 6011 12780 3510 21 21 21 
21 21 21 15658 17908 31 9801 5 9801 20402 4796 22463 15991 5 20149 23135 16721 20670 7847 4 7847 12780 7957 5 14095 15781 7730 21582 9743 16083 16971 9808 7730 23135 201 9808 4796 7809 4689 5 21 21 21 
8995 2371 866 18498 9193 20293 18533 19900 5 5 5 
21 18625 22805 8956 14512 
27 27 27 27 22564 21 
21 21 21 16673 18498 22657 31 16689 13749 0 21 21 21 
15834 0 20 
21 23135 23135 23135 23135 23135 23135 26 26 20 20 20 20 
27 27 27 6 6103 21 
12780 10648 5 5 5 10648 740 17438 4434 20 20 20 
26 11661 
22463 20558 21959 18498 18009 22463 7509 14426 8003 7509 15190 5 5 5 31 6103 17304 23123 20 20 20 
14156 28 14212 30 
26 
9956 0 6 6103 
21 6472 238 20 20 20 8995 2371 22463 10273 9193 20244 14125 20 20 
18533 22805 654 28 28 4 28 28 28 28 7730 28 28 9743 21371 5 5 5 27 21 
28 28 
21 5947 20670 15282 16920 4 15138 3058 20 20 20 21 
29 
29 
9980 13325 6981 15286 5 5 5 18339 18498 16404 
21 15678 1114 4 18476 20149 19604 4 
15658 20149 19900 19604 5 
19900 2727 15855 17872 7847 4 
9193 15658 7850 19900 9594 5 
18525 18533 7491 15678 18498 20357 
15658 19900 15678 18498 11284 6103 7491 5 
9605 6 16393 18498 14487 
3532 6 16393 8918 
733 4 9193 20149 7847 439 4 
20149 17304 16098 15678 15855 4 
7730 20149 22463 15855 7850 2626 
17872 19900 18498 31 8995 31 1027 20 
9193 18525 20357 15138 4 3532 7 
18525 18533 7491 18481 20357 
9901 20244 910 15424 9605 4 
9901 21282 4 12525 20 
9193 20149 12862 17304 5321 
15678 18498 15658 7850 16072 5320 4 
13055 15658 21596 18498 9595 
17458 7850 8995 31 9594 21 
21 4496 22 20539 26 26 26 31 26 22 20539 26 5 
26 26 26 21776 10907 22 26 26 26 26 26 
26 26 26 26 26 26 12863 22 20539 26 21776 26 
26 26 26 16073 26 26 4 22 26 26 22 18740 26 26 26 
26 22 30 26 31 26 26 12863 22 20539 26 26 5 
31 26 26 26 26 26 26 5 
26 26 11617 26 26 11617 26 26 26 5 
26 26 4 26 22 30 26 21776 28 14335 4 26 11617 26 26 26 4 7850 5 5 
26 4 26 20402 26 26 5 
26 26 26 11943 26 
26 12863 26 11943 26 26 26 
12863 11617 26 4 26 26 
26 26 26 11617 26 
26 22 20539 26 26 26 26 14335 
26 4 26 20402 26 26 
11617 26 11943 0 
26 26 26 30 4 26 26 4 
26 26 26 26 1886 26 4 
13136 4 30 4 1983 26 26 
26 26 4331 26 5 
26 4 11617 22 13800 26 11943 26 26 15803 26 26 
26 26 26 11943 26 26 15803 26 26 
26 14335 31 11617 26 
27 5 
26 4 26 26 10907 26 26 4 
26 28 4 
26 26 26 
26 22 18740 11943 26 26 
26 26 26 26 26 
26 26 26 15678 
26 26 26 
26 26 26 11981 5 
26 26 26 4 26 12863 4 26 12863 
26 26 22 18740 26 26 5 
26 4 26 26 26 11617 26 
26 4 26 20402 26 26 5 
26 26 26 11943 26 
26 12863 26 11943 26 26 26 
12863 11617 26 4 26 26 
26 26 26 11617 26 
26 22 20539 26 26 26 26 14335 
26 4 26 20402 26 26 
11617 26 11943 0 
26 26 4 26 12863 4 26 12863 
26 1631 26 26 11943 12863 
26 4 
26 14335 26 4 
27 5 
26 26 4 26 12863 4 26 12863 
26 1631 26 26 11943 12863 
26 4 26 14335 26 5 21 
21596 22463 22772 20 20 20 27 27 31 
21 28 28 28 28 4 28 28 4 28 15071 28 28 4 28 28 4 28 28 4 28 28 4 8406 16083 5 5 5 21 
4356 4380 5 5 5 5 5 
21 15834 4 20402 15678 30 7509 19307 1630 24 20 20 20 21 
7960 16689 28 
21 22463 14464 14335 8361 
18494 22327 18498 9193 19900 
20402 18494 8667 
9193 7847 14335 22092 4796 22463 19169 
7847 9743 15138 17233 
9193 21282 18533 8995 879 
20293 1393 13131 6281 
9193 15658 21596 1394 12780 
9193 4 7831 18498 9193 20402 4 
14335 8918 6103 753 
31 7847 4796 7847 14335 753 
7730 15658 18533 14335 20369 
7847 21371 8995 16784 
7730 17438 12861 20149 614 31 9193 21371 
7730 9193 14335 614 31 7847 
17458 9193 15658 21596 13909 15502 
7730 9193 7491 6 740 20402 4099 
4099 4 4099 4 4099 4 4099 
7730 9193 7491 740 20402 4099 5 5 
19900 18498 7847 21623 
15678 18498 9193 15658 4809 
7730 15678 18498 7847 6592 
9193 1540 21371 4 9193 19900 
7847 9594 6 23135 21596 14378 
2371 9193 7491 6 18525 21596 14378 20402 23135 
9605 15678 18498 15658 7102 
15643 20402 7491 17438 15502 
7847 14335 7491 6 
9193 15658 19900 13909 15678 18498 9193 
20357 17438 23135 5 12780 6075 
22463 21551 4 22463 7127 31 10765 20149 22805 
7730 9193 7491 6 740 20402 4099 
4099 4 4099 4 4099 4 4099 
7730 9193 7491 740 20402 4099 5 5 21 
20126 26 4213 7730 4524 5 5 5 29 20 20 
21 15658 12543 5 5 5 17438 228 8956 7558 14307 20420 7509 14539 15599 0 17324 871 6075 20149 5392 5 
8956 28 740 12780 6075 22463 14512 22385 11020 5 5 5 17836 9193 16587 20947 7730 9193 23114 4766 15678 13055 550 6 
7850 4 7850 4 7850 4 7850 4 7850 4 7850 4 7850 4 7850 4 7850 4 7850 
11617 26 26 26 20402 26 26 21726 26 
26 26 26 26 26 11617 26 26 
26 26 3590 16105 4 11617 26 26 26 
11617 26 26 26 26 26 26 26 
26 11617 26 11617 22 13800 26 26 
26 22 20539 22327 4179 4 26 4 4060 11617 26 26 191 
11617 26 26 22 20539 26 26 14335 
26 26 22 20539 26 4060 11617 26 7850 26 26 
23 26 26 26 
24 
23 26 
24 
23 26 
24 
23 26 
24 
26 26 26 21776 10907 16073 1983 26 
11617 26 26 29 26 11617 26 16073 26 26 
26 26 26 22 20539 26 14335 26 26 
11678 26 26 12863 26 11617 26 26 26 26 26 
23 26 26 26 
24 
23 26 
24 
23 26 
24 
23 26 
24 
26 26 22 20539 26 4 15833 4 26 26 26 26 14335 
26 11617 26 26 26 26 26 26 26 
26 26 22 20539 26 4 15833 4 26 11617 22 13800 26 31 26 
26 11617 26 26 26 15005 11617 26 26 
26 11617 26 4 11617 26 26 26 20402 26 
26 11617 26 26 12863 22 20539 26 26 26 
26 15005 26 26 4 26 15005 12863 20497 26 26 26 
26 0 24 20 
26 11617 22 30 19210 26 31 26 2914 
26 26 15005 26 11617 22 6103 26 21776 26 
13236 1983 26 26 26 26 26 26 
26 22 20539 26 26 26 26 21776 26 
26 11617 26 11617 26 26 7850 
26 12863 22 20539 26 15803 26 26 26 22 20539 26 21776 10907 
11617 26 26 26 4 26 11617 22 13800 26 31 26 
11617 22 13800 26 31 21025 26 7850 26 26 
23 26 26 26 
24 
23 26 
24 
23 26 
24 
23 26 
24 
26 26 22 20539 26 4 15833 4 26 26 26 26 14335 
26 11617 26 26 26 26 26 26 26 
26 26 22 20539 26 4 15833 4 26 11617 22 13800 26 31 26 
26 11617 26 26 26 15005 11617 26 26 
26 11617 26 4 11617 26 26 26 20402 26 
26 11617 26 26 12863 22 20539 26 26 26 
26 15005 26 26 4 26 15005 12863 20497 26 26 26 
26 0 26 20 21 
21 26 26 11617 26 26 26 
11617 22 13800 26 13269 28 26 
21776 26 26 26 
21776 26 26 11617 26 21776 26 
26 15253 28 21776 26 26 
26 26 26 26 26 26 
26 6057 21776 26 26 
15803 28 11943 31 26 26 21 
21 16733 15678 3388 2156 20931 15585 5 
10192 6 11560 6 21083 5 153 5 4766 5 3148 4509 16733 3388 2156 20931 15585 29 5 20499 
20244 13909 5 5 5 27 27 27 21 
30 
21 11617 22 13800 15005 26 26 26 
11617 22 13800 15005 26 26 26 26 
15005 26 26 26 14335 26 
11617 22 13800 15005 26 26 26 
31 26 26 31 26 
26 7585 22 21298 26 14335 26 26 28 
11617 997 26 26 21 
7 
21 7850 22821 20539 4 9193 20582 15658 5 13637 9193 15658 5018 15424 7301 4 15138 16673 5431 4 7730 7491 13909 4 17324 5018 17267 4766 18525 7301 18498 7850 9193 15936 8995 7914 4434 7509 15200 5 9193 7850 22821 8956 16971 8995 15138 13909 8561 7509 18498 9193 4 17324 7847 8995 7301 6103 22463 4672 18498 7850 22821 9193 15658 8995 15424 5018 15424 7301 5 9193 15678 9707 20402 18498 8956 16971 18498 21596 31 7307 6103 7301 6103 866 18498 9193 15424 20149 18533 16721 7914 5018 4 8995 4766 22463 22148 12067 6103 7441 4766 31 9193 16971 18498 15658 10959 6103 17982 31 7323 8406 31 16971 17737 4 18498 10959 6103 7301 6103 22327 18498 20402 5019 4 17495 4 4766 22463 4179 7728 6103 5020 4 7847 20149 7459 7914 29 11112 15678 18498 15658 5018 7730 15678 18498 15658 7301 4 7730 15678 18498 8995 4766 31 15936 5391 4 8956 23575 11111 201 16765 18498 15658 8995 12025 9193 29 11112 6103 15936 4 13640 31 7323 8406 21793 2156 5 9193 12861 15658 9193 9743 16784 31 8838 4 17438 18498 22327 12861 20402 22463 22521 6103 15936 4 18498 9743 15678 11112 4289 1393 352 4 6103 18498 15425 7509 7558 8995 4179 4 17982 31 11429 7730 31 5393 4 15678 18498 15658 20402 3058 7730 15424 19854 4 15138 16673 5431 5 21 
25 25 25 25 25 25 25 25 25 25 23360 
26 26 26 26 26 26 21776 26 26 5 
21 27 27 15138 3058 20 20 20 20 
21 12780 14018 16493 
12780 16367 6103 16721 17872 23104 
17324 18525 21596 15138 17758 
15658 17562 31 3393 7914 15425 13727 
12780 14018 16493 
12780 16367 6103 16721 17872 23104 
17324 21282 18525 16784 21551 
20402 18525 288 18498 15658 21596 13909 21551 31 16784 21 
14550 5 5 5 
26 20 
28 7509 15567 10648 31 5505 7509 15190 1614 7850 28 20 20 20 4369 15398 20 20 20 
21 15678 15671 7509 22318 15978 740 7545 7914 9193 
7730 4098 14018 2322 
21 21 18476 31 10357 4289 
15138 18374 31 6103 6242 21 21 
28 9743 31 3473 7509 20644 
20402 18498 8956 16142 15643 22782 18374 
7730 22327 18498 20402 6103 19854 20293 3510 17872 5980 
21596 17556 10765 7850 10421 4 8443 20402 21282 4289 
15678 7251 23016 17872 5150 15678 1114 
15678 20060 16958 18498 8995 20244 1193 
7850 22356 7509 28 7509 1862 
3964 20402 19169 7509 15036 7730 31 4253 8930 10544 
18525 8995 7850 13539 6103 10366 
15658 17304 1034 
15678 20853 12372 
7509 5758 6103 13761 
18525 8995 7850 13539 6103 10366 
15658 17304 1034 
15678 20853 12372 
7509 5758 6103 13761 21 
21256 20670 31 14031 6103 4796 20402 22092 31 7804 20475 7850 28 5 5 5 15138 3058 20 20 20 27 
20402 5 5 5 8995 19854 6103 1095 22805 5 5 5 27 
3805 5 5 5 15138 10131 20 20 20 

