26 
21282 7491 22463 4672 31 15144 14145 8995 14149 
6103 
21 2395 7914 20634 6103 12301 28 29 1249 7914 21551 12517 
26 26 26 28 29 26 11943 26 21726 21 
21 15995 4 2634 20 21 
7730 21371 20402 14604 1247 20 
8933 4078 
10211 7914 20539 5 11617 5 29 
20402 21282 8100 15678 17877 7730 15658 20149 8644 20 
8956 22886 20402 4509 18328 20 
15678 18481 17106 20420 15678 28 
15855 17438 15855 7730 15678 15190 201 4102 5 28 
8980 6103 
21 21282 18610 29 5 29 5 29 5 29 4 29 9193 15502 22805 15299 6 22615 21 
21097 
23351 
9802 31 21793 14604 1097 7730 6679 21793 20855 6103 3369 7914 20931 22942 7730 6103 20463 9626 15459 1249 6103 29 20 
26 26 
9808 28 4766 13086 28 20 
21 20311 4 15678 9956 7509 1249 20244 13909 5 21 
26 3148 
21 7585 22 21298 26 26 4 26 0 21 
21 20293 368 15458 17517 4 21791 17304 15658 20149 5025 5 21 
6075 14512 30 
21 6564 7914 16580 4 16468 7914 5982 20 6 21 
6 
16162 15678 16526 20 
425 28 20 
28 9974 6103 22942 5 
6103 
21 8995 2084 9193 17913 4 9721 23151 21556 17872 10628 5 5 5 30 28 28 21083 28 21 
425 28 6 
951 21935 7509 14285 6 22615 
21 12283 951 4 13038 951 4 5742 18494 23394 7730 654 18516 6103 19418 5 6075 18250 21 
21 20149 7730 20813 20149 8995 23104 2136 13761 6 4 15502 19900 7509 1022 20215 15894 21739 5 21 
201 5 5 5 
21 20402 21282 29 4136 14539 4 7957 17872 10366 28 20 21 
21 18498 23175 1467 4 288 18498 18525 1959 12780 9901 14336 14020 17458 31 3962 12780 3510 9786 5 21 
15855 31 22356 5 5 5 
9193 10959 6103 18270 
21 16404 1612 18498 21282 20402 13325 18476 866 15658 10473 4 22110 16066 18516 5 1612 18498 6184 28 7730 15533 4 16784 10175 7730 9833 5 22327 16673 3058 10472 4 8964 7509 20634 7730 16673 20558 17605 6103 22805 31 21 21 4672 21 21 10473 5 
16404 21793 18498 17229 4 15988 4 448 4 17950 4 9359 4 5231 4 22782 7730 19466 22318 5 
16323 17458 15671 20402 22318 11462 7 7730 21793 15678 28 5 21 
15658 6928 15678 20463 23174 20 
21 20149 3664 1614 7850 28 4 288 18498 6075 17872 10648 10544 5 21 
26 26 19604 20 
11462 21596 9638 20 
21 22458 29 6103 26 7850 9193 3512 6103 8406 7509 28 5 15658 21596 13909 19553 654 4 21596 18498 21596 1400 871 6 5 21 
9431 20 
20500 7850 28 26 20 
8235 5 5 5 6164 20 
26 26 26 26 
15658 6075 17872 4872 20 
22463 14876 13717 6103 29 7509 17807 17599 6 16066 29 7509 12738 
6 
26 6 22615 
1937 7914 29 4766 28 28 28 7730 28 28 6103 15138 3058 9193 21187 28 26 28 29 
21 20402 20229 17872 28 4 12780 4766 22327 17872 12780 17872 18195 9169 21 
15678 4403 3365 21596 13909 22322 7730 5085 28 28 7509 18498 970 5 
30 
21 28 22773 31 28 4 28 22773 15678 18772 28 4 
20402 28 22773 15678 28 
7730 15678 20879 16784 16404 15678 3154 4 8443 3154 20402 14425 18498 15678 18772 28 5 21 
3510 1393 2708 7509 19698 28 
20215 8956 20 
21 4886 31 28 15291 29 28 29 13341 434 7914 29 11518 6103 12960 4 2136 18498 8235 26 26 29 13909 4245 6103 8147 26 20 21 
21 15658 288 8561 4 9594 31 22821 23104 20336 13761 14539 20 21 
21 28 3630 21596 29 28 
11462 20402 7127 29 
18250 20402 29 
4668 288 18498 20539 20 21 
8561 6329 
13909 18498 14514 20 
21 31 28 8995 15138 2725 11462 4 22657 31 16689 5097 20 21 
20293 19900 6 22615 
14196 
28 5 22 
2727 12861 
27 
21 15833 14604 28 29 4 29 3031 21021 21 
21 15643 20149 22805 12733 15658 1959 15678 19701 7730 15658 20149 155 31 15410 4796 654 4 8443 654 12739 20149 21944 7914 19276 6103 3749 20244 19701 0 4 20402 22463 22834 5371 31 20665 7509 28 5 21 
21596 18498 4730 22463 26 17872 6075 12939 15458 21726 6 22615 
21 23 31 28 8995 4766 15585 15252 6103 13948 4 16972 28 20402 21570 14539 20 21 
23 13909 29 6 6103 7730 4766 10648 6103 22767 
15658 9604 15643 20 
20402 0 
27 
21 2136 4766 19728 4 20402 3170 8995 9901 7188 20 21 
2136 18498 8235 20 
28 26 
21 10916 7509 28 7850 28 4 8840 9193 15658 201 31 5505 0 21 
29 15678 
6 6103 
21 14425 18498 15678 7509 9922 4 703 16673 19698 29 20 21 
27 
12861 20539 20402 17872 20149 8455 20 
29 29 
27 
13048 20402 9790 20 
23274 
19703 
873 20293 10648 6 22615 
2988 13949 20 
21 21596 29 22406 7914 12960 29 28 30 28 5 21282 18498 20402 29 17872 28 4 8995 6103 3225 26 14335 0 22327 8561 21 

