21 26 19703 
21 6075 31 3790 17872 2647 5 5 5 7730 6408 15658 18910 7509 20694 18498 23135 13405 7850 14336 7509 20463 15336 4 31 6152 20402 20931 5 9743 16440 7509 1542 21 
21282 7491 12861 
26 6052 
20126 4964 26 28 7509 28 5 27 
21 15658 430 16630 17872 17438 13909 13598 7730 13909 4945 7850 8632 15658 5 15658 430 23135 21596 15678 14273 13761 16404 15678 970 7017 5 22612 4 20402 15678 18498 9193 22805 8329 9193 21582 6075 2154 5 7730 15658 14335 5891 4 20402 19478 6329 17872 9193 5 11043 21 
22463 10273 827 7509 14604 23221 17872 23135 1097 
20207 21552 17973 26 
30 
15658 19900 15678 18498 20420 6103 9193 20244 7847 8 29 
23221 
14604 11341 15036 6103 9193 19900 6103 20931 22942 5 14466 31 28 
23 13315 18498 12861 8995 16393 13909 13470 19703 
9956 13909 7188 6103 288 7850 28 20244 16162 2136 11462 17872 9193 6 26 9193 21551 7850 3218 5 9193 31 3348 15658 16404 5 21282 288 7662 7850 28 
16440 1820 31 3962 17461 
26 
21 20402 1937 15678 7536 7509 28 28 7850 4443 4 17807 7509 12333 29 4 29 5 6820 5 18339 18498 16404 21 
8956 16822 6103 28 6103 3959 4766 22463 23274 8406 15678 15540 6256 22463 4672 14336 5150 5 5 5 23274 4730 1920 17872 9193 20293 20520 22859 5371 5 21282 22463 15728 19703 5 9193 20670 15678 18498 9193 288 6103 28 6103 3959 6256 17872 13761 16404 
28 28 
28 0 
28 
733 15678 28 6075 22463 3541 12780 
31 10672 7509 26 28 22385 7850 20497 7509 26 30 
15678 18498 30 28 7491 7384 22327 
21 22463 7127 9193 12780 20402 22463 1184 4273 18498 10959 6103 19735 1341 4 21776 22137 17872 12861 5 29 1249 20402 2625 21551 21 
13055 9743 14604 9370 11462 5 5 5 654 3472 9193 4189 0 19703 
15658 19900 18498 15678 28 28 20402 15678 15604 23128 7509 26 19703 
28 28 28 28 28 1806 28 28 18665 28 28 28 28 28 28 6103 28 
28 26 14158 28 28 28 
9193 1027 15678 2822 5 15678 19456 20402 22463 1542 
3297 
21 7850 9193 3393 11212 22463 29 28 
17269 20402 7509 28 7730 31 16971 18533 7144 17438 7733 5 5 5 2371 21596 18498 21596 15138 16135 19703 
18328 7624 8 29 20149 18983 6103 22463 305 5 17438 20855 9901 22327 2727 
21 15422 2371 26 15299 13909 7509 18498 28 4 14577 7850 15576 5 5 21 
13949 12979 7509 19135 
21 2371 20463 22749 4 21810 8956 21 
21 28 17872 352 
28 17872 7599 
28 17872 6070 
28 17872 8317 
28 17872 23104 20 
9193 21371 13055 4796 7730 4796 28 28 20 7730 4796 20 6 6103 21 
23114 5549 19604 20463 14309 10959 15218 
20402 12861 14539 7 
21 2371 14604 28 28 4 18476 20402 18498 31 10765 12780 21810 12939 0 4217 7914 28 21 
21 16721 7850 18498 31 20709 8840 6103 9193 5 5 5 20402 13761 18498 9193 15658 8995 5 5 15678 18498 31 9634 8840 6103 9193 5 5 21371 15658 8995 16936 6049 5 5 15678 18498 1612 18498 9193 5241 22463 7127 14604 14425 1095 8840 9193 15658 20402 5 5 7847 18533 14335 5041 17458 9193 15658 18533 15678 18498 7847 18533 5 5 13909 22463 1103 14703 5 5 15678 18498 31 8632 6103 9193 8840 9193 15658 9743 5 5 15658 20402 16440 6103 20931 9008 16404 19102 20463 14196 5 15658 20402 2727 21017 9982 4 15658 9743 17772 5 15678 2504 15658 9743 18553 6103 9193 4796 4552 4 15658 20336 7850 20931 3460 6103 4552 17655 5 5 7850 4971 15643 21596 22088 23015 15424 9193 3315 13161 4 17458 9193 17556 5298 5 5 9193 7847 18533 14945 2136 9193 3315 21793 15678 21551 18476 21932 17872 7847 5 5 5 16721 7850 3610 5241 4179 4 19549 4 7850 5204 8234 7850 26 28 17872 16971 452 7730 9193 9607 368 18498 18784 9743 11020 9743 26 17438 12861 4 21371 15658 21596 5 20402 15678 20825 1089 18498 6075 8561 7730 4 18533 19900 6103 22463 4672 0 12861 15658 20402 19854 4 17438 13909 18498 21582 14335 5446 7509 5431 5 21 
1868 7509 6679 7850 28 29 5 9956 13512 
1920 18498 21596 18498 20402 20 
197 26 29 654 7850 3643 2898 5 6408 21596 26 26 26 23104 7730 6408 26 19735 11943 19698 29 
9743 21551 18498 15658 22318 22805 5 5 15658 22805 31 11518 6103 23135 12780 7957 5 
13520 6329 
18328 1114 8956 26 
23167 6103 12960 22400 5 22564 14604 4122 6103 3014 5 22463 3393 19363 31 16440 12589 7509 18458 
19745 31 19745 28 7850 20143 
26 26 654 7850 11285 
18533 18498 21793 15678 11474 16468 22463 7127 18498 20402 7850 16668 6103 22463 15144 21282 17872 22805 15678 21389 6103 9942 7509 18339 6413 18498 9387 15458 15190 
21 28 28 28 28 26 4 29 21 
21 15144 22918 21282 20738 16910 7730 347 22564 19830 13909 7309 5 13055 19900 5 5 5 12780 22918 6103 3324 4 20402 18498 10473 0 21 
15678 22307 9365 6103 28 17790 
22463 17556 6103 14785 5 22463 7603 1040 6103 18774 
8956 16587 20402 4290 6103 11474 18241 6413 5 12861 20613 15138 20670 1614 
21 4796 14335 20357 1190 7850 28 2136 15678 17525 4 4290 6103 11474 4 29 11518 7509 14049 6 22463 17729 8406 13611 5 13611 9630 5 20357 14378 5 21 
21 8176 
28 28 
15658 6937 14604 1114 
23135 17304 8147 22463 14037 
15658 6937 22463 14037 
23135 17304 8147 
15678 14604 1114 
7847 11284 15138 21551 
14335 8918 5 
7847 9417 22463 15604 
4257 
7730 16393 13909 
5516 
7509 18498 15643 5 
7847 20402 22463 
5758 
7730 22463 14037 
20402 31 15041 5 
15658 21596 4796 15790 
12861 5 
7847 15658 9743 
15299 20402 7509 
4951 5 
18533 1453 18498 7847 
9743 5 21 
26 26 26 2836 26 
22765 
29 8 29 
29 8 29 
9193 1937 26 26 
21 18679 3310 14239 13909 3086 7509 4443 3170 6 
29 28 9956 7589 10083 7730 20463 7558 14182 
29 28 9956 28 28 
29 28 15643 22805 9193 7102 20402 3086 21 
8995 8229 5 5 17658 31 15041 1393 1114 
20226 
28 8 29 8 29 
17286 15658 18533 21752 10273 4815 6 
28 
21 13566 6103 543 7730 16047 16404 9901 13909 20708 248 6389 7509 16155 6103 2717 7730 21 21 1289 21 21 4766 31 21480 4 14470 6 
1418 15678 3388 18610 29 4 29 
20485 6103 13502 17942 6 18610 29 4 29 
14860 20669 6 18610 29 4 29 
5876 7509 16668 320 6 
23405 29 4 29 
19904 29 4 29 
5728 6 29 4 29 
2614 13553 6 29 4 29 
18394 4833 29 4 29 
22088 16039 6 29 4 29 
2442 28 4 4730 5855 29 4 29 
21911 18610 29 4 29 17872 4040 15678 15855 875 7730 15678 14604 21371 4 5099 7730 21596 13909 12557 4766 31 20709 6 15678 21 
13195 14346 7850 3643 28 5 17819 22897 18498 22805 16468 7850 21525 
18525 19900 15678 15540 7509 17126 10648 22463 2478 28 
11462 28 20225 4886 29 1249 
26 26 28 5 4766 26 23351 23351 23351 23351 
21 22805 22463 5483 16404 15678 10250 7509 28 4290 6103 21252 16404 7576 17438 20813 18610 29 4 29 20 20 11980 14335 20 20 21 
25 6 
21 14135 15373 4 8147 6103 13937 13023 21 
8147 6103 13937 13023 7509 20149 23029 23029 5897 12125 
21 26 26 4766 21 21 11246 10967 21 21 5 22463 14724 11246 18610 29 4 29 5 6 15678 26 26 15803 26 11617 26 21 
21 21 21 20402 15036 12416 1497 6106 6103 22463 6014 5842 7730 4885 22730 21 21 28 28 21 
21 1022 7850 12934 16559 4 155 5 7957 21 
28 15678 14425 26 6103 28 20225 6103 21793 15678 21551 30 
21 15658 4913 4 482 20 1233 21596 20352 4796 23135 4 15658 20402 1840 6103 13753 21 
22463 17341 9074 14335 434 5 5 18498 20402 18498 9193 9743 0 
5528 
27 
21 15138 8561 12861 7509 28 15658 21596 15678 3137 21 21 15286 21 21 7850 5426 5 6 29 21 
15678 18498 31 11744 6103 22463 20709 17304 9743 4766 31 16971 5 12158 20 
26 26 11617 4297 
21 28 26 29 
15658 6 15658 18533 15299 5 
13055 7491 18498 15658 18533 15299 5 
15658 14335 23016 4766 5015 20 
31 23577 5015 20402 15036 5 
15658 14335 22126 9152 20 
15658 14335 9605 7914 14996 20 
21756 6073 31 14563 20 
15658 14335 1538 20634 4886 4 15658 14335 8234 5204 
7509 4509 7509 4509 4 28 14604 4 7509 4509 20 
7509 4509 4 7509 1826 4 7509 4507 14875 20 
18498 13923 9743 9193 1393 7087 21793 0 
20149 21596 31 22821 4 11141 20 
20402 22463 22386 4 9193 21596 22386 21282 6389 7509 22386 5 
20402 7384 20402 7557 4 4766 21793 15678 7277 31 21270 5 
4766 21793 15678 7277 31 21270 4 16098 0 
15658 14335 14327 4 17438 1114 6103 28 20 
18535 3962 4 10567 4 18602 7730 22186 0 
18535 15678 5431 7397 4 15678 5431 6103 18475 4672 0 
20149 9193 20402 16083 16971 4 9746 4 31 21793 4 31 23167 5 
1920 4 4796 20402 4 21596 16135 20 
12780 16404 15678 7132 20244 9193 4 
16066 6269 12780 21282 16404 15678 7132 20 
16404 18498 11284 6103 12780 13030 0 
15658 14335 16647 7850 3192 20 
15658 10959 18498 14335 16647 7850 3192 5 18533 20402 21282 5 
13055 7491 18498 20402 21282 20 
733 4 18498 14327 18533 18498 9193 20402 7509 4842 20 
23554 6014 2352 15678 14539 7509 9193 12319 
9172 22821 22730 7730 16816 20 
23554 13823 28 1182 7730 15128 4 
16753 22821 15894 15678 6014 20149 19089 20 
23554 15243 19632 4 28 6103 16084 6103 11462 20 
15299 14335 6075 4 15299 14335 21752 4 15299 20402 18498 9193 14335 20357 5 
6269 7914 16580 20 15658 21409 4 18498 9193 15643 21409 5 5 5 
7730 8329 21409 15678 90 7730 15678 20537 18533 8995 21282 20 
28 6103 3630 4 11943 21 21 17313 21 21 
11358 6103 28 16971 21 
20149 15678 15190 201 9193 12780 6070 20670 15678 20463 8640 
1920 18498 21596 18498 20402 20 
21 28 28 
21 6592 18887 7730 10959 15138 20 20 28 7509 19685 4 23029 5897 29 29 29 20498 21 
15299 21321 8956 28 28 30 20149 18350 7847 20402 7509 5999 27 23029 5897 29 29 29 
15678 18498 288 7384 0 
16721 15510 
21 21 21 14425 6075 15678 7721 7509 18498 6075 31 3315 5 5 5 21 21 27 3450 18379 15458 28 5 20402 19698 17872 15658 4346 21 
21 8956 20402 17872 23135 18498 20402 16673 17747 7509 9634 21939 7914 7080 6103 16083 10211 6103 9634 5 5 22318 347 31 15128 6103 17230 19703 4 17304 20402 19456 21793 21743 6103 9634 20 21 
20497 28 28 7730 28 29 29 29 
873 17304 14335 12145 22463 6182 3058 7730 17807 13043 0 662 
21596 21787 21389 15286 26 9193 23572 18498 18476 9193 8406 7730 8995 21787 16164 9901 2136 907 
21 21282 7491 22463 4672 7148 6103 21389 2976 18498 13359 11462 15458 19415 20699 7914 14466 6103 14336 11518 6 21 21 18476 4356 11683 4 31 22942 8995 16784 5 21 21 26 6103 7850 28 4 30 21 
654 288 18498 8147 14604 1114 
21 31 17654 21752 15678 20497 7509 9789 7509 13591 4 18443 7914 16083 6086 7730 4229 6103 23029 5897 5 5 7730 740 7102 21596 10765 9594 6 21 21 9193 18498 28 31 23029 5897 23151 7914 28 17790 21 21 5 15678 20149 23029 23029 5897 12125 4 5762 7730 18779 20244 15425 1506 10978 6408 7509 21214 7509 23029 5897 16673 17654 6075 6103 14667 15458 23022 20244 22834 7509 17654 20 20 8956 18498 21 21 21 21 21 21 21 21 21 21 23151 21 21 21 21 21 21 21 21 21282 17458 20149 20357 6868 4766 31 23029 12125 9790 16673 10609 20 20 21 
13043 
1247 26 28 
1845 23063 
21 12408 16404 15678 28 29 6 18610 29 4 29 
12408 16404 15678 28 29 6 
18610 29 4 29 
20402 14905 0 20 15256 1393 951 20 21 
21 28 4 8406 16083 4672 4 20444 17872 23135 6592 9224 6103 16971 19211 18195 4 16404 15678 18470 23135 15658 20402 5474 4 17836 6408 18498 7847 13055 349 5 20444 21371 17872 16971 9901 18339 4766 23135 17438 23135 15658 21596 14018 15678 16323 17872 7847 7850 7127 7509 1247 5 15678 6830 6103 6086 20293 20149 10131 15458 20207 15759 5 21596 1612 22898 21371 18498 31 16971 22318 22805 16973 22463 22897 7850 22942 4 16083 7850 15041 7730 20244 18533 4793 7850 20931 10366 7509 1247 6281 18498 12780 20402 7850 9975 6103 20247 7730 19450 22318 4229 21282 17438 21 21 7804 21 21 5 31 19225 11570 21596 20463 14924 6103 7937 5 5 22327 17438 5320 6103 22463 14996 22959 18498 15424 20293 5219 20202 21 
21 17438 18498 28 20402 22385 13512 0 17458 28 20402 22385 13512 4 17458 4 28 4 17458 5 17458 20402 13512 4 17438 12861 21 
21 18533 16630 8106 16404 15658 14335 5474 17872 26 6103 28 5 17872 9193 8956 2510 201 9193 1249 29 5 15658 5947 22805 15424 15678 3790 14539 13909 11284 15138 21551 4 18481 13909 15678 26 5 11043 21 
21 4 21 
21 18476 20402 18498 12780 21596 20497 7509 28 14334 28 6103 15604 7850 28 4 11300 0 21438 22805 15678 20497 18498 7847 9743 7914 20879 7914 15612 6103 29 7730 21438 15138 10131 4 3702 15138 4796 20293 4 9193 20463 29 1249 11020 17743 6103 16196 7730 8466 4 14018 23206 4581 7509 28 5 7847 20402 15138 1114 21 
9193 17797 15678 10530 6 9743 2828 7914 10273 20402 31 11020 3199 7509 12760 7509 21264 23343 
31 10765 16162 3894 17872 9901 8135 5 15678 2553 20402 20402 13591 
21 17304 2136 16393 4672 6103 19535 4 21355 9193 20402 27 4 16066 14856 4 9193 9193 10959 7384 27 21 
11462 21596 15823 6103 13937 7730 5324 6103 11454 5 11046 7730 13591 16404 21793 31 11636 6 6103 
8995 15988 22463 3623 6103 5590 6103 19997 729 7850 1658 5 20149 23135 18533 16429 7730 16066 10959 7509 11670 7509 22463 21787 5 22657 
13591 6103 4751 16404 498 30 
30 
20402 15138 21758 20149 288 28 
17629 
28 28 
21282 15726 16971 10567 7730 16083 6103 14309 3952 20402 11476 7914 9456 10282 15458 4417 
7730 13761 12780 15671 5 28 7509 23001 
21 18481 13909 5174 22463 11474 4 13909 1532 9193 26 5 5 21 
18476 0 6 
21 20670 26 4 14309 14881 14239 7730 9620 6103 19456 6 
18476 9193 134 7730 6355 3870 17438 22463 1095 7730 7847 5150 7730 22805 1616 4766 13989 4 5150 31 4672 9193 9901 13895 4 4766 15678 5528 16440 4 13688 6103 23167 6103 
5 5 5 5 5 5 5 5 5 5 5 5 5 
5 5 5 5 5 5 5 5 5 5 4 5 5 
5 5 4 4 4 4 4 4 5 5 5 5 5 5 5 
5 5 5 4 5 5 5 4 5 5 5 5 5 5 5 
5 5 5 5 5 5 5 4 4 5 5 5 5 5 5 5 
5 5 5 5 5 5 5 5 5 5 5 5 5 4 4 4 
5 5 5 5 5 5 5 5 5 5 5 5 5 5 5 5 4 
5 5 5 5 5 4 4 4 4 4 5 5 5 5 5 5 5 5 
18506 21793 15678 6383 7509 2988 6318 7730 9743 7847 8281 22463 17438 22463 21 
21 28 28 4 31 28 28 7509 26 26 26 4496 4 9743 22463 7509 17343 7509 13686 6103 17377 5 31 17341 15018 5 18498 2107 10138 7730 13512 5 23351 21 
6073 31 17556 15678 9396 7850 11285 26 9 
8 29 
20670 11004 5 15138 14245 20 7850 3643 28 
21 20149 871 7127 18498 9193 8995 1190 31 18376 7850 28 7730 20402 2112 17438 11910 560 9193 18494 20402 871 22898 9193 23575 21551 4 18498 15678 2248 21842 17872 18498 9193 15658 20688 5 3962 5431 18525 15658 20688 20402 7847 21 
1926 7730 4854 16673 7277 7509 23545 
17297 28 28 6 22 
12780 4809 31 4696 9907 7509 19769 18498 9193 13405 17872 3962 
28 28 28 
21 20244 2936 2936 2936 5 5 31 16192 20402 7804 4 20149 23135 18533 19456 5 21 
21 873 12780 7850 9224 21 21 26 7509 21931 0 21 21 16066 13055 8995 7850 0 21 
17629 6103 22463 6981 17872 14335 340 24 
21 21 21 9193 22805 15678 10530 19335 15678 16468 4 9193 22805 22463 15215 6103 11020 15616 21 21 21 
21 15855 18498 2717 4796 20402 22092 15678 17931 15637 14058 5 8302 4 15658 22805 15299 16393 7850 14058 7509 7127 29 6103 14230 5 15138 16673 5431 4 21596 2136 14600 11046 4 17934 7509 20127 31 7362 4 15267 21569 4624 6 5 6408 15658 18910 18498 20463 16587 20402 22463 3119 5 22092 15678 17934 7509 7804 6981 14031 15658 6075 17872 20402 7174 21 
9193 18533 20 
7730 16721 18498 15678 19511 1614 7509 13131 12960 15138 4796 3058 7730 9790 7850 7127 20402 5 5 15678 7589 15658 6256 15424 15678 10474 13405 17872 3962 5 17304 7512 21371 17872 18525 21355 15643 21596 5055 6103 4796 7850 19511 6318 5 11284 18525 7491 21371 18498 31 28 17958 7415 6103 894 18498 15658 20402 17714 7850 11518 5 5 
14604 15619 23114 20402 21282 13909 22463 9365 6103 18498 31 955 7509 20799 16098 20402 18007 1393 14309 10959 15218 5 6 
15658 368 18498 16468 15678 9396 7850 4443 7730 9193 15424 9901 19900 6 29 13895 
23507 7914 29 5 18443 22463 10186 7730 9769 15678 15860 5 9652 20 
21 3058 15533 17872 23135 18498 15005 15637 4417 15894 31 16971 7286 4796 20149 15658 9387 16622 5 28 3170 0 733 4 8995 20 21 
26 26 20 20 20 20 20 20 20 
21 3564 13949 4 7594 6103 10667 1011 21 

