14425 26 30 6 
6 6 
18525 1966 13909 0 7730 4524 18498 20402 9193 
11462 1575 16404 8147 871 22765 1097 5 
7340 13285 
7730 11462 7730 2647 22463 20126 7509 9193 14534 6103 21932 27 
21 14299 18779 4766 21021 654 20402 21282 8840 18498 15678 12963 4809 16066 14425 7491 18498 31 2154 4809 
654 20402 22575 21 
15855 12861 28 28 15481 18517 
13909 22463 16404 31 21266 14156 15678 28 28 15481 18517 17438 18498 7847 9901 8125 16404 20402 14156 7914 871 4672 7509 28 
21 15855 2371 28 28 15481 18517 4 23135 9901 14335 8125 16404 14156 23135 7914 871 4672 8995 2371 8443 27 21 
21 15138 9808 4766 14604 15604 17737 
654 12780 22918 16404 20402 28 4766 15678 5139 26 
15138 15708 28 20 20 20 20 21 
238 6103 17737 5 5 5 
21 3058 654 20402 15818 4 1603 29 15266 6103 8840 9980 19969 15678 19522 4 7730 9193 20402 238 7850 14548 5 30 30 30 30 30 30 30 
9193 10959 1453 6103 662 31 21793 15190 18498 753 7730 9901 21842 17438 9193 15458 21551 4 7914 8810 9193 18533 662 31 28 28 7730 31 28 16424 4 18498 14335 4980 31 3928 6103 18928 18498 9193 17629 6 5 654 20402 1820 31 13945 7730 12780 16404 20402 28 4 16440 4417 11020 5 654 9193 20402 22575 5 21 
27 
19698 15138 
16440 12960 3029 4766 31 9193 3616 18498 10648 6103 17737 7509 28 28 7730 28 28 28 
21 991 6103 3086 4 12534 9193 20402 15678 14425 7850 3029 15678 18498 17511 9743 15658 20402 0 15658 5219 9233 21 
6097 18476 4289 7850 21932 10648 7509 28 26 22463 3058 7127 7730 22463 15604 5505 16404 21810 14604 3488 5 26 26 10268 26 26 26 26 
21 17461 28 4 22619 9786 27 21 
3790 14076 7509 16354 
6097 18476 15855 16404 22305 15855 15678 18498 9193 22805 
9193 21371 18533 19969 10273 7847 7491 27 
11617 22 13800 26 
15855 2371 28 28 654 23135 15658 21596 6663 16404 9901 14335 12034 
21 26 14335 15803 26 21726 26 26 26 20402 26 4 26 31 26 21776 26 21 
21 9975 6103 20247 3058 17872 3439 
5855 10279 26 6 28 28 28 21 
1095 18498 20402 1095 2091 31 4417 16404 22126 3488 26 288 5 5 
3058 288 18498 654 15658 21596 13909 6663 16404 5150 31 8406 7730 31 19969 20 
31 11733 20402 31 23577 4672 18498 9193 7172 6103 21793 15678 9158 
21252 20402 7127 6103 4372 
21 28 15481 15855 31 8042 7509 28 30 4 7730 5312 5 5 5 5 5 27 21 
15658 17629 15424 9594 15299 5 5 5 5 5 5 5 5 5 5 5 27 
21 3616 7509 28 26 
9894 6382 7509 28 26 
18195 12868 7509 13566 5 5 5 4453 6103 22597 27 21 
21 14335 16836 20149 9193 20402 31 9721 7509 19039 7509 13908 16683 
3058 20149 6400 6103 9193 20420 16689 6103 15041 20 21 
21 18525 22805 15658 288 18498 7847 17304 
9193 7847 21582 7730 12780 2116 
15398 15678 20463 22246 6103 13905 11663 7509 15190 5 21 
21 21591 6103 28 
28 8995 4766 22463 17877 7730 15658 5219 19450 5 
991 7384 4 15658 16367 13909 7914 3962 5 
31 15144 6318 4 28 4 1576 7509 20644 7730 21995 4766 15678 18497 3468 7509 18490 1393 13131 5 22463 7127 4 28 4 3697 4 23151 13909 4099 16404 3962 4 16647 28 7850 10050 7730 14265 15678 4436 4 18498 9743 22463 15992 5 
7850 11518 6103 8391 15678 19952 4 7914 5243 1393 8897 4 7459 15678 4126 1393 14336 7730 6103 22463 13131 31 8391 5 
15678 16083 13131 7459 7914 18497 16440 7730 8391 3450 3468 15658 18458 5 
20954 7850 14981 1393 13131 7509 4126 16404 14372 7730 4 15855 6103 4434 16404 15678 4126 4 288 31 20794 7509 20463 17877 5 
20402 23556 6 
31 20803 7509 18458 7509 3468 20402 11686 1393 18458 7509 18339 28 5 
5 5 5 5 5 5 5 5 5 5 5 5 5 5 5 5 5 5 5 5 5 5 5 5 5 5 5 5 5 5 5 5 
20149 21596 14335 9431 6981 10211 9193 13055 21596 8386 9743 15138 21551 4 4 4 4 27 21 
19698 2136 29 5 5 5 
21 30 24 5 654 7730 15818 6361 9193 654 21776 10211 5 
29 22356 6103 20634 6103 12301 7509 28 30 30 30 30 30 
15708 31 21793 18498 753 15458 8054 21 
2136 18525 9971 2395 30 
9193 10648 14604 7127 1920 18498 1937 8956 23222 20559 12094 20 20 20 
21 30 24 23575 21932 18498 8458 16404 31 28 20 20 20 
19220 9975 6103 9146 5013 5 5 5 5 30 30 30 30 21 
21 30 15424 4289 14604 1247 7730 13055 9743 31 21189 5 5 27 
22657 16972 21 
15855 2371 14975 28 15481 5 5 5 5 
28 4796 31 16971 2685 12861 0 0 
26 30 
15138 3058 20 
26 30 
28 
26 28 23522 6 
21 1614 17304 22805 4516 18498 20149 1164 4766 5876 7730 17944 4 17302 22805 18498 31 16440 6103 23206 17413 6103 7178 7730 4846 4 17304 20402 794 4766 31 11644 4141 18498 538 15678 1676 17835 4 31 16440 7509 18470 17304 5013 18498 8956 14604 4795 15658 21596 20357 15425 5 21 
21 3702 6103 16639 4 16393 22463 3058 8057 16404 21932 5 5 5 27 21 
28 11617 26 26 30 
2742 1393 28 20 
21 21932 5013 20 
1547 15678 1840 7850 30 15138 29 5 21 
21 5133 9193 21596 9594 15908 8956 7730 31 15286 7509 2999 5 5 27 
21 21 9193 8241 15678 2636 
15678 842 7730 20463 3685 
11139 15678 14604 2999 
7730 8350 15678 19735 16404 31 14286 21 21 

28 7730 28 28 28 21 
21 15138 3058 4 10959 13909 6981 22861 5 21 
26 26 5 5 5 5 
12861 18498 349 4766 18525 10959 6103 9743 3610 27 
7730 12861 9431 17438 18498 15658 20402 22749 5 5 5 27 
16404 7509 15082 16404 21623 15678 21935 6103 7576 15299 14425 18498 22463 3058 15286 5 5 5 
21 4 28 28 15855 12861 15138 14245 20402 18498 31 10765 5219 9743 22564 22463 2977 6103 22 702 11686 31 8956 18498 22564 7914 17569 1831 0 0 0 0 
27 21 
21 15138 3058 14539 5 5 5 5 
2727 1920 27 
21 15138 3058 4 15299 4796 22463 3058 15286 16404 20007 14604 7127 5 21 
21 4276 4 15643 16784 31 11066 5 5 5 27 21 
3790 15138 3058 31 29 21552 
21 15855 8956 1614 28 15481 
15138 3058 
20238 3688 5 5 5 27 
26 26 
15678 5763 11570 27 
5311 19154 5 5 5 
21810 22463 4629 4766 15678 1097 
15823 20670 15678 28 4766 28 28 7730 28 28 
28 29 
21 17629 9594 4766 23135 20 14335 13480 16066 14018 22463 21882 20658 20149 15658 17304 9594 5 
3790 7850 3058 20149 20402 23135 18498 18533 9594 4815 17458 20402 9193 18498 21596 18498 22318 13480 0 27 21 
21 15658 7102 9193 1788 7509 8637 8561 18498 9743 4 17324 20402 4766 31 8637 8561 18498 1540 31 4672 4179 31 20149 9743 5 21 
21 17304 21752 22327 6103 9193 4 14604 7251 4 14604 7277 4 7730 22327 18498 13010 21596 871 22665 5 9193 12894 21752 9193 7071 6103 5219 22327 6103 15604 5 21 
12577 5 5 5 
21 7847 20402 18525 9193 13325 15533 7730 7127 4 18498 14335 9743 368 7850 11875 4 
7730 18498 14335 6256 9808 20559 17438 8995 17438 16936 4 7847 20402 18525 9193 1027 7730 20293 12780 1027 4 7847 20402 18525 14335 6075 15678 14426 5222 7730 20293 21681 16135 16404 14335 21154 4 17438 9971 7847 7730 31 14425 2336 7509 15190 5 21 
21 31 16971 18498 15658 14335 5174 16721 18498 20402 1807 4 31 16971 18498 14335 5174 21596 4181 7384 5 31 7178 7730 18498 7847 17658 452 31 9193 18471 5 21 
15299 4796 22463 7127 6103 6564 1614 7850 3962 7509 23179 
21 21596 10547 7730 368 7914 20500 14539 4 18476 15502 13909 368 5 21 
15855 2371 28 28 31 20794 16404 15678 20463 17877 5 5 5 27 
21 11462 1540 13909 22463 13606 1614 7850 28 5 
1540 18498 1920 4796 9387 11208 18498 15658 21596 15678 8361 10476 
9387 11743 4766 7616 21 
21 6357 6103 9801 9301 20402 31 10211 6739 4 18498 16971 22223 21582 8797 31 20781 5 18525 20149 10571 17438 21596 15138 1097 7730 23104 22463 22942 6103 9801 4 7850 9975 4 15658 16468 6103 1078 881 31 30 7509 6996 5 21 
21 7850 7127 7509 1097 26 21596 22463 4672 31 7491 4 15658 20402 3058 7914 6075 5222 5 9193 20149 23135 18533 22463 4795 20091 17304 20293 5320 4815 4 9808 7127 7509 1097 21 
21 14604 11590 7730 18494 11686 31 17803 7509 21551 5 31 22898 15628 4 31 22898 4384 4 10366 10405 7730 16247 13909 20293 19509 9408 6103 28 6103 20749 7850 9975 7509 7127 5 21 
7730 17438 12861 18498 9193 9605 31 16753 4672 20293 9743 31 7178 5 5 5 
21 15658 31 17877 871 7914 9594 15678 18498 23135 16721 4 15678 17877 7730 18476 23135 288 18498 21596 7277 6103 15708 31 16971 31 16721 4796 23135 5 21 
21 18498 20855 31 9193 17520 22463 11020 12537 4 1920 15643 14335 9620 1872 16404 7491 5 21 
21 20825 4766 15678 7127 18498 31 11683 15658 20402 22602 4796 6663 4 16404 8644 31 9620 6103 11571 21 
15425 16836 20402 22385 7188 6103 19474 18481 1612 5879 19484 20402 23556 
31 16971 5150 9594 15678 18498 16721 4766 5508 15678 18498 15678 16083 16721 5 
21 4075 4 4075 4 4075 7730 5360 4075 4 12862 15658 20402 19782 4 9193 20402 15138 17942 5 21 
15855 2371 15678 28 28 28 8956 2371 7730 2136 13278 5 5 27 
5421 16404 15678 28 7730 7480 15678 7127 7509 26 
21 23135 20402 15678 16620 6103 9193 
18498 9193 10959 6103 15658 17629 21 
21 31 16971 14335 6511 21793 15678 28 4 9193 2136 18498 8840 17438 12861 4 
13909 23554 10131 20402 352 7730 16765 18498 20402 23135 31 6141 5 21 
21 17106 18498 5320 14487 
7730 8995 6739 7914 368 15423 7730 21816 4796 22821 165 5 21 
21 15658 14335 11862 4766 15678 18498 23135 21596 31 7491 
19900 18498 4289 22463 14924 
7914 18498 15855 7914 20463 15860 7730 7491 21 21 9193 2322 21 21 21 
21 14464 3962 4815 18498 9193 20402 21931 
4766 4380 15658 12780 7850 19837 
4766 20749 21371 15658 12780 21 
21 9193 17658 31 9193 22861 7509 9956 
28 28 28 28 28 28 28 28 28 12984 5 21 
21 29 6 29 7509 7127 29 29 29 
3413 15658 21 
21 8956 28 7730 10131 4 14335 2958 17438 29 28 4 7730 740 21596 31 3790 6103 16553 6103 7491 18498 9193 8995 434 16971 18498 9193 15658 5174 5 9594 8443 15957 5 5 5 5 
26 21 
21 13909 29 21935 16404 31 4711 4 15138 3058 15678 9224 9901 20112 21 
21 15643 16721 7914 7491 12861 4 13909 21776 9808 17438 18498 1022 21596 2154 6103 28 5 6 21 
15658 8918 6103 23135 15658 21282 7509 22463 21551 17872 23135 20357 20126 
21 3790 9193 13055 21596 22463 7558 11518 18498 9193 8995 21582 8147 31 13638 7730 2136 654 15658 6075 4 9193 19900 18498 7730 31 19484 7730 29 13909 15658 288 31 13638 4 18533 18498 22805 20149 23135 28 28 4 28 28 4 28 28 28 28 4 5219 17438 18498 9193 15658 288 2136 654 5 5 5 5 27 21 
15855 2371 28 28 28 9193 21371 19900 9743 14980 5 5 27 
21 15855 26 4796 12780 31 15533 8810 7509 28 7509 15311 
4181 18498 15678 28 28 28 13055 21596 22463 21371 5 5 5 27 21 
21 28 28 28 4 7850 13178 5 5 5 5 5 27 21 
5 5 5 5 
21 13055 18498 8995 21793 15190 7850 4554 7509 30 4 9193 17304 12780 9010 1249 17438 18498 15658 19229 15678 30 16468 0 0 0 
13325 6075 7127 2371 28 28 0 0 0 0 
9193 3421 21810 21793 7730 7599 7850 2504 7509 17608 5 5 5 5 5 5 27 21 
21 18494 15036 6103 19698 654 5 5 27 
15138 3058 8956 26 21 
9193 15658 19900 15678 18498 20420 7509 9193 22942 20244 31 19484 11663 7509 26 5 5 5 5 5 5 27 
15299 14425 18498 22463 3058 893 5 5 5 5 27 
21 264 14924 18498 9193 16836 4 15678 18498 18784 22657 31 16689 15459 22942 4 2371 8147 1097 18498 9193 15061 15678 18481 7730 3058 9010 23104 5 5 5 21 
288 31 20794 28 28 7730 28 28 28 5 5 5 5 27 
21 3058 8956 6223 7509 28 28 28 20670 15678 18498 7730 22865 7914 28 5 5 5 5 27 
20402 18498 20149 9193 4730 12861 7850 18069 15678 17930 238 0 0 0 0 
27 21 
13055 9743 21793 9010 17509 5 5 5 27 
21 7730 6075 2371 18498 9193 21596 4 
23167 6103 21596 7730 15643 21596 5 5 27 21 
10959 6990 15286 5 5 5 5 5 
16647 23135 29 6103 153 7127 7509 14487 5 5 5 5 5 27 5360 17297 7730 20244 7251 5 5 5 5 5 27 
11462 31 9867 7730 17438 9193 5320 21776 15138 9808 4766 31 15588 5 5 5 5 27 
21 2371 28 26 4 28 28 4 28 28 4 28 5846 4 28 28 4 28 28 4 28 28 7509 4985 4 28 19668 4 28 28 4 28 12885 21596 22463 6472 16404 23135 9193 18533 22805 18525 5219 6148 31 14469 26 18525 5219 12780 21596 22463 11020 1542 5 5 5 5 5 5 21 
21 3790 9901 15138 9808 6103 8147 9010 26 4 17872 9193 9010 7730 31 15286 13909 16816 18498 9387 5 5 5 5 5 21 
13909 22463 18962 7730 23104 21752 7509 10484 7509 2667 5 15678 15678 14425 29 18498 9193 13055 21596 20126 6990 23523 15678 22942 3058 18527 21596 7850 30 5 5 27 31 10568 
21 27 5 5 5 
15855 15678 5524 7509 14464 
28 28 4 28 28 4 28 28 4 28 23553 7730 28 3630 
7730 17563 1233 5 5 5 5 27 21 
21 15855 13909 22463 14924 18962 7730 23104 5 5 27 
9193 28 28 7730 28 12885 8956 7730 7509 10484 7509 2667 5 5 5 5 5 5 
27 21 
21 7730 2371 28 28 7509 4985 9193 7730 15678 28 28 15658 8539 15678 23577 9786 15658 
23135 21371 20402 5 5 5 5 5 27 21 
21 13909 22463 14924 18962 7730 23104 
15855 31 28 28 7730 31 28 23553 1547 21932 6103 18607 
15138 21551 2116 5 5 5 5 5 5 
27 21 
21 15855 2371 28 28 8956 7730 1341 23 4 1547 21932 6103 18607 4 3790 4796 31 10765 20402 9786 5 
18533 7491 23135 5360 9786 740 5 5 5 5 5 5 27 
3058 21551 21 
7730 20126 6981 17563 5 5 5 5 5 
15138 3058 8956 15286 
21 2371 10606 13909 22463 26 2154 7359 
3058 7127 16404 21793 5 5 5 21 
21 3790 15658 5219 16404 6103 16098 9010 15286 5 5 5 5 
8956 15286 16393 18498 20402 9790 16404 9193 5 5 5 5 27 
15138 3058 5 
5 5 5 5 5 5 5 5 5 5 5 5 5 5 5 5 5 5 5 5 5 5 5 5 5 5 5 5 5 5 5 5 5 5 5 5 5 5 5 5 5 5 5 5 5 5 5 5 5 5 5 5 5 5 5 5 5 5 5 5 5 5 5 5 5 5 5 5 5 5 5 5 5 5 5 5 5 5 5 5 5 5 5 5 5 5 5 5 5 5 5 5 5 5 5 5 5 5 5 5 5 5 5 5 5 5 5 5 5 5 5 5 5 5 5 5 5 5 5 5 5 5 5 5 5 5 5 5 5 5 5 5 5 5 5 
15658 20402 15678 21743 6103 3790 18498 12780 9901 6103 12954 
4766 31 15256 2727 13026 
11849 4 11849 18498 23135 4 17438 9721 
9901 4766 7847 4 18475 18498 20402 15678 19522 
9193 9193 8995 15855 23135 654 
15658 11284 13909 15502 17438 16936 
288 18498 23135 20402 31 10672 16404 9193 
21282 8995 7491 18498 4 17438 9193 4 22327 2727 
20149 23135 15643 16440 4 17304 6246 1920 16404 20293 
17438 9193 4 22327 2727 
2371 10606 21596 13909 22463 26 2154 7359 5 5 5 5 5 5 
21596 18498 1820 22463 6990 16404 9193 5 5 5 5 5 
21 15855 2371 28 19668 4 28 28 4 28 28 7730 22463 6075 2371 18498 23135 21596 18498 1820 5 5 5 5 5 5 27 
20463 15256 3389 5 5 5 5 27 21 
15138 13688 9010 26 15678 3790 20402 10131 5 5 5 5 
21 11560 6 23273 5 28 5 4766 26 28 26 
21 9605 10606 21252 5 5 5 5 
21596 15604 26 2154 6103 28 7850 14604 3643 28 
1937 2371 7730 7480 17438 9721 22463 3058 7127 16404 21793 5 5 5 5 5 5 5 5 
21 7730 2371 10606 6103 20634 6103 4509 6103 28 31 16440 6103 11462 9193 12780 9010 7480 20293 18498 17304 26 2154 6103 17951 7914 28 18498 18533 1540 7730 26 9743 31 1927 7509 14604 3643 7850 28 16404 12780 340 31 2154 5 5 5 
9010 20402 31 17819 2154 6103 11462 
1022 21596 13909 2717 5 5 5 5 
15138 3058 8956 26 18525 10959 7730 26 4854 5 5 5 
12780 22463 16108 10412 2371 5 5 5 5 27 
18525 15629 20149 7995 4766 8956 15286 15658 19900 15678 18498 7730 3058 
15138 3058 5 5 5 5 
21 7730 12861 2371 15678 20634 21596 18498 20402 3265 7730 20636 5 5 5 5 
8443 21810 5876 4766 15678 18498 23135 12780 17525 7850 28 21 
21 20149 23135 20149 2096 31 368 7850 22942 
23135 17304 16765 18498 15658 11284 21551 16404 9594 
16066 1453 8840 8329 31 12372 15036 4 
20149 368 18498 22327 20402 14487 
12783 16784 22327 15678 18498 13055 21596 7 
23135 17304 3510 4 9193 7102 20293 368 18498 22657 31 16689 23104 7 
8443 8918 18525 8995 8561 4 
134 15678 16802 4 17458 7847 20402 31 4276 17872 18498 18784 11862 
15678 1114 5 5 5 5 
28 15481 21 
21 15138 3058 8956 15286 4 31 14425 7509 7127 21 
15138 3058 
21 15138 3058 8956 14469 5 9193 18533 22805 20149 23135 20402 3735 6103 13359 21371 
18525 5219 12780 20149 21187 17438 18498 7730 15138 3058 5 5 5 5 21 
21 9051 8840 15678 18444 
17438 18498 15678 3219 18498 7847 21596 
14335 753 31 16765 
18498 22327 12861 20402 1453 22463 12970 4 
7730 18498 22327 12780 9901 2727 4 
7730 18498 9193 17629 14096 31 3393 8546 
19900 18498 20402 7188 4 22805 31 22942 16468 4 
8995 9901 6013 4 7730 12861 14606 4766 
31 5107 9193 14604 20826 4 
13909 9193 19900 18498 22327 12780 9901 2727 4 
17438 18498 21282 11284 1652 6408 7509 4380 
7730 15678 20749 20293 1421 6103 15604 
17438 12861 14096 31 3393 8546 4 
7730 5327 31 2717 6103 3450 7127 5 5 5 5 5 5 21 
9901 11686 28 28 27 
27 28 6103 19698 1614 
31 14703 17125 27 
21 9193 15658 19900 13909 18498 15678 16083 
9193 2136 15894 4289 4 
16393 18498 6361 15138 
15678 20209 23029 11518 4 
28 23029 15266 
9193 15658 16393 15138 4672 
8443 4 9942 7509 15253 4 
12780 14335 7451 15678 15252 18498 17304 
7730 6592 15678 19509 18476 9743 22463 17226 5 5 5 5 21 
21 8995 15061 14604 6193 7509 14336 
7730 7847 8995 1515 16404 31 15653 
8995 5947 31 9193 22942 
8443 15894 20402 18498 4785 8956 11454 0 
15678 12711 14335 15790 13909 9193 4 
8995 15061 15678 6193 7509 14336 
17458 15658 8995 15424 2371 
22327 12780 9901 2727 5 5 5 
28 15481 21 
15138 3058 8956 15286 5 5 5 22657 31 16689 16098 
21 3058 7127 4 7576 15138 3058 4 22463 9324 7127 16404 21793 5 5 5 5 5 21 
21 7730 2371 28 28 4 1540 4766 15678 3790 2371 31 4796 6075 3702 7850 15144 27 21 
21 21793 15678 28 21596 18498 8241 15619 6474 
15576 1266 4 14378 7730 1220 
22327 16393 4796 22463 18499 
31 3450 16630 14984 6592 15678 18481 20402 
10259 4 5523 7730 16915 
7730 7850 9975 6103 3450 7127 19900 18498 15658 9010 22327 201 
13909 20539 474 
1920 4796 21793 15678 15061 18498 9193 20202 
7730 9743 16440 7509 15576 20402 
7730 18498 17629 19937 1393 9975 6103 3450 7127 5 5 5 21 
15138 3058 
21 5621 15678 21551 
18525 21681 31 11670 6103 5621 15678 21551 
7914 9704 4 
31 18498 20149 6075 15678 15540 6103 1249 4 
20402 22463 12186 10753 5 
12196 31 8838 4 9740 
10473 7850 13494 7509 9321 5 
7621 15266 6075 16404 18475 20402 
11570 20149 3697 7730 8414 15678 
17413 5 
2371 8406 15678 14668 7509 19296 7730 
22327 4785 16083 22897 4 4766 16083 
15677 7730 16083 23167 6103 368 
18498 6073 17872 7148 12780 20402 7174 
28 28 6103 28 21 
21 15658 430 20149 1788 7509 18498 15658 7687 4 
15658 430 20149 1788 16673 15756 16468 22385 19871 4 
15678 21551 18498 21596 7730 4796 1658 
7850 9193 15256 4 
18476 9193 15855 16404 15678 16468 
9901 22385 9808 4 
9193 14335 13325 7509 9193 15142 5 
14604 17819 2700 4 7730 15678 16169 6281 18498 1421 6103 19324 7730 14335 9467 27 5 5 5 
14335 13325 7509 14604 17819 17463 4 3790 4796 9193 23166 5 5 5 
8995 1966 4 654 7730 7174 
21596 19478 7730 17438 13909 7188 18498 8995 9193 19900 18498 22327 12780 6075 4179 
7730 17438 18498 9193 19900 18498 21596 873 21842 9193 7914 871 13727 5 
19900 18498 1394 23135 20402 
12780 20293 21596 873 21842 17438 9193 5 5 5 21 
7730 12861 2371 13909 22463 14010 5 5 5 27 22463 7127 9193 1540 17458 8561 18498 20149 1540 5 5 5 27 
21 8956 7730 31 19814 7509 14604 1097 28 28 4 28 28 4 28 19668 4 28 15460 4 28 28 4 28 19668 4 28 776 4 27 21 
21 15424 20293 31 4672 21596 20357 5 
13909 15678 18498 9743 22657 31 16689 9010 12423 9388 0 
15678 14378 7509 10297 4 15678 20191 7509 21021 9010 22327 13480 4 
31 19814 20149 9743 17737 4 7730 22327 16393 15658 21596 11868 5 
7730 10544 7491 15678 18498 9743 4 13909 9743 15678 18498 20402 4179 15424 20293 20402 22385 10544 1920 
13909 9010 7730 22463 17807 31 20149 16162 4 12862 20149 4229 13301 7509 8532 5 
9387 14667 15083 16404 6820 4 13909 1453 22463 16404 20202 7914 10366 5 
15678 15081 6103 22463 7127 17304 7491 9193 5219 5 5 5 
15424 20293 19969 22327 4796 9193 18533 13909 1393 17556 9193 8995 5219 5 
28 15481 21 
15138 3058 27 

