28 28 28 20931 3790 
27 3058 
27 15253 28 26 28 
27 21776 15036 4766 9673 27 15658 5219 16367 6103 19698 27 
27 
28 28 28 7730 15253 28 26 28 27 
15253 28 26 28 15855 23206 11644 
28 28 28 27 
15253 28 26 28 
15253 28 26 28 27 
28 28 28 15678 2802 12784 1027 27 
28 28 28 
28 10259 27 
27 28 28 
15253 28 26 28 
28 28 28 
28 28 15855 18498 10138 
28 28 28 27 
15855 28 28 28 4796 7730 4902 5 7730 10138 
27 15253 28 26 28 27 
26 28 28 28 15253 28 26 28 
27 15253 28 26 28 
27 28 28 28 27 
28 28 28 
27 28 28 28 
27 28 10259 20931 3790 
27 26 28 28 28 7730 15253 28 26 28 
27 
28 28 28 23135 4796 10544 
28 28 28 7730 28 28 28 
28 28 28 
28 28 28 23 
28 28 28 15855 12861 
18498 3086 28 28 28 7730 28 28 
1114 15855 23135 2371 27 28 28 28 
28 28 28 27 
28 28 28 5 28 28 28 28 28 28 28 15855 15576 4372 18584 27 
28 28 27 
28 28 28 15855 
28 10259 27 23135 2371 
27 15253 28 26 28 18498 13512 20072 
28 28 28 27 
27 15036 654 15253 28 26 28 7730 28 28 28 
28 28 28 27 
28 28 
24 
28 28 28 15855 9193 2371 27 
15253 15855 15253 28 26 28 
27 
28 28 15855 12861 
15253 28 26 28 15855 8956 17218 18498 30 17872 17438 2371 7914 28 27 
28 28 20931 3790 
28 28 28 27 15855 9193 23 
28 28 27 
27 28 28 28 20931 3790 27 
28 28 28 27 
28 28 28 27 23135 2371 
27 28 28 28 23135 2371 
27 27 19698 2136 31 20207 23151 6103 28 27 15253 28 26 28 841 14335 13591 7491 28 7730 3058 
28 28 28 23135 7730 14604 2727 
28 28 28 15855 
27 28 28 28 7730 15253 28 26 28 
15253 28 26 28 27 
28 26 15855 18498 10151 
27 28 28 28 15253 28 26 28 15855 13909 7850 9971 27 
15253 28 26 28 15855 18498 13278 

