23 20 16816 20 12780 9594 6103 10211 13861 20670 31 7645 5 
21 26 20 9193 15253 4 9193 20616 15576 6011 8995 13480 7850 14539 10385 20 7730 14604 11192 20 1027 23135 20 20 28 28 28 28 28 28 3630 21 
26 26 
21 20244 13909 6663 20 7957 19997 10696 20 20 28 28 28 28 28 28 28 
472 8956 16163 20 18533 9743 23206 16477 20 20 21 
7850 16580 4766 14604 11020 16375 7730 11192 20 20 20 1027 15678 17737 14265 20 11731 31 10765 7850 28 20 20 20 
21 17458 7847 19900 18498 1027 1034 7730 15678 20749 5 15253 4 22318 1027 6073 1995 15678 2836 26 20 11635 7730 23151 20 21 
21 10095 17872 15253 13909 7623 4 4751 7730 827 20 
15253 20 1027 23135 13909 18498 22327 20 20 23135 20402 22463 15144 4290 6103 1097 4 15138 5764 7730 4290 6103 19484 2265 20 14335 8832 15138 7914 23135 20 22318 1027 6670 31 21631 2136 17281 20 20 11635 7730 23151 20 20 21 
21 13026 20 9808 1247 4 28 20 20 21 
21 26 20 20 
26 22 18740 26 4 11617 22 13800 26 
26 22 18740 26 4 11617 22 13800 26 21776 26 
26 26 26 26 26 
7585 22 21298 26 26 26 
11943 26 26 
7509 26 26 26 
30 26 26 26 26 4 26 26 26 26 
7585 22 21298 26 26 26 
26 26 26 
26 26 26 26 26 
11943 31 26 15803 26 4 26 28 26 20402 26 28 
7585 22 21298 26 26 26 
30 21726 28 26 
26 28 26 26 26 3590 
11943 26 26 15803 26 26 636 21776 20906 20402 26 26 
7585 22 21298 26 26 26 21 
21 26 28 4 26 26 20 20 21 
20402 16223 20 9193 18339 14512 20 20 8956 13004 22385 10131 20 20 20402 28 20 
9193 12780 9439 5 9193 9193 12780 9439 17872 4434 
14425 5942 20 20 21776 28 20 20 5621 20301 26 
21 17556 1097 14604 5174 5947 26 4 17495 4 8956 18498 10959 15562 21787 2442 7730 20293 18498 14335 9605 6103 26 9605 7509 2442 7509 3790 5 5 5 
8443 4 28 4 15138 15708 20 15138 15708 17438 21793 31 15286 7730 17438 23135 4040 21389 16971 4766 7847 20 
15286 18498 9193 16098 6670 18498 15344 7730 16098 2136 9193 15041 5 26 14335 12442 4 14335 8361 4 14335 9743 9808 20 15658 16468 22463 7127 20149 18533 20244 16093 5 
8956 15286 4 26 26 7914 13228 15678 21551 23123 4 20402 22463 5766 12442 7850 28 26 4 18498 20293 20149 2087 9193 8351 7509 26 5 5 5 
12780 7914 16580 4 14604 18533 20 
7730 4 6103 15604 4 15138 15708 20 21 
23 20 5018 17267 20 27 
7730 21371 15658 17629 22564 7645 17872 20402 31 9721 7509 13282 6281 7730 15424 17629 115 17872 20402 31 9721 7509 13282 20 20 
26 26 28 5 4766 26 
19768 7509 20647 8956 15533 5 5 15678 17819 6103 15138 11300 30 0 20 
31 10765 19698 17556 20 
14604 17194 20 20 28 10141 10141 9620 15678 21672 30 
13030 6103 15604 20 20 20 
7850 9408 7509 23151 6281 20 20 
21 23 4 15678 14604 1114 23151 20 20 21 
2371 6103 9193 20 2371 6103 9193 20 15678 15190 16784 13909 22463 11208 5 
3015 2977 
1247 7509 28 20 20 26 20149 8951 23 31 22942 20402 22463 18339 7670 22942 22318 1027 20 
618 6103 29 17989 20 20 9790 17438 15253 16404 9193 20 28 26 
21 9605 28 6 21 21 14425 20402 23104 20207 31 5216 18191 4 14539 11823 4 7509 18498 11166 4 4766 16821 4 16673 5216 875 21 21 5 21 
30 30 20 
28 28 28 22318 6184 20 
14096 31 17497 
13055 8995 4766 20126 7509 28 28 20 20 21282 18498 15658 
23016 17872 5980 20 20 20 30 
6103 18525 9193 20357 13909 9620 5 5 5 2977 3015 13512 28 
21 19448 18381 4 9193 21282 17872 19140 15678 14924 20 30 9808 29 15138 16580 28 21 
24 22942 20 16689 18498 31 10765 15036 5 5 5 
31 15704 2230 5 5 11020 16752 26 13591 13311 
21 16647 22463 2267 4766 15678 21 21 11020 16752 21 21 1845 28 21 
2464 4766 31 1095 20 30 31 26 
12353 20158 30 
15671 29 20 30 10217 14335 15796 1027 15138 
4766 31 1095 13512 4788 31 15679 7509 5980 20 20 30 4369 9889 17996 20402 15138 1114 
13909 22463 10273 7509 28 20 
8995 16429 4766 28 28 28 23351 28 28 7850 4875 28 28 29 5 28 
28 28 28 31 10765 17304 12780 22805 20 20 
4369 28 20 1614 20402 28 20 20 20 20 20 
21 28 28 13325 6103 23135 4 2384 20 
28 28 28 2371 15253 5 5 5 4676 
28 28 31 17998 18498 20463 16169 7491 15908 20 
2371 5 5 5 9193 20402 3086 20 
21 15678 15460 20402 19676 7730 15678 17950 6318 20402 22463 3119 20 20 20 21282 17458 15678 21726 6318 8995 15138 13923 7847 18533 8238 15576 28 4 18498 20402 15678 14425 4576 16559 20 9193 7847 15658 12780 5219 17458 31 20709 8895 28 15061 20931 10268 7914 3629 4 4766 15138 23091 7730 4766 22463 21842 14149 20 20 21 
21 28 28 28 15855 1612 3621 18498 22318 9594 16083 7127 4 7850 28 7509 21063 
3927 6103 28 7509 9193 28 12787 20 
21 28 28 4 21 21 9193 15658 10959 6103 2685 4 1920 4796 21596 10765 18498 15658 10959 6103 855 4 21596 10765 18498 15658 10959 6103 19110 4 7730 21596 2136 10765 18498 16458 15658 10959 6103 15144 5 7730 9193 15658 9901 18549 12861 5 18476 9193 8147 22463 10716 9193 15658 9901 16836 6 9193 4 4796 23135 15658 10959 6103 15144 0 4796 23135 5219 15658 10959 6103 15144 0 27 288 13278 15678 21684 4 7730 18784 12834 18476 9901 14335 16836 17458 15658 2685 15658 20402 22463 12164 17872 23135 8995 0 21282 18533 22318 15061 21 
15138 15708 28 16673 14694 20 1027 20 20 
18525 18533 22463 18375 26 11943 28 2371 0 
14604 3031 17776 20 
29 6103 20460 
6103 23151 31 20879 5 22657 28 16673 17737 6103 1247 5 4766 4181 20402 15678 13905 17737 18498 13055 18876 7730 20402 31 13905 9867 6103 1247 18498 13055 10648 20 22318 1027 
21 7847 17438 6389 4 15658 11731 18498 20402 22385 13512 20 21 
31 4022 7509 28 28 20 13512 
21 15834 4 19735 11943 19698 20 21 
10095 30 10648 7509 15253 20 
21450 19698 20 
21450 19698 20 
8995 4289 5 5 5 5 
21 29 15083 16404 20402 16223 20 20205 29 1249 7509 14604 9172 3625 20 23 17456 20 
21 8956 14907 18498 21810 31 19856 7730 6075 31 3790 16404 2647 12034 17458 18506 22958 4 6416 23572 7730 16345 15678 22307 5 9193 12034 15138 13909 17458 9193 15708 31 15855 16404 6389 7509 9193 18191 22942 7730 4 15458 11518 4 6592 18498 6514 31 20825 5 21 
21 11560 6 23273 5 28 5 4766 5 3148 26 26 5 28 0 11634 26 29 4 28 28 28 28 21 
28 28 27 17438 8956 9193 15658 8840 20 18498 14577 20 
21 28 28 9193 20402 22617 4 7730 23135 0 7730 10959 7509 16920 7509 22617 20 21596 23570 1097 4 1027 19969 7730 9901 4766 31 16971 5 15658 10959 6103 9901 7914 3962 7730 15424 21282 5 288 18498 6075 4179 20 21 
17989 20 
13324 6103 28 20 9790 17438 9193 7730 16673 15253 
21 14539 4766 21389 4672 17872 9743 4 1820 22463 21551 17872 9743 8956 3211 5 21810 18498 8995 3058 20 21 
3031 18498 31 15253 9743 17872 28 20 
2924 6103 15604 20 
3211 7509 15253 
28 4766 28 20 
22657 28 20 20 
21 12960 6103 6917 6103 20402 28 20 20 4766 28 28 28 28 4 28 28 28 7730 28 28 7850 16718 20 21 
21 15678 26 13909 703 4 4766 28 28 21 
21 31 5695 13876 7509 28 28 4 17438 28 28 28 28 20 21 
12780 28 20 20 20 27 
21 12780 28 28 4 9605 654 18498 14125 15658 9743 7178 20 15855 12861 6 
21 15658 19900 17458 9193 12861 14335 13325 23135 4 28 28 20 21 
21 10916 4 10916 4 10916 20 20 21 
10916 20 20 12780 28 20 20 
10131 21842 17872 28 5 5 5 
16468 6103 20262 20 20 20 20 1249 18498 23016 20402 21613 4403 20 20 20 
23 16468 6103 5982 29 20 20 20 20 20247 18498 23016 20402 9835 
23 20 20 16468 6103 5982 11617 841 20 20 20 
21 24 28 4 20149 12960 6981 12939 7576 5371 15678 28 4 15658 11284 28 18498 10648 15678 22406 17872 23135 20 15678 28 8995 12960 2727 4 9193 8995 16784 15138 15941 5 5 5 21 
28 12780 21752 15678 22406 7509 28 20 20 
10916 20 4369 20 4369 20 4369 20 28 20 
24 20 29 11518 7850 2614 11462 7730 1022 21596 13909 7 6103 
21 9193 20 21438 29 31 29 4 9193 201 29 31 29 11300 2491 0 20 27 21 
23 28 20 20 4369 10629 20 
4369 28 20 20 29 5 29 6103 6717 20 20 20 20 20 20 
29 1249 4766 15678 11474 13909 13512 7509 15190 6 28 28 20 20 20 9193 22318 1027 20 20 
7730 21623 15678 12960 20 20 841 28 20 20 20 
10916 20 20 12780 22825 20 20 20 20 
9193 20 4369 28 20 20 
20402 12861 26 28 20 20 15658 17304 21596 4788 14425 8956 29 1249 20 
7730 26 28 28 20 20 20 20 4369 27 
16323 31 20709 8895 28 20 29 1249 6103 10901 20 20 20 
21 9980 21752 15678 7641 20 15658 7545 15299 4 11066 31 28 5 4289 6103 20739 21 
15658 724 13909 8956 7641 7850 14604 18284 20 4796 20738 5 5 5 
28 6103 14512 20 20 20 21810 18498 18506 31 16882 20 20 20 

