9901 19900 18498 15678 28 4913 15678 13004 16404 753 15678 28 5 20402 21389 4348 18498 6981 12939 31 28 12780 8995 4290 7914 7119 5 12534 5 12861 18498 20402 17380 18449 5 
20402 13363 21371 
6408 6072 18069 6103 13837 7730 7509 9971 7509 9986 17438 8057 7850 3621 17380 5 
21 28 19617 31 10922 4 7509 29 31 29 7509 5505 16404 15678 29 31 29 7850 20915 5 18498 20402 15678 4785 7509 15127 5 21 
21 288 18498 17629 14335 17560 13909 4 4289 7850 14604 13494 4 8970 21911 5 21 
21 26 7730 28 4 288 31 20794 17872 15576 17877 6103 13646 5 21282 8720 14604 12787 21 
21 28 28 4 13055 19900 18470 21684 20402 374 7850 2805 6103 30 16404 9431 15678 21178 6981 13892 16440 0 27 21 
21 21 21 15678 28 21596 11462 13786 3735 6103 9594 4766 13530 15604 1393 15604 4526 15260 16021 7509 17298 4 16404 31 18470 13055 15658 2631 13909 15678 136 7730 3870 6103 13729 0 21 21 21 
21 21 21 15678 19220 21048 31 5766 6103 9845 16404 19038 31 15041 17438 23014 17341 5 8406 7847 4 12737 12125 4 18306 7914 3962 6103 191 7730 19150 13909 19883 20670 31 2130 7509 630 7509 13301 4 9007 18498 6256 4524 18476 15678 22564 7509 10268 20149 13045 5 21 21 21 
21 21 21 18476 20402 3625 20149 21858 22463 7055 4 23135 15344 5 21 21 
9808 1247 4 20144 28 16559 5 29 1249 9193 15576 5528 5 21 
21 2154 6103 5896 6103 15948 6 
29 15678 16047 15658 9010 4766 26 0 14125 7730 16615 5 
29 15678 16047 8995 4766 26 0 6977 31 13301 
8995 7188 288 873 8520 4 12027 15678 16047 5 21 
11462 21282 21596 1114 
21 21 21 31 18736 20402 15138 20558 6 9193 288 18498 9387 22463 14309 23167 5 17458 4 20149 9387 3058 23167 4 12861 13055 21596 20402 1487 7914 11543 7509 10982 4 4796 6075 9417 4 9692 11617 4 9692 29 4 9692 29 4 22327 12861 13055 8995 17989 5 654 15678 18498 9620 20402 6389 7509 15557 7509 13301 4 15678 6075 4585 4 1920 14335 7491 7850 28 21793 8956 21551 5 9193 288 18498 9387 22463 14309 23167 5 21 21 21 
21 5590 30 4 13729 7730 28 7850 3459 4 20402 18250 29 20 20 20 21 
21 31 19225 18250 7730 17287 20402 22385 5935 18498 8329 22463 6374 4796 21 21 19097 449 21 21 31 19039 6103 14757 4 15678 16083 4229 6103 21 21 5621 21 21 5 288 18498 8995 10544 6103 16765 18470 20295 7509 16192 9010 5053 4766 31 18774 21 
27 
15671 15643 12780 9193 20369 5 
15678 14604 28 8 29 
16673 22886 15658 20402 21282 31 28 18498 21956 31 28 
14604 15604 16440 
15678 28 4289 7509 28 27 3472 15678 13905 21726 7509 15190 0 
21 201 15678 30 4 15678 13786 4289 21 
21 28 4 15643 5799 20 21 
21 740 2727 18498 20821 15658 20402 5614 5 11731 21282 4 18498 12790 18498 20420 20149 20402 27 21 
10916 7509 11118 5 16440 12780 7599 7850 13472 5 22942 13688 3412 20402 15671 5 12780 28 5 3058 15533 
8329 12861 31 22805 5360 6766 7850 21494 4766 31 4189 7850 15256 5 
23 27 
26 29 23274 21715 29 5 
21 21776 12780 17872 17872 26 20696 5 16440 4 22657 4 2700 5 21 
23 20149 9193 20402 22463 7509 22519 7850 23523 27 
21 8995 9431 4 11731 31 19785 21083 26 29 21 
21 17304 9594 15678 18498 18533 4 9193 18498 8003 20402 22805 22463 9087 7509 28 7914 18475 13727 5 28 18498 31 10765 18533 22318 22805 21 
21282 13340 13341 
21 9193 20582 8840 18498 15678 11020 19997 7509 20912 6103 20149 12960 26 10628 20149 6075 4766 15678 12963 5426 17438 15102 7730 17438 9971 16673 12963 21916 11761 7850 18774 23040 5 
9193 288 18498 8956 21480 4 740 7914 6731 7730 1558 4 16605 7914 22463 17406 10476 6103 18475 26 10628 4 31 7447 5 7914 10793 15658 8041 7730 7451 15678 12959 4 31 23577 9336 4 1393 14604 22805 4 20402 31 21266 26 6070 18498 20149 20007 17458 6070 20402 15754 7451 5 
8235 4 21842 16404 15128 8956 16328 7730 31 19652 7509 10628 349 15603 5 21 
21 873 2371 1937 22269 6103 7894 29 0 
21 21 15658 20402 17458 23135 20402 3058 6103 19870 18498 12780 20402 22463 3058 22830 4 15658 20402 17458 23135 20402 3058 6103 21525 18498 20420 22463 3058 17653 21 21 
21 21 9193 20402 22463 17441 4796 447 21 21 
17324 20402 5 21 
21 21596 21389 10765 4809 31 15311 7850 28 18498 21282 17304 9387 22463 9433 16404 15678 21340 5 15678 28 28 7102 20402 15678 15604 7280 6103 10523 7509 21726 7509 3962 4 951 5413 5 21 
23104 1393 15604 13786 7509 13480 6103 28 7509 3938 5 26 1114 
21 31 23577 4672 19854 7509 28 20402 18498 31 3450 22897 18498 7847 9605 6103 10523 4 201 15061 15678 28 6103 29 5 14487 4 12861 15658 20402 31 23577 4672 19854 5 9193 3697 7384 5 21 
18525 20402 8956 28 18498 12960 7850 20237 7509 28 0 16673 22886 15678 13894 1190 8644 31 13873 7509 2605 10484 
21 18135 1276 6103 28 5 31 5505 28 4785 654 5 
15741 6 28 6103 26 21 
21 22805 15678 12960 4 9193 288 18498 15678 28 5412 15678 28 8561 5 21371 4 20402 11203 288 18498 16468 31 16882 7850 10765 21 
21 18498 28 8995 4815 1022 4 1150 5 21 
21 21 21 31 11454 15658 16468 6103 6075 18498 490 910 21 21 21 
21 10606 4 16404 18525 15658 9010 19900 4 31 20207 9692 7509 3623 3170 6103 26 15803 26 20402 7850 28 26 5 21776 18533 14984 22463 21726 4229 28 17872 16429 4 873 21830 0 21 
21 28 28 4 15855 12861 3790 5 5 5 5 15658 19900 18470 20402 14425 4 26 16066 9922 4 9193 4178 20402 31 14425 2635 6103 26 7509 11454 7509 7363 21 
22463 7509 14426 21726 6103 28 
3058 21551 18498 31 10765 6168 15678 11402 7509 28 16673 12763 23091 7509 28 7850 28 5 7730 15658 16673 3420 6103 10916 20738 
21 21793 19900 7509 9193 16179 7730 17659 16673 9922 5 9193 21596 18498 462 4 8956 15286 7509 21953 14335 47 22463 17556 5 3058 21551 7509 17819 12960 6103 10523 18498 14604 16169 14335 6075 7850 28 5 16647 16958 11300 26 21 
4766 15138 3870 8 29 
21 13652 28 4 9922 4842 10959 6103 20127 20463 13909 9918 10357 6 
28 28 4 29 12963 7730 29 6446 5 
28 28 4 16784 6103 29 31 29 4766 29 14764 6103 12960 4 6820 5 
28 28 4 16784 6103 29 31 29 5 
28 28 4 13405 6103 29 31 29 5 
18533 5699 7850 15585 0 2702 21 
21 15658 1770 15678 18376 
21596 10547 
20402 28 
3625 7509 21266 28 20 20 20 20 21 
21 26 26 26 4 26 26 26 26 4 26 26 26 26 5 26 22 20539 10907 9922 21 
21 16323 16404 30 26 4 20293 22463 16468 430 6103 4179 16083 8057 17438 2371 5 31 12029 7509 10523 9818 9922 20244 7728 4730 31 10332 13909 13667 7509 18498 15643 7509 5023 5 26 26 7509 16083 8057 14539 0 21 
14425 15286 6 29 
8956 5459 9457 2727 31 16179 17438 10523 27 8 29 
21 15678 18772 8995 22385 7032 18498 20149 15678 29 26 23016 3702 7850 28 4 12780 4229 7847 6103 29 26 5 21 
28 7730 28 15128 22942 8 29 
21 20954 4 15658 368 4 28 9010 15821 7850 21266 28 7509 3623 16559 20 20 20 20 20 23 12780 20954 3341 21 
21 16393 12960 4 9193 20402 21282 15678 22137 7509 21726 14539 5 20402 1022 4 9193 368 5 21 
28 26 
13382 10907 26 
21 654 22805 15678 28 7509 28 7850 26 4 13909 21409 22805 15678 28 6103 28 7850 13444 5 21 
21 28 4 13055 18498 23135 15643 8637 31 10273 18498 9193 13909 10959 4 6146 9193 14539 17525 7847 27 22318 1027 8 29 21 
9605 15138 5 11091 15138 5 22923 15138 7730 12780 28 
21 2974 18498 1393 19900 7509 28 7509 15933 7850 28 4 15678 10976 14018 31 17286 7850 9145 16404 22838 21340 20644 21 
21 7730 21596 10765 18498 740 20402 5371 15678 8977 5 21681 9975 9193 18385 4 21726 4766 29 23118 20402 3625 14247 15678 11020 4 21681 21726 19617 4766 10922 22463 17819 17218 6103 29 31 29 4 21681 7558 9989 18498 22463 10916 17304 15128 22327 2136 15678 23575 20209 4 12780 21596 9975 6146 9193 22181 27 21282 9620 15678 14604 28 28 17872 9901 16816 21 
21 15934 4 28 28 21 
7804 23029 3962 6103 23014 5 23014 23029 14881 6103 7804 5 
2371 14604 5528 
21 20402 28 14335 7491 4796 20402 
22805 15678 21021 7509 3341 
16015 15658 5219 
15678 10774 20149 10131 
18525 12780 17872 21266 30 1614 20402 9193 21 
21 16784 31 11729 7509 21726 4 16784 22463 21841 21 
17960 17753 14975 29 5 23016 28 
23 26 6 
21 11462 9193 352 4766 20126 6103 23135 
20126 6103 23135 
20126 6103 23135 21 
7850 11111 7509 15041 20402 15678 17819 5 7730 18498 23016 15678 11122 7509 28 5 12780 28 24 31 16179 15658 17304 16367 
21 20207 14604 5982 6 
28 26 2070 14706 16066 28 26 26 6103 26 21 
20149 15678 28 15658 10648 26 26 15845 15678 16185 12780 18506 
21 23 4 12780 20954 3341 21 
352 17703 11462 3017 
20402 654 5 12780 28 
9193 10530 5459 4766 14604 9942 
16647 9193 7850 28 27 
20126 7509 21551 18498 9193 288 18498 21446 20402 28 5671 4576 5 
26 28 28 13909 22463 13909 22463 13909 22463 13909 22463 13909 22463 13909 22463 
20202 15678 12960 
26 28 28 
21 7623 11723 
12499 6103 17605 21 
18494 22061 16673 15860 13359 12861 
23 12780 17307 21726 
12780 28 20 20 20 9193 368 
21 2717 20402 10476 4 4840 20402 15260 7730 20326 6103 11590 20402 21121 5 21 
28 
21 17872 18525 5947 26 4 20402 15713 16098 8956 15286 5 21 
21 21282 20149 9605 7850 21340 6103 28 5915 4 20149 23135 18533 19900 22463 17556 13909 20670 7847 4 15458 13543 8995 22463 17232 4766 21793 31 7514 18498 7847 18876 7850 23575 7861 5 3058 7447 21 
21 9193 23174 7850 28 4 15658 3913 8956 5891 5 21 
21 21 21 15658 20402 3086 13281 31 13832 4 9193 17106 20402 6075 16971 1393 15332 5 15678 23577 23221 20134 20402 15678 1114 5 21 21 28 28 21 
21 20149 18779 4766 15678 14539 23541 7509 18886 12737 4 3393 11861 12780 19761 5 5 5 5 21 
28 0 20402 23135 14539 0 
21282 18533 9743 22463 19871 4795 20670 15678 18056 6103 11462 6 4796 20402 6103 3058 20402 17653 7730 10976 11462 11300 0 
21 5741 16066 15658 5741 4 7839 31 18553 5 5 5 5 5 21 
21 31 8933 20402 1393 19856 11462 4 31 7277 12780 7850 7576 5 7730 15671 7509 4145 4 4796 9901 0 5474 14604 1097 4146 16404 9743 22463 16476 7850 21252 4 18498 20402 15678 7127 4145 8406 20474 7730 7576 5 22805 23135 7850 17608 4141 5 21 
15678 18498 9594 6981 22575 18498 15658 14335 6256 7599 9193 13055 5241 16182 5 
21 22463 22897 13629 4 13055 20402 5 12780 28 21 
21 7850 3058 4 654 6075 14378 5 21 
21 26 4 16404 6103 12739 7850 28 27 21 
26 20 20 20 
27 15658 1519 28 27 
9594 15678 18498 6981 15604 17930 0 21282 453 7730 23167 6103 20402 15678 18498 7847 20402 7730 20402 5 23016 16303 
20402 11462 18498 14604 5528 15658 708 6103 6 
21 841 11300 10765 4 14667 2702 7850 28 28 4 15708 17438 9743 20357 31 13311 7509 3749 7850 21264 23343 27 21 
21 8956 15599 20402 1341 4 7509 23523 7509 7861 4 9193 11719 2727 9193 23067 5 22463 19635 21596 20931 15936 18191 4 20463 12578 7730 20463 6684 4 4796 22463 8057 6103 18475 16083 18670 5 31 22805 15658 20402 7174 4 7730 20402 5041 16673 22317 22181 21121 7859 31 10237 15678 7277 6103 19484 31 3621 6103 28 17438 18263 15599 20244 10480 7914 23213 6103 7861 16404 17669 31 14539 5 14487 20402 14487 4 20402 7914 22463 16971 16066 7914 22463 8057 5 12780 8386 31 18736 5 5 5 5 21 
21 14604 28 4 23 10918 21 
21 2371 23135 4289 7850 14703 7730 9605 6 4229 14604 5528 6103 12095 7730 23016 15781 7 
15741 6 9193 13405 21793 31 20644 7730 15678 15102 15138 31 21267 5 12861 20402 1453 22463 3702 17022 5 21 
20402 11462 5 22318 19854 0 8995 19854 0 
28 26 
21 28 18533 21596 13909 23141 18498 31 28 4 9193 18525 9743 15678 10916 14539 4 15658 19295 5 21 
15671 20402 22170 7730 20149 4346 15671 20402 21675 17438 4060 7509 28 7509 21171 
21 11462 20402 22463 7127 18498 8406 17872 11454 7509 8893 6103 28 5 7850 14539 7127 4 20402 22053 7558 12963 6103 8525 8895 7509 4417 7850 3643 28 5 5505 20879 10523 28 6103 21409 7730 21083 13480 6103 23236 6103 15533 5 2287 21 
21 21793 15190 20402 6211 7509 21911 13441 6103 9462 2136 873 5320 22463 14487 16066 10142 1393 20463 19456 5 2371 15658 20402 13909 13441 4 20402 26 4 3588 16066 1967 14996 5 17068 7850 9462 7509 16083 20402 19108 5 16066 11429 14539 5 21 
21 28 20402 28 4 28 20402 20237 4 28 20402 10889 8893 20 20 
21 20149 3450 7589 7509 22821 20402 7589 6103 22463 3439 21371 4 15658 12784 21596 3439 6103 28 21 
21 5311 19154 16404 31 10548 5 5 5 5 5 5 5 5 5 5 26 4 20402 6103 11570 4 15658 21596 5311 6 6103 21 
15604 19102 7509 28 5 28 4739 7850 23498 27 
2136 15678 28 21596 22463 28 7730 15678 28 6103 28 15658 5 
21 10765 4 18498 9867 31 21842 7509 26 9010 9743 4 9743 21551 18498 15658 11284 866 1920 5 21 
21 2727 18498 31 28 17304 13185 22463 17960 9774 17872 18044 31 22942 7509 10765 6103 16230 876 4 21743 15678 9193 3962 9193 22942 4 15424 17629 21596 15678 9193 3962 4 21282 15678 9193 22942 8995 6103 3058 21364 21 
21 8329 31 10765 8840 31 19296 7509 28 4 8956 3790 9901 15311 5 8995 10131 21 
27 
21 22463 7127 4 9193 740 12780 5320 18481 22898 15678 28 9605 31 16192 21 21 22632 21 21 7850 17950 6318 21 
28 2811 3170 6103 11249 20 20 20 15995 6103 20402 28 
21 2371 28 4 3450 22897 13909 9193 20402 20463 10546 8 29 21 
21 12780 2371 871 7509 9193 15936 6 
29 15658 19295 4766 15678 12787 28 20402 22463 3339 5 15678 3790 21596 7558 16464 16673 28 5 31 17819 20954 15678 21726 18476 8995 22463 7627 6056 4 20402 3625 16559 7730 7509 5505 7509 28 6103 22463 14031 9826 5 31 20207 7914 14336 31 22463 19296 11020 18498 21596 18498 20149 9743 7850 7865 7730 4290 6103 25 6103 23151 28 4 15678 3790 13405 15678 21726 16404 31 13444 21596 18498 12960 22463 14984 6103 12963 20244 29 31 29 12959 18498 8995 7850 20237 13640 6103 17819 5 
29 15678 28 15658 20402 22327 12861 5 21596 18498 9743 22463 18006 8464 14196 17872 16162 7847 0 19969 20402 4 7847 15658 20402 15678 28 7730 15425 20402 6103 21267 4 13055 21596 29 1249 7730 20149 18533 18784 9901 7850 28 15658 9901 16630 10265 19900 7509 15102 17438 26 17257 7772 7730 6103 21793 31 22023 18498 18533 7850 10523 15291 5 
19525 6 9901 12787 4 20402 28 5 21 
21 10606 4 16292 19549 4 8995 9743 22463 22616 17872 753 7850 19296 7509 28 4 20149 23135 18533 753 4766 18475 18477 20402 21282 14018 16404 28 18498 13055 20402 5 15708 21 
31 11020 18069 18498 15678 28 20402 15678 21726 7509 9918 20402 18498 1614 15502 21596 9942 20402 7509 3960 5 12780 21932 13909 22463 1249 17872 16162 16727 
21 8956 11111 6 26 28 4 20402 28 4 28 4 28 16066 12552 21 
15678 20856 7509 26 20297 8995 13909 13278 18498 15678 20856 7509 13444 
27 
21 15344 4 20402 17872 14280 4 20402 17872 5717 4 8361 3365 4 10476 11617 4 10476 29 4 8361 15260 4 18157 7730 9574 5 740 15658 1540 31 7599 4099 5 21 
21 10916 7509 23 4 4369 28 10916 7509 28 5 15671 7850 13446 29 21 
21 15678 28 29 12960 2727 11462 4 16323 1393 8464 5 21 
24 19295 28 
21 4346 10709 4 15658 10648 7850 3629 7730 18533 10648 9193 22181 5 18443 7850 7696 15678 29 31 29 17438 9721 5 21 
28 18339 18498 16404 13444 29 20402 15671 11156 
15458 10273 21596 22463 3790 6103 26 7730 22463 14489 5 
21 14307 7850 28 654 6 21 21 9128 10461 13832 1393 23167 7850 3633 7509 18268 21 21 5 23 22805 4 15855 31 22157 20313 5 21 
21 7850 18352 7509 5993 7509 6428 20402 18779 22463 16967 261 7509 6223 6103 9634 4 18498 16673 17960 18498 5762 15678 9007 7509 9634 6219 4796 31 22521 8406 11474 7730 15144 4 7730 15459 21340 16967 23135 17304 5018 4766 8956 6223 16066 15658 5 7730 16458 4 1603 4163 6103 29 4 29 14676 6103 23176 4 15678 20539 15750 29 4 29 4766 4163 6103 29 4 29 14676 6103 23176 5 7730 15678 13909 1964 15658 20402 15678 19522 7509 16967 15678 15658 22773 29 4 29 9193 20539 15678 4795 11498 6256 7850 18352 4 4795 18498 9193 15658 10959 6103 21596 13471 7730 15424 10959 18498 9387 5 20402 22223 4 4289 7914 22463 9692 7914 18498 15678 16312 5821 20475 30 16066 30 20149 21858 13909 11861 7509 18498 1114 4 22521 4 3870 16066 4920 5 21 
21 20402 8956 7499 18498 8995 8840 4 2164 6103 18655 7730 23560 16438 7730 18498 19102 15576 16138 9777 8406 31 8733 10978 5 21 
21 16972 6103 28 4 17629 7509 753 6103 23135 5 20207 31 9008 7509 10535 4 29 16971 6103 28 15953 7914 17819 8637 16673 5942 6103 10828 6103 17380 18449 1614 7850 22575 5 20149 23135 5174 873 6387 8956 16971 4 14156 15458 26 16066 14335 8458 15678 16822 11980 3962 31 16971 21596 14378 7509 1987 7509 22892 13520 5 662 6670 13055 5 21 
21 23135 18498 20402 13923 7850 28 17438 4060 7509 19007 7730 12780 21932 7850 14334 28 17438 4060 7384 4 7839 20931 4245 6103 1540 20670 15678 21535 27 21 
24 
21 26 23135 18498 18910 18498 15678 28 8995 9901 3033 9193 4788 18476 20463 21726 10648 31 13444 7509 28 4 21776 6103 15855 21 
21 15299 11284 8956 21535 6103 18265 12240 7850 28 4 654 6256 9193 4796 22463 14334 13176 9808 1614 17458 21596 15678 28 7730 15678 28 6103 3227 21 
20825 4766 15678 7127 18498 31 22575 20402 16673 28 5 26 10535 5 
4346 16563 10357 5 1614 20402 1920 5 3510 7850 28 0 13055 20402 5 
21 20244 28 4 21282 7850 26 21 
21 21 21 753 31 8147 28 4 15678 3439 7509 1662 28 21 21 9193 21776 1614 10765 21 
23 
10765 18475 20402 12861 27 
21 21 21 20149 15678 4554 20402 22463 2504 4 4178 13055 21596 20402 20007 21 21 21 
21 15678 6428 13055 19198 15678 5222 4 7730 16673 22886 15678 20299 5 5 5 5 21 
21 14335 8431 15138 22805 15678 19860 18498 15678 18198 21810 5 15678 16440 6103 28 28 18498 13055 11284 20149 6838 31 4149 6670 18498 20463 15460 4 28 3630 4 1959 31 13472 7509 13285 4 16393 8995 4766 20931 18657 11658 5621 5 31 6152 6103 1502 28 15481 740 18498 15658 22523 6389 7509 16440 13405 15678 11111 31 20149 6838 740 13909 31 7277 4 31 17406 6103 4657 2126 22463 10522 4766 15678 17574 20 20 20 4766 12861 4 13185 31 14856 22805 29 4 15678 20703 6103 7277 5 21 
21 13055 8995 9901 22223 17458 201 31 7861 6 17495 4 6408 6103 22327 7319 4 6110 7730 7947 4 15658 4289 31 22463 19484 9975 5 20402 2904 0 20402 3015 0 16066 8956 17332 17669 15678 28 0 21 
21 22657 10606 4 18443 22463 23176 7850 9193 5320 5 15671 8637 18255 21 
21 22805 2727 4 15658 19900 15678 18498 20402 13441 7509 9462 5 15658 19900 15678 18498 20402 13441 5 15658 19900 15678 18498 20402 9462 5 15658 19900 15678 18498 9462 7509 13441 5 21 
21 23423 13359 20402 12861 5 16292 19549 4 16264 7850 15256 7730 419 7850 16654 5 28 29 21 
15678 17923 5 28 28 7509 22516 6103 20402 28 21371 23174 28 29 5 1937 7730 19900 15678 15083 7 6103 
31 17923 5 28 28 21371 23174 28 5 1937 1393 23222 7730 19900 15678 17458 5 
31 28 20402 15671 
21 15678 1506 6103 871 16971 22657 13909 7509 18498 6103 21793 15678 16440 13030 5 7730 23135 4 28 4 20402 9312 12861 5 21 
8956 14604 28 8 29 8995 28 13892 
21 22463 22326 23123 951 4 9193 12894 794 31 9094 5 28 29 21 
20402 18250 7914 14703 10795 20 18525 22318 5174 18498 22318 4913 28 5 28 29 
21 28 28 6446 7914 20402 28 6 2727 4 15458 3962 4 23016 17872 22575 13359 28 21 
28 4766 29 7509 23176 7 28 29 7 28 29 7730 31 28 29 6 
22463 14488 6103 15299 5 19703 
21 21 21 28 20402 15678 23174 4179 16404 22773 15678 18250 21 21 5 4809 15678 2836 26 7730 15658 14335 2322 4 18525 20402 15678 1248 7509 20247 0 15678 16500 28 0 21 
21 15658 6256 31 28 16784 
15658 6256 31 28 10648 
23174 15658 18250 4 23174 29 
29 17872 28 14426 21 
21 20402 8302 8956 17915 7509 28 18498 17973 7917 4 31 16971 7916 21389 18498 2136 15128 6103 19800 7730 5741 29 4 11886 31 18471 21 
21 20402 6472 16673 28 28 16404 13566 15678 29 12963 18498 20402 6103 871 10211 11861 16404 9193 5 
19150 6 
9 15658 13405 13909 18498 871 14764 7730 15658 16721 15138 5 
9 7847 15658 17629 20402 15678 12963 4187 16066 11020 15704 4 21282 17629 20402 11861 17872 23135 6103 871 12939 
29 28 26 29 28 
29 28 26 29 28 
29 28 3840 26 10628 28 
29 28 26 10628 3143 26 
29 28 26 14450 28 
29 26 26 29 28 
29 26 26 29 28 
29 9922 29 28 
29 28 26 28 28 
29 17872 26 20696 29 28 
6472 28 28 4 28 28 7730 28 28 21 
25 
21 2491 4 16404 6103 4346 4 9193 20149 20402 17872 5360 4346 4 4346 1614 7850 28 18498 8995 17629 4 12780 6075 29 7509 19419 7730 20149 18533 17304 2136 16630 5699 7850 15585 21 
27 4346 31 19795 27 15424 28 5929 27 
21 11462 9193 21776 13688 4 21776 17063 5 20149 15678 28 15658 10648 26 26 15845 4 15678 16185 12780 18506 21 
21 28 7850 9922 4 13055 12780 4913 4 654 13055 4913 15678 21 
21 15874 1097 6 7850 2154 6103 11462 12783 8361 23135 31 5762 15599 9608 20670 31 28 5 20402 15138 10544 5 
17819 16468 6 7201 7914 3772 26 6103 14031 13688 18498 31 28 7730 15678 18250 20402 5891 6103 22327 5 
20207 16468 6 16721 7914 871 2275 7509 10982 16404 873 4 7730 4730 31 16192 21 21 3047 21 21 7850 10366 5 
21613 16468 6 4378 22463 22665 16404 8956 2275 7730 7491 18498 10648 13909 18498 22463 21932 5 
18487 16468 6 4491 22463 10192 23409 21743 22805 16066 10889 
18584 16468 6 10343 6103 7809 7914 3772 26 
9365 6 
12780 21752 28 7730 15678 18250 7509 17304 1276 18498 15678 28 23029 4967 5 
15678 10982 201 6103 1570 31 3047 11240 4 18498 7509 29 14667 18772 17438 30 16404 11241 18498 15658 21596 22958 6103 13904 5 15138 13909 18498 15678 15576 21931 3170 5 
10192 6 28 
15128 28 20 20 20 20 21 
15658 19900 20149 13359 15678 17950 6103 10982 7509 28 654 16066 8840 22463 29 14764 16404 6075 28 
21 7730 1614 15036 31 21 21 20699 6340 21 21 22326 21 
14335 19474 26 28 28 
21 14604 16169 14335 6075 15678 23174 6103 5107 6318 11462 4 4766 12861 13055 16468 15678 28 7850 16967 21 
13949 26 4967 18498 21007 9193 17509 
21 9193 15585 17872 6110 7509 20143 6 
28 6 29 4 29 
28 6 29 
28 6 29 4 29 
28 6 29 
16500 6 29 4 29 
26 6 29 4 29 
28 28 6 14823 21161 15585 29 21 
21 11462 21596 6110 7509 17750 4 1393 29 6 29 4 7850 20143 6 15253 21 
16500 28 17863 14604 28 5 14604 17535 8995 8414 1393 13591 14506 
21 23135 16765 18498 31 17380 13055 5590 7914 20931 22753 18476 20149 16647 21083 1271 16404 15678 4785 7509 6110 5 909 4 11462 4 1393 29 11518 4 7850 28 4 6110 8406 15678 17750 5 21 
21 21 21 7314 15658 8125 3512 6103 22 702 6103 15502 21 21 28 4 28 21 
21 28 16367 7914 28 11462 5 17438 12861 4 20402 9867 20402 9867 7914 28 21 
27 21486 5 28 26 28 5 12780 28 
14196 7509 28 6075 22463 2154 6103 4796 20149 9743 22463 17950 7859 
21 6408 6981 17998 4 21758 13055 10648 27 21 
21 1190 14335 16836 17458 8963 4799 10959 21389 7509 14930 5 19169 7509 14265 4 11928 7509 5692 4 19169 7509 15534 5 5 5 17304 6075 22463 21787 13909 6345 15510 6 15678 28 7509 26 4 15678 20300 7509 5868 16066 21355 15678 17753 7509 2647 5 19900 7850 4 26 288 5 21 
21 16971 6103 20879 4 873 8995 559 6103 22805 28 7730 28 7850 18584 7850 1662 0 21 

