18498 21340 0 27 
15299 13923 5 5 27 
20402 8956 31 22942 18498 22318 18533 15658 20402 28 0 29 
21 20402 8956 31 22942 18498 22318 18533 15658 20402 4 28 0 21 
3765 29 
7 6103 
9193 20402 19169 20 18525 18533 20402 9193 19169 0 19169 28 
28 7509 21768 
28 7509 21768 
28 28 28 28 28 28 28 28 28 
15658 8995 18533 368 15510 20 23 22830 7509 6006 20 
14604 18533 12787 15995 7509 15253 20 
21 27 18498 21340 4 28 28 0 0 21 
20402 0 0 27 
27 5 5 5 
21 23570 9975 6103 20247 1393 13131 6103 16971 18533 4 17836 6981 9193 5915 13512 20 21 
21 26 26 26 4 15253 20 
17458 7847 31 15253 13909 7557 18498 9193 21596 20 
26 26 26 26 26 26 26 26 26 11617 26 4 26 26 26 26 26 26 26 26 26 26 26 26 12863 26 26 4 26 15678 26 26 26 21776 26 31 26 26 5 
22318 1027 20 21793 15671 22318 1027 20 
28 28 28 6103 28 28 28 21 

21 18525 7491 18498 15658 6075 17872 4788 21282 0 27 
14539 8995 21282 7730 13667 6103 21793 1612 18498 1027 4 9193 9634 4 14604 1097 7730 14604 15311 15459 6086 22385 8810 17872 9193 4 9193 15658 17304 8995 13909 9808 19900 18498 21793 21842 17438 9193 7730 14335 6679 22385 2727 20 
29 1249 0 0 23 0 18476 20402 12861 0 0 20 20 0 20 21 
21 11617 26 26 21776 26 11617 22 13800 26 26 5 5 5 
3222 5 5 27 21 
23147 7850 7576 6103 28 
21 18498 13512 1114 28 28 
1453 29 1249 16468 7730 23135 13055 5204 21389 20 15855 15894 23135 8995 20 
23135 14514 12861 7730 15138 13909 8 29 21 
4289 6103 22065 18449 5 5 5 6 16404 6 6103 
26 11617 26 20 
26 26 

6 26 12863 22 20539 28 22 20539 26 5 
26 26 8 29 
26 26 6 
26 26 6 
20402 18498 20402 11187 0 
21 18525 15678 22805 4 17438 9721 4 8406 7914 5322 20 21 
21 13909 22463 1249 9808 1393 20463 13131 4 14604 18165 20 20 20 21 
21409 6103 7576 
4766 7865 7509 8855 31 11207 15242 6103 28 
15533 23495 
26 26 26 26 15444 5 5 21282 18498 15658 27 
8 29 
9193 15658 17304 8995 13909 9808 
8 29 
16111 1540 4766 8956 10141 20 12780 15963 5 5 5 
7994 20 1937 2136 15678 9971 5 5 5 
21 28 28 4 21662 17872 9193 5 23135 20402 15678 17819 31 16429 7509 9193 16967 5 21 
21 1393 17908 20 
15678 28 20402 15138 28 7730 8995 20738 4766 15678 6508 6318 20 15658 16784 31 8838 20 28 29 29 29 21 
21 10765 4 15678 28 7730 15678 28 10447 6103 3962 7127 29 29 7730 15678 28 23151 21282 5 20149 873 15678 23029 16673 2439 18857 7509 28 7730 12599 4 18195 1393 28 4496 16647 7847 4 18475 15599 4 17438 9721 4 2322 31 9193 12787 4 28 28 4 18498 8995 15138 571 5 5 5 7847 8995 22564 9010 4701 6 21 
2384 28 2384 28 
21 10765 4 9010 20402 15678 28 4 15678 3439 7509 9193 12787 18498 8995 6507 6670 15678 7127 29 29 29 5 7847 10447 4766 15576 16083 3439 4 15678 28 5 15678 28 23151 21282 17872 3962 4 13055 15678 28 4 15502 19900 15678 18498 349 5 5 5 17908 17438 21793 31 19856 7509 2439 18857 7509 28 4 18195 1393 28 4496 7730 9574 30 4 15658 15678 8147 7730 15502 7491 18498 15678 22805 5 7847 22564 22463 4701 22825 8988 5 20149 873 19900 6103 871 4672 4 17438 9721 4 8406 7914 5322 16673 4122 28 29 29 4 17324 15658 16784 31 8838 20 28 28 
20825 8956 15533 18498 15678 28 20402 8147 7730 23151 17872 3962 5 5 5 6 22 21 
21282 18533 15678 28 6103 23151 5 5 5 6 
21 15658 12960 13600 16673 12899 7509 3906 4 7509 23572 4 6103 15299 20 19456 31 22805 18449 4 7804 20402 22327 20 21 
6 22 
21 28 29 20149 873 15678 8147 4 17438 9721 2322 7730 7110 1393 7589 28 28 
6 6 6 6 6 6 6 28 6 6 6 6 6 6 6 
21075 16673 2439 18857 7509 28 28 4 18195 1393 28 4496 5 21 
21 10765 4 15678 28 7730 15678 28 10447 6103 3962 11462 7730 15678 28 23151 21282 5 20149 873 15678 23029 16673 2439 18857 7509 28 7730 12599 4 18195 1393 28 4496 16647 7847 4 18475 15599 4 17438 9721 4 2322 31 9193 12787 4 28 28 4 18498 8995 15138 571 5 5 5 7847 8995 22564 9010 4701 6 21 
21 10765 4 15678 28 7730 15678 28 10447 6103 3962 11462 7730 15678 28 23151 21282 5 20149 873 15678 23029 16673 2439 18857 7509 28 7730 12599 4 18195 1393 28 4496 16647 7847 4 18475 15599 4 17438 9721 4 2322 31 9193 12787 4 28 28 4 18498 8995 15138 571 5 5 5 21 
1502 20 
17458 9193 472 18476 7847 9743 8956 3790 5 5 22 18498 21282 9193 19900 
17583 6103 28 
17583 6103 28 
21 28 4 29 1249 7730 29 15266 21 
20126 20 20 20 
21 28 7730 9193 7850 9193 18835 5 5 27 
21768 21596 20126 6981 16753 20 
28 28 15855 12861 20 21 
7914 29 5 5 5 
23 5 5 15678 1114 8995 7850 1623 9 6103 
7914 29 5 5 5 30 
23174 13045 20 
20402 15138 15016 20 
14604 7576 8 29 
7730 31 19956 5360 
9169 5013 20 
20402 7558 1249 7730 22463 15266 6103 18328 1114 8 29 
26 21706 30 30 12334 5505 12222 
28 7850 5505 28 20402 7509 5505 
14604 9365 
22657 28 20402 28 7850 5505 
14604 13512 16475 20 
14604 2689 
26 21315 
12780 7850 28 11462 20402 7127 6103 5 5 5 
9867 13023 
11617 28 5 14799 5913 20 
20238 7509 5762 6103 7589 28 20 
26 
21 9808 7127 7509 15253 4 7589 28 5 5 5 21 
28 9808 28 
4790 7509 14604 1247 4766 31 9634 
26 
21 18533 662 21793 15678 14604 1097 7730 16399 18498 14335 6075 16323 7850 14604 1247 20 16630 6663 17438 15658 662 12182 1393 21793 23135 7102 31 9193 10349 7850 18287 18498 14335 11872 6103 7201 15138 5 5 5 27 15708 16673 3870 4 10765 20 21 
21 15708 4 14604 1114 4 17438 16468 13909 22463 22897 8956 6086 8810 1393 14604 13131 4 31 3450 1249 18498 16468 21282 2156 31 9193 4181 20 21 
21 8956 20402 15678 21551 6103 1027 20463 12787 4 15855 9010 6014 22385 13512 5 5 5 9193 22753 20402 10259 4 16580 4 1114 7730 22521 4 20357 15678 1114 10100 5 5 5 15658 201 15658 5 5 5 21 
1983 28 8 29 
28 8 29 1983 28 
20238 4766 28 7730 26 20 30 
28 14604 472 20 
1114 7509 9193 22942 9808 10217 16404 22318 
30 
21 4796 16468 6103 15144 1393 21 21 14464 21 21 11462 0 21 
15658 14467 18525 22318 22092 22385 2727 20 
28 
28 
11617 26 5 5 5 
1614 8995 15678 14604 9956 7509 28 5 8147 15678 20463 7914 11561 6 28 5 4766 26 28 11617 29 
6 15678 
26 26 
20463 4317 7509 15834 10606 20402 8414 5 654 5474 20463 1097 7850 1488 7509 15834 10606 5 
20463 4317 7509 15834 10606 13055 20402 8458 17872 20931 3962 5 7914 3206 23135 9743 16440 7509 10606 5 
21 28 20 
28 4290 6103 15016 
9193 22897 20 6 16404 
9808 7127 7509 5758 16404 15678 14604 2689 5 5 5 27 
28 9808 1247 6103 29 15266 20 20 20 8 29 
21252 6184 1393 2689 5 28 23394 20 27 
14604 2689 
3697 6981 22942 6103 3388 13562 5 5 5 27 
26 5 5 9193 21596 18498 9130 20 
1247 28 26 
21 29 28 28 4 29 1249 5 
9193 9907 6103 338 7509 12916 11617 5 5 5 
5 5 5 
27 21 
21 26 1983 26 26 4 26 26 26 5 21 
21 11617 26 26 26 26 26 26 26 11617 26 26 21776 26 26 11617 997 26 26 21776 26 26 31 26 26 20 11617 26 26 5 26 26 22 20539 26 4 26 28 28 8 29 21 

