21 20670 15678 28 
15678 17819 16468 20402 31 7804 14539 5 
1393 9594 4766 31 16971 15658 9901 15138 18195 7730 9233 21908 18195 31 28 6281 5 13253 31 15256 4 15658 5698 15678 15336 4 15678 15860 7730 9233 1062 6103 644 5 
1393 7287 31 22463 1062 6103 20127 5878 7730 21371 5876 7509 6329 16126 7730 17934 7509 13616 636 4766 7804 7730 3058 20326 5 21 
21 9193 15658 5219 368 18498 22463 7127 1603 31 14058 4 15459 9314 14924 7914 28 8995 17714 15678 22823 10927 5371 15678 17563 3170 5 13729 4 14753 4 16404 10447 7509 13004 9774 28 15005 7730 20402 13010 16673 21161 5 15678 21 21 21161 21 21 9010 7914 18498 29 14756 20402 12145 16673 18250 5 18498 23016 13909 14058 4 17458 12780 5957 7850 9193 3790 9010 15533 20 20402 13729 13729 13135 21 
16404 18525 288 18498 21282 22805 19671 7850 14058 20 27 8995 4179 21282 18498 15658 
15481 28 17244 26 
21 7850 14539 7127 13729 7730 28 4 15658 6075 20 21 
15603 20149 18443 4796 22463 17297 4676 7730 9045 31 13749 6103 4526 5 22632 
18525 740 15658 19900 15678 18498 20402 6326 20402 21282 13480 31 21525 7914 18475 3643 5 3552 11443 
20149 31 3962 3510 16404 13729 4766 31 17377 12701 31 3962 7509 23104 910 13909 11509 5 9193 21282 8995 703 31 11518 7509 3962 3510 16404 15678 16659 16753 7509 4417 5 27 
21 11462 7847 15658 21596 5721 16404 13729 4 9193 13055 21681 7730 15138 27 11429 21 
18481 22898 9051 6389 6103 1069 4766 16126 11051 18498 15391 4289 1393 11543 7730 20402 15708 31 1190 2116 6103 15092 11908 7730 7829 18498 15658 13439 16464 5 
4796 15658 20402 9193 20207 3962 15658 20402 0 20 21282 13324 3058 21596 6981 4417 5 
18197 26 26 26 26 
26 26 26 26 26 30 
21355 1920 753 15678 18629 5 19703 
20497 7509 28 
26 22 26 23135 22 30 7850 4526 6103 26 20 
21 20244 28 9193 15658 23104 20 
3058 20247 1393 21793 20 21 
10217 7509 17812 28 15604 6386 15796 15799 10217 17812 15796 28 29 
21 16404 14604 1097 4050 7730 9634 5 11462 20402 22463 11020 7127 16404 18525 368 7850 17304 7509 15965 5 18476 18876 9010 14469 4 19662 22463 2294 28 7730 9743 20463 16630 8810 20 2294 28 4290 6103 11066 4 15678 20304 20402 5488 4 2745 20402 22318 8406 31 15144 7730 2745 20402 15678 10433 7509 23172 22801 4 28 5 20060 28 4 15253 6103 28 4 19754 17438 15671 16603 4 654 7730 7850 11518 6103 9193 15041 4 1150 20 9743 15678 21680 16630 17438 9721 15658 18506 31 15613 5 5508 7730 4687 6389 6103 22463 11518 20 15658 20402 16404 4854 5 5508 7730 4687 7850 20463 15198 5 368 4 28 16468 1393 10366 7509 17877 7730 13055 9743 22327 4179 5 1150 20 20 21 
29 
29 28 28 
7127 6103 16421 28 26 
26 26 
19601 7914 9634 5 17812 13512 
29 8525 29 28 23575 7509 1249 654 4766 21793 
23575 17244 7509 1249 20 28 
21 17737 13512 20 20 
3870 8810 7509 16972 18498 21932 4815 7850 20060 3962 6103 28 5 15708 1393 21793 23135 5 
28 4 28 28 4 28 28 4 28 28 4 28 28 4 21 
26 28 20402 28 
26 26 24 
1619 28 26 
26 26 26 10583 26 
21 9193 15658 12784 18263 9193 6408 6103 13359 31 12301 14065 7850 12971 18498 8414 7850 4417 15658 14335 19509 947 4 29 6103 1571 0 8956 20402 31 16967 22823 4 9790 17438 12971 12125 5 18498 31 22821 17792 20 21 
21 5947 20879 4 20293 20 21 
21 5 5 5 21 21 12863 22 20539 26 4 12863 22 20539 26 4 12863 22 20539 26 20402 26 4 26 26 11617 7509 4 11617 26 26 26 26 21726 21 21 5 5 5 21 
21 16404 15678 1097 4 15258 17243 4 18498 20149 20357 4603 1393 9743 9308 10555 7730 7990 13243 6103 5574 6103 6321 7914 16126 7914 20644 17853 5 15658 8995 15708 31 17769 8956 20446 4 22463 22897 18498 15658 20402 6103 9193 19478 8956 7989 5 21 
28 28 14133 28 28 
4175 26 28 20 28 28 28 
20 26 22307 20402 28 13433 20 28 
21 5 5 5 20402 17629 7286 15138 2727 16404 9743 28 4 28 827 5 5 5 28 4 28 5 21 
18774 7127 7509 15258 
21 28 20 20 
16375 6103 17244 9832 7850 18197 21596 20238 20539 21 
21 12787 18498 31 14365 14335 6075 5 
20357 21389 31 9620 6103 23135 20 28 15535 26 26 21 
17244 20060 3962 8995 7850 3272 21681 28 28 29 20170 8228 22823 26 
20402 28 28 
21 15855 15678 18498 15678 28 14335 22126 6103 18963 11462 20 
20126 28 28 28 28 28 21 
26 26 26 2824 
21 20126 7384 22327 20 
14365 28 21 
11462 15678 7127 20402 7850 20127 14480 
15481 17244 12779 3166 26 
21 28 28 23135 20402 7509 21743 6 
7894 6103 16718 6103 13786 
23135 20402 22463 16971 18103 5 9743 15678 14425 18498 17304 4 20402 3058 7914 17228 4 9147 5 21596 2367 7730 9364 21185 5 20931 11213 6103 13786 13026 7322 5 23135 21371 20402 20333 4 1575 2727 15678 1062 7730 3802 6103 3450 22463 4 10122 7914 19225 12616 7730 8908 6103 8525 4 13471 4766 5496 6103 11111 20 26 16673 14466 29 5 21 
17653 6103 3363 9743 8628 1393 17436 7730 8561 15678 18191 15540 7914 10181 20 27 16367 28 20 
29 7576 21371 20402 7127 26 26 
17244 15596 7914 14780 6103 18487 
27 
21 2036 7850 14780 20 20 20 26 26 29 
28 22760 18498 21 
21 11462 15678 7127 20402 6981 4417 14149 20 28 20 20 4417 9010 15138 8810 16404 9193 4 4417 15894 14335 9743 15258 4 15894 23104 1249 12222 5 9808 29 1249 28 20 20 20 21 
21 26 11617 31 26 26 20 
29 26 26 21 
16367 7850 10889 20 20 20293 1612 21021 21282 18498 15658 20 
21 8956 15144 21596 6103 20402 21752 1393 10268 7509 17225 20 20 15502 14514 8956 7423 20244 22834 20 20 
18498 15576 17304 13290 15658 6256 8956 15144 18040 13909 8956 2571 5371 31 20127 18449 5 21 
21 21596 871 12254 18498 368 15458 17998 7509 18250 0 20 7730 8956 28 6103 28 0 20 4676 31 17432 6318 12780 340 31 7509 9193 9040 17753 20 20 
14025 15423 20402 28 20402 5611 22834 28 21 
20402 28 
10628 26 26 26 20 20 
21 26 11617 26 26 20 20 
17244 26 26 26 21 
27 20402 0 0 2076 0 0 
17244 7914 28 4766 31 14425 22173 20 19703 27 
15678 18498 9193 13405 16404 15678 17244 0 26 28 28 28 28 28 28 28 28 28 28 
21 4766 14604 1097 7509 28 28 20 20 20 
22011 28 8995 7850 3272 21 
26 26 3143 20 20 
21 1937 31 9010 23222 7730 16765 15513 15678 13153 7914 18498 8995 12418 20 20 20 
15658 18498 15678 8974 22507 20402 3058 4672 4 9193 15678 18498 1966 18784 20402 8956 22548 7879 4 18784 4 21211 20 20 21 
11795 8956 17998 7509 17572 4766 15678 28 28 9594 18498 13727 6103 2524 20402 7850 3459 20 
20879 26 6 26 26 26 26 20 20 
20879 24 
7127 8810 
21 11678 26 26 26 12863 22 20539 26 20 26 26 26 4 26 28 26 12863 18772 20 20 14365 21 
12910 4766 1097 8810 20 
20244 13909 20 
20670 31 10217 23489 
21 21282 7914 3363 14539 23135 1937 16971 12148 7914 29 12392 17438 7043 6103 18987 18449 18055 5371 15678 10982 20 27 22463 5552 18472 4 7850 2301 28 4 6766 4766 15138 23561 6103 16892 15458 3790 20 27 21 
8235 7259 20 
18476 16468 17438 28 20357 18498 22463 16440 6103 9193 23104 1614 20 20 15577 20 20 
20402 28 20402 15678 13727 15894 23135 8147 15678 13905 15677 6103 22823 3504 20 27 
8406 7850 14856 20 
14489 20 
29 6103 17244 21282 15678 10259 7018 21911 
21 21787 21641 7914 28 20 
26 26 26 21 
28 
21 15908 1393 155 15678 26 7509 17950 13909 15258 16404 15678 28 4 9901 22385 8999 18481 9193 17753 4 1393 19900 18498 15658 11284 20402 921 16404 15425 15195 7509 18470 21596 14335 12406 5 
20402 9010 22463 17950 6103 15970 7978 17438 21153 9620 6103 15258 7850 16587 4 4796 17304 29 15258 3172 8995 11462 20244 5413 17438 21340 17950 8329 21596 29 15258 9070 4 7914 20931 13907 5861 4 15781 8956 22640 0 8995 5595 0 15912 14667 15258 3172 20402 13363 16404 18498 29 14667 9070 15781 20931 22640 5 20402 28 21 
21 7491 18498 9620 15258 7850 28 20 20 
13909 6103 29 15258 3172 20244 8051 7730 29 14667 5861 21932 16404 15678 18250 5 10982 6103 14512 20402 28 21 
20402 16404 13055 20 20 20 4289 31 11518 6103 19969 1393 19856 15603 20 20 20 12780 28 
20244 13909 20 20 27 
21 7730 15678 11462 15678 6014 4346 4 21551 9769 20 15658 11284 15678 18498 4788 5 31 13048 8536 7730 9604 4 18476 166 15678 5041 15658 13253 20931 11514 12693 7914 11782 5 21 
21 17769 2727 2031 20 19039 6103 29 17972 2156 6103 29 4 29 18774 20 27 15855 31 22617 21908 20 21 
21 5 5 5 21 21 26 22 18740 26 26 11617 26 26 26 26 21726 21776 26 15803 26 26 21 21 5 5 5 5 
31 26 21726 648 21 
21 31 13301 7509 19553 4 7509 18498 15678 18498 1614 20149 17239 1614 20149 4713 20402 12229 20 21 
15678 9132 19604 20 27 
20402 22463 11020 1249 20 15708 17438 9743 16440 6318 5 
21 1603 22463 13669 12970 6103 17244 17438 21793 15678 9975 6103 20247 5876 6103 22942 4 5913 15678 14604 7053 4 8147 1893 14604 1229 6103 9042 4 28 4 14604 10696 5 15658 11284 16192 16404 9457 31 17942 22225 18498 20357 1393 22805 21000 22463 22942 18498 16673 20558 9388 827 31 9193 5 5739 18498 28 9743 13048 4 9193 15658 6256 6103 17908 16673 14409 13284 22959 22463 14881 6103 18304 9010 1893 4 16404 9193 15658 11284 13046 17256 16404 22463 1995 22385 3364 18498 20402 20149 6075 1393 7277 6103 21000 22463 22942 4 22463 7563 6103 28 5 21 
21 29 4 29 4 29 5 5 5 3058 28 28 4 28 28 4 28 28 4 28 28 28 28 28 22 28 28 28 28 28 3364 28 16811 28 28 23001 28 28 28 28 28 28 30 28 21 
21 17244 26 26 29 
14365 21 
21 15678 17950 8147 4766 28 8995 6103 16323 18481 31 8429 4766 31 4984 6435 7625 28 28 5 31 15258 6256 9445 18498 17885 18498 17511 10795 674 1393 20127 7509 16126 7850 3629 7509 9152 7730 18498 20402 12706 7102 20402 9743 17438 15258 4 17934 9010 18498 8995 3730 31 13471 4766 7809 12134 6065 1393 16126 7914 17885 9152 5 16083 17495 17304 20402 18549 18481 31 22463 4526 18498 20149 16079 15678 7277 6103 18779 17885 15678 18470 15658 8995 1593 31 13471 4766 15678 6064 4 17438 9365 4 20149 22463 16126 21596 22463 18824 1157 7730 6728 22463 4328 1157 4766 5225 16367 3846 7850 14534 6103 17885 4 9010 17934 15658 21596 15678 17714 15392 7730 18498 20402 12216 31 17939 15258 16404 18779 31 14080 6103 19616 7730 18968 11750 31 22463 17934 15258 16404 18498 19450 22463 6056 18498 15678 14539 4060 5 17477 20402 9229 18498 17885 12706 7730 18498 22564 20994 6103 19701 17542 1393 20127 7102 20402 18779 7914 1062 18191 17438 22463 17934 4766 4876 22386 7730 4585 4 18498 20402 15678 15258 6435 7730 4478 17285 5 2631 18498 31 17436 1386 18498 7914 15260 22463 6435 9130 29 1249 21915 29 11518 6103 9130 7730 22463 4478 17285 9130 7914 15260 29 4289 31 29 11518 6103 9132 16404 18779 21340 17885 5 
31 22942 11570 20402 22463 2727 17623 7730 21793 5876 20402 17556 4 15678 5179 15258 10795 490 7850 9574 6103 14365 20402 11885 16404 15678 11637 14113 6103 22386 18498 17511 16393 20558 9193 18498 18476 1487 15658 20402 11570 20602 17304 10795 14673 6103 5228 18498 5883 4766 13767 17431 4796 21596 22886 5 21 
5808 654 20539 20 
21 28 4 18481 20126 12780 20357 20 20 21 
17812 14335 16647 7850 4687 20 27 10217 28 28 8995 13900 
21 10217 20 20 
12222 4 15138 3058 20 20 21 
21 1095 15855 9193 10273 18498 13512 20 20 
13640 4 13640 9867 7850 22318 4615 20 19703 28 21 
14924 3080 6103 28 20 20 27 14365 28 21298 29 10217 28 
10217 14365 22356 29 4766 9193 17812 20 20 28 
21 15678 14924 13909 7994 6103 9193 22942 20 
31 8406 7850 4690 6103 11048 20 
10217 28 28 21 
21 4766 14604 12787 20 20 
10217 14383 21298 29 21 
21 15416 4 15416 20 18482 9620 20357 6103 23135 7850 7128 28 21 
9193 10217 4766 1097 13909 18498 8810 20 
10217 28 28 15138 3058 20 4766 9193 15253 7730 28 13512 20 
21 12901 6103 10217 28 14365 22356 29 4766 9193 15253 4 31 18498 7102 22327 4 1027 20 21 
14797 6103 10217 4766 31 1244 7509 7127 20 28 
15658 2631 22463 17478 20 
21 7914 17269 7861 20402 13185 17960 6103 13301 16404 18498 15678 7280 10793 7509 17377 9774 20402 12145 16673 17753 7509 19404 5 12780 6075 9193 15936 1393 20299 9774 5 15658 17304 238 18498 22463 3858 6103 11868 9524 4796 8956 20402 15781 17438 12147 6103 16440 17382 7730 18498 17477 15678 3858 8995 7359 1393 16440 7730 31 11921 20 15658 20402 12861 18498 31 9193 5528 22654 9193 7491 4 16066 8995 8254 0 21 
21 28 4 5528 22654 4 7491 6 565 4932 6103 18498 12780 4774 31 5614 7914 14604 10982 4766 10012 4 17629 6256 31 13301 13909 19883 5 9193 368 0 27 9743 14335 19698 20 21 
28 14335 13591 6981 22617 13909 29 1249 20 
21317 16553 28 29 
184 7730 13909 184 20 
18476 31 22821 23016 1393 21818 18525 31 21535 20149 18832 20 
28 13923 7802 
21 4289 20 20 20402 28 14489 
22300 21 
31 13136 10589 7509 28 13055 4809 20 27 

