9193 19900 15894 8995 5 
29 13688 31 29 1249 2116 5 
21 26 26 21 21 26 20 21 
20420 6035 20149 15658 20402 22304 5 
26 26 30 
21 28 29 26 26 26 26 26 29 26 15803 26 26 26 
7384 9193 13055 19900 27 
21 26 7914 18498 15344 5 
26 26 28 26 21 
7850 23523 18498 21596 2837 
28 
22657 22463 10343 9964 
21 31 4672 15128 6329 
15678 28 22564 3458 16169 5 21 
15678 28 14335 13325 28 28 
21 4676 7509 10620 5 5 5 
31 16440 7509 2485 9010 4179 21 
26 
21 26 
26 21 
21 26 26 26 11617 22 13800 26 26 1983 26 26 28 23274 26 28 
5762 4766 28 5 4766 26 
21 26 15803 26 26 28 28 
28 
21 9193 21282 21596 15836 1249 16673 10366 4 17438 9721 14335 6075 22463 4245 6103 23104 5 21 
21 17629 9594 20670 15678 13079 21 21 7730 21 21 15658 5 21 
21 11617 26 26 26 21726 4 26 12863 22 20539 26 11617 26 21 
21 13761 23016 15678 14600 5 5 5 
22202 21 
21 26 12863 26 26 26 26 11678 26 26 26 26 
26 26 26 26 0 21 
21 17332 6103 11654 4 4901 4 11670 4 9525 7730 16083 14512 18498 31 20709 9743 5 21 
21 26 5 28 22 20539 
26 21 
8995 23016 22463 4292 6103 10413 16673 12899 1614 5 
21 9456 28 28 7730 28 28 
28 20879 28 21 
3058 16123 20 
15005 26 
21 2727 23016 31 20241 6103 16633 5 
20879 22866 5024 21 
26 26 
20215 8956 20709 20 22575 20500 26 2928 
20244 16192 20 20 20 20 20 
21 31 14487 14487 
31 22942 20357 5 
31 4181 20529 4 
15678 6011 15658 5 
31 7728 10089 4 
31 13764 6070 4 
31 16192 8661 4 
15678 21551 19574 5 
31 11891 22240 6103 16296 4 
9193 15678 20352 7599 21988 5 21 
21 21 21 11617 26 26 26 26 30 26 26 26 26 5 21 21 28 28 21 
9971 7509 21551 28 
26 26 26 26 26 5 
21 9808 1249 15604 16038 4 7730 18498 15678 1249 4809 20 21 
20402 22463 7750 7509 18498 11731 20402 5 
23575 7509 1249 14265 10183 
28 28 9942 
26 20749 
21 17125 16066 20149 201 5 
28 28 26 21 
21 20670 31 15653 6103 871 21526 5 
4637 26 15653 21 
26 22 20539 26 22 20539 
21 15533 7509 18689 21 21 9324 21 21 20 20 21 
21 23283 20 20 
20244 13285 23283 21 
11462 21596 20 20 
28 28 3170 20666 
21 7730 9193 8995 6933 18476 31 28 12837 4 7957 14604 5528 16143 5 9193 7102 8995 9743 22463 3227 31 1097 2164 7730 15658 31 8956 4784 5 
28 28 21 
15658 5108 7850 5353 6103 22463 19635 5879 15678 22406 20402 22463 22816 4766 5201 11869 5 
21 26 26 31 26 4 31 2836 26 5 
20244 6660 6103 20352 
26 30 26 26 21 
28 28 28 28 
21 15833 14604 28 18525 22318 22805 4 18525 22318 22805 16169 6103 9634 7850 3459 7730 13135 20149 7855 5 21 
21 1022 8995 21596 5 
26 26 28 26 26 21 
28 28 28 30 
21 11462 20402 20463 7127 6103 9901 13909 22765 4 17304 8678 22463 14469 19782 7730 17942 4 6072 18498 6650 18498 15678 20352 15658 3391 7850 10625 4 9193 23135 13055 8995 13480 16323 12787 22463 1249 14466 7730 22463 13909 6103 19898 7730 7850 18195 23135 21596 31 15713 6103 9901 16936 7509 10765 5 21 
31 15619 6070 16237 5 
21 28 10423 4 28 28 4 28 28 21 
21 26 4 26 26 26 5 
26 0 26 26 5 
26 26 14335 5 26 0 21 
21 7730 31 28 12701 31 21631 7509 1114 5 
28 11672 4637 26 21 
28 30 
21 9193 7850 21551 15658 11284 11518 5 
28 1220 21 
12780 2136 4913 22463 28 654 5 
21 21 21 15678 5571 14706 16404 21793 15678 28 21 21 
21 21 23174 4629 4 23174 28 21 21 21 
26 26 5 
21 12780 8644 15576 4614 7730 12780 23104 20244 8639 5 5 5 
4637 10405 4397 26 21 
31 10765 15658 21596 10060 28 20924 
28 6075 9365 
21 21 21 20402 22463 17743 14155 4 18498 5741 31 3450 7127 4 8278 20462 3450 22897 13909 1138 7509 20709 12858 4 892 15658 1062 6103 19492 4 12851 7730 2195 4 11915 17438 17382 7730 8812 
15678 5224 7509 21 21 11474 3058 21 21 16878 18498 8956 15894 6103 23560 4 20149 21858 22463 10761 5 21 
21 26 26 12780 21596 5505 15678 3805 28 
31 5891 7509 9094 21 
21 28 23274 28 5 
15678 13905 7666 7509 28 27 21 
21 20149 349 871 21951 4 7847 12780 8995 13761 17872 1233 5 21 
15678 16500 19900 7509 4672 5 
21 22087 6103 19900 20149 18533 23104 15637 20709 13591 16066 21061 23480 18498 5592 31 22463 10211 6103 21913 2232 4 4766 15678 18828 6908 14176 4 7409 4766 15678 16083 1962 4 2036 4 2771 21 21 20653 21 21 16538 4 21535 17438 20931 22942 7730 19613 15678 13786 18498 15678 20007 7509 7018 4 8329 31 14245 12479 20402 8328 7730 19335 15678 21 21 20653 21 21 18498 8840 18498 19335 4 7730 31 20709 8406 7914 6126 5 
28 28 21 
21 20304 15678 3724 15658 18044 31 2561 5 
26 21 
9605 17872 7847 18498 23135 9743 16440 7509 14539 2947 7772 18498 31 28 5 
8956 20539 14514 14604 19456 5 
21 22463 11474 13923 21355 20402 14425 4 7509 18498 22463 11474 18498 21681 15678 2727 11876 31 20500 5 31 26 26 21 
20402 7127 7509 18498 14539 0 20 
5997 5 5 5 5 
21 26 26 26 22 18740 26 
26 26 26 26 22 18740 26 5 5 5 
26 26 26 20 
21 29 7707 12684 1453 18480 7914 14604 5574 5 
16323 17872 9193 21 
21 21282 20149 15128 15678 15190 4 15128 17819 15576 5662 5 5 21 
21 10648 13598 13055 20402 866 15242 4 740 13909 18476 20149 20402 7509 28 5 
28 13598 10786 17737 21 
26 20634 7772 7850 26 26 22564 6103 7850 2824 17438 18498 7850 2824 26 3602 26 20634 7772 5 
21 6103 6 28 16404 6 18498 0 30 20 
14425 17737 430 23539 21 
21 7148 6981 22942 4 740 14096 31 17537 5 
4637 26 26 26 21 
21 28 26 9790 17438 28 
26 1825 10197 26 21 
14109 28 
21 26 5 5 5 
21 21662 5 
26 3393 6103 16102 21 
21 11617 22 13800 26 26 26 26 26 5 5 5 
31 26 26 26 26 26 26 26 26 26 20 20 21 
21 7279 7509 18376 5 
13195 14265 21 
21 20149 31 18774 18498 8474 4 15658 20402 22823 5 
20149 15658 21596 22463 4982 6103 22821 6219 4 13640 15658 21596 18774 
20732 336 21 
21282 13821 9743 12861 5 5 5 27 
21 17458 26 7850 21750 8576 26 4 7850 26 8576 15970 21 
21 5 5 5 4913 22463 23559 12309 21282 17872 15658 21596 13909 18498 16098 15678 21645 6073 
30 5 5 5 5 21 
26 11678 26 26 22 21298 26 5 
21 11617 26 31 2824 26 26 12863 28 26 5 
2824 26 26 21 
21 4 
5 21 
16647 15671 7850 29 6 29 5 27 
31 13761 31 22942 20402 5 5 5 
18476 16098 8956 15286 14335 7509 23167 6103 12701 31 28 7730 28 5 
21 23135 15658 20402 15678 23577 31 21596 22463 15533 19854 4 9010 20402 22463 15190 4290 6103 15533 19854 5 30 
9790 17438 28 21 
21 3228 15604 18498 630 9743 5 
26 26 15678 5615 21 
21 22463 22897 22463 1095 14335 7491 4 18498 15678 17106 8561 18498 20149 17304 4807 4 20402 16721 7914 8995 23104 4 18476 7850 22821 9010 7599 7850 11020 19972 6103 8840 18498 20402 31 22942 5 5 5 5 5 
26 21 
15678 28 17819 27 
21 1540 5 5 5 5 
21 14425 9956 7509 15190 7850 14425 18471 5 
28 26 26 20244 4795 21 
27 
26 14335 26 5 
7847 15643 8386 5 
7491 31 13340 18498 22240 20931 4181 17438 871 20826 15242 5 
21 17324 20738 20402 17868 7509 23106 5 5 5 5 5 
16431 6 28 10197 26 
26 6 28 28 28 21 
21 7730 15678 28 740 18533 3224 4766 7847 5 27 
21 11617 26 22 30 26 12863 28 
26 26 26 
26 31 26 26 11617 26 5 5 5 21 
21 9193 7914 14336 6103 29 4766 3388 11020 7730 7914 2442 19448 5 
15678 26 14335 13325 7384 27 21 

