21 31 4086 7509 9634 5741 4 11066 31 28 27 5 5 9901 13909 3086 4 13909 13278 4 9193 15658 14466 10175 
16323 18533 20 8995 6389 7509 14604 5 5 6679 29 5 29 6103 15138 16580 7730 20127 20 7914 17556 28 15678 20463 14425 17737 4289 6 9193 27 5 21 
26 20 7850 26 5 
21 26 26 7585 22 21298 26 21776 26 31 26 15803 26 4 26 26 26 20 
26 26 26 20402 26 5 5 5 26 1631 26 26 20 
26 26 26 26 21 
16323 28 5 5 20 20 20 20 
9808 17438 13909 22463 29 29 13030 20 
14374 20 
21 2932 20 
21 21 21 20559 7491 21 21 9193 368 21 21 7914 871 4672 15658 2631 5 20149 23135 18533 4060 11792 15458 15190 4 17629 18443 20931 5734 7730 10547 7914 18103 21 21 26 28 5 21 
26 7730 2631 20 
6223 7509 4554 7509 28 27 

20402 15138 10151 20 20 28 
21596 18498 23029 11600 5 5 5 7573 20 
16375 20 
7205 20 
2185 2185 5 5 5 
26 26 20 20 20 20 20 
21551 13909 7509 18498 3058 5 5 5 
1027 15138 5 5 5 
10916 
21 21 21 21282 8329 9193 19466 
12780 14335 13325 6103 23135 
21282 8329 9193 19466 5 5 
8329 11284 23135 7509 16083 13131 
1614 7509 16083 9193 5219 14335 16006 
8125 31 9193 910 6103 22 1616 18498 16084 9193 6256 6103 368 
22318 16192 4 22318 11454 
22318 22821 9743 8632 
7730 22318 2169 9743 20537 7914 21793 13727 5 5 5 21 21 
4766 15138 20126 4 22318 1027 9193 1095 13512 20 
8995 7914 16580 5 21 
13640 13909 16440 7 
21 27 
6075 5320 28 28 28 0 21 
28 3630 7 
21 21 21 352 14464 21 21 
28 28 28 21 
31 14425 7681 7509 28 20 20 20 2802 23006 7730 28 7509 3099 5 5 5 27 
15671 7 
14079 27 5 5 5 5 5 28 11211 5 28 
7850 3962 7509 23179 20 15833 21551 3058 5 5 5 
2371 2371 5 5 5 5 3058 6329 8995 7914 3962 4766 31 26 20 
15658 21596 8956 15422 6103 18533 20474 15658 9193 18533 20402 18584 28 28 28 27 
184 20 
15671 20 
4796 9193 1095 20402 13512 7730 14407 
6592 18525 23051 20463 16822 7850 28 20 23273 5 18525 14335 23051 5 2952 5 4766 
21 21 21 17304 20402 18498 22463 7127 9193 538 5 5 5 
9193 4 20149 20402 1097 6103 22821 4 
31 1103 9193 18805 5 21 21 
28 28 21 
26 26 20 20 20 15681 15681 20019 26 
28 13512 
12982 201 18498 23016 15678 29 7509 12263 5 5 5 15671 27 
28 13512 20 
15558 27 
28 4766 3790 6103 6 23135 15658 8995 22805 31 17478 155 0 0 0 22 27 
9743 31 20474 31 21409 14466 12505 27 
28 
20688 27 
10141 
201 23 20 20 20 20 20 
13512 20 
20032 7509 28 20 20 20 
21 10916 5 5 5 5 5 5 5 5 
21298 21 
21596 15138 15266 7850 9971 7509 14604 7251 5 5 5 5 

