27 23 
16135 0 17629 20 
28 18498 1027 
14604 1114 
21 20402 4796 20402 4 20402 4796 10083 21 
7850 1995 
20244 16192 17872 8956 10273 
20402 12861 27 
14604 13905 9691 
27 9193 13055 19900 20 20 20 
26 
21 7730 20149 31 13441 22318 5474 31 2647 31 1868 4 15658 21535 31 18511 20559 23123 20 18104 29 21 
7730 31 29 9193 21282 662 20 20 
21 6103 9193 4 17438 9193 20 20 20 21 
12664 5576 20 20 5942 5013 4766 21021 20 2877 17438 1114 
12233 
288 13043 
20749 14335 11165 5 5 
21 16404 5219 15678 18498 18533 4 23135 7102 15855 991 7509 18498 23135 22805 21 
21 20472 12780 19761 31 29 7795 7509 26 26 26 7850 26 5 
15678 14425 15924 2547 6103 28 8995 6103 23151 5 5 5 7730 2371 4 12780 9901 6103 20402 0 
23016 17872 26 26 15924 6103 22821 9620 29 21 
21 20402 6472 16673 28 28 4 7730 7847 21371 6472 31 28 28 4796 7847 20402 9066 17605 9594 18498 15658 12780 17525 8443 9743 8956 9721 7730 21776 17525 22463 26 9193 6103 3790 13253 31 29 7509 14049 4 6103 15299 1095 20 20 6472 31 28 28 7730 31 28 28 23135 21596 29 2702 21 
14425 4842 
21776 5741 15253 
15604 12520 7509 9634 
13325 866 0 0 28 28 28 28 28 28 30 28 28 13817 28 30 
7730 14335 7491 15678 18498 20420 7509 9193 22942 20244 23135 0 
15658 368 18498 15678 14604 4122 9010 4885 6075 19856 6 13749 9172 6 
21 31 14464 17629 5762 22463 26 17872 9594 13923 7509 16083 4 288 18498 7847 8995 17629 5876 13909 7509 22942 6281 11300 4 17658 20402 9074 7509 18498 19745 29 21 
21 26 4 28 7730 26 4 20444 0 21 
9193 31 16816 7509 
21 22 22 7847 15658 20402 19745 4 7847 9743 19751 7174 5 5 22 22 
28 4 28 21 
9193 1027 6103 31 16816 7509 
2372 15678 13098 31 6103 31 
18533 17583 6 
2136 18498 19283 12780 20 
9193 22318 7491 18498 22463 11518 9193 12784 3697 5 5 
22463 7127 630 5741 7730 1540 20 
16440 
8995 21776 3183 
31 22821 20402 18498 22463 20853 10795 16083 5 5 
8995 7850 11518 6103 8918 18525 15643 13325 6103 22318 5 5 
12780 22463 2371 0 28 28 
21 23135 20402 22327 15678 18498 9193 18533 4 6103 22327 15678 18498 9193 17629 5 5 21 
3058 7127 17872 18525 15658 20402 17872 8632 7730 740 8995 7850 3590 20 
20244 17807 22318 22805 20852 20 
7110 15678 14604 28 20463 10716 
21282 17458 9193 21752 29 7914 28 31 17923 15658 22126 31 18069 4270 
22 22 7730 18525 20402 23135 18498 8406 7850 9193 22942 7509 15299 7730 14335 6256 22385 2462 6981 12939 0 5 5 22 22 3058 15533 
9193 11284 6103 5204 21680 5528 7692 6329 5 5 
15855 20463 10530 9942 27 28 28 

