10765 9743 15678 21662 16404 753 31 16967 6103 14548 7509 28 5 
8443 5 5 5 5 
8632 15894 21596 2154 6103 11454 
28 20 20 20 
20402 22327 20 20 
12780 0 0 
21 3364 4 9193 28 13512 20 20 21 
8956 7563 21596 14335 9847 15138 20 20 
21 20244 22073 4 17438 22463 20247 5 21 
21 16786 1409 16673 23113 5 4 28 28 15658 20402 22327 20 20 20 21 
21 9594 18498 15658 12780 14335 1409 4 9193 4289 22463 23113 5 5 5 5 5 5 7730 5 5 5 5 5 5 26 11943 26 26 20 20 21 
4181 20 20 
28 18328 20 20 20 27 
21 14604 5528 15658 14335 9594 15299 4 21282 20357 5 13055 9193 18736 11091 20 20 21 
8995 21556 20244 21500 5 4965 4815 17438 1614 5 
9193 21423 13512 20 20 20 
18930 20 20 20 
12960 7850 9193 3790 20 20 
21 18930 4 18471 7730 3058 17807 20 20 21 
21 10696 13512 7509 21739 4 29 1249 6103 15138 835 20 20 21 
17737 7509 8632 28 28 5 7995 4766 31 6304 20 20 
11462 20402 15678 1247 7509 28 5 16323 20 20 6408 6103 22318 22327 9901 13909 2725 20 20 20 
15855 12861 28 20 20 20 20 
21 3364 4 15855 12861 6 21 
20825 15658 5960 15299 5 
21 15576 6996 14660 4 7770 16404 9901 15637 3962 4318 5 27 21 
1540 20 20 20149 17304 15658 22564 20 20 
4181 20 20 
10268 21704 15481 5 
10268 21704 15481 
910 12979 5 
22821 20 20 20 
4181 20 20 
21 4766 13731 7730 15460 7850 3029 4 22773 4 15424 19900 18498 21596 8956 21346 20 20 20 21 
21 3488 12785 4 4766 15678 20693 5 9193 21810 15678 3488 20 20 21 
16404 20149 8095 20 20 
20244 4795 20 20 20 
13591 8995 20 20 
21 7730 6408 6103 22327 4 31 16971 155 7499 16404 19196 7277 20670 31 14994 4 15678 18498 20149 18707 20402 13909 22463 15127 4 18931 15601 13727 4 7957 31 9193 6189 4 9913 7730 2136 14539 5055 11570 21596 20402 3263 9835 4 8995 19506 4 21596 10268 7730 5521 16404 8241 4 17324 31 15522 7509 9193 910 7730 31 19543 7509 14604 3952 16866 12515 5 21 
21 16323 4 28 4 9801 20 20 20 21 
13892 20 20 
21 5037 6 731 15291 6103 20127 21148 5037 28 29 
2504 15987 6 26 
3858 6 22386 7914 19167 7 22386 449 
8634 6 15669 15260 
8995 6 15291 
15677 6103 22640 6 29 
19276 6 2136 18610 29 4 29 14667 
12408 6 8406 29 6103 6103 15612 29 7730 29 6103 7119 6103 29 
21440 6 18610 29 
6086 7509 18069 6 29 6103 9883 6103 29 21 
21 17629 21282 7509 28 4 17324 10868 9193 21596 4 9620 15678 7251 20 20 20 20 21 
9743 14539 31 15704 0 
7730 740 6256 15678 12953 7914 16580 5 20402 22318 7509 20 20 20 
9193 20402 22463 20749 5 5 5 5 5 18482 17787 20 20 
14792 20 20 20 
11165 15678 2573 5 23029 29 11048 5 
17737 18498 18876 7509 28 5 
2725 11477 7509 8632 28 28 1393 17931 5 
21 4796 9193 15658 21596 6103 9707 1097 9193 21596 22310 14667 7850 28 5 
4796 9193 15658 21596 22463 22942 12577 4 10289 22327 7850 9193 7730 4854 4766 4766 21793 5 
31 9193 20781 20149 12425 6103 21340 10211 7730 7847 20402 22385 9121 18498 9193 21596 18498 9743 4766 18498 15678 16083 14335 7491 1616 18498 9193 6615 4 18498 31 9193 22942 20402 22463 22942 18498 22657 31 16689 20402 23104 2092 7509 15728 7509 16083 5 21 
21 15708 4 31 21793 23135 4 17563 13512 20 20 20 31 9803 6103 1247 18498 18876 21858 8956 7127 740 13909 8810 5 2702 20 20 20 21 
21 15708 4 31 21793 23135 4 17563 13512 20 20 20 31 9803 6103 1247 18498 18876 21858 8956 7127 740 13909 8810 5 2702 20 20 20 21 
14604 17737 20 20 20 
21 28 5881 14706 4 9193 12787 17714 31 9784 7509 14604 1247 21 
17737 6103 28 
21 31 11685 20060 5846 4 16936 7509 4761 20402 28 4 18876 13909 16066 14466 22463 29 19116 7509 28 5 21596 5758 4 11669 4 16971 6103 14336 11636 18498 23016 20813 4766 31 19830 7509 5574 5 20149 873 21596 866 16404 7512 20402 15138 2727 23016 7730 17304 6256 13761 7279 5 7847 8995 923 7850 18191 11685 5 7847 17629 6103 22327 4 19830 4 4796 4 3228 4 19277 4 17915 6103 11394 8235 4 22327 15138 7514 13055 18876 4 9193 5 5 5 5 12780 15988 5 
740 17629 6 
10441 
9667 6103 22197 
16108 
19971 
2368 
23561 
10433 
22829 
3884 28 4 22617 4 2294 
20069 14239 15677 29 
20069 9818 29 
20069 12240 7509 15677 29 2136 29 30 7730 30 5 
17915 6103 11394 16972 4796 19904 4 16493 7730 8664 6103 6383 4 26 4 16296 11398 5 
29 9965 6103 702 
29 13557 
29 4433 
22463 14252 16404 14810 14245 6103 18374 18498 8995 22782 
1506 23162 6103 17934 7509 20127 4796 18240 4 6386 7730 3843 
17931 6103 28 23162 
5322 6 7507 28 16066 28 29 5 29 
7914 29 6103 20460 31 16455 238 753 6103 23162 16404 15988 31 7514 21 
21 23523 6103 16067 7509 10584 
13616 6 21468 7509 20450 20402 28 7509 19698 17790 
8186 6 2277 5 7682 6103 28 4 29 22971 28 20402 28 7509 19698 17790 20402 28 7509 19698 17790 14119 
11205 6 17431 4530 12146 6 13591 
15678 20019 7509 1249 6103 29 1393 9975 7509 7707 6103 29 20402 22463 7509 17835 19362 7509 16953 13909 19671 7509 15286 17431 3170 5 31 2093 19229 31 3718 21787 7850 10584 4 5762 16404 7934 15678 1341 2433 9193 21009 7509 19698 6103 12897 7730 21596 4796 3802 17835 31 12290 7509 4346 4 31 6070 7914 16312 4 31 17743 7509 14577 7730 31 11906 7509 12484 5 6408 6103 12545 16967 7730 19456 1393 21942 4 15678 11111 23016 1393 16196 16404 19632 7730 19640 9010 14924 20962 4 17438 14336 6103 1753 7730 12483 18191 7509 23523 5 21 
21 15678 3488 
13616 6 21468 7509 20450 20402 28 7509 19698 17790 
8186 6 2277 5 7682 6103 28 4 29 22971 28 20402 28 7509 19698 17790 20402 28 7509 19698 17790 14119 21 
1027 20 20 20 20 
21 14604 1095 18533 4 14604 
15880 1095 8995 20293 31 20931 8840 20 20 21 
21 21 21 31 20781 20402 31 20855 6103 21793 15678 8908 9330 5 21 21 
28 28 21 
12446 16404 22463 20247 9808 20 20 20 
21 15658 20402 15299 5 
15643 20402 15299 
15658 17511 18533 20402 15299 
31 16440 12861 21596 7914 9193 21793 15678 20826 7509 15190 5 
28 6103 3630 21299 21 
21 6340 20402 15944 31 21793 15678 14539 17406 6103 16440 5 18481 1393 17406 6103 4289 4 6400 6103 3450 22463 5 
28 28 21 
21 7753 21911 13738 7127 29 6103 20460 6103 29 
7914 29 6103 20460 6103 29 21596 22463 7753 13738 21911 15678 18470 12345 4163 6103 29 29 7730 21596 15252 28 13909 8713 17438 23151 6103 29 29 5 31 28 8995 951 15678 21551 21793 15678 18498 9569 31 15728 5 15678 7753 21623 17438 23151 7509 29 29 5 15658 11284 15425 16849 16404 31 22886 9010 15728 4 1393 5431 7509 7753 20751 5 15678 11538 6075 20402 16404 15728 31 16440 6103 28 5 15678 7753 20402 23068 7914 21793 15678 28 4 4766 13483 7178 6103 12760 7730 22392 5133 15678 13616 5 21 
21 20149 15678 14604 16169 8995 8406 15671 4 11462 4788 15678 1247 6318 4 17304 19210 1614 31 20931 16920 4 20931 835 4 20463 7730 8564 7730 265 7730 20684 6157 31 11514 6103 22397 4796 14604 16169 5 9193 4 7847 20149 8147 7914 16083 17226 7730 21282 17629 16580 7730 13759 18498 15678 8458 2092 7509 9193 15965 7730 7509 15965 6103 21793 15678 1097 5 20463 15540 4 13414 19668 7509 28 5 
31 9808 4668 20402 18498 11462 21371 20402 1247 7509 9193 28 12787 28 4 31 15253 7509 14604 15138 4 15138 28 28 4 7730 16404 7847 31 17316 41 6 
9193 13405 20463 5528 4815 
28 28 
9193 13405 20463 5528 4815 
9193 15678 13405 7850 14604 5528 
9193 15643 8995 20244 7847 
15894 18533 18498 9193 12780 23135 12780 4 9193 18533 7 
7730 15678 18498 20402 9790 21282 17438 9193 20402 20463 9790 4 9193 28 
15658 21535 15678 6996 
17324 23135 20402 14604 6996 4 14604 8095 
15658 18533 15678 15190 
16673 2717 6103 23135 20402 14604 15190 4 9193 22821 
7730 23135 20402 22327 15678 18498 31 28 20293 19363 
7730 22327 18498 22463 20749 12780 13695 20402 23135 
7839 15678 13905 20191 18498 15502 5174 
7730 7839 31 18657 7509 18657 7730 15678 3256 7509 3256 
7730 15678 6014 7509 6014 6103 22463 23501 4229 22942 7 
18498 5741 991 7509 18498 31 910 20825 
16066 31 14487 17304 8644 
7730 9010 20402 15678 14668 18498 14096 31 9094 538 
9193 13405 20463 5528 
9193 15678 13405 7850 14604 5528 5 21 
21 17563 13512 7509 28 7730 7509 26 15658 14335 14018 5588 4 17438 22463 18553 6103 28 1369 4 472 18506 22463 5588 4 20402 22463 7901 31 9193 595 5 21 
17563 14604 26 29 29 
21 16881 4 18525 12780 0 21 
7730 9193 368 18498 8995 8474 17556 20 20 
21 6408 5100 4 17629 6670 19509 6103 20781 4 16404 8386 20670 15678 19509 6103 4842 5 9010 19509 6103 22942 4 18498 9193 13010 13055 20402 22463 9334 4 22463 84 7085 1097 5 7730 9193 18498 15643 16765 31 1103 4 15643 8840 15299 7509 20774 4 1453 7509 5358 7509 4600 4 22463 4179 12780 15684 4 20402 28 5 9193 17629 6075 19509 6103 20781 16404 1540 20670 9010 19509 6103 1103 5 
28 28 15253 31 15244 6103 9743 8794 30 29 5 
8956 20402 1612 13591 18498 23135 21623 7730 21596 4181 18498 22657 31 16689 23104 16404 22397 13471 5 18930 20 20 21 
21 7730 9193 20852 5 20346 22463 11663 17438 6389 4 9193 20852 5 20402 7509 5896 4 15678 9140 7509 5896 18498 9193 15247 3450 10826 5 
31 15244 6103 9743 8794 4 6103 28 28 15253 18352 29 21 
21 6073 15344 22463 7217 6 20402 14425 20402 28 18498 21535 4 16066 15678 12728 0 19474 18498 20420 17660 20402 1067 31 4672 4 9193 4 4796 20402 15138 7188 5007 4 16391 15138 13909 20215 20402 21535 7509 18498 28 4 20149 21282 20149 17304 20402 22463 6281 5 5 5 5 
28 4 15658 5 4 15678 18165 5 29 7783 5 4 26 5 4 28 26 28 4 7783 5 28 28 4 29 4 16404 5 29 5 21 
21 28 26 28 0 
28 26 28 0 29 
3943 10943 26 28 0 21 
21 16972 4 276 15678 8186 11561 26 5 30 30 30 7730 1926 31 16990 5 21 
21 9193 21793 7914 9193 21793 7127 7730 15658 23029 22463 21021 2136 11462 4 18525 19900 1022 20 20 21 
6834 20530 16673 15533 20402 22327 20 20 20 20 20 
17658 15658 4793 20 20 20 20 27 
21 15138 9808 4 28 9193 28 16468 7850 15679 5 21 
6075 22463 23167 6103 16475 7850 28 20 20 20 20 
21409 9808 20 20 20 4766 28 12787 7509 28 28 28 5 
21 7730 654 28 0 
23135 21582 636 20207 15678 18498 20402 15001 5595 4 31 16971 11091 6830 5 5 5 6830 5 5 5 6830 5 5 5 5 7730 15658 9605 13909 4766 23135 5 23135 3348 15678 14604 13284 4 31 16971 22564 16192 6103 2442 3581 16404 22318 6973 5 5 5 5 
15658 8720 7730 15658 1676 20 20 20 21282 28 7850 4060 20 20 20 21 
21 11284 9721 22385 11020 18498 21282 17304 20402 16162 4766 31 12329 5 
28 7670 21 
21 6324 6103 3885 4 1097 18533 4 15138 20019 7850 18376 5 5 5 21282 835 20 20 20 21 
6324 6103 3885 20 20 20 1097 18533 20 20 20 20019 7850 18376 21282 835 5 5 5 
21 31 8838 21596 7558 9942 13512 4 31 12159 7730 31 5521 7 31 12159 9193 8361 31 15658 238 31 4672 4796 8995 7 31 5521 4 31 15134 5 21 21 
20060 28 5 21 
16404 28 28 5 
21 9901 13895 4 15658 17438 14335 21596 14487 4 9193 17438 15658 17304 23151 31 369 5 
28 28 21 
21 13441 20402 22463 16192 18498 15678 20825 11570 892 4 15658 11284 15502 18498 9431 7730 15502 18498 15658 8386 5 5 5 5 6103 28 28 21 
21 20539 4 9193 10268 8995 7850 20781 5 15658 21596 14378 15424 6103 4380 21547 15424 7509 11020 22796 20786 4 17324 9193 21371 20402 15678 8713 7509 15533 5 21 21 
28 28 21 
9193 21423 13512 20 20 20 22318 1027 20 20 20 9808 1247 20 20 20 
21 7491 22463 2976 15643 13405 15502 17872 3459 4 14539 17458 15678 18498 20149 7491 20402 16491 6103 12621 5 5 5 31 8003 7509 14924 4 15678 5348 7914 18498 15770 15678 9707 4 15678 20357 13574 7730 14564 7509 16192 4 4 4 7850 3962 20471 9818 31 21928 4 4 4 7730 740 11284 31 17517 6103 19564 7730 7850 17106 7509 11444 16158 22463 4203 16066 17767 20446 31 4964 4 4 4 17872 18525 13055 20402 23162 4 17556 373 4 654 9707 11051 20402 9616 31 1927 7509 16083 7914 7535 4 19335 22898 5 5 5 12861 20402 5767 7730 6075 3459 5 18525 21596 21526 6103 22954 15658 7102 2050 16633 5 5 5 21 
21 11462 20402 1247 7509 28 4 31 835 7509 9634 
16323 4 14604 1114 4 18498 31 20931 22942 20402 13669 7730 13512 20 20 20 20 21 
21 7730 8443 15678 11474 3166 4 22126 31 28 4 9193 31 14099 8644 4 15658 31 1547 31 5621 4 20420 15678 20463 15540 20970 0 21 
21 23135 22805 15678 14464 15344 4 16647 7850 4687 5 5 5 5 15678 14464 5741 4 23135 15678 8147 4766 29 1249 9130 28 15637 9774 4 7847 9901 15138 21551 5459 991 6103 22318 8627 22463 14984 6103 4672 4 22318 18927 31 2510 23522 5 23104 20402 3058 6329 20 20 20 20 21 
21 2725 18928 4 22657 28 20 20 20 21 
21 15678 228 8995 17737 7850 22942 18498 13405 5 15902 5 18494 22327 349 17438 228 5 15658 16765 31 816 17458 21570 31 22805 9312 15678 18498 8840 22805 5 21 21 15678 1190 7509 3367 21 21 201 6103 13359 5 18930 5 5 5 7730 8060 5 21 
16404 15678 14604 1027 20693 20 20 20 
4796 9901 31 5216 6103 18525 5762 17877 16404 15678 16083 7730 20149 9996 6103 15036 0 
21 19708 6 
21 21 15678 2131 20149 6722 7730 21858 20149 9244 5 31 2118 7509 9244 22318 13480 12429 7730 7491 18498 21282 18533 8386 15678 20463 6723 21 21 21 
21 28 4 13359 12861 21 
21 7730 8443 9743 20149 15678 20537 17324 1603 21582 7111 22463 2727 18498 13283 31 16933 4 7847 19900 18498 15001 15658 20402 20463 4 13909 22463 22897 5269 18498 7957 15678 21551 21371 16404 7847 21596 16468 4 15678 20463 3388 20149 8621 4 31 20931 16668 21596 20738 31 2367 7509 21551 4 7847 12430 7914 14096 2053 18191 7509 12319 7730 2136 31 5843 7509 16192 13045 7850 17819 9692 7509 22942 5 5 6221 15658 17304 238 15678 444 6103 22632 4 7730 15424 6103 13667 4915 15678 22816 23104 5189 4796 30 8329 7847 11091 12429 6830 5 5 5 6830 5 5 5 5 6830 5 5 5 5 7730 8443 12456 15678 20537 7730 1616 18498 17304 20402 9570 352 8406 15678 7558 4 21267 654 6146 16673 13048 7509 11474 4 740 18498 7847 7693 7509 20463 3952 14996 4 15658 17304 12894 5345 15678 20463 3952 13278 5 21 
21 7730 1920 5 5 5 5 5 4289 31 13909 22463 9971 20 20 20 
11518 6103 16367 4 6564 4 19308 
7730 18931 5 5 5 5 5 
1249 2137 4766 15138 1542 4 
15678 5742 490 2092 7509 7594 5 
7730 15678 8094 2092 7509 1114 20 20 20 
18950 31 26 4 7509 18498 13010 12277 5 5 5 5 
7491 15138 15708 1393 22765 7730 15619 1097 4 1393 331 4 7348 6103 21793 5 7491 14667 22898 15708 1393 28 4 9193 1095 7730 22327 13909 4 28 4 7730 28 1049 10793 28 7730 28 4 3702 16404 4687 22463 5528 16440 28 7730 28 4 28 4 28 7730 28 4 827 4318 4 28 4 28 7730 28 5 30 28 4 28 4 28 4 28 7730 28 4 18498 9743 31 14049 8810 4 28 4 31 14464 13512 7509 9540 16673 835 7730 4842 4 28 4 31 6304 7914 16971 5 
4809 22463 15604 9169 5 5 5 
12780 16647 31 2661 4 
155 31 5627 7509 10530 4 
19133 31 16032 7509 9193 22942 4 
4766 5521 4 10680 4 7071 
7730 31 4181 18498 20402 9808 20402 31 23577 19969 20 20 20 
2725 1249 15604 16404 21793 15671 4 
18498 1471 6103 22327 
19900 18498 23104 20402 3058 6329 20 20 20 21 
21 23570 8406 16404 31 15533 6103 20474 4 28 4 28 28 7730 28 4 17629 9901 3058 2136 1022 4 20725 20 20 20 21 

