12861 22657 17872 22327 7850 22942 20 
8995 20244 4122 21556 20244 21500 10041 7730 20244 6931 21371 5 5 5 22463 14810 6103 17705 7730 20319 6103 13441 27 5 5 5 18525 17629 17304 4229 11980 20 
9193 6670 15678 17838 15658 20402 10546 7509 9083 7509 26 13085 5 5 5 7730 8956 1386 20402 31 13909 4649 7850 9193 15936 5 5 5 
21 22463 21932 14149 4796 8956 7102 20402 7480 20293 5 5 5 15708 16673 3766 28 6103 28 4 1027 20 21 
16296 6103 4641 
21 16404 18525 21596 17233 6103 12780 16404 28 4 16066 20559 18533 5174 13909 20670 31 4417 4 12145 8956 2949 28 7850 28 5 5 5 7730 1471 6981 26 15658 20402 6103 7157 16404 22917 4 20402 2727 12577 5 21 
9808 7127 7509 16169 20 26 26 22 20539 26 20 
21 4796 20402 3058 19611 16971 22385 8810 4 7730 740 16429 6103 22463 14924 22385 11861 4796 8956 5 20402 2727 23016 16753 28 20 21 
21 20402 3058 22805 11454 6103 16971 22385 9509 4796 7847 4 991 6103 22463 4128 11806 7730 2077 12094 5 21 
21 21 21 16404 6103 16721 18498 23135 20402 8810 5 23135 20402 16083 12979 17934 12230 18498 15658 21596 15138 16404 15812 740 5 23135 17304 20149 21858 8810 21932 7687 17438 2625 21551 5 21 21 21 
21 31 3610 6103 11462 21681 4380 7730 2605 4 9193 31 18937 20402 20311 9867 7509 17337 28 21 
21 21 21 18476 15678 6011 11570 20402 17504 4 9193 12537 2156 4 16404 6103 7043 18987 16404 16721 20670 1268 5 21 21 21 
9422 10695 15533 8795 
21 17769 2031 7850 8524 22602 15459 4561 5 703 4795 5 5 28 28 4 28 28 7730 28 28 5 21 
21 28 10259 4 28 28 4 28 28 28 4 28 28 4 28 28 4 7730 16404 21793 15678 14604 1097 18498 1532 22463 3058 3488 7730 22463 1062 343 5 5 5 21 
2154 6103 5763 
21 21 21 26 22 18740 26 26 21075 26 5 5 5 26 21776 26 26 5 5 5 21 21 21 
21 13055 17525 8956 23222 4 9193 288 18498 11020 21346 7102 20402 4854 20293 5 5 5 26 26 26 26 26 21 
21 15658 5174 15678 3959 4 9193 288 13512 6329 21 
14703 10795 7509 10941 
7730 7847 6184 15678 17819 16620 7509 3031 17872 9193 20 16323 14604 1248 28 5 1027 23135 13909 18498 20866 
21 31 22942 14335 9743 6103 22897 7914 18476 16933 4 4796 20149 20402 16404 14335 6075 31 14370 7509 18498 9193 16784 15658 16933 5 7730 8443 9193 19900 6 16933 20402 23104 5 28 28 21 
19522 7509 22202 15596 6103 15908 5 26 
21 23029 2066 7914 29 4 29 4 29 5 5 5 21 
18498 13512 20 
21 12861 20402 18784 15138 23558 4 7730 15424 22463 17556 5764 5 5 5 9193 10959 7509 19522 21 
15658 17629 7491 15299 5 5 5 20559 22657 31 16689 13359 5 
21 27 4 12780 7850 8849 5 5 5 21 
21 15658 20402 15678 13909 10259 18498 20688 4 15424 15678 13909 12534 5 18525 20688 20402 15678 13909 7360 1393 15127 5 28 28 21 
15678 23577 11474 7509 2510 20402 15678 3711 28 30 
21 16972 4 9010 15266 21596 9784 7509 28 4 23016 17774 20 21 
21 21 21 21830 22240 31 7206 16673 7447 5 12780 20402 7188 9193 9901 2727 6103 21080 4 9193 8840 21596 20214 17872 15658 14335 11862 5 21 21 21 
21 15855 4 20402 15678 28 5 5 5 8840 4 20402 31 28 20 21 
9867 5091 29 9867 5091 
21 31 22898 31 22942 9193 13405 17438 3611 22385 7188 18498 15658 19900 9431 5 5 5 9193 7914 22897 6103 9901 17908 15678 17460 4 9193 17658 368 18498 22327 21596 22463 18020 6103 28 5 21 
21 3058 4 16673 14466 9193 21582 5 5 5 27 21 
13909 22463 9956 1668 18498 22657 31 16689 5 7451 7850 14370 4179 20 
10959 5 5 5 873 21830 0 

1485 16404 7847 20 
21 19295 31 8208 
22202 7509 22326 7730 3432 7509 4385 21 
4561 7451 16404 8120 15678 7576 
21 18525 5174 16971 308 6103 29 1249 18498 1547 871 20615 6103 28 4 18930 16429 6990 16967 5 21 
16323 20 
15678 16587 18498 13909 4778 4766 9193 16920 20402 31 28 20 20 20 20 20 
21 21 21 31 28 7509 22942 5252 7914 9743 7509 22942 22463 15704 6103 28 5 21 21 28 21 
21 27 4 8956 28 14335 14265 6103 19698 5 5 5 21 
21 7509 1845 21347 18498 17556 10765 5174 5 5 5 
8956 4561 20402 6329 20 20 20 21 
20402 3610 7730 8147 22463 18055 5 5 5 17931 7730 20463 970 5 
21684 13909 4649 18498 13359 2136 654 20670 31 5782 5 22657 31 16689 13359 2136 15678 9975 20 
21282 11462 22805 7558 11644 6103 15422 18498 13055 16721 20149 21858 18774 6 26 4766 7157 6103 17807 6103 4782 7730 16142 26 5 288 18498 8995 16784 21551 21282 16721 5 5 5 
26 26 20 
15299 14425 7509 18498 21623 15678 7127 4766 15286 3058 5 5 5 
21 13512 7730 7994 9956 18498 19563 31 22942 6103 22463 16971 18498 8241 31 7188 7544 6103 28 5 5 5 2725 2130 4 28 13909 18498 14514 6103 28 28 5 21 
21 21 21 20825 15678 7726 3510 4 5851 20954 5 5 5 21 21 21 
21 21 21 12780 7957 5 17438 14764 4 17438 1249 16066 17872 22942 5 20149 2164 4 15424 18498 20402 17872 8147 4766 23135 14539 5 18481 23151 7730 20149 23151 12780 22805 31 4672 6103 16083 16925 5 21 21 21 
24 28 26 
18498 17441 6103 17375 18498 20149 5762 17438 22463 22886 5 5 5 
26 28 26 11661 
6329 5 5 5 
4809 21787 16673 19856 6103 20402 28 7730 9743 12861 2136 11462 5 5 5 
17822 7730 31 30 30 
13512 7730 15392 20 
15138 12577 20 
472 9193 4842 20 
3058 7127 20 7730 12780 21932 5 
26 5 5 5 
21409 7914 9634 
21 26 20402 26 26 26 26 15803 26 26 28 4 26 26 26 21776 26 31 26 26 26 11617 2136 26 11617 26 11943 28 5 5 5 23 
9808 17438 1937 15678 17819 8503 6103 26 26 28 4 7730 21371 17438 22805 866 6310 18498 4796 18476 8995 7850 28 5 5 5 23 21 
6329 20 
28 16811 28 12372 28 15018 28 28 28 6981 28 28 28 
15138 9193 20 
21 7174 6103 22327 18498 13055 18069 5 5 5 4189 4766 10433 4 17737 7509 21083 1095 28 28 5 5 5 14335 26 7850 4191 4307 20 21 
26 26 
21 26 26 20 20 20 20 
21 21 26 26 26 26 20402 26 26 22 18740 26 15678 26 0 
26 22 18740 26 26 26 26 26 4 26 
26 7585 22 21298 26 21776 26 26 4 2377 
26 7585 22 21298 26 21776 26 26 4 2377 
26 7585 22 21298 26 31 26 15803 26 26 26 7509 5 5 5 21 21 21 
21 11462 17159 7850 12880 7730 20402 4796 26 26 5 5 5 7730 288 21083 13278 8956 11721 4 17324 3450 22463 14335 13325 22463 1095 5 5 5 7730 740 16098 7491 18498 20402 31 6842 27 5 5 5 21 
15138 3058 20 
21 13055 18498 15678 3251 16784 4 10648 22463 17041 6103 10433 16404 14335 5255 5 5 5 15708 28 20 21 
3960 28 7730 28 9801 1393 3959 20 20 20 
23 0 27 28 15018 28 28 28 28 28 6981 28 28 12372 28 16811 28 28 28 28 28 28 28 
15138 3058 8995 4766 23135 20 
21 4766 28 28 10259 4 28 6103 9743 4 28 28 4 28 28 4 28 4524 13817 4 28 28 4 28 28 4 28 2606 12984 5 4 28 26 28 21 
21 9634 7914 14703 5 5 5 15833 22144 3058 5 5 5 4766 28 28 10259 4 28 14418 4 28 28 7730 28 5 21 
9808 28 31 21793 20 
21 23570 9956 4 4766 13530 2118 7730 23570 10279 4 110 15678 5662 7730 31 19225 7850 20402 7197 5 5 5 7730 20402 15338 15678 18498 7850 9193 15936 6256 13909 17571 5 21083 12145 5 21 
21 12577 4796 15678 12979 23016 15128 20463 4982 4 17836 18476 20149 22805 31 8964 7914 20207 13727 4 20402 18498 11284 22310 1249 9010 17525 16933 1393 20402 6472 5 5 5 21 
15533 6103 14245 7730 22996 7850 4842 7509 1095 28 28 7730 28 28 
15678 18498 9594 6103 22463 16587 5879 1961 13909 17908 7850 28 7850 1249 6103 29 20402 2836 26 28 0 
21 22385 18705 6103 20149 22805 4 16404 17872 7491 
16404 9193 20402 9808 16404 13761 
8840 2371 4 15678 18498 20402 18498 11284 0 
18533 22805 18525 12780 14335 11810 
6103 20852 7509 16404 2136 15678 28 
15138 3058 5 5 5 
15658 368 18498 15658 20402 7850 20497 6318 
26 26 20 
22942 6103 7589 6103 3962 15658 20402 10544 26 14464 5 5 5 28 28 28 28 28 28 20428 28 28 28 28 
21 23 4 5692 20 21 
15678 19698 6103 12897 5360 13512 
21 14604 28 4 15708 17438 8995 4163 6103 16971 22385 14149 7730 4290 6103 3058 12551 5 5 5 22463 20558 26 4766 10273 7509 9193 9634 20402 21036 16404 18069 18498 20402 15138 78 4766 9193 1103 7730 9193 9634 5 15708 16673 1103 7730 3870 20 21 
10907 28 20 20 20 20 20 20 20 20 28 26 
6243 6103 11462 5 5 5 20932 20 
20311 14437 7730 13375 5 5 5 
15678 18498 288 6981 26 0 0 0 0 28 28 28 28 28 28 28 30 8335 28 
26 20 
10959 5 5 5 
9224 6103 11462 6 26 3504 7509 30 15138 3058 4766 28 22666 11578 
21 13909 22463 5 5 5 4766 26 28 4 28 28 4 28 13817 7509 28 7730 28 28 5 5 5 5543 6103 28 28 28 
21 20244 18533 288 22463 26 7850 28 6103 18476 9193 6070 20402 9193 18498 17525 4 9193 15424 13325 5 5 5 18498 20126 5 5 5 21 
22463 16753 1127 7509 9975 6103 20247 7914 9634 5 5 5 
2433 31 9645 7914 3402 22825 14613 
1276 7730 6408 7509 28 
18475 20257 4766 15678 4966 20703 20402 14532 4668 3047 18498 16169 20402 8956 0 
26 19891 15678 30 20 20 20 20 20 20 
9867 13512 7509 28 20428 7730 7509 28 28 
4796 20402 3058 8956 20319 20 
20402 3610 7730 16404 16404 21810 22463 21594 5 5 5 4766 28 28 
1271 16404 14247 15678 29 22 20539 5 5 5 27 
7914 17269 21648 5 5 5 
21 20539 4 9193 472 8956 17667 6103 21252 31 21409 5 5 5 21 
3047 9244 20 20 20 20 
21 23575 7127 6103 21 21 10548 21 21 5 5 5 21 
21 28 28 4 15855 12861 20 21 
14915 31 16192 5 5 5 
20311 4796 20293 5 5 5 
17667 
21 27 4 28 10648 22463 17412 14604 17438 10959 6103 28 26 5 5 5 27 21 
22463 7509 14426 22996 18498 13055 21810 20402 3641 5 5 5 
14799 16150 6103 28 7730 28 
21 22385 9594 18498 11462 20402 7127 7509 12787 5 5 5 4796 9193 9743 1247 7850 14539 7127 18498 15678 14604 4 12780 1575 31 6086 16404 11479 5 5 5 3213 15138 7686 15138 21551 4 2136 16765 18498 31 7178 15658 20402 15083 16404 6544 5 9193 20402 29 7730 7847 29 4 9193 13026 15678 7558 21530 15678 8522 5 5 5 17438 12861 9193 1540 15138 4766 7847 7730 368 18498 7847 4815 5 5 5 28 28 10259 4 15708 16673 16378 12787 20 21 
21 4730 22463 21083 4092 7850 14604 3906 4 7730 21596 31 15941 6103 16098 22463 15286 15138 18019 16404 15678 7127 6103 11462 20472 7730 29 7127 23579 5 5 5 
21 21 26 26 12863 22 20539 26 26 4 26 11617 26 26 26 21 21 
21 4346 6103 19698 5 5 5 
21 7480 20 20 20 9193 1937 4 7730 15424 19900 15678 18498 21596 15770 4 9193 288 18498 20402 22463 7509 17602 13909 2727 7845 7509 15533 5 5 5 8329 12861 4 21681 10765 18498 9743 3031 6103 1815 7730 20402 4528 5 5 5 
31 26 26 26 26 26 26 26 26 26 12863 26 26 11943 21075 26 5 
12513 23029 19814 5 5 5 
2961 9872 
21252 6103 20749 4766 26 
21 8956 20402 31 10273 1276 6103 9193 16784 14604 4122 4 17438 12861 16630 6663 17438 15658 21596 10273 7509 19509 7509 10606 18498 4847 21 
11462 31 9867 17973 20 

