28 28 28 7730 28 28 
21 21 21 26 26 26 26 26 26 20402 26 26 26 26 21776 26 26 4 26 26 4 26 26 26 26 7 26 1631 26 26 26 26 26 26 15803 26 4 26 4 26 4 26 4 4245 4 26 26 15803 26 7 26 1631 26 26 21776 26 26 26 26 26 26 1631 26 26 26 15803 26 21726 7 26 26 26 11617 26 26 31 26 26 31 26 5 21 21 21 
26 20 

21 27 
14425 21662 26 
21 15658 20402 15138 6981 21 21 5588 21 21 6103 26 4 9193 10959 6103 30 7730 15658 5960 15299 4 26 4 5947 24 7730 10648 15678 20463 5 
21 21 20931 14799 20402 15128 20931 11729 6103 16822 17438 29 11518 16404 15678 16918 18498 9193 2099 5 7914 20202 4 8678 4796 20463 20912 6 17785 17565 15678 28 4766 11341 6103 18468 16404 31 20247 7509 5215 7509 5997 12240 5 7715 22463 5947 7730 9193 12780 2099 22463 16918 5 21 21 21 
27 
10765 4796 9743 4357 0 0 0 
21 16126 
15540 
6086 6103 28 
5699 
8186 
6402 
15258 
15540 
6086 6103 28 
5699 

8186 
8230 
15540 
6086 6103 28 
5699 
28 
8186 
10474 
17629 6103 871 2103 4951 1393 26 7730 8230 0 
13307 
15677 
776 
15677 
3726 
14273 
11634 
15540 
18478 
6660 
26 
8524 7730 19277 
17629 6103 871 2103 12178 17872 8956 1614 0 
8186 7730 21 21 26 21 21 14156 4766 1969 17438 20402 3630 9077 8186 21596 28 4 15677 4 19083 4 4159 4 26 20420 23575 22564 4 21551 6103 22564 4 23575 22588 4 4796 12780 9743 0 21 
21 28 17478 
8956 20402 15678 15669 7509 16367 5 21 
26 26 20 
21 15678 18498 
28 17389 7 28 28 7 21 
8995 13761 20 
21 21282 13325 6103 22463 21340 6103 28 7491 21 21 25 10959 7509 21953 7509 30 29 4 25 12780 20402 3058 21 21 5 
28 8995 4289 4 18688 5 21 
6 
21 27 
28 28 21 
26 26 
21 28 17478 
12780 21282 6256 7850 1623 18498 22729 21953 7509 21052 26 5 
6256 13909 7850 1623 18498 22463 17521 28 28 8995 20402 21898 7914 7491 21953 5 
7730 6256 740 13909 7850 1623 31 21 21 1691 21 21 6103 26 4766 21 21 27 4 26 22 20539 26 26 21 21 7850 21953 7509 28 22615 5 26 5 
29 26 11617 26 26 21 
21 28 17478 14335 6075 28 5 
22839 5 
18525 5947 10648 22463 28 4 28 5 21 
21 10702 4 16098 14604 26 7509 21535 7509 10628 15803 26 7730 10648 22463 13727 7850 14604 8 29 
5320 6103 13759 15918 20 
11212 
21 13512 4 18498 21340 5936 7730 7157 17872 14096 20463 4945 31 21793 22687 0 18498 21340 1612 26 17872 22805 20149 8995 22327 9193 5133 0 
8 29 21 
21 16673 26 18498 14335 20402 19961 
17438 9721 4 9743 8956 26 17872 4945 5 21 
21 19525 7509 26 29 6103 26 
26 5 
26 22 18740 31 26 26 4 28 18610 5 18610 5 28 5 
26 26 26 4 10628 15803 26 26 5 
26 5 21 
21 7730 2371 13512 6 
17877 4766 4945 13347 4 4122 7850 14512 4 26 15299 7914 17311 4 6075 22463 21787 9193 26 20 21 
21 26 5 
29 26 5 
29 26 26 5 
28 28 21 
20402 18498 13055 19969 31 15604 7795 7509 3766 0 
21 28 28 4 9193 12446 6103 22942 8 29 8 29 8 29 21 
21 12787 4 28 20402 22463 7509 14426 26 18498 9387 4 7850 14996 8 29 21 
21 28 17478 
26 20244 4795 21 
26 20 
15678 3790 19698 6103 17556 5 21282 17304 20402 19535 5 
7850 11590 17872 10273 5 24 5 
21 28 4 21282 238 7730 13202 6103 18855 5 
28 17478 21 
18386 
21 10628 15803 26 26 26 26 5 
26 29 11617 26 26 26 26 26 5 26 22 21298 26 20402 26 29 5 21 
21 21 21 10725 10725 26 18376 28 21 21 
26 26 28 30 21 
21 28 4 20357 31 10032 5 21 
21 7585 22 21298 26 31 26 26 4 26 5 
17304 5739 4 15502 14265 4 15502 19822 4 15502 14487 5 
9193 3962 31 9942 4766 9141 17438 7251 7089 29 6 29 4 8667 28 29 6 29 4 13202 31 9634 4 1097 7730 2136 31 20500 14539 17438 22463 23539 18498 7491 21 21 15658 23016 22126 16580 4 23016 22126 31 8786 21 21 28 29 6 29 7730 28 29 6 29 4 14795 29 28 29 6 29 7730 2136 17458 31 15144 20402 7509 18195 4 29 14016 4 16066 23534 29 4 11493 19772 29 6 29 7730 2136 17458 15678 7810 20402 2109 4796 15678 1895 7730 13135 4 28 29 6 29 4 12861 22327 8995 21987 5 
7730 6075 17872 5360 15678 7127 12526 5 21 
21 5099 18498 14065 31 19484 4 9193 15658 21596 4796 15658 9750 5 5 5 21 
21 8302 20402 18498 4 21752 31 11636 4 31 6660 8995 2727 26 26 5 
17836 15678 3388 468 5 
733 4 3431 5 21 
26 22 6103 26 26 12863 5 
21 26 4575 1983 26 9 26 26 5 
15678 4346 20402 13591 5 21 
21 26 5 26 26 4 26 5 21 
21 15833 26 26 4 1631 26 26 14335 0 16971 4 17438 9721 4 753 31 19350 8956 16208 5 15678 15270 18498 31 10765 16630 20402 18498 31 3512 12299 7509 28 20402 2727 21154 4 15658 8956 17022 5 21 
21 26 4 26 16073 26 26 26 26 26 26 14335 26 31 26 21083 14940 20 17260 6 23174 26 6 11560 6 26 5 4766 26 21 
21 28 28 4 288 18498 12861 12780 22318 12578 20 27 21 
21 21 21 8956 26 20293 19335 31 14539 4672 4 17438 12861 17658 31 18498 8995 20293 12379 4766 9956 4796 6 28 4 26 4 26 4 28 4 28 7730 26 4 26 7730 28 5 5 5 21 21 
27 26 18498 4793 12861 4 23135 20402 10753 5 
22821 20402 7491 4 28 17478 21 
26 31 28 26 26 5 
26 11617 26 26 12863 26 14335 5 
21 12780 21282 6256 7850 1623 31 17022 18498 20402 15678 20446 6103 28 7509 28 5 23135 21596 29 26 7730 29 6103 26 4 16066 29 6103 26 4766 29 14332 6103 26 5 
14604 29 21596 13909 26 18498 31 9193 28 5 
26 12780 21810 7850 5859 21 
21 20825 18498 31 15585 6103 28 21596 19969 5 
352 6137 6 21 
26 28 20 
21 28 17478 7 28 28 28 7 28 7 
26 4 9193 10127 22765 
9980 349 27 
26 26 26 12863 21 
21 11617 22 30 26 26 26 26 6 21 21 26 26 26 26 21075 26 26 5 26 11617 31 26 5 26 4 12863 11617 26 31 26 4 26 30 26 21776 1959 26 26 26 26 26 26 31 26 26 5 26 26 26 26 10883 26 11617 31 26 5 26 1631 19952 26 26 26 26 26 4 26 4 26 4 26 4 26 26 4 11678 26 26 26 26 26 15803 26 26 5 26 26 11617 29 5 29 26 26 26 4 26 26 26 11617 29 5 29 26 26 26 5 26 11459 4060 737 5 21 21 
26 26 26 15803 26 26 26 26 21 21 26 6110 21 21 26 4 1983 26 26 4 26 26 15678 31 26 26 26 26 26 26 20402 26 26 4 1983 26 26 4 31 26 28 26 26 26 11288 26 26 5 
26 6 11560 6 23273 5 26 5 4766 26 5 28 26 26 9608 26 26 6110 21 
21 13512 20402 352 31 29 7509 14049 15036 6103 1868 7730 15658 5219 23151 31 7599 5 
2371 4 2371 5 21 
21 26 4 26 26 26 26 5 21 
21 28 17090 
13359 20 21 
27 26 26 15918 26 29 15113 6208 15803 26 26 26 26 
21 28 28 28 
288 22463 26 14975 4 22765 5 
13055 16098 9594 7914 26 26 0 21 
28 5 
21 28 28 
18533 16066 15658 4 31 8830 8995 15138 2389 20 21 
21 28 28 7 28 28 28 7 28 28 
27 21 
11617 22 30 26 26 26 26 26 5 
21 26 26 26 26 26 26 11617 26 26 26 26 26 5 
26 0 26 4 26 13945 26 26 26 26 5 26 26 26 26 26 4 26 1631 26 26 26 18772 26 26 26 26 26 26 26 26 26 26 26 26 11617 26 26 5 26 11617 7850 26 26 26 26 22 20539 26 4 26 26 31 18204 26 26 21341 26 26 21776 26 26 4 26 11617 26 26 26 26 12863 22 20539 26 31 26 26 5 
26 1631 26 13918 26 4 26 22 18740 26 26 26 26 26 26 26 26 26 21776 26 5 26 22 18740 26 26 26 26 26 5 
26 11617 26 21776 26 14335 26 31 26 5 21 
21 28 28 28 
15678 2427 2647 2136 16219 4 12787 5 26 6103 13539 5 21 
21 29 26 7914 29 7127 4 20402 15138 1114 8 29 
5360 16098 7730 20486 4 14335 9743 9808 20 21 
21 26 7509 4766 29 26 5 5 5 
26 26 4 28 4 26 26 5 21 
21 15286 15604 5 
14335 26 20463 1114 8 29 21 
21 28 28 
20402 6103 21075 11868 18498 23135 1937 5 21 
28 
21 28 28 28 
26 10628 11617 26 5 21 
7850 26 28 20912 6 26 26 26 5 29 26 21776 26 26 26 26 0 
26 26 26 26 12863 26 
21 27 14425 23222 7509 28 
28 28 4 1937 7730 1540 5 21 
28 1648 20 
21 21 21 15678 26 4 3643 9347 6103 22049 6103 5353 19206 31 23222 10628 17836 26 4 2124 15908 31 20931 19150 6103 5059 7509 22588 4 7730 31 15604 19150 13909 17375 20402 22463 18498 17958 15678 26 6103 22886 19830 20479 21049 8329 12960 7850 3643 5 
20202 15678 21625 4796 20402 18263 6 15658 22886 19830 16066 22886 19830 20479 21049 12025 13529 4 19830 6103 2530 4 21394 20471 4 16066 16630 23551 20402 17958 4 1920 4796 22267 21916 9450 4 15678 18498 20149 1487 21389 1393 26 14239 7730 9818 5 23135 17304 21596 2725 67 4 9193 20402 14425 9372 7914 22463 17583 15637 16440 6103 23236 16098 26 26 26 3143 5 21 21 
7730 20402 1920 18498 18498 31 26 6103 26 201 5 27 
8840 22805 13909 26 16112 7730 14466 10765 20244 3616 6103 26 12960 13923 5 
22805 7850 12979 15444 5 21 
20 20 
21 26 4 11617 26 26 26 26 26 5 21 
21 28 28 
26 4 26 4 26 21 
21 28 28 28 
20357 31 10032 21 
5 
21 21 21 26 26 11943 26 26 22 30 26 26 26 26 4 26 26 26 4 26 26 26 26 26 21776 26 26 5 21 21 21 
8 29 
21 20402 6472 16673 28 20664 13566 29 12963 18498 13055 12960 1393 13669 7509 22942 7730 18498 14335 14156 6103 871 14031 5 
18339 14512 4 21282 29 0 
26 4 26 5 6 
19150 6 15658 13405 13909 18498 871 14764 4 15658 16721 15138 5 7847 15658 17629 20402 11020 15704 4 21282 17629 20402 11861 17872 23135 6103 871 12939 5 14156 29 16971 16404 9743 15678 14539 5 
29 21083 26 12787 4 8956 13949 12960 4874 7509 12261 5 
29 29 31 23394 29 28 28 28 10628 3143 4 5320 4796 29 5 
29 26 30 4 21282 13325 22126 13764 5 
29 26 21266 6 29 4 29 4 29 4 29 4 29 4 23274 4 30 28 28 28 28 4 28 6 
29 21266 6 28 29 4 31 13543 21776 26 26 4 26 15803 21726 28 28 29 4 13909 13764 5 
29 26 28 26 28 28 
29 28 15833 20 26 14450 28 
29 26 29 28 
29 26 26 29 28 
29 26 29 4945 
29 31 4 7607 29 4945 
28 4 26 26 4 26 4 26 26 4 21776 26 26 4 26 26 15803 15678 9901 4796 14498 11515 5 
9193 8637 16404 9743 15678 14539 6 15502 4 21793 15190 13055 9743 8956 2427 5 21 
21 28 28 
22463 4646 12787 27 21 
21 26 26 26 26 26 26 26 0 6 
26 26 26 5 21 
28 28 28 7 28 28 7 
21 28 28 7 28 28 7 28 28 7 28 28 28 7 28 28 7 28 20664 7 
9172 15118 4 28 4 26 7509 26 4 7730 29 5 29 7850 13702 8 29 21 
17324 20402 5 
21 28 28 
21282 7850 23013 21 
21 28 28 20357 8956 8 29 
29 6 29 
26 26 26 26 26 26 26 26 26 26 26 26 26 26 26 26 26 26 26 26 26 26 26 26 26 26 26 26 26 26 26 26 26 26 26 26 26 26 26 26 26 26 26 26 26 26 26 26 
28 28 
21 26 26 11617 26 31 26 5 
26 26 31 26 1886 5255 4 22438 4 20187 0 26 10628 4 26 5 
26 26 5 21 
21 26 22 21298 26 26 26 
26 26 8 29 21 
30 5 30 0 26 26 5 
21 15299 14425 7509 18498 22463 13860 7850 11543 6 
24 21 
11617 26 
21 26 5 5 5 26 22 20539 26 26 26 5 
26 26 12863 5 21 
21 23 5 
26 5 
12780 9996 18498 15678 7251 15658 17304 21596 20402 22602 17872 3647 4138 6103 19691 6103 14031 7820 7730 201 4766 31 20402 7914 12077 22973 17438 2371 5 
12780 9996 18498 15658 20402 17521 5284 17569 6103 1695 17282 7914 16083 12077 13621 5 
12780 9996 18498 15658 11284 4796 6075 150 17872 13909 12077 16971 1393 19030 7509 10889 5 
18498 21340 21371 9996 18498 15658 9387 11543 4 8632 4 5717 4 15981 4 12476 13480 1393 737 4 1393 5997 7730 16083 4138 6103 7544 13749 17438 12738 4 19097 4 18987 4 753 6103 18475 15364 5 
7850 9971 31 10765 9996 4 21371 4 18498 15658 11284 9971 13720 17438 22305 7384 22327 4 18498 11857 20402 16162 7730 18498 31 9976 13905 15658 20402 21045 2136 31 23575 10964 10765 18498 20385 21596 6103 15894 20402 21045 5 
7850 3058 7730 7914 15540 7509 21 21 5856 21 21 4 
21752 31 22318 21631 7509 9193 9574 7730 3532 31 2988 5 
21 28 28 
654 8386 15678 18498 23135 9743 18476 7491 18498 8995 12960 26 5 21 
26 26 
21 23135 22 30 26 
26 15678 21075 26 5 
4563 7850 5528 7730 10648 15678 14604 5528 8 29 21 
21 26 4 26 26 26 26 4 26 26 26 26 26 26 26 26 4 26 5 26 26 11617 26 26 14335 0 21 
201 6103 5762 22463 5320 11115 7850 26 5 31 22942 21438 17629 6103 22463 22202 20833 5 6 
1393 22898 8956 26 14335 11888 4766 31 22811 7509 10343 5 
21 21 21 26 26 26 20402 31 26 26 11617 22 13800 26 26 28 5 5 5 
26 26 20402 31 26 26 26 22 20539 26 26 26 20 21 21 21 
28 13084 7850 28 21776 30 7850 28 
21 21 21 26 14335 4 26 26 5 5 5 26 26 26 26 26 11943 26 26 26 0 21 21 21 
21 22463 14642 18506 4 29 1249 6103 9370 4 29 28 6103 18103 12545 4 29 4 29 11518 6103 11054 7730 29 6103 7795 17872 18876 22463 29 4 29 29 6103 26 5 
17438 18498 9193 740 15658 6820 6103 3702 14539 0 21 
26 6 26 26 14335 7509 12863 5 
21 28 28 
27 21 
8 29 
21 28 11211 5 13611 
18476 31 14703 6103 29 1249 9743 4 8995 7850 11518 7509 10765 9743 21371 5 27 21 
21 28 20664 
26 5 21 
21 26 26 26 4 12863 22 20539 26 14335 4 12863 22 20539 26 26 26 5 5 5 
11943 26 26 4 11943 26 26 4 26 1631 26 5 21 
21 2371 15678 3790 14335 9605 17872 13359 15678 15619 29 5 
17461 4 4 15658 14335 10131 5 21 
21 30 8 29 
26 8 29 
26 10907 31 20 21 
11617 26 31 20238 0 
21 28 28 28 4 28 28 21 
21 28 28 
27 22 21288 21 
21 28 28 
26 10032 11617 26 21 
21 21 21 26 26 26 5296 31 26 15005 26 26 26 26 15803 26 5 21 21 
28 4 28 4 26 11488 5 21 
15286 4581 16404 15678 10259 5 
21 26 26 26 12863 26 21776 26 26 26 26 26 21776 0 
26 26 26 4 11617 26 5 21 
21 26 26 4 26 20497 6 21 
21 21 21 26 4 26 15005 26 5 5 5 26 26 26 26 26 26 26 26 26 4 26 26 26 26 26 26 5 5 5 
26 26 26 5 21 21 
26 26 9975 26 4 26 26 14335 5 21 
30 31 26 
21 28 28 
17872 23135 4 22765 
27 21 
30 28 26 29 28 
21 16647 7509 16083 13131 2371 5 
27 
28 11211 5 13611 4 28 28 21 
21 28 28 28 
31 18069 7509 21122 6103 26 26 5 21 
26 26 21776 26 5 
21 201 6103 6075 22463 30 7850 14604 28 5 
26 4 26 4 26 22 18740 26 26 5 21 
21 26 26 26 636 29 6 26 26 26 5 
26 26 14335 17257 12863 26 26 5 
26 26 26 26 5 21 
26 26 5 
21 28 11211 5 13611 
27 26 21726 21 
26 
30 28 28 26 
30 
21 23135 19900 18498 8995 17950 6103 13909 18476 20825 18498 873 8995 13359 20931 14487 7730 23135 5762 22463 21 21 16718 18986 21 21 16404 9061 31 17063 6103 14453 7509 6011 7730 11810 31 13311 5 
26 5 21 
21 28 20664 
10837 28 21 
21 26 31 20497 26 26 26 6 21 21 15833 4 4796 26 4 26 22 20539 26 26 21 21 20402 29 14763 26 26 26 26 6 21 21 26 5 23 5 26 4 26 22 20539 26 26 5 21 21 4 26 26 26 26 26 26 20497 11617 5 
26 26 26 26 5 21 
21 26 7730 20463 12094 6026 11229 5 
21 21 28 21 21 16066 21 21 26 21 21 11686 31 29 0 26 26 0 
26 5 
472 18476 15061 6026 7914 9956 7730 21266 5 
20293 6035 5 
28 28 7 28 28 7 21 
28 28 
21 10907 21776 22575 4 26 28 5 
12863 22 20539 26 26 26 4 26 28 5 21 
21 28 28 
27 21 
21 23016 14335 22805 21787 4766 31 12289 20699 
14018 14469 17872 18498 9193 17511 17438 15678 15540 7850 13566 5 21 
21 28 28 7 28 28 7 28 28 7 28 13359 
15833 26 5 21 
21 28 28 
23222 9522 12577 7730 3643 20 21 
11617 7585 22 21298 26 31 26 
21 28 28 7 28 28 
26 30 22 30 22 28 21 
21 17438 18498 18654 12861 14335 13325 21389 23135 4 28 20664 0 27 21 
26 26 26 26 26 26 26 26 26 26 26 26 26 26 26 26 
21 21 21 13585 26 26 26 4 26 5767 4 26 26 21 21 
8 29 21 
28 28 7 28 28 28 
28 28 28 
21 26 26 28 29 
26 26 26 5 21 
26 22 30 26 26 26 
21 21525 20497 26 26 26 14335 26 11943 26 26 15803 26 4 26 8184 26 26 14335 26 26 26 26 26 4 26 26 5 21 
23174 6 
21 29 31 19870 19735 7730 26 1547 15678 5037 6103 2510 28 19735 20 
9193 23174 7850 2510 12289 20699 4 5947 31 18352 7730 23174 23135 21371 20 
21 21 21 26 26 26 26 5 5 5 26 11678 26 26 31 26 26 12863 4 26 26 26 26 5 21 21 
28 26 4 11617 7585 22 21298 26 26 26 1631 4 26 26 26 4 26 26 26 26 4 26 26 26 26 5 21 
28 28 26 26 5 
21 28 28 26 0 26 4 11617 26 26 26 5 21 
28 30 
21 7850 22 22805 26 21776 26 26 18610 31 21298 13800 31 28 5 
26 26 5 21 
21 28 11211 5 13611 26 11617 26 20 26 26 26 17257 26 0 27 
26 26 21 
21 28 28 
23 21 
26 20 11181 6 
26 26 26 5 
22 26 26 26 5 
21 28 28 28 
23135 21596 18498 16098 12861 5 21 
26 26 0 
26 26 5 
12863 22 20539 16105 5 
21 26 26 5 
26 26 11617 20402 26 28 29 26 26 26 20909 26 26 5 
26 26 20402 26 26 26 26 5 
7607 29 21 
21 26 26 5 
11678 26 26 30 4 11617 26 26 22 30 26 26 5 
7607 29 21 
21 26 
26 21776 17257 7607 29 26 15113 21282 13688 6 
29 26 26 19768 4 26 26 26 4 26 26 26 4 26 5 
29 11678 26 26 4 26 22 18740 26 26 26 21776 26 29 4 26 29 26 26 1631 5 21 
21 26 21776 17257 7607 29 26 15113 21282 13688 6 
26 26 19768 4 26 26 26 4 26 26 26 4 26 5 21 
21 28 28 7 28 28 7 28 28 7 28 28 
28 6 4796 9193 1027 8956 16587 5 21 
21 28 28 
26 26 10628 5 
28 26 26 4 26 18347 5 
11617 22 13800 26 26 26 11678 11617 26 26 28 5 21 
27 
21 28 28 
8995 13325 7509 7630 0 28 26 26 5 21 
21 2371 4 2371 4 12513 4 9193 1095 6103 21793 31 15533 5 21 
26 22 20539 26 20 
29 10628 21776 10907 5 
21 21 21 22746 4 26 7512 26 26 26 26 26 22 20539 26 26 0 21 21 
21 21 12863 22 20539 16105 29 26 20 21 21 21 
26 26 0 
28 28 
21 28 28 
20357 31 10032 5 21 
21 28 20664 7 28 28 7 28 28 
6788 16105 29 21 
16292 28 9193 6075 6 
26 26 11617 26 26 5 
26 8 29 
15678 2627 20244 15540 
21 10473 7850 12780 4 15658 10473 7850 5 26 5 
28 5 21 
21 7102 20402 22223 21596 22463 23180 6981 7730 21596 29 7509 4795 9594 7509 20463 16655 5 
10859 4 26 26 26 26 26 5 21 
28 28 
21 28 20664 
8 29 21 
21 9193 21282 18533 21596 2154 5 
20402 16630 21389 1920 0 21 
21 28 6 26 22 20539 26 26 
26 26 15803 26 11943 26 14041 18594 26 14335 5 
18594 31 26 5 
14041 29 4 26 4 26 4 26 5 21 
21 22657 31 21583 4 9193 9522 10268 4 15658 0 
29 28 15658 12780 1393 5040 16404 23051 28 4 12780 16404 4788 15678 1247 6103 26 20385 11731 18498 8637 22463 15604 28 16404 22463 15604 2304 5 
29 28 21596 20931 11454 8249 7850 28 4 15658 11284 1453 15678 22463 1198 7850 21964 4 991 6103 21596 20402 5762 4766 15699 4885 7402 5 5762 22463 20257 17438 5320 7509 9388 6103 1198 15242 7850 7558 11454 2708 15678 13741 288 18498 15678 13181 22825 15658 21596 15138 31 22805 4766 28 5 
29 26 4 1628 10839 4 26 4 23501 15242 18498 20149 15101 4 13729 10839 4 9170 9170 9170 4 20402 5765 7509 14825 15674 5 
15658 20402 22463 21 21 20257 21 21 4 20402 22463 17406 6103 16440 7914 4951 5 1067 15678 13598 20149 1575 7509 14825 15674 7914 20931 11454 7957 15678 28 20402 13909 6399 6990 5 
29 15678 15540 6103 28 20402 17994 7686 21793 31 21964 6408 6103 20463 15699 20402 4522 4 9193 4 26 4 288 18498 5320 4796 22463 20257 5 
29 21267 4 18470 31 20257 8406 15678 5040 7730 31 28 7509 860 0 27 
23501 15242 18498 20149 15101 7730 13729 10839 4 22942 29 5 
29 1628 10839 4 22942 29 5 
29 16083 5765 4 22942 29 5 
29 10959 6981 5 28 14335 13325 2625 15678 28 5 
29 10959 6981 21371 4 15658 21596 16367 17872 16721 7850 16724 18498 22238 18381 7730 7850 8832 5 
29 31 16918 13909 5150 7509 4443 5 13325 18498 28 15658 23151 4796 8908 4 23151 7914 5574 7914 910 6408 6103 16468 31 9173 6592 15678 20192 7509 19502 5 
31 14307 9901 2389 4 9193 4730 21 21 12094 20257 21 21 7850 22406 20402 10268 6103 13909 31 2605 5 4524 18498 9387 21236 4668 1393 22898 12446 7730 4 4524 4 31 16014 4951 7850 14825 28 7957 11558 10959 6103 22564 14825 11069 21371 4 5879 5765 20402 20559 22564 7914 1067 15678 13598 4 6670 4135 2136 3268 5 21 
21 28 13359 
8995 2371 31 19484 17872 20931 16836 6072 15533 5 
17872 13905 16440 6281 4 26 5 21 
21793 15190 14539 7102 13359 12861 5 
21 28 11211 5 13611 
27 21 
26 26 26 
21 11678 26 26 26 26 26 26 26 26 26 26 26 26 26 1886 28 26 4 26 22 18740 26 26 31 26 21726 5 
31 18772 26 21726 5 
4796 26 4 26 26 26 6 21 21 15833 26 26 20 21 21 20 0 21 
21 28 28 28 
26 5 21 
21 22137 31 23180 20293 7509 12939 10544 5 
27 21 
21 28 28 
2371 9193 9605 18498 12931 20402 16083 15669 7730 15502 14335 8720 5 21 
21 26 26 26 26 26 7607 27 
26 26 15803 26 4 26 26 26 
27 21 
28 28 
26 26 26 15803 26 26 26 26 26 26 21776 5 5 5 26 20 
21 26 26 26 5 
26 29 26 26 6 26 26 22526 5 21 
21 26 26 4 26 5 21 
21 1233 6 29 26 26 4 29 26 26 5 21 
21 6103 5 28 
26 5 21 
26 7547 5 
26 26 21075 29 26 26 26 26 0 
21 7850 28 5 
26 21 
28 28 7 28 28 
21 21 21 26 26 26 26 26 26 26 28 26 26 21776 26 26 26 26 26 21726 26 11943 26 26 26 5 
22 26 26 15803 26 26 22 4 28 28 4 26 26 26 26 21776 26 5 21 21 
28 28 7730 28 28 
6075 17872 15658 20402 10546 6981 3790 0 21 
21 8956 20402 16404 15678 10546 6103 9975 26 5 
28 28 4 20463 1751 9901 20311 5 21 
26 20 26 26 5 

