21 28 4 3450 7127 13909 327 5 5 5 21 
11576 5 5 5 
21 8956 4 4516 4 15658 22564 15138 15678 14600 5 5 5 21 
16559 7730 20931 12031 5 5 5 
3962 3510 5 5 5 
16689 18498 15678 20207 9387 5 
7127 6103 17583 
1341 5168 15291 19698 4145 
21 21 21 5528 7509 14604 28 21 21 18374 6103 2368 21 
21 21 21 4417 14149 4290 6103 8097 14667 21 21 19698 4145 21 
21 21 21 15678 19698 6103 12897 5360 13512 5 5 5 21 21 21 
21 9193 4 7847 7730 31 4417 14149 20 21 
21 21 21 7850 20326 6103 13048 18498 15101 15678 16587 5371 15678 5767 4 18494 15658 20402 5041 3156 6103 4526 15260 5 15678 20463 13727 8995 17797 7850 6026 16683 5 21 21 21 
21 21 21 5 5 5 7847 22053 7730 11998 1393 23104 7730 20244 19520 31 4217 6103 21211 4 977 31 20044 10405 20663 15678 22551 7509 1545 9471 5 21 21 21 
22463 12411 1570 20663 22463 10927 31 6340 3170 20 
27 
19039 15658 20402 20794 
21 15658 201 4 21596 18498 201 5 5 5 21 
21 8057 15658 7545 4 8057 12739 20 21 
21 21 21 15678 28 21596 22463 19401 12712 7850 9477 4 9193 15678 3172 4 1393 22898 4 16393 20402 4102 16404 22327 9335 15678 13131 15400 5 21 21 21 
21 21 21 15678 7879 9790 4766 13792 4 9847 7730 14040 588 23151 4796 13600 4 6408 6103 21596 6075 13717 16404 1612 18498 15678 19822 5 21 21 21 
21 21 21 5 5 5 654 21596 22463 5168 18498 16393 8995 18784 7360 31 13405 7914 10366 31 11644 7509 19039 4 15678 18498 20420 22463 11020 6446 7730 22463 8322 19575 16404 31 13749 16673 7277 11578 7850 28 5 21 21 21 
20149 21596 11802 12780 21596 15604 7861 27 
21 21 21 5 5 5 6072 12578 7914 22020 15678 13909 12028 7730 12577 3885 16563 7914 7707 15637 7318 20564 20670 6143 7730 23324 7850 3585 5 21 21 21 
1570 7730 14294 20 22575 20500 
4766 28 10763 5 5 5 28 13055 20879 
28 29 
21 21 21 6981 14031 15678 14409 6103 4962 6699 15138 2727 15678 16296 6103 14805 7509 18774 7730 14063 7509 18449 5 5 5 5 15658 20402 1393 21778 18498 16765 4 1393 22898 2136 16900 4 8051 13749 16673 11670 7509 16548 4 15144 1959 17509 13820 4 11503 4 15416 7730 16083 14758 20699 13045 10211 7176 6103 7312 4 3172 6202 17509 6759 1393 20463 18191 16587 4 2727 4796 11112 15952 4 7914 23523 6103 22 86 6345 22 4 23174 9193 14539 17382 18498 4 7686 31 7424 4 20402 15678 18191 630 6103 20931 15951 5 21 21 
31 12708 5897 15568 21 
28 26 20 20879 7861 
21 21 21 7730 15678 21680 10530 8832 8956 11022 5 5 5 21 21 29 20460 12125 28 21 
7850 19856 6103 20879 
20497 26 26 26 26 22 18740 26 20 28 
7914 21631 22342 5 5 5 28 
15424 28 15481 7850 17749 20 7861 
21 21 21 7847 16721 7914 3960 7730 9193 15643 13909 20402 1393 8632 5 21 21 21 
20238 
13759 28 
17075 
26 
21 21 21 12780 17872 2301 6766 31 22942 4 3887 21 21 5896 21 
21 21 21 15658 7102 15424 9387 10421 4 9193 13055 18498 9387 12780 22564 31 9193 2515 20 21 21 21 
7730 2371 20 
16323 1393 13905 4417 7509 28 20 20879 29 
20023 
15671 
21 21 21 29 5 1614 7850 28 4 15678 3172 368 17556 7850 28 5 5 5 5 21596 22463 20352 10793 6103 12257 18498 20402 11090 5 17836 31 19456 7509 8974 22507 5 8995 8840 15678 7127 18476 15678 28 12780 155 20463 15860 5 21 21 21 
21 21 21 20402 4 15018 4 8995 22327 2727 5 5 5 21 21 21 
28 7914 20879 
873 18784 11861 18498 9743 7178 7850 15190 20 
21 22327 18498 20402 3058 7687 17556 4 15658 20402 0 20 21 
26 28 26 
8 29 26 26 1114 
26 14335 26 26 28 26 26 28 
9193 15678 18498 20420 31 22942 20244 8003 0 
21 28 4 23135 18498 5947 5 5 5 7957 1937 20 27 
21 28 4 23135 11462 20 27 21 
21 21 21 15540 3086 17872 16944 18498 15658 18533 9130 21 21 21 
3015 20 2904 15643 5 
26 26 5 5 5 
26 26 26 28 26 26 11272 28 20879 22575 28 26 
26 26 28 26 26 28 26 26 26 
26 26 26 28 20879 26 26 26 26 
11272 26 26 26 26 28 26 26 26 26 20879 
21 28 4 28 7730 28 5 2371 31 10765 16468 4 20244 7728 20 27 21 
20495 6103 6 15678 20495 7459 7914 8968 7730 8590 19760 5 
4913 15678 3091 31 14156 6103 28 28 26 26 26 26 26 26 20086 
24 15678 
26 28 20879 26 26 26 26 26 26 28 26 
15671 26 26 26 26 26 20879 28 26 22575 26 26 28 
20480 26 26 28 26 26 26 28 26 26 26 26 
22753 6103 11154 11300 20 
20879 
20480 20 
12979 
24 30 
26 21776 26 26 5 

