4289 31 11518 
9971 7509 20262 
26 
15678 5 15678 
15127 9193 17233 6103 21252 31 15533 5 5 5 
201 15678 9052 13055 10356 5 5 5 
20293 2082 31 4380 7914 19761 1393 6014 155 
28 2372 29 23274 29 14425 28 7509 23575 29 1249 
2947 7509 4380 
9975 6103 20247 17872 19224 
3610 7850 11518 7509 4380 5 5 5 
4189 20 20 20 20 
21 16404 9769 15678 9975 6103 20247 4 22463 16367 7914 28 21 
31 26 12780 20402 26 16404 31 8525 18498 17629 14096 15678 26 7509 1089 7850 1623 6 
4796 2136 15036 20 
28 
918 7914 9634 
20402 10943 20 
17461 5 5 5 18476 18498 15678 28 23151 31 12960 0 
28 23274 28 
16440 14134 
12780 21596 5505 20539 20 
17458 18525 9743 20634 10794 20402 22463 1229 14539 5 5 5 
28 
11518 6103 5590 
17211 20 
662 31 9193 20304 7509 4436 3031 16673 11066 794 20 
10268 20 
28 29 11048 
21 29 6 29 8956 18553 29 15658 20402 6103 28 
29 6 29 8956 13566 21793 15658 20402 6103 28 
29 6 29 8956 14307 15658 20402 6103 28 21 
10183 20 
23575 18069 7509 1249 5 
17872 352 20 
21 21 21 15502 7850 11518 7509 15041 7491 20149 1788 17438 15658 21596 1487 15678 7251 7914 11942 16066 2367 4 9193 20539 6103 21596 8840 15138 21551 16066 16784 23206 15941 16404 1575 31 22942 5 21 21 21 
8429 17438 28 3616 20699 2769 4315 
12780 20402 22463 1095 20158 
23016 16429 3621 20044 3058 
21 23016 20007 22942 20 
9193 3621 20402 7850 7127 29 29 29 21252 7914 20402 28 7730 10959 15138 6103 5320 4766 31 17743 6103 23135 5 16404 13909 7055 4 9605 4815 5 
23051 15576 26 6 3621 20044 3058 5 15983 21 
20402 18103 6 23135 20402 6072 18498 15658 17304 22805 20044 0 8443 7512 22463 17556 16404 18525 17629 5 
21 3962 23135 740 15658 20402 22463 7511 4 15658 16784 21551 7730 16429 7509 9193 3621 15459 21252 4 7127 29 6103 15612 5 3455 7850 15576 26 7730 4788 8956 6086 8810 5200 20 11560 6 3621 20044 3058 5 15983 21 
21 20044 20402 22942 5 16429 23135 21371 6 7127 29 29 4 7512 20044 20 3621 20044 3058 21 
15138 3058 20 
15459 9975 6103 1249 20402 15678 1095 20158 5 7512 20044 3621 20044 3058 
2725 6407 
12440 20 
21 9743 16440 6075 29 4 29 5 9743 31 7178 20 
7512 20044 5 21 
21 23016 20007 22942 20 
9193 3621 20402 7850 7127 29 29 29 21252 7914 20402 28 7730 10959 15138 6103 5320 4766 31 17743 6103 23135 5 16404 13909 7055 4 9605 4815 5 21 
12780 417 31 3621 5 5 5 5 5 5 5 
21 22463 15190 14425 4785 4766 23135 20 
9743 16440 6990 3621 6103 7514 6103 20044 4 275 6 
21 23016 20007 22942 20 
9193 3621 20402 7850 7127 29 29 29 21252 7914 20402 28 7730 10959 15138 6103 5320 4766 31 17743 6103 23135 5 16404 13909 7055 4 9605 4815 5 21 
21 23016 20007 22942 20 3621 20044 3058 
23016 16429 20 
26 29 
23016 20007 22942 20 
7730 15678 15190 26 20402 7509 26 5 22657 16673 20446 6103 14512 5 
21 26 4 26 20 21 
9130 2136 7850 21252 
8443 15678 12186 20402 10943 7730 22564 31 6663 6103 18498 15678 10405 22318 6256 4766 13909 10183 5 5 5 
21 9605 18498 20402 13821 4 9193 8664 15678 6383 4766 31 702 7509 4381 5 5 5 21 
8443 5 5 5 
3058 22886 16404 918 
9980 19859 31 10548 
4788 23575 21932 8458 5 
21 7850 18498 8995 16721 0 
18610 6 18498 8995 4163 6103 12040 5 5 5 
26 20 
3058 27 
7957 17872 3962 20 
20869 20 
31 16580 23016 6103 6389 6103 23135 14539 5 15658 31 17908 1393 20931 23151 5 
28 
21 15678 8744 22657 31 16689 5 5 5 29 1249 6103 22575 7730 15425 6408 4 9980 10548 20 21 
9743 7509 28 9193 3962 5 1614 20402 28 20 
28 7850 14881 26 5 5 5 
22389 6 26 
21 7251 6 16066 23135 21596 4 16066 23135 16162 20931 5320 5 5 5 21 
20497 
15036 20 
21 3488 7509 14049 7509 3625 6 
29 9704 7509 17211 6103 15908 7 
29 5505 6103 11124 20244 11199 6103 15908 7 
17458 20127 20402 15678 18498 12578 20 21 
4369 
237 753 7730 14668 16404 20149 16468 7914 5982 5 5 5 
6670 7509 29 6 29 7850 23572 7730 740 7850 14561 7509 3610 5 5 5 15678 18498 349 0 
26 26 5 5 5 23135 16721 18498 14335 8256 27 
20126 6103 17304 7599 5 5 5 
1097 20402 1612 16971 18498 18476 23135 20149 538 17438 871 20209 7730 15658 2958 15678 15585 17525 10343 9608 7914 20463 15540 5 5 5 15658 20402 14539 28 28 0 
21 26 26 11617 997 26 4 26 26 26 26 11617 26 
11617 22 30 26 26 26 14763 15803 26 21 
21 15643 5590 21389 15458 22942 4 13949 10393 20 21 
21 18533 15924 6103 3488 7850 22575 5 20828 4 9193 20402 13909 10259 18498 23135 5 5 5 16066 15658 5 5 5 21 
7102 20402 22463 5767 16491 6103 15041 4913 22463 17211 6103 8618 5 5 5 
26 26 26 11617 22 30 26 26 20402 26 
9707 20 
14512 5 5 5 
11284 22463 7178 8406 5174 15678 3610 7730 16776 15678 3610 5 
21 15678 22389 20402 13909 10259 18498 9193 21153 21 21 23167 21 21 6103 9130 5982 5 5 5 7730 15658 4 15658 20402 22463 17022 6103 29 6103 153 5 5 5 21 
20402 1920 18498 20149 4977 20925 5 5 5 12780 2780 5 5 5 4785 31 9574 6103 15604 27 
3694 28 
13949 4380 18498 14335 9743 16784 31 17819 2154 
20402 5 5 5 9743 29 1249 3697 15678 4419 3170 5 5 5 
19997 7681 20402 16404 15678 10300 27 

