21 21 21 22463 9808 7127 12604 7509 15144 16404 21793 31 15144 5 1575 2625 8956 7127 4 17324 15678 16083 29 28 20402 7509 11474 5 5 5 21 21 27 5 
3222 10765 5 5 5 21282 16404 6638 21 
27 8956 20402 16404 18525 10461 20 20 28 28 21737 
21 21 21 7730 12780 20019 7850 3790 7509 20709 3170 5 5 5 21 21 21 
15678 18498 18784 22318 9743 9808 0 
21 21 21 8956 28 2116 4 8995 16098 31 5459 6103 871 17931 18498 8995 4730 31 5891 17438 15658 5219 2154 9193 17931 18498 16468 7850 5037 7730 16647 3857 15252 5 
7850 11518 14335 23016 31 14487 4 7259 6103 8361 21121 8995 13667 6103 20402 20622 6103 12537 4 17324 15678 22823 5891 17438 12861 22327 7730 17438 13909 22463 17556 20402 15678 20304 10976 28 28 4 18498 7192 6103 16464 4 15138 6103 23135 21 21 17931 21 21 753 31 7855 21 21 21 
21 8956 12780 16404 31 16971 18498 19432 7850 4417 6103 28 5 
15894 20402 16367 15678 7251 7509 11857 18498 20954 18494 29 6103 29 17872 5980 0 
2727 9795 16404 31 4417 18498 15658 20402 5 14427 7850 9007 7509 10474 6103 28 21371 15658 4 20214 7730 7804 14425 15424 4793 5 
20149 873 19900 4 17438 9721 4 17525 1614 5 21 
21 21 21 13405 7914 5243 31 9193 16836 1293 4 15678 18498 23135 9743 16404 14426 31 7804 0 21 21 21 
21 21 21 15637 8593 6103 29 1393 29 18498 15585 23135 6075 16404 31 7804 11462 21 21 21 
21 21 21 1393 11156 18498 9743 15678 28 8956 7558 28 4 14604 16323 21 21 5 21 
21 21 21 1540 31 6075 13909 22665 16673 18498 31 16971 20402 17438 6389 7509 18498 17438 20402 4 17324 31 23577 4672 18498 18784 9901 7509 16971 4766 15678 16468 7509 21551 20402 15678 18498 31 16971 20402 17438 6389 5 5 5 21 21 21 
21 21 21 8956 28 2116 20402 1937 7850 4443 15678 9956 21 21 28 21 21 5 22463 10343 18498 9901 7757 7850 9193 14487 6408 18498 15678 9956 201 20402 31 20201 6 7102 21596 12780 1937 15678 9956 7509 28 5 5 5 21 21 21 
1247 7509 30 5 5 5 
21 21 21 19900 8637 2727 15678 20463 1097 4 17324 9626 7730 16399 15658 21596 4796 8637 21 21 5 21 
21 21 21 31 16971 8995 22385 362 4766 31 4672 19854 6981 15190 18498 18475 1995 6103 3076 20402 15081 6103 6614 7730 21189 5 5 5 21 21 21 
21596 7722 7509 3463 
27 17106 18498 20402 14336 22821 5 5 5 
21 15458 9193 23174 20 27 
21 9193 13055 8406 4796 20149 13055 8995 21613 1249 5 
4796 26 20 20 20 20 
21 20149 9193 19900 21596 12780 13026 5 
27 
27 
27 
21 21 21 15678 2288 21481 7730 15678 17956 7509 4509 4 7102 20402 22602 16404 15678 2727 7509 11571 4 7730 15658 16404 4060 7594 20739 5 19900 18498 22327 7914 15576 15190 4 17304 20402 22564 16404 15678 2727 15678 16404 15678 13923 4 17495 15658 5219 8386 17438 18498 8637 15678 13923 21 21 5 21 
21 21 21 31 22898 14335 16647 16721 4 17438 18498 15678 20402 11570 8637 14265 4 15790 4 7730 9743 20738 15678 20463 20256 20402 18498 9387 20774 4 4839 7730 1114 1393 18195 0 21 21 21 
21 7850 28 2073 29 6 29 6 
21 21 28 18498 9743 15678 15190 7730 22327 18498 15423 9387 4 20402 15678 20304 7509 21631 7730 15658 15005 7914 21549 9743 17438 20402 11578 21 21 5 
15678 2909 28 28 9743 15678 21549 6103 28 4 7730 18498 5960 29 14676 6103 18772 5 13278 15658 20402 4 7847 22602 31 28 4796 1676 7491 18498 21596 18498 19315 15678 21 21 18374 21 21 4 20402 18498 4419 16404 15658 2098 16083 444 20402 22463 7509 11474 13909 19671 7509 15190 6075 7509 19635 28 4 7730 18498 21596 31 10265 2282 7914 13909 6103 29 2848 6103 7726 5 
1276 18498 873 4809 31 21886 31 9193 16135 4766 4795 11663 4 19900 6103 22463 4672 4 9193 20402 5795 21371 4 7730 20402 13909 22463 15081 16404 31 9193 12159 5 2136 14539 28 28 5799 31 5288 6981 15704 4 20402 18498 15678 14539 21371 20402 22463 16500 6103 11685 5 21 
21 22821 
8956 11729 20402 22463 12200 6103 18498 20402 21793 9667 7509 14539 19924 5 7730 15678 16987 7730 22326 3213 9790 19535 2510 6103 11663 5 
21 22463 5220 16404 15678 14464 5 21 21 13909 22657 3962 4766 22463 15108 12979 4 3086 7730 19671 5 7509 18498 22463 22765 4 9786 7730 17297 21 21 5 
9901 31 7157 5 21 
21 22463 5220 16404 31 14464 5 21 21 13909 22657 3962 4766 22463 18688 12979 4 3086 7730 19671 5 7509 18498 22463 22765 4 9786 7730 17297 21 21 5 
9901 31 7157 5 21 
21 15658 18910 7509 4005 6103 14307 18902 4 16673 9707 6103 2084 15678 22307 16066 4672 16393 5 15678 21932 6318 991 6103 753 15678 14336 1062 4 20402 15138 13909 7205 7730 13501 7509 18498 6103 15138 17382 18498 9387 17438 2371 5 
16721 15510 5 21 
21 9901 22463 7157 31 21793 15678 10980 5 
20149 23135 16367 6103 5799 31 10828 16468 7730 20149 11862 7914 21932 15678 21 21 654 21 21 4 4766 4181 31 17436 20738 14466 4766 31 12041 6103 23135 5 
5891 31 10828 16468 17438 9604 7914 20463 10982 4 15658 20402 13046 4 20402 20622 6103 12041 18191 5 
16721 15510 20304 10980 21 
21 15678 15190 21282 12780 20149 21858 22463 15190 14425 4 18476 15678 20402 11570 1540 31 19456 31 7178 22463 7509 16083 5 
16721 15510 5 21 
21 15678 20402 11570 21282 12780 16721 7914 17745 15678 14336 1062 4 18476 31 23575 23501 20402 5621 4 31 23575 10964 6103 702 20402 5317 4 15678 1623 8995 12817 4 7730 31 23575 8905 6103 1229 7914 9496 20402 9494 5 16721 15510 7730 19089 21 
31 16971 4951 1922 12537 31 15585 951 5 20149 12861 20402 22821 28 28 20420 22463 21394 5 16721 15510 5 
21 4672 18498 1540 4766 31 5505 6103 29 6 
15678 28 15658 20402 15678 16587 7509 10523 5 
28 10943 20402 22463 14512 4796 4794 13909 22463 14984 6103 4672 18498 15658 5482 5320 5 
20402 31 23577 23523 18498 3170 13325 18498 20402 3170 5 
3170 20402 22463 17563 21904 18498 15658 19900 3702 15424 20463 18191 11402 15291 7277 9193 19900 5 
10523 20402 13405 13909 31 21267 7509 18498 31 17380 5 21 
21 31 22898 9901 14335 16836 4 15678 970 7509 8995 5652 18910 7509 18471 7509 7804 7730 4672 7730 21340 4 17495 20402 15678 17819 31 20402 5185 4766 8956 17380 8696 16404 15658 9594 16083 4672 18498 8995 23104 31 29 1249 5 
12861 20402 9707 7730 7491 31 21793 15678 970 4 21 21 1276 6103 18533 15128 15678 20634 4 15128 23135 17819 21 21 5 16721 15510 970 5 21 
21810 20 
21810 
21 28 4 28 27 21 
21 18525 13909 7102 8995 662 31 6446 7509 28 991 6103 9193 20402 15678 3439 4 18498 15658 12780 21596 18498 8720 19757 7730 3059 21 
21 8956 11729 15061 18498 31 6446 7509 28 4 20402 5891 7509 7255 12610 5 27 
15678 17563 18498 9743 20634 21631 12780 14076 21 
21 10765 7847 2136 16162 4 9193 29 15083 9743 4766 18498 31 28 6446 15678 28 5 
29 1276 7509 18250 16162 15678 3025 4 11284 7043 6103 22816 7 
29 15678 3025 7102 20402 16162 7914 26 7730 15658 7914 18772 5 21 
21 8956 11729 15061 18498 31 6446 7509 28 4 20402 5891 7509 7255 12610 5 27 
15678 17563 18498 9743 20634 21631 12780 14076 21 
21 654 8995 9808 4 17324 15678 28 9743 15678 20463 29 10916 7730 6549 15678 14512 18498 7491 18498 15678 28 17629 20149 11862 13909 4766 31 5505 7509 18498 4766 31 20127 21 
20402 11322 20 20 20 20 20 
654 20539 15678 28 20402 11359 20 20 20 
7102 21596 12780 1937 15678 9956 7509 28 20 
21 15678 7589 7509 3962 28 7102 8995 20149 20357 907 4 17324 654 15658 12780 21596 18498 6075 13909 22463 21525 17438 29 18772 5 27 21 
21 21596 15995 6103 20402 3170 20 20 20 17495 15658 20402 11443 4 4102 4 7730 15138 14466 3341 4796 22463 14984 18498 14335 5799 5 654 16721 15510 20 21 
21 15658 12780 4491 15540 4 9193 12861 20402 16404 21793 23135 18498 7491 18498 15658 20402 16536 21282 17458 15658 21842 16404 31 20237 3170 5 21596 15995 6103 20402 3170 20 20 20 21 
8995 21842 16404 18498 8956 12960 20402 29 23274 29 
12861 20402 16404 21793 23135 22280 18498 1502 8956 14512 5 20463 22280 
21 27 4 4369 28 21 
21810 20 20 20 
10273 1341 1097 9176 
21752 31 10273 7509 10484 7509 2667 
1097 20402 20293 1097 
21 15678 9819 12701 2136 14539 15678 15190 7509 14975 5 27 
17106 18498 20402 6981 12939 14539 
21 20149 22463 16209 6981 5590 2116 6103 9193 6981 12939 4 30 26 16393 22463 13369 16936 6103 9193 5 5 5 5 21 
21 12861 20444 16404 22327 7850 22942 
20304 19754 17438 21793 15678 970 18498 9743 22915 6103 3629 31 28 1022 5 5 5 
21 4581 5 5 5 
2053 18498 15678 3172 17304 15138 2727 5508 5 5 5 
17106 18498 20402 22821 
21 8956 11402 14539 20402 7914 12910 4 9193 8386 2727 5 5 5 21 
7509 7850 28 5 5 5 
21810 5 5 5 
18498 20149 6056 31 5505 5 5 5 
21 18525 5219 16721 7914 5505 4 18476 20149 21596 18069 6103 7876 0 21 
21 7157 16404 31 15144 18498 18533 10648 15138 10095 1022 5 
20149 14265 11462 5 5 5 21 
21 14425 7509 18498 10523 
21 4672 11686 349 4815 
21 22463 10297 17304 21095 22463 11208 4 4766 21932 23497 4 7687 7730 5444 5 19735 28 21 
8956 1095 20539 6075 31 22942 16404 22318 18044 5 

