20402 21793 5692 
15678 2425 
16615 
26 26 26 26 22334 15256 7850 18519 
21 26 26 21776 26 
6564 7914 16580 4 28 21 
20670 15678 15604 14912 
13964 15678 28 
20 26 3807 18482 13690 20 
9743 31 30 22463 13727 13909 12094 740 14109 7509 15190 
20402 21752 22463 10273 7730 12454 15678 28 30 28 
26 24 6103 1249 15604 
21 21 21 15678 10159 12894 15036 21282 21 21 21 
31 16367 20402 13688 7730 15678 15102 20402 22823 
15678 21793 20402 15138 13905 18498 31 20803 7509 16440 
21 21 21 3488 28 5 8995 22463 6324 21 21 21 
21 11943 3962 15803 26 4 26 12863 21 
5327 15678 17304 7509 17211 26 
21 1235 4 31 10765 22805 17438 1614 21 
21 21 21 7730 23135 740 14335 16836 1394 20402 18498 9193 18533 4289 4 20149 11284 21389 3611 7850 22942 4 7730 17556 8838 7850 1623 21 21 21 
3077 7509 17041 6103 28 
21 21793 22356 21596 22463 4273 4 9193 16393 18498 9193 22356 20402 21282 5278 6103 4273 
28 28 28 28 28 28 28 28 5846 28 28 28 28 7730 13909 22463 10606 18498 9193 21776 20244 19924 6103 14156 21 
12861 18498 9193 10648 17438 3610 16936 7509 13142 7850 22575 24 
22463 11644 18498 9193 288 18498 15643 19969 7509 16296 30 
22463 11644 18498 9193 288 18498 15643 19969 7509 16296 30 
21282 1114 9743 15678 15190 1190 21130 28 5645 3080 6103 28 22800 10962 2647 7850 13804 13688 2647 15423 13909 22463 22897 15678 7127 20402 20007 11066 31 14464 21083 17307 30 7863 23418 2368 21543 22327 18498 11284 6103 3058 
9193 12319 7850 21083 28 29 4766 9193 15253 12960 13026 
14407 15678 18498 15643 
26 26 26 7547 5 26 7547 28 28 26 26 26 26 11272 26 
73 21810 30 24 
4289 14604 26 7509 7589 28 24 26 26 26 26 7589 28 28 26 30 
28 9743 2727 1393 11571 30 
21 15678 12254 7509 28 28 14335 4730 7914 13909 22463 13949 5588 4 9193 6981 22897 16673 14466 21776 7369 15286 3058 16673 28 4 2371 12780 14604 6472 12604 7509 19735 5 5 
23135 21596 18498 6472 29 1097 16066 13909 4 31 17525 22463 23222 16066 22463 15286 6103 22463 2510 6103 19735 15291 16066 12604 5 15678 1097 21596 18498 17525 31 15286 7850 17605 6103 29 16066 21596 18498 17739 15678 6471 4766 15678 4092 16015 6103 22463 2510 6103 19735 4 3450 22463 6318 4 20402 4524 5 
12780 6472 31 26 28 4 15678 28 28 4 28 28 4 15678 28 28 17872 19900 15678 18498 8956 3790 5947 4 18498 15658 6592 2136 654 4 15678 28 28 4 31 28 28 5846 4 15678 28 13817 
1614 12780 31 15286 18498 8637 
8995 4766 22463 22133 6103 26 14335 26 7850 4785 4 7730 4796 15678 23222 18498 8995 20244 15678 22406 7509 15286 4 17872 18525 15658 19900 20402 13683 7509 2381 
15678 16188 5371 15678 26 7850 7915 
21 26 13543 4 21596 26 28 1614 7850 22575 24 21 
8956 20402 31 18774 6103 3450 7127 16404 
21 15678 28 28 7730 15678 28 13817 14335 6472 20 7730 15678 15697 20402 6472 1393 14466 29 1097 4766 22463 17605 6103 29 11518 16404 17525 22463 17316 7914 20931 18191 13539 7509 21551 7 3962 5431 21596 18498 10648 22463 13591 6103 17316 5 5 5 5 12780 6472 28 28 4 28 28 5846 4 28 28 4 28 28 7730 31 26 28 18498 9193 19900 18498 8956 21596 22463 14984 11139 7730 8995 7850 11518 6103 17525 22463 30 
12408 16404 22463 13199 
31 22942 20402 22463 12102 6 15423 
6070 4 19975 15242 
18498 11862 19509 4458 
20149 31 4229 20402 2725 7730 951 0 
7914 14336 1393 21879 18498 6454 4 
3702 31 3718 7509 4229 20 
3702 31 3718 7509 22942 4 
7850 18191 13759 5298 5 5 5 
28 28 21 
23554 31 10606 
21 20402 1920 18498 20149 21752 10273 4 15658 8840 21 
10606 7850 22971 30 
21 15658 20402 11518 16784 4 20402 11518 15138 2727 1575 9441 21793 15678 17542 7509 12960 21 
26 26 26 
22463 17556 6103 3450 16404 
13909 22463 17872 4711 24 
1949 7509 14336 15533 
1614 8995 15678 14604 9956 7509 28 5 8147 15678 20463 7914 11561 6 28 5 4766 26 28 11617 29 
20238 7589 28 
28 7850 22389 3688 
21 31 11644 20402 15781 15678 28 4766 28 4 18506 31 14967 6103 10273 6103 919 16066 2822 6103 9042 5 
18525 5947 8956 26 18876 15678 15540 6103 22463 28 4 16066 15658 4 7730 7102 4 8443 18263 31 10273 6318 5 5508 8956 21684 7730 4687 7850 20463 15198 13026 4766 31 11729 5 21 
21 29 29 7127 7509 20126 20 
21 22463 7509 17555 3702 7914 26 4 7730 22463 7509 14426 30 21 
21 21 21 9193 31 23575 19484 20402 31 23575 19484 21 21 
28 4 28 5 21 
21 21 21 25 28 20402 15678 13909 10131 6103 21793 4 4785 4766 15678 26 21 21 4 15658 3790 4 26 20402 15678 14425 17872 4809 4 20244 9594 18498 15678 26 20402 10131 4 21 21 25 28 4 25 26 20402 22463 3119 20 21 21 
7491 12861 17872 26 26 654 4 3790 

8995 10544 17872 15502 
26 26 11617 26 
18498 26 26 10131 30 
21 26 4809 31 6075 31 26 7509 26 15803 26 26 
21 26 15678 26 26 26 26 
26 26 26 22 30 26 
26 22 20539 26 26 26 26 28 21 
21 21 21 6103 3058 1614 22805 31 2367 21 21 26 6 28 28 21 
21026 6103 1034 2136 7850 28 24 
26 7850 26 
7119 7509 23418 30 
17022 12237 7509 7127 6 22615 
13809 7850 23501 7509 2462 30 
7730 15855 18525 19450 1421 7850 9193 22942 6103 15604 24 
21 15138 3058 31 13793 6103 23135 4 2063 21 
21 28 28 4 28 28 5846 4 28 28 4 28 28 21 
9808 7127 7509 5758 6 
21 21 21 15658 12780 12960 22951 7850 19972 17458 9066 31 21525 21 21 21 
21 15502 15643 18910 18498 15678 28 20402 29 28 4 654 9901 6103 25 31 9241 20402 11686 21282 18498 7679 21 
26 26 26 
9605 17872 3805 26 5 26 28 26 28 26 5 26 
21 28 4 2136 18476 31 15599 20402 3058 7847 5219 20402 19854 21 
28 
9193 21596 22463 1097 
2136 18498 31 5995 7509 29 15658 20402 19854 24 
8075 28 7850 21525 7509 26 6 16404 
10734 26 26 26 
21 7730 7850 28 18498 20402 3058 4 15299 21 
21 15424 21596 1987 3849 4 9193 16784 22463 3058 21551 21582 4289 7850 18458 30 21 
26 6103 2501 7730 2296 24 
19768 7509 10628 4766 31 10606 
18498 6324 11300 
7730 15678 11341 8235 4289 5 5 5 22805 16122 1603 29 28 23579 24 
21 15658 21282 8270 4 18475 22463 18498 21596 22886 4470 13793 8386 16404 21 
18525 8995 18910 7509 18498 8995 349 8995 4766 31 21525 13480 7850 3643 29 
15855 4796 9193 20402 6594 21752 10273 7850 8832 7730 22564 11272 
30 
28 9800 28 28 21439 20402 7451 15658 20402 
11731 20149 9594 18498 9743 28 2879 
15678 10680 20 
31 13905 14487 7509 9193 12319 
9980 
21 28 4 9800 4 28 4 28 20086 21 
21 28 6 11462 15678 19746 12780 20402 22385 3058 18481 15678 6103 15908 
28 28 6 19900 15756 9193 288 0 
28 28 6 20500 10131 4 7730 12780 21810 7850 5859 21 
15908 20402 15678 14425 7127 7509 19746 
12861 18498 7509 31 26 6256 15678 26 6281 4815 24 
18525 14335 6075 21596 14561 6981 3940 
27 
21282 18498 20402 4766 15678 28 29 
26 26 26 15803 26 23454 
21 15855 15678 18498 14604 16169 288 7850 14336 7509 4672 6318 4 15424 13325 18498 21596 22463 2442 6103 3228 24 21 
15658 9387 4945 13909 19871 18498 8956 
21 20559 9652 4 15643 288 18498 23104 16404 17736 12862 21 
9901 31 7157 2371 30 
15708 1393 21793 16673 16323 
21 17458 7847 22564 22886 4 19703 5 21 

