12979 28 15658 20402 13909 22385 12979 
21 20670 22463 7127 17192 4766 26 4 28 6103 28 7730 18506 3393 15315 21 
7847 20402 6103 1619 7730 20931 23577 4181 20402 18498 22318 9743 9808 5 
8956 9634 19363 20 
871 22821 15658 15128 5 5 5 
21 12861 12780 20402 17106 18498 18381 17797 26 5 20149 5590 654 4 5219 8611 5 21 
20909 26 7730 3439 
13909 18622 15658 11284 9634 
8883 
21 1095 4 9980 4289 15678 20463 1247 20 20 18533 22318 6679 22327 6103 14425 15458 22942 4 15138 20127 4 1114 4 19769 7730 14924 4796 8956 10273 27 15708 17438 20402 18525 23135 20402 4 8386 31 9193 13984 7730 14069 27 
5360 8956 16971 22385 8810 18498 23135 20402 18498 12780 2082 15138 4672 3058 20 20 15708 17438 22327 14539 20 20 22318 1027 21 
26 26 26 26 29 5 
21 6472 7509 20417 20 28 28 28 
19150 6 19474 31 16836 20244 19335 31 19484 7730 14156 1097 5 
16836 6 
29 15643 1937 6 26 21776 26 26 26 26 
29 15658 20357 23167 6103 1937 15603 6 1937 21793 15603 20149 9193 17304 8 29 
29 15502 18498 9193 5174 1937 4 9193 9193 10959 6 26 26 26 15803 26 26 26 16066 26 16066 26 26 
29 23575 14142 18498 9743 6 28 26 7730 26 22 20539 26 
29 21596 17667 6 10628 15803 26 
29 1937 22327 6103 15604 6 21793 8 29 
29 22463 21266 18498 15128 9193 22942 6 26 22 20539 26 7730 26 11617 26 26 26 
29 22463 12147 6 26 11617 26 26 26 7730 26 26 28 21282 9387 22463 8 29 21 
12979 1541 7850 28 7509 26 26 28 
21 560 4 20402 22463 7127 8810 21 
15708 17438 21596 21858 8956 1247 22385 8810 
15678 14425 17737 18498 873 17304 18533 12979 28 
28 
9980 31 10268 6933 26 28 
21793 31 22269 28 15678 6933 7509 10268 26 28 
26 26 26 26 26 
21 26 4 26 22 18740 26 8 29 21 
9743 14604 28 13909 9808 7501 6103 22463 28 
21 8918 18498 15678 18498 9901 17872 22305 4 15658 20402 15678 18498 12780 9743 23135 9808 654 20 881 8918 9901 28 21 
20402 15138 1114 
14550 7509 7018 
21 20402 2727 23016 12979 28 4 8840 18498 8637 15678 13131 4179 7509 10268 21 
18498 15678 16468 16866 20293 19052 18670 
21 18498 8956 9971 15658 22126 7594 4 17324 20402 1453 22463 15604 4785 21 
20402 15138 1114 15637 2585 21282 
21 15678 17819 5168 7730 31 17819 2504 4 31 10765 15658 8918 5168 28 21 
21 26 11617 26 21776 26 31 26 4 26 26 8235 29 29 13340 21 
26 7730 28 8 29 
21 16972 4 871 19900 4 16083 15658 5 5 5 9193 11284 29 1249 9193 2336 10482 22463 1866 16404 11669 3853 7730 20244 9634 5 31 3962 150 6670 20931 10483 29 11669 5 9193 2336 8995 4766 17877 6103 20127 4 7730 15658 8147 18525 6981 5362 31 8956 15704 12094 19456 31 28 7509 3962 15658 21596 9971 13720 5 7914 10502 7384 4 2136 9193 2336 17658 9769 31 3962 5 
8995 8017 7850 18787 7509 11669 5 4766 753 6103 871 12476 4 5219 22640 16404 29 11669 5 21596 18498 18786 740 16083 29 5 20149 19900 6103 12476 4766 22640 4 17438 9721 14335 14018 22463 5322 15540 4 10186 4 7733 11980 5 
12255 20402 11518 7509 9193 2336 20149 1519 4 7730 20402 5876 4 15658 13909 5876 7509 16083 18020 7509 22942 6281 5 
20149 23135 18533 5174 13909 20670 15678 21932 6 
16066 
21 7847 20149 1409 1920 4 18476 23135 21596 866 18498 7509 23167 6103 1027 6103 15604 5 21 
21 26 26 26 26 22 20539 11943 26 26 31 26 4 26 11943 26 26 21 
7512 12863 26 26 26 26 26 1983 26 0 
21 9980 4289 15678 20463 7127 19900 28 4 23135 13055 20402 21389 4672 17872 9193 18498 15658 19900 9457 7914 16192 31 11868 18498 23135 21596 7850 9193 22942 5 17304 15658 9193 22805 4766 31 10387 18498 9193 10959 4 9193 19900 18498 23135 8995 13761 5 5 16323 17438 20402 23135 5 16323 17438 13909 22463 1249 7730 19900 18498 4672 3058 23016 17872 23135 7730 9808 7127 29 2087 27 5 22318 1027 3408 28 21 
28 22803 26 26 6086 20 20 
21 28 28 28 28 28 28 
28 8 29 21 
4672 13512 
31 28 18981 23162 16404 22088 6103 21571 16510 16066 21571 7509 3540 28 5 
21 21 21 26 26 26 26 15803 26 26 26 26 4 26 26 26 26 8184 26 26 26 26 22 18740 26 21776 26 4 26 26 26 22 18740 26 21776 26 26 5 26 26 26 1983 26 26 21726 5 21 21 21 
26 22 20539 7850 26 11617 22 6103 26 26 
9980 
14425 17737 6103 1247 6103 21793 20 20 22553 29 14425 15311 
15577 18328 
28 
17718 16404 15678 28 28 
6103 21793 15678 13688 7509 15190 
21 20244 17758 17872 439 4 9193 12780 12960 15678 12960 7730 4766 31 5527 18498 31 22942 22126 4 17098 22463 18458 15604 21 
23016 17872 9867 20 20 28 2857 
288 18498 15643 9901 21389 21551 13026 6670 15678 4700 27 26 28 
26 22 20539 28 26 28 29 6256 6103 18855 17541 22765 
21 21 21 1095 8995 1614 5 20149 31 9692 20402 19854 7730 20402 21389 17877 18498 15658 21596 9971 5 5 5 15678 20463 17877 20402 14604 21371 7730 12861 9193 9743 17438 23135 7730 13909 15502 5 15678 18498 9193 18533 20402 22805 15678 20463 2727 4 1095 8995 1614 5 15678 16083 17304 2136 20402 2727 14426 7509 18498 9193 4 3058 3228 20402 5 17495 4 1095 20463 20402 4672 21267 17324 20402 15955 7509 5528 5 15678 21551 12780 16468 4 15678 1249 12780 5121 31 22310 16192 18498 17928 6 1095 8995 1614 5 21 21 17324 20402 4 13055 20402 29 1249 18498 22318 5174 4 4766 871 11635 7730 22985 7730 1614 8995 27 21282 17511 6679 18498 23135 20402 9808 7730 18498 794 22327 15678 18498 23135 6679 17458 23135 14514 4289 13761 5 288 18498 15643 12780 3697 6103 662 23135 17438 21596 20402 22463 1506 17872 9193 7730 21596 14335 6075 10268 17872 4289 15894 9193 8995 11462 5 20402 9171 11043 31 23135 17438 12861 4 21267 5 654 4 20402 11518 6103 21752 10268 7730 12780 2116 7509 20463 20825 7730 20402 9808 20 7730 9193 8995 13761 7509 20463 13131 13055 18498 15678 6996 15658 6256 31 10765 20149 20369 27 28 4 16323 20 22327 6103 3058 4 15138 20127 4 835 4 21021 7730 1114 7850 20931 22942 7730 12780 4788 8956 6086 27 8235 4 1095 8995 1614 16404 15678 18498 6075 7730 23016 21 
21 5913 15678 6472 7509 9193 1095 28 28 28 21282 13325 18498 12861 21596 23151 4 8995 1614 9193 10273 20244 9965 7730 14125 5 654 6472 9193 1095 28 28 4 28 28 7730 28 28 16404 5913 8956 14799 4 13325 18498 23135 21596 29 11518 6 21 
23236 30 28 10025 28 20244 28 
28 12780 23151 20 20 
21 15678 18498 23135 21596 6073 15658 13405 7957 4 6509 17872 20402 9808 20 21 
28 1247 7509 28 10548 5066 22295 21793 21793 
21 28 13512 20 16323 4 15138 9801 4 15138 21021 4 15138 20127 4 15138 9867 17872 15671 7730 17872 28 17304 5947 13026 7730 20402 4524 15138 16953 20244 15299 17872 9743 17872 9901 5947 15576 26 17658 27 654 9594 21267 28 4 15138 5948 17872 23135 17458 23135 14514 4 23135 14514 20402 9808 20293 14539 20 15708 17438 827 15576 28 4 22805 0 16323 20 21 
21 17511 7491 4766 15995 18498 9743 16440 6990 2070 4 18498 21596 1393 14604 13131 16971 4796 23135 18498 9743 6103 22327 17872 8956 2070 6164 7730 5741 5 1471 6103 21793 15678 17877 18498 21596 4 8995 15458 13030 5 6164 29 20 20 28 14604 1114 28 28 20044 22825 7730 19835 21 
28 7509 5505 28 21776 7850 5505 9956 9193 28 12780 21596 5505 
21 17458 21282 31 10765 18876 5582 7853 6 20402 31 13909 3086 4 31 13056 16816 9867 13023 21793 21793 26 21 
31 17819 22897 31 10765 15643 8918 27 14924 28 1247 28 20126 13340 29 
26 21726 21776 26 26 26 26 15803 26 26 26 21776 26 26 11731 26 26 28 
21 11678 26 26 4796 26 26 4 20402 26 4 26 22 20539 26 11943 26 26 11617 26 22 21298 7509 21 
28 22 26 26 26 31 26 26 28 26 
26 11617 5 5 5 28 20 20 20 
18494 22463 14860 27 
11518 6103 19567 17098 15678 2930 22989 29 10020 29 
21 31 11644 6 15781 15678 28 4766 15286 6103 17659 3058 
18525 6075 22463 21 21 26 21 21 15459 26 12780 18876 15678 15540 6103 22463 1845 7730 21596 18498 18263 871 15286 7509 14539 5 5508 9010 21684 7730 4730 13026 1393 21535 5 
10648 28 7509 28 28 1603 7847 21596 19822 28 26 6 21 
21 31 11644 20402 15781 15678 28 4766 28 4 18506 31 14967 6103 10273 6103 919 16066 2822 6103 9042 5 
18525 5947 8956 26 18876 15678 15540 6103 22463 28 4 7730 7102 8443 18263 31 10273 6318 5 5508 8956 21684 7730 4687 7850 20463 15198 13026 4766 31 11729 5 
28 28 14212 14335 6075 15678 13512 26 
7730 4796 20402 9522 17668 4 13055 4730 1614 15678 16083 18498 14335 20402 6075 5 5 
28 28 14335 6075 26 4 21282 20357 871 14469 20963 2371 4 9193 26 27 21 
18533 23135 1614 20293 20 
15658 21596 4499 15424 17511 17458 20402 17872 20293 
662 21793 15678 28 17438 8956 29 1249 5 26 16209 
7730 31 9193 13441 20402 15678 18498 9193 17689 29 28 13512 
15678 14425 7509 7558 15190 0 
18533 21596 15344 17083 1619 20825 
21 7914 16580 9193 20202 15678 16654 155 31 14335 2304 4 7914 16580 8241 15678 18498 11284 6103 12002 20244 14335 17703 21 
21 8329 11284 23135 7509 16083 13131 4 1614 7509 16083 9193 5219 14335 16006 5 5 21 
21 26 22 20539 11943 26 26 31 26 4 26 11943 26 26 21 
15708 17438 22327 10606 5 5 
21 20402 4 28 9980 201 5 11111 7509 15855 14617 7730 7509 21976 27 21 
16440 28 
9980 13446 20 27 
9801 20402 22463 9971 6103 21409 15855 15678 14133 
17126 9867 31 9645 
26 
21 18525 20402 18498 7491 18498 20420 10544 0 31 7181 8292 31 5204 5 5 6106 7509 17406 8840 31 21546 4 9193 18476 7847 16468 9193 6075 31 23151 17438 4434 5 5 21 
21 2371 23135 9010 7850 9867 13023 4 12780 7850 2585 6103 3228 7730 30 31 5758 7509 20931 10366 5219 15678 20463 21715 22223 21 
14425 21189 7509 15533 27 16150 10020 
26 
21 21282 17511 662 17438 20402 1095 6408 6103 21389 1249 4 15708 17438 22327 20 21 
21 9808 7127 7509 15253 17872 23135 20 18533 662 17438 22327 15678 18498 23135 9743 17438 15671 4 17438 21793 15678 1114 18498 23135 6075 4 17438 21793 31 3251 4 16673 2324 4 17438 21596 9193 1502 31 20202 15678 15576 20826 7730 17438 20293 8995 17438 16936 5 23135 9743 15138 17438 15671 7558 4 8443 15708 6103 22821 5 1027 23135 20 21 
7730 19662 17872 23135 20402 31 23575 31 15036 
21 13194 18498 1129 11669 20244 21674 4 51 16673 9634 16066 18498 15658 17520 14994 5 13619 7850 19143 7509 12916 28 4 9524 21063 6103 20402 28 4 7730 10482 17438 12884 28 4 2272 11669 6499 11284 13909 6103 29 1249 5 21 
20402 12861 18498 349 18476 23135 9605 21282 12861 27 
15138 3058 
26 26 26 21776 7509 26 26 26 11617 26 22 21298 26 21776 9971 6103 20247 31 26 5 11617 22 13800 26 20402 26 26 26 26 11617 26 9971 6103 20247 26 
21 20539 4 9193 2336 20402 22463 22823 11156 21 
26 11617 7585 22 21298 26 26 26 26 26 26 11617 18772 

