4628 20402 4628 5 1453 5 
22463 11454 6 21438 22805 31 9193 10273 5 2371 9193 22805 8956 5 2371 9193 288 13278 5 2371 9193 19450 17525 5 2371 9193 17525 5 9971 5 
21 20402 15138 13278 18476 22463 15692 21596 22463 20520 8810 17872 15671 5 7850 26 23135 17304 9743 8141 16922 18498 21596 22463 20520 21282 20463 16404 23135 21596 20293 13026 4 4882 20463 23063 20 21 
21 15616 3450 22897 13909 12094 7850 26 20 
18288 6103 5320 6103 16633 22360 4766 28 20 
13055 6075 22463 15855 7850 15616 0 740 15658 0 0 0 0 0 0 5590 13761 7850 18352 7730 1575 17872 6256 15678 20463 26 7730 15658 16784 15425 15616 20 
654 20149 23135 13055 22805 4 20149 17714 18498 740 21596 15138 4672 15604 23016 17438 2371 5 5 21 
21 7730 2371 4 23135 13055 22805 15678 15619 17915 7509 26 0 15658 0 0 8443 6075 22463 15855 13761 4 18498 31 15616 22385 21282 4809 20 
22463 6281 20402 8956 9347 4687 6103 9965 7509 20826 4766 16633 22360 20 21 
26 26 26 5 
21 10765 4 23135 13055 23029 15678 17819 17915 7509 15604 4711 7509 26 0 0 0 
21793 20402 9743 16721 9193 15576 4552 4 4766 2614 7914 11644 18498 15671 18876 20 
20149 23135 740 4 15658 22805 4 12780 13761 7850 18352 4 6075 22463 26 7730 15658 16784 21793 8956 15616 20 21 
21 2031 10606 4 31 26 9010 6103 23151 4766 21083 15616 12442 9193 20463 4552 7730 991 7384 4 16404 22463 13905 5139 6103 21793 4 7847 8995 2009 4 21371 4 16673 28 20 20 21 
21 201 20 
9980 4 6408 6103 29 22169 7730 20451 18551 1487 4 21312 7730 1164 4 9980 15576 17960 201 20 
6075 15138 3700 0 6075 20 1487 18551 7850 4380 4 7850 22797 4 6103 15533 4 7850 10405 4 7850 13727 8561 7850 3962 31 10765 20402 7850 13727 8561 4 2371 15658 1487 13761 7730 2136 18476 15658 21596 15502 17872 19474 5 5 5 
9193 22657 15138 31 16689 20 
16323 8525 4 20402 20311 20 21 
26 5 
10273 7850 8832 0 10273 7850 8832 5 
21 22463 22897 23294 4 20293 23294 5 5 5 
1027 23135 4 14604 12787 5 21 
31 20116 7509 4552 20402 15678 18498 9193 15101 5 
26 26 26 1631 26 26 26 5 5 5 
26 28 26 26 26 5 5 5 
24 
26 26 28 5 4766 26 
21 20670 21252 6 
21282 12780 21 
17458 20539 5 
21 15658 19900 13471 4766 21389 10151 5 1453 5 
19665 4766 4962 678 21 
3450 7055 20402 8957 5 26 12984 
21 11462 4 29 29 4 20402 15678 7127 15291 7509 215 7803 5 15678 18498 7491 20670 15678 13727 15894 20149 23135 3510 7730 155 15678 20463 12953 7850 18660 4 23135 12780 18533 5360 13761 4 15678 13727 15894 20149 23135 17098 14561 7509 20463 3388 6103 13647 7730 20931 2561 6103 2352 31 16971 12780 288 13278 4 15678 13727 15894 23135 17304 20402 18525 23135 20402 6103 22821 4 15678 13727 18498 9743 20931 5758 12589 19640 7730 15678 13727 15894 23135 5174 31 16971 13909 14149 18498 23135 12894 17304 30 7914 16083 13727 0 3058 4 15658 21596 15299 31 13909 31 7491 31 15658 20402 18498 20402 15678 14425 13727 7509 15190 20 
9193 22886 1852 7127 15291 7509 215 7803 21 
21282 17872 15658 9594 18498 15658 21596 10273 6103 3388 5947 5 
21 281 18498 21596 31 20931 3790 4 31 3790 7509 20931 15253 4 6103 21793 15190 4 7730 18498 23135 740 17304 16922 4 23135 8147 21282 7850 26 20 21 
21 17737 16404 21793 15678 9035 6103 15253 20 1575 31 17983 7730 11476 20931 15253 4 12125 6103 18525 7847 20402 4 20149 22318 16404 16066 15658 20 21 
15658 16784 8956 15941 6103 17739 31 16971 13909 8810 7509 15190 20 
20311 5 
28 6052 22575 28 14418 28 28 15833 28 28 
26 22 20539 12863 5 
26 11617 14196 5 
13026 22327 18498 21596 31 20931 3790 7730 15061 18525 23135 18784 20402 20 
26 15558 11617 20661 26 5 5 5 
7445 15955 6103 2768 17872 23135 8637 18470 21596 15678 20463 9032 20 
2031 13512 15144 7509 9193 22942 20 6075 22463 15855 15458 21083 17983 18498 31 26 8995 9743 7914 11477 1393 23135 20 
21 20311 5 21355 31 5896 21 21 21939 21 21 4 15678 21 21 15558 21 21 4 15678 21 21 4179 21 21 8995 21793 8561 5 18955 5 21 
22463 18352 7174 15894 22327 17304 20402 16922 4796 23135 18533 20 
21 20149 17739 20402 31 14425 14031 6103 23135 20149 16318 16673 20463 15262 20 
281 16922 21282 7850 26 20 21 
21 13520 17915 4 20293 4766 15616 7730 15678 13909 11861 6 16922 20 21 
21 18533 9901 4290 6103 9032 15458 3885 0 
7850 26 23135 8147 281 18498 21596 31 20931 3790 20 21 
21 26 1631 26 26 1631 26 21776 26 5 
26 26 21 
17915 16922 7730 4766 17807 13043 20402 21282 7850 26 20 
21 21 21 26 26 26 31 26 26 26 21776 26 26 26 26 11617 26 26 22 18740 26 16105 15678 26 26 28 26 22 30 26 26 
26 26 15803 12863 11617 26 11617 26 28 26 26 26 26 11617 22 13800 26 20402 26 19698 26 26 26 26 
26 11617 28 26 26 26 11617 28 26 26 26 21 21 
29 29 29 21 
18288 7730 281 16922 9457 13909 740 15678 20463 18191 9032 20 20 
31 20116 7509 4552 20402 15678 18498 15101 7730 2156 31 16179 16673 21932 7509 26 20 
21 21083 15616 20 20 20 
4687 4766 16633 20 21 
21 18288 23577 16922 17438 23135 0 
21282 1614 7850 26 20 21 
21 17915 4290 6103 9032 4 4766 17807 13043 7730 16922 23135 21282 8147 1614 7850 26 20 21 
31 26 23151 6103 10548 4290 6103 23167 6103 659 3450 22897 13909 20463 4552 20 20 1575 7730 16630 13055 20463 17915 16922 20 20 
28 20 20 20 6 6103 
21 9193 4612 
30 28 26 5 
26 26 5652 26 26 21 
26 26 26 20 
21282 3058 8208 16404 15678 1249 15604 20 20 
21 23575 14764 20 20 20 20 
31 18077 21596 8956 21083 4245 6103 17739 21793 15678 20463 1097 4 9634 7730 6103 17739 23135 14539 20 20 20 20 20 21 
21 2031 20 20 
23575 11518 16404 1575 31 17983 6103 28 7509 26 10606 20 20 
21 26 15803 26 26 26 22369 21 21 4575 26 21 21 26 26 26 28 26 26 21 
21 26 15803 26 26 26 22369 21 21 26 26 21 21 26 26 26 28 26 26 21 
21 26 15803 26 26 26 22369 21 21 26 18307 21 21 26 26 26 28 26 26 21 
21 31 26 20293 8995 22126 15616 4766 17915 6103 23570 18471 7730 9032 7730 4 17836 4 17915 4766 22463 17807 280 20 21 
21 16404 31 16971 4766 9032 13909 15355 7730 13909 23383 5 5 
15678 14604 4 15678 20463 4 31 26 21596 21793 15678 9035 5 21 
18498 21340 281 4766 9032 16404 15678 1249 15604 0 0 
21 24 
16440 20207 9692 10535 20 20 21 
1575 8956 15941 10606 7730 4854 4766 15678 1097 20 20 20 
8956 20402 31 9193 17658 27 
1393 10546 6103 1186 6 
21 15678 14604 5 15678 20463 5 21793 15678 9035 8995 7850 26 5 
1575 31 21083 17983 6103 28 7730 16630 13055 31 18288 7730 4687 18498 21596 31 20931 3790 20 21 
21 18288 16922 4766 21793 15678 9035 20 
18288 6103 5673 3166 4766 1186 7914 16067 22765 7730 9769 6103 14565 
15658 16784 31 21083 17983 6103 28 20 20 20 21 
21 18288 6103 5673 10606 20 
15658 16784 20 
1575 31 17983 6103 28 20 20 21 
21 15604 4687 7730 18288 6103 5673 20 20 
1575 31 21083 17983 6103 28 20 20 20 21 
21 18288 16922 4766 15678 20463 9032 4 21282 7850 26 20 20 21 
21 21083 17983 6103 28 13761 7850 26 26 10606 20 20 
15658 16784 8956 21083 4245 6101 17739 20463 1097 7730 9626 4766 17915 6103 23570 18471 7730 8637 8815 17438 23135 20 20 21 
21 20402 12861 2371 10606 20 20 20 
15658 16784 8956 21083 4245 6103 17739 21793 20463 1097 4766 17915 6103 23570 18471 7730 18498 17304 20402 16630 8815 16404 7847 20 20 21 
21 20402 12861 2371 10606 4 31 26 23151 4766 15138 15616 20 20 20 21 
21 28 18583 
16440 28 21 
26 20879 26 
21 31 26 21596 21793 15678 9035 5 
20149 9457 4 5762 4 9417 4 15061 4 9743 5 7730 22327 12861 4766 9032 20 21 
21 3058 10606 4 17872 18525 740 15658 22805 4 16066 15658 19900 4 9193 4809 22463 18352 6103 22782 6103 18288 7730 281 20 
18525 17304 6075 22463 15855 6 26 26 23 7850 28 6 11561 6 23273 5 28 5 4766 26 26 29 21 
11466 26 
21 10606 4809 22463 17960 15604 4766 31 28 28 7730 4766 31 28 28 5 18525 17304 6075 22463 5947 4 31 10765 662 20 20 
3058 20855 16404 15671 20 20 21 
21 21 21 6256 9193 3610 5 5 5 
20060 20023 21 21 4496 20879 21 
10958 5 

