29 11518 5 29 26 11518 5 15424 18476 11284 8667 7850 16587 11284 22463 12970 6103 21932 22385 13669 5 4796 6202 8956 10982 0 4796 6202 31 7237 7509 8995 0 4796 6202 31 10072 7237 7509 13301 21934 0 4796 6202 8956 10927 0 
20670 4796 31 14237 18784 20402 22463 15422 15138 10439 7730 16971 18498 740 10959 6103 7965 14539 8995 7914 29 
20670 31 16440 3058 6103 15005 21282 
21 21438 1614 16721 4766 14604 3137 7730 14335 21179 31 20201 11644 6 15658 20420 2389 15144 21596 31 15955 4 7850 28 4 6103 15953 21282 17438 15092 15144 0 22463 17556 13909 6103 18059 4 8034 7730 7924 9983 9818 4 15658 3137 21282 5 21 
21 22463 15144 9594 20670 191 20475 7850 951 11518 654 7730 23206 14464 7730 15144 4346 7850 17249 5 4289 31 6075 22463 15671 7850 10667 5 18481 6281 15658 8995 13325 6103 20644 18498 16468 16673 22942 0 18481 6281 15658 20402 9193 12787 4 9193 1095 4 9193 15253 0 18481 5484 4766 12861 1561 7850 14487 20244 15643 15424 1393 14466 21596 21596 31 15941 6103 7459 8956 7594 4766 873 0 4796 873 17304 22805 12861 7730 15398 31 9388 7509 5896 7509 9142 0 21 
20670 3702 28 7850 18443 
21 13729 6075 10927 7914 28 28 
18498 6075 10927 7914 28 3630 
18498 6075 10927 7914 28 
18498 6075 10927 7914 5915 
18498 6075 10927 7914 28 
18498 6075 10927 7850 8933 
18498 15658 6075 10927 7914 15502 15424 15423 5 
13729 20402 16404 31 17009 4 
28 17872 17478 827 4 
28 3630 15036 6103 6530 4 
28 28 9901 17872 21768 4 
5915 20402 17872 3459 4 
28 23151 17872 18394 
7730 21793 287 31 17436 
18498 15658 21596 8406 7850 11454 21 
17438 13909 2647 6103 13749 4796 31 22672 2647 6103 673 6103 12482 7509 20402 28 20 
21 7730 4796 22463 20207 16668 
22463 3532 4 22463 3965 
22463 5984 18058 21 
21 16468 15678 10927 5 15658 22805 17517 6103 19617 12861 7850 20299 5 31 15948 17629 6103 13907 20558 7509 17737 17872 328 31 6394 7730 538 31 17753 7730 12780 20402 10544 5219 7558 21651 4766 31 17753 13055 538 5 15678 10982 7509 21535 12780 20402 17106 0 12780 5 15658 368 4 7850 8377 4 18498 12780 20402 22385 17106 18498 15678 2118 4 13055 18498 15678 10982 28 20402 18381 4 8815 16404 15678 13909 17297 5 
18498 31 6446 6103 11462 20444 1393 14466 17872 22126 6103 23151 1393 15948 4841 22664 18498 4 22778 16673 10983 4 6202 11462 22463 10982 12115 5 23151 17872 13749 5 21282 31 13749 15128 31 22942 5 21 
21 21 21 18525 8995 7850 22211 
1393 21680 13131 0 
7730 12861 11862 0 
13909 7509 18498 31 18191 
11154 5 
28 21 
21 16323 4 28 5 7730 20126 5 21 
21 20149 8956 10273 15658 22318 12034 15424 22463 17556 4 20149 22318 15658 20402 3735 6103 20357 16673 14466 22463 16377 7509 14378 18498 15678 3790 20357 16066 8474 31 18655 18498 15678 8995 4730 15458 12476 7730 15458 17341 4 17438 9721 4 6760 31 1103 5 11043 5 21 
26 26 10628 26 
5329 
21 7850 7127 6103 21793 8956 2413 7509 13729 4 19969 21552 15604 6103 26 15803 26 5 4516 22463 20577 6103 18498 31 22942 20402 14539 31 28 7509 8147 4 7957 11284 21389 6710 16673 22942 5 21 
21 26 26 4 26 26 26 20 21 
10547 7850 16169 18498 15678 12353 3510 
21 1097 4 17438 228 873 21596 16066 5174 873 21596 18498 21596 22463 28 0 17629 15138 6103 22463 8060 21 
20670 15643 19900 15678 18498 9193 18533 
21 23135 15658 10959 6103 9193 4 9193 20931 9942 10959 5 5 5 5 5 5 5 5 5 5 5 5 5 21 
201 4346 7730 20 
9193 6075 15678 12333 17872 23 8 22782 7730 22217 15678 13717 7509 20202 20 20 20 20 20 4346 8 28 28 28 28 28 19800 28 28 
21 7509 21266 6 21 21 17304 7102 20402 20313 4 9193 15658 20402 5 21 21 21 
21 17461 4 28 5 5 5 21 
26 26 
21 26 26 26 26 4 26 26 26 4 26 26 26 5 5 5 21 
21 31 14013 20402 8956 2371 5 9193 16721 21 21 22612 5 5 5 21 21 4 155 15678 13543 4 7730 6 21 21 6103 352 4766 31 18191 17654 6103 28 4 15005 7850 13616 5 5 5 18498 20149 1547 7850 19415 20699 4796 1095 7509 17653 4 28 28 7509 28 18201 5 21 21 
1393 1097 18498 5942 12973 6 17438 9721 4 15658 20402 1920 5 21 
5 5 5 5 5 5 5 5 5 5 5 5 5 5 5 5 5 5 5 5 5 5 5 5 5 5 5 5 5 5 5 5 5 5 5 5 5 5 5 5 5 5 5 5 5 5 5 5 5 5 5 5 5 5 5 5 5 5 5 5 5 5 5 5 5 5 5 5 5 5 5 5 5 5 5 5 5 5 5 5 5 5 
17960 22805 26 9901 11020 17461 2601 
21 20402 20472 4 1114 20 
20539 4 1393 18498 22327 12145 9193 12780 9901 17525 28 17872 20293 21 
2371 14604 3047 
26 26 1825 
21 16393 13284 4 9193 20402 20879 5 21 
21 17872 15658 16784 15678 5652 1373 4 9808 28 20 21 
21 9193 8840 4 4413 7730 9586 6103 23572 15658 6256 15678 22307 13909 13347 0 0 0 21 
21 17380 20402 14539 22463 15422 15138 13688 5 22463 23176 31 13909 1614 16066 879 7686 7730 7861 7509 17757 7509 20299 7730 21596 654 4 7914 14336 31 21793 31 12409 17380 18498 23104 15678 28 4 31 15041 6103 22463 17753 7509 20299 7850 4785 7509 14020 4766 12277 16971 18549 31 22811 7509 21340 12249 7730 15678 18250 1959 31 17757 6103 22463 3962 13290 5 21 
26 30 22 21298 26 26 26 21776 26 5 26 11617 26 26 5 
21 9193 6223 7509 7730 17509 7850 4156 17382 2118 6 
12863 22 20539 26 21641 15803 26 
26 26 26 11617 26 
26 21075 26 26 
26 4 21 21 26 14335 16073 20 21 21 
26 26 26 14335 26 4 26 4 26 
26 26 26 4 26 26 26 
26 26 26 12863 26 26 31 26 26 
26 26 31 26 26 12863 7585 22 21298 26 
26 26 26 26 26 
26 12863 22 20539 26 26 26 26 
26 4 26 4 26 0 
26 4 26 4 26 4 26 4 26 
26 26 4 26 26 26 22 18740 26 21 
21 21 21 15678 17287 1547 15459 18486 29 22463 19411 16404 5762 22463 4821 6103 16412 4 6103 17659 4766 10220 15258 4 16404 22838 31 5055 6103 20127 7509 14753 7509 7804 4 28 28 7804 5 15678 16630 17629 740 20402 23174 7850 17270 7509 5993 5 21 21 
9193 9193 23135 18533 21793 15678 14757 14539 23 21 
21 13136 26 26 4 26 26 28 20909 20 21 
26 26 26 11943 26 26 20 
23135 20402 22463 9942 7509 18339 5 22463 11020 9942 7509 18339 5 
21 20244 31 15286 4 31 22942 20420 22463 8561 5 21 
3058 21409 
21 9193 20149 15658 20402 7914 28 4 23029 15585 6103 19744 5 21 
29 1249 6103 3916 6981 14975 20 
21 733 4 28 5 5 5 21 
21 22657 4 29 20 21 
4796 18498 9193 12780 6256 6103 23016 16404 15678 20497 20149 3450 22897 9901 14425 0 26 28 
21 26 26 31 26 4 11617 13700 26 20 21 
12780 21596 20402 15138 10993 20 20 20 
12780 21596 10993 20539 
7957 17872 28 2116 7509 26 
28 
26 26 6 
21 26 26 26 26 26 1631 4 3143 20 21 
21 21450 4 28 20 21 
7730 11284 2974 6103 18498 9193 8995 7850 17106 5 5 5 
18962 20402 23104 5 
21 16784 5 740 18498 16673 14465 17218 17521 7148 7509 15955 4 16784 5 21 
15643 5 
21 18525 17304 753 7850 22616 17872 15253 7509 11189 12780 16404 15678 9194 9901 4766 15678 9942 4 21793 753 20402 2727 22985 5 15678 11189 20402 10765 10001 7730 2635 15138 17872 4289 15894 4289 20 
21 26 26 26 21776 26 14335 4 2384 4 26 22 6103 26 26 26 14335 26 26 22 18740 26 0 21 
27 
27 
21 14109 6103 4796 20402 22463 2374 2092 7509 9008 6 
21 21 16535 6103 28 6103 22 28 4 7509 28 4 5741 29 21 21 
21 21 5 5 5 19997 6103 18610 29 14667 16404 18610 29 14667 5 5 5 21 21 
15678 16535 6281 5741 29 14667 4 15678 8529 31 29 4 29 7509 381 7509 20015 18498 7847 18876 8329 16412 5 21 
21 2031 16404 15678 14425 23222 7509 20247 4 27 6 21 
2702 13520 
21 21 21 11462 4 201 22463 11154 5 15658 4 201 22463 2635 5 31 11154 12780 5360 5 21 21 
9193 8386 4 14550 20 6 22 21 
18498 22942 5 6 
21 15658 4 31 20794 15658 20402 13909 17342 5 
21 21 15678 17653 7491 18498 15658 12780 13909 19082 1393 19143 4796 28 4 10211 16664 16673 18470 20402 5174 5 
22 9193 4229 6103 13759 6073 16404 31 10366 5 9193 5108 15138 15458 17950 5 1393 22898 18476 23135 9605 7914 21021 7914 22463 8048 4 15678 21021 20402 29 5 8443 20149 21596 879 22310 16971 16066 7118 5298 4 12780 20149 22805 740 31 15932 4796 15658 2735 5 9193 20402 13909 11581 7148 7509 15692 5 20402 22463 15692 7188 4 4891 6103 19450 5 20149 15671 2288 29 4 288 18498 21596 8806 16404 2288 13909 22 4 565 5 21 21 21 
9808 28 20 
21 7730 20402 15678 9971 4 7730 20402 15678 9971 20 21 
21 21450 4 14703 20 20207 14425 8995 6981 28 20 21 
21 11020 11644 23 4 16323 5 2136 17458 31 15144 13055 15658 20402 15694 15678 21036 5 21 
21 15658 11862 15678 18481 23135 20149 8744 4 15658 11862 15678 18605 10753 23135 20402 4 15658 11862 15678 18481 31 20931 22942 20402 7509 11518 4 23135 15643 21596 22463 11644 22385 10131 7730 4766 22463 11792 20699 22385 11020 18481 8956 6 21 
15678 28 6103 29 1249 8995 15999 17872 3805 7509 28 6103 29 5 
21 14539 15658 5018 4766 15138 2053 4 2440 12346 7509 21842 14012 2352 5 15658 1393 10523 14875 20 21 
21 7509 21266 21 21 31 10268 7509 11029 18498 8546 7730 7017 4672 2725 21 21 16066 21 21 4796 15678 7251 5219 9066 21793 10211 6103 8425 17431 21 21 5 21 
12780 28 20 20 20 
21 2384 4 26 26 26 21 
21 9193 21596 14378 18498 7847 288 18498 9193 15658 20357 31 9620 6318 4 4796 9193 288 18498 7847 20357 6103 9193 21 
21 21 21 7730 18525 23016 6103 16083 20825 9808 6103 4417 
1540 6418 31 4231 6103 18774 
17458 20402 15678 2312 7509 2312 7509 2312 7509 2312 21 21 
11284 7558 1249 23104 22463 19225 6103 1114 7730 23560 17438 22318 5 
16323 4 20023 5 21 
6 22 
21 2371 20539 4 20402 21187 15603 5 11284 21551 15658 22805 22463 19924 22385 10753 17872 15061 4796 22463 11644 20402 2374 5 21 
21 18525 15658 10959 6103 20019 4 3058 21061 15658 20402 5 21 
1920 5 
21 15678 13905 2649 6103 21793 15678 21551 5 16066 4 7850 15270 4 7509 13905 2510 6103 21793 15678 21551 5 21 
12963 22942 6103 17949 26 10628 
12963 22942 6103 17949 26 10628 
9193 10765 5 5 5 
4346 26 
26 22350 
21 21 21 5792 3124 10547 9193 12979 5 21 21 28 4 12876 5 13800 5 4 29 27 21 
18525 15988 15678 8927 6103 20214 7509 6836 7509 28 7850 19698 13055 17304 12780 20149 3454 7850 28 5 
8956 28 20402 15138 13688 5 
21 6103 14049 5799 31 6886 4502 5 1393 15533 4 4854 22463 10273 4766 10343 7509 28 5 12780 8386 5 21 
22463 20007 6103 16219 1393 13761 26 1393 11208 18498 21681 9010 3216 11644 5 
21 8995 28 22463 18055 7509 17288 7509 19418 7850 16559 5 17304 7914 3206 22805 22463 4127 9074 6 17286 2647 7914 17286 4 17519 6103 16511 13905 5 21 
29 5 16689 6103 15041 1393 20244 5528 18498 16878 18498 4730 15678 28 7850 11111 7509 28 5 
9193 7730 31 12234 26 0 21282 22657 18476 15678 15604 7548 20444 17872 8125 31 11685 0 
21 9193 10765 4 4676 7509 14600 5 21 
21 13033 18498 15658 12780 5320 18525 14335 9743 16468 22834 7850 4443 18476 15678 28 3702 21 21 740 20402 4099 21 21 17872 22463 4179 1239 5 21 
8 29 
21 7157 11861 17872 21793 15190 18498 22564 28 16066 21596 278 1393 28 11045 17438 20402 9128 7509 22575 15658 19900 20149 20402 23204 17872 16083 22516 5 15459 13543 18498 8995 7850 21684 7509 26 4 9387 22463 13036 17872 18525 18533 9743 15678 14539 6 11560 6 28 5 4766 29 29 29 19047 16673 28 15603 6981 22897 4766 6064 28 21 
21 23135 23135 28 28 4 28 28 7730 28 28 28 28 28 21 
21 21282 17872 9193 21596 4181 4 21793 15190 18498 8995 20149 14055 31 9721 7509 19039 7509 13908 16683 17872 29 7730 2136 29 20 1249 4 8995 4423 6103 18498 12861 2233 19038 31 11636 15392 17872 20149 21752 3930 6103 15092 0 31 20709 8995 17714 17872 17438 13283 22463 2241 7850 15256 6981 16971 0 7730 15678 17877 15658 20402 21282 305 6 13909 16971 11215 20520 13909 3919 7730 13909 8260 5 21 
14425 6223 7509 28 7850 11454 6 
21 28 1818 28 4 20463 13512 5 21 
21 7730 8329 31 22765 21752 22463 4633 20869 4 15678 3510 9743 25 17438 7594 7850 5648 7730 9620 6103 1623 5 21 
21 7730 2371 4 7957 20892 5 28 28 0 20 21 
21 3058 8637 4 28 14334 28 5 21 
7730 17872 18525 288 18498 15658 11284 15502 18498 17769 7850 17380 5 5 5 
21 2371 2922 4 13325 18498 15658 21282 23135 21596 15678 7277 6103 5174 15678 10472 6103 22463 22516 18449 4 20463 16169 21371 21596 20 21 
18498 13749 14336 2988 23 28 0 
27 
21 7850 14996 4 8956 15604 28 9901 22463 2725 17441 5 29 6103 26 11115 4 20214 5371 2367 12999 4 9193 14379 6103 22564 5 16393 18498 15658 1540 4796 15678 28 7730 31 26 10648 15678 15190 5 20560 20402 22327 5 21 
21 873 17304 14335 9431 17438 18498 18654 9193 12780 18533 21 21 5174 31 23231 7509 30 21 21 0 31 5936 6103 871 4289 31 20402 15279 5 21 
30 
10753 109 7509 19225 7279 8406 6792 20699 7730 23014 22535 5 
21282 15658 22657 8918 6103 23151 17872 3962 18476 201 15678 22805 5 5 5 
21 873 20402 26 26 14335 21752 6981 4417 18498 2136 15678 18159 8995 22150 4 18339 18498 16404 5 21 
21 873 17304 14335 9431 15678 17460 7509 14604 15176 8995 9376 4 1393 12755 7509 20497 7509 26 28 4 22463 16971 9074 15138 16393 4766 31 17790 28 0 21 
873 19900 22463 23274 18498 8414 7850 28 7730 15658 4624 29 7121 18772 15658 23276 0 13761 7850 9193 21631 15658 20402 15424 29 17059 26 6 
21 9193 20304 7509 4436 3031 4 5320 4766 20931 3369 7850 18069 6103 13640 13909 4 17324 20244 14668 12780 9901 7188 9769 15678 4436 3031 5 11043 5 21 
20402 2727 17438 2371 5 5 5 
21 16323 4 28 5 7730 20126 5 21 
9193 20304 7509 4436 3031 
21 22748 20402 11686 11505 6 20149 15658 10959 4 15658 4796 5 21 
27 10753 5 
21 21267 18498 654 12716 2136 15678 21625 21 21 30 21 21 0 288 18498 12780 14156 22463 4372 17872 7319 15678 1961 5 21 
21 22327 4788 15678 278 7509 28 11462 4 7730 7576 22385 21842 17872 28 28 28 5 5 5 18533 22805 1249 18498 23016 15678 18498 20402 18498 12780 9743 18476 19761 5147 5 5 5 3393 12780 9439 20244 19900 17872 18525 21842 5 21 
23135 23135 28 28 28 28 28 28 28 
21 2371 9193 23016 16468 22463 20247 7914 28 4 9808 17458 12780 10447 7509 23014 7914 20879 7730 18476 4289 1614 21596 23572 20402 11995 5 21 
27 
12780 6075 22463 21752 15458 9943 7509 18339 18498 15658 16404 6103 9594 6103 28 5 
22463 4331 21105 6 933 5 
7861 7914 28 1466 9193 28 2727 18195 6103 5204 20931 17819 3749 5 16689 15658 21596 6075 17872 10648 7914 28 5 
21 28 28 28 28 28 7730 28 28 4 20205 9193 472 12901 22463 17211 26 5 15658 18498 9193 8995 1077 866 4 13667 6103 9193 5 15708 5 21 
21 16323 4 28 5 21 
21 7730 10916 7509 28 4 27 5 20149 19969 22463 7509 20402 28 654 31 20644 4894 4 23 0 21 
21 8956 28 20402 22463 17022 5 23174 16673 167 4 15658 21596 7277 31 23174 7850 7605 7509 16689 7730 9901 6075 17174 17872 21582 7235 31 16689 4766 15678 1676 6103 18498 21 21 740 11284 15138 5767 31 20402 23174 7730 5590 15678 19701 6103 7883 6329 31 16689 7509 19881 21 21 5 20402 22463 22834 21596 22463 3790 6981 7850 20915 5 5 5 21916 16379 5 21 
21 17461 20402 28 4 15658 10131 5 5 5 16784 17872 28 0 21 
21 16967 15138 12577 9790 16673 28 7914 20402 28 5 13909 7509 18498 31 12551 6103 23174 4 7847 3798 20708 871 16822 11658 12780 6103 9524 13436 31 9524 5232 7730 15061 18498 5133 5741 31 8634 7730 31 19283 7730 17438 5227 15678 278 1393 5896 7730 12301 4 13909 31 16971 21570 31 11654 13439 5 31 9433 17872 12861 14335 16393 2727 20558 6 9620 8361 7730 12301 16404 871 20462 7509 20709 5 20402 15678 22765 4549 7509 28 6 21 21 31 14487 18498 20149 155 31 22463 15604 11644 4 12894 19553 1393 20463 21364 16015 5 21 21 5 21 
21623 8956 17461 6981 9370 18103 29 5 15708 31 21793 15678 8464 5 
18498 651 7509 3805 22805 8956 13981 3510 5 
873 21596 18498 17958 15678 28 28 6103 13749 5 6075 15424 11066 7847 13749 5 21596 18498 16647 7847 7730 15678 28 7730 5120 15658 3623 6103 22951 7914 871 11702 7396 5 
11454 7509 9193 22942 7914 22310 14764 5 
21 21 21 20463 21932 8995 13667 6103 20402 20110 5 5 5 7847 20198 21596 17877 17438 15658 16098 4 12430 7914 9743 15678 20463 21932 7509 20931 18191 14031 5 368 18498 7847 16721 7914 20149 21858 22463 4425 4 8329 15678 20463 17737 15061 18498 12861 20402 19676 5 5 5 20420 22463 11020 16780 6103 21551 4 21389 6103 20931 16440 18481 6072 18498 21596 18498 7850 6075 2154 5 21 21 4795 7850 11455 8633 7509 8361 15260 6103 28 28 4 10647 7509 18164 28 6103 14365 6103 29 5 21 
21 17872 18525 8125 21389 31 2988 17872 9594 18498 21 21 29 29 21 21 6103 23176 15636 17629 9743 16083 7861 4766 3665 15619 4 28 8995 4766 29 20207 15678 26 7509 22317 5 5 5 12780 21596 16083 7861 0 27 21 
17872 18475 22463 18498 8995 288 19854 31 20644 7509 18191 21726 6 23135 15658 21842 17872 28 5 
23174 16784 29 7509 11066 18476 6256 6103 20402 9576 5 6256 6103 20402 15678 9370 6103 22463 7277 17872 23029 21282 13909 22463 7102 7730 22463 9845 6103 14066 6103 14245 7509 8995 5 
8995 2371 31 19484 17872 18525 14335 16836 17458 9193 13202 22327 17872 23016 9130 7914 20023 5 31 7415 6103 18987 17872 16967 20402 20559 184 5 
21 21 21 26 26 26 26 26 14335 26 6 997 11617 4 26 26 26 26 0 21 21 21 
23135 23135 28 28 
21 20402 21942 4 15658 20402 14856 20 21 
7730 9193 18498 288 18498 12861 20402 21282 4672 6103 30 7730 20313 5 

