28 28 8 29 
8 29 
8 29 
21 21 21 20402 26 997 11617 26 11943 31 26 26 
26 26 26 26 
26 26 11617 26 4 26 26 22 20539 26 11617 26 7509 21 21 21 
8 29 15658 8995 712 6103 1268 20 20 20 
9620 17556 20 20 8 29 
21 11561 6 23273 5 28 5 4766 26 0 22615 4088 22615 29 18498 26 
21 21 15924 26 20402 31 26 26 
26 26 26 26 21 21 21 
21 16404 15678 29 7127 7509 21 21 26 26 21 21 22463 14924 15138 8810 18498 20402 15678 7675 21 21 7914 19093 21 21 6103 28 28 18498 9193 19283 17819 13727 7850 20235 28 28 7730 4530 16404 15678 16240 28 29 4 10560 15187 6103 26 28 29 4 28 6 26 28 29 7730 28 6 28 28 26 5 
11462 6472 28 10304 7730 28 17577 28 31 4854 20463 14924 1851 5 21 
21 16404 15678 29 7127 7509 21 21 26 26 21 21 22463 19525 6103 871 14924 8810 4766 22463 16179 18498 15658 12780 19969 6103 9193 12894 20 11875 15658 14335 7995 17774 31 1549 6103 26 4581 4 1937 26 16066 20559 8720 31 2725 4904 6103 28 8 29 
6472 654 31 2434 28 28 7730 28 28 5 21 
21 20402 5474 16673 13520 28 28 15528 31 16429 7509 21 21 26 26 21 21 5 
15678 6472 5252 7914 18263 10273 6103 871 21932 1851 14604 4 7686 4436 28 7730 12145 13909 7558 16971 4 17438 7127 4 16404 16429 5 
15678 17819 21932 18498 12780 17525 4 20402 7509 17819 22897 18498 20954 1393 16196 4766 15678 8855 21 21 15678 18502 21 21 16673 12477 6103 28 5544 29 5 
6472 9193 1095 28 26 7730 28 15349 31 16429 7459 20463 14924 1851 21371 5 8 29 21 
8 29 
24 20 9901 8406 31 29 8525 9977 20 20 
8 29 
21 20402 6472 16673 28 28 31 13566 29 13598 18498 21596 14335 14156 6103 871 10211 7730 14156 13909 29 16971 16404 9743 31 14539 4672 5 
21046 6 15658 6361 7730 15424 16721 15138 5 15658 20402 20237 13577 4 1453 7102 20402 13598 18498 4 6103 871 10211 4 21596 22318 14156 5 1603 4 13566 7118 1097 4 14335 12025 16404 18498 9193 17511 22805 20931 13566 5 15658 11284 18475 21743 6103 15970 17655 5 
9193 13566 6 
29 5 8350 20670 31 4104 28 28 
29 5 14309 1825 28 
29 5 20352 7509 15190 28 28 6103 28 
29 5 7850 15364 20242 30 28 
29 5 31 23575 15286 28 26 
29 5 31 16179 20207 10568 5 11211 28 28 
29 5 3759 7509 1658 28 28 
29 5 14453 18440 6103 28 5862 13817 6103 28 
29 5 11454 9509 28 28 18443 
29 5 7039 7914 21266 26 26 21 
8 29 
8 29 
22350 8 29 
21 21 21 15658 17908 19900 15894 8995 20149 15678 14604 12939 22318 21187 5 5 5 21 21 21 
21 26 10628 26 26 26 
21776 15005 26 26 22 18740 26 
28 17257 26 16073 5 5 5 21 
21 21 21 26 26 26 28 26 26 26 26 
26 14335 26 26 22 20539 31 21726 21776 26 21 21 21 
15678 18498 20402 12861 0 0 6 22 16816 6329 20 28 28 7509 28 1575 15138 17438 9193 20 20 27 
21 9193 4 15138 3058 20 21 
21 17819 4 11284 15678 6679 5 6408 5 5 5 16179 20 8443 4 21211 5 4499 20 18655 20 21958 20 7850 1114 16673 14425 15816 4 15658 11284 5107 5 20244 5107 4 15658 11284 1114 20 15678 4499 20 20539 4 15678 4499 5 5 5 12780 13420 1393 13690 20 21 
18950 8956 11454 0 20 19703 5 28 28 
21 6472 7509 17316 28 28 
5099 18498 9901 22463 21551 16721 9193 20402 7188 288 871 18498 15658 20402 22385 13669 16066 16958 6329 5 19703 5 
15678 15697 20402 6472 4436 1097 5 3450 22463 21596 15678 17605 6103 29 16404 17525 22463 17316 7914 20931 18191 13539 7509 21551 4 3962 5431 7102 17739 18525 15678 12145 4766 22463 13591 6103 17316 5 3450 12145 7102 12145 13909 4436 1097 16404 5913 15678 6472 5 28 28 7509 28 4 28 15349 4 28 5915 4 28 28 4 28 26 
21596 21389 20352 
21596 21389 20352 
18498 20402 10386 16929 
6103 18498 20402 20348 4 
9193 18950 4 1393 14371 4 
18498 22327 12861 20402 16718 4 
18498 15658 20357 560 5 
21596 4 21793 18498 23104 4 
22463 22942 18498 20402 23104 
7730 16083 22942 18498 20402 16721 4 
7730 31 23577 22942 18498 21596 
20402 8956 18498 20402 7459 
8406 31 22823 7730 31 8561 5 
18470 17495 20402 31 22823 
7730 18470 8561 4 15502 
9193 19900 9431 7 
7730 23104 6103 14031 
18498 31 22942 18498 31 10765 21596 
20402 31 18498 21596 18498 16721 5 
28 16971 21 
21 21 21 26 26 4 11617 22 13800 26 26 26 26 5 5 5 21 21 8 29 21 
21 21 21 17872 6070 4 6070 4 6070 7730 20402 9808 20 20 9872 6103 8003 7509 14604 16587 5 21 21 21282 288 18498 17629 22918 6103 15604 20 27 4 20126 5 21 
28 15349 15658 12780 22318 6075 14125 6981 22897 20 7 27 
20244 16192 15678 
19384 7850 21662 6103 17766 18233 7730 14096 31 3558 20 27 6 
16475 7850 22575 20 6 6103 15424 8995 368 
21 14487 20 20 28 28 7509 28 4 26 28 21 
21 21 21 26 4 26 26 26 14335 
26 26 26 26 4 7850 26 26 20402 5 5 5 21 21 21 
28 28 28 
21 19310 7850 11538 18498 7847 17525 20 15138 4668 20 28 13141 4 28 3972 21 
1027 17556 
21 7809 7509 2154 7509 28 11462 5 5 5 27 4 740 15658 19900 4796 5219 13398 9193 7850 10484 4 15658 21596 15299 14425 7509 18498 7594 6103 924 20 21 
21623 15678 20457 7730 288 18498 23135 21282 15658 264 9193 18824 17458 9901 7914 4328 20 4796 1920 0 0 0 18784 15678 13591 20402 12094 20 
18476 20463 1095 22240 4372 17438 866 5 5 5 23135 19900 18498 31 4672 9010 9786 20 27 
21 27 4 11399 15576 17930 21 21 21083 22403 21 21 6070 5 21 
21 27 4 15138 3058 20 20 6 21 
21 12861 20402 17458 7847 15658 19900 15678 18498 20402 22463 15533 7509 20066 20 27 28 28 4 28 28 4 28 10322 4 3364 28 4 28 3630 4 28 28 4 28 28 4 28 28 15528 5 5 5 27 21 
15678 18506 15671 12780 20402 20293 15678 14604 17658 16816 6329 20 
1409 16673 11729 
21 4740 4 26 20 
20402 9193 14464 4 21282 9193 
2434 4 26 20 
14019 7509 28 4 19169 5 5 5 21 
21 21 21 16404 4 15658 9605 12861 15658 5 5 5 20402 866 15558 18498 9193 16587 6728 21793 16468 20 21 21 27 4 15708 20 20 21 

7957 28 28 0 27 
28 28 
21 21 21 15658 22805 31 11518 6103 22318 19052 
7730 5360 1612 5459 
18498 15658 21623 15908 9901 17872 5 5 5 21 21 21 
15658 20112 740 16836 20149 20402 3058 20 27 26 28 
21 21 21 18525 20402 6103 22821 19900 18525 20402 6103 14487 21 21 21 
15658 12780 16784 6103 12939 15425 20 
288 28 28 27 
8956 17563 7914 19205 8344 22805 5 5 5 7 6103 27 
21 28 28 23135 9010 16784 20 15658 5320 4815 16404 22318 9431 13909 15299 20 27 4 23 5 16468 31 2154 6103 8361 31 4672 7730 23135 9743 12861 4815 5 5 11821 20 3058 20855 4766 20463 21 21 29 28 13229 6103 6070 21 21 654 20 27 21 
6 
28 28 20149 23135 288 18498 14604 15880 12784 9901 14156 20402 17458 15658 22805 9193 4456 20 27 6 
4894 18476 9193 18533 5459 21267 4766 873 9193 31 10273 6103 16822 6281 15658 6256 20 6 27 
28 28 19900 18498 12780 4623 21793 31 22898 18498 9130 4766 23135 18476 5741 26 0 20 27 
21 15658 368 2136 654 18498 20688 4766 15678 28 28 28 7850 23141 20 27 4 13055 8995 4766 7722 6103 23135 18498 12780 17872 8956 2304 5 28 28 7509 28 4 28 28 4 28 28 7730 28 28 5 4730 15678 4453 20 21267 20 19703 21 
18498 20126 184 6103 9743 2154 6 
11462 21596 20235 7509 16468 6103 28 6 18498 6103 22327 4179 20 20 
21 28 15528 4 28 28 6 21 
21 3058 7127 20 20 20 27 4 15658 20402 15299 10544 352 4099 7914 22463 7576 5 27 12780 16404 28 6 9872 6103 6070 20402 15678 18498 21596 16404 11462 5 19703 5 18498 6103 22327 4179 20 20 21 
21 21 21 7847 21371 8995 16784 
7730 17438 12861 20149 614 31 9193 21371 
7730 9193 14335 614 31 7847 
17458 9193 15658 21596 13909 15502 
7730 9193 7491 6 740 20402 4099 
4099 4 4099 4 4099 4 4099 5 21 21 21 
26 28 13877 18498 9193 15658 13325 6103 23135 20 27 6 
21 6075 15678 20044 7850 8350 11462 20 13575 5 27 4 21810 18498 7576 6103 22327 4179 21 
21 13877 18498 9193 4346 5 5 5 27 4 14604 28 20 20 20 21 
21 21 21 9193 14335 18519 
9193 14335 1788 
9193 14335 19653 
9193 14335 19415 
18533 15678 18498 15658 17304 21596 20402 
20402 9790 6103 2359 7730 15658 6103 22954 21 21 21 
21 21 21 5590 4796 22463 13688 
9620 20293 15138 17556 
17872 20149 16784 31 18736 5 5 5 21 21 21 
21 4179 4672 18784 14335 1966 20 20 27 4 20402 15138 4668 6 21 
21 28 28 654 17629 6072 10273 20 20 27 4 17304 14335 14018 17438 14469 6 19703 21 
21 10765 20 9193 16784 31 618 7509 14604 4122 7730 15658 19900 18525 14335 14018 871 14469 6 27 4 20149 17304 14335 4229 7850 26 7730 16468 15678 15677 5 5 15708 20 21 
15790 18476 15658 17511 19698 7730 31 16971 9605 866 8302 7730 9193 18494 21596 22463 1987 20 27 
21 21 21 11139 18553 21631 28 
28 10855 26 31 30 
28 18476 30 
11139 18553 21631 28 
28 10855 28 16759 30 
31 28 28 26 22 6103 20751 4 20751 4 20751 21 21 6 21 
20149 16192 20 20 20 28 28 28 15855 12861 5 
21 21 21 26 11617 26 5 5 5 26 26 26 12863 26 26 26 21776 14335 0 21 21 21 
15424 9901 4766 23167 6103 1937 17438 5891 7509 884 15658 5 5 5 19703 7 3959 13909 16816 
21 21 21 11288 26 14335 4 26 26 12863 26 26 26 
26 26 26 15803 26 26 11617 31 26 26 21 21 21 
21 21 21 15658 9387 9620 6103 21551 4 9387 9620 6103 12578 5 17458 18476 31 10765 18533 14539 4 31 13860 23029 7127 5 18486 23029 21252 7730 22463 14924 23029 15941 5 21 21 
28 28 5 21 
28 28 
21 22327 15988 16404 11020 14924 21 21 4 4766 31 21245 7509 26 28 7730 22133 7509 15533 7509 20066 8840 15658 8918 15299 7730 15138 14512 16404 21793 21 
21 28 28 28 28 4 28 28 21 
21 7957 16468 4766 21 21 31 21 21 11300 20 20 27 4 15708 20 20 6 21 
21 9971 6103 20247 26 26 26 4 26 26 12863 26 26 5 28 28 21 
21 16323 16971 13909 12505 7509 15190 12526 20 20 27 4 18498 14335 12834 4 5320 14604 20192 4 14335 9743 9901 352 2136 21409 16404 22318 753 31 9130 4 9901 14335 8125 18476 15658 5219 7599 4 9901 3183 18476 9193 8406 7850 20463 18487 8406 15138 16083 4672 5 27 4 9193 1393 14539 21551 15643 19969 7509 14604 13131 7730 20293 5018 4766 31 9193 11644 13688 5 3058 4 6679 22327 6103 14425 17872 23135 15458 15190 4 22463 15311 20 20 20 20 16404 16367 6103 8125 14604 19924 20670 15678 14604 4 15138 21021 7850 20931 22942 4 3058 15585 5 5 5 18498 5360 6070 15138 7730 20402 15138 9808 20 1471 6103 22327 4 9193 22318 1027 20931 12505 7730 12780 8995 1614 20293 16404 15678 18498 17629 5 
2702 7730 1575 20463 7127 20 6 6103 
15741 6 23 6103 23135 20149 15658 14335 6075 17819 16620 6103 3031 20 20 27 21 
3364 28 4796 1920 6 22 
21 21 21 20402 22463 11117 6103 1658 7850 15855 7509 10505 
7914 14336 31 14676 6103 11117 
3450 22463 7850 20931 3348 4 3450 3375 15658 5528 
3450 22463 13359 6103 22463 10211 15678 14539 17406 6103 12626 5 21 21 21 
28 4766 3897 654 27 
21 16323 28 28 20 20 20 27 4 22327 6103 14425 16404 23135 15458 15190 7730 18498 5204 21793 15678 20463 15699 5 472 21596 22318 5174 7730 31 2154 15658 21596 31 14539 11066 20244 23135 20 6 
2702 7730 1575 20463 7127 5 
740 15658 368 9193 26 27 4 17438 18498 20402 11300 0 0 19703 21 
21 21 21 352 14615 20 23135 16393 22463 3166 6103 15481 7599 20 21 21 27 4 14335 7451 6329 4766 7847 1614 5 6 21 
21 4346 6103 19698 4766 15678 26 28 20 27 4 26 26 15658 21596 31 14539 11066 20 27 21 
16647 15678 22215 4766 31 28 28 20 20 27 6 
21 7730 31 13690 9996 18498 12861 22327 20402 15558 5 
9193 9996 21596 16135 5 5 5 21 

22463 16958 31 14466 20 15138 15708 28 28 28 15658 19900 15678 18498 9193 9743 20244 31 20931 753 20 20 24 
28 15349 23151 13640 20 20 20 20 
21 28 4 6103 14335 31 19898 16404 15128 31 4672 18498 9193 17511 15128 7 16135 16404 238 31 4672 18498 9193 15658 17511 15128 7730 7294 16404 19900 31 7178 8406 22463 7730 16083 5 21 
12780 16404 15678 8350 20 27 6 26 1920 16404 9193 352 4099 7914 17269 7576 5 
13512 
14604 28 20 28 28 4796 23135 5219 0 0 0 27 
28 28 28 23135 6221 20402 13909 13688 7509 18498 9193 16721 7 27 
21 21 21 26 15803 26 4 26 15803 26 1631 26 26 26 26 26 4 
26 26 26 14335 5 21 21 21 
17872 18525 16721 18498 20066 20402 10544 5 5 5 
28 28 28 24 
4060 26 26 26 21776 7509 26 6070 20 26 26 2384 11617 6057 5 26 26 6057 26 26 26 5 
22310 11518 7730 14336 6070 20244 16367 20 8995 17629 14539 20402 15138 3058 20 20 
21 21 21 3450 22507 7509 7850 18498 30 
23351 26 30 7850 18498 7509 4 
15299 8576 14309 20558 4 
7850 26 16083 15557 6 
15299 20149 26 4 
21793 20149 22020 5 21 21 6 21 
15138 3058 14539 20 1027 1027 1027 15678 
739 18498 6739 20 20 20 6 
21 21 21 21596 782 7850 10728 0 21 21 27 4 19698 21282 13325 5 5 5 5 21 
21 14604 28 20 21389 9224 4 21389 8350 5 5 5 16066 9193 1540 31 14335 15988 16066 9193 1540 20 21 
21 21 21 26 31 26 26 
11943 31 26 26 15803 26 
26 31 26 11617 26 
11617 26 26 11943 26 26 
15803 31 3091 26 15803 26 
26 26 26 22 30 26 26 
26 11678 26 22 18740 26 26 22 30 26 21776 26 
26 26 26 21776 10907 5 5 5 21 21 21 
21 6408 6103 22463 21 21 23 20539 11300 21 21 7730 18476 288 18498 15658 17304 17107 1421 22463 21 21 15834 6103 15604 21 21 6 23274 21570 20 27 21 
4892 20 27 
20402 15138 11663 9605 21267 
21 21 21 7585 22 21298 26 26 26 12863 
7585 22 21298 26 26 26 12863 
11617 22 13800 26 26 26 26 12863 
11617 26 22 21298 26 12863 22 20539 26 26 26 
26 26 26 26 12863 
9783 26 2961 26 12863 
11617 26 26 22 21298 7509 26 
26 14335 11617 26 26 21 21 
28 28 26 26 26 5 5 5 4796 26 21 
21 21 21 7585 22 21298 26 26 4 7585 22 21298 26 26 26 
26 26 22 20539 26 31 26 20402 26 
7585 22 21298 26 26 4 7585 22 21298 26 26 26 
26 20 21 21 21 
15678 28 28 17629 23151 13640 20 9193 18533 15138 15138 15138 1190 4766 15678 20647 15604 6318 
4672 18498 9193 19900 5 5 5 15678 14378 15005 16936 7509 11670 13688 5 
21596 10765 3224 4766 31 9193 16135 20 6 
21 21 21 16468 7509 9692 7509 20126 4 654 20402 21282 12150 5 21 21 
3510 28 13307 21 
21 28 28 4 28 28 28 7 27 21 

26 18525 9743 2154 2154 4766 7847 19900 5 5 5 1937 21793 15678 26 16673 14690 22897 20 19703 
21 4766 8956 1095 9193 15658 17629 6103 12353 20 20 15658 20402 20896 28 15349 20 27 4 12780 16647 22463 23572 7730 12780 654 5 15658 17629 14335 11586 1920 5 5 5 5 6 19703 5 21 
21 1052 20 740 8350 20 27 4 3058 6329 5 21 
2154 15138 3058 20 20 22657 21083 31 16689 21582 20 20 
21 21 21 26 26 18498 26 26 20149 30 26 6103 26 
22 30 26 26 7588 26 9503 22 30 26 26 26 
26 22 26 28 30 1393 26 6103 26 
26 26 26 7850 26 9503 26 20149 26 26 21 21 21 
21 21 21 11617 26 11617 26 22 21298 26 26 15005 26 26 26 
4060 26 26 22 20539 26 11617 26 
7585 22 21298 26 26 11617 22 13800 26 26 26 26 
26 26 26 26 11617 26 26 26 21 21 
4796 8956 15286 11104 6 21 
17872 18498 21596 12353 20149 9193 21596 15678 28 28 16404 201 4766 21793 31 9193 8838 31 20457 7509 14049 6 27 24 
21 8840 18498 20357 4672 18498 15643 20357 1276 5 8840 18498 5174 16971 4766 22463 17406 6103 22886 7174 5 8840 18498 21596 22463 22942 7850 18470 20149 15995 4 7730 20149 23135 6592 18498 15658 21596 8840 18498 21596 10268 17872 5219 4809 15603 5 21 
28 28 7730 28 10322 23135 16784 20931 4273 6 2154 6103 23469 20402 6329 27 
21 21 21 15678 15190 13055 3510 4 21282 14335 19509 6070 20670 15678 7015 5 21 21 
28 28 21 
21 21 21 15678 11474 18498 17785 20402 20293 4649 7850 20463 16718 7730 7850 20931 6152 28 16066 20402 22463 15283 1068 16066 4 20149 15658 5219 21040 21793 31 20931 23070 4 22463 14939 14118 9653 5 21 21 
28 28 21 
4289 23104 7914 3962 20 20 20 15678 28 28 7286 2727 12780 5 5 5 27 
21 29 26 4766 15678 12505 20 20 20 28 28 28 14514 22463 18164 17438 22318 713 20 27 4 20402 15138 1114 22805 0 20 26 17304 5 5 5 19703 5 24 21 
21 26 
26 
26 26 5 
26 4 26 26 26 
26 26 28 8184 5 5 5 5 21 
26 5 5 26 5 5 5 26 5 5 30 20 
9193 1027 15138 31 13512 7509 28 28 24 24 24 
28 28 439 15678 18498 9193 8995 1937 0 0 0 15678 22948 7509 15533 7509 20066 29 20 27 
15658 21596 15299 14425 7509 18498 26 12931 27 
21 9193 22805 31 13512 7509 28 30 7850 28 9193 15658 5219 12780 9594 4766 7847 20 6 27 4 8956 21596 17031 20 7 6103 21 
26 1920 14539 17872 14335 9743 352 4099 7850 10548 20 12780 16404 15678 23269 6103 12931 7 6103 
26 288 18498 15658 9010 6075 4179 5 5 5 5 27 
28 28 20149 19969 6103 16936 23135 15036 26 0 0 
21 16323 20 20 28 26 22327 6103 14425 16404 23135 15458 15190 20 19900 18498 8995 21842 17438 23135 7730 20293 12780 8995 1393 20463 13131 16404 15678 18498 17629 20 20 20 21596 4181 6103 18498 12780 9743 15138 21021 7730 12780 18533 340 22327 6103 16936 20 10959 15138 6103 23135 7730 23135 9743 15138 9620 5 6 654 1575 15678 20463 7127 7730 18475 4672 20402 26 4229 7 6103 
2702 24 21 
21 28 15349 15658 5219 22318 13480 7730 23135 15658 1421 7850 28 20 6 27 4 17629 9594 4766 23135 20896 7 21 
7850 14924 29 
21 15678 9157 26 20025 13055 23151 9980 20 27 4 15658 718 13909 9901 20244 2154 5 6 6103 21 
1612 14924 18498 20463 1095 22318 16468 22463 23222 15138 11663 7730 23135 20149 11649 4766 7847 6 23274 
21 28 733 20 27 4 15299 21095 15678 18363 7850 10484 5 5 5 5 5 4796 20402 11663 20 21 
21 21 21 26 26 26 22 20539 26 26 
26 11617 26 26 11456 26 26 
11617 28 26 26 26 
7585 22 21298 26 26 21776 26 14335 
23 23 15833 
11617 26 22 21298 26 20 21 21 24 21 
26 11943 26 26 26 11617 26 5 5 5 26 22 20539 26 11617 26 20 20 20 15708 6 
21 21 21 15678 18498 8995 349 0 
15678 15190 8995 1393 5431 7730 15502 19310 
15678 18498 8995 349 0 
9193 8995 7914 16580 18476 23135 4289 21 21 21 
21 21 21 26 28 26 28 
28 28 
26 26 
26 18665 
26 18665 
18665 18665 
26 26 21 21 7 21 
29 26 15803 28 
21 21 21 871 16971 15344 16404 20336 7850 2708 7509 19698 5 5 5 871 20402 2046 17438 18654 5 5 5 871 21596 16098 16404 15286 5 5 5 871 20402 1845 5 5 5 871 15299 5 5 5 871 8386 6103 3137 5 5 5 871 5174 28 5 5 5 871 20402 15253 5 5 5 7730 871 16971 5 5 5 6070 5 5 5 21 21 21 
15505 26 6 26 
21 20149 873 19900 6103 871 5942 6103 10548 16066 23269 6103 6070 4 17438 9721 14335 2322 20 20 27 4 6739 2647 13055 20 19703 21 
29 26 
8995 14336 6225 9193 15658 6256 6103 20402 10141 
21 21 21 4796 7847 1751 22463 2434 10943 0 21 21 27 4 9193 12787 15658 17769 20 21 
9010 16468 28 7850 21525 15036 20 
2136 7850 12780 19662 6329 20 7730 21282 8443 12780 17304 7599 7914 16580 5 
28 28 6408 7509 7127 29 23135 20402 9193 20 20 20 27 20244 6663 20 20 20 21596 18498 4788 20463 1247 6103 29 5 29 23 20 7730 22805 20149 16404 6103 22918 20 25 5 
26 11943 26 26 26 11617 26 5 5 5 26 22 20539 26 11617 26 20 20 20 
21 26 26 26 11617 26 26 28 26 26 26 26 11617 26 20 
26 11617 26 31 26 26 26 26 28 26 5 5 5 24 21 
28 28 17629 6103 23135 20 20 27 7 
21 21 21 11617 22 30 26 26 26 
26 26 26 26 
26 11943 26 8184 4 
12863 26 22 21298 26 26 5 
11617 26 21776 26 
21776 26 12863 26 
26 11943 26 8184 4 
12863 26 22 21298 26 26 21 21 21 
21 28 13512 20 4766 15678 26 13909 16816 6103 21793 20 27 4 1027 20 21 
21 2371 15678 21500 21787 5 6256 21787 5 15643 2020 1393 21500 7850 16440 7509 14049 5 21787 4436 22898 7730 16367 5 9193 8995 21282 4815 14539 5 7730 4 17438 13909 19395 18498 20402 4 20402 14425 18498 8995 4766 873 4 18475 22463 4 21793 13761 20402 9743 20463 16753 22290 7730 17151 5 18344 31 4624 2136 15678 16962 7730 8840 5 6146 9901 7850 3590 2136 15678 14410 5 21355 8443 31 14561 7509 15190 8995 15036 7730 7847 20420 14466 7188 6103 8241 5 
28 28 5 21 
21 8329 21793 15190 
8840 31 5929 7509 13923 
7730 31 13690 9996 
18498 12861 22327 20402 15558 
9193 9996 21596 16135 5 5 5 21 
20149 22463 7127 9193 17304 22805 14604 16468 12526 7730 9743 16367 4356 9193 17819 8564 5 5 5 5 
21 21 21 15253 4 26 26 26 26 14335 
11617 26 22 21298 22564 12863 26 
12863 22 20539 26 26 26 26 21776 26 
26 26 11617 22 13800 26 22 26 26 22 20539 26 21 21 21 
21 21 21 2631 15855 7850 10484 7509 14604 15860 4 17872 22805 18498 13055 15658 20402 4796 20402 1276 5 22327 18498 9193 17629 20402 6103 22463 4245 20 6103 871 12459 5 5 5 21 21 21 
22327 2727 18498 15678 20623 28 14334 28 15658 21596 15299 31 22805 4766 15509 9193 15658 22805 31 11518 6103 22805 4796 12780 20402 
12863 22 20539 31 26 26 26 26 26 31 4245 26 31 26 10628 5 26 26 26 22 21298 26 26 26 26 12863 26 20 26 22 20539 26 26 5 5 5 24 
11462 12780 22805 9193 13512 28 15349 7730 28 26 
26 8956 28 28 21282 14335 16909 22805 20 27 7730 8995 17556 13512 4766 15678 15311 6281 20 19703 5 
21 13055 16367 6103 9130 17438 11462 0 
4524 18498 15658 4 7730 23135 30 20 15658 16404 4 15658 16404 4 15658 16404 15658 5 
27 4 20725 20 15658 8995 712 13909 20 15855 15678 6739 5 21 
26 4289 15678 9975 7509 1249 7730 8995 21793 9103 5 5 14604 28 20 27 
10141 20 
26 26 20 26 26 26 5 5 5 
28 28 28 16066 15658 7599 7730 9901 9130 16673 4945 21371 20 19703 
28 28 28 1755 20463 15444 20 9193 8995 13512 20 6 
12780 9901 20244 23507 14539 6 
21 26 28 9193 12780 22318 14265 20 27 15855 15678 18498 14018 7850 20463 26 20 7730 733 4 4796 12780 7110 20463 13591 0 20 21 
20725 20 18498 20828 6 
9193 15658 8995 368 15510 20 6 21282 13909 871 28 20 15658 18533 7599 14539 5 5 5 5 19703 5 

