21 22463 17556 7509 18498 14604 10943 1564 5 
10548 7850 28 3960 7509 28 17822 9634 21 
21 23575 20828 7850 4687 7509 23179 5 15643 20149 22805 1114 22385 11020 4 11104 7509 23179 5 
4277 1114 6103 22821 21 
3962 13909 22463 5 15708 1095 17438 9193 6256 9743 16440 6981 14924 22385 13512 7730 11861 7850 22942 6103 23135 5 26 
21 28 15678 19522 7509 1386 7509 20931 16920 15775 20402 15678 20201 6 
7850 22821 23135 20402 22463 16971 4766 14487 10296 5 23135 16393 5105 4 20851 4 6957 4 9193 7850 22821 20402 15678 5431 17703 4 22223 5 1393 22898 4 22463 3222 17304 7850 4060 12513 5 23135 10122 6329 7850 15936 7509 16083 20670 23135 4 7730 18533 20112 21793 15190 16404 18498 10959 6103 23135 5 21 
21 28 15678 19522 7509 1386 7509 20931 16920 15775 20402 15678 20201 6 
23135 20402 15678 21743 10405 17438 20402 7730 18527 17438 6389 5 15658 5219 9594 15138 4766 18525 15658 20402 18195 7730 18533 20149 18044 4 9193 16404 18525 18498 23135 18950 4796 1095 23135 15061 16083 13131 21916 7174 4 9605 20192 7730 7319 18475 22408 5 21 
21 28 15678 19522 7509 1386 7509 20931 16920 15775 20402 15678 20201 6 
23135 20402 22463 16971 3058 5 23135 22092 20463 1097 7730 16971 18195 15138 2727 4 17458 23135 20149 5108 5 29 6103 5107 16393 22463 17556 184 4 9193 20402 20931 28 5 23135 368 18498 20402 23135 22092 7509 14539 12939 18498 22092 15678 16083 5 21 
21 28 15678 19522 7509 1386 7509 20931 16920 15775 20402 15678 20201 6 
7850 22821 23135 20402 22463 16971 4766 14487 10296 5 23135 16393 5105 4 20851 4 6957 4 9193 7850 22821 20402 15678 5431 17703 4 22223 5 1393 22898 4 22463 3222 17304 7850 4060 12513 5 23135 10122 6329 7850 15936 7509 16083 20670 23135 4 7730 18533 20112 21793 15190 16404 18498 10959 6103 23135 5 21 
21 31 16378 20402 10259 4 15424 31 7419 20369 5 21 
1115 5 5 5 9193 1095 6670 20293 7730 17872 20293 5 
2647 20126 5 5 5 
15678 18498 18784 11862 7730 22657 31 16689 5 9943 20402 9176 5 
21 871 4672 15658 17629 20402 9431 4 1453 4854 5 
1114 6103 22821 12787 28 12787 2836 
16404 20293 21 
21 14466 6103 29 11518 5 
7594 6103 9156 4 1268 4 20126 7509 14181 13055 21776 9901 5 
14244 4 22463 20247 12526 1393 13131 7509 9193 9634 7730 7509 1095 5 27 
22463 20247 13667 7509 29 11048 5 
21776 4289 9193 10765 5 
28 23274 3968 21 
2689 6324 5 5 5 
21 28 7730 30 4 15658 20402 21282 7509 12787 18498 7847 5876 4 5876 7509 1097 21371 5 1027 31 10273 28 7847 8995 20559 13520 5 
1097 6103 12319 21 
18498 21340 11300 0 20 0 28 28 
11462 4809 31 13359 16673 20207 22897 8956 13591 17872 28 7730 17872 28 5 13055 9743 22463 29 16066 29 15266 18498 13359 17872 7847 7730 11462 15678 28 16630 17872 9193 13359 6103 15604 5 1027 8956 13591 7730 368 18498 15658 9387 11454 14425 18498 8956 16404 13359 16404 15678 16753 5 
21 20402 12861 2371 9193 10765 4 21282 29 26 5 27 21 
21 14604 1115 5 15658 9387 16192 3735 6103 6650 15678 18498 20357 17438 23135 5 
12787 28 12787 2836 26 30 21 
31 14425 8429 18498 13055 13359 5 
18498 26 13909 20244 15623 5 5 5 18498 20402 18498 20402 12861 5 5 5 27 
21 7847 18784 288 18498 9193 21596 31 15713 6103 7459 14604 20069 4766 7847 5 
26 1114 7509 15253 30 21 
21 8956 20402 17872 23135 7248 28 654 7847 20402 13905 18498 15678 19690 5 
17737 19720 15344 4766 7847 30 21 
20402 11474 5 5 5 27 
21 7847 20402 13512 4 20402 14216 4 20402 14604 9942 5 21 
21 28 15678 19522 7509 1386 20402 15678 20201 6 
15678 20463 17406 13909 10296 6 14378 7509 15041 
7850 20931 14487 15678 13905 14378 20402 31 15041 4 9193 15658 20402 20931 18191 15041 4 7730 20539 31 15041 6103 16971 23551 5 23135 20402 15138 6399 6103 19205 4 8815 4766 15678 16169 4 6038 7730 12787 5 18476 349 31 15041 6103 871 6075 4 23135 15658 717 5 21 
14335 753 31 753 9193 17812 21282 6075 22463 5947 7730 4854 16404 13909 16971 5947 21371 29 
22385 22821 5 5 5 27 
21 16323 17872 23135 18498 11284 29 1249 2116 15128 15678 20912 7509 28 6103 15535 16404 3962 5 27 
5360 6679 22327 12861 17872 23135 4 9193 654 21371 6679 18498 23135 20402 9324 16169 4 18498 21596 19898 17872 8520 15678 13131 14181 7730 15144 4766 15678 13131 16169 7730 15253 4 18498 31 9634 6103 23135 20402 17840 4 21596 15678 1114 7730 15678 1506 7509 9193 9634 15678 19509 31 10765 5590 2116 5 
1027 23135 3959 18498 23029 22463 13512 22215 5 21 
21 16323 28 4 22318 6679 22327 6103 14425 4 18498 28 78 15138 20931 22942 7730 20931 9634 4 18498 31 9801 20402 20293 17737 7850 20931 22942 7730 18498 28 22318 6075 15138 19898 16404 7802 14604 20693 13512 5 
11462 15658 17511 4788 4766 23135 4 9193 6073 22463 28 9193 21776 2371 7730 18533 22463 3031 2727 10962 5 16323 5915 5 
26 21 
21 17872 17602 17872 4796 19973 5 
10943 4646 5 5 5 21 
21 9867 7850 8632 17872 14604 16753 11020 11474 5 
9942 9808 4 16169 18643 5 21 
21 29 18498 21999 1114 4 3870 7730 5905 5 
20293 7730 16404 20293 5 21 
21 14604 16169 4 14604 22765 13512 4 15658 14335 8918 7509 20304 15658 5 
16323 16673 7127 7509 16169 4 16323 16673 16135 7914 20402 14604 16169 4 17458 19900 18498 15658 20402 15299 10544 5 
22318 1027 16169 17438 22327 15678 18498 15678 20304 13055 9743 7730 5360 9743 4 15658 21282 17872 9193 9193 16404 15678 14604 9943 21371 5 15708 17438 20402 17737 7850 9193 22942 14539 4766 13909 6103 14667 18570 9193 20369 5 15671 22318 1027 15138 16169 7730 2336 14149 5 
5320 15678 28 17872 22318 134 5 21 
21 9312 29 1249 2116 9193 8995 6246 8840 31 11518 6103 12780 17872 18487 7730 22318 16647 7850 4687 5 31 5459 4766 15678 16292 6075 4179 4 23135 238 15678 21 21 20975 21 21 7509 16292 7730 19450 19969 7509 18596 5 27 
22318 1027 1114 7509 15253 5 21 
21 14604 13909 22765 4 14604 1114 4 14604 9948 18498 8995 5741 7730 20149 22020 15658 11474 4290 6103 2053 7730 16920 5 
22318 1027 6670 7509 7127 29 29 29 4 18498 20402 15678 7127 18498 6592 18498 23135 9387 6389 6103 9193 4 7127 18498 6592 18498 15643 13909 9901 21282 5 
9193 22318 1027 14604 9942 17438 22327 18498 23135 14335 8361 15458 29 1249 4 17438 3450 4346 20244 15081 4 17438 3450 2894 6879 4 1920 23135 14335 8361 31 21596 16135 4 31 1027 7730 21596 3558 9193 14924 13909 6737 5 
1027 23135 991 7509 22520 5 
16323 14604 1114 14604 9948 4 14604 16753 11020 11474 5 21 
21 15708 17438 6256 15678 7127 7509 14604 9948 13909 8810 4 15708 17438 3450 3927 4 3943 4 17737 5 
15708 17438 14539 13667 23135 20402 22385 17737 7850 22942 7509 28 5 
2336 28 28 4 2336 28 4 21739 12787 4 10901 7730 4108 7730 17812 28 5 9193 9634 6103 21 21 30 21 21 4 1027 23135 5 
13858 20088 28 4 21739 28 28 7730 28 28 28 7509 28 4 28 28 26 7730 28 26 4 23135 9743 16440 7509 9193 22942 7730 9193 11454 4 21371 1027 15138 23135 5 21 
13923 19900 9193 15678 18498 8995 17438 23016 5 5 5 
31 5459 4766 15678 16292 21083 6075 4179 5 
21 11462 20402 22463 7127 7677 9808 4 7127 6103 4788 15678 7127 7509 16169 7730 7127 6103 4788 15678 29 1247 7509 16971 18498 22020 14604 1114 7914 16169 5 
16323 1114 17438 20402 8956 16169 4290 6103 1114 4 3870 7730 3181 5 5 5 
16323 1114 7509 15253 17438 13909 22463 1249 18498 23135 9193 827 7730 9193 6256 6103 3388 7914 18376 5 
7730 18498 23016 15138 28 7509 16169 7730 15138 1247 16404 4788 13030 5 
23135 20149 16393 7730 20149 4886 5 22463 15658 9387 20244 15678 16083 5 
1027 23135 5 
26 26 26 
20149 4886 16169 7730 9942 21 
9808 7127 7509 16169 14604 1114 5 
4796 7491 31 21739 28 20402 15138 1114 5 
21 14604 10943 6106 7509 4624 4 15424 16393 18498 8995 29 5 
28 26 12787 2836 12787 28 21 
21083 5018 5 
20088 28 28 28 28 28 26 28 28 
21 20244 4122 2136 1022 5 5 5 
2700 21 
13033 18498 9193 20402 17106 18498 12861 5 5 5 27 
21 9193 17831 8995 5741 7730 14335 21187 13909 31 3450 7127 5 
8956 23575 28 20402 28 6103 15138 6592 7730 6103 15138 21 21 18494 16192 21 21 5 
7847 20402 22463 14464 15138 14464 5 5 5 27 
13055 21596 18498 7459 14604 2658 7730 14604 20069 5 7730 12861 14335 6256 15138 9808 4 18498 15253 6103 14464 15658 20825 4766 15678 7127 7914 18498 12780 8147 20931 9942 1190 16673 3962 4766 20463 20069 5 
17831 7509 15253 5 21 
21 14604 11020 1114 4 14604 4841 4 14604 17478 20215 5 
1114 6103 22821 22318 472 22318 1027 21 
21 14604 1115 5 
26 30 21 
1612 23063 18498 15658 3697 15643 5 5 5 15138 21596 22463 6014 4796 17556 5 5 28 28 23016 4766 22327 656 
20402 21776 18494 13761 5 5 5 
28 28 31 30 8840 17438 8956 17819 8147 5 
8443 5 5 5 2727 1920 5 5 5 3058 15533 20 
21 13591 4 13405 7730 20786 5 5 5 17872 20402 9808 2631 9387 5 
28 26 21 
28 28 
23016 17872 22805 4796 20402 10544 20402 15253 6103 7558 7914 21551 12517 5 
21 3058 15533 5 5 5 20 20 20 20 20 
28 26 20293 21999 21 
3058 7127 5 5 5 
21 3504 13512 7509 14604 5528 5 
30 1114 14604 21 
21 4796 15658 13325 7509 9193 15533 6103 21649 4 20474 4 21252 16066 18475 16083 18498 31 10765 6146 18498 20402 7127 6103 19224 5 27 
20088 28 21 
21 15253 8956 21 21 7589 28 28 21 21 21596 22463 17950 21743 26 26 28 15658 20402 0 20 0 
740 21776 21582 8386 6103 15894 21179 8956 28 5 27 21 
21 7847 16404 22327 17872 17304 6075 22463 4687 17872 12787 5 6075 15253 7850 4687 4 753 7847 31 4730 15678 20069 4 18476 7847 4346 7847 5590 17872 753 31 210 7847 5 20402 22463 1114 30 15344 1276 14539 6281 15344 4 17324 7847 13055 5459 7730 7459 31 4796 6318 4766 31 9193 2601 5 14335 7995 31 3450 7127 17438 22805 15678 26 7847 31 1027 7730 15678 4796 7847 1540 31 4672 4766 7847 5 14604 9943 4 9193 22942 4 14604 7558 5528 20402 7509 5574 5 
12787 2836 12787 28 
1114 6103 22821 21 
28 28 28 
22385 9193 15458 23575 28 5 27 
28 28 30 
16620 7509 18165 18498 201 6103 4289 15458 15190 5 30 20402 15138 2727 23016 17328 5 1271 17872 12780 22318 5174 6103 16936 7730 6075 22463 4292 5 16323 28 7730 28 17438 13909 8956 3369 5 
21 28 4 15671 7850 18195 4372 5 5 5 21 
21 17872 20402 9808 5 5 5 
19871 12910 29 21 
17714 21189 16404 14604 10943 18498 12780 9743 1247 6073 29 28 5 4766 31 753 7509 1097 7730 9634 7509 28 7730 14703 10795 5 
21 16647 22463 3897 5 5 5 27 
14604 1115 4 21083 1097 5 
26 30 12787 28 12787 2836 1114 6103 22821 21 
21 873 1190 9417 31 14245 7509 3031 5 27 
3031 15253 7730 9942 3512 21189 
11555 3710 6103 15253 21 
28 26 
21 28 6103 28 15460 4 28 28 28 21 
28 7509 2802 5 
20126 7509 14604 22765 5 5 5 1027 23135 28 19668 7730 28 19668 
21 9867 13512 4 7127 13512 4 15678 16753 20149 7451 15138 5 
15708 17931 4 31 1549 20402 13512 4 15678 2689 1755 7850 2508 7730 31 18464 7509 12916 20402 13512 5 
28 7730 28 16323 16673 15989 4 16673 16135 7730 17438 21596 21596 8956 13512 11670 5 1027 3450 7055 7730 19900 18498 22327 20402 9790 4766 15138 1114 7730 6189 1393 15576 16753 5 
8995 15138 9808 17438 9743 16440 6981 11020 9634 18498 20402 3710 6103 15253 5 21 
21 21739 7509 5528 15708 17438 9743 16440 7509 9193 22942 7730 7509 14924 11861 7509 15576 9948 5 18525 1027 14604 9943 21596 22463 13727 8810 7850 14604 5528 5 28 28 
26 28 28 
11462 9193 21409 8995 20402 14149 1614 7850 1737 13909 4265 7509 4417 20 20 20 15708 16673 5483 16292 28 7730 15253 28 5 5 5 31 21739 28 1027 23135 21 
8956 20402 9193 5 5 5 10753 27 
17438 18553 6103 20127 16066 17438 6371 14539 5 28 740 15253 7850 16654 31 11518 18498 18533 5 13591 6330 6670 15678 16440 2136 15678 7127 7914 18498 7847 14335 6844 5 
21 15995 7509 15253 5 
23222 4469 28 
14004 2385 26 21 
21 28 28 4 17737 7509 2336 28 17872 26 5 23179 1827 20293 20149 21095 5 21 
21 17737 7509 2336 28 17872 30 4 22553 13512 7509 23179 1827 21 
6981 29 13055 9743 29 4766 15678 26 7730 29 4766 31 30 5 9193 368 18498 871 31 10765 9743 31 22942 21793 7730 15658 1453 1276 6318 5741 5 
21 10173 8809 4 14694 4 2428 4 472 22463 14309 9790 5 9193 4 9193 1027 21389 18498 31 22898 2136 7545 5 
30 1114 6103 22821 1114 14604 21 
21 21596 29 9943 7509 5528 5 9193 14464 28 4 28 7730 28 7730 14604 16753 28 5 31 21739 1027 23135 5 21 
15658 11731 18498 20402 871 7127 20357 10405 7914 28 5 6 
8995 15658 20402 5 5 5 5947 8956 11454 6103 23104 2136 29 1249 5 
17822 5 5 5 20126 6981 16753 5 
21 31 10273 15658 9901 15138 3058 14244 4 20402 15138 3058 21596 23135 1614 7850 15576 15604 13194 4 15708 17438 21793 3870 7730 1114 18498 23135 21596 4766 31 9193 9634 7730 31 16135 4766 14604 16753 4 17836 4766 31 28 5 20402 23570 17304 15061 22463 17556 6103 28 17872 23135 5 3058 22915 7730 8840 31 18195 23051 5 20402 4766 4181 22463 9634 7172 27 5 
28 26 21 
21 1614 8147 344 4 13055 9193 20357 7914 3962 7730 21596 1097 18533 18498 8995 20293 1393 15576 13131 5 21739 28 1027 23135 20 20 20 20 20 20 
26 28 28 
23135 15005 7850 14604 21 
21 19224 22463 17556 17458 15678 7127 20402 15138 3698 5 5 5 27 
15036 7509 22800 28 26 4253 7509 28 21 
21 13759 4 26 4 2367 5 5 5 27 21 
21 1114 7509 21739 5 15678 16753 8995 5947 8956 3564 5871 5 
15138 3058 17304 22318 16647 7850 4687 7730 20357 20463 4294 5 31 21739 22318 1027 6670 20293 5 
28 28 26 1114 7509 21739 21 
5 5 5 
6075 17872 26 15510 5 5 5 27 
28 28 
27 5 5 5 12939 30 6103 20402 5 5 5 27 
21 3058 7576 5 5 5 17165 1276 7509 918 17872 2156 15678 1474 5 
28 26 
9634 28 21 
21 21282 9620 15678 3439 4 23135 21830 28 28 0 0 0 0 
22318 1027 21 
21 31 22942 6103 22463 16971 15658 20402 1616 18498 7850 349 4 9193 1616 18498 18962 7730 31 14031 4796 18962 5 
28 28 
8443 12780 6075 3058 18963 16404 8956 16753 5 16475 13512 7730 7451 28 5 
26 
30 21 
21 7278 7509 22415 7509 21551 5 5 5 27 
13055 20149 16468 29 1249 6670 8956 10273 4 7730 9193 5360 288 7847 31 4672 13909 13512 7730 16816 7509 15190 5 
26 29 26 21 
21 26 21282 7599 6408 6103 16647 7850 15256 7509 30 4 20402 15138 1114 4 5876 7730 18059 5 16630 31 28 18498 20402 1920 6073 17872 30 4 18498 8956 15256 8995 20293 13026 4 18498 23135 3610 13030 4796 1097 4 12787 7730 6041 5 18498 22463 5876 7509 16083 4 18498 23135 17511 20402 12274 9808 5 12787 6103 20044 9193 17836 6103 5528 5 
12787 2836 12787 28 1114 17872 22942 21793 1114 6103 22821 21 
21 21793 15253 20402 15253 4 15658 11862 31 10211 18498 20463 9942 15344 5 
14604 16753 26 15344 6103 4196 7730 15658 14335 20357 14466 15253 6318 17438 12861 4 15138 16673 5431 4 14335 288 22463 21083 15253 17438 21596 6256 14604 14378 4 14604 15995 7730 14604 16440 16816 6103 13131 17872 17304 21596 14604 9942 9193 3192 5 20149 15658 20402 31 4205 15424 18533 16721 7850 18498 17304 349 5 
9193 30 15344 6103 30 4 7730 15658 14335 20357 13909 15253 6281 7509 18498 6318 4 14335 20357 21083 15253 7509 7558 4 15678 7558 16443 21596 20463 6474 5 
20149 30 20402 20622 20149 21083 15253 4 8443 14335 9431 1612 21 21 21083 15253 21 21 18498 21596 20463 9943 6103 22463 10211 21083 15355 4 20244 12641 15258 4 4479 16066 6103 18475 16083 10211 7730 14764 6408 51 20463 9943 7914 13236 6103 13600 4 6389 6103 19932 4 14335 9431 12861 17438 9721 5 21 
27 5 5 5 5 
28 12780 7850 10366 155 15678 3610 5 5 5 
21 28 28 4 28 20818 4 22463 3058 11670 17872 23135 18498 8995 16468 17438 8956 16953 6103 4380 7730 10405 5 21 
28 28 23135 21596 15678 7563 17872 9743 7850 14464 5 5 5 6 
17629 4788 28 28 8956 7127 22385 8810 5 
21 14604 16753 5696 5 
15995 7509 15253 26 17033 21 
21 7850 9971 20402 12861 18498 11862 5 5 5 
12787 28 12787 2836 21 
28 28 5 5 5 27 
3058 7127 9193 10765 20 20 20 20 
21 15658 11731 18498 17304 14335 1443 31 22463 13727 22385 19871 7730 10544 4 7914 1453 7558 15266 13055 14335 20357 7914 3962 5 
15708 28 17438 9193 18876 22385 2727 4 17438 328 9193 9634 6981 10211 22385 18527 5 5 5 27 
3058 7127 28 20 
3058 7127 14265 11099 20 
28 26 21 
21 1114 6103 22821 4 6103 12787 4 1114 18058 4 18498 14539 7847 12034 7847 15678 7127 12526 4 20670 3870 7730 16135 17872 753 7847 31 7599 5 
12787 28 
12787 2836 1114 18498 7545 28 26 21 
21 15425 16192 20402 3735 6103 6219 15678 18498 20357 17438 23135 14604 2822 5 5 5 
1114 18498 7545 12787 28 12787 2836 26 30 21 
21 20304 4 18498 31 21544 2442 22463 17556 17438 1614 4 20149 5360 1920 12780 15036 6786 5 27 21 
21 21083 1095 2058 5 17831 4 21409 21083 7451 4 7127 7509 14464 5 
30 2802 26 
28 28 28 28 28 21 
21 2725 28 4 4796 15658 13325 6103 23135 0 20 0 21 
18498 28 22318 18044 14604 16753 5 
21 9032 26 4 20293 18044 31 12787 5 5 5 21 
21 16323 17872 15671 9634 4 1027 3450 22463 6103 23135 4 14539 871 15658 14514 14604 1114 5 5 5 27 
21776 13667 6103 23135 4 9193 20293 16721 7914 23135 7730 16630 17872 28 5876 6103 3450 22463 5 
1027 15138 5 21 
21 16323 17872 15671 9634 4 1027 3450 22463 6103 23135 4 14539 871 15658 14514 14604 1114 5 5 5 27 
21776 13667 6103 23135 4 9193 20293 16721 7914 23135 7730 16630 17872 28 5876 6103 3450 22463 5 
1027 15138 5 21 
21 13800 19668 10279 4 28 28 7730 28 28 28 5 5 5 31 3790 6103 23135 12861 5 5 5 27 21 
21 9193 16753 4766 20463 26 26 13647 19857 5 27 
5947 31 21409 4766 15678 1097 7509 8632 5 
30 28 26 30 21 
21 19900 9801 21 21 20244 21 21 15081 0 0 0 
14604 7127 4809 1920 4 740 8995 1920 4 7730 8840 18498 1920 20402 2136 15678 9971 7509 7127 4 7509 20247 4 7509 15266 7730 17872 9173 5 21 
21 13909 22463 22897 8995 1614 17872 16630 31 753 6103 23135 5 
15678 21551 8995 16468 7730 15678 22088 6318 15658 8995 349 5 
9193 9743 15678 18498 17511 17872 753 4 9193 17629 6103 13909 16971 4 16971 6103 16936 4 6103 13667 4 16971 6103 3058 5528 18498 20149 4730 7850 13727 7509 15253 6318 4 15658 20402 10544 22805 22463 9942 20738 4 15658 20402 10544 20402 13010 17438 16971 18498 15658 19900 20931 11454 5 7847 8995 21282 17872 5876 7509 28 7730 6103 20463 29 12787 5 
18525 18533 753 4 9193 8840 18498 1421 15138 16971 4 21282 8406 7914 5322 7850 18352 753 15678 28 4 13761 21596 21793 31 12301 5 
5360 9743 9193 16440 7730 8840 18498 23135 14604 1097 8406 15458 13749 17872 753 15678 28 5 21 
20402 11462 18498 5219 9743 8956 18884 5 5 5 6981 22897 15658 9620 15299 5 5 5 27 
21 7127 6103 11372 4 17458 15658 20402 10544 14096 15678 3431 13520 5 5 5 27 21 
21596 871 10273 1920 7509 28 4766 15678 10943 5 5 5 27 
21282 20402 9808 18525 21596 1114 5 5 5 
21 3058 7127 9193 10765 4 7730 12780 16404 6103 28 18498 11462 20402 20207 5 
15898 5870 26 28 26 21 
21 7127 7509 15253 4 7127 6103 136 4 2702 4 3870 4 17737 4 3213 7730 18346 6103 15978 17458 31 10765 6075 20425 2136 10648 17737 5 27 
1027 15678 14604 17737 5 5 5 
15253 9808 26 15898 18525 7491 28 26 21 
21 17872 9769 31 20247 6103 4790 6103 7127 7509 15253 5 
1027 31 1549 7509 14604 16753 4 1027 15678 17737 5 
26 30 14604 1115 7127 7509 15253 21 
21 9901 31 7157 28 28 28 7509 28 
27 21 
21 18498 15678 7127 20402 7623 7730 21987 5 5 5 
24 28 26 21 
21 11518 6103 8361 31 15658 20402 22385 1098 4 17702 5 21 
2727 1920 5 5 5 
21951 304 17229 5 5 5 
27 472 5 5 5 5 
21 14604 9942 4 14604 13512 4 14604 18165 14217 5 
26 28 26 1114 13905 21 
21 3697 6103 16971 20244 5353 4 18498 15658 14335 373 5 
31 5459 4766 14604 9942 6103 29 1249 20402 13909 17914 7730 12577 5 21 
21 4253 7509 28 4766 31 9634 5 
15036 7509 22800 21 
12780 6075 22463 6981 6103 17737 17872 871 1095 5 5 5 27 
21 288 18498 14335 1553 22463 17556 4 21743 22463 29 1249 5 5 5 27 21 
21 4796 14604 7127 11462 4809 1393 29 4 31 11518 7509 4385 11462 20402 430 7730 23016 4766 340 5 
21083 3058 7127 7730 22463 9324 9833 5 21 
21 17511 1937 14667 22898 4 18498 12780 4346 21793 7847 5 5 5 
21 13055 18498 9193 15253 15658 8995 15678 12939 20402 14335 23029 7730 6075 22463 12939 17872 14265 21 21 31 2818 21 21 5 5 5 27 
13307 5043 9193 18498 9743 21 
21 29 997 4 11518 6103 22463 4385 5 21 
21 17831 4766 20463 17819 22499 4 14336 11020 4 9193 13512 5 
13512 6329 30 21 
21 15658 9743 13909 18498 31 15713 4 16971 18498 19283 15138 7251 17872 7847 5 
15658 19900 18498 31 28 8995 6103 17831 4 20149 9193 12319 15658 14487 4 7847 8995 22886 6103 9579 2725 5 5 5 27 21 
10959 5 5 5 
21 13055 8995 11020 4 4796 21282 5 
1114 14604 30 21 
20402 0 0 0 0 
9743 7850 918 5 5 5 18498 21340 28 28 0 
28 28 
20402 8956 31 19225 18498 9193 21596 4766 15678 4331 5 27 
21 14604 9943 21596 4945 4 20539 4 9193 1276 21596 13598 5 20244 13598 4 20244 13311 4 15678 15576 9943 20402 11991 6103 8678 12027 31 20931 18191 11454 5 
28 28 
26 4466 5897 21 
21 3058 7127 17872 9193 5 5 5 
15299 14425 7509 18498 352 4766 22463 21189 6981 5 
14181 12094 4 9193 21596 15678 14425 17872 9193 4766 21793 4181 5 
1027 14604 14181 30 9634 28 21 
12094 5 5 5 
21 3058 7127 20 20 20 
3058 7127 17872 18525 15658 7599 17596 15299 8956 15533 5 
7730 1920 20402 28 23502 29 6 29 7509 14049 4 1614 16393 18498 22327 4785 13909 4099 5 
28 26 20402 15253 29 21 
21 28 20395 14604 4122 17872 9594 4766 15678 1097 6103 30 4 14018 26 17872 10793 5 5 5 27 21 
4796 9193 18533 13909 22463 21551 1393 13131 6103 23135 5 
21 21776 6615 18498 11462 4356 5 5 5 27 
28 26 21 
21 20402 1920 18498 20149 7286 5 5 5 27 
13520 21 
21 16753 8995 15963 17438 23135 4 22327 9901 2727 5 
15658 8386 15678 17233 6103 28 9193 7847 19900 22327 4 7730 16753 7847 15658 12780 22318 6499 7730 15671 21371 15658 5 
10268 28 21 
21 7730 17872 5876 6103 7558 0 0 22667 9193 10765 4 18498 20402 15253 7914 16953 12517 7730 7589 6103 3962 15658 20402 22385 10544 26 23135 16721 5 21 
4346 6103 19698 5 5 5 5 27 
18533 22463 6981 1614 7914 3962 5 5 5 18498 21340 28 28 0 0 0 
21 14724 19169 5 5 5 
1114 7509 15253 5 21 
21 1235 18394 17165 5 5 5 27 
3696 4 11518 6103 20954 4796 22463 13176 5 
12787 28 12787 2836 28 26 21 
21 21282 17872 22702 15678 7127 1021 13512 4 15678 6014 13501 7730 15678 20749 19173 4796 20293 5 
3058 7127 28 20 
3058 7127 14265 11099 20 
3058 7127 28 20 
3058 7127 15190 20 
28 26 26 7127 13512 21 
21 16393 18498 15678 20892 5 4646 16468 17438 1614 5 
9808 28 20 20 20 21 
21 26 28 5 5 5 11462 21596 3916 3734 5 
28 28 26 21 
21 17819 7127 6103 2154 5 5 5 21083 1233 7730 8041 5 
8632 15604 28 26 21 
21 18165 7509 21739 5 5 5 15036 6103 23167 6103 6075 22463 30 
15658 22805 31 11518 6103 17304 22318 16647 7850 4687 16753 5 1027 15138 
28 21768 2385 1114 6103 21739 21 
21 21743 1920 4 9193 1393 5431 5 9743 4766 15138 19939 15678 26 7599 4 23016 31 7589 30 7730 352 5 5 5 6739 6103 15253 27 21 
20088 28 22385 31 10765 12861 5 5 5 27 
21 6408 6103 22463 15533 6103 4380 4 21 21 9193 4417 21 21 1021 1920 4 16673 17819 22897 6670 18498 8995 1614 5 5 5 20244 20749 4 14336 22223 4 2647 22463 20126 21 21 6103 3962 21 21 5 
29 28 26 
2647 20126 21 
21 14604 16659 5 5 5 
26 28 26 14604 1114 21 
21 18868 31 8208 4 472 31 3962 15604 5 
26 28 26 8995 3564 17033 21 
21083 4902 5 5 5 17033 
21 14049 1233 7850 17165 4 6408 22463 20828 6103 2717 5 5 5 
30 28 26 8995 3564 17033 21 
15533 6103 16475 5 5 5 
21 26 5459 4766 31 30 20670 4796 4 6097 7847 9605 18498 10959 15138 6103 21 21 16494 21 21 4 6097 7847 16404 16721 7730 7491 6 
21776 7557 4 15658 20402 21 21 16494 21 21 4 20402 16494 5 5 5 
8956 20402 14604 26 5 5 5 21 
21 20402 12861 2371 4 4289 31 11518 6103 21 21 6075 21450 21 21 5 
11636 15604 4 4417 15604 4 8995 15604 7730 6103 4179 10211 22463 22942 15604 5 
12780 20357 20126 7509 1097 18498 9743 16440 7509 14604 7128 4 7509 9193 1095 7509 5528 18498 8995 20293 17737 7850 9193 22942 7730 7850 22942 7509 9193 9634 4 7730 17872 23135 9193 21282 17511 7491 18498 6073 21 21 22463 28 21 21 9193 23016 23051 23135 7730 18498 8840 16673 23051 6103 3450 22463 5 
9193 9634 18498 9193 21389 1027 4 12780 15036 6103 20126 4 23135 20402 16440 6103 9193 4 19900 18498 8995 22223 17438 8995 12780 4 9193 21371 19900 18498 23135 19900 18498 8956 20402 15678 14425 17872 9193 22942 7850 14924 5 
16440 28 7730 18498 8956 15604 9692 20402 78 17438 28 7914 3450 7055 4 8995 12780 9808 7730 4766 31 4181 6103 18498 22327 6075 4179 4 9193 21371 4766 15678 5528 1467 17438 6256 23135 5 
1027 3450 22463 6103 22463 10211 8810 7730 23577 5 
2136 31 18195 4 9901 4766 28 7730 15671 8995 12780 4766 7847 5 
2136 31 18195 28 5 21 
21 11462 20402 7127 6103 16323 17872 23135 4 16323 17872 13858 13909 7557 7730 18533 4 16323 17872 9193 9193 1095 12787 18498 8995 20293 1393 14604 13131 5 
20402 15138 1249 6103 16378 4 5905 4 4347 7730 19699 5 1540 7730 8361 15138 22463 31 16083 4 7730 14539 7914 9692 7176 7730 4417 7176 9193 1103 15658 15128 4 15658 8238 4 21282 10252 5 
1097 16323 17872 23135 4 16323 17872 15671 5 
1027 15138 23135 5 
26 16404 20293 23104 15671 26 21 
20537 7730 4988 
21 7847 4289 7730 9193 12780 7957 5 5 5 
27 21 
9193 3080 5 5 5 2429 7850 23179 21282 17872 22702 5 5 5 27 
21 18525 22805 4 22805 5 5 5 
18525 15658 22805 4 740 21596 1022 5 
7730 4796 18487 15658 8995 13909 17438 1614 4 13055 17304 22126 14604 17737 5 
27 
26 20247 7509 1247 22327 15604 6103 15604 21 
28 28 28 19668 
8956 20402 9840 5 5 5 5 
3058 7127 5 5 5 
28 28 
21 2371 2371 2371 2371 5 5 5 5 8995 4289 31 11518 4 15678 7127 13055 23016 18652 14604 2727 4 9193 21596 18498 12780 7957 5 5 5 
27 21 
5174 22463 14464 1920 5 5 5 
21 14604 1248 5 5 5 
26 1027 15138 21 
16721 
9193 18533 
22463 2440 19922 5 5 5 
9032 30 5 5 5 27 
21 14514 5 5 5 5 6027 19279 7730 7594 6103 3393 13043 11462 5 5 5 
3494 6103 22556 21 
21 30 6103 16733 15604 5 21776 4809 31 8386 8956 11454 6103 15253 6103 14464 5 22463 7127 9193 4289 13761 5 5 5 27 
26 17831 8995 5741 21 
21596 10765 18498 14335 6075 22463 20828 5 5 5 5 
21 14604 28 8995 4460 4 9193 22942 23029 19814 4 14604 20853 15658 20402 13909 22385 10544 5 
7188 9901 13667 6103 18525 31 10765 1027 5 21 
7681 7255 5 5 5 26 30 12787 2836 12787 28 
17872 18498 204 0 0 0 0 30 26 14265 31 13858 20088 28 
9193 2434 5 5 5 30 1114 13905 
23522 5 5 5 28 28 
21 7730 11462 20402 20474 4 7127 6103 17211 19735 5 5 5 
6075 22463 21551 7850 1821 17872 18749 5 21 
21 31 16753 3224 6103 15253 4 7730 31 15253 23029 15678 2689 5 5 5 27 21 
27 
21 3058 7127 17872 18525 20402 7599 31 29 7730 352 31 29 4 17458 15678 16753 8995 21083 641 5 21 
21 7730 8956 11758 20126 18498 15658 14335 6256 7599 7730 15424 16367 6103 16721 7914 23135 5 
1027 21389 5 5 5 28 28 21 
21 5320 15678 28 17872 4809 22463 15604 22942 4 15604 9692 4 15604 22327 5 
28 26 22327 15604 6103 15604 21021 21 
31 13909 18328 22821 5 5 5 
13176 5 5 5 27 
21 3962 7509 21739 28 
26 1114 6103 30 21 
21 2506 4 9346 3962 7509 23179 5 27 21 
21 18498 31 13948 7730 31 15401 16468 16673 21488 
7730 15658 5609 15576 20826 4 18498 7847 2091 
7914 10211 6103 16580 7730 17505 5 17033 24 15604 9692 15619 28 21 
9847 5 5 5 27 
16440 918 3962 7509 23179 5 
21 12861 20402 1114 4 20244 13494 7730 20244 14370 5 12787 1097 20149 4886 6670 31 2429 2136 7850 11518 7509 6564 5 
12787 28 12787 2836 1114 6103 22821 21 

