21 23135 22385 13480 18498 9193 18533 20539 12780 7850 9867 4 4913 31 1826 7509 1095 4 22918 4766 23135 4 4796 15324 13727 4 21810 3201 4766 16985 8995 18779 18476 12861 349 20244 9193 16721 7914 3450 20207 18481 8956 5320 12780 6075 17872 9193 4 6075 1612 14886 17872 16629 7509 14600 4 16162 22463 13176 4 9743 6631 7850 9193 16630 4 16162 15678 29 7730 6075 10955 9193 15658 20402 15658 8995 21596 17438 8329 5 21 
18498 26 5859 
21 8406 7850 26 
17839 26 
871 19349 20670 31 14058 6103 18487 0 
21 9087 7509 4842 28 4 31 5 13059 5 31 5 20666 7509 17461 21793 20 8 29 21 
13820 15658 16468 28 
21 1393 14539 21551 23135 16393 21596 31 20794 7850 7804 3365 7730 9170 5 9193 7730 21793 15678 19509 18498 13055 6256 31 8632 0 7730 31 10796 13909 22765 0 
21596 18498 9743 8725 20 18486 7850 14243 4 4988 1393 29 
21 12780 10672 4 12780 9769 31 17461 21793 20 
26 28 20293 21253 5 
21 12780 6670 2725 7730 18872 7509 13194 2136 9199 16404 5767 5 15658 20402 22 19205 22 4 20402 22 9142 6103 23195 22 5 15658 20402 22 15398 31 9743 20471 22 4 20402 22 15658 18533 20402 9142 22 5 20402 18498 9387 22463 7158 6103 22 4796 19952 15678 11474 6103 14013 7730 4730 31 5891 7850 23231 6103 17659 7914 22463 15144 22 18498 20402 22564 15458 22899 6103 6802 0 21 
23032 28 22971 28 
23016 10765 20 
21 20149 23135 19900 6103 2464 18498 21787 7879 7850 13905 16440 7509 21551 4766 23015 2136 30 16066 2136 29 18772 4 17872 8956 9971 6103 20247 9833 31 11518 6103 14335 9594 20402 6 654 21 
21 8995 8840 31 11518 7509 20653 7509 21535 23029 
26 1631 26 21776 26 21 
20244 26 
13729 4766 1857 7914 9890 15855 15678 8522 11066 7730 2884 28 
2136 22318 21623 6103 14600 0 0 0 
21 12780 6256 12861 1614 6 
21 11462 20402 7850 29 7730 31 13773 8995 13909 3790 7509 18498 21649 5 21282 10765 19671 12780 21596 4614 6103 20408 654 4 662 1393 7087 12282 5 21 
21 10765 4 22838 31 12301 1276 6103 19319 5 
15658 21596 16500 17872 14753 7509 4509 18498 20402 15678 28 7730 21371 15658 288 15299 20670 31 9496 6981 14757 18498 31 15267 15505 17525 20149 873 21596 31 10192 4 10239 5 
20149 15658 20402 17872 22838 31 12301 4 17525 14447 4 18498 20402 20215 7730 7451 5 15658 8789 31 6802 5 21 
21 20402 12673 7509 15948 4 21596 4181 18498 21596 16673 14466 22463 18498 20402 9820 5 21 
21 7850 703 7509 8050 18498 15658 16162 13909 15678 16526 654 19474 14604 26 4766 11538 623 6103 8429 4 15708 5 21 
20670 9193 21596 18498 12780 17872 19143 7509 9920 7730 20670 31 23175 6103 654 6 
21 9193 15658 9605 22 11036 22 4 9605 22 15708 22 14539 5 
9193 12780 4546 7850 30 17458 20402 30 21 
21 23135 18533 22463 4614 6103 20408 0 9193 7850 10237 22463 4614 6103 20408 20 
26 26 26 26 768 9989 21 
29 1249 6103 
21 6103 21389 10765 17879 8249 17380 7509 2727 6103 13055 6103 8933 9820 11350 18498 9193 21596 1614 9193 368 18498 23135 13055 19900 7384 5 
9193 1427 15658 5 21 
20149 9193 20402 28 14335 288 7850 7277 6103 12780 18376 7850 7509 4766 29 26 26 
21 8995 22805 23135 12780 17872 26 7730 6408 6103 16647 14604 26 7509 28 4 7509 28 7730 7509 5915 23135 15643 13909 12780 9594 4815 21 
28 26 20402 17872 20402 31 22861 11570 7509 16526 7509 9920 0 
9808 7127 7509 6070 20 28 
20670 4796 14018 22463 3532 2988 2371 17872 10976 
21 873 21681 15678 4122 19179 21793 11518 4 14539 9743 1612 26 6103 10521 11538 2240 0 20149 20539 15678 18498 349 6408 0 21 
15678 3790 15658 20149 8744 15424 22463 17556 17872 20402 5859 
11091 
15658 12780 20444 26 26 9193 12780 21596 26 5 18498 20402 2727 13909 13278 5 
21 15619 4 2725 7730 18872 5 7730 19671 5 20402 1920 18498 7102 20402 17872 4419 6103 2727 4 7509 9634 7730 6103 28 4 17872 15267 4 17872 20709 17872 21596 871 18953 7730 17776 5 
6075 23167 6103 4346 5 7730 12861 15658 20402 15424 22463 1127 6103 4796 8956 16587 20402 13820 5 15658 5219 15424 13359 15678 21684 12526 5320 31 11454 6103 22463 969 7509 28 18498 20402 9142 16936 7509 3633 7730 15658 5219 753 7509 20214 17458 15678 13821 20402 2116 7730 1676 18498 7847 20402 15311 7730 7847 8995 7645 5 15678 20214 368 7850 3790 5 31 9574 4 16673 15678 18498 9193 8386 4 20786 22463 15585 7914 6202 7509 13821 5 15658 19900 15678 18498 349 4766 7847 4 9193 16367 6103 13359 4 8995 7850 21969 7730 12780 4809 31 4346 5 9193 9193 17304 16367 6103 13359 5 11731 31 10672 5 7847 7730 31 16083 14673 18498 16468 17438 12861 4 7847 15658 8918 4 7847 15658 15658 17304 6075 26 7730 16367 6103 19900 20670 1616 5 21 
28 3510 5 31 6340 8995 15036 5 7847 8995 23016 5 
21 7914 6202 7509 9634 6 1453 1612 4766 16169 7730 15253 
7914 15540 6103 28 6 17458 15678 8995 15658 20402 7730 15643 20402 13150 
7914 15540 7509 3172 6 20402 3170 7730 10930 15658 14335 19363 21 
21 7127 6103 11802 0 7127 6103 10927 0 15658 4 7127 6103 28 14703 20 20 20 28 28 4646 29 8 29 23016 
26 4913 6103 18525 9743 26 21 
14119 7509 14703 20 
21 22463 9255 7509 15041 4 17931 7616 7730 22463 26 28 7730 15502 16765 15678 8908 7509 28 2116 7509 3393 7509 28 5 21 
21 7127 29 4 26 26 6086 20 8 29 21 
21 29 20402 15678 1249 6103 21623 31 10999 7730 4809 15678 30 4 18498 22385 13640 23016 7730 21371 201 5 15708 22402 7730 14856 12984 5 22575 16673 1542 4 16673 20924 4 16673 2377 4 16673 16135 4 16673 6731 4 16673 6189 7730 16673 15082 5 23135 1755 20 
8 29 
18197 5 6 15678 17889 20235 8995 155 5 2926 4 9743 31 14425 6152 7509 22942 22519 6103 23135 7730 20149 12406 4 6103 15299 5 21 
20402 15678 21932 6103 26 7730 2207 
9193 20244 7847 15299 20420 17521 8 29 
21 7850 23575 7127 7509 20207 9692 9193 7491 31 9193 14539 4 4766 14466 5107 7509 18498 7102 6 21 21 23151 7850 14299 21 21 
15708 28 14149 16673 20931 16633 7850 3610 4 16673 9867 4 16673 17931 2932 4 16673 1542 4 16673 15941 4 16673 2519 20293 3086 7730 2727 340 4 16673 1095 7730 1097 4 16673 16971 13284 7730 8696 4 16673 13749 7730 16673 7442 20293 5 22463 8632 18498 20149 6075 8561 16066 6075 4179 15658 19900 5 9193 9193 5947 17872 3805 5 21 
23174 7850 16972 7509 28 18498 8995 5022 1393 26 7509 13098 22 28 20 24 
2136 22318 28 0 0 0 
11731 15678 14444 20 
21 16971 18498 18533 9901 13522 6 8995 22782 9193 28 4766 4672 18498 31 12202 22402 6075 22782 7730 5474 23135 31 6075 22463 15855 9193 3226 18498 9193 8995 9743 7914 5815 5 
15678 16312 8995 29 18772 7730 15678 22511 20402 29 18772 5 21596 13909 17438 23016 8443 5947 31 18352 16404 22805 31 15616 6 29 21 
21 21 21 26 4 26 26 26 20 21 21 
7491 14334 28 6408 6103 26 21596 13185 31 26 7850 4792 18498 5959 7850 3790 6281 5 15658 16793 28 26 17438 15658 21596 7286 8956 4127 5 21 
12780 13761 
9193 288 18498 12861 20402 20402 23076 22805 
21282 15995 8 29 8 29 
15658 6075 17872 368 5 
19987 22789 2727 13688 
21 8443 4 10672 6 21 
21 11731 7850 7861 4 8995 8840 1270 31 28 6670 13055 21 
2371 14604 28 18498 15422 7730 8956 
26 26 15803 13115 
8956 15144 8 29 
15678 28 13055 10648 0 15658 10648 0 18498 18498 349 4766 15678 28 19735 18498 31 16971 22385 9594 0 
13055 16721 21793 8956 10765 18910 7509 15619 3137 7509 28 18055 17438 22463 16587 14425 0 
21 15678 28 8995 388 23229 15658 28 7730 15658 18533 3913 17872 14018 5 13055 16468 15678 1361 4 2442 15678 28 7730 16468 6103 15604 4 20007 15678 1733 7509 28 17872 28 6103 15604 7730 15299 5 5 
14335 753 6101 6 
26 6 5219 1205 4796 20149 15299 21596 349 4 15708 16673 753 8 29 
12861 21438 349 6103 13860 7730 654 8995 22327 4179 5 21 
18498 9193 8147 22463 28 28 17872 16468 15678 19509 7509 9193 22764 
21 12787 4 15678 21269 9956 6103 11558 20402 31 17106 403 7509 21266 5 5 5 21 
15678 21684 18498 21793 15190 7102 13359 5 13359 15678 4795 21371 16404 18069 15678 17406 7509 21684 5 
8956 20402 15678 28 7509 18250 
21 1190 15138 4 9901 20931 4 20749 8595 4 20149 8748 7914 16971 8329 1190 4 15286 18498 13923 6075 17872 16098 5 
3885 6221 15658 20402 17872 9193 5 21 
288 18498 17736 22463 16257 11462 15637 22114 7509 16559 5 21681 7314 0 16066 7847 8995 18055 5371 31 8559 6103 22781 1068 6103 14724 13086 28 7850 14600 0 20402 18498 16784 31 4245 6103 14335 14055 5371 8956 14924 184 7509 18470 15658 20149 22805 22463 3790 22782 29 17438 29 0 0 0 
12861 8406 7730 31 28 28 15658 8956 20402 15678 19563 6981 16587 
31 13591 7537 8443 25 
21 29 26 
4436 14764 1276 20402 4289 7914 4434 7509 11518 21 
9009 7509 30 28 8995 9769 17872 12780 7914 7284 1393 2605 10484 
28 28 15036 0 0 0 0 0 0 0 0 0 0 0 0 0 0 0 0 0 0 0 0 0 0 0 0 0 0 0 0 0 0 0 0 0 0 0 0 0 0 0 0 
21 26 26 6670 15908 
9808 1249 15604 654 28 28 28 15533 18122 
14149 15708 7730 15855 21282 26 9956 3058 7914 29 23 
18381 11518 17872 6256 6103 20402 9128 
21 16468 6103 1249 20 
6103 22 9128 22 16404 22 6700 22 21 
21 23029 26 6103 26 17438 15083 6103 
26 7509 28 28 7730 7509 30 28 
9901 2371 4766 20463 8001 20244 16920 5 21 
23 
10273 4766 19969 19745 6 26 
8956 26 14335 19363 5 
26 26 26 21446 201 7730 654 28 28 26 26 26 28 26 
6073 31 17556 12780 17872 16196 21371 
5174 16971 11861 6075 16587 18250 29 
21 5174 31 16971 11861 6075 16587 18250 29 
26 26 28 7628 26 21 
26 20916 26 
21 20402 4 15678 3790 20402 7509 11518 14539 21 
18476 23135 7491 18498 9743 14856 7730 31 16971 7491 22 18498 13278 22 7730 23135 21282 5219 16721 15458 2109 5 5 5 
21 9808 1249 15604 10606 4 1614 13055 20402 29 20 
28 20539 4096 15658 21 
15894 8995 14604 28 654 0 0 0 0 0 0 0 0 0 0 0 
15894 8995 14604 28 654 0 0 0 0 0 0 0 0 0 0 0 
21 21 21 8956 20402 15576 28 7730 15502 8995 9594 20670 12861 21 21 
4796 873 16673 28 9594 5 21 
21 11462 9193 6592 18498 31 10343 21 21 1612 14924 18498 23135 15855 16673 12899 7730 6592 18498 20402 15678 13729 14920 21 21 23016 6103 873 18498 23135 5174 16973 7730 654 20402 26 23041 20 21 
11875 3697 5 
21 11561 6 23273 5 28 5 4766 26 0 22615 30 23274 29 
26 15621 23359 22 18610 
14703 
8 29 21 
28 28 28 28 28 28 
21 21 21 17658 20007 18525 15658 15344 7730 14265 18525 8995 23104 5 21 21 21 
21 10765 18876 22463 21502 7509 15326 
28 13690 21 
21 17458 1920 4 18476 23135 9605 6103 20127 7509 15144 23135 21282 16721 7914 5728 4 23287 8810 17872 16743 7730 26 5 
15036 15637 4585 4512 17458 15658 21596 5055 6072 2966 18498 20149 8147 7850 23578 6256 20149 6728 16404 22463 20402 11570 20402 1961 6103 9812 18498 20149 9743 6103 23231 7730 15790 11474 5 
15790 11474 20539 5 8956 21743 18498 20149 288 7850 17304 6103 6146 10533 18498 15643 4 12894 20402 6318 5 21 
21 9193 8995 20244 16192 4 9193 20149 20402 7491 866 4 21282 23560 12780 19969 5 21 
21 14335 4229 17872 4189 
15658 17872 2358 21 
9193 6223 6103 22 1249 18498 23016 22 20402 22 0 22 
21 2510 6103 9812 
22385 9303 21 
21 18533 13909 9956 
3472 15678 9956 21 
288 15678 14425 10837 6103 22246 13056 7730 8995 13688 17872 22564 3472 31 17375 17872 9193 22564 
2154 6103 4904 10282 9594 4766 28 28 
21 28 26 20258 13949 6 29 18772 4 14336 201 9193 13300 
28 28 14856 7509 21264 6 29 18772 21 
21 21 21 7850 8377 4 13640 6408 6103 9193 6446 16404 28 7914 29 4 19136 23495 7427 11551 1393 20703 4 1502 16673 8974 22507 4 882 31 11112 12848 10478 4 10746 9987 5 21793 1612 18498 22886 15678 9632 21959 12848 4 17438 9365 4 18876 22463 2275 14470 6103 29 28 12969 16404 15678 11474 18610 29 7730 29 16404 31 15144 5 15678 11474 7102 22886 27 16066 28 4 20033 6103 5673 7730 14096 31 2561 4924 7 31 15144 4 17438 20931 22897 4 17629 22886 13351 20670 31 3393 7730 22463 13669 22416 18498 4289 1393 6193 7509 18376 5 15678 2749 6981 2275 21371 10648 22463 28 7730 22463 13512 7795 7509 28 4 991 6103 22463 13512 21395 6103 19662 5 21 21 
21 21 21596 14378 4 20539 4 6103 18498 22463 7127 8956 11729 19363 9193 9942 4 9193 15460 16066 31 9193 14539 7914 22463 19136 23495 20605 4 14096 7850 11683 7730 17438 14080 5879 15697 20402 9193 5235 4796 20402 11284 15138 21551 6 22463 12929 6103 17000 31 20446 7509 14506 15766 5 21 21 21 
21 11561 6 23273 5 28 5 4766 26 0 22615 29 29 29 29 
6408 6981 10495 15658 21596 4796 20402 7174 5 15658 8995 21189 5 21 
30 6070 26 28 7850 28 20749 15138 20749 

