21282 12780 1097 
9193 9634 15658 21596 9007 8 29 
21 6421 18394 9867 7509 9634 21371 9387 4 7730 12780 7687 2136 15612 6103 29 5 
20126 9634 6103 21083 11341 26 29 21 
28 0 
21 29 8147 7509 9634 26 28 29 
19900 18498 16192 15658 20402 15678 21036 16404 17304 9457 15678 18498 20357 15458 9975 6103 20247 9193 12780 21582 22053 866 17438 1614 5 
1268 4 15456 4 21579 7730 18548 1280 8956 9833 4 20402 18498 6075 22327 4179 0 20402 18498 15678 16972 6103 19698 17790 12780 10959 7509 6170 4 7509 3618 4 7509 3671 0 12780 21596 4796 17872 21793 15190 0 16836 18498 349 21793 15678 1249 16404 18525 15988 15678 8147 5 9193 9193 1540 8956 1249 18498 8956 9709 15658 20402 15678 13909 11861 4 15658 20402 7847 18498 15101 15678 8147 5 1540 4766 3450 22463 6981 9634 18498 15678 18498 11862 20402 15678 134 1467 18498 6075 7914 3450 22463 18498 4289 4 15678 1114 18498 22053 4 31 19699 4 11454 4 22521 7730 12523 5 15678 18498 11862 20402 31 1549 7509 20497 6103 21346 4 31 3222 16404 15678 13945 4 31 9867 21559 7914 18498 21793 20149 1233 17872 20149 9645 5 
29 1249 6103 8147 4796 8956 15658 20402 10544 6103 20149 14096 4 6103 20149 15988 7730 6103 9743 4766 18498 31 424 21282 2156 8956 1249 29 16971 20 20 20 20 4 20402 29 1249 6103 6189 7730 22049 6103 15138 15138 1114 12780 19335 12861 20293 17324 20402 15678 18498 21596 6103 20670 15458 10273 5 3450 20853 18498 22805 1393 15855 17872 14604 13131 4 3450 19699 1393 16098 11454 4 3450 5758 20149 7451 4 3450 663 18498 18876 21282 9743 4766 18498 9193 910 20149 19295 7730 9193 10648 13909 10268 17872 8241 31 4672 20402 6072 4386 5 23135 20402 14604 17478 20215 4 15678 1114 18498 14335 15101 31 3450 7127 20 9193 21282 21596 31 662 20293 17438 21596 31 11758 20855 6103 9743 16440 6981 22521 4 6103 9743 16440 6981 14149 9634 5 
7730 654 4785 13909 22463 5311 19154 4 13909 11644 16404 15678 20497 6103 21346 4 13909 1268 16404 15612 6103 29 20 
15708 9634 26 17438 13909 22463 6981 8155 14149 5 9193 1027 6329 3450 22463 6103 23135 8 29 8 29 8 29 8 29 21 
740 11284 8838 7850 15190 20 14604 28 18498 835 
7847 20402 22385 22327 27 17819 12552 28 28 28 7735 
20725 27 
20126 18498 13822 
3369 7739 28 16255 14604 17819 1114 7744 
8956 4380 5 5 5 5 
21 18498 20855 31 22318 14335 21596 7850 20931 22941 4 15658 20402 0 27 18339 3367 21 
20670 15678 1961 7509 15576 12638 
15678 19403 7509 10889 201 6103 9594 18498 15678 16972 7509 14058 8995 16630 11802 7509 28 7730 7509 9290 13729 0 5 20402 18498 7847 5219 8956 11802 17872 9290 21371 0 0 
21 4788 15678 7127 7509 16169 7914 14425 9032 5 
22318 1027 22326 20 15708 17438 20402 22385 12094 21 
16393 18498 8995 3510 17438 8406 1198 6103 10159 20244 9971 5 
28 28 28 28 6070 23469 14425 18498 31 10765 
9193 15658 12780 16367 6103 17525 15678 14426 23222 6103 3439 5 
21 21 21 4796 20149 11284 22463 20855 6103 15242 6103 12531 7850 14924 7914 18498 20149 17159 7850 9069 5 14604 1095 4 22318 11683 15658 20402 5929 7850 9477 4 7850 15252 9450 5 20402 5147 5 21 21 
15678 17106 20402 31 16971 18498 15424 8995 7850 9477 7730 16721 4796 8956 4491 7850 21684 5 4796 13471 0 21 
20149 794 31 14577 31 10765 7521 20 20 20 20 20 20 13176 6103 16822 20149 14577 20149 14577 19084 
13909 22463 14425 23222 6103 3439 
22385 9193 
22463 7509 10095 7509 14604 12916 
21 21 21 15658 8995 10544 17872 15502 5 15658 8995 10544 713 9010 21743 6103 14307 4 7491 5 21 21 
873 9605 17872 9193 18498 31 23523 8995 6103 23410 0 17438 9721 21 
20402 15138 1114 17438 8956 6006 6 22 
31 18539 15658 20402 31 14539 20244 8956 9634 13512 
1103 18498 31 26 19102 15253 7739 
29 1249 13055 20126 6981 22915 12094 28 28 
21 21 21 26 26 26 26 4 26 26 26 20402 15005 0 21 21 21 
472 5 13359 20 20 
21 1097 4 4289 6103 16519 5 654 21282 13909 22463 17556 6103 10273 1276 7509 2684 20 
13055 22318 7491 15138 7509 18498 21596 17872 9594 4 9193 18533 6256 19140 27 
22998 1249 6103 15138 11454 4 15138 5204 4 22998 1249 15658 20402 17872 20149 8406 7914 6739 4 20402 17872 15855 17872 22305 7730 22805 15678 18498 23135 13055 1540 4 22805 31 15144 18498 20149 21858 18498 6256 15138 10765 4290 6103 15995 5 
21282 21596 31 7850 662 17438 14335 6256 9743 16440 6103 29 6981 29 1249 5 17438 21596 4920 4 16135 4 3870 4 7730 15138 4672 17872 8361 5 
22318 6679 20293 31 14426 4672 18498 17511 9387 4 308 6103 22327 15138 1114 4 20127 4 17505 4 7730 10268 17872 8241 15678 17877 5 
18498 17511 5360 4854 15138 11454 4 7730 18498 8956 15604 3610 7850 9193 22942 21282 10252 15678 15576 13265 6103 12787 20 
22318 1027 22463 17556 4 9193 288 5 
16323 24 
15741 5 6 9743 22463 23222 13512 7730 15678 28 9901 9343 17458 7847 21596 18855 7509 15576 3219 21 
28 26 
8443 5 
21 21 21 23135 15658 8995 21282 17751 7730 9193 23016 22318 7491 18498 23135 7102 20293 13325 18525 23135 20402 5 15643 41 31 3393 5 15658 6256 18498 8956 28 15138 7690 22318 9743 8918 18498 23135 20402 22463 20687 4 22463 15144 4 15253 4 2336 4 9942 7730 31 17819 15144 18498 7491 17872 15671 6 22463 7127 17304 20402 23135 21 
21 9193 15658 21776 1614 17872 6202 2524 20 20 
19039 15658 20402 20794 21 
21 15658 19900 15678 18498 7491 4 1453 20357 
19039 15658 20402 20794 21 
21 21 21 5 5 5 8956 8995 18498 15658 18044 7730 15658 328 4 15658 17304 18304 20 21 21 
18498 7127 13512 17872 22463 28 4796 8956 20 20 20 20 20 21 
5 5 5 21282 20149 20402 3354 20788 28 29 7744 26 28 29 
22463 13749 15658 1377 31 16083 20 
26 26 28 5 4766 26 
15894 20402 21752 8956 10273 6 13667 7509 28 28 7744 26 28 
4796 20149 8930 7850 26 
17819 14425 23222 20149 3417 7509 15190 
26 31 26 
201 6103 15128 15678 14604 4982 20670 15678 23222 13909 13278 6103 21793 15678 23222 13909 13284 7509 11454 7509 23222 6103 3439 20 20 
21 15678 18498 31 28 22507 4 15502 12780 20369 20 6052 21 
21 16972 4 873 5174 22463 26 11115 7730 10544 17872 9743 1235 0 21 
21 21793 11036 31 8956 2510 18498 14335 22126 22463 8208 22385 3058 20 5528 16440 4 9193 9808 17438 21793 15678 13284 18498 7847 6256 20 21 
21 26 26 22 30 26 26 26 26 26 4 28 26 20402 26 26 21 
21 16440 21 21 6552 21 21 31 3621 10606 20 21 
21 7730 21596 10765 17703 4766 4799 7509 15678 3129 5 5 5 8956 28 20402 17426 4 8956 28 20402 1114 20 20 20 20 20 20 20 20 
13800 7730 13098 11211 15678 18610 15599 
31 2926 8995 20311 20 15658 16404 28 15741 1114 
18481 1114 17438 8956 19769 14304 1393 21252 27 
19093 0 3962 2517 
21 21 21 7730 15678 18498 20420 6103 15671 20149 15658 21596 22463 1393 16083 0 21 21 21793 31 9193 11036 20 12787 20 21 
21 17458 14539 9193 4807 21793 15678 8564 13909 11102 18498 22463 1095 17304 4807 4 23135 15643 14335 51 22318 1027 17872 20293 20 21 
7850 9193 20247 6103 13905 3954 18876 21793 21743 6103 6357 6103 3870 17521 20 15643 14335 20357 22385 28 5 15138 15708 31 21793 18498 16429 7509 21189 5 9193 1027 3450 22463 6103 23135 20 9193 13055 19900 9193 22657 22825 1034 
21 6361 9193 4289 18533 20 20 20 20 20 20 20 
8995 4270 18498 31 10765 21596 17555 10273 2131 7730 17555 10273 23434 4 9193 8235 4 472 9743 1247 22385 16936 6103 23135 8 29 
28 14604 1114 4 31 13909 30 18498 17304 9387 5 13909 22463 1239 6103 22942 4 7730 23135 5360 20402 14149 7730 22385 3872 5 22318 6679 21793 31 4672 3058 6981 15190 4 15138 1114 4 20127 4 21021 7730 308 6103 22327 10268 17872 8241 21793 15678 15745 5 
18498 31 20931 15461 7235 7730 23135 1540 31 5108 7850 20463 17542 20 20 20 20 20 20 20 20 
15708 17438 3450 5220 4 3450 13690 4 3450 134 7730 17438 8956 1103 22385 13512 18498 5284 20 
22318 1027 4 1027 2136 14539 20931 15473 5 22463 2700 7509 20931 1095 13909 13512 21 
7730 18498 31 9801 23029 19814 20 
21 7127 14388 8810 4766 31 14426 16971 18498 31 14149 14335 17739 20 15138 15708 28 4 15138 15708 28 7730 15741 
9620 22463 10606 9193 21793 20402 11861 21 
21 10273 22765 14539 17458 15658 21596 15425 3086 2118 5 
7127 14388 8810 4 7127 7509 15253 4 7127 7509 15144 13909 5631 7730 18058 7509 15190 5 15708 17438 21793 15678 20463 8744 7914 14335 9743 9808 20 9808 7127 7509 15253 5630 
7127 7509 4273 4 7509 13909 15604 18498 20149 4902 4796 13909 22765 4 18498 15658 462 9193 20357 9193 9620 7914 28 5 16323 28 4 29 1249 20 8995 22765 6 
15678 14604 1114 17438 23135 20402 11759 21 
15299 3219 13909 7509 18498 31 26 7509 22318 910 
29 1249 20 20 20 20 20 20 20 20126 6981 22356 19589 
20559 15678 14425 7509 26 2136 11462 20 20 20 
9193 20 18498 21684 5 
21 28 28 28 28 
26 22575 26 26 26 26 26 21 
210 31 910 
9193 22942 19525 7914 22463 23222 
28 13909 1114 7730 13909 5896 20 
15138 1114 8464 
21 21 21 20402 1612 18498 20293 22126 20853 21 21 21 
21 21 21 15671 18533 15678 468 9193 2506 7509 8632 7730 15658 7850 2504 6103 19881 21 21 
15658 31 19039 7509 13908 16683 20 21 
28 14055 22575 
18476 31 10765 15128 17872 20402 28 7847 6146 12780 17872 5 28 28 27 16440 
2524 20 
21 28 28 
1575 31 6256 7509 15576 18533 28 20 20 20 20 20 16323 23 
22385 9074 8995 13667 6103 23135 7850 20463 1247 26 8995 13667 17438 22463 23570 15081 15658 20402 0 
15424 17629 22318 7491 18498 20293 12780 22318 6679 22327 18498 9387 6103 14425 15458 15190 4 15658 20402 0 20 20 
14539 654 4766 3450 22463 7914 20463 3610 20402 11861 19900 18498 15671 1294 13055 3610 13026 4 7730 18498 9193 3610 13669 4 23 0 0 0 
3058 4 18498 8956 20402 13909 22463 1249 6103 18780 4 6592 7730 9422 14149 5 
12780 22318 1027 12125 6103 15894 8995 4 24 20 
22463 2700 4 9808 1247 20 20 20 20 20149 20402 2683 14335 4229 21 
26 31 13098 5 
9193 10765 0 
20293 31 14604 13131 2727 9808 9193 20402 6103 21252 
7451 20149 27 
873 15906 18498 8995 7850 28 17304 14335 7491 20149 9010 4356 17438 2371 0 
7730 31 17190 19589 20 9620 31 19448 9193 20670 1114 
10156 
21793 10211 6103 1114 20 
20616 20 
17872 19089 20 
21 21 21 19900 15678 18498 9743 6103 23135 22463 11020 3439 0 20402 18498 23135 9193 1027 21793 15678 28 21 21 
20402 7188 22318 6256 16440 4 9193 20402 13909 7188 7730 7561 22805 23135 20738 7730 9193 15855 16630 16404 18498 20402 13640 7957 5 
14604 1248 4 9193 28 4 31 18498 5590 8464 7509 17165 4796 20149 15658 11284 1022 4 13236 17872 21793 15190 16098 18498 1612 17165 20402 20931 4 1612 18498 23016 5590 18476 18475 22463 16468 16673 17490 7730 20149 12960 7850 18376 7509 16971 16404 9743 3870 7850 2601 4 31 15457 18498 3213 4766 15678 28 9193 29 20209 6408 13055 8477 7847 6103 3870 5 4290 6103 21541 4 1920 4796 22463 11570 4 31 23577 7178 20402 18498 15658 21596 6198 15425 5 
15708 28 4 17438 29 14149 1249 4 6103 4840 4 3870 7730 1114 18498 21999 5 
21282 18525 13055 21681 22463 1229 22385 6399 7730 22385 480 7914 3962 19900 31 7594 18498 20357 1393 16803 5 
12780 22318 1027 16404 20293 4 2725 20 20 20 20 20 11462 19900 18498 15678 6014 18876 13909 22463 1248 20 21 
18476 12780 4809 31 12739 7850 10559 17872 11784 6103 3439 0 
10122 7914 20149 7451 7850 11635 7730 23151 9808 7850 23151 20 28 16066 28 28 13055 6075 31 9692 
13253 31 910 7850 22278 2924 26 22575 
21 21 21 14335 20357 7850 6014 15128 14604 1971 4 16393 3885 21 21 21 
20709 5611 10211 17382 5611 20 
7087 10095 7509 3077 7509 6324 20 27 6075 19854 26 26 26 6324 
21 21 21 31 28 6103 20402 13688 20402 12894 4807 31 13690 6103 20402 22463 21061 15558 21 21 21 
4796 14335 5174 7914 29 10343 6 
21 11462 15678 7127 20402 6318 4 14604 19169 7730 9193 19169 20 7730 17872 18525 15658 19900 4 15658 20402 1247 6103 3960 27 20539 4 7847 9743 1247 7850 14539 7127 20 
9193 21282 21596 31 6679 31 23135 21793 31 14426 4672 7509 15190 4 20127 4 1114 4 22521 7730 15138 9801 20 15708 17438 20402 15678 14426 16169 7509 15190 4 14539 31 14031 6103 23135 20 15708 17438 15643 9193 6256 9620 15299 4 17836 15678 1114 5 
16323 15253 4 16323 16169 4 18498 28 5360 78 31 22942 6103 23135 13909 7730 13909 5 1027 23135 13909 7509 18498 17304 11731 21 
14604 28 20 
21 22491 21371 20 20 450 18449 6 
21282 21596 18498 662 31 21793 18498 8995 4815 15458 12970 4 1393 14604 16169 17438 14335 2133 6103 13923 11590 7686 21793 15678 1249 7730 17438 368 7914 9193 20 1393 14604 1097 18498 20293 14335 1502 4 17836 1612 18498 8995 7850 14539 3610 18498 9193 4 28 4 28 4 28 4 28 4 28 4 28 20 31 9193 9634 7730 1097 7914 10793 18498 6411 21793 5107 7914 9193 7730 14335 6075 10268 31 3450 2595 18498 8147 
15708 6103 1393 21793 20 20 20 21 
15658 6075 17872 368 20 1570 22575 29 10828 6103 17359 18449 20 20 20 20 20 20 20 20 20 20 20 
11644 20311 20 20 
17872 19089 5 5 
7730 11284 21551 15678 8095 9010 2164 5 5 
873 21596 871 1938 22386 6103 4122 17872 12145 0 
20868 20 20 20 20244 4122 5 
21 18533 31 15894 6981 14140 4 22520 7914 9971 6103 21409 21 
21 31 22942 14335 4229 4 7730 9193 23016 20 21 
17438 15658 14335 51 15424 9193 14924 6103 13909 12398 20 12787 18498 28 14335 6075 
21282 10765 13688 20 9769 29 4766 15138 1114 7730 12398 27 
21 20402 6472 31 17525 22463 10273 18498 15643 17525 16673 28 30 5 27 288 31 11644 20311 17872 1233 15678 9971 6103 1249 
6472 31 14464 13512 18498 14156 7850 10273 21 
28 28 5 5 5 288 18498 21282 9193 13591 7509 15677 29 
30 
13688 18498 9193 1027 6329 
472 
13033 18498 31 10765 15658 20402 1920 20293 5 5 5 5 27 21282 13690 
30 30 31 28 28 20 7447 14514 
15138 3058 
2136 9193 21776 1271 20 20 20 
21 5 5 5 4796 22463 1248 3510 4 9743 18553 6103 8918 21 
8443 12780 23104 17438 18498 8995 22327 2727 20 30 
28 28 
14604 28 27 15577 
21 15299 6103 15138 10273 4 21282 8956 7558 6355 14604 20352 17438 23135 5 5 31 13905 15061 15678 18481 15658 10959 7509 20931 17743 7730 31 16083 9193 20402 9608 9996 18498 21438 13278 21752 10273 4766 23135 5 27 9605 21267 4 8956 20402 31 14425 12675 6103 16323 7509 20931 22942 5 
3790 4 20149 20402 16367 17872 16721 23135 8995 7850 9193 22942 6670 15678 29 1249 20 20402 15138 21551 4 21267 4 4796 9193 724 0 15658 19900 20 21282 19900 18498 14539 20402 21491 4 12428 4 13909 7635 18498 9193 4 15658 7509 17872 9901 13667 4 15658 7509 17872 15658 10959 6103 23135 5 
28 7509 3614 23135 19900 18498 9171 18533 15678 14425 17872 23135 4 14539 20402 19848 31 22898 5 19900 21371 18498 1471 6103 31 4672 18498 23135 1564 4 12780 8995 22318 753 20 
21282 21596 31 22318 6679 15138 835 7730 16580 15458 1247 4 18498 23135 1575 13909 3450 20207 18498 20149 16468 4 18498 20931 22942 20402 19342 6103 21021 20 20 20 
22318 1027 4672 14767 20 16323 20 21 
21 18549 4 19969 7509 1436 4 8386 18498 11284 22225 16404 18498 11284 835 21 
28 9193 22318 1027 27 
21 10606 4 288 18498 10793 8995 17629 6103 22463 2154 20670 3047 9634 13055 18498 29 4 29 7509 1679 18166 28 10855 7914 21858 7384 5 
21 21 21 11462 31 12901 12780 20402 5692 4 7730 15678 4346 20402 7850 28 6103 17659 20 21 21 21 
21 21 21 11284 15138 16971 18498 20738 7509 13923 7509 20781 5 2631 18498 7914 19030 6281 20149 1694 15678 20537 4 18498 15658 20149 14055 1393 20463 15860 15425 17743 11570 4 16404 18498 6281 20149 1496 11758 1220 6 4796 20149 15678 16958 7509 6014 6454 20670 20931 3393 4 4796 20149 7509 11522 20149 13398 15678 1392 7509 9971 7509 15190 5 21 21 28 28 4 7509 20781 5 21 
9193 8995 19698 15138 13359 21793 31 3733 27 
18498 13512 
18339 18498 16404 5320 15678 20209 20 20 20 26 3450 22897 14425 
28 28 28 28 28 28 
1114 18498 210 31 910 
21 21 21 14539 15678 1114 18498 15658 4867 20402 14425 18498 31 20781 21 21 21 
21409 9728 4766 14604 1115 
21 21 21 31 3666 6103 28 15481 19363 22463 19575 6 5233 14996 4 17380 7772 22454 4 14466 17380 20699 7730 6103 12029 4 13909 5772 7509 15106 20699 4 13909 5614 20539 4 1393 5431 7509 18498 21048 16440 7509 11884 4 15678 18250 20402 22463 16440 14466 8333 7914 8927 6103 5614 18498 15678 18201 4 13909 19369 1393 7376 17380 7730 14466 7277 4502 5 21 21 21 
21 7686 21793 31 3621 22805 16673 28 15128 28 20 
15128 28 4 21282 18498 15658 4 6256 15678 16209 13761 4796 10211 6103 18055 4 7730 6103 3227 13405 15678 480 7730 21083 17703 4766 31 20709 16500 28 20 21 
21 18498 21793 15678 12034 7730 12402 4766 15678 16587 16765 18498 7491 18498 17380 20402 866 19854 4 18498 15678 16587 20402 11532 4 6387 16083 18912 4 15658 20402 22463 3058 10211 6103 13471 4796 17877 20699 4 909 20149 21858 866 13055 7850 3629 7509 5135 5 
18498 3450 22463 16765 18498 22463 23174 5212 17304 9743 15138 13909 7809 7509 18498 20402 22463 12402 18498 13055 20149 5133 4 368 18498 20931 16431 20402 15138 11861 17872 5288 6345 7509 16587 5 20 21 
12780 13030 15458 28 20 
11861 16404 18525 8995 17438 20402 7509 20634 6103 23175 5 5 5 20 
28 11514 3960 22805 
21 15643 15061 9193 12159 1614 7850 28 4 9193 4796 11462 20402 15678 23494 7509 15456 6146 7491 15678 18481 1190 6103 23572 14335 9743 16765 4796 31 11683 1190 7573 22463 3393 17438 2371 5 
21793 15190 352 6103 19924 4290 17438 21596 18498 1190 7914 22463 23572 16393 22463 2510 6103 20094 8313 4 2136 2371 22327 2727 5 9193 288 18498 20420 22385 13909 248 1190 4796 20094 20149 3450 22463 7509 20094 15658 9743 15678 23572 4796 16196 6103 7318 17380 11983 4 18912 20244 15083 7730 5270 8566 20670 15678 18498 20149 22805 8678 7850 21 21 13055 21 21 5 15658 18498 9193 18533 18498 21793 9901 3532 4 7730 15658 18498 9193 18533 18498 15678 7277 6103 9462 20149 9743 17438 11680 6389 6103 23572 18449 5 20402 18498 7850 14924 20094 7509 22942 4 1393 29 7509 14049 4 15502 17629 9901 16098 23135 20149 5371 7491 18910 6103 1890 7914 23572 7730 18910 18498 31 4622 7914 7251 21681 20463 9971 4 16066 2136 14539 16630 31 7424 6103 23151 4 6387 21389 16083 2979 4796 21 21 23554 4619 4 8995 1467 1614 20 21 21 4796 20149 31 4676 21596 5891 5 
17324 20402 4 1190 6103 23572 9743 21793 15190 16765 18498 18784 4 21793 15678 17877 7509 16587 17304 20402 19450 4766 2614 7914 22463 14425 7804 20 20 20 20 
3058 7127 5 
18197 5 6 23174 7850 21758 4 18525 19900 7847 14426 22327 17872 23135 7 21 
21 20149 7847 21282 13055 20402 22463 16849 4 11731 4766 31 17812 27 1027 28 20402 31 18195 20 20 21 
8386 0 
20670 22463 21409 7850 10091 5 5 5 
13359 1276 6103 4793 5 5 5 
21 20402 8302 18498 18476 12780 5320 871 4672 20670 23135 9605 15361 6 21 21 31 9193 17812 6103 19698 17790 5 5 5 5 21 21 27 7730 15658 11284 4796 9233 20 20402 17812 4 1095 4 22463 1248 4 14604 17812 19900 22318 8637 15138 2727 4 20149 8084 16819 7850 9193 9634 7730 7850 14604 5528 5 
21282 21596 31 22318 662 17438 20402 22385 12094 4 15658 21282 4815 4 9193 4766 21793 7509 9193 9634 5 23135 20402 9522 8810 4 6184 7730 308 6103 22327 21596 22463 5528 8322 20 
15708 17438 4229 9193 2031 18476 17629 4 17438 14335 6075 5222 4 14335 6075 3870 7730 14335 328 4796 22463 12787 13909 15604 5 
22318 6679 21793 31 9801 18498 23135 18009 16404 31 16971 1393 20463 19030 7914 7521 4 18498 28 5360 22318 11710 7730 22318 11165 7914 22327 15678 18498 9743 4 21021 4 20127 6103 20670 7730 15138 1114 5 16323 28 4 15138 7730 15138 1249 6103 22942 20 
22318 1027 6329 21 
21 12780 5590 4766 23135 2136 15678 9971 1393 22898 20357 9620 7509 16373 20 
17478 29 28 29 21 
21 9634 4 9634 4 16292 4 15253 4 21768 4 
918 13026 21793 21 21 7576 21 21 4 
15643 16784 8956 14069 26 21 
12780 23174 10606 20 20 21596 2136 7127 29 6 
21 20402 6472 16673 28 7730 16673 28 31 9743 15678 6472 26 20 8995 2371 5 5 
9193 17908 31 16014 7509 6472 7730 15658 8147 4 10959 6103 19900 15678 15697 12342 20149 20402 866 991 7509 1114 18191 18498 31 15144 21596 18498 21596 4 17458 12861 18498 6194 5 5 20149 873 19900 14335 9605 
6472 9193 13512 1095 28 4 28 7730 28 5 
8840 18498 8956 10273 20244 14125 15658 4472 17438 2371 1453 7686 22463 20247 15146 20 20 20 21 
21 31 22942 20402 17872 1540 4 31 22942 20402 17872 5947 4 20852 7730 17872 4346 21 
20402 21793 16209 20 7914 3206 15678 2569 
26 22 20539 26 26 26 21726 6103 20474 26 28 

