8956 21082 19969 7509 15860 20402 4894 5 
21 28 28 
28 28 28 21 
7957 6070 10606 5 
20293 3058 5 
20402 7847 18498 23123 3267 27 5 
1540 5 
21 3794 4 12861 201 4766 15678 7614 5 26 5 21 
15678 3790 20402 22463 13340 5 
8770 0 27 
15678 17106 20402 12861 20402 22821 16404 15138 10765 21298 21298 5 
27 
21 15253 6103 28 30 4 20402 12861 14539 5 28 16811 21 
14604 28 18498 4672 13512 20 
18498 15422 3086 
20402 1249 27 5 28 
21 29 16192 4 29 6679 
28 
28 21 
18498 20311 27 5 
7957 6070 17872 8797 15678 10405 10606 5 
3450 8995 13359 17438 2371 5 
9901 31 7157 5 
31 23423 20402 10131 5 
7957 6070 10606 5 
21743 15678 14604 15336 2371 5 
21810 8956 1987 6103 10153 5 
8956 7127 20402 13688 5 
18533 6070 9193 15658 14076 7509 16355 0 1614 22318 1540 7730 740 17438 4434 4766 10765 3058 5 
9010 20402 9193 13471 4766 5131 5 
22765 
22463 7509 9172 5 
13948 18328 5 
20402 2727 10131 5 
21 740 12780 22564 12861 7914 873 5 5 5 
3665 15658 9620 15658 20402 
28 4 12984 4 28 4 28 4 28 21 
21 28 16811 
16647 8956 15577 5 21 
15253 6103 28 30 5 
8956 3790 5 5 5 
21 7957 6070 10606 4 8995 7850 17807 6103 22463 16203 27 5 21 
28 28 
20311 5 

20311 5 
21743 12861 27 5 
12787 30 
26 
21 23135 16765 18498 16647 23221 7509 16083 14995 18476 31 17214 22318 13480 17872 9594 21 21 23135 13055 16630 22463 17211 16673 28 7730 654 8995 16630 16083 0 21 21 5 5 5 
19484 6 21 21 8443 4 15658 20402 2727 9193 5 5 5 21 21 
12984 28 21 
8995 13909 8302 18498 15678 20313 8956 17461 27 5 
8956 11341 20402 10131 5 

14425 7509 15190 5 
21596 15424 15678 18498 7319 5 
28 28 
7730 20402 1920 18498 20149 15988 22463 18487 5 
21 17872 18525 9901 16673 22575 4 21083 18930 5 21 
9193 5 
8956 28 8995 12780 13667 6329 5 
20311 27 5 
26 5 
15253 6103 28 30 5 
21 28 4 7914 11477 1393 21680 10959 13577 21371 27 5 21 
21 28 28 5 5 5 
19900 13761 4 21282 6075 23167 6103 22318 14156 14539 27 5 21 
23575 7127 7509 3885 5 5 5 
12861 20402 15138 10131 5 
21 28 5 5 5 13325 6103 22318 22765 5 
28 28 4 28 17090 28 4 12984 28 4 28 4 28 28 4 28 21 
23 5 5 5 27 5 
21 21355 4 21282 21355 4 31 15244 21596 5150 15678 15677 29 4766 15678 29 5 21 
7957 6070 10606 5 13761 21282 21596 10765 13278 5 5 5 7730 21596 9193 21371 5 
21 16802 17438 22318 6511 4 2126 15658 21596 20402 9193 5 8995 22327 22463 2429 7730 21776 20402 22463 2374 7914 871 15759 5 19900 18498 9193 6256 873 18498 9193 1027 21389 4 22223 4 14335 6256 4766 21389 22834 7730 22225 18498 15424 19900 4796 16630 6663 5 
23135 15643 16784 31 11868 7850 9193 22942 7730 15424 22463 17556 6103 21793 20352 3058 18498 9193 21596 7914 19225 31 23135 4 8840 18498 7384 23135 21596 4181 5 6663 20149 6256 6103 6355 12861 4 6663 20149 22318 9743 20149 20357 22385 13923 4 6663 20149 15658 21596 15061 15678 18481 23135 20402 11861 5 20402 866 22385 3365 18498 20357 22463 3320 7850 16654 1393 19900 18498 8561 2136 15510 5 
17438 13909 18498 9193 14453 21596 18344 31 20931 4 15643 12780 8918 6103 22327 18498 23135 13055 9743 17438 9193 7730 15424 6103 22327 18498 14335 8361 5 15708 17438 14335 15061 16083 8561 14604 4 15061 18498 9193 15658 8995 20402 14561 7509 11474 18498 23135 14335 8361 31 20402 5 15708 17438 14335 1502 7730 14335 1027 20293 4 15708 17438 22327 5 
20293 8995 1614 17872 22318 7730 368 18498 12780 1540 4766 14604 8561 5 5 5 22318 1027 28 28 5 21 
10131 27 5 
21 21743 16494 6103 28 4 9193 21793 15190 19900 18498 16494 6103 28 20402 9790 6103 16753 16620 7509 16373 5 21 
21 28 7730 28 4 7914 4229 20 21 
20149 13480 28 5 
21 20402 7384 18498 9193 21438 9594 17461 4 28 16811 4 12984 28 4 28 28 5 21 
7957 6070 10606 5 
9743 22327 740 5 5 5 
29 12780 5 
21743 12861 5 
26 13086 
28 
18498 13512 15658 20402 5 

21 28 4 8956 22861 8995 14425 11300 27 5 21 
3805 30 
21298 21298 
26 14335 5 
27 14604 28 
13905 2304 5 
28 20076 11020 17872 3805 20 27 
21 15678 14425 20402 15678 3439 7509 21 21 10127 8956 7291 2374 21 21 5 21 
14069 27 5 
3222 6103 5758 5 
20293 5929 9193 10349 5 
21 5097 15678 10839 28 23069 27 5 
28 28 4 28 28 4 28 28 28 4 28 28 4 28 28 4 28 28 4 4397 28 4 28 28 28 21 

17872 18525 18533 9743 22463 2154 5 
21 27 4 10131 5 21 
12780 22318 9594 18498 19969 17438 2371 17872 14265 15678 28 28 29 22564 3928 26 20402 4894 5 
8995 10131 5 
27 5 5 5 30 15424 14156 15502 18498 20402 16605 5 
11875 5 
21 28 4 28 
17819 2647 9193 2689 7730 654 12861 0 0 0 21 

23 13315 5 
21 28 4 15658 20402 7127 15424 11518 17872 12861 9193 5 5 5 20402 11384 3790 20 21 
349 5 5 5 
21 20402 4 20149 20402 31 9008 4 17872 18498 9743 31 2561 0 21 
2727 9431 5 
22385 23556 5 
22765 5 5 5 12861 20402 15678 3748 30 5 
23 
27 8995 23029 15678 26 28 5 
3058 5 
26 5 
15658 6075 17872 20402 13909 8302 5 
21 18339 13948 4 3058 4 8995 9193 17233 13055 5 21 
30 
26 5 
7730 10473 5 
3330 5 
9314 5 
22223 5 5 5 
21 27 4 18498 7722 5 21 
21 17872 6256 4524 5 23174 7914 18525 22318 18533 4 9743 31 14512 18498 22318 18533 4766 31 22318 22942 4 9193 15658 8125 15678 19924 21582 11857 22318 15936 5 15936 20402 18498 15424 5 5 5 3015 4 871 4229 6103 2904 17563 13688 5 
18533 7319 4 8995 2371 4 2136 10959 17872 22805 20149 9193 1540 4672 15604 5 654 9594 22463 14984 6103 14512 18498 16098 17438 2371 4 20244 15424 6075 22463 16967 6103 15299 7730 21810 4796 21083 22821 17872 22942 20402 7850 15270 4894 5 
17106 14539 20402 21282 19969 23316 15138 7850 26 17458 10450 20402 3341 5 20201 4 20149 31 7301 6103 2372 7730 17438 12861 31 6219 18498 2372 20402 3341 4 4378 18525 13909 20420 3341 17438 8956 19148 5 
8956 17563 17636 7730 10742 20402 22327 14309 3952 5 5 5 15658 4 8840 4 25 5 
13909 4920 7730 13909 1114 17438 9721 10606 5 21 
7730 8956 3618 15604 1614 0 28 28 28 13484 
21346 5 5 5 
27 
9312 12861 5 
11731 12861 7850 22318 3674 5 
25 30 5 
21 10959 6103 6679 31 21793 15678 17931 22463 9808 7127 7509 17931 5 
21371 10959 6103 4491 871 18498 6103 871 14031 14156 9193 22942 6103 10211 17504 5 20149 873 17304 14156 15678 18498 9193 15658 21596 7850 28 4 9193 662 
28 28 
17930 28 
17931 28 
28 17753 28 
17930 28 
17930 28 
17930 28 
17931 28 
28 
17930 28 
17930 28 
17930 28 
7509 14539 10211 4796 23135 10959 6103 8147 3058 970 4 15671 970 4 10959 18476 8147 3058 17931 5 17304 21596 4181 18498 23135 9743 7178 7850 22942 6103 15138 10765 4 7730 17438 9721 4 5360 15678 23570 21932 5 21 
26 26 5 
3058 
21 31 15286 20402 2727 22907 4 9193 31 23180 20402 2727 2389 5 21 
21 14145 4 4289 7914 3962 13688 17872 21810 1612 2530 5 5 5 9193 439 0 15658 8995 19969 702 21036 7509 4381 5 5 5 
22463 11020 15708 31 21793 15678 391 18498 8406 21810 2530 7730 21810 7850 5859 4 17658 31 20207 15955 5 21 
28 13901 12984 28 
17872 18525 21582 5459 4815 6103 14049 5 5 5 21282 5 5 5 15658 5 
15490 14975 15187 5 
21 23 4 9743 15678 18498 0 2136 14604 15540 20520 18058 5 21 
21 20402 15671 5 
21 28 28 27 4 21282 18498 1393 5431 5 21 
4181 5 
3058 28 5 
21596 3488 8995 21987 5 
20463 4102 7509 3805 5 
7730 1920 12348 15678 19500 7509 13540 7509 4135 5 
27 
17324 20402 5 
21 20149 20402 15678 17125 201 4766 29 5 28 28 4 28 28 28 26 4 28 28 21 
21 28 28 4 28 28 28 4 28 28 4 28 28 28 4 28 28 28 4 28 28 28 9942 4 28 28 4 28 28 21 
21 21282 9620 22463 3585 20105 5 
21 21 21 22463 11474 6103 3952 20357 2093 16673 7181 4 13055 18498 20813 1393 7581 7847 17304 18779 20463 17542 5 21 21 
28 6103 28 
21282 12960 20149 20402 7850 26 5 21 
2371 23554 5 
7855 17840 17461 27 5 
15658 5174 8956 18487 2371 11300 5 
20402 15671 15458 19768 2371 27 
21 12787 4 15855 8956 22821 2371 27 5 21 
349 5 5 5 20293 5 
8956 17461 20402 15138 10131 20 
30 

30 
21 15658 18533 21596 9790 12861 4 16765 15678 8561 15138 6408 4 16721 18498 6981 22897 20402 20402 7174 5 20244 22318 15658 20402 13909 9193 4 10165 14561 6103 9193 5 10165 15678 3564 4 10165 31 18059 4 10165 15678 4840 5 15658 7102 22395 6256 12780 4 6663 8995 3058 0 15643 13909 6256 22463 13771 4289 16936 6103 22318 5 15643 13909 5 5 5 
5 5 5 
5 5 5 
2561 21298 21298 5 21 
28 21253 5 
17563 13483 5 
10940 20402 22942 
21 28 28 4 28 28 4 28 28 28 4 28 28 28 21 
28 5 5 5 
16393 873 18498 23135 5174 28 7730 12984 0 21282 15658 14156 17458 17658 18498 16083 13405 31 5891 5 
26 5 5 5 21776 22765 5 5 5 7730 22223 654 5 
26 4573 5 
21743 15678 7509 5 
5174 873 18498 9743 9312 12861 5 
288 18498 15138 4672 20402 13045 654 5 
21 10606 4 15678 23575 4122 15036 7730 15658 21596 9790 2402 7509 5323 4 8443 16784 22327 5 18525 18533 5268 7850 9193 7209 13566 4 14018 17438 11980 18498 9193 434 5 21 
20293 8840 16673 26 5 
5590 22621 5 
26 1983 6057 5 5 5 
21 23 
2848 21 
5 5 5 15678 22389 11817 
21 26 4 26 20 21 
18525 12780 0 
26 
18498 10131 27 5 
21793 15190 21075 7730 15643 13909 8147 5 
27 13948 21298 21298 
17106 19768 16066 17106 19768 0 
28 11462 5 

