3960 13512 20 20 20 
27 
21 27 4 21282 18498 15658 20 20 20 21 21 21 
5762 4766 28 5 4766 26 
28 28 7730 28 28 
21 16468 7850 22575 20 20 20 
15708 31 21793 18498 14335 6075 10268 20 20 20 21 
21 28 28 4 288 18498 23135 17629 12780 15458 20 21 
21 28 17577 4 15855 18525 21438 7850 30 20 21 
1233 26 20 20 20 
2727 12861 5 5 5 
21 28 28 4 8995 1614 31 10273 7509 3959 18498 23135 13909 10959 20 27 21 
4796 23135 8995 12979 20 20 20 20 27 
288 8956 10273 7850 4122 20 
28 28 
21 1114 6103 17822 0 
28 28 4 28 2887 4 3059 28 4 21 
21 9808 1249 15604 16972 20 20 20 
8840 18498 29 20402 22463 1249 18498 21793 17511 18779 20463 6684 20 20 20 
15138 16580 4 11259 7730 9801 16404 21793 20 20 20 20 
2702 21 
16468 7850 28 20 20 20 
16440 20207 9692 7509 22481 20 20 20 
21 28 30 4 28 28 4 28 28 28 4 18855 4 7730 15678 15678 16083 15678 28 14156 5 21 
7914 11477 1393 5548 7730 28 15071 22971 
28 20 20 20 
21 29 7509 468 8406 7914 18370 20149 15678 28 28 8995 28 31 19997 15678 21830 6103 22463 7788 5 9193 9743 16440 6981 29 18498 8995 20336 7914 22463 17369 4766 17111 7850 4687 4 23559 29 7730 11091 6 21 21 9743 22463 15039 20 20 21 21 21 
15678 30 20402 15678 28 28 7730 15678 1036 20402 7847 9239 20 20 20 
21 18525 14335 12148 6 28 28 
2700 7850 19800 16066 134 0 134 
20853 16066 15855 0 20853 
10696 16066 3439 0 3439 
17790 16066 3166 0 3166 
7119 16066 12897 0 12897 
4331 3166 16066 17790 0 3166 
22553 6103 16680 16066 22115 0 22553 6103 16680 
10523 16066 23236 0 23236 20 
19771 16066 13185 0 19771 
28 16066 28 0 28 
28 16066 4628 0 15658 2685 13909 19110 
11462 16066 1022 0 1022 
4099 16066 21409 0 4099 
3906 16066 15084 0 3906 
2717 9477 16066 12589 0 12589 4 9193 31 9477 21371 8995 22657 
20402 9808 16066 9743 9808 0 15678 7558 4 20402 3058 20402 9808 4 9193 9743 873 9808 20402 14425 740 
7127 16066 15533 0 7127 
8637 29 1097 16404 9743 15678 14539 6 28 28 4 3059 28 4 28 30 4 28 28 28 4 28 30 4 14436 28 4 28 28 28 28 21 
21 14335 6075 6 20539 
22463 16192 6 20749 
22463 2510 6 26 26 
22463 1229 6 26 
22463 1095 31 6 28 28 
20149 5947 10648 22463 13375 6 21 
9808 7127 7509 468 20 20 20 
21 12960 7509 3472 6 
29 3472 20931 15253 0 21932 
29 3472 20463 16169 0 21371 7102 8995 21932 
29 3472 31 4672 13909 3790 18498 23135 21596 0 20149 15658 8995 7850 14604 18487 873 19822 
29 3472 20463 4122 0 21810 18498 8995 7850 9193 3047 
29 3472 20931 14425 1095 0 7850 3962 6281 5 21 
21 22463 15286 0 26 
22463 6086 0 29 29 
22463 873 0 28 
22463 4796 0 26 
22463 5518 0 2352 21 
21 23151 7509 4443 654 20 20 20 
15678 9956 20402 15138 13278 20 20 20 20 21 
733 20 20 20 9193 28 8995 15138 13360 20 20 20 20 20 23 
9808 1249 15604 20 20 20 20 20 20 20 
21 288 18498 1022 15658 12780 6075 21551 17872 8406 7850 4945 8443 13055 12780 6679 17872 21793 6 
9808 28 20 20 20 20 20 20 20 20 20 20 20 20 20 20 20 20 20 20 20 
7730 15138 17737 27 4 9193 308 6103 22327 4 6679 16580 7730 15138 835 16404 23135 4 21389 15678 18498 9901 16936 6103 9193 8956 1249 18481 15678 18498 8995 16066 8995 13667 6103 9193 5 
7730 6103 15604 6 
9808 28 20 20 20 20 20 20 20 20 20 20 20 20 20 20 20 20 20 20 20 20 20 20 20 20 20 20 20 
5 21 
21 10765 20 20 20 20 
14466 6103 29 11518 16404 31 10217 20 20 20 20 20 
18498 15457 20 20 20 20 
9 8 21 
21945 7509 15286 26 26 
8720 4766 15678 5528 

