10753 20 
21 21 21 20060 21 21 11683 20 21 
27 20 
21 1913 4 31 10765 22805 17438 1614 20 21 
21 20402 13909 10766 4766 31 9193 18191 9604 7730 11825 4 1920 1540 31 20402 21371 4766 31 875 20 21 
15643 20402 6329 4854 8956 23222 20 
15678 20463 15855 14426 15678 14604 20 
21 28 4 16721 15637 4672 10138 20 15855 21282 20 21 
27 5 5 5 14604 15604 18165 8095 20 
2154 4766 18541 20402 15138 13909 13284 20 
740 1540 5 5 5 
21 12780 16429 4 22579 20 20 20 21 
21 3058 7127 4 3058 11590 20 21 
9652 20 27 
20813 18533 20 
10703 20402 15616 20 
1027 20 
18476 31 20931 15253 20402 31 13688 17438 13502 5 5 5 27 
6075 2136 17872 8720 6 24 20 
14604 4122 15036 20 8995 20244 28 26 7730 559 2136 18498 31 18794 20402 9790 20 15963 5 5 5 
24 20 20 20 20 
21 15138 17605 4 14604 20675 20402 18655 20 21 
1961 22385 16934 16404 15678 7127 6103 11462 20 18498 31 28 17511 9193 21858 16169 14426 16404 15576 9943 20 18498 1920 20402 20 
288 18498 31 2154 6103 28 18784 9743 7809 20 20 20 13909 873 22805 31 22386 5576 6103 14309 15458 2530 9807 0 10765 5 5 5 6 15678 
21 8956 7536 20402 22463 21394 7850 3790 20 1453 22805 7730 19089 4 17438 9721 20 21 
21 8329 15678 11474 15658 20402 22823 16169 4 15658 11284 15138 15083 16404 20149 4788 5 8815 31 5758 5 21 
5762 4766 28 5 4766 26 
23 20 20 20 20244 16192 17872 8956 13285 20 1453 13359 20 20 20 
740 20670 8012 5 5 5 
21 8012 4 31 15253 6103 21793 31 23042 20 21 
21 21 21 22463 15144 20402 13909 2265 18481 13909 20149 1907 1393 18498 20825 16404 20500 14539 5 21 21 21 
21 21 21 18498 21282 14335 9620 22463 3086 15018 
17872 13909 15299 14335 9620 5 5 5 21 21 21 
22597 18449 20 20 20 
21 16404 18498 381 14667 15083 16404 20402 22223 4 18476 31 10765 17304 20149 6509 6103 1453 22463 16404 20402 9808 0 21 
26 20 20 20 
21 27 5 5 5 15894 12780 16367 4 15658 20402 28 0 20 21 
1484 6103 18376 8956 21684 20 20 20 
15855 8995 20 20 288 31 20931 3790 20 20 20 13512 20 20 20 20 
21 7850 7127 6103 11462 4 6679 13909 1114 7730 22521 8406 31 15144 20 12861 20402 15678 18498 18784 12780 9743 31 7178 20 20611 134 4766 15138 3870 20 8 29 21 
8956 4509 14335 4040 3450 7127 13909 20 
6070 13030 6 15678 5574 7730 31 910 20 
21 21 21 11284 22463 21551 7914 18498 20402 17629 51 31 19830 22564 4 18498 13055 21596 31 10211 7509 15576 5574 4 7730 8918 15678 15576 3611 4 18498 9193 13405 20293 1393 14539 13727 5 20402 15678 21551 7509 22116 5 7730 4 20149 15658 16072 9748 4 21596 9901 4 16404 20293 4 1393 14173 6103 15671 14539 5 21 21 
28 28 6103 28 21 
23 20 
20849 20 
15678 21340 14823 7509 5540 20 
21 16323 4 14335 20 1393 17556 20463 20826 12780 20149 5025 7730 20149 21858 22385 2725 18481 23135 20 18498 8956 20402 31 17819 6103 21793 31 15138 16630 18498 12783 1937 20 21 
835 20 
9980 8995 6933 5 5 5 
18498 4672 13909 13512 20 
20402 20293 22463 835 22318 22805 6070 20 1755 20 8 29 
31 5763 11570 15658 21596 13494 5 5 5 27 
21 288 18498 740 8995 4766 23167 6103 6070 8956 5 5 5 
21282 288 20 21 
8 29 
15678 13909 8302 20402 31 3790 6103 18525 9743 4672 8561 20 16404 
21 21 21 15658 20402 15678 11474 18498 21471 15678 21471 7509 22942 4 7847 20402 1453 22463 6103 20463 10003 21 21 3444 28 21 
753 7480 7730 7512 20 16673 15127 7850 20634 15746 3170 5 17438 15345 4766 13909 1114 7730 19456 20 
21 15834 4 16972 20 1393 14604 1097 15286 7730 31 18525 13909 17511 12578 4 8995 22782 14604 23013 20 13909 7055 7850 26 7509 30 16066 17438 1614 11980 20 2702 20 21 
16468 31 16468 7509 28 3972 20244 13307 20 16404 
21 19094 15138 11861 4 9450 6103 22463 12939 6310 20 1937 20 21 
21 11284 29 1249 23135 4289 4 14335 8361 31 368 7850 9193 3726 6103 1027 5 12780 20293 14335 13325 6103 20931 4289 4 17324 560 15658 11284 16440 18476 21596 13266 6103 1114 5 3576 4 15894 8995 4 19900 18498 23135 20402 16440 7509 9193 9634 8871 5 2136 15138 7914 3206 20 21 
21 13909 1114 7730 14466 1443 4 17438 9721 20 8 29 21 
2136 15678 1233 20149 12034 4766 3213 20 
18930 20 23570 16199 20 
3228 20127 20 
21 21 21 1393 14370 18498 2091 9193 20809 4 17304 18983 9193 13759 21 21 5 21 
18498 15678 15576 13131 28 17511 10089 13909 7730 13909 5 5 5 
1114 7730 23014 5 
15253 15364 
17872 18525 17629 6103 6717 5 5 5 
13512 20 
12092 13512 20 
16083 13278 7509 2725 28 20 
21 23 4 12780 21662 20 21 
23570 21684 7509 4585 7614 5 28 22971 20670 894 7730 17012 7509 15984 20 
8 29 
6103 
21 21 21 18476 1267 16673 12459 6103 19969 
7730 19745 9530 
7730 14335 16784 6103 22318 5 5 5 21 21 21 
21 21 21 15678 1114 15658 7102 20402 9379 5 20365 4 7847 16784 31 1868 7730 15658 17304 23123 5 21848 8332 7850 21631 7730 9901 15138 15186 5 15678 1114 15658 7102 20402 5048 4 15299 20149 7102 8840 6318 5 7847 7102 8995 17737 4 17438 8995 17737 5 7730 15658 17438 871 18937 4 7730 15658 17438 871 19522 5 20149 11284 871 15081 15423 4 15603 20463 1114 15658 17304 20149 21858 15678 6014 5 7847 8995 5120 1393 15081 5 15678 15081 20149 21858 20931 6223 4 20931 10421 5 22463 1114 15658 15081 15658 21596 10421 6 
20402 31 10313 7509 5528 5 21 21 28 21 
21 28 4 13909 2725 740 20 8 29 21 
21 16323 4 28 20 12780 13761 22318 17774 20 7730 13055 5474 31 21793 21371 20 21 
16393 3024 5 5 5 
20402 7384 18498 8995 9594 5 5 5 
21 4346 6103 21389 19698 1614 20 20402 12861 14539 4 28 0 21 
654 21371 7610 20 8 29 
11036 17438 22463 1249 22016 18498 20149 8120 20 11036 16673 16719 7730 14469 18533 18498 18876 20 
15855 21282 8956 28 20 20 20 
21 30 22 26 26 26 26 4573 21776 14335 
12863 22 20539 26 21776 26 26 26 
26 12863 26 26 26 21776 26 
11617 22 13800 26 26 11943 26 26 
26 26 11943 26 26 5 5 5 21 
21 15855 2371 4 28 28 4 31 16275 6103 2501 20 21 
21 26 26 26 26 26 
26 11617 26 26 21776 26 5 5 5 21 
3702 20293 20 17438 21793 15678 15083 20 
18784 13512 20 
21 28 4 4672 13909 13512 7730 4265 20 17872 23135 4 28 7730 28 20 21 
23135 8995 20293 7850 14604 8 29 
1393 17556 5 5 5 
8956 20402 22463 5849 6103 7277 20 
20828 18498 15299 20 7957 6070 10250 20 7 
12939 3058 6103 20149 6256 23104 5 5 5 

