21 1097 20648 5 5 5 23151 31 1190 6103 20647 7730 20402 740 4 13923 5219 264 14604 28 740 5 17629 6103 7157 4 7139 20149 15678 14604 26 740 22657 7730 26 4 18525 17304 6075 22463 753 4 16162 7914 4189 17872 10765 20 21 
21 26 4 28 20 21 
21 21 21 5 5 5 11617 22 13800 26 26 26 26 26 26 26 26 26 4 26 26 26 26 26 21776 26 26 26 26 26 26 28 4 31 11678 26 26 26 15005 26 26 26 26 26 26 4 26 26 26 26 26 26 5 26 26 26 26 26 7850 26 26 26 26 11943 26 26 15678 4 26 26 22 6103 26 26 26 4 26 26 22 6103 26 26 26 21776 26 15678 26 26 26 26 26 26 26 26 20402 15678 11943 26 26 5 26 26 26 26 26 2961 4 26 26 26 21776 26 26 26 26 22 6103 26 26 5 7585 22 21298 26 14335 26 26 26 26 31 26 26 4 26 26 26 26 11617 26 26 26 5966 26 4 26 26 22 20539 7850 26 20402 12863 21776 26 7 12863 7512 5 21 21 21 
18339 14512 
8701 1325 18498 20402 22564 7914 871 28 5 
18475 8995 4766 30 
21 29 4 29 4 29 5 5 5 18984 20 21 
9193 23135 12430 7914 1515 15678 6193 21282 7850 3790 7509 28 5 
21 15834 10765 20 8956 18352 1614 23554 4 14426 2510 18498 23135 15658 5174 4 20402 9193 5 5 5 15643 6075 15138 14996 17872 7847 4 9193 12780 23151 31 4730 4671 18498 14335 659 13761 7730 18498 15424 20293 21787 7850 19870 20 909 4 8956 4092 1614 20402 6103 22463 2510 13761 7509 21631 7509 28 4 18930 31 15286 30 4 18498 9901 7850 29 6 29 7730 31 15286 26 4 18498 9901 7850 29 6 29 5 2702 21 
18476 22463 2510 18498 23135 472 20786 22463 15286 15604 7730 23135 15424 21438 13480 18498 12780 21596 6 22 
4796 1920 
8995 30 3119 8956 22307 5 
33 33 33 33 
10964 22840 7730 1034 15458 22942 16404 2372 
21 20293 20825 7914 9743 22463 20799 18498 20402 31 3790 7730 8443 17304 4289 7914 871 13727 5 22805 31 10672 20852 4 31 10606 18281 7730 31 10606 31 14335 4229 5 5 5 21 
20539 5 
2524 5 
21 9193 17304 8678 22463 21684 9594 7509 2647 2524 7730 15678 18605 3058 7847 20402 7730 21340 21340 21340 4 9193 13055 9743 15138 12861 1393 13669 7509 3610 5 1393 12755 7384 4 11462 12780 662 22463 16971 4 18498 452 15138 7730 18498 21596 4796 19083 7850 9193 22942 5 28 28 4 14604 17930 4 4841 7730 308 6103 22327 4 14604 1095 5 15678 3790 18498 14335 12345 1393 15190 7509 19709 4 15678 3790 18498 14335 8361 18494 22327 18498 19900 20670 2647 5 15138 15708 1095 20 18498 3610 13030 17438 15138 1249 6103 2659 5 5108 7914 9193 16404 20402 14550 7509 2524 4 5108 7914 9193 16404 4229 7850 19338 13026 1393 7847 5 15658 21596 4796 15658 20149 20357 15999 19900 18498 15678 14550 7509 14550 5108 7914 23135 5 15708 17438 22327 4 17930 20 21 
5107 7730 1542 5 18497 10796 7176 7509 19338 5 
20670 15678 14425 20497 7509 22942 5 
26 11943 26 26 
20670 28 6 15658 8386 15299 7509 14924 18498 9193 4289 2136 31 11518 6103 19969 5 
15678 18498 8956 2647 9743 4815 0 9193 28 5 28 28 
20670 31 2647 2524 15458 28 5 20670 31 1549 4766 13909 19478 18498 9193 13055 21596 18498 21787 5 
21 22861 18705 18498 29 5 29 16971 13055 23029 4 9193 18498 15658 6256 6103 20402 3058 5 21 
21 20402 16375 4 13055 9743 7558 1249 5 21 
20402 5 
21752 19830 7509 22693 18498 23016 13253 20931 5891 20463 4459 4290 6103 14453 5947 
20670 11454 20244 4584 
21 9193 21596 15678 14425 16169 6103 21793 20 15678 23577 18498 14539 13667 4 8995 1614 7509 14604 13131 20 15678 3790 20402 22385 10131 18498 21596 1449 6103 28 28 7730 740 17438 4434 12960 26 4815 4 22318 1027 16169 20 21 
18498 21596 31 14539 2053 7850 22225 7730 7850 835 
12863 26 26 26 31 26 26 5 
6 
20402 18381 4766 14601 5 
6103 15908 
26 26 
26 22 20539 31 26 26 26 12863 26 20402 14335 
733 31 12319 5 5 
21 22463 23013 4 22463 2442 4 22463 2471 7730 871 23180 5 21 
17718 7509 19735 11943 28 
21 21450 4 28 20 21 
26 16073 26 26 11943 14335 
26 26 
21 8995 4 22385 9130 13439 16753 17478 6103 7645 5 2136 2371 20497 4 15658 12780 13909 21596 10765 20402 13405 17872 6282 17438 8995 4766 22463 2615 7850 3906 17608 28 5 5 5 9193 7730 2371 4 7730 15678 11020 17877 18498 20402 15678 22303 0 4796 9901 0 8956 20402 15678 17819 16468 17872 6654 16066 22463 21583 6103 1085 31 4672 0 21 
21 26 4 22463 4 31 26 26 26 26 26 26 21776 26 28 11617 26 4 11617 26 26 26 4 26 26 26 26 26 22463 4 11617 30 22 21298 26 21776 26 26 4 26 4 11617 22 13800 26 4 15803 5 21 
14336 9193 1920 19900 13761 12780 19969 0 
20126 6981 21551 
21 9193 7730 7509 4 7509 7730 9193 5 21 
3224 4766 31 23180 
21 7730 11462 20402 1247 6981 3790 5 5 5 17930 4 5221 4 14550 7509 14550 7509 14550 4 7730 15678 18498 9193 13909 14335 15995 6103 7491 4 7847 20402 14604 1095 20 16323 28 28 4 15708 17438 22327 20293 14604 18533 4 18498 15671 4854 740 15138 1549 13131 31 13131 21 
26 26 26 
20402 29 7850 10523 7730 654 7850 28 21371 5 
3058 7127 5 
12863 26 26 30 26 26 31 26 
21 12863 22 20539 26 4 11288 22 20539 26 20 21 
20670 9801 7730 8918 22463 16440 7509 22855 5 
18498 15533 20311 17872 21596 22463 1927 7509 28 5 
26 1825 
11617 26 15678 5 9542 5 4060 11617 26 26 22 18740 15005 26 26 29 26 26 26 26 22 22 26 28 
21 11617 20916 26 26 22 26 26 26 4 28 22 26 26 26 
26 22 26 26 26 4 26 22 26 26 26 
11617 20916 26 26 22 26 26 26 4 28 22 26 26 26 
26 26 26 26 26 26 26 11617 26 21 
22463 4581 5 
23 
15678 14425 1488 28 
23174 7850 19530 20 
21 8956 28 23151 31 16098 26 7730 20402 15138 3058 14335 20357 7850 15835 21266 6103 15604 5 14335 23016 1393 3393 31 23167 6103 4913 22463 3618 7509 2510 4 560 4 5947 15678 20799 6318 7730 21340 5 2136 2371 22327 2727 5 5 5 9193 4796 9743 17872 22564 22463 3618 7509 26 7730 15658 16393 22463 654 30 30 29 7509 28 31 0 21 
20402 15678 16958 20 
28 7730 15978 25 25 25 25 25 
22463 11208 5 
7940 16404 31 28 7850 22861 4124 5 28 28 29 28 
21596 18498 19761 6103 15604 20 28 28 28 28 28 28 28 28 28 19745 14544 
21 733 4 15678 16753 7055 5 5 5 21 
21 18498 23570 7127 16404 4809 15678 9975 6103 20247 20 4110 15678 1114 4 12125 6103 18525 20402 4 1027 20 9901 2371 9193 5422 4766 22463 15286 7509 4092 18498 9193 8995 16098 7914 26 6670 21648 20 21 
26 26 20 
17304 4809 31 3009 31 22915 17872 28 21371 5 
10523 19466 20 
14604 1095 14335 7509 22463 17556 7384 18498 23135 21810 21793 3488 7509 14049 17438 9721 
18533 
21 26 26 1631 26 26 26 26 26 
26 22 18740 26 26 26 26 26 
26 26 11617 26 26 26 4573 26 26 
26 26 26 26 28 26 26 21 
19969 5568 28 3510 
22317 
19220 7509 9146 6 1570 20 
27 
8956 14604 20019 21596 18657 
11617 14796 26 26 29 5 28 
28 5 28 
15678 17877 6103 21623 6103 9130 29 6 29 20402 18498 20402 15138 4099 17872 12780 17872 9574 7730 15138 21409 17872 21752 22463 4633 1276 6103 19969 6103 3962 5 
20670 21596 13909 22463 18069 5 5 5 
26 26 26 26 26 31 14335 
15424 1937 10628 15803 26 5 5 5 17872 18498 0 23135 5320 22327 13055 20 
15678 9172 7217 8406 13202 31 15256 7730 21582 21282 13909 22463 17556 5 
21 15834 4 8956 26 21596 31 15286 18498 13909 21596 14606 4815 6103 22463 21551 17872 5980 20 8840 18498 10959 20 21 
3450 7127 13909 16936 18339 14512 25 
9193 9743 18069 1022 
11518 6103 20007 15678 20262 7914 22463 7127 5 
22463 7509 9193 2510 9726 9743 22463 26 6103 22463 7509 14426 2510 18498 13055 16468 17438 8956 15190 5 18498 23570 7127 16404 8995 23104 5 
26 26 15803 26 26 11617 26 14335 26 26 26 5 26 26 26 14335 11943 26 26 26 
19822 14604 4122 5 9233 14018 14469 16404 9193 7850 28 26 5 10259 134 5 
21793 15190 15658 21282 11637 6 9743 22463 19709 10131 20 12780 2659 20019 4576 20 
21 18339 20799 12652 4 10131 20 21 
21 10765 4 21267 4 6256 15678 28 7156 5 15678 28 9743 15138 17106 13302 14425 7730 23135 15658 9901 17438 2371 17928 4353 5 21 
21 21793 21894 4 21793 15457 5 5 5 9193 7850 9975 6075 22327 4179 20 21 
8995 23151 5 
31 22942 1393 7558 20402 22463 8893 
12780 2429 
21 6670 15678 28 18498 873 15658 14335 6075 21389 18655 5 16689 18498 8956 20402 18772 7730 15005 7850 14604 16587 5 909 4 7847 20402 15678 17753 7509 5993 7509 6428 7509 14604 16587 5 18498 15041 11532 5 21 
21282 17872 19229 5 5 5 20126 7509 2429 15988 
21 15658 6075 4 21596 18498 4913 5 21 
21 20149 15458 14924 9193 21776 5150 11731 31 22356 7509 21 21 17377 9688 21 21 7730 7509 21 21 2524 3058 20402 2524 15036 21 21 0 3805 5 21 
28 
21 29 15286 18498 23135 288 31 13375 19854 
15678 6472 15218 6103 29 28 5 21 
21 29 15286 18498 22318 22126 14453 19854 
15678 6472 15218 6103 29 28 5 21 
26 26 
18498 9956 20 
21 15678 6472 15218 6103 29 28 5 
29 15286 18498 22318 22126 14453 3058 21 
26 15803 26 26 5 
21 15678 6472 15218 6103 29 28 5 
29 15286 18498 22318 6423 
15425 5 21 
21 560 4 26 26 15036 14539 0 21 
19698 16404 15658 4346 5 5 5 8995 19574 5 
21 15855 13761 18498 15144 13909 13512 20 3807 4 7847 8995 22564 3618 6103 22463 2510 18498 9193 10959 17872 3807 5 11731 21282 20149 9193 9605 4766 7847 0 31 10765 19969 17872 21810 22463 3488 16066 18475 4672 4 9594 2976 7730 18476 9193 14466 8840 13055 8995 17229 9193 22915 13030 7730 5 5 5 5 5 5 5 5 7847 6582 22463 9009 1276 7509 9193 5 21 
14335 11649 4766 31 13375 5 
21 29 15286 4766 15262 17556 18950 
15678 6472 15218 6103 29 28 5 21 
6 
21 15678 6472 15218 6103 29 28 5 
29 15286 18498 9901 7850 3393 21 
21 29 15286 18498 23135 18533 1547 31 16971 
15678 6472 15218 6103 29 28 5 
21267 10765 4 20402 3058 4 5108 5 21 
31 16440 19854 201 17438 8520 15678 18498 21596 6103 3058 21371 5 
2371 16292 
21 1097 18498 19432 7850 28 4 15708 17438 2322 18498 23135 8995 20402 7730 20007 7509 21635 18498 2046 15678 28 4 9901 14336 17703 23 21 
21 29 22463 15286 18498 23135 15790 
15678 6472 15218 6103 29 28 5 
15658 12780 4730 7850 14604 28 22463 2427 18498 9193 15790 4 17438 12861 12780 4730 8956 15286 18498 9193 21596 22463 19225 6103 1114 23560 21 
21 29 22463 15286 18498 15658 21596 13375 
15678 6472 15218 6103 29 28 5 21 
21 29 22463 15286 18498 23135 1027 31 13375 
15678 6472 15218 6103 29 28 5 
21 21 26 21776 26 
26 11617 26 22 21298 26 16105 26 26 
11617 22 13800 26 16073 26 
26 22 20539 26 26 
26 22 20539 26 14335 26 26 21776 26 26 26 
26 26 3789 26 26 26 
11617 22 13800 26 26 26 26 26 26 
26 20402 26 26 21776 15101 
11617 7585 22 21298 26 26 26 
26 11617 7585 22 21298 26 26 26 5 5 5 21 21 21 
21662 29 
21662 29 
21662 29 
21662 29 
21662 29 
21 29 22463 15286 7509 20931 2510 17658 
15678 6472 15218 6103 29 28 5 21 
21 29 31 15286 4766 22463 7509 20463 20785 17658 
15678 6472 15218 6103 29 28 5 21 
21 17458 15658 15128 15678 15540 17872 21 21 26 26 26 6 11678 26 26 26 26 26 26 21 21 21 
21 15678 6472 15218 6103 29 28 5 
29 22463 15286 18498 23135 19900 31 13375 21793 21 
21 29 22463 15286 18498 22318 9743 6070 
15678 6472 15218 6103 29 28 5 
26 26 21776 26 21 
21 15678 6472 15218 6103 29 28 5 
29 22463 15286 18498 23135 288 8302 
22463 15286 6103 29 20209 4 15658 21596 4796 15658 19698 5 
20 20 20 20 20 20 20 20 20 20 20 20 20 20 20 20 20 20 20 20 20 20 20 20 20 20 20 20 20 20 20 20 20 20 20 20 20 20 
26 7730 28 23 12787 8956 20402 15678 14425 1249 7509 15190 
26 26 11943 31 26 
21 15678 6472 15218 6103 29 28 5 
29 22463 15286 18498 22318 13325 31 20931 12319 
8956 23016 7509 14604 17819 4092 6103 22821 4 18498 15678 14604 21739 28 28 14335 6075 20 2620 20402 15678 18498 4809 31 10211 14604 16822 15218 5 21 
23 
16404 15678 15190 17438 22463 11518 7730 14336 18498 9193 21596 18498 8720 12861 1614 17438 9721 
21 9605 2727 16066 9605 13923 7509 7783 28 4 8956 15286 20402 15276 7509 11518 5 21 
26 26 26 11617 6 26 26 26 26 
15678 3790 15658 21596 15678 26 5 5 5 
21 21 21 26 21726 11943 31 26 26 26 11617 9989 5 
11617 22 6103 13433 21776 26 7 11617 22 30 26 26 21776 26 26 26 21726 5 
26 26 26 11943 26 26 15803 26 26 26 26 26 26 26 5 
26 26 26 4 26 26 26 26 26 31 19712 5 
11617 22 6103 26 26 26 26 26 26 22 6103 26 26 5 
11617 22 6103 26 26 26 26 26 21726 26 21 21 5 21 
28 28 28 28 28 5621 28 10405 28 28 28 5846 
740 21582 4796 31 2501 5 
22463 22821 
26 15424 19900 15894 9193 21776 
26 28 8 29 
6054 
21 21 21 19220 9975 7509 5700 20670 23498 5317 1515 15678 9259 7509 28 4796 20402 15678 19483 16673 6429 6103 21631 5317 7730 15678 10976 28 16673 6919 6103 3551 7730 8434 7850 3633 7509 22575 13359 21 21 26 26 26 5 5 5 21 
21 11617 26 26 21776 26 26 26 26 26 5 
26 11617 22 13800 26 26 4 26 7509 26 26 0 
26 11617 22 13800 26 4 11617 26 11617 26 26 26 5 
26 26 26 26 26 11943 26 5 21 
26 15803 31 26 7730 15039 28 8 29 
18498 12861 16375 5 5 5 5 5 5 5 5 5 5 5 
21 21 21 2031 4 2031 5 5 5 15658 4 8840 5 5 5 5876 5 5 5 29 4 29 4 29 5 5 5 26 8995 15138 7188 4796 8956 2501 21 21 5 21 
28 17125 12780 18498 19761 15658 20402 6 
30 
27 15678 26 7850 9971 7509 14307 20402 15678 14426 20 
28 29 1249 
8956 2510 12787 17458 22385 3058 

