27 9193 28 26 20 18498 13324 3058 7730 20126 6103 23135 28 7509 28 7730 28 30 
21 21282 17511 7491 22463 4672 6 9193 21776 4766 844 4 21776 3697 7730 20244 4122 4 9193 9193 10548 20402 12094 4 16689 18498 26 26 5 5 5 27 21 
21 7127 6103 16162 21793 15678 16605 16673 5735 4 18513 4 22996 7730 4331 7509 23575 28 5 5 5 21 
21 26 4 26 4 26 5 5 5 23135 22 30 22507 26 26 20 
12780 23151 17872 3962 10097 7914 15268 4 13909 12876 22 26 28 20 21 
288 18498 15424 21793 15190 9901 9808 4766 15678 3959 2371 6103 2442 5 5 5 
20149 9193 20402 22463 9148 5 5 5 
21 1393 26 4 28 20 21 
12863 26 26 26 30 26 26 26 21776 28 5 5 5 26 26 26 15803 28 
21 20402 15678 26 0 20402 22463 2332 0 20402 22463 2553 0 7850 4 26 22 20539 17930 28 20 21 
21 23135 9743 22463 17022 19854 6 21 21 8995 12780 17872 28 4 17438 18498 23135 15658 16647 1612 23572 21 21 30 7509 10250 28 21282 18498 21 21 7730 14335 8147 13761 0 21 21 5 
9193 21596 13688 17872 22327 15458 22942 7730 873 10959 7509 11670 5 5 5 8956 20247 6103 9962 7914 3450 15704 6103 28 4 18910 7509 28 6670 31 4744 4 3702 28 7850 28 4 26 26 26 26 4 4843 26 12863 26 4766 26 26 7730 15658 19900 20149 12780 20688 31 3450 9586 6103 16622 8995 20402 12094 4 31 22581 20 26 20402 26 7730 15658 7491 23 20 20 21 
11462 20402 7127 6103 28 20 
26 26 26 26 21776 10907 5 5 5 24 26 29 29 
26 26 26 26 21776 10907 5 5 5 24 
7730 18525 7491 18498 15678 18513 15658 12780 0 
1631 26 26 26 0 
1114 7914 10211 6103 4385 24 
21 26 21726 26 4796 5 5 5 26 4 26 4 11617 22 30 26 21776 10907 5 5 5 26 26 26 26 26 26 28 26 26 20 21 
15658 21596 4795 16404 8956 13285 5 5 5 12861 18498 6075 13480 31 21525 31 9010 11518 5 5 5 26 7850 28 
21 6152 7188 4 10606 5 5 5 21 
23135 19900 18498 31 22942 15658 8995 10544 18476 23135 10648 22463 19904 6103 1818 4766 19971 11099 6103 17737 5 5 5 
26 22 20539 31 26 26 5 5 5 
654 13055 10447 5 5 5 
21 2371 20931 14847 6146 4 17438 20931 5320 7730 19701 4 15658 23151 16404 15678 28 5 5 5 26 10859 20 21 
26 28 
21 26 26 26 4 26 17257 26 26 26 26 26 20 26 21 
26 26 26 26 5 5 5 
26 28 22 20539 26 26 5 5 5 
21 26 4 11617 22 30 26 31 22383 21776 26 26 5 5 5 
26 4 12863 22 20539 26 20402 26 26 
26 30 22 21298 12863 31 13488 0 
7509 21266 4672 18498 349 4815 5 5 5 21 
26 26 20 28 26 
7585 22 21298 26 14335 26 5 5 5 26 26 26 26 21776 28 26 0 
21 21596 16587 18498 155 15678 16238 4766 26 7509 28 4 21596 16587 18498 155 31 5505 4766 28 13307 5 5 5 5 16238 997 26 21 
21 26 4 26 26 10907 21776 28 4 26 26 26 20402 29 26 26 26 20497 26 4 26 26 26 26 1631 26 21 21 14796 4 11617 22 30 26 26 26 4 26 26 26 26 5 5 5 12863 22 20539 26 26 26 26 5 5 5 21 21 21 
7730 9193 288 18498 9193 19900 9743 22239 20244 11066 5 5 5 
26 26 26 26 28 26 11617 26 26 26 26 26 11617 26 26 20402 26 11617 7585 22 21298 26 12863 26 14335 0 
26 26 28 5 5 5 26 26 20 4766 7277 31 28 7730 28 28 5 5 5 
21 15678 18498 13909 9193 18533 6981 22942 4 17438 9721 0 0 21 
26 26 26 21776 26 26 26 26 5 5 5 
21 7847 9743 21389 16836 17872 14335 6256 8406 1614 17438 871 11518 4 9193 9193 5360 28 8956 13727 5 5 5 21 
24 
21 9193 15658 368 7850 10530 7384 1614 5 5 5 7914 29 4 7850 13905 4417 7509 16587 4 31 16971 15658 19900 22564 31 8590 19760 5 5 5 21 
21 26 2384 4 26 26 26 1704 26 26 21776 14335 4 2384 2384 4 26 26 26 23 26 26 14335 26 5 5 5 21 
18610 26 31 26 26 0 23 26 
26 22 20539 12863 5 5 5 
13909 16784 18498 16526 28 7914 7127 6103 15127 5 5 
13909 22463 18498 17304 21596 6075 4179 5 5 5 5 24 26 
21 18884 16404 16630 22011 6103 8186 7509 28 26 6 
29 20202 31 12488 7509 30 18498 22318 11165 31 22011 6103 8186 4 7847 12780 22318 4623 22463 21440 6103 18610 29 5 
29 15658 4 7847 15658 17304 22318 22009 16404 15678 20462 6103 3652 4 8443 23135 6830 15678 21500 5 
29 20202 31 12488 7509 30 16404 15678 3652 7730 7491 18498 15678 15081 20402 21 21 9193 15658 20402 22280 21 21 7730 7847 12780 22318 12841 7509 21440 5 16323 20 15190 28 28 26 
16404 5 20539 6 5 1264 20293 15678 18064 20 21 
30 26 26 21776 26 5 5 5 21282 18498 15658 
13909 10544 1540 12910 7914 3155 5 5 5 
21 16972 4 8995 963 14604 1429 20 
20149 23135 19900 6103 871 12578 4 14335 2322 4 26 20 
9901 7850 22971 28 28 4 18195 1393 20495 12934 21063 4 21083 2727 13619 7730 21596 29 26 5 
15708 20 21 
26 31 28 21282 18498 15658 
24 1027 20 26 17458 7847 7491 18498 31 16083 21438 9786 
1027 13909 7509 18498 22327 15458 22942 20 24 
26 26 26 26 26 26 22 18740 26 5 5 5 26 29 
21 3807 4 15658 21596 11670 18498 15678 28 8995 10473 22385 2727 20 18476 20402 18498 7847 12780 4809 31 7990 16467 4 21371 0 21 
8995 16784 5 5 5 31 7681 7255 8995 20149 5876 17872 19283 13909 5 5 5 
1612 14924 7914 18498 20149 8840 22463 3678 5 5 5 19665 16057 26 26 26 9193 18533 22463 3678 
26 26 26 5 5 5 
26 22 20539 26 11617 22 13800 26 26 5 5 5 
873 2371 4766 22463 3536 11558 16404 8060 0 
28 24 
23 5 5 5 15678 6014 7509 28 5 5 5 5 
21 7850 18498 26 6103 3265 4 7850 26 6103 3265 5 5 5 21 
21 10765 4 21 21 26 21 21 20402 7174 6103 21 21 26 21 21 5 
17989 9594 21 
18533 9808 18498 26 20 654 12780 30 26 
21 9193 17304 8995 9130 4 9193 17304 8995 9743 22327 15678 18498 9193 21596 17872 9743 4 9193 5 5 5 5 21 
28 
21 28 5915 18533 14096 15678 19456 1393 3962 5 5 5 5 3962 7509 15253 28 4 15658 20402 0 21 
21 6103 29 14667 16971 7850 16559 4 18481 6281 23174 7850 28 0 
7102 20402 15678 23577 16587 7509 15190 18498 16468 15678 1249 21793 9743 18055 4 23174 4796 20293 7730 29 15266 6408 4785 31 9743 18055 6103 15604 5 5 5 20357 20402 22463 26 
7914 22463 16587 10982 16673 18250 7730 7914 18498 18201 7730 17287 20402 21 21 31 21 21 15948 5 5 5 20402 17872 18055 15678 1249 21793 6103 15604 4 14539 5 5 21 
24 
21 18525 21596 1095 10517 4 7850 20474 31 15533 1937 28 5 5 5 26 26 21 
17458 18476 4356 20402 17458 4356 7730 18476 15658 4356 20402 17458 15658 4356 5 5 5 12780 8386 
20402 15678 18498 21596 17872 11462 5 5 5 
21 14013 7509 10179 7509 22513 6 
29 21806 6103 4458 6 13717 4766 20739 875 
3960 6 20149 20402 21282 22463 10179 4 17438 18498 23135 15658 1926 0 21 
21 4886 31 10343 6 
21 21 18525 19698 17438 23575 5 5 5 21 21 
23135 19698 11529 7509 17930 19854 4 9193 18525 9743 31 18069 20402 7847 4 29 10179 6103 18069 7730 23135 16468 29 4 29 11518 19474 31 2745 5 5 5 21 
26 5 5 5 9193 7102 20402 6329 20 
28 9743 3052 5 5 5 
20402 6103 14265 5 5 5 
15833 26 5 5 5 
4289 15678 7127 5 5 5 20023 4496 16367 7730 15678 19698 17090 8995 6103 14265 20 20 
26 26 
21 16972 4 15658 21596 4796 8995 26 10447 7509 11876 5 5 5 15658 21596 12939 5 5 5 
23575 16367 6103 18910 21 
12709 
14425 26 26 20 
2371 23135 4289 7850 14333 5 5 5 
21 16972 4 15671 12780 8995 9130 5305 4 20149 8995 10795 871 7728 4 23135 17304 8995 16836 7730 9193 12780 8995 19474 4 26 0 
11617 22 26 26 13800 26 21 
16836 6103 18069 6 4796 7172 22463 20853 10773 6103 22463 20853 9608 0 
21 18498 15286 18498 15658 19969 7509 3393 5 5 5 5 5 5 
26 11617 22 30 4796 26 26 4 
26 26 26 22 20539 26 31 26 
26 11617 22 30 26 26 26 26 
26 26 26 26 26 21776 26 
26 22 21298 26 4796 26 16105 0 
26 26 31 26 16073 15803 14335 5 5 5 21 
509 6 2154 6103 15410 4060 12354 20 
2154 6103 15410 16816 20 15502 13909 10648 6103 9193 7914 26 20 
2371 18498 20126 6981 30 13909 13512 7509 15190 20 20 20 20 
21 2156 7850 22383 7914 20879 5 5 5 5 21438 2557 20 21282 18498 15658 
2156 15678 22383 4 15678 23572 4 31 10688 5 5 5 5 7730 31 18471 20402 1612 6103 20293 5 5 5 2371 4 20402 28 20 21 
21 28 4 14335 9743 14466 4273 7730 9379 7914 29 16066 14335 6075 13909 16135 20 20 6 16404 21 
916 15604 20 20 5 
12780 18281 15894 2136 3697 17872 10657 29 20 20 20 
21 15833 4 2384 4 26 26 26 4 26 26 14335 10907 26 20 20 
26 29 20 20 20 21 
21 10606 4 9010 1249 20402 2727 21976 20 
15708 31 21793 18498 21596 16135 6103 9901 17438 16936 20 3058 9867 7730 22463 9324 29 20 20 20 21 
7573 15678 15190 20402 15678 18498 11284 17872 11462 20 
21 16673 2727 7509 11571 4 9193 17629 6103 10548 20 21 
26 21776 26 11617 26 21776 26 20 
23016 29 26 26 22 21298 7850 26 20060 20 
2022 6103 14512 20 20 20 15643 13909 20 
21 21442 9970 6 21 21 15678 28 18856 31 19804 4 18525 15643 18856 31 19804 7509 22942 4 15658 20402 14539 0 21 21 21 
21 10765 4 9193 20420 13909 9808 20149 31 21810 1614 6103 3962 20402 1920 5 5 5 5 21 
15790 10765 18498 15658 8285 20 
18537 20 24 
26 26 26 26 26 20 6 
21 22597 18449 
9010 13591 5960 18610 29 7850 13652 10555 7509 20086 20 7850 20965 8995 18610 29 7730 4289 7914 29 28 23579 20 20 20 7 21 
21 26 22 20539 26 26 11617 26 12863 20 22438 30 
7730 15678 22307 8995 22385 16367 18498 6075 2136 16404 21752 10273 5 5 5 21 
28 14334 28 8 29 7914 20402 28 7730 9193 21282 19900 11462 20 6 
11617 26 26 11617 22 13800 26 5 
21 19709 6103 17583 20 21282 18498 15658 
7730 8956 20749 21793 15658 753 7914 15299 20 21 
21 18525 15643 21681 22463 19592 7188 0 
18930 15138 9010 26 6103 29 22 31 29 22 4766 31 28 28 9431 18498 8995 21793 15190 20244 7251 7730 31 21 21 2717 21 21 6103 22463 21 21 17226 23577 7850 11454 7509 11571 21 21 21 
21 26 22 6103 26 11617 22 13800 26 26 26 4 26 12863 22 20539 7850 26 
12863 22 20539 26 14335 26 4 26 26 11617 26 22 21298 26 
11617 26 22 21298 26 26 26 4 26 26 12863 22 20539 26 26 
11617 22 13800 26 26 21 
21 15658 11284 7558 13311 7509 18774 4 15678 12144 7772 8995 11532 4 31 12283 2156 7730 31 7720 18449 8995 9439 5 21 
21 28 28 4 28 7509 28 4 28 28 7730 28 28 4 1027 23135 7509 10484 14604 5528 4 9193 18533 2322 18498 20402 15138 14010 9901 4778 6103 20149 8147 7914 28 20244 9193 7850 14604 15198 20 7 26 26 4 28 5 21 
22463 7127 8956 3988 20402 14604 14604 14604 20 20 20 
21 13909 22463 6072 16404 15036 6103 23167 6103 12780 7730 6103 17667 7509 9934 5 5 5 
28 28 4 18443 2371 7850 13566 20 21 
21 28 13901 20 20 20 6 6103 
9956 20311 7730 18926 20 21 
31 20794 17872 15576 17563 9193 12780 6075 5 5 5 11560 6 13800 5 28 5 4766 5 3148 14506 15588 29 7645 18033 2156 17915 12610 3265 28 21752 16169 18897 
23135 23174 7850 28 7730 6408 12960 21793 31 19478 6103 15127 16404 15554 5 5 5 26 
21 22463 18162 7509 20207 22358 6 
29 15108 4 9193 15658 23174 7850 29 22358 4 17511 23174 9193 7558 654 0 0 
29 23 5 5 31 28 15658 8995 7850 13566 6103 3665 0 17438 18498 0 21 
17458 8956 20247 14514 5 5 5 
26 26 20 26 
8956 6110 14335 6075 23167 6103 19969 5590 7509 3148 17872 16083 16587 5 5 5 5 
16458 5 5 5 28 7730 28 19900 17994 5594 31 16192 20995 20 16689 18498 21282 19969 2937 5 5 5 
21 21 21 2371 7847 14335 6075 26 6103 22463 16746 5 5 5 21 21 13909 22463 7509 21266 10343 18498 23135 8720 17438 2371 5 5 5 21 
9193 7730 14604 29 29 6103 21264 6103 22942 20 
16323 17872 18525 9743 29 11518 6103 18069 15637 20474 31 15533 20 
21 21 21 12863 26 22 21298 26 26 20402 26 21776 26 26 5 5 5 21 21 21 
21 31 16971 9605 21 21 30 21 21 7730 740 18533 21596 9193 5107 5 5 5 21 
21 15678 3058 6103 20402 17297 20402 8474 15678 18498 8995 349 7730 15658 21596 8956 9608 18774 7509 9608 21 21 7894 21 21 16563 5 5 5 21596 18498 21596 866 3058 21 
18498 9901 19140 18498 20402 29 31 5 13800 6103 22463 7576 7730 9193 8995 12780 13761 21932 7850 7861 16404 23135 23174 7850 28 7730 7850 21758 20 
21 21 21 9193 17819 11444 20402 31 6103 15678 16559 20402 4 7914 20931 13907 4 8955 5 21 21 21 
21 2371 4 20402 28 5 5 5 13909 29 1249 6103 18201 0 0 0 6408 15658 14335 23016 9743 14058 7850 16232 7730 2083 14604 3610 5 5 5 21 
288 15678 5584 6103 23572 5 5 5 5 26 
21 9193 18910 7509 2154 19854 7850 10476 4 7850 15260 4 7850 10999 4 7850 5942 6103 12327 4 7850 5942 6103 8794 7730 7850 14333 15658 20420 7174 5 5 5 5015 6 9193 20402 4273 17872 3807 20 20 21 
21 9193 12780 6075 22463 21394 7850 18195 16971 18498 9594 21 21 28 19822 4 9193 9743 5 5 5 21 21 21 
8956 5409 9719 14089 7509 28 14335 6256 15678 7127 21793 16721 7850 22942 7730 4796 20402 7188 18498 8956 14984 6103 9667 7509 14539 19924 9743 871 4672 5 5 5 
17324 20402 5 5 5 5 19955 7730 26 4766 29 8052 3450 20 20 20 27 
21 17438 22463 15190 5579 4766 14466 21 21 14335 14335 14335 21 21 7730 13909 21 21 6256 18498 9193 19450 21 21 20 20 10907 26 21 
21 28 28 4 6472 238 5 5 5 20244 26 7730 20244 9965 5 5 5 5 21 
22 7730 21282 201 31 8208 18498 4785 21793 8956 19773 6103 9193 4815 14539 5 5 5 5 13759 6103 22760 2609 6103 4380 31 15793 6103 15005 21282 
22389 6103 22463 21252 31 15533 5 5 5 
21 17438 22463 18553 6103 20049 4 18498 16468 13640 8956 9692 5 5 5 21 
26 5 5 5 
18476 9193 7491 18498 8956 4417 15658 6075 13909 5 5 5 
26 11943 28 26 26 6 8576 28 26 6103 4331 26 26 11943 26 5 5 5 
23135 19900 18498 16836 6329 18476 23135 201 8429 15678 630 7509 11767 5 5 5 
21 18498 17667 5 5 5 17269 26 23343 7730 15678 17382 5360 4 21282 7914 23523 6103 7861 4 16475 9193 2439 3853 4 134 31 5758 0 0 0 4 17973 22463 14984 6103 4672 18498 15502 12780 5913 5 5 5 17667 20 21 
26 20 26 20 
26 26 20 
9808 7730 9605 20 20 20 6 6103 
21 20149 9193 20402 22463 17556 21644 4 9193 12960 22463 3059 7850 1925 153 20 20 20 20 20149 15678 14604 1097 15658 710 13909 31 18912 4 11731 9193 20 15643 1926 153 20 18498 2022 6103 14512 20 21 
21 18476 31 20931 15253 9605 21 21 23135 12780 22805 4796 21056 19830 18476 21596 18498 13253 31 26 19830 21 21 20402 18328 22821 20 21 
23 11617 22463 3227 31 22942 18772 0 8995 21743 28 28 5 5 5 
21 27 4 20244 16721 15138 4 9193 9743 11686 5 5 5 21 
21 24 4 28 31 31 31 5 5 5 5 8956 13727 14335 13325 15286 20435 20 21 
19969 7509 23423 6103 5139 20402 21743 19969 7509 3590 15458 10405 5 5 5 
21 654 18498 16647 15678 26 4 7847 12780 7279 17872 3990 5 5 5 3960 28 7730 28 20060 28 6103 3990 21 
6103 9801 1393 15535 20 20 20 3960 28 7730 28 
28 20 
9193 21282 22805 4796 9193 20402 16559 18476 8995 7850 19698 20 
8956 17998 13820 6103 17915 6103 13502 14335 12834 5 5 5 15658 4913 13909 30 30 20 
26 26 26 20 5 
11617 22 13800 26 26 21776 26 26 26 15803 26 26 26 26 26 26 22 21298 26 26 5 5 5 
26 11617 22 30 26 26 26 31 26 5 5 5 
21 1612 14924 7914 18498 23135 4289 7914 3962 4 16468 15678 5702 7509 26 29 7850 17478 7730 31 2745 15658 155 20 21 
21 7850 26 4 26 20 26 20 21 
13909 22463 20247 6103 7594 6103 3393 5 5 5 
23 5 5 5 28 5 5 5 
21 21793 15678 2822 20402 11686 4 9193 871 20402 13909 11686 18498 16083 5 21 
21 20149 23135 8995 288 31 20931 22942 20244 11066 4 20244 21596 4766 18525 5459 4 9193 18930 18498 23135 20149 21858 1925 153 4 20402 5590 2116 7509 19920 7730 7594 6103 3393 10657 20 20 20 20 18498 23560 6981 19635 6103 14512 7730 6981 7792 18498 15658 21596 15678 15270 6103 19456 20 
28 7102 21972 21793 15190 7850 22888 7850 12638 5 5 5 5 20402 14466 9786 16784 17438 23239 5 15678 7509 18498 6103 29 30 5 5 5 
8956 20402 1612 11518 18498 31 10765 9605 31 3031 20402 9193 7730 9193 15658 18533 13909 3224 20 
5528 16440 6 21842 17872 28 16066 17872 3148 0 24 
27 
21 21442 6103 11462 6 21 21 16083 7127 15678 28 16647 22383 4815 7730 9193 2322 18498 15678 3790 12780 18506 15678 28 21 21 5 
14924 28 21442 6 9193 2322 20670 31 28 5 5 5 21 
7957 21842 17872 28 20 26 18498 6103 12939 15425 26 18498 12894 15643 21842 21389 17872 28 
18470 15678 14425 12939 6103 20149 1547 16404 31 15604 8525 0 27 740 2727 18498 9193 3702 15138 20 
21 9193 13055 23016 15678 28 20402 3625 4 27 21675 22765 21 
21 22463 6072 28 7914 18498 31 3450 29 16971 4 29 8995 22886 6103 22825 7730 1034 20 7730 23135 6103 28 5 5 5 27 21 
21 20149 5174 873 18498 21596 12578 4 17438 9721 8406 7914 5322 5 
26 26 28 26 26 20402 26 26 
26 22 20539 10883 28 26 15983 11617 26 20402 31 26 26 11943 20402 28 4 26 21776 26 26 28 26 26 1983 31 19138 26 4 26 26 26 5 11943 26 26 26 26 21776 26 26 26 26 26 21776 26 26 26 26 26 26 26 31 26 26 21776 26 26 5 
26 6 
29 26 26 26 26 26 5 
26 26 26 12863 26 
26 26 26 6 26 26 26 4 26 26 26 26 1983 26 26 26 26 
26 26 26 15803 26 4 21776 26 26 26 26 26 4 26 26 15803 26 26 26 26 4 26 26 26 15803 26 21776 26 11943 26 15803 26 26 4 26 4 26 4 28 4 9170 5 
26 26 26 4 26 26 15114 28 5 26 26 26 1631 31 26 5 
26 26 26 26 26 26 26 26 5 
26 6 26 5459 11943 26 21776 28 5 28 26 5 4766 21 
21 288 18498 654 18498 15658 9130 4 9193 10959 13909 740 7509 10548 8633 5 5 5 17438 22463 20879 20244 22307 20 20 21 
9193 20402 22463 1409 7730 9808 5 5 5 21776 8720 16164 21282 4766 7558 3508 20 
21 15855 21282 4796 15678 1925 153 20402 2727 2021 6 11560 6 23273 5 28 5 4766 5 3148 29 28 1927 4623 29 23274 7730 19296 4766 12301 12085 
15658 724 13909 16162 7558 19635 4 15658 724 13909 18910 7730 15502 19450 14604 17877 5 5 5 15658 1926 19635 153 5 5 5 20402 13909 7594 6103 3393 7509 18498 5353 20 20 20 21 
21793 15190 21842 17872 13945 13405 14466 6103 29 11518 16404 19969 5 5 5 5 10907 26 20 
21793 15190 21842 17872 13945 13405 14466 6103 29 26 17872 1421 5 5 5 6 10907 26 20 20 
1937 31 9442 7509 22353 8329 15658 7940 5 5 5 31 16980 21108 8995 9743 14388 21021 20 
21 10959 6103 662 1393 28 17438 21596 15678 2332 13909 22765 7509 15190 7730 20244 15425 21743 6103 8425 15424 21810 7914 22463 23168 6103 15256 6103 29 4 31 153 17438 21596 19635 4766 13909 17998 7509 18498 5353 7730 31 26 17438 21596 22463 2647 18498 15658 7687 15299 5 5 5 6592 18498 20402 22463 1845 11462 20 7730 22507 15678 663 6103 22821 20402 17872 28 18498 15658 14335 51 5 5 5 21 
21 26 11617 26 26 26 11617 10907 26 0 11678 11617 10907 26 22 30 26 26 4 11678 11617 26 4 12863 22 30 26 26 20 21 
21 11617 22 13800 26 28 11617 20539 29 15654 4 11617 26 21 21 26 21 21 26 26 26 14335 26 23351 26 7850 20041 13229 5 5 5 21 
21 28 8 29 
26 26 11617 22 13800 26 15803 26 26 11617 26 26 5 5 5 21 
26 11617 26 26 20 20 20 
21 1612 23168 4581 5 5 5 29 9634 18498 20402 31 28 4913 22327 18498 17304 4 15678 3172 18498 15643 20336 7850 2332 7730 31 13945 18498 15643 3391 7850 4857 6103 13945 5 5 5 14616 24 21 
21 21075 26 1631 26 26 21776 26 26 4 26 22 20539 26 5 26 26 1631 26 26 4 26 26 26 26 26 26 5 21 
31 13957 20402 22463 19924 7730 15678 3458 20402 22463 15671 20 
26 22 20539 10907 14316 20 20 20 20 20 20 20 
10907 26 20 20 20 20 15383 
9193 15344 7850 16587 8561 20 
439 18525 12780 3962 8956 1249 0 0 0 
21 21776 3697 6103 20402 3170 4 6103 15299 10473 4 6103 15502 19450 15299 4 6981 3332 12260 4 7509 9620 6103 7804 4 7509 9620 6103 19456 4 7509 9620 6103 4876 4 7509 9620 6103 19478 5 5 5 11284 16135 20 21 
21 11617 26 26 21705 20402 26 26 26 22 19827 20 
26 26 26 26 26 15803 26 20 11561 6 23273 5 28 5 4766 26 0 22615 4586 30 26 10547 29 29 26 28 26 26 21 
5 
21 2371 21596 10765 18498 5150 21 21 15678 16753 18165 21 21 4766 21 21 28 7730 16509 21 21 21 
21 26 4 11617 22 13800 26 21776 10907 20 21 
21 12787 13909 13512 7509 15190 7730 654 22576 4 21371 20 28 28 6103 21 
21928 28 4779 16816 20 
7730 26 23135 16162 29 18772 15658 299 7730 18476 12780 19547 20402 22463 28 20 21596 4672 18498 21282 349 15458 16587 14149 20 
9193 12780 13202 22327 7730 23104 6103 26 20 
21 26 4 26 1631 26 26 11943 28 0 
27 4 11617 22 13800 26 11617 26 22 21298 26 26 4 26 4 26 26 11943 28 26 11943 28 21 
21 4672 18498 31 10765 16098 17438 2371 5 5 5 21 21 15253 4 31 10765 12780 4766 31 3434 0 7772 21 
21 28 5 5 5 5 2136 15678 7952 7509 28 17304 9594 6103 30 4 6103 26 26 5 5 5 9901 31 7157 21 
7850 5 5 5 26 0 16891 22318 26 26 26 26 5 5 5 26 18498 18498 20402 28 5 5 5 5 
21 7730 26 15726 21793 8956 19478 4 7804 4 4932 7730 19456 18498 31 10765 30 7914 21793 31 28 13229 16404 8386 17458 31 4672 8995 4796 8995 5 5 5 21 
20879 17629 6103 22463 13727 1920 17872 15908 20 
21 14780 4 18498 13767 4 26 7850 26 22383 5 5 5 21 21 26 21075 26 6408 14608 18498 20402 7635 5 5 5 5 21 
21 0 14335 19122 22507 10388 4687 4 17438 9721 0 21 
21 28 1614 20 28 4 29 21 
26 26 26 26 26 26 26 26 20 
21596 22463 13131 17504 6103 21596 16784 21793 15678 5323 7509 4122 20 
10940 4766 28 28 
23 5 5 5 
28 26 28 1631 1983 26 26 11555 26 26 
21 27 873 14335 21048 13727 13284 7914 20023 0 0 15215 4 19511 5 5 5 18475 4672 20 21 
7127 6103 17438 31 10142 7914 7127 20 17797 15978 18516 6103 30 31 28 20 27 
21 288 31 29 12790 7850 20201 22133 6 
20402 1889 7850 17406 6103 23572 17438 7558 5758 7730 22463 6281 11091 6 21 21 16784 20 9193 15658 21776 3224 20 16468 15678 4122 20 21 21 
7730 9193 8995 8561 17458 8995 22564 15678 14604 4122 14839 7850 28 5 21 
26 18498 14335 703 20 
2371 23135 2700 15678 18165 7730 7847 23029 20064 5 5 5 26 26 22666 12732 
21 10765 14577 4 5758 12505 5 5 5 5 21 
21 29 20852 4 4346 4 4788 4 4788 7730 4788 15138 20 20 20 
7730 18498 23016 13909 22463 1249 14149 20 21 
21 9808 29 20 
3080 6103 1658 12780 22274 21 
21 16972 4 21596 14604 4122 1889 4 17438 9721 11680 18475 14469 7730 20149 23135 17629 9594 4815 4 14335 14018 22463 14469 16066 26 5 1612 15816 16404 21932 7850 26 7914 871 13727 6103 30 4785 31 9743 20357 5 5 5 6 20539 
11617 26 26 26 26 26 4 26 11680 26 26 26 14335 4 11678 26 26 21776 26 14335 4 26 26 14335 5 21 
21 16393 4672 7509 28 28 6103 28 20 20 20 
28 28 4 18537 4 23135 8995 22240 9925 16673 28 0 18476 9901 6739 4913 26 16343 4796 15678 26 0 
22463 2156 6103 29 18498 13512 20 21 
26 26 13255 26 30 20 
21 18498 9604 5 5 5 8918 6103 13359 21 21 15678 16753 18165 21 21 9010 1249 5 5 5 8 29 
21 21 12876 22 26 26 26 26 6103 28 5 28 26 28 26 6103 28 5 5 5 21 21 21 
11617 26 24 20879 20 
28 28 21596 15286 13909 22223 18498 28 5 5 5 
21 4229 6103 1114 1393 22942 6 
16229 6 21 21 23135 21596 18498 8637 8406 9193 7730 7847 20 21 21 
16229 4 23135 9569 15138 31 6152 4766 8956 28 13512 5 5 5 21 
6103 26 26 20 
26 22 20539 26 26 26 20 
31 2836 20500 26 20 20 
7730 21282 17872 9769 29 7509 14539 12939 18498 20402 15678 1249 12526 5 5 5 5 21776 17629 4788 20 20 20 
23135 14335 7509 31 10674 6103 17737 7730 18533 5426 15678 18481 9193 12780 2685 0 8 29 
472 21793 8956 7821 13229 28 20 
21 20149 15678 17479 7509 20463 18159 19900 15678 20463 15540 5 5 5 7847 19900 13909 7509 20931 22942 7509 18498 23135 7730 20402 3058 6075 31 3512 6103 28 20 9901 31 7157 7850 14604 3962 4 7847 13055 7102 14335 6075 15936 7914 19225 31 18525 17304 20954 16066 15658 5 5 21 
26 26 20 
26 11617 26 26 26 15005 26 26 26 26 26 26 31 26 5 5 5 26 
26 26 26 11943 26 26 5 5 5 26 26 26 11943 26 26 20 
13055 16721 20149 3450 16587 20402 8458 29 17753 29 9291 17872 10488 7509 28 20 0 2371 2371 28 

