21 20670 15678 11474 7730 20463 4901 7831 4766 15678 17230 6 
21 21 15678 21932 16404 8962 22463 9032 6103 22942 13909 5143 4 16468 31 16393 4886 7914 20500 7730 17438 20500 4 4796 22463 18736 16404 23104 5 7730 10996 8918 9193 16836 16015 6 18498 740 15658 19900 16404 18498 8995 20688 5 21 21 
28 28 21 
20670 31 16753 22821 7509 22942 19703 
21 10765 4 19822 14604 4122 5 20149 873 17629 9594 4815 21596 18498 20402 17438 1614 4 26 0 21 
22942 6103 2272 5 
15138 1114 
11462 9193 21932 4766 15678 30 5 5 5 
31 835 7509 16971 5 5 5 27 
2700 17872 8525 13909 13512 7509 7576 20 
16323 31 21793 31 8525 20 
21 5857 7509 23572 5 
22463 15144 7730 20931 9942 6103 22463 29 1249 8995 5459 7914 18376 7850 23572 13679 5 31 15253 3913 23206 3047 4 14847 7509 9942 7730 19635 9193 3192 4 8329 31 14464 12559 8406 21582 20149 20215 7914 871 2504 7730 17689 15678 3388 15658 18620 6103 4067 5 31 15253 11787 9380 6 23 4 14335 753 31 20215 871 4672 1614 5 31 14464 18498 15458 14924 13749 4766 15678 3388 16630 6 8840 2371 20 31 15253 12054 16836 6 2136 18476 23135 12780 21582 17689 8956 3388 0 31 9942 20149 20357 597 4766 31 16836 4 19579 6 22612 4 9193 15658 21596 15678 7277 6103 9901 3086 0 21 
21 11560 6 28 5 28 5 4766 5 3148 26 8429 7847 12780 6103 2824 5 11559 29 
22318 1027 17438 3450 16620 7509 20931 11454 4 17438 22327 15678 18498 23135 20402 7730 17438 21793 31 20931 2304 20 19703 21 
15678 11341 13761 6103 3962 5 5 5 
18494 12787 
14604 11192 13512 
31 15604 15144 7509 9634 20 
21 19900 1612 16292 6103 18498 21793 31 11454 13055 20402 5320 4 9193 15678 12939 4796 23135 31 5320 4 9743 21793 31 7178 0 8443 20 16404 18525 740 15658 22805 4 1937 5 9901 15138 3058 20 21 
21 15678 13600 
8145 7850 23498 6103 20446 5 3450 22463 4766 20463 16137 6103 13600 5 20402 31 17819 22897 18498 20149 9605 5 
3058 7127 5 5 5 
3058 7127 5 
31 20304 20402 7509 29 5 
7730 15678 20304 7509 29 
20402 5 
9193 740 15658 7850 5174 16973 5 5 5 
17324 20402 5 5 5 
6663 31 9193 12170 4 9193 21596 22886 15678 20463 13600 5 5 5 
15678 14604 18606 0 
15678 20463 13600 5 
733 5 5 5 
19310 18498 15643 20402 15138 5 20931 9634 7102 20402 16753 5 5 5 
7850 22821 20402 21282 9193 5 
23 5 15585 21371 18498 15678 20304 22564 15138 4796 7914 13236 5 
20402 18498 9193 21596 18498 9743 9193 18191 4796 5 7730 4796 15658 19900 5695 5 5 5 
8386 5 
31 20304 21371 5 5 5 
14335 4229 6103 23135 5 
23135 21371 16793 31 9193 12170 4 9193 21596 22886 871 19517 6103 4796 7914 20463 13600 5 4241 4 4672 1920 5 5 5 
20402 18498 9193 10959 15138 6103 5695 5 9743 17602 7176 5 9193 4 4796 15005 21282 4 1393 22898 20670 5 5 5 
31 20304 5 5 5 23135 15658 21596 9634 0 
21596 4 9193 15658 1614 5 
7850 8908 20060 5 
4796 20402 18498 23135 19900 0 
22805 22463 8450 7850 20463 13600 5 7509 8908 20060 5 
20402 5 15253 8678 21793 31 20247 5 
7847 20402 17931 0 
12861 20402 12094 20 4796 20402 18498 23135 439 0 
16673 13375 7850 8450 5 288 18498 20402 13375 6103 17931 5 
15678 20304 15658 18876 15138 3928 5 31 13010 16673 20463 13600 5 
17324 20402 5 5 5 
7850 16083 7127 21596 22463 8450 6103 21509 1049 5 
20402 5 
14309 15599 0 
14604 16169 5 15036 5 
20357 15138 5 
7847 13055 8995 2727 22765 5 13761 7850 21063 5 11284 21551 15658 9193 22805 5 
20402 17438 12861 18498 23135 18931 31 10461 0 
4796 20402 18498 23135 19900 0 
6103 22463 7127 16404 15678 16083 4809 31 1421 3930 6103 4430 1049 7850 20463 13600 5 
20402 22821 5 9193 5219 16367 16083 22897 5 
9193 4 11066 31 28 4 15643 10461 5 
9193 19900 5 9193 21596 22886 22463 22958 6103 4927 7850 20463 13600 5 5 5 
21991 5 20402 22463 9692 5 13055 16468 5 
23135 3213 4766 15678 15311 4 4179 0 
12861 23135 21371 6592 7850 13600 0 
17819 15678 3319 6103 10095 4 4766 15678 3943 4 12960 20402 5 6408 4 15138 13351 6103 16296 5 
20402 4 4346 2625 4 9193 13055 16468 5 
9193 11462 740 21596 22463 13351 5 5 5 
20402 18498 9193 8995 4766 22463 17556 6103 5551 5 
733 5 
22805 15138 19635 6103 16192 5849 7850 20463 13600 5 
20402 5 20539 5 2727 5 9193 9901 15138 7914 3962 5 15658 19969 15138 5 19900 4796 20402 5 
15311 0 
15658 5 
9193 11284 22463 28 21596 22463 10279 6103 15144 7850 20463 13600 5 2136 3086 5 
9193 8995 13501 22463 10713 5 4672 1341 5 
23135 15658 18709 31 10279 5 12861 20520 18498 4 7850 10484 4 23135 18533 18498 7847 23151 5 
23135 13055 8995 1164 15678 14604 13600 20 
15658 17511 15398 18498 15678 20463 13600 14335 12578 5 
8302 5 18476 9311 15678 20463 13600 4 6146 18498 10959 6103 5180 5 288 18498 20402 31 17316 5 
15658 20 23135 22805 14604 17313 0 
22805 7730 10959 15138 5 
9193 20402 15138 19854 20 
20149 23135 288 7847 19854 14539 4 21596 18709 5 7847 21282 8995 7521 5 
20149 9193 19900 18498 23135 12780 13359 5 5 5 
21282 15658 9901 4766 7847 17458 4 560 4 8995 19822 5 20149 2727 18498 4 15658 19900 6 15678 13600 7509 16971 740 20402 18016 6281 0 
288 18498 15658 5 13600 20402 7584 18449 5 
23135 21596 18736 5 2092 7509 13600 4 15678 16432 20149 21858 18449 5 15678 18498 20670 7509 9193 22942 17858 20149 12521 4766 31 20670 7509 16083 5 15678 13600 20402 4969 5 20402 31 9193 16440 13909 20699 5 20402 12861 0 
3058 4 2371 23135 13055 8995 12780 10484 6329 7850 13600 5 288 18498 5 5 5 
15908 4 7850 20463 13600 5 5 5 
15678 18606 0 
14335 8254 4 16066 20402 3965 6103 3590 0 
264 5 4913 22463 28 11067 7730 6577 5 
9193 472 3590 5 
6577 4 9193 740 15658 4796 5 18525 19900 31 10765 17304 5 5 5 
12901 13030 0 
20402 5 
15658 18533 6075 21932 5 
21932 15425 5 
12780 21056 31 20931 5695 0 
15299 5 15658 12459 20149 13501 22327 7730 18443 15678 19517 20402 5 
7850 20463 13600 16066 7850 14604 0 
28 28 28 21 
21 7730 16404 9769 15678 4403 4 11462 8995 7850 1623 13909 22463 22897 20 18525 15658 17304 1937 16673 21525 4 17304 340 17438 8956 13543 14539 11560 6 23016 4815 5 28 5 4766 5 3148 1393 23104 31 16440 7509 29 6 29 5 21 
8995 7850 1623 8525 20 20 20 11560 6 23016 4815 5 28 5 4766 5 3148 1393 23104 
16404 18525 15658 22805 8956 21371 
16404 18525 740 15658 22805 6 
21 9760 4 11315 4 7347 7730 21082 15596 5 
31 22942 12526 18498 17304 21596 20402 7730 18498 15658 20402 5 
21908 4 21908 4 21908 5 
14018 4229 15678 15258 6 
7491 22213 7730 22310 5 
22213 7730 22310 5 5 5 22213 7730 22310 5 5 5 22213 7730 22310 5 5 5 
19466 5 
5 5 5 5 5 5 5 5 5 5 5 5 5 5 5 5 5 5 5 5 5 5 5 5 5 5 5 5 5 5 5 5 5 5 5 5 5 5 5 5 5 5 5 5 5 5 5 5 5 5 5 5 5 5 5 5 5 5 5 5 5 5 5 5 5 5 5 5 5 5 5 5 5 5 5 5 5 5 5 5 5 5 5 5 5 5 5 5 5 5 5 5 5 5 5 5 5 5 5 5 5 5 5 5 5 5 5 5 5 5 5 
15678 20304 21596 22463 8625 7850 18284 8933 7730 15678 18284 7277 12270 5 
8443 4 7614 4 15658 20402 17521 21582 15678 17291 0 
15658 5 31 23577 4672 31 9743 20402 21787 22463 21379 1668 5 
28 2515 21 
21 21 21 7730 12780 9594 20670 18475 4672 16404 18498 9193 15658 8317 6103 21389 16721 5 21 21 21 
21 3058 4 16404 18525 740 15658 5174 8956 3643 4 9901 31 7157 5 20402 13909 6103 29 22406 20 21 
28 28 
21 21 21 20402 13761 15894 20402 4 6256 15678 20749 22318 13405 21 21 21 
18164 64 29 
28 26 28 
16753 20853 
21 21 21 3697 6981 9142 14480 5 21 21 21 
12577 20 
18097 18498 20402 31 14425 7509 23489 
12780 0 0 6 
21 21 21 26 22 18740 26 26 26 31 26 26 26 21 21 21 
12780 0 0 
28 28 28 28 
15658 19440 14539 20 19703 
21 13055 9743 22463 21551 4 9193 23135 23029 8956 3621 0 288 15138 13278 5 
21 21 21 26 4 26 4 26 26 21 21 21 
28 28 7730 28 28 
21 14514 4 4524 5 21 
654 20539 20 
1570 14464 0 27 
16440 26 26 20 
21 13055 7102 21596 4854 8956 26 14676 6103 22898 4 9193 21793 22897 18498 22805 288 22463 11066 20 16404 18525 740 15658 22805 5 5 5 3058 4 9901 31 21050 6 21 
2156 28 15658 11560 6 21298 5 4591 11634 29 22615 
21 21 21 654 9193 12780 3702 16404 15678 14788 4 18498 22640 16673 15190 6446 5 17872 8956 20258 13923 17239 4 18498 13055 15344 4766 3790 6103 115 5 21 21 21 
21 21 21 23135 4766 31 20931 15286 8918 15678 17835 4 18498 7850 16654 7509 6473 4 7850 10484 7509 16654 2647 3532 4 7850 16654 7509 6473 21371 2647 22463 5528 21 21 21 
10753 20 
22463 11644 20558 5 22463 26 2727 13278 6 
15424 17629 7491 15299 5 20402 21282 16098 5 5 5 5 27 
21 10765 4 9193 19900 18498 12861 20402 22463 21389 18481 12046 4 9193 20402 18498 873 2371 21596 22463 3058 15678 14642 7914 3962 16066 7850 21932 20670 16404 14335 8060 20205 29 29 0 0 17511 2136 963 20149 15658 4623 15138 3894 5 5 5 21 
873 17304 14335 8060 22463 22222 20207 9789 0 29 29 0 0 
288 18498 22657 19391 27 
21 10765 4 16323 20 9901 15138 3058 14539 5 21 
21 11560 6 23273 5 28 5 4766 26 0 22615 11462 29 29 28 28 28 28 28 28 28 28 28 28 23135 5 15460 9901 17989 6 
21 
21 10959 13909 6981 22861 
21 21 21 15678 8147 6103 7558 9404 4 16066 31 9404 6103 7558 10211 4 17304 7070 31 21162 6103 22463 6281 7 9193 4 19681 4 15658 11284 15041 4 11284 22942 4 17458 31 21162 6103 22463 20402 31 5055 7509 20689 7509 16083 21 21 
26 21 
16404 4809 2727 15678 15266 5 5 5 
20293 31 14539 15577 5 
21 26 26 26 31 26 20 27 
21 21267 4 1937 5 21 
31 12819 20402 22463 23221 5 20244 13909 5 27 6 
20931 13512 20 6 
28 20 20 15138 15708 16673 15533 20 27 
16098 5 
13512 13512 13512 
15678 14604 14425 17737 6 23135 20 
8956 15190 20402 19676 5 
13055 16098 16673 14466 22463 15286 3058 11462 0 
21 4988 4 3472 23135 0 20 21 

