26 20 
21 10765 4 9901 15138 11043 20149 14604 1097 3023 19474 8956 16967 17872 22463 21932 7509 9574 20 
21596 10273 13909 31 10765 18498 8956 0 27 
21 10765 4 8995 3564 4 7730 23135 19900 15678 18498 17107 7850 3564 5 5 5 21 
21 16652 9773 1614 4 4766 15678 3564 17107 21 
14196 7914 16958 
15834 654 14335 4229 28 28 
28 21716 28 
4766 4181 15678 15190 9901 13909 4751 11462 8 29 
26 
21 26 22 20539 10907 4 10859 20 21 
27 
26 14335 28 
21 8995 18381 4 9193 21776 4766 23135 21 
13060 13060 13060 28 
21 20402 13688 14539 4 13688 6103 1114 21 
28 14425 15540 
9193 21596 22463 15855 15138 16004 
20402 22821 
14335 4229 6103 28 
15678 13909 13512 
26 21075 26 26 26 28 
16815 21052 
14335 4229 28 
9193 15658 20402 17931 6103 6070 
6361 24 
19735 19735 19735 22 15658 22 26 26 26 
20670 15678 9833 7730 1103 26 26 
29 29 28 13656 
20409 
21 201 20 20 23575 1571 4 27 5 7730 654 4 28 0 22463 7509 14426 4672 6 17304 8637 20 22463 7509 4672 13909 7188 6 18470 8637 0 14335 753 27 21 
21 15253 4 9193 16468 20 21776 15138 15999 6103 9193 27 15708 6103 5528 17872 7558 22910 18498 8995 4815 7730 1393 18498 16468 7730 4788 13026 20 22463 7509 14924 13909 7994 7509 9193 22942 20402 8720 22463 17930 7491 18498 19900 18498 9193 12780 16468 20 654 20402 23032 20 22575 20 21 
21450 20879 20 
21 20293 13026 4 9193 20369 5 21 
26 20 
21 9980 20402 18772 20 16468 7914 29 7850 22435 4 20402 18498 288 18498 15658 16468 5 21776 15138 9808 20 15708 31 21793 18498 8995 1393 14604 13131 1249 16468 9193 21551 7188 6103 9130 27 8 29 21 
18525 12780 14335 6075 22463 26 6103 28 0 27 
18533 12861 17872 20293 5 
26 26 26 27 26 
8956 20402 15678 15576 12939 
21 15658 20402 6103 4854 4672 7850 28 4 9193 8956 26 20402 15138 18772 20 21282 18525 16468 17438 12861 19900 4796 20402 5 5 5 7730 17872 18525 13055 7565 15678 2836 26 26 19900 21371 18498 20402 22327 16463 6 21 
1248 7509 9193 22942 20 28 10598 
21 26 14335 26 4 26 21776 26 26 5 26 21 
21 18470 31 4245 6103 31 10765 20149 8147 7850 14506 0 27 15424 9901 577 4 19224 5 21 
8956 20402 9193 20474 31 15533 27 
21 10765 4 8956 20402 15678 29 4122 7509 1249 18498 20149 12780 5 8235 4 20244 4122 28 17438 8329 5 9193 4 28 4 28 7730 28 20402 1889 6 21 
22463 7127 6981 5 5 5 26 26 
21 26 26 26 4 26 26 26 5 
7509 14604 10289 17642 5 28 29 21 
14667 1249 7914 22463 7127 26 
22463 1249 2116 5 5 5 
21 9193 4 21282 18498 13909 3086 5 21 
20976 6 20767 6103 11044 7509 23572 4472 7509 28 28 2136 31 4768 28 
26 28 5 
26 26 
26 21726 5 
20875 29 26 
31 17812 13909 10138 20 20 27 
31 16280 
9193 26 7509 28 20 
1095 
26 26 10907 26 5 5 5 
21 23016 4 10765 5 21 
1114 6219 5 
1114 20 
20126 7509 1097 8 29 
26 20 15708 16673 12901 16169 20 28 
20126 20 26 28 
19485 7509 15533 16468 5 5 5 26 28 29 4894 7730 16820 28 28 28 
3610 7509 9801 20 
3058 7127 20 
26 
22942 8995 7188 20 
9193 17629 20 
12780 7599 
14703 6103 54 19549 5 28 
9897 5 5 5 
368 18498 31 4672 23016 7850 11518 4179 
2374 
14604 1097 20402 22385 13520 8 29 
20879 26 20402 28 
26 26 26 11617 31 26 
2154 6103 9897 5 5 5 5 5 5 5 5 5 5 5 5 5 5 5 5 5 5 5 5 5 5 5 5 
9193 9193 5 5 5 
20126 3058 21551 15253 28 
20126 13143 28 26 26 22942 3058 
21 21 21 28 19867 7509 16340 7509 21021 0 21 21 21 
21 15286 7509 7127 5 11560 6 23273 5 28 5 4766 26 0 22615 6103 26 18498 15658 20402 4 28 28 0 28 15481 4 28 28 5 21 
14604 18537 5 8 29 
21438 4766 20126 6981 13512 5 
13656 26 26 26 28 26 
28 13656 26 20402 28 28 
21 26 4 28 5 21 
21 9975 6103 20247 12094 4 4766 16971 12094 4 4766 20497 20311 7730 26 14149 5 22463 15708 17872 18525 4854 12861 4815 20 21 
21 26 22 20539 26 26 26 4 10859 20 21 
13656 28 28 20879 26 26 28 
26 13656 28 26 26 20402 28 
10345 26 20 8 29 
26 26 
28 29 20 
21 21596 10405 7850 2601 1393 8720 5 
1022 20 8 29 
6146 12780 7850 20497 7509 3790 6103 23575 11518 20 23 5 
21 13532 8995 1920 27 28 28 4 28 28 4 28 30 4 28 26 4 28 28 4 28 28 4 28 28 4 28 28 5 5 5 21 
2925 28 20 27 
28 20402 13909 1114 20 
26 28 5 
21 8995 1937 1393 20497 7509 26 26 7730 21282 21596 31 662 20 15708 16673 4842 21371 28 30 4 28 28 4 28 28 28 4 28 28 4 26 9942 20 21 
9634 13512 20 
7850 14856 20402 22327 4982 20 
16468 20 
28 26 
6103 13301 5 
8995 3058 10606 5 5 5 6663 20 27 
20293 16721 12861 5 
18525 8995 7102 22463 28 0 
14604 20214 20 27 
8956 20402 31 15144 7509 9193 22942 20 1027 23135 5 
28 29 28 28 26 26 26 28 28 29 26 26 26 28 26 5 5 5 
3790 7730 2988 20 
27 
8956 20402 9193 8840 31 20207 9169 7509 28 20 22882 20144 28 28 22435 
873 13055 22805 22463 28 0 
873 20149 12578 17438 22463 12333 14336 8406 17872 17230 9872 0 

