21 21 21 26 26 26 26 21726 26 26 26 11943 26 26 26 0 21 21 21 
9193 20357 18498 20402 17872 20293 
14604 19703 20402 22385 9808 5354 
21 1540 15138 13909 18498 21592 4 4766 23135 9193 1540 22666 20 15708 17438 8956 29 1249 28 28 28 21 
8956 20402 6103 22821 20 
21 21 21 22318 15658 20402 16404 9193 20365 22463 16971 12525 11686 31 4125 14667 16083 16971 5 7730 9193 15658 21596 15390 6103 22318 5 7730 22318 15658 21596 15390 6103 9193 5 9193 4 20149 22318 14335 4040 4 15671 21596 15390 22463 7509 16083 5 20402 17872 9193 15678 23577 7850 15190 5 7730 9193 20402 16404 22318 31 23577 7850 15190 5 5 5 21 21 15678 14425 9956 8 29 21 
23 20 1393 12277 7730 991 
9634 
26 5 5 5 1631 5 5 5 28 20 
21 21 21 26 26 11617 26 26 26 11617 22 13800 26 26 26 21776 26 12863 26 16073 26 22 20539 11943 26 26 26 11617 4 11617 997 9783 31 26 16609 21 21 21 
21 3450 7127 9193 9901 13909 22223 5 
15658 4 4672 7509 16847 21596 18498 20402 19450 7850 16847 21 
21 21 21 16219 16404 31 9193 3339 21 21 
17438 18525 31 16255 2647 21 
11669 
13055 17304 20357 20126 0 
8139 
9193 21282 21596 18498 662 8 29 
23575 7127 6981 22886 14149 20 20 20 
4766 8003 16066 20244 8003 0 
15678 14604 14425 1095 1612 18498 14335 238 7730 19456 2136 31 9193 23423 20244 3219 20 15708 17438 22327 20293 20 20 20 
10548 
1114 2136 7914 6717 
21 11462 20402 7127 6103 9789 4 16494 7730 11124 21 
5762 4766 28 5 4766 26 
21 21 21 15678 5523 18498 6256 15678 344 7509 13194 16404 9130 7730 20825 4766 15678 10530 12094 7730 11437 18498 15678 8840 5 5 5 20402 4346 17458 18533 8995 13761 4 20244 6256 6103 18533 8995 1614 5 5 5 6246 7850 3590 4 16721 7850 1341 9172 13194 4 9193 18570 6103 7419 4 16721 7850 16971 1027 4 7850 18498 7847 8995 9743 20244 23135 4 9193 19703 18498 23135 15658 19698 4 9193 16902 18498 23135 15658 8995 13761 16404 753 5 5 5 9193 20402 18498 31 10765 1540 0 31 9901 7542 20244 4687 4 31 20357 15678 4292 7509 4796 4766 15678 15860 4 31 22020 1429 22731 7850 9193 3962 5 5 5 20402 18498 22463 7127 19900 4 560 4 20149 8995 7850 13727 4179 0 21 21 21 
21 15708 17438 8995 20293 1393 14604 13131 4 23135 14335 9743 13909 10259 21 
18533 23135 7509 14604 13131 21793 15678 28 
31 14425 
4672 13909 13512 7509 22942 3960 28 7730 18740 
14265 31 20126 7509 15576 10652 28 
9193 21596 20855 6103 21596 31 14425 7509 15190 20 20 20 9808 7127 7509 15253 
288 22463 15108 13512 7850 14600 
14604 1115 
31 13909 18328 22821 5 
9193 14335 8832 7850 14425 
15138 15708 17438 20402 18525 20402 7730 308 6103 22327 17438 5876 22385 2727 7509 9193 14464 20 22318 1027 20 20 20 
14604 14464 18498 9193 1027 21389 
14604 7558 18533 9743 28 
1114 7509 22942 
24 
21 21 21 31 23577 22834 20402 6256 31 22942 16468 21 21 21 
1612 20126 6103 22318 22805 21793 15678 28 
21 21 21 26 11617 26 22 21298 26 26 26 11617 26 22 21298 26 26 10907 4 7850 26 26 26 1631 4 7850 26 26 26 1631 11617 22 30 26 26 21 21 21 
31 15144 7509 9193 22942 
21 21 21 20149 12861 20402 4672 6103 15144 4 9193 18533 20402 15144 21371 21 21 21 
15678 17737 18498 31 28 14335 6075 
8956 15286 
15678 23575 22278 
21021 20 20 20 
21 21 21 15678 10530 6103 22463 5758 22657 21793 15678 19939 21 21 21 
9634 
21 21 21 26 22 20539 26 20496 21776 26 26 1983 26 23 4 11617 22 13800 26 26 26 26 26 26 26 26 21 21 21 
21 21 21 7730 9193 6256 23135 12780 7730 15678 22800 3058 14335 13405 4 22318 8147 21 21 21 
21 21 21 26 11617 26 11617 22 13800 26 26 21 21 21 
2700 6103 1114 
15253 
8 29 
21 21 21 12787 4 20402 12277 21 21 21 
13909 22463 1249 15604 1393 13131 6318 
20749 
2700 
15253 
15138 9193 
21 21 21 9193 21752 873 18498 9193 13055 15658 5219 23104 20244 21 21 21 
21 21282 4289 13640 28 4 17438 9721 5 21 
21 21 21 26 1631 26 26 21 21 21 
20126 5 
20126 7509 10943 
12277 
21 21 21 7850 26 26 26 10907 26 26 11678 26 7585 22 21298 4 26 26 11678 26 26 4 26 22 30 26 26 26 26 26 26 26 4 26 7585 22 21298 26 21 21 21 
26 
14309 
20402 15138 1114 8 29 
16475 7850 16421 4766 31 9634 
21 21 21 11617 22 13800 26 26 26 26 26 22 21298 26 4 26 12863 26 22 21298 26 21 21 21 
1820 
918 4766 31 9193 14464 
21 15658 20402 15678 3031 6103 15671 7509 15253 4 9193 7847 13325 20 16323 17872 9193 21 
21 21 21 26 26 26 26 26 11617 26 4 26 22 20539 26 11617 26 7509 21 21 21 
29 1249 6103 1114 
21 20149 20402 1920 4 9193 21596 22834 7509 3170 17916 7730 16717 4 1453 5 21 
8995 2371 5 
20126 6103 21793 15190 13026 
7730 13761 20149 20402 22463 16395 28 
12910 14149 
31 5758 7509 9193 22942 
21 21 21 17629 6103 23135 17872 14335 9743 9808 21 21 21 
21282 13359 5 
21 21 21 26 26 26 11617 28 26 26 11943 26 26 26 9971 6103 20247 26 26 26 4 26 26 22 20539 26 26 26 26 0 26 14335 26 26 5 5 5 7585 22 21298 26 26 0 21 21 21 
21282 14335 22126 20352 3058 20 9901 15138 9808 7914 9743 16440 7384 
9193 7730 15678 1114 7509 9193 22942 4788 15678 29 1249 
21 21 21 26 26 26 26 1983 14335 4 11617 22 30 26 26 26 26 1983 26 4 26 26 12863 11617 26 26 14335 11617 26 11617 7585 22 21298 26 26 26 21776 21 21 21 
31 4273 7509 28 13691 14335 6472 7730 1614 8995 20 20244 14125 7730 6103 22499 740 5 5 5 15658 12780 6472 15502 17458 20402 13278 26 
12787 
21 21 21 26 22 30 26 26 26 26 21 21 21 
21 16323 17872 23135 4 1114 20 20 20 23135 14514 22327 6103 14425 4 20402 31 16971 4766 15678 13905 5528 18498 9193 13055 5174 7730 21596 21389 20855 6103 21596 17438 16936 20 20 20 8840 17304 4788 15138 1247 20463 4766 3031 26 7730 22760 11905 20 21282 31 10765 19900 21 
17458 9901 7914 18376 15658 19761 
21582 9743 22463 8350 10282 4766 31 11731 27 
17774 31 9193 14464 7850 29 9446 10981 20 7847 18498 9743 6075 22463 23570 11555 18498 15678 11613 472 20 20 20 28 26 1983 28 
21 21 21 8995 23104 4 10765 20 21 21 21 
21 21 21 26 26 26 26 26 26 26 26 26 4 26 11617 26 26 26 26 26 26 26 26 4 7189 26 26 4 26 22 20539 26 26 26 22 30 26 4 7189 26 26 4 26 26 22 20539 26 26 21 21 21 
21 21 21 18476 16936 6103 23135 31 18191 5152 20149 745 2727 21 21 21 
21 29 16971 264 9193 9645 4 4796 23135 15658 5174 8956 6717 14149 0 0 0 0 21 
28 28 28 28 26 
21 21 21 15658 20402 22463 22834 16404 22463 16587 6728 18910 7509 28 18476 21371 21596 17877 7914 20463 16587 0 21 21 11284 21 
14464 21267 15311 1355 
4554 6103 5505 26 1983 28 26 26 26 
9193 14464 26 1983 28 26 26 26 
29 22898 28 
21 21 21 7730 8956 1393 6103 20402 4 11284 6103 3702 15324 3718 21 21 21 
21 14750 3058 4 15286 14425 740 8 29 21 
21 21 21 26 22 21298 26 26 14335 26 20 21 21 21 
8350 10282 4766 31 19891 28 
18497 15860 31 16440 6103 11462 
22385 11020 7730 22385 3086 20 
11036 5 
21 21 21 26 26 26 26 26 4 11617 26 26 26 26 26 21 21 21 
10959 17556 

