21 2136 18476 12861 12780 5360 0 4796 17304 16468 7914 21793 15678 12971 4 15253 4346 16673 16780 7509 9943 4 18876 14469 6103 6917 18498 12780 15036 7730 31 16971 5360 12960 21793 15678 23560 7914 4434 6103 866 1920 0 
15658 19900 15678 18498 16721 4 21282 18784 8840 18498 31 11571 22463 7127 14426 6 22 
9980 11462 21596 8 29 
21 14425 12960 6103 11792 7730 15127 16673 26 10628 26 4 13909 18498 14514 6 29 
21 26 29 4 20244 7728 22463 7509 23206 11454 14155 7730 1920 4796 31 6329 4 12255 4 7847 349 21793 15678 28 
7730 11462 9193 17736 866 16393 6 4289 31 12643 16836 15678 21 21 17458 7847 8995 13979 15678 14464 0 21 21 5 8995 18344 31 3047 6318 7730 9594 16192 11679 4 1393 14335 22805 4 5590 4 15678 16083 14464 14335 15855 4346 4 7491 22463 15708 7730 19969 5590 4 15658 6075 21551 6103 16836 15678 18498 11284 4 16066 1393 14466 21582 753 13909 5 15658 19900 15678 15540 6318 4 16066 20149 7847 20402 9942 6103 873 18498 5174 4 23135 18498 21596 9943 4 5459 4766 7847 4 20402 20463 14426 1097 4 20402 873 7914 18525 7847 17511 5108 308 6103 22327 7730 8995 20293 1393 13131 6318 4 15678 15190 20402 5842 7730 4796 20149 13055 15658 2626 12861 740 20738 6389 6103 20931 18191 3962 0 
15138 17304 9594 4 21 21 20402 4672 6103 5758 21 21 4 21355 20402 4 9193 21371 21355 15658 4 7730 15502 19900 13909 18498 9193 4796 4179 16971 17304 9743 866 18498 23135 12780 3913 16404 15678 19509 7509 22942 31 7594 6103 21596 16098 7730 23104 4179 4672 5 7730 9193 662 16673 15253 14149 18498 21596 7730 16971 18498 17511 5320 4 9193 1393 22805 15678 15860 6072 14464 9193 14335 16836 20149 7914 3962 7847 21596 15678 14539 1506 5 20402 15138 22223 19900 18498 12861 349 7850 15190 5 21 
21 21 21 26 1631 26 5 26 26 4 26 21 21 21 
6 
21 26 22 20539 26 26 20402 26 
26 31 26 31 11617 26 26 
26 22 30 26 26 26 
13585 26 26 26 
26 26 28 26 26 
26 26 26 4 26 26 26 
26 26 28 26 26 26 
26 26 4 26 26 21 
7 
21 30 21525 4 14425 3643 26 5 5 5 14335 16836 17458 15658 1937 12861 1276 6 6103 21 
21 29 14763 21776 26 26 26 
29 14763 21776 26 26 26 
29 14763 15803 26 4 29 13433 
29 14763 21776 26 6146 21 
12960 5459 20402 6 22615 
21 7 
26 31 26 26 
26 26 26 26 26 
26 26 26 15924 26 
26 26 26 21776 26 26 26 21 
21 20293 14335 288 22463 16971 4766 20855 31 14425 9634 7509 15190 4 21267 4 20293 14335 1502 7914 21793 15678 14924 4 14539 18476 9193 15658 6075 15678 14604 14425 6103 23151 4 20293 3735 6103 794 15678 18498 6679 4 9743 15678 18498 20293 10959 4 7730 22327 8995 12780 15138 2727 18476 7850 22821 9193 14487 8995 1453 2727 11708 5 5 5 
20149 580 7730 15036 7914 9193 18191 9388 4 1920 15678 14604 28 20402 20149 16468 7730 9193 20244 15585 8995 7914 22463 3610 20244 23151 4 2136 18498 8443 14335 18069 1393 5431 4 8147 22463 15604 20357 17872 22327 4 21793 22463 15604 22942 20149 12345 4 20826 7730 9193 10268 6103 23167 15643 16393 20402 22385 10259 5 9193 654 4 22327 8995 20149 12780 4 7730 22327 21282 16393 8995 30 5 5 5 6 2 
15678 18498 9193 16784 4 15502 12894 17304 19348 4 15658 11862 15678 18498 7491 4 15678 18481 21582 4 15678 18481 9193 15963 4 16630 21389 31 28 16404 14335 15061 31 13759 13909 22463 22897 4 17438 13909 18498 9193 7491 31 9193 14539 18498 22327 12780 9901 2727 4 9193 21282 22805 31 3450 7127 18498 22327 21282 8995 17107 7730 9193 13055 15658 19900 18470 3610 20202 5 
7730 17438 13909 21 21 9808 21 21 18498 9193 1453 16393 8995 21793 15678 28 20402 15678 18498 31 13907 16721 4 20402 18705 15678 28 18498 9193 15658 14335 8431 17438 12459 7730 4346 6103 20126 16673 28 18498 9193 17304 20357 18498 9193 18784 8995 23104 5 20402 18705 15678 28 18498 16721 7850 4672 18498 10959 21596 9594 7730 7850 17517 18498 17304 21596 16673 10366 1276 6103 22327 12861 21596 201 6981 12939 5 22463 16440 6103 9193 16836 21 21 15834 4 23135 740 8995 2371 0 9193 8840 15138 18498 20539 4 17438 9721 20 21 21 
5360 20852 4 15658 6820 4 23104 4 23135 740 20402 12979 21596 15138 4672 16673 10366 20402 15678 18498 21793 1453 9605 4 9193 15502 12894 8386 4796 20402 20149 20357 20244 15299 7730 20402 22463 15299 4 17438 13909 18498 16393 18498 20149 21596 22327 4 1506 4 16971 18498 22318 1027 4 12537 4 10530 4 3870 4 20127 5 5 5 20402 12861 4 17438 13909 18498 9431 4 21282 15658 9387 13909 31 23167 5 5 5 
15658 8995 20402 16970 16066 18498 31 5459 16393 20402 15138 15400 4 20402 1453 22463 17406 18498 9193 14335 22805 7730 15658 430 15678 18498 7491 16066 9193 17908 9193 15658 288 4 1453 15658 288 5 5 5 20149 23135 21596 22463 15081 22463 18736 16673 14465 18498 20402 4 15658 6256 7847 20149 12780 15643 4 15658 9387 15299 17106 7509 18498 31 15041 6103 20463 20826 4 6103 20463 18020 4 6103 23135 14539 20 15658 6256 18498 20149 16878 20357 4796 9193 8995 5 5 5 
31 21793 18498 20293 8995 4815 7730 14335 753 4 15708 4 9193 9193 8995 14335 20357 2727 3697 4 7730 21282 18533 18498 22327 201 5 21596 15678 14426 14924 6103 9193 22942 4 7730 12861 14335 9743 14335 20357 18498 22327 22657 31 16689 4 7730 15708 8815 31 23135 18498 12780 19900 18498 9193 7102 9193 22942 7730 15678 16953 13909 9808 6281 1393 23135 4 7730 12894 19969 6103 21680 13131 4 15643 4 15658 11862 15678 18481 21582 16066 9605 17872 9743 12861 5 662 7509 10484 6103 14604 5528 17438 22327 18498 9193 13055 21596 4 21355 9193 21596 866 4 22327 8995 15138 12002 7730 8713 4 9387 4672 18498 15678 21551 15658 17304 5929 4 9193 7847 22126 31 19484 5 5 5 23575 8838 18498 19509 21 
21 5 5 5 
26 26 26 0 11617 22 13800 26 26 
26 22 30 26 26 
26 22 20539 26 26 26 
22 4060 26 15803 26 26 
26 26 26 
26 26 26 21776 26 
26 22 30 26 26 21075 26 
26 26 26 26 
26 26 26 26 26 
26 26 26 26 26 16073 21 
21 5 5 5 
31 3348 12006 17438 4672 10567 7102 20402 14539 13909 5451 16404 15678 15860 7509 16083 6 2 21 
21 21 21 22327 2727 21 21 21 
26 5 5 5 
21 6400 7509 19484 9193 7850 7491 20149 12780 16066 15658 
26 5 26 21 
6 2 
21 5 5 5 
11678 12863 22 20539 26 18772 
26 26 22 21298 26 12863 11943 26 26 
26 26 22 21298 26 12863 26 26 26 
26 11617 26 22 21298 26 12863 
26 11678 12863 22 20539 26 
26 26 26 12863 26 26 26 
26 11943 26 26 
26 26 22 20539 26 11617 26 21776 26 4 26 
5 5 5 21 
21 12960 16066 8285 0 
6152 4 6152 5 5 5 21 
12780 7914 3348 7509 17541 6103 16067 21282 18498 15658 
21 26 22 20539 14335 11943 26 26 
26 22 20539 14335 11943 26 20889 26 
26 26 26 
26 21776 26 26 26 26 
26 11617 7585 22 21298 26 11678 11617 26 7509 12863 
15833 7850 4 11617 22 30 28 26 26 
11617 26 22 21298 28 26 
11617 26 26 11617 26 26 26 
11617 26 26 11617 26 26 26 
11617 26 11617 26 11617 26 26 26 
26 26 26 26 31 26 
26 5 5 5 26 5 5 5 26 5 5 5 26 
26 26 26 31 26 4 26 31 26 
26 31 26 4 26 21 
9980 26 5 26 
21 11518 7509 26 
9594 6 21 
3790 6103 20828 6 29 
23 0 
9790 17438 28 28 
30 
28 28 
21 28 11462 17736 22463 14668 
6 21 
21 28 3702 26 21726 28 
21 
21 23 4 654 31 17022 6103 21 21 26 19745 2136 7914 22463 3536 21 21 201 6103 23029 22821 22 15678 22 21 
26 5 26 
21 14447 4 13923 17511 22805 20463 15106 5 5 5 5 
21 15658 26 4 12861 20402 21267 0 
20582 288 18498 20402 15481 4 15424 13359 15678 22406 4 7730 991 7509 16393 18498 20402 6717 4766 13766 30 
23274 5 23274 21 
21 29 19150 6103 28 28 1276 6103 23135 15344 4 20463 16169 15658 20402 22385 5856 4796 654 5 7847 21282 9901 1920 17438 16162 31 20931 5320 4 13253 20931 19830 7730 16098 23135 7491 18498 7847 20402 19676 5 8443 1276 6103 20007 15678 17230 16404 31 18195 10796 18533 5231 15678 8564 7509 10796 7509 20463 16169 4 21582 13501 20463 18191 18487 20 21 
21 13949 16292 1614 26 4 13923 17511 22805 20463 15106 5 5 5 21 
22657 31 16689 5097 5 5 5 
21 18799 31 6075 15678 17819 28 21282 4 20402 7188 4 9193 9193 5219 4 7730 21355 21596 18498 19335 12861 7445 22898 5 
22942 21 
27 
21 9808 7127 7509 17930 1393 21793 1612 18498 8995 7360 31 16006 20463 18312 1393 5179 5 5 5 
28 28 6103 28 
28 28 28 28 
28 28 
28 28 
28 28 
28 28 
28 28 28 
28 28 
8235 4 7730 31 21793 15678 6329 18498 15658 8995 7850 14604 28 4 9193 18498 20149 6184 31 8956 11861 17939 5 
6 6103 21 
21 7730 17872 21793 13727 18498 9193 15855 21282 22805 6717 4 18498 9193 15424 19900 18470 20402 15678 16822 6103 15502 30 21 21 
6 15678 21 
21 17438 18498 20402 13909 10544 4289 1614 7730 19969 9594 6159 6103 1114 4 12164 7730 5856 16404 18475 22463 16066 18475 4672 5 
15678 18498 23135 288 18498 22657 13909 20149 11462 20402 20463 23575 7127 4 6256 22463 26 17872 18498 21793 15190 13359 7730 26 7914 5947 4 16066 20149 8147 4766 22463 1095 4 20931 9634 4 16066 31 16971 18498 23135 1027 5 
1453 7491 1393 20463 14378 6103 9594 16973 21 21 6061 21 21 5 
20149 18533 9594 14309 4 7901 4 7491 15678 18481 21 21 22318 1027 21 21 4 23316 4 18498 20402 22327 7850 3790 7730 16973 5 21 
21 21793 21596 7446 17877 5 
20149 23135 16721 1276 6103 9594 4672 13909 7188 16404 22 871 22 20402 11578 4 19900 6075 22665 1393 16971 11862 4 17304 20402 21596 4181 6103 22463 4672 6 21 21 23135 15658 21596 18498 3913 15678 17877 21282 21 21 4 654 17745 15138 2727 21793 1612 18498 22318 753 4 17324 4178 16083 16971 11686 15658 12780 9387 5 
17438 12861 662 7914 21596 15678 1097 18498 8995 4815 11462 4 7730 7847 17304 21596 4181 18498 17304 5320 4815 7850 18498 17629 6 13 21 
21 15138 14335 13010 17438 9193 20402 11663 7914 155 15256 6103 15138 4672 4 17438 4672 18498 7847 7491 20402 21 21 23104 21 21 4 17324 2727 4 9193 5360 31 7491 4 17658 20244 22463 15036 7730 21596 21021 7850 10530 9193 14604 15699 4 7730 15502 17438 13909 18498 21582 12780 15128 12861 5 6408 6103 21793 14604 8744 4766 21 21 9132 21 21 4 7509 21 21 22942 21 21 18498 9193 155 15256 4 12780 22805 7850 9971 18525 12780 18784 21596 22463 22942 16404 20149 21 21 23104 21 21 5 5 5 
28 28 21 
13042 7509 7127 29 29 
21 18533 1453 18498 9193 22942 8147 31 16580 4 4796 22463 4417 1021 20829 4624 16673 15481 6103 14049 5 5 5 21 
21 12861 12780 20402 31 19814 7509 2154 4809 1022 5 5 
27 21 
21 3348 20402 9808 4 9193 31 7594 7509 16780 20293 20402 13905 4 7730 7847 23016 16404 9193 18069 18498 15658 16468 6103 14532 20402 11578 5 21 
21 20149 9743 871 4672 3058 7914 21793 31 9193 22942 4 6281 14335 1788 7509 10484 7509 5528 5 28 28 21 
21 1393 970 7509 22429 3633 29 6 8995 2282 31 18471 6103 20446 17769 16673 22429 7914 4846 31 20931 9408 18498 8840 21596 20670 22463 12476 6103 8361 21121 5 17872 12861 8995 7359 22463 18551 16404 2284 7850 13543 6 
15741 6 20402 15392 8995 13634 7914 21235 5320 6103 7584 7509 6099 5 21 
7914 3206 21596 13909 19415 20699 7509 18498 15678 18191 22588 5 5 5 
20497 14335 26 26 4766 28 28 5 4809 654 7850 30 5 
21 10548 5 5 5 1394 22318 20149 8644 5 5 5 30 21 21 21 
21 10548 5 5 5 1394 22318 20149 8644 5 5 5 30 21 21 21 
21 1393 12755 6103 18910 6103 16630 6103 1488 4 17872 18525 15658 19900 4 15678 28 7349 31 15955 6103 2958 15678 1488 4 13640 21048 31 18525 15658 18533 18876 13909 20767 21810 31 7102 14370 6103 17615 5 21 
21 2725 12380 21932 4766 14577 1920 5 5 5 
27 21 
15678 8995 18498 22318 20149 8147 20402 22463 8832 19089 21793 31 2367 16468 5 
26 1182 12 13 26 6578 12 13 27 
26 31 26 26 5 5 5 26 12863 22 20539 14703 5 5 5 26 11678 26 10907 5 5 5 11617 26 10907 26 26 5 5 5 26 11678 26 26 5 5 5 11617 26 26 26 26 29 
26 31 26 26 
26 26 5 5 5 27 
4945 20402 15138 13909 10544 6103 20402 4915 7509 18498 31 16971 5 5 5 
29 6 29 23135 6075 29 6103 6056 7914 22463 22135 5 5 5 
21 20402 18498 22463 7127 17304 22805 31 13759 7509 11522 3219 9171 0 0 16066 20402 1453 22463 11723 4 8840 18498 15658 20402 5 5 5 21 
21 15658 6256 18498 20463 5528 20149 538 4 17324 4289 22463 7127 7914 18498 31 7419 20402 21389 18498 15658 12780 13909 8147 15678 3610 5 21 
26 5 5 5 
26 

