27 
28 30 7730 28 28 15481 5582 
23 
3962 7509 15253 
3962 7509 15253 5 5 5 
21 6075 22463 15855 15510 3364 28 4 7681 3148 20 5 5 5 21 
21 14604 6717 9726 4 288 18498 20293 20402 5 5 5 21 
1095 28 28 13325 6103 23135 20 27 
27 
10960 6103 12319 
28 28 
28 28 27 
31 5891 15643 20402 7509 23231 20 
4796 20293 7491 5 5 5 7847 8386 15678 18498 9743 20 
3058 7127 16404 23135 18498 352 7850 20474 9789 20 12780 4809 31 9359 15678 17233 16404 7447 
0 0 0 0 0 0 0 0 0 0 0 0 
15036 4766 21389 10151 20 
31 28 21282 20402 794 17438 1612 18498 17520 16135 7730 16917 20 
10765 5 5 5 5 15138 9193 5 5 5 23 
26 5 5 5 
6014 6103 654 5 5 5 5 20244 9965 
31 3119 7509 21480 20402 18498 14335 112 7914 21551 18772 4766 7734 7730 14469 7850 28 5 1276 20402 31 3450 29 11518 5 5 5 27 
4664 303 19703 
3058 7127 17872 23135 18498 8995 4766 17667 6103 19969 7509 3590 7850 20472 27 
15036 4766 21389 10151 5 5 5 5 
21083 18930 20 23570 13591 20 
21 6452 6 
21253 20402 5904 28 18476 7491 6 21 21 16553 18498 15344 21894 4 15643 20149 8189 21 21 
23 21 
28 28 28 28 28 
28 28 27 
28 28 28 
9193 3790 20 20 20 27 
23 20 
23 
21 7730 22540 20 20 20 20 20 3058 15533 16972 20 
19318 17438 9721 20 20 20 20 
23016 2092 7509 14604 28 9743 22463 16630 16404 15678 14604 1097 18498 15005 7914 28 16066 7914 4417 18195 5 5 5 
15678 16169 6103 22463 11020 1095 9193 4 9743 22463 4477 6305 7850 18195 20207 9789 5 
17629 6103 7511 6103 20044 21743 31 17504 5 
18525 17304 4 12780 31 20060 3962 6103 28 16404 7512 5 5 5 15678 15540 7509 16126 20402 
28 28 6103 28 5 
662 9171 18525 17304 7512 20 
1027 15138 8956 9634 20 20402 16440 6318 20 
2702 21 
22805 19722 5 5 5 18498 21340 7127 29 0 
23 20 
472 15678 19729 27 
23 31 13441 8 29 20 
238 6103 17737 27 7 
15138 9193 20 
7 
17737 7509 9193 969 
7509 22463 15855 28 5 5 5 20149 2727 18498 8956 9867 21596 20293 26 0 
27 5 5 5 18494 12861 20 
21 21 21 31 22942 20402 15138 5947 16404 23104 7914 1220 5 1920 4 1027 31 16971 18498 22318 22092 2727 7730 7393 6072 18498 15658 15678 9743 5 20244 1789 5 21 
21 18930 15678 9956 21 21 31 6052 7613 21 21 6 21 
8930 15678 5574 7850 20749 5 5 5 5 23 17667 1027 14604 2818 
20402 5758 20402 4894 
9193 3790 5 5 5 5 
15678 6014 6103 654 5 5 5 
9193 20402 
8995 9808 7509 22942 288 18498 1022 20402 20472 5 3510 7850 18772 31 17556 14764 27 
23151 1393 21551 6103 8632 5 23100 15678 5662 8633 4796 20149 20402 969 7686 15678 30 5 26 7509 4697 6103 21932 18498 15658 21596 28 5 5 5 2702 16404 15678 13315 20 
21 13325 4 560 4 18498 31 22942 9193 19567 4766 10747 17438 22327 15678 18498 9743 6103 3058 5 5 5 5 21 
8995 4328 20 
654 20539 5 14550 20 20 20 20 

