28 26 
15678 18498 7491 6103 29 0 
21739 28 7850 3076 
15678 21551 16468 9193 18339 12910 
28 28 28 28 28 28 28 6103 28 
29 1249 13055 5 5 5 3794 
15138 13278 20 
21 26 4 14604 17819 29 20402 15678 23575 7509 10999 5 27 
17805 31 969 31 4 12296 18498 31 20931 15585 7730 16066 10387 7850 7297 26 29 26 20295 22356 6 29 20402 12025 7914 29 29 29 5 
10387 6 29 5 29 
15585 7509 29 2284 6 29 5 29 
2007 4 
1506 28 26 21 
28 28 6103 28 28 28 28 28 28 
28 28 28 
21 28 
31 13340 6103 22463 14823 21 
21 733 30 5 5 5 
1612 14924 7914 18498 1628 12780 1421 19325 7850 20931 4672 20 21 
21468 15242 
21 2384 21 21 16404 5 5 13978 21 
21 28 28 28 28 28 28 28 
14975 21 
19239 20 
21 29 29 5 5 5 7491 29 29 5 5 5 
23 0 21 
21 1738 5 5 5 
23 21 
8995 22782 8956 11181 5 
21 7914 951 19448 5 5 15658 20402 6103 
14550 28 28 26 21 
21 12862 20402 22463 26 20 
15704 6103 28 26 5 
14550 7850 28 30 5 5 15138 15708 21 
30 
26 14565 
30 
21 1247 18651 
9808 1247 18651 21 
20 20 20 1247 20 20 20 
21189 
21 13063 26 
3510 28 28 28 28 28 23104 28 28 30 28 21 
21 28 
3510 28 28 28 
28 28 30 28 28 28 23104 21 
26 22 20539 19735 26 
19698 16066 15658 19698 5 5 5 5 5 
21 201 5 5 5 5 5 5 5 5 5 5 5 5 5 5 
16673 14466 15678 20262 21 
26 11943 31 23449 20 
277 7850 26 5 5 5 5 23135 13055 16721 15510 0 
16200 20670 12963 7914 30 4766 28 28 24 
10418 11943 20023 
30 
30 
13892 20 
20500 28 22575 7850 19972 20402 28 20 20 20 20 20 
7599 0 0 0 
28 
9808 1247 5 5 5 20 20 20 15678 17737 23016 6408 6103 23 5 5 29 15266 7730 14336 5 5 5 20 
21 31 2154 7509 28 8995 20311 15658 20402 28 28 
28 28 28 
28 28 6103 28 
28 28 
28 28 
28 28 
28 28 
28 26 21 
21 13640 6103 14049 5 5 5 5 18525 9193 8147 5 5 20 20 20 
8995 13026 20293 24 21 
21 2136 2377 
28 28 6103 28 28 28 28 28 28 28 28 28 28 28 28 3364 28 21 
28 26 
21 31 2154 7509 28 8995 7509 11518 23 28 20 20 20 20 20825 4766 28 5 5 5 5 5 5 5 
28 28 28 28 28 28 28 28 26 28 6103 28 21 
31 2154 8995 3058 23 28 20 20 20 
918 7850 17068 30 
26 14388 1662 5 9 28 26 30 
28 26 26 30 26 5 5 5 26 
21 21 21 7847 8995 10943 9193 15658 20402 6103 4796 21 21 20 20 20 20 20 
5 5 5 5 5 12335 20402 23135 28 28 20 20 20 20 20 21 
17737 7509 28 28 28 16404 9368 15678 18195 21935 20 15708 28 20 
6408 6103 10648 6103 9193 7730 7509 28 28 7850 3919 31 28 28 9901 15138 9808 
29 30 6103 3195 
26 
26 26 
26 26 
14337 20 20 
8980 16065 
26 
28 
15671 28 
17133 27 
21 15678 20825 7509 28 28 28 20 20 20 20 
28 28 23104 28 28 28 28 28 21 
21 7730 630 20149 14265 17872 21787 4766 31 15256 20 
28 28 28 4 28 28 4 26 28 4 28 28 28 28 21 
28 20 20 20 20 20 20 
15678 20642 
28 28 6103 28 
21 15678 22765 7850 17165 5 5 5 5 
28 28 19795 21 
21 31 5758 7850 17165 5 5 5 5 
28 28 21 
28 28 28 28 28 28 28 28 
10474 7509 15266 20 
28 28 23104 7730 28 28 28 12780 9743 26 7850 20031 7509 28 20 18525 21596 15678 12331 0 
16784 28 28 20 20 20 20 20 20 20 
7525 6103 28 16971 18498 15678 18537 28 22126 5 5 5 5 
21 4331 6103 4785 6103 1249 7509 17653 5 
16784 28 28 7730 28 23104 21 
22463 13749 3365 5 5 5 5 
28 28 28 28 6103 28 28 28 28 28 28 23104 
21 28 28 28 28 6103 28 28 28 28 28 28 28 28 28 26 28 28 
17951 26 26 5 5 5 7730 630 4346 4766 26 21 
28 21743 18476 23135 8995 19784 7730 15678 19870 21787 5 5 20 20 
21438 10541 1614 7850 14604 26 1341 5 5 5 15855 30 9193 288 5 5 26 
21083 11474 5 20 
21 9808 28 5 5 5 26 28 22 20539 26 20 20 20 
21 15678 17737 6103 28 20402 22564 5 5 5 5 
28 19795 28 28 21 
17737 6103 28 7509 23179 20 28 19795 28 28 
26 5 0 20 
21 28 28 28 28 6103 28 28 28 28 28 28 28 28 28 23104 28 28 
28 18772 26 5 20 23 
28 28 23104 28 28 28 28 28 28 
13512 30 
21 28 28 28 1937 21793 26 20 20 15138 3058 20 20 
17461 7509 22144 18498 18506 7850 9009 28 5 5 5 20207 22144 7509 28 18498 9193 16647 18498 18506 11462 5 5 5 5 
9707 
21743 9193 18476 16753 5 20 
21 18525 14335 6075 31 19972 7509 22575 20402 1920 5 5 5 5 5 5 
28 28 28 28 28 28 6103 28 28 28 28 28 28 28 26 28 28 21 
28 28 28 28 6103 28 28 28 28 28 28 26 26 28 28 20191 28 28 28 28 28 
26 28 6103 28 28 7730 28 28 28 7957 17872 2635 
11471 
21739 19795 7730 28 
9808 1247 28 
9707 20 
15658 20402 28 28 30 20 20 20 
13060 13060 13060 20 20 21282 22463 16971 18498 13055 20402 22386 7914 1386 4585 7730 11462 20402 17949 14076 20 20 30 30 27 
30 
21 26 28 28 28 4 28 28 28 4 28 30 21 
21 28 28 
26 26 26 14335 21 
11943 26 
15855 31 19535 4766 18525 9193 21596 18498 21969 5 5 5 24 
21 15678 10259 8386 5 5 5 
4766 28 4 28 4 28 21 
26 10568 
9808 7127 7509 16169 
28 30 
21 1097 5 5 5 5 20 20 20 20 
27 27 21 
21 1097 5 5 5 5 20 20 20 20 
27 27 21 
28 23104 
26 28 28 
2725 5645 
26 28 28 28 20149 6256 6103 4913 8956 
21 16404 15678 14085 3421 
28 28 4 28 26 4 28 28 6103 28 4 28 28 4 28 28 4 28 28 28 4 28 28 4 28 28 4 28 28 21 
20293 
31 3790 6103 9801 7509 14464 5 5 5 5 
5 5 5 5 
26 
11179 26 7509 9157 
7850 11054 7509 7696 4766 31 9193 26 5 5 5 5 5 5 
23 20 20 20 31 26 7509 26 20 20 20 20 
28 28 28 28 28 28 
21810 5876 23 28 5 5 20 
22575 30 
21 26 26 26 4 26 26 28 4 26 26 13085 20 21 
26 28 28 28 5 5 9743 8956 30 26 20 
15451 26 20 20 
21 28 28 23104 
28 28 28 
28 28 
28 28 
15922 15922 5 5 5 8956 16393 12577 5 
12780 21932 28 28 23104 
28 19900 
21 11560 6 11729 5 31 11702 7509 14565 5 4766 29 29 28 5 28 
30 12780 7850 20497 18443 15678 6193 1614 20 20 2 21 
30 26 26 20 
21 11560 6 23273 5 26 5 4766 5 3148 26 26 20402 28 
28 28 23104 21 
28 28 23104 11560 6 23273 5 26 5 4766 5 3148 26 26 20402 28 
19914 20402 14425 
15833 26 5 5 20 
5 5 5 5 
30 
20311 20 
21 26 28 28 28 
628 20 21 
26 
28 28 28 
18498 3086 15678 3787 7509 28 28 23104 
5 5 5 5 5 30 18494 18281 
3472 15678 26 7509 17654 5 5 5 5 28 28 23104 7730 28 28 28 
21 5 5 5 9743 28 4 15678 14539 18498 5 5 14109 28 16404 13305 28 5 5 5 5 21 

