21 31 20126 18498 11462 20357 18476 8995 13667 6103 23135 20402 10433 6103 22463 20352 8322 18498 9193 15643 12780 8918 4 22318 1027 13512 28 21 
8995 21596 17872 7576 26 
21 15834 13512 4 6663 16673 2087 5 11462 20402 20463 1247 22463 7127 15138 11861 17872 9193 4 20402 15678 7127 18498 31 14425 16971 18498 5174 4766 31 14426 3802 7730 18471 23016 1393 15190 4 9193 13909 18498 21793 22318 6679 21793 31 9801 7509 15190 4 20127 9867 4 18498 21793 20463 20826 20149 18779 4 7730 7384 9193 15658 21596 7693 871 18498 12780 20149 18779 14539 17458 23135 20402 21916 3735 6103 5219 22327 15678 18498 18533 4 20402 13512 8847 12534 4 7730 31 14425 15311 7730 16971 18498 17304 11731 8147 4 11462 20402 20463 7127 4 20463 1247 13909 9193 26 21596 18498 662 31 28 17438 21596 4730 22463 16971 22385 14149 7850 9193 22942 5 1027 15138 23135 7730 22318 452 7509 12939 18498 23135 20402 5 9193 20293 8995 1614 17872 22318 6679 22327 6103 14425 7730 9743 15678 18498 20402 17629 17872 21752 13909 22463 20853 13512 6981 20463 19801 5 9808 1247 4672 13512 4 22318 1027 21 
9634 19589 
21 28 4 3432 21 
21 13909 22463 9971 6103 20247 4766 31 14425 4842 4 9193 13512 4 21 
21 16200 4 7139 6103 4945 7730 20214 7509 28 4 8632 18449 28 28 5 21 
22318 1027 17831 5 
28 
9634 
16440 20060 5846 
21 9193 17831 4 9193 14425 8637 5 21 
9971 7509 11076 
6075 28 
21 15658 17629 6103 21793 15678 15083 16404 20852 4 1453 6103 23135 5 22318 1027 17831 5 21 
8995 21596 17872 11462 
21 8956 7127 29 29 29 20402 17872 20402 13909 22463 7127 4951 4 13909 6408 18498 5174 31 14425 10672 6103 21793 4 31 13909 13512 4 20566 4 3872 4 7730 7589 6103 22463 20853 12351 18498 14335 8095 4 8956 7127 16468 31 20402 22463 7509 28 13909 11861 7850 9193 22942 7730 21596 4181 18498 7847 12780 5360 20402 4 23135 20402 31 14425 8637 18498 9193 13055 9743 4 7730 20149 9193 17304 8637 15603 4 9193 8637 23135 14604 1248 5 22318 1027 15138 17831 21 
6103 19768 4766 31 10696 
21282 10765 3058 
28 
19943 18498 17080 
13512 
9867 7509 3572 28 5 
8995 13688 12787 
26 1249 18498 23016 21596 13909 5 5 5 5 5 5 5 
21 18498 3450 14924 17511 20293 20402 1575 7509 14425 14031 17521 5 15658 17629 6103 21793 15678 15083 7509 15190 16404 20852 4 17629 1453 6103 23135 5 22318 1027 1248 26 21 
16440 26 11466 26 
28 15678 19768 20 8995 21596 28 
4785 2513 5 
21 21282 23016 9864 4 4766 23135 13512 5 21 
23 21252 23016 6103 11154 5 5 5 5 
22327 4766 23135 9901 14425 5 19746 14681 7730 28 19671 5 22318 1027 
7730 16440 29 20293 4766 23135 14604 1248 5 22318 8 29 
23 20402 1920 0 
21 16323 14604 1248 4 13909 22463 9169 5013 4 7730 9193 21596 15678 17869 6103 16429 6281 4 22318 6679 22327 6103 23570 7730 14425 4 9193 19900 18498 15678 10530 22318 8840 4766 11020 21189 7730 4672 3058 4 560 23135 14514 5 22942 15671 21596 22463 21282 7730 3391 31 15671 8637 31 16971 4179 16404 18498 20853 7730 9801 20293 9743 16440 6281 5 9193 22318 8637 9193 2934 4 7730 15658 21596 7728 871 7509 9193 8637 5 22318 8 29 21 
23 21189 3058 5 
18498 21220 20 20 20 20 20 29 5 29 22318 1027 13512 
7730 20402 13909 22463 9971 6103 20247 5 5 5 5 7850 20060 5846 
21 28 4 30 4 16421 21481 28 21 
28 28 28 
28 
7576 19307 28 
9867 9645 
23 2461 5 5 5 5 5 
4372 28 5 5 5 5 
21 18476 20149 21596 31 10672 4179 1393 20463 13131 4 22327 9901 14425 4 15678 15270 7055 16468 31 20402 14155 7730 22463 20558 20853 6355 15678 14426 20352 17521 5 19900 18476 23135 18533 18498 15678 21551 16404 7730 18498 3450 20207 20402 1575 7509 14425 14031 17521 0 8443 4 20402 1920 18476 8995 4766 23135 20 20 20 20 21 
20060 5846 7850 2513 5 28 
28 9942 6103 22463 15253 12936 
3439 20 20 20 20 20 20 20 
21 28 4 15604 16375 6103 22915 5 5 5 21 
2154 11258 5 
21 28 4 20060 28 7509 16577 17576 5 21 
16440 28 17576 5 
28 
22673 16150 10217 7509 30 
8995 4179 5687 5 5 5 5 
7730 4289 23463 7850 2513 
13512 20244 21743 22318 10959 
21 23 2136 18498 7914 9971 23135 23151 4 3629 11020 20402 22385 13667 1920 0 27 14265 20126 21 
23151 31 2154 5 5 5 5 
7730 15678 5505 0 15678 5505 740 8995 15658 15256 5 5 5 5 5 
23 15503 5 5 5 5 5 5 
5 5 
21 7576 4 3889 4 10606 7914 3962 21 
654 12780 5 5 5 5 
12505 5 5 5 5 5 5 
15658 12780 4766 20931 3790 5 2136 18498 10959 22463 17556 5 
12780 28 
21 19307 5 15423 4 1097 5 5 5 18533 13909 15756 0 21 
12787 
12787 
16375 20402 16375 7730 9942 7509 18339 20402 9942 7509 18339 
28 5 5 5 
21 21 21 11462 15678 16553 12780 21840 21 21 28 28 28 4 20060 28 4 17576 5 21 
21 3006 7850 19762 4 18665 5 21 
30 
8995 4179 5 5 5 5 5 
28 7730 28 7850 2513 17576 
16404 12876 
21 5942 6103 2949 4 28 17576 5 21 
5942 6103 2949 
7730 16440 6075 5942 7914 28 5 5 5 
3472 28 0 
22327 2487 5 5 5 5 5 27 
7576 5 17446 7850 2414 5 5 5 
21 8995 9790 5 600 4 3829 4 22846 7730 14877 5 5 5 5 5 5 5 21 
20060 5846 7850 2513 5 
8995 10544 5 5 5 5 5 5 5 27 
23 20060 5846 5 5 5 
26 
21 28 7850 26 4 7730 3472 28 0 21 
16440 18722 
21252 
21252 
26 28 0 
28 
23 20126 5 5 5 5 5 27 
15260 29 
21 3265 4 19890 7730 20636 5 22318 1027 16169 5 21 
26 16345 22327 28 5 
4372 7850 20210 5 19307 5 23423 7509 14265 
12780 17872 15894 654 28 0 
16440 16142 5 5 5 5 
4372 20500 
19307 5 14335 15311 
27 20402 13923 12787 28 28 
21252 7850 26 5 5 
28 
16440 19768 5 5 5 5 
23 11702 20788 5 7279 6103 20060 5846 7509 19698 16386 5 27 
9193 7693 5 5 5 5 
10606 19307 5 13062 5 7730 18498 23016 28 29 
12780 9673 27 
23 11702 20788 23 9901 13909 22463 17556 5 5 5 5 
23 16378 7509 28 
23 16378 7509 28 
19307 5 13062 
19307 5 13062 
654 15658 21596 8561 5 23016 30 9193 28 
23 18486 
19307 5 23423 7509 14265 
23 20634 5 5 5 5 
16323 2840 

