20497 20 20 20 20 
18328 21480 20 
28 30 8815 16404 23135 
21 15678 18498 20402 20825 23029 18774 5 7730 18476 20149 20825 13026 15678 8094 15658 20402 184 4 18476 7558 5528 17640 9980 20149 8147 31 15242 349 5 5 5 
28 28 4 31 23135 7730 1393 28 4 18498 15678 9975 6990 11454 20402 6 7730 20402 9808 16404 20293 20 21 
3960 28 7730 18651 6 9801 1393 15535 20 
21 20559 8092 20 20 20 
28 17068 22805 15678 23222 18498 17525 7509 28 28 7730 14335 8095 21 
21 28 30 28 4 28 30 21 
21 21 21 26 26 26 26 21726 15803 26 26 21 21 21 
21 18476 31 20781 20149 21858 13905 7509 18498 15678 1114 4 16393 18498 15678 5528 2647 7509 13131 6103 20402 7509 16654 5 21 
9971 6103 20247 
13512 20 13512 20 13512 20 
21 11688 6103 11205 20520 6075 11686 23047 4 17304 7730 16431 6103 11474 7730 15144 7914 21793 31 8733 7509 22942 17858 7730 16066 18449 11165 6103 2176 2284 7509 11688 6103 11205 7850 8057 4 29 5 21 
20402 21793 28 
9867 6103 29 1249 7509 28 
7850 1247 7509 28 
28 28 14335 14694 
21 14464 22463 20799 8810 16404 15678 9971 6103 15533 28 28 
28 17068 21 
21 7839 15678 3031 14149 18498 31 1095 28 28 9743 4766 22823 13865 16404 15678 1247 7509 14604 1114 4 9193 21083 18930 5 
3086 4 4265 7730 22463 19907 6103 6256 20126 4 21282 21596 22463 6198 6 11875 4796 1453 22463 16620 20 21 
14924 26 7914 9634 
21 21793 31 9193 5107 8995 7914 28 4 18498 7847 14335 6103 19898 16404 15128 31 4672 18498 9193 17511 15128 4 16135 16404 238 31 4672 18498 9193 15658 17511 15128 7730 7294 16404 7399 5 
18498 15678 13923 20149 538 6072 18498 1027 7730 18498 31 14487 15658 8406 7914 9193 3962 4 17324 21282 11284 22463 22821 7730 7847 8995 7914 28 5 21 
21 1393 16782 31 5695 4 7850 3962 4 9193 5 
6070 5 5 5 21 
20472 28 20 
20293 20 
28 28 7730 28 28 15855 21282 5 5 5 
7730 15678 17716 13055 4809 
21 9808 20 9808 20 9808 20 
15658 9620 15299 4 16066 14425 4 21282 9620 14539 20402 662 5 
15708 31 21793 18498 9743 6990 6086 22463 7127 18784 8810 5 16404 1612 18498 8995 2727 16936 7730 21371 16404 1612 18498 6103 22463 14031 16066 6103 16083 19418 22463 21551 16404 14335 6679 9801 5 15138 4 15138 4 15138 15708 4 22925 17504 4 20293 20 20 20 21 
21 23 6324 20 20 20 918 9790 4766 1114 5 
8995 9193 21282 9743 15678 1815 4 9193 7847 5 5 5 21 
21 16323 1097 2135 4 11462 20402 15576 7127 6 21 
26 21662 26 26 26 6 11560 6 21298 5 4591 15118 
21 9980 21252 4 1027 15138 20 20 21 
20472 18533 6679 13909 23135 7509 18498 4331 5 
12780 28 20 20 20 20 
21 7730 4796 7491 31 15286 6 
5 5 5 1027 15658 20402 21596 18498 21596 
20293 4181 
20402 238 18498 15502 
20402 16816 17872 15502 
20402 17304 20402 23135 14539 
7730 15658 17629 9996 
20402 21582 8918 
7730 15658 5219 10447 4 10447 5 5 5 21 
7914 3058 4842 5 
7914 28 15678 14539 6103 20293 5 5 5 
24 13148 13043 11462 5 5 5 
9808 28 
14924 6103 19094 5 5 5 
21 9193 4854 4 13640 9387 20 22657 31 16689 1937 11560 6 21298 5 4591 26 29 21 
15855 31 20472 2371 10765 20 18498 14145 20 20 20 
9971 6103 20247 4289 
4289 13640 9971 6103 20247 20 1271 1393 9524 23 
21 7127 13512 4 13512 4 13512 20 8443 7957 1575 2136 9901 9317 6103 15604 21 
21 21 21 6073 31 4436 1249 23135 8995 2727 18195 6103 20402 31 14539 16971 18498 20402 11462 4 9335 17438 7558 4672 6 15678 13598 18498 13359 7730 31 16971 6103 18525 20149 1585 5 21 21 
28 28 
16721 7850 10530 21 
21 10606 22463 23570 9975 6103 20247 4 15138 7447 16404 18870 31 2647 4 9193 20149 20402 2685 15658 7286 5 22463 21220 6075 15502 6679 4 15425 9634 14514 5 21 
21 21 21 18745 21 21 4 22657 31 16689 1937 5 21 
14425 11875 
21 12442 4 15678 7127 14514 20 6 21 
9808 20 9808 20 9808 20 20 20 20 
21 19662 16404 18498 31 16971 20357 7850 15270 1114 18191 4 31 22942 7509 6329 20420 4 4178 4 15138 13909 10544 5 21 
16404 18610 26 6103 24 15658 23135 11617 31 20 20 20 20 
21 15138 4902 12861 4 20786 4 2429 4 654 20539 20 23151 20 20 20 20 21 
21 5 5 5 9193 21282 18533 18498 23135 19900 
18498 8995 16721 7914 23135 
9193 22318 18533 13591 21371 
4796 15678 21551 12780 7730 15678 22797 23016 
7730 18498 9193 22318 18533 13591 21371 
4796 15678 21551 12780 7730 15678 22797 23016 5 5 5 21 
21 21 21 22463 7127 10405 4 22463 3058 13727 16404 13359 22463 13591 5 5 5 21 21 21 
21 13055 2647 20126 5 5 5 13727 13512 4 16971 13284 4 4554 9324 4 16580 21911 5 7839 15678 13131 3058 7509 22942 20 20 20 21 
17438 2371 5 5 5 
21 11203 15678 20525 7509 22856 6 
15678 21275 6103 11203 12145 31 12387 4 31 5936 4 31 12071 5 20525 18498 20546 31 7655 5 17819 20525 7509 7863 1623 4 19363 31 12537 4 31 4962 4 31 5085 14485 4 15678 15102 7730 15678 19205 4766 15678 14336 4474 5 31 19168 6103 28 20546 31 3348 7509 8388 14480 7730 15678 6679 6103 13441 6103 9462 7730 15102 5 21 
21 16971 20402 18516 23104 4 468 20244 13494 4 23014 7914 3962 4 7850 8632 7850 19856 5 5 5 15678 15190 17629 6103 1114 20 
18498 31 15242 7509 15190 20149 155 16404 21793 5 
22463 17617 17438 22463 15190 14425 6 
21 21083 6103 2727 4766 31 2462 4 21252 21596 9517 4766 4181 4 560 9193 14514 5 5 5 24 21 
472 16971 18498 1027 31 22942 20 
14924 6103 20414 
21 20149 22463 13055 20402 4894 4 7558 8443 5 5 5 21 
21 23 16972 6 28 28 4 28 28 4 28 28 5 20357 20126 6103 23135 20 12780 14156 866 5 
2702 21 
21 20254 15678 2727 4 4713 15678 2727 20 20 20 21 
15286 20293 20 
21 16095 7914 15928 6103 17226 6103 20127 4 654 8995 19158 6 
21 11462 7127 7509 2135 4 16318 21793 15678 4697 6103 17939 5 21 
28 19668 20402 26 5 
9542 20402 18610 11617 31 20539 20 
9808 20 20 20 20 
14265 31 23167 5 
21 1247 7509 15253 4 21582 4289 16404 15678 12901 9193 8995 7188 4 22307 12260 5 5 5 21 
21 12960 7850 20743 4 5947 31 9975 7509 30 4 10300 31 13749 4 9193 16404 8406 7850 4554 7509 9971 6103 3058 14031 21 
7730 15678 20828 21075 6103 22897 5 5 5 
22307 3058 11560 6 21298 5 4591 23239 29 29 4766 29 26 22564 28 26 
21 19804 19854 654 7914 28 6 29 4 29 4 29 4 29 4 29 4 29 11211 4 11560 6 21298 5 4591 29 30 22307 28 4766 29 26 22564 28 26 21 
21 19804 19854 654 7914 20402 28 6 29 4 29 4 29 4 29 4 29 4 29 11211 4 11560 6 21298 5 4591 26 29 29 22307 20879 4766 29 26 22564 28 26 21 
21 22307 30 5 8632 17364 4 30 5 31 2277 5 17923 5 28 28 11560 6 21298 5 4591 30 30 22307 20879 4766 29 26 22564 28 26 21 
13194 7623 13194 20 20 
17438 2371 
201 6103 18263 22463 10273 9456 28 26 11560 6 21298 5 4591 29 29 23274 
28 26 28 11560 6 21298 5 4591 30 
16753 20577 1421 15678 21551 12526 5 8995 6103 15855 9193 18498 21179 16404 9193 5 
21 155 31 28 31 8768 17908 12446 7730 16404 9193 15678 18498 13359 9743 21793 15678 20357 9952 29 6 30 31 29 5 
21 21 20402 11020 31 9193 835 7850 20304 4 17458 9980 22805 10089 6103 15604 15678 12578 6103 23135 17438 9193 5 7850 22821 4 23135 13055 21596 8956 12578 1276 4 9193 9620 15941 16404 6359 5 15658 7491 12861 17438 8995 16468 15390 4 17324 1540 31 1752 7914 18475 20644 5 1540 31 23104 7850 15390 7730 1540 31 23104 7850 189 7 8995 362 31 21793 7730 18475 20644 6 23104 19931 7730 16468 10183 4 21596 189 7730 16468 15390 5 22327 17511 15324 18498 14335 10252 5 8423 4 23135 9743 2727 4 21810 16440 7850 9193 573 5 21 21 
28 662 15678 2275 18498 15678 9952 7850 8458 2092 6103 8487 5 7847 20149 827 4 15658 21389 16673 2275 14273 18876 4 9193 16673 550 7730 5742 8871 18498 31 4964 6355 2092 7509 15816 21 
22444 15678 21551 8995 23570 16404 19997 6103 16364 5 28 28 12780 0 8995 14539 17629 9397 15678 20924 5 
5876 6103 9193 
26 26 20 20 20 
15278 19057 2058 5 
22463 11729 18498 22657 13909 6103 29 16192 5 6075 15678 26 20 20 20 
15658 19440 5 5 5 21596 18498 4854 5 5 5 15138 3058 5 5 5 
16404 4788 15678 7127 7509 16151 6103 28 6 26 1393 14856 30 5 5 5 23 5 5 5 
9978 15678 9833 
1027 15138 20 
21 13909 9808 7509 18498 15643 4 23104 18784 7914 22463 16373 1971 20 20 21282 21596 14539 20402 18498 662 31 28 5 
4766 28 18475 11474 10334 7850 11518 4179 21596 15678 17304 6103 22463 10839 5 16169 1920 4796 31 9193 4 18044 4 11710 7730 15855 17438 21793 9010 16971 18498 3227 14604 1247 4766 9803 7730 14469 6103 3870 5 21 
16373 1971 5 5 5 472 20 20 20 
21 28 19668 13909 22463 28 7509 26 20 733 4 7847 20402 22463 10138 20 20 20 21 
19969 17667 5 5 5 
21 21 21 7957 21 21 22020 9010 17667 7914 15284 5 5 5 204 20402 21 
22463 16192 19525 22327 6 9801 20 20 20 20 
21 7127 8810 4 11462 31 16971 13909 7623 7509 15190 9743 1247 6 9193 15253 20 20 20 
15678 12901 20402 14149 20 20 20 21 
21 23 28 28 7730 28 1628 4 17032 6103 17244 4 7730 15678 15576 19997 0 21 
21 15678 9971 6103 20247 20402 14309 18611 22805 7850 26 5 5 5 
2647 18864 5 
28 4 15708 17438 22327 20 20 20 20 21 
8147 7509 22356 29 
4908 6103 28 
23135 9605 15138 5 5 5 
1614 7914 28 31 17654 8995 14018 22805 9193 10159 
21 9317 5 5 5 3610 4 13761 12780 9193 20 21 
18162 7509 23063 29 
21 1190 14336 15580 4 21389 16971 18498 18533 19611 4 21389 2702 7730 136 18498 18533 6075 5 
20402 11886 4796 9387 16971 18498 16468 17438 9193 22942 7730 6256 6331 20463 8806 7914 15576 5528 5 5 5 21 
21 7127 13669 5 5 5 15036 4 12780 16404 3962 4 14514 6564 5 5 5 21 
15678 9971 6103 20247 20402 20559 20311 20 
21 7730 2371 22356 7509 20301 4 18482 20126 6072 21551 5 5 5 15678 18498 1190 9743 0 28 28 4 28 28 28 4 28 28 28 4 30 28 4 28 28 28 4 28 28 4 28 28 4 28 28 15481 4 28 28 4 28 26 28 4 28 7509 28 28 21 
17629 6736 6103 22463 7623 20 
21 28 26 7850 30 4 20311 20 20 20 21 
21 7850 9193 13652 17658 6 21 21 28 18315 21 21 28 23007 4 29 21 
5876 6103 9193 
21 703 15678 12760 7509 20497 4 8235 31 28 5219 4289 21 
21 5 5 5 
9193 20357 7850 21680 2700 
14604 17605 352 
21596 10159 7730 6679 
15658 4 15658 18533 13909 16367 5 5 5 
5 5 5 21 
654 20539 15678 14604 7127 17304 4809 
21 8840 16673 14425 7127 7509 20247 4 18498 3058 4 18498 3058 4 18498 3058 20 21 
28 28 7509 15894 21752 12861 5765 0 
21 9980 4 13194 7623 13194 20 21 
13297 26 20 
23 18498 4380 10259 5 5 5 
21 26 4 16858 7850 5695 4 8995 12442 6 14245 4766 14915 3039 4 16275 4 21038 6103 14673 7730 8573 4 22463 6310 21026 6103 18390 4766 15002 7730 702 6103 4641 4 6103 20673 740 9743 16578 5 7730 13055 18498 8995 8041 9743 2136 15678 3031 7509 3488 7509 14049 5 
5 5 5 
23 7114 5 5 5 21 
9808 20 9808 20 9808 20 
13324 5 5 5 
28 20 20 20 
21 9630 4 12780 7114 22327 5 5 5 21 
21 24 22307 22805 5 5 5 15658 12780 6075 21551 4 18498 22223 5 5 5 21 
21 21 21 20402 4796 23135 14335 22805 5 17511 20402 13405 4796 22463 3232 16066 10259 4796 22463 22796 4 6400 6103 18476 7730 4796 23135 14335 22805 16468 5 21 21 28 28 21 
1271 5 5 5 9620 29 28 20 20 20 13055 7850 5311 19154 20 20 20 
21 15658 21596 21551 17872 13909 15299 4 20402 9808 14335 5298 15138 5 28 28 21 
22327 15678 18498 6679 8995 15138 13909 16936 7509 18498 8840 5 5 5 
21 6147 4 16404 20149 21187 20 20 20 21 

