28 29 
26 
4110 31 19387 7509 22516 26 22636 
21 15678 17446 8995 2727 4 9193 4 20402 15138 13909 10544 23135 23029 22463 5856 6103 28 4 7509 18498 23135 9743 866 5 21 
26 4355 5 5 28 
28 15005 15677 29 7753 30 28 28 28 5 7504 
12780 20149 10131 28 20 13055 21776 4766 20126 6917 7509 28 15658 12780 28 
28 16445 
21 31 16971 20402 5371 8057 18498 9743 21662 7914 1233 4 9193 4 4796 13086 28 7730 28 4 7730 15424 19900 7509 11454 5 5 21 
14604 13520 28 28 
28 28 
9971 7509 20262 10548 
6 22 
13136 26 5 28 28 28 
19768 7509 14703 2478 29 26 21681 3960 23 
23032 
9808 1247 28 20 
14604 16375 7730 12787 26 
28 28 
28 28 29 15678 14425 20497 7509 15533 
23104 28 20 28 29 28 
28 28 26 15424 21438 16936 
28 30 28 28 29 26 
26 26 26 28 29 
21 9193 19900 18498 23135 20402 14336 17883 4 9193 4 14539 1920 4 31 5243 20402 11020 17438 23135 5 26 21 
28 26 
21282 1540 11300 10606 
5501 28 
20126 7166 26 
26 11477 31 18525 827 14604 28 5 9620 31 28 
26 28 26 26 5 28 29 1249 15671 7850 21528 19969 21894 2758 6320 30 28 28 
21 6035 4 9193 22304 5 21 
12862 20402 28 0 
20402 1229 20 26 28 
21 11462 4 15678 4179 20402 15678 8561 4 3086 20402 20402 2524 4 21947 4 14174 5 20402 21752 15894 7730 22685 7509 16083 5 22280 20402 18525 21932 4 18525 20402 11509 4 18525 17520 22666 7730 17838 5 15658 4 3894 7730 3790 6 15671 15658 20402 15678 16587 13909 3341 7730 1893 7509 15190 17438 228 5 21 
22463 10175 17872 7166 
22137 7850 1662 28 
26 26 26 
7730 2371 0 12780 4346 0 
17583 7509 3815 26 26 
9634 28 29 28 654 12780 
26 26 26 20238 
21298 5 16404 5 13800 
4788 31 6408 6103 21793 9975 6103 20262 26 
21 3058 22805 18498 21793 5741 4 9193 5360 2981 26 21 
26 20 21282 31 16882 6103 10326 26 
21 20402 12861 2371 4 3170 15344 17872 20149 10131 20 21 
17872 18214 7850 28 
28 
7730 2371 0 
26 
1612 16378 6103 20293 26 30 28 
6408 6103 18494 29 11518 7850 9934 28 29 26 30 28 28 26 7730 28 
26 26 6 
31 5891 20402 7509 28 22 20539 28 26 
21 23 4 9193 18498 16689 5 7847 21282 12780 18876 29 14676 6103 18772 17458 22 12960 22 6329 5 21 
20126 12787 28 
20402 3170 4766 15138 15995 4766 15138 1114 15658 22318 7509 15678 7277 6103 22648 15678 11402 7509 16083 16587 5 5 
7804 15585 29 
288 18498 9193 21438 7850 4554 6103 21752 22463 20238 15908 5 28 29 29 20402 21793 3367 
22657 9594 
21 27 4 26 26 21 
6 22 
8995 4356 20 24 
16323 1393 15619 2930 7730 2926 18498 16468 7850 22575 
21 9193 17461 26 7165 4 13055 15658 2631 31 15286 7509 28 16251 0 21 
23575 7127 5 
16323 30 
10101 23151 1393 20463 7102 13727 
21 20149 10131 8956 21726 3873 4 2748 16673 4089 5 21 
21 22615 9542 29 16468 7850 21525 4 2371 13055 2647 31 22225 6 22 21 
21 18339 18498 16404 4 15658 368 18498 15678 28 28 15036 21 
21 8956 26 26 20402 8696 4 18339 18498 16404 21 
21 9620 29 15266 16404 15678 28 20 15658 20402 4050 4 7730 7850 22821 15424 4110 15678 28 4 9193 4 22463 4672 18498 15678 28 14335 13325 20402 6103 21596 10547 4 23523 6103 368 4 368 18498 15138 4672 17304 15128 4 7730 8840 17438 4672 14426 5 13055 18533 6679 15138 4672 17872 28 4 9620 29 28 5 9193 21282 8840 18498 15678 1249 201 2727 4 18498 9193 15658 16784 13909 15502 7730 18498 2136 15678 28 4 9193 15658 18876 15425 15599 18498 14335 9743 9098 31 16882 5 8840 4 18498 21793 9692 19854 16468 13640 4 7730 18498 4796 9193 1095 7491 4 18476 15138 4672 19854 349 4 866 6103 3058 9010 17872 23016 5 8840 4 18498 21793 14604 1097 18498 8995 7914 16083 8995 16066 16587 4 8995 9808 15894 8995 7730 18498 14604 1097 18498 8995 13909 18195 4 8995 15138 13909 9808 5 8840 4 18498 31 16971 18498 16440 4 8995 6564 7914 16580 5 9193 21371 662 1393 14604 16169 7730 1097 17438 368 7914 9193 7730 14335 1502 2136 8406 7850 22516 5 662 14604 1097 7509 22516 4 17438 20402 3058 7730 15619 1097 4 17438 14335 753 7850 18069 7730 7850 4687 5 7850 9975 7509 5320 4 8840 18498 6073 11284 29 15266 4 7850 9975 20149 5025 7730 8995 18028 16404 15678 14425 5 7730 18498 7850 9975 4 22327 12861 18498 14335 349 4 14335 9743 368 18498 349 17438 349 7730 18498 21596 22327 22463 4869 5 
21 21 14425 6256 19761 
15299 4796 22463 7127 1603 15678 16083 4 5360 23104 
21596 18498 14335 13398 6103 15604 4 7730 368 
28 14426 23016 21 21 21 
3058 18069 31 21793 18498 17769 10535 1022 20 18498 31 10268 8995 4766 23135 5 
21 12780 17872 28 4 15678 22135 18498 13909 8011 7850 15190 21 
21282 18533 18498 8956 1249 201 13640 5 
21 15005 15458 28 5 5 5 15658 7509 13909 4 21282 20149 7509 2727 4 18525 20402 2524 14539 5 26 21 
21 23 5 31 5 31 5 31 5 31 5 31 5 31 5 23 5 31 5 31 5 31 5 23 5 23 5 23 5 23 5 23 5 23 5 23 5 23 5 23 5 23 5 23 5 33 5 23 5 23 5 23 5 23 5 31 5 31 5 23 5 23 5 23 5 23 5 23 5 23 5 23 5 23 5 23 5 23 5 23 5 33 5 23 4 201 13640 8956 11076 6 21 
21 22765 4 20402 15138 19854 7914 5982 5 21 
3697 13055 
13055 21776 3697 6103 20402 15678 23050 29 5 29 5 29 6981 26 6 
21 16440 15036 4 23454 5 5 15424 30 21 
21 30 4 8956 28 11771 15678 28 21 
21 28 8576 28 4 26 22507 26 5 5 27 21 
21 23 17461 4 9193 21282 352 7730 16367 1614 21 
21 23 4 654 9193 17511 6564 6 21 
21 7558 21935 5013 4 9620 29 5 21 
21 7730 2371 10606 4061 7509 28 5 13055 13398 15678 3310 7730 20402 6075 31 3790 31 21394 7850 14058 4 16066 21282 9901 16162 6103 14999 8435 15678 28 4766 23222 7509 16971 9743 18055 0 21 
4289 
21 20402 21267 10606 4 16404 6103 21810 31 7594 7509 14054 7730 12780 13761 21371 4 2371 20539 23135 17304 4060 7850 28 5 7850 3058 4 7850 16580 4 17438 1614 4 23135 19900 18498 15658 15128 15299 21 
21 9193 288 18498 31 10765 21596 18498 1575 31 4672 3058 7509 22942 4 16367 6103 9594 7509 3494 7509 16083 4 31 10765 21371 9743 22463 14512 5 23135 15658 20402 14466 18498 873 4 7730 15502 20402 14425 18498 15502 5 21596 18498 16367 6103 16721 21 21 7730 20149 6075 8561 0 21 21 9193 5 5 5 21 21 7730 20149 6075 4179 0 21 21 5 22463 16971 3058 2082 4672 3058 5 21 
21 288 18498 6408 6981 4 12780 4809 31 9130 21 
29 7509 21932 4886 20 9620 17556 20 
29 7509 21932 5013 5 23 20 
25 
21 23 17461 4 8995 22327 15190 20402 19822 15458 17461 0 740 2727 18498 21282 14335 19822 7914 29 6 21 
23 17461 20 27 
21 17304 23444 31 23167 4 740 2727 18498 10648 1249 16468 5 27 4 17106 18498 31 2492 13405 6103 29 15658 20402 4 15424 4796 15678 28 4 10924 15256 6103 855 27 21 
21 17461 4 18498 13004 13135 20 21 

21 21 21 22463 16971 18498 5219 3219 7850 20809 4 5219 20402 9808 7914 18475 13727 4 7914 18475 4475 5 21 21 15708 17438 22327 20 21 
18498 17461 6103 3616 14475 20402 8956 7509 20402 28 0 26 
10268 20 
21 15138 28 4 9193 17556 5179 5 21 
8840 15138 10268 20931 20 
27 
18533 22463 7157 0 15658 4913 26 29 
15834 
21 27 4 18498 12861 28 4 29 10916 7914 29 9193 5 0 21 
29 7509 21932 5013 5 16673 1114 6103 28 6 
21 4122 18506 4 3906 18506 5 5 18498 9692 5 21 
15678 18498 13405 22463 16971 31 22564 2963 6103 14444 0 
12780 8361 31 9743 18270 5 28 6103 14512 
21 22765 4 13325 18494 15299 7509 9867 5 31 23577 4672 18498 9193 19900 18498 31 14703 6103 13264 7730 22350 5 5 5 18339 18498 16404 21 
4289 654 7509 9574 5 5 5 25 
28 5221 
21 3805 4 4796 21596 9942 7509 18339 7850 19415 20699 4 15678 3790 15036 7730 13055 5762 14673 6103 18352 4 4766 22463 14984 6103 10343 18498 21355 15424 21596 7491 5 21282 17872 15061 20931 20774 5 5 5 21 
21 25 4 15678 4355 21438 14018 15138 2727 7850 15286 5 12780 6256 20126 5 5 21 
15678 21726 7509 28 21681 31 21842 17958 6103 8406 7850 9145 21371 0 
21 27 4 12780 9743 22463 3058 2367 17872 9193 10648 5947 7850 28 21371 5 21 
28 29 23274 29 18772 28 20 28 28 20 
11212 20 
28 
21 12780 4289 22463 11518 18498 21793 31 6361 4 21793 8744 7730 21793 16135 7850 9975 20402 18937 5 17556 20149 17304 8840 6103 873 18498 21282 20149 8744 18476 21596 31 4181 6103 23016 31 20402 18937 5 26 21 
28 28 24 
28 29 22575 29 29 22422 29 29 28 7766 
21 11462 20402 22463 7127 15138 8810 17872 9193 5 20402 1570 7850 22882 4 7730 14539 18498 14604 5942 15658 20402 22463 14365 4 28 4 7277 16066 28 5 18525 19900 16673 18498 9193 16468 4 19900 18498 17872 9193 8956 20402 31 13905 28 7509 9193 22942 5 14604 5942 20402 20558 4 9193 4766 8831 13909 7188 7509 18069 5 7730 19969 6103 22463 8632 18449 7730 21596 18498 21932 7914 20879 4 17872 16162 14604 5942 7730 15005 7914 22463 19404 4766 10765 6621 5 5 7850 9975 22657 31 16689 5 15708 31 21793 31 16971 18498 14335 1502 7730 8995 4815 15458 1249 5 5 20244 23135 4 15299 6075 22385 4179 4796 654 5 5 21 
16468 7850 22575 17461 20 20 20 20 20 20 20 20 20 20 20 20 20 20 
16440 
21 25 4 3472 15678 28 0 21 
21 15658 8386 17458 5947 10273 6103 10765 4766 6217 4 8956 18352 21752 18074 6318 17872 10648 18610 5 5 7730 22463 18498 5947 15658 20520 19456 21 
21 28 26 7850 3596 28 4 15833 30 5 5 5 21 
21 18498 14512 4 22463 2510 6103 14174 18498 7102 15036 7730 349 22463 21951 6981 4766 9128 5 12368 21 
10268 16972 7509 19703 20 
14464 21187 3450 22897 13909 
26 26 26 11943 26 6 
21 30 29 29 5 29 4 29 29 29 29 4 29 29 29 30 29 29 29 29 5 29 29 29 29 4 30 22 22805 29 29 
30 29 4 30 4 30 29 29 29 29 29 29 29 29 29 29 4 29 29 29 29 29 29 21 
26 3789 26 3017 4270 6 
15138 21551 2116 
26 
28 28 23 
16083 4672 8995 7188 20 
21 23575 7127 6103 18069 4 9942 7509 18339 20 21 
201 13640 9942 7509 18339 20 20 
9942 7509 18339 21596 7914 21793 15678 13727 20 
654 20402 31 11518 20 12780 28 
21 9167 17461 21499 29 4 17438 12861 16468 6103 14049 17872 15502 17304 22805 27 20 21 
26 31 21726 21776 26 26 26 26 26 5 10535 29 
26 21776 26 26 26 28 
3618 7509 28 
10273 29 29 
11020 28 16164 18498 21787 20019 
15275 
25 20 8995 4289 31 11518 5 5 

