1453 23 5 
21 26 26 26 26 26 5 26 26 26 26 5 26 26 26 15678 4 26 28 5 26 1631 26 3141 26 26 26 26 5 21 
16780 11815 5 
873 201 6103 2647 15678 18962 6103 5767 4807 17438 14763 7914 22463 23222 5 
21 15138 4 30 7188 5 27 21 
27 
21 15658 21596 15424 4796 4809 31 7491 17438 18498 12861 20402 23522 4 13341 7730 11455 5 21 
21 15658 6075 17872 15658 4346 5 15658 6075 5 15658 6075 5 15658 6075 5 
4289 6103 20537 21 
21 23522 5 
15708 4 15190 5 21 
21 14425 21953 6103 21 21 26 21776 26 10530 21 21 
21 21 21 22463 9130 19604 18498 16966 6103 4509 7914 22516 4528 3665 11474 4796 20402 13909 4870 4 13909 8051 7730 13909 14513 6103 20015 12345 13905 7509 18498 3664 15144 4 14539 18476 15678 5941 20402 11671 5 21 21 
21 21 15138 11474 15658 368 18498 8956 9829 20468 7850 23498 6103 9314 8995 349 5 21 21 21 
21 21 21 18476 11474 498 6679 22463 14464 6103 29 1249 7509 26 26 28 4 17629 9594 20670 31 5896 7509 9142 5 21 21 
18339 14512 5 5 5 21 
21 20402 1114 6329 4 20559 5 21 
21 31 19225 6103 21932 7850 1062 19864 17304 20402 16937 4 17872 7491 15678 15270 5 21 
21 9193 20293 18968 31 7847 7730 15658 17511 11680 18476 7847 18968 31 9193 5 15708 4 28 20 21 
21 20402 4766 23135 4 28 21 
26 0 
31 13909 13512 7509 15190 12526 17872 20293 
21 21570 4 15138 21570 5 5 5 21 
21 15576 17960 16404 15678 5942 153 6103 12973 20402 16404 15678 1623 20 20 20 20 20 20 11560 6 12301 5 153 5 4766 5 3148 10628 
28 28 4 28 3908 4 28 28 4 28 28 28 4 28 28 4 28 28 4 28 22853 21 
28 28 4796 22463 8854 19481 
28 21260 8995 14335 892 13909 7509 18498 31 9193 15253 20 
31 12038 9801 6103 6592 17438 18498 20463 4945 8317 7730 9901 13347 6103 22897 7914 18476 5 18498 995 5 
2727 412 16404 15678 14924 
21 20149 9193 16967 26 7850 28 26 4 15678 17819 19522 20402 28 26 6 20539 21 
21 15678 28 15658 21596 21793 15678 20656 7509 15190 4 9193 20463 26 7730 20446 20402 22564 17438 29 7509 28 4 26 7730 26 7509 9194 5 4369 21793 4 20402 12861 0 21 
4796 22773 31 13905 19415 20699 18498 13055 9387 0 23151 1393 18657 7730 13325 17872 18498 31 19415 20699 20444 1276 6103 20402 17426 5 
21 15678 26 15678 13055 20402 22463 17960 22765 6389 7509 28 5 20402 7319 7730 21662 6670 1276 7509 3058 7509 26 5 9901 14335 16836 20149 6408 6075 23575 1249 4 740 20670 13727 17872 7847 5 21 
7850 19052 30 
1247 7509 28 20 
10273 6 28 28 
21 16323 4 26 20 23135 7730 20463 21 21 19682 21 21 5426 6103 18471 5219 14335 9743 16784 21793 15678 6075 6103 17956 6103 22463 12960 7850 28 5 
7730 17438 18498 12861 349 0 9193 9743 22463 4672 21646 4 22405 6103 22463 26 26 7730 15643 17599 17438 22588 4951 5 9193 21582 2124 15678 26 5 
13909 22463 13056 17872 26 4 15894 18533 18498 7847 8995 20 21 
21 1983 21298 4 31 21507 7509 9194 4 654 19450 19038 1638 31 28 6103 16440 6103 20463 1925 16404 17304 13471 4766 20463 17877 6103 12311 21 
21 21582 5121 31 12301 6103 18498 21596 29 14676 6103 20656 7850 28 15658 16393 15138 0 4 8147 22463 26 12094 6103 23065 6103 9008 7509 4766 26 5 
22805 21282 15678 13397 20670 15678 28 6 11560 6 23273 5 26 5 4766 0 20539 26 21 
21 23570 7157 5 4945 4 4122 7730 4 17438 18498 15658 4 10728 15658 20402 13600 4951 5 21 
21 7730 28 28 20402 12960 1393 5531 17438 28 21260 6 
21 18533 22805 8063 6103 7731 5050 31 1927 11704 4 4796 15678 28 13055 9743 4766 9956 7730 21266 5 21 
21 15576 1095 28 14335 9743 4807 13909 22463 4913 17438 11913 6103 1488 5 6981 22897 4 19125 31 23491 7730 23206 21662 6103 5501 15091 5 5966 26 26 4 2371 12780 9193 21 
21 28 28 19632 15678 4982 6103 4962 11520 7850 6075 15619 13494 7730 15604 15540 6 21 21 2204 6103 14245 21 21 5 15458 8429 4 15424 15678 3749 9983 8829 20402 17560 5 21 
21 22564 1488 7914 21 21 5588 21 21 7 16468 22463 11518 17438 7127 7914 26 4 9193 17556 13909 6103 22463 14763 7914 3450 22463 7 22588 6103 28 6355 17705 21 21 22386 21 21 5 
5015 12577 5 21 
21 21596 29 1488 7850 28 7730 29 7850 4122 28 5 20402 18498 13055 17629 6103 22088 0 
8957 16404 18525 18533 3224 4766 15678 15604 28 26 
21 16451 16816 6 
21 21 20420 11861 15678 16169 5459 4766 15678 9943 20670 9142 13042 17458 15658 20402 10544 6219 9142 5 20149 15658 20402 10544 7914 22463 5459 4506 7850 19972 4 8443 20402 13909 7188 740 6103 13860 4 7850 9971 7509 9867 4 4766 23491 7850 3393 7730 11524 7914 10566 4 8406 7558 16971 18498 20402 22385 9604 7730 10296 4 22385 5682 7730 12112 18481 18475 22463 6103 15671 13055 20402 21389 22898 5 21 21 21 
21 15637 28 7914 11154 4 11884 7730 10982 6728 31 13909 9074 7730 10168 19225 5 21 
21 22805 20149 1540 4 28 28 
21 26 4 14604 17819 22951 5 7730 15458 23523 4 9193 20402 22385 19854 4766 21480 18498 21282 6592 654 18498 8956 5255 20402 4863 4766 15678 3940 7509 28 5 
15658 4 9193 15424 19900 15678 18498 20402 28 4 4181 5 
21 28 4 15678 14425 7730 13909 16909 26 6103 15286 7509 26 4 10648 22861 17872 28 4 28 7730 28 20 20 20 20 11020 28 
21582 15658 368 18498 8995 8361 22463 1393 16083 31 20402 12656 5 
21 8956 20402 15678 5049 2617 7914 12963 20149 1585 6103 22463 9524 1964 5 
13325 7509 28 28 654 6 22463 7127 4 23135 12780 8664 15678 6383 6103 14049 7730 10648 17413 17438 12861 7914 871 13727 7 12780 8637 15678 18498 22886 1276 6103 19969 6103 3962 7730 10648 15678 26 6103 13909 4751 7509 20463 1097 17438 20222 28 20202 5 21 
21 4785 31 288 18498 31 10309 7509 28 15678 21858 13909 12378 5 8956 28 16404 21596 22463 26 11815 7850 28 4796 15678 5426 10074 16404 12963 7730 31 12557 18498 15963 13325 26 7730 15963 16393 7174 6103 18475 4672 5 
21 733 4 28 28 4 20149 8956 23222 21596 4289 22463 17556 1276 5 5 5 
19843 28 26 20699 15260 26 1631 26 31 26 26 5 29 5 29 21938 26 26 26 26 11560 6 21298 5 4591 16066 29 
21 14604 28 4 18498 2429 21 
21 29 1488 8406 4 15425 1488 19969 5 
8956 20402 15678 28 3224 4766 31 9193 16135 7730 4766 15678 28 7509 15576 1095 28 28 6103 28 5 
16323 26 17438 13909 22463 21 21 20588 21 21 18498 9743 15138 20357 5 21 
21 17629 19440 1393 23167 6103 10691 7251 4766 2976 2553 7850 26 26 5 19440 1393 12963 6103 22463 7726 4 19440 21 
4796 9743 17872 20688 1393 13905 3564 7509 15190 0 
21 9193 26 20402 31 14425 5 4369 5021 5 
21 14604 28 4 28 28 4 15678 18498 20402 12861 18498 23135 9594 7509 5795 7850 19870 6103 28 4 12787 0 14425 15424 19335 1614 5 
20149 23135 20402 22463 4112 4 20420 7589 6103 10583 11455 20 21 
10343 7509 7127 6 15678 21083 7826 20402 20798 7914 23491 

