21 18533 9743 15678 28 6103 22463 5758 13909 9808 0 
6075 22463 20825 6103 17737 6 11560 6 6075 22463 20825 6103 17737 5 4766 5 3148 
16066 20402 23162 7850 9867 6103 28 6 11560 6 20825 352 20879 5 23263 5 4766 9867 6103 28 
16429 21 
21 288 18498 18476 16468 31 28 6103 28 26 7850 20453 7509 21409 4 21793 15190 7102 20402 13439 13909 4099 4 21743 5505 5 21 
21 9901 5505 4 9901 18498 12780 21596 3031 21 
10765 15658 4346 18498 31 18195 5505 31 28 28 7491 18498 12780 4913 11359 29 
28 28 23016 4346 1614 7914 3962 8 29 22657 28 20 5505 7850 28 21793 1249 
21450 28 5 12780 28 28 12780 14181 27 
8 29 28 28 8 29 
28 28 
10141 6329 20 8 29 8 29 8 29 
28 13512 7850 26 20 
8 29 
28 28 28 28 
1057 5 
16753 
26 26 26 26 26 20402 26 26 
21 29 29 4289 13640 8 29 
21 10765 4 16721 17504 7730 4543 1614 17872 9193 12780 11560 6 13846 15906 5 4766 10253 29 29 29 29 29 29 29 21 
8 29 
26 8 29 
8 29 
10138 
19525 7509 7127 6 8057 16647 10159 7730 14600 18506 31 29 7509 15533 7509 11518 31 22942 
20149 12406 10765 
28 8 29 
8 29 
9971 6103 20247 13055 17304 201 18498 14604 10554 15658 17520 9122 17872 18876 22463 9224 6981 17478 5 
21 28 28 28 2597 28 28 18831 28 28 28 20402 31 9721 7509 10765 9743 22463 3481 4766 15138 2818 6103 18376 7850 9971 6103 20247 7509 7127 29 4 17458 9193 12780 9901 7914 20879 7730 21776 4766 20126 8 29 21 
20825 4766 31 12901 7509 9193 15253 6670 29 5 
18831 28 
15678 14501 1614 7509 10366 5412 22463 16209 18498 13055 3702 2136 31 15286 7509 17071 5 20402 17872 2082 4552 5 5 5 5 5 5 5 5 5 5 5 5 5 5 5 5 5 5 5 5 5 5 5 5 5 5 5 5 5 5 5 
21 18533 18498 21793 15678 28 20402 20472 4 17458 6103 20474 31 16971 16393 22385 9808 27 5 21 
21 11560 6 23273 5 28 5 4766 26 0 22615 30 29 30 29 29 
21 21 26 4 26 11617 26 26 26 26 0 21 21 8 29 21 
10765 18498 9901 3086 2136 4796 13176 7509 26 4766 15138 14915 
21 7914 5459 6103 15424 4 28 2708 14133 20402 4112 5 21 
21505 
4796 9193 15790 9594 7850 21500 4766 6621 5 
21 23114 17438 9721 9605 13909 30 4 8995 16393 18498 23135 22385 6389 7509 14604 18487 5 21 
21 20402 4 9193 15658 21596 21346 17872 8344 3211 5 9193 22327 2727 4 15658 20149 17304 20402 16816 7914 22327 5 21 
21 8329 9193 9743 22463 18374 7850 4253 7730 8930 13307 4 21596 22463 1595 7850 10366 9743 31 13905 9867 5 16323 28 4 23135 8995 22765 5 21 
16066 9193 16468 13923 2136 20879 16066 21810 22463 28 7730 21282 352 18476 4289 7850 28 5 17458 23135 740 15658 12716 15678 21521 0 
472 19349 7509 9652 6 16066 23135 12780 15036 6103 5997 7850 9156 16066 12780 15036 6103 10183 5 
21 10765 18498 18910 6103 22327 4 15658 19900 4796 23135 5219 18910 13909 18498 9193 5 21 
7102 8995 16721 18498 15678 14464 18498 18910 7509 22240 6103 19972 7850 11111 20402 12787 7509 14703 9193 18498 14018 26 8561 17872 26 12526 5 
18525 6075 14604 17877 20149 19525 31 21596 18498 22240 6103 19972 21793 21793 31 2154 5 
2371 6592 18498 7850 22821 15678 28 20293 20402 1409 16673 15253 28 5 
12780 871 7127 18831 28 28 28 28 28 28 2597 28 28 
20126 3488 7509 28 28 5 
19900 18498 14335 1409 17438 28 16404 20293 7 9193 19900 21371 18498 7847 15658 20420 28 16404 20293 5 
21 18533 28 4 15678 13591 13909 4273 13055 8678 5 21 
14335 14294 7914 7297 4766 15540 13284 18498 9193 15658 12780 5219 5913 20402 21743 10691 7251 4766 4672 3086 18498 15658 12780 22564 5 
18533 15138 18498 873 9743 9193 13945 7730 3913 7847 17872 9193 5 
8 29 
21 29 17059 15658 16494 6 15658 21596 16067 4 9193 21596 2387 5 21 
21 15834 7589 28 22327 2727 0 9193 1027 20463 9942 4 2702 5 21 
18533 18498 23135 8233 8956 10159 6103 1839 7850 5859 5 
7558 16526 7850 13143 5 
288 22385 8302 8956 23151 18498 15678 15190 6075 5 
28 28 
18475 17972 6103 9801 20402 7017 16673 11670 6103 16468 15678 20262 21793 9743 14122 6103 21471 5 21776 20738 15138 5 
15834 15108 22805 22463 8734 6103 15224 4766 2403 20244 3388 17438 9721 5 
11208 20402 23135 18498 12716 15678 26 5 
7850 11518 7509 6739 31 10765 4796 2136 8734 3389 5 
21 31 22942 17304 20402 3031 15658 20402 4 22463 3031 26 13055 21438 23570 5 21 
18476 23135 14810 29 9970 7850 21684 6103 9152 17872 9431 22463 17313 20402 18498 22463 9605 21916 15678 5431 7509 16083 5 
6097 23135 9901 19900 18498 12780 21596 22463 14307 21282 17872 14122 6103 21471 5 5 5 17511 14335 14265 654 16066 8840 15678 20262 18498 23016 0 
15697 6103 22942 20262 18498 23016 6 5219 31 15954 6103 856 5 
21894 6103 15002 4766 4331 7509 14334 20244 15002 5 
10765 18498 9901 4854 4672 7509 1945 28 7850 28 6 12780 7599 5 
17667 9172 6103 21623 31 19636 2806 7509 21446 23167 6103 12960 22327 7850 28 5 
22463 16192 13278 6 18452 5 
10765 18476 23135 15311 15678 28 28 2371 23135 4788 5 5 5 
5528 4766 15256 6 10606 23135 22385 4913 15678 17737 8561 5 
28 23135 22240 22463 22915 17872 28 17438 22463 17041 6103 12945 0 20539 5 
3418 20497 4766 9934 7730 28 22730 6 17438 22463 15190 4766 13909 15311 18498 6075 20069 6103 17737 5 
21 28 4 3962 4815 26 21 
21 14984 22463 2585 20402 10544 4 7188 20402 5219 11139 22327 6103 15604 5 21 
12861 20402 22463 26 28 19843 15658 20402 28 17438 9721 11560 6 21298 5 4591 28 
16689 18498 7850 17807 7509 12333 15658 21438 12025 13405 7850 26 17872 3962 5 5 5 
22463 7127 9193 20402 13909 3086 18498 31 28 28 5 
18525 10648 31 3047 14335 6075 27 5 19843 22318 28 23135 13055 23029 0 0 0 7957 5022 8443 20 20 11560 6 21298 5 4591 29 
21 10765 18498 14335 20903 8995 17872 13761 7509 10484 7509 17569 4 17458 15855 5 5 5 5 5 5 5 5 5 5 5 5 5 5 5 5 5 5 5 5 5 5 5 5 5 5 5 5 5 5 5 5 21 
21810 14667 13581 6103 4385 12780 9743 23324 31 15533 12526 5 5 5 16689 18498 201 15678 16296 5 
8678 29 16451 7509 21446 7730 1937 29 8503 6103 26 26 5 
21 21056 14604 23575 17055 6103 10405 4 12780 7599 6103 3585 12935 5 21 
31 22898 9193 18533 22463 3733 7509 12743 5 
8 29 
28 28 7850 14539 7127 7509 7850 26 5 17458 28 0 
10765 18498 4346 1937 26 26 5 
17438 23135 9193 9743 7166 6103 28 17872 19509 7509 9193 22942 5 
10765 26 18498 15658 10959 6103 10495 5 
19843 28 9387 3439 13909 10138 18498 6084 0 
21 28 28 15658 10959 6103 13195 4 15424 6103 10765 9786 5 7730 18525 20402 18498 10959 0 21 
12780 1547 21932 7730 5150 28 4766 28 15678 3364 5 
15425 7509 9193 1095 4809 31 9130 17872 18069 6103 1022 5 15424 9193 5 7491 4766 18525 1190 7730 22318 7491 18525 20402 5 
18533 22463 6981 5 
21 21 21 15678 18498 31 28 9743 0 21 21 31 28 9743 31 20247 6103 17796 6103 305 4766 15138 4796 7730 2689 6103 11066 5 21 
873 13055 19388 7914 20214 7730 11394 7509 21932 0 
10765 18498 9605 16846 1393 12755 6103 9594 16849 5 
20214 7730 11394 7509 21932 6 18498 14307 13909 4273 5 
873 13055 22564 8956 26 26 31 15144 654 21371 17304 9743 23324 7914 18376 0 
21 20149 9193 21596 22886 31 22861 30 28 18394 26 26 4 2136 9193 12780 18533 614 7847 7850 28 5 21 
20149 9193 20402 31 28 28 9193 5621 15678 18289 654 5 
21 20453 23469 6 13860 7509 15036 23106 4 21631 7509 15036 4 31 15533 7509 15036 23106 8 29 21 
1937 31 15609 16673 26 5 
21 201 15678 9652 4 9193 9193 15658 201 15678 21932 5 21 
21 28 28 4 20931 13512 5 21 
12689 6 1393 22898 9193 18533 15658 21596 5 
21 8956 20402 9193 19843 26 13033 18498 20149 15658 19474 9193 14469 6103 22 3058 15533 22 4 15424 17629 352 1022 5 7730 15424 15643 13909 5 21 
17304 8995 22805 9956 9193 21776 1614 9743 21932 7730 740 21596 18498 21596 10547 7850 11571 5 
21 21 21 31 28 15658 1453 17982 20463 17915 4 9193 21371 18006 31 19094 20670 21535 20708 19233 21 21 17511 4886 4766 21 21 23 21 21 0 21 
21 4245 7509 17930 13359 15678 21932 6103 29 22408 18498 7847 16630 4 18498 6075 29 18352 7730 18498 23135 6361 29 11518 17872 9743 6 23394 5 21 
21 2371 23135 8995 7850 16967 31 4672 6103 28 17872 20463 5942 6103 14856 0 7730 1393 12755 6103 288 19854 4 23135 16721 21 21 17458 9193 15658 9743 2872 0 21 21 21 
19900 1612 4671 18498 31 10765 12780 15036 20244 19900 0 
21 21 21 23274 16971 5947 12861 5 21 21 21 21 26 22805 18498 21340 16971 5947 5 5 5 21 21 2371 4796 31 16971 20402 17804 5 21 
11114 18498 15658 18498 21932 4766 20145 14514 9623 5 
21 9193 16286 8995 22385 16958 17438 4060 7509 19751 6103 17211 4 18498 9193 21776 14335 20357 22463 11116 21582 288 17509 17872 7599 5 3058 15533 5 21 
9193 20402 1612 16971 18498 16630 22463 23276 22218 7730 22463 28 5 
21 21 21 20402 17458 9193 22564 17055 9786 17872 7599 0 20402 17458 9193 20402 7831 7730 13688 7730 21596 22463 6383 21894 0 21 21 21 
6781 17556 20402 2976 5 
21 21 21 22463 20126 7509 14667 1249 18498 16468 4 16066 7509 22310 20247 5 21 21 21 
21776 23029 22463 4911 4939 6103 21471 5 5 5 
21 20244 8208 4 20244 2530 4 20244 7882 7730 31 2647 7509 15585 7850 9971 21 
21 21 21 4796 18498 20402 20463 7127 11462 0 21 21 22463 16472 9743 4629 7914 9193 5 21 
5216 16958 6075 22463 12513 5 
21 21282 13603 6103 15609 18498 20402 1920 6 21793 15190 13501 4 20244 18722 4 15049 4 10765 15036 5 5 5 21 
21 21282 17458 9193 9620 12780 21596 17337 18899 7850 2519 4 18498 15190 13909 12370 5 21 
15678 21684 7509 28 18498 14335 6663 9193 31 23577 4672 18498 9193 5219 5013 7850 22942 20402 22463 2520 6103 3031 6103 4130 5 
27 
12780 4796 16494 7850 9789 
20094 6 14604 15604 26 5 
21776 21282 8840 31 11518 7509 12901 14539 5 
21 18533 12780 6103 19969 4 6103 3585 4 6103 22886 5 5 5 21 
28 2597 18831 28 28 28 28 28 28 28 7957 9743 22463 3481 30 14335 6760 6981 10674 6103 22996 7509 4203 6103 28 5 
1114 7509 9193 22942 
21 8956 20402 9193 4378 15678 2471 4 4378 15678 16553 7509 2585 4 8233 15678 18376 7850 12880 7730 14018 31 22617 17872 3202 5 21 
10648 22463 26 7509 28 28 7509 30 
21 9193 3790 7102 8995 22385 3086 18498 21596 22765 7850 14600 18533 14335 6075 13727 5 5 5 21 21 20336 9894 4 23135 8995 3697 21 21 5 21 
21932 7102 20402 11686 2154 6 15712 1453 29 6103 17743 5 
10765 18498 4292 4630 17872 9901 352 6 21776 18494 13761 5 
2371 22463 22765 201 6103 3510 5 5 5 21776 4766 23167 6103 4346 7730 21596 10765 19698 5 
21776 14335 20357 7850 26 7850 14336 6981 4380 21793 5 5 5 15658 19900 20149 9901 1614 8840 16066 20149 19969 5590 5 
8051 7509 20826 6 26 28 5 
21 22 22 9193 18498 10700 22 22 22 22 10700 15299 4 13905 13897 22 22 10648 14604 7127 7850 29 4 14425 3702 6103 16639 7509 15190 5 21 
31 10765 19900 18498 8995 22765 18476 12780 7850 9867 7730 15658 5174 18494 13909 15502 5 
2371 21438 4766 21389 20126 6103 23135 28 28 7730 28 18498 22463 918 15658 20402 15678 21036 5 
21 13055 13501 31 3962 7730 654 21776 16721 20149 9193 918 21282 4 20149 9193 12780 1937 31 2725 7730 31 9840 21282 16066 20149 9193 14860 22463 3616 21282 5 21 
21 6408 6103 13359 22463 7127 4 21776 13359 18533 28 5 5 5 12861 18498 20402 16630 17872 20738 5 21 
21 21 21 18481 1249 23135 21596 0 23135 15658 20402 13905 6103 11636 15658 20402 0 21 21 6670 18498 9193 16468 7509 29 4 9193 9901 2727 9808 4766 8956 21743 6103 4795 5 21 
18525 7491 14539 18498 15678 21551 5929 22327 0 
2136 17458 9193 20402 22463 7509 18039 7730 18476 31 15609 201 15658 12780 13909 20402 9632 5 
10765 18498 19969 13909 4099 7509 21932 17872 1937 15678 23575 3784 7509 15609 6 9193 5 
21 4796 20149 15658 2626 20402 31 28 28 4 7847 740 3962 4766 15678 28 28 5 21 
16673 17819 22897 9193 21776 22918 17872 30 7509 13131 6103 22463 14464 3086 5 5 5 
31 16971 4730 29 14764 17872 15658 7491 29 11518 15658 20402 5 
21 21 21 1429 7914 17090 5 5 5 29 9193 7509 28 21 21 9193 15005 11284 29 14764 7730 4289 2087 21793 7127 4 11731 15005 11284 1453 29 14764 5 21 
18533 9193 15253 5 
8995 7188 0 4796 4331 5 
5219 14335 1443 2136 31 4672 18498 9193 15658 10959 5 
5219 13822 15678 18376 2136 6103 11282 5 
8734 10179 6103 16745 4766 26 7509 28 22 20539 6 12861 7102 20149 4229 9801 5 
28 28 15708 17438 14335 16878 1937 28 28 4766 26 7850 22202 5 
21 13325 6981 15286 1937 1612 9956 7509 26 28 7509 16520 21 21 28 4 26 7585 22 21298 26 26 26 20 21 21 
21 21 21 31 14703 7509 15609 2371 27 4 15658 20402 11686 0 21 21 21267 4 6073 31 17556 21776 6075 2267 5 21 
21 20402 18494 9632 4 17511 2136 20402 10672 17998 7509 8057 5 21 
21 21 21 23135 21596 3058 1434 4 9193 20402 14336 22403 5 21 21 4524 18498 9193 21596 3058 1434 4 9193 16393 31 28 5 21 
15790 21389 15678 28 18498 15790 31 28 12526 5 14466 31 28 5846 5 
21 18533 8147 31 28 17872 5320 18498 22463 14984 6103 10765 14335 288 16393 4766 7847 4 9193 16721 2727 5 5 5 4676 5 21 
21 21776 14335 362 21389 31 14335 4843 4766 1612 2107 7509 15609 7509 29 4 18498 18476 31 15609 201 12780 20357 9620 27 5 21 
21 16647 22463 14594 22385 4290 11462 4 18498 740 21776 7850 7728 20149 21793 15678 14604 23567 23151 17872 13727 5 21 
18498 10405 
4289 7914 30 7730 8995 15481 

