21 8956 20751 7509 26 4178 6443 31 28 6103 18525 21438 7850 17819 9934 
21 26 26 4 1951 7730 9652 4796 20293 
26 
21 28 28 26 5 28 26 26 
26 
21 26 28 26 4 18498 23135 8995 15658 13727 7509 3805 654 
26 28 
10982 30 
21 9193 20402 17908 15286 7509 30 28 17438 4060 7509 28 5 15855 4 20149 12861 15658 20402 1103 9193 15658 19900 15678 18498 20402 21 
1453 6 
21 28 30 4 26 26 26 21 
18525 12780 28 30 0 14487 9193 8995 12780 20402 16673 28 1032 
9193 9743 28 28 20149 19629 7850 3512 7730 15855 18498 740 15424 15036 
21 26 28 28 29 5 
26 28 28 5 21 
21 12780 12960 4 28 0 
21 26 4 26 22 26 21 
3058 13311 17872 8956 14924 1603 31 2571 17928 17438 26 28 
21 31 28 14335 14018 15678 6472 7509 13598 18498 14335 14156 6103 871 14881 5 11284 7850 13566 13598 18498 14335 14156 17438 20500 18191 4 7730 16083 18498 17438 9709 9492 1393 18470 8995 22983 7957 4 4524 4 21596 15262 18191 5 14156 1453 22463 16971 17872 6472 4 28 5 8235 4 1393 13566 5 
29 5 31 7645 7509 15687 28 2515 7 
29 5 13195 14346 28 26 7 
29 5 11454 9509 28 28 18443 7 
29 5 28 28 28 7 
29 5 16753 18165 28 6103 28 7 
29 5 31 22685 6103 20402 12745 28 28 7 
29 5 15678 11165 7509 14851 7509 10625 28 28 28 7 
29 5 11454 6103 15678 28 18768 7 
29 5 20825 6103 22463 15533 6103 22805 28 28 7 
29 5 9193 4 28 9542 5 4 22168 1249 4 7645 4 18032 5 5 5 26 28 4 26 28 4 28 28 7 
3373 6 4436 26 26 
29 5 26 28 28 4 28 26 7 
29 5 28 28 28 7 
29 5 26 26 26 28 7 
29 5 26 12876 5 13800 5 6103 14265 4 30 12876 5 28 7 
29 5 26 6 6019 6103 20044 28 26 7 21 
21 26 21 21 26 13866 21 21 28 28 21 
21 30 28 22020 7914 20822 20484 4 31 28 12780 5947 4178 21 
13749 16673 11808 
19900 31 16971 13909 8302 18498 23135 5174 0 12780 13761 7730 134 7847 5 
21 26 26 22463 17556 26 
21 6663 4 19900 18498 20402 4672 6103 13945 9901 4854 17983 4 9193 12780 18498 12780 21 
21 6256 12861 16404 8956 14924 5 26 4 9717 28 28 5 
21 16468 29 15266 4 9980 8995 13591 14539 288 21 
21 18525 8995 12578 7914 13598 41 7509 17807 15558 7730 7914 753 22463 1095 9193 31 5219 7251 7730 13909 8806 7850 8992 4 17438 9721 6 
26 12863 
29 3733 6103 12971 7509 3148 11560 6 30 5 4766 31 30 7730 29 7509 10725 11560 6 30 5 4766 31 30 
28 28 6103 7850 26 5 6660 20402 6879 5 
22564 31 5505 17872 1133 20463 11522 15220 
15678 28 28 19474 15678 18498 7847 18533 0 
21 15658 19900 23135 4 9193 17872 9193 12861 2771 28 
17916 7730 7280 8995 8561 8956 21551 21793 6 9743 9956 18498 16468 7850 21662 6103 28 20402 3058 2136 7850 1875 9983 5 
21 15678 4157 7509 26 20402 2374 5 18498 21189 5 
9901 4766 8956 14145 18498 15678 28 14335 16468 
14454 7509 26 7509 28 
22463 19349 20670 15678 28 6103 28 
26 26 26 20293 14335 9743 22886 22463 29 3817 17438 21684 5 
21 28 26 9 28 
28 7730 28 
21 1097 18525 12780 26 28 28 26 0 
26 6 7558 5688 16673 17807 6103 22463 5 
21 15643 8918 28 18498 31 23454 21596 13494 20539 
21 12787 
21 15704 6103 20109 4 20244 7728 6 21 
7792 8299 6103 28 1987 15603 
21 1453 6 
21 7790 29 6 29 4 18070 5 21 
21 23104 15678 3885 6 
14018 22463 134 1393 16083 1244 7509 7127 
10648 7558 30 7509 28 26 15458 13860 5 7730 15855 18498 8956 26 8995 7914 28 5 28 18328 5 
21 963 1429 7914 28 20402 4894 6 871 12025 4582 16404 18498 4 7914 3962 6103 4289 7509 14544 1393 21631 4 15678 12390 7102 19969 5 15678 15081 20402 18498 21282 15678 17563 8637 17304 11219 31 21631 19961 18476 15678 19081 4289 5 
21 22463 5782 9983 8995 31 3610 6 
21 1926 7932 
21 21 21 26 11617 22 13800 26 26 11617 26 26 4 26 11617 26 12863 22 20539 26 26 21 21 
26 26 22 20539 26 5 21 
21 20912 6 20353 11586 5 
21 20149 14335 16836 20149 17658 5018 4766 8956 3790 16066 5621 9193 15256 20244 1202 4766 22463 9548 6103 18374 4 9193 12780 21596 2115 12459 6103 7728 5 
13909 8817 4 20670 20149 20402 31 15256 7277 16066 31 8933 18498 20402 17872 5621 5 
21 15678 19768 21596 20227 26 6103 1571 
21 7419 13778 8406 11661 9210 
21 23016 17872 3512 23135 21371 4 23016 
21 1453 
21 9010 17461 8995 7114 9193 14487 
21 15678 2076 9601 5 15678 9157 28 22463 2367 7850 26 7914 20931 11477 5 
7558 22898 5 
21 28 12787 
21 10495 14565 4 3537 15678 6780 7509 3393 
21 16192 6103 20009 
21 19698 6567 7509 9707 7509 30 5762 16673 28 28 26 4 16404 15678 18498 9996 18498 15658 19900 21596 19969 16673 26 26 
21 28 26 4 10133 7914 16971 
21 15299 20988 15678 21346 
21 4290 6103 2374 7730 13082 15458 13566 9193 15678 7509 28 9193 10657 18498 20402 16015 
19456 15138 15678 17307 28 14565 
21 12787 4 31 16431 7509 26 28 15510 
21 17872 9193 8995 20402 17556 6103 21396 4 21596 13909 20402 18498 19761 22463 5581 28 6103 21396 
21 21 21 19522 7509 2268 7509 5574 6103 28 28 5121 18498 7847 20402 23231 6103 13370 22107 7730 18515 21 21 23135 13033 0 0 21 
21 9193 20402 4524 18498 15678 3790 12784 4289 31 22463 3213 6103 9548 13730 4766 22463 20266 26 5 18930 18498 21752 20463 16822 4 14539 18498 31 13907 15643 23016 31 20402 2282 5 21 
21 26 26 28 9275 7509 18610 5 7730 5 13800 5 15286 7509 28 28 5 6103 15299 5 
21 1190 15128 15678 4982 6103 21 21 26 26 21 21 8329 9051 20402 4 16673 22886 
21 26 26 9 26 26 
22385 4273 18476 12861 15770 
21 20402 28 28 4 14550 7509 184 7730 7509 14066 7509 9707 7730 9408 16404 9971 6035 4 15658 19900 18470 11444 20402 13909 18097 6 
31 7847 15036 7914 29 7730 15678 12787 18533 1421 7 
2372 7847 10199 31 15041 7914 29 7730 8995 17438 2371 4 23104 1391 7 
23135 7847 15036 7914 29 9193 6256 12488 16404 22463 23575 11020 17022 7914 18498 9743 21793 368 18498 740 8995 23104 5 
21 31 28 7847 15658 16784 21551 30 1097 
21 28 4 15855 12861 15424 17629 13359 15678 21684 
21 288 15392 4854 
21 26 28 12780 3610 13026 4766 15678 26 28 0 
21 26 5 22765 5 5 5 5 
21 28 28 9743 16296 6103 28 28 9743 16296 6103 28 11051 9743 16296 6103 28 28 5 
26 26 11617 26 26 10907 14577 5 
21 1603 15678 3962 12477 28 4 288 22463 14924 1566 17872 19232 6 
21 9193 4 10765 0 28 12787 
21 28 14334 28 20906 26 14335 28 20 
21 26 7509 10682 4 15658 19900 18525 23135 20402 4 9193 23135 20402 10131 4 3790 
21 17872 21787 29 22 29 21596 18498 21596 15138 22386 4 8995 11888 
21 28 7730 28 4 18498 23135 288 0 
28 21596 18736 11560 6 28 5 4766 16404 26 29 
21 4796 14426 22463 15286 7509 28 7914 29 6103 22898 
21 740 20663 31 8003 7730 15678 7012 22863 7509 20497 7509 26 6103 22463 11518 2116 4 6256 4766 23135 8956 11477 1393 28 28 
21 7193 18498 15678 19735 17629 20402 20007 740 4 7193 21 
21 1453 18498 8956 790 20402 13909 13821 7509 18498 18475 22463 6103 23135 2371 
21 21 21 7850 951 6072 5903 
17239 22463 19798 
15678 22797 7850 5903 2647 
31 28 7850 5903 4292 
18476 23016 31 4380 9989 
19992 7850 5903 3510 
10223 7850 5903 8406 
73 7509 5903 19969 
18476 3510 31 4380 11099 
31 702 7509 5903 6582 
15678 2605 7509 5903 8661 
15678 14265 7850 5903 5741 
8443 18476 31 4380 4200 
7850 5903 23151 31 835 
17324 23151 31 3219 6103 15604 
15678 20749 18498 7850 5903 1655 21 21 21 
21 26 4 9971 7509 23454 5 21 
21 23575 5353 2617 7850 7127 7509 19735 4 13033 6 21 
26 6103 7127 7509 19735 17989 
21 14604 23577 4795 20670 31 3733 7509 22805 11561 6 26 31 31 5 28 5 28 28 29 30 29 29 29 15658 5 28 6981 20247 20402 6 
6103 15299 5 21 
21 28 4 23135 22805 0 
21 22049 7509 26 15803 26 26 636 4 4766 15678 15604 26 20402 21787 7850 23550 5 6103 15299 5 
28 28 20 23135 21596 18498 19969 6073 20 20931 22643 8995 1948 20 
28 9 28 
6103 1792 
21 21282 13325 18498 15678 28 7509 26 8995 349 654 7730 21596 22049 15906 23556 4 17458 20402 4672 6103 26 5 12780 21596 28 28 26 26 4 26 28 28 4 28 28 15477 26 11555 4 8406 16083 
21 6072 10273 21 21 17947 21 21 11560 6 26 5 4766 30 29 21 
21 23135 7102 19900 18498 15678 15509 21787 15509 14425 7509 18498 15678 15509 5 
21 15833 4 26 4 26 11617 26 26 26 21 
21 7730 2371 4 28 4 23135 288 26 26 4672 6103 22912 0 
15658 21596 4795 
21 28 7730 28 4 13055 18498 23135 4793 7509 28 26 4 21810 8956 3059 18498 21282 15678 6889 6103 28 5219 9743 6 11560 6 28 5 26 30 29 21 
21 14425 14013 7509 7127 4 10544 
21 23550 7509 7291 13909 18886 7509 2975 26 4 26 636 29 5 6103 15299 5 
21 28 4 28 4 28 4 28 4 18533 20931 15936 31 19456 
21 22327 8561 4 163 22327 8561 5 
21 19456 15138 
4796 21776 26 26 26 15803 26 26 
27 
18533 15138 8995 17737 7850 26 18498 6219 18498 30 22463 17374 7850 3393 7509 28 26 15458 4561 5 
29 15286 7509 28 7914 29 14764 7730 14336 5 
21 26 4 28 
21 1341 4 9193 20293 23204 6 
21 3472 20463 28 654 28 26 4 3472 0 
21 21 21 20539 5 15678 10530 5 15678 15190 6073 31 4 19900 13761 4 4450 1249 5 7730 15678 11474 23104 15637 20709 15894 31 5763 20402 22463 15604 7645 4 9545 7730 22782 13283 17438 5580 5 5 5 15658 5 16673 10982 5 16673 10982 20402 14425 5 15678 10982 22782 5763 7730 31 16971 17629 20293 6103 22463 7603 4 16066 15658 5219 5762 15299 5 7730 20149 15658 5762 15299 4 15658 20402 243 16673 20709 5 20402 15678 18362 5 20402 15678 15658 5764 5 21 21 21 
21 23 8995 11888 4 18482 28 4 7102 6075 15138 15995 14539 
21 28 4 15855 12861 21 
21 28 14823 9172 
21 18533 31 15936 7509 1095 12109 20670 12862 6 14135 2138 7914 10000 5 
21 22463 28 20670 4796 22463 21743 6103 4273 12834 16083 21743 6103 4273 
21 11808 4 23575 28 6103 20049 16066 7509 12398 18498 12578 7509 10523 3170 5 21 
5241 9010 31 12301 13909 23579 7509 9193 22942 5 15708 28 26 5 
21 20380 28 18667 4 873 2371 0 21 
20311 
21 13909 18498 22463 23013 20402 6930 
22821 
21 20497 7850 23550 7509 28 4 16404 31 28 7730 15678 28 11560 6 28 5 26 30 29 21 
21 28 4 288 15678 14425 28 7509 22520 4 6075 17872 22564 8956 11729 17872 13909 7509 14561 7509 18498 31 16971 9605 17438 2371 
21 23570 28 20670 5131 9384 4 19205 7730 2961 21 
21 16404 18525 15658 3697 7509 28 7850 19735 11943 19698 28 20247 16468 4 21596 7847 7850 19735 997 26 4 7509 28 5 26 6 21 
28 15138 13905 18498 15678 28 
21 28 4 8995 1614 15678 26 18498 15678 15658 20007 21752 5 15678 3116 20402 6318 14539 21 21 5 8995 13923 8678 17872 3420 4 15658 0 21 
21 22463 3643 4766 29 26 4766 22463 14464 18498 16393 22463 1233 5910 15678 23050 7509 3643 4 5762 22463 20537 5281 7730 6408 20149 6917 5 
28 4 20293 8956 3512 6103 21189 5 
21596 16404 9193 18498 20402 22463 1689 7509 9757 16404 16647 26 21 
21 8443 4 28 4 9193 21438 26 7850 26 18476 31 26 4809 5 20402 31 13860 13909 23522 7914 15138 21551 5 21 
15678 18498 1540 15458 13860 20402 18498 6889 6103 28 20402 2082 16673 6781 7730 11588 875 7509 14539 14881 18498 15049 20402 2082 16404 31 14512 5 
7467 5 
21 20725 15036 6103 22834 875 4766 12861 
28 28 8995 4766 26 12556 
21 20402 4 20402 12861 14539 18498 8995 8678 5 909 4 26 26 10831 29 5 21 
28 20007 31 19169 20 

