21 23570 1549 7509 18498 20402 17521 9743 4766 26 26 7730 12537 1836 5 2727 13799 4 18930 22805 20 21 
21 19525 7509 7576 18394 14142 6 10731 4 7594 7730 19170 18498 20402 15138 4 9193 15138 11861 5 5 5 21 
16323 31 21793 18498 16429 6981 21932 5 21596 4181 18498 22126 11020 19554 31 9193 20709 7730 31 13727 6103 7188 278 18498 17520 3954 16404 19415 6103 18471 5 30 6103 14425 4145 15995 
21 733 4 31 28 21 
21 26 26 26 5 5 5 4372 16404 8414 7509 5483 7509 3960 7509 26 5 5 5 11036 17438 20402 13325 16404 8956 14924 22385 8810 5 13909 6103 29 1249 6103 28 4 13909 6103 29 1249 6103 22971 28 20 21 
21 27 10765 5 5 5 18525 15658 10959 6103 17583 13501 4 15658 20402 14539 0 19703 21 
21 18481 11208 15658 16784 21793 15678 28 17438 15407 7509 8995 4 17438 9620 6103 9122 7509 20709 7730 7509 14336 0 16404 31 9193 5186 22760 4766 12861 0 18481 3749 11570 20402 6928 1614 14539 0 21 
15341 21662 15678 10161 18498 20402 22564 16404 31 14799 16404 28 
1427 15658 20402 15678 23577 31 8918 6621 31 9193 18191 11454 
27 18498 2781 24 
21 15855 2371 4 13909 22463 15081 6387 15678 12763 13055 5174 16404 23135 15658 20402 11497 4 17836 22564 22463 4945 5 5 5 15658 4778 4 9840 7 21 
7254 7509 28 
21 30 8995 10405 4 11306 0 19703 19827 29 21 
8241 2727 15678 10405 5 5 5 
26 26 5 5 5 21649 7509 26 7509 13072 20 
27 
21 4935 4 15678 10405 22318 9743 5590 13909 19871 20 21 
27 6665 30 
21 6256 9193 22805 14604 4932 1614 7730 26 20 733 4 31 10548 6 6103 21 
21 28 28 28 4 16647 21282 18498 14245 8956 17960 7509 15341 4 15726 21371 15678 20327 7730 15678 8524 7509 3790 21 
21 16323 31 21793 15678 8464 20 12861 20402 1453 22463 10433 7509 6189 7730 6103 15138 4 9193 15138 21932 14539 20 21 
8385 8386 19703 
27 
21 28 28 4 17438 18498 9193 13325 6103 23135 0 27 21 
27 18498 14512 22 
13055 6256 6103 21582 8386 5 5 5 
21 18884 16404 22463 3058 15533 6103 20828 7730 22463 3393 21978 20 
16404 5 20539 5 6 5590 16098 26 26 4 7509 28 30 21 
25 20 

29 
27 24 
28 20 
21 18688 4 15678 28 18498 14335 16793 4 9193 31 4672 1614 8995 13909 12577 18498 5505 7509 15190 20 21 
28 3160 
21 15138 14514 5 1393 14604 22805 4 20402 15678 14425 12868 7509 21 21 26 26 21 21 5 5 5 21 
15855 2371 28 28 6 
27 
15834 21739 28 3160 
15678 3790 21596 17797 12861 11284 29 1249 20402 20311 20 7730 9193 21582 13325 15894 6256 9193 14336 27 5 
5018 5 
21 10765 4 13055 4793 15678 18605 3058 20402 28 4766 26 21 
21 21 21 21793 15678 2822 20402 11686 4 9193 871 20402 13909 11686 18498 15678 16083 5 21 21 15678 17446 5 21 
18498 16689 2 
9193 17629 7384 20 7730 31 20709 4510 16404 18498 9193 15678 21596 19703 
15855 2371 28 28 
21 20402 18498 7850 4982 15678 3785 23016 13115 0 7730 15658 17304 14606 7850 15091 4 21282 7850 2254 0 9193 10765 4 15678 11861 20402 15678 20912 4 31 14886 20699 5 5 5 21282 18498 15658 20 21 
20244 13909 20 
21 31 15728 9975 4 6103 18498 15678 11102 7730 15678 607 20293 4654 7914 15671 4 20402 2727 12577 5 5 5 21 
21 733 4 31 28 20 22657 3450 4136 7509 1927 19703 21 
28 7730 4341 20402 7102 22463 4779 23540 20 27 
21 31 28 20402 1614 20 31 15599 17304 2136 16468 31 11891 6103 13048 4 9193 15658 4 15658 20402 5 4766 22463 12124 6103 18610 29 5 29 4 29 7730 22463 16727 18391 6103 18610 29 4 29 15658 20149 9743 13048 5 21 
27 18498 11532 27 
12780 20402 15138 19782 5 5 5 13405 21793 7509 9634 16404 1937 
28 14184 
21 15855 2371 4 28 28 4 20463 16399 4060 27 21 
27 
21 15855 2371 18498 14245 4 28 6103 28 4 28 28 4 28 28 28 7730 28 19772 21 
21 733 4 15678 8995 5 5 5 21 
3450 16587 4766 20463 17877 20 
15643 20155 22463 22400 15637 20154 5 5 5 27 6446 7583 
27 
22463 6086 16404 20149 13325 20 
21 14604 28 4 30 20402 31 28 0 3805 15678 15678 21 
21 27 15138 3058 7730 21 21 15077 21 21 21 
15138 3058 20 
11568 20402 5891 7509 21480 15658 20402 0 19900 5 5 5 
21 3058 4 1393 22898 4 17438 16328 16066 4982 18498 288 165 4 201 17438 19674 11644 7730 21050 6103 14427 4 5879 1679 23001 9193 5734 7491 4796 165 5 20402 4894 12861 4 17836 18476 15678 13631 7914 18553 17520 871 7181 16066 6217 16404 20149 9457 16066 4960 4 17324 2371 201 11898 31 12368 5 
22463 11020 9365 20402 28 4 11816 19772 4 8567 6103 20463 21551 4 11020 13037 4 19390 65 7509 22406 6103 28 4 9901 1453 4766 15678 6103 28 4 23575 11474 5174 31 7573 15678 9188 7 9193 1471 6103 21793 8956 18471 4 20402 5692 7730 10587 4 21596 17438 8956 14922 20931 18191 9634 7850 15398 31 21795 23036 4 11066 31 21389 6576 7730 4220 7850 13307 9626 4 5762 12409 4 20463 15540 21874 444 6103 10439 7730 12410 5 
9193 17753 7686 7318 7850 15911 20670 8208 19295 9743 22463 7314 4533 4 19674 17438 15138 7730 17438 9193 4 20670 9052 22797 5 7839 18498 22805 18498 11284 4425 21267 4 6103 22516 21267 4 9130 31 22903 7509 18553 7730 4796 22463 20794 9572 16404 31 12539 7850 10796 6103 8208 9541 7730 20751 20202 13543 6103 22463 14307 41 7730 4 20149 18533 1563 7850 1961 4 3206 16967 9193 19553 6075 13909 7055 7509 16967 5 
17438 12861 4 1471 6103 19385 15138 7509 2053 7509 10982 28 12027 288 6035 7847 16066 16083 17753 18475 1676 6103 16967 7730 6731 4 22463 22897 18498 15678 10982 11450 6964 8956 23498 4 15658 12739 7730 22385 17556 31 11998 5 16721 18498 3391 22463 16630 6103 6663 31 4220 1393 20463 7314 7730 21371 15678 14604 20584 6679 16404 22463 5015 9808 7730 17914 16404 31 16967 6103 1695 6103 8208 9541 7509 22516 6103 28 7730 31 9654 20539 4 4668 16066 15658 4 11284 8466 22342 4766 31 16967 7914 18553 5 
20202 15678 13543 6103 153 6103 29 7509 9654 20670 31 19081 16967 6 21 
21 15855 2371 28 28 4 2727 14245 11306 20 21 
21 28 28 6103 28 4 14245 11306 26 20 21 
28 28 28 28 28 
21 28 28 28 26 4 12861 23029 7914 14466 6103 29 1249 5 5 5 21 
4796 14335 827 8956 3733 7509 5582 20 15678 12738 7509 28 8995 10657 20 
21 12861 28 4 5360 1920 4 8995 12780 2727 4 5360 9605 5 5 5 15658 28 5 5 5 15658 21 
21 15678 9326 20892 5 7614 13004 20402 13909 10135 7509 10625 7730 21355 7509 28 13793 7222 4 20402 4891 4 9193 6408 6103 4179 9370 9901 19375 4 8995 20215 31 22886 7509 17889 7509 2367 6103 12070 7509 15679 19078 1393 7514 16404 16440 7730 3665 4 16458 4 6670 153 6103 29 20 7730 740 18910 18498 31 15970 8995 31 17762 16404 18498 23174 13640 27 15678 3790 9901 29 1249 7730 14336 20215 15678 17889 7730 740 9901 21 21 4270 21 21 18476 15678 4623 5 5 5 
16440 3058 6 31 20453 13055 8995 6219 4766 29 23176 31 9721 4 22463 5371 7730 8995 1453 703 31 6152 7509 9326 22406 14031 8956 15658 20402 0 16078 22463 22406 6075 4796 0 17438 14336 6103 22463 8394 21121 0 4 18498 21282 16630 22886 7509 17889 16404 6075 21551 7509 21 21 7514 21 21 20402 9790 4766 23533 7730 22327 7850 21 21 13279 21 21 16404 31 7861 6103 29 5 21 
28 30 30 30 5 5 5 
15678 15576 17877 20402 18498 31 9193 8933 20402 22385 11102 18481 31 7277 5 1067 14335 6075 1860 5 5 5 
21739 28 20225 27 
14245 20 
21 17819 18352 7509 5582 4 4766 31 14013 7509 15604 17960 7509 10483 28 4145 6103 16967 7730 6731 7914 21498 4 16404 6728 15678 15604 20634 16404 5426 2369 5 16323 31 12476 7730 31 21793 15678 8464 20 21 
201 15678 5942 28 28 14184 28 19772 28 28 28 
21 15855 2371 4 20463 28 28 21 
21 15855 2371 4 28 14184 21 
4289 6103 28 17438 11462 20 
23570 1840 20 8995 31 14335 18549 15678 15081 7509 10408 13905 16404 22463 13301 1570 9193 9194 7509 18498 18476 31 14539 18553 20402 19450 16673 15576 13000 5 16393 18498 31 6152 7509 5621 7509 21739 26 20402 13909 4318 5 
21 18498 21951 4 14271 3216 4 20402 15138 991 7509 28 179 7730 7766 4 21681 11020 21935 2136 7914 28 5 5 5 2 21 
16404 15678 28 28 
2287 22190 20 
21 15855 8956 18352 21739 28 20225 4 9980 22463 5021 31 955 7509 28 21 
23570 21279 6103 4796 31 4672 7102 20202 6073 17438 7148 5 5 5 
14245 20 
15678 21551 21793 5 5 5 
26 5 5 5 
21 3790 4 23570 16343 20 21 
21 6103 9707 22463 10405 4 15678 28 5 15983 23044 6075 278 1453 1393 28 7730 20463 1488 4 15658 12780 7353 31 28 7914 20500 31 17436 3853 5 15658 21596 12939 4 15658 9387 918 11115 14539 5 5 5 21 
20402 11518 6103 21095 6474 5 5 5 27 
19575 5 5 5 
23 
27 
16292 6103 13688 27 
27 
27 15138 3058 
21 15855 2371 4 28 28 21 
27 
15658 11284 13046 16404 12861 5 4796 740 5219 6202 0 
21075 23016 5 5 5 
9193 22942 20 
23063 26 26 29 6 29 29 29 
20402 22463 11020 1249 20 15708 17438 9743 16440 6318 5 
12861 2371 20149 4229 17041 7730 9387 6670 31 12319 7509 14604 2336 5 
1920 9901 10544 10657 15678 17807 2442 5 9901 2371 31 19484 16404 1612 18498 7901 15678 23484 20446 7509 26 5 16066 31 7206 6981 21931 22657 15678 6631 0 
21 4788 15678 23575 21932 7509 9574 5 9574 20402 1616 15658 20402 4 20402 3058 18476 4785 9193 20402 14425 740 18476 21623 27 21 
21 8956 12780 16404 15678 28 28 4 18498 452 15678 1114 7509 28 20225 16673 28 5 21 21 11617 22 13800 11100 5 21 21 21 
288 8956 26 16404 18352 12342 7509 28 16404 6215 23063 15138 12577 20 7847 18784 9569 15678 22564 6103 26 17438 8956 22588 5 
21 20402 14425 1937 15678 28 26 4 13761 16468 20670 31 17819 7730 31 20207 11154 4 15423 31 28 16784 20293 5 5 5 21 
11568 
16721 18498 9901 7850 11359 5 5 5 24 
27 30 18498 4809 31 23414 20 
27 3148 3148 
21 12780 13761 4 9193 368 28 20 20 20 20 27 3148 3148 27 21 
21 12861 17629 20402 1599 4 17324 31 389 20402 15138 4 9193 15138 11051 5 5 5 
21 15855 2371 28 20225 4 26 3789 
15138 3058 30 
3794 20 20215 8956 28 8443 20 
15138 3058 24 
21 20207 871 1719 4 15678 11488 20074 9387 8406 29 5 29 7730 29 5 29 1249 5 12780 21810 4796 22821 31 20207 11444 5 7914 29 5 29 1249 4 14604 3894 4 15643 22463 16362 5219 21596 20463 15106 2234 4 8458 22463 4770 18498 4 12255 4 20463 14443 15658 17304 13909 18876 4 12620 7730 9359 7730 20402 9359 5 17324 20402 4 20304 4 8956 9756 23577 7850 11454 7509 4509 4 15770 7914 22463 28 17960 4 5879 16966 4284 20402 22463 3170 20402 18498 20402 2371 18498 31 20855 7850 21956 0 20 3170 4 9010 18498 5219 9010 4755 5204 18498 20402 15138 13909 10544 18498 5284 9145 4 28 13055 9743 15678 20463 31 13909 6103 29 1249 2116 5 22385 15520 5204 4 14514 22463 7127 12526 6103 1549 4 16404 18498 31 20709 20149 6117 1276 12861 7730 31 1164 5 9193 4 12255 15678 21551 20402 14465 4 22463 29 20209 20402 6075 31 12861 0 7730 561 4 15678 23572 7509 20237 20402 13909 11861 18498 15678 18953 4 6103 21793 22463 16377 6103 20931 22942 18498 28 8017 15458 21932 20 9901 2371 4 22463 23222 22463 17556 13909 7205 20670 15678 17960 26 26 5 21 
21 26 26 26 26 26 26 20 24 18498 7553 20 
22821 12861 28 0 
21 15643 22805 12861 4 7730 23135 28 20225 0 21 
4369 30 20 
15855 2371 28 20225 7730 28 3160 5 5 5 26 26 26 26 31 26 30 
3058 15533 16066 3058 7127 13055 20 26 20 
7914 22463 22520 16343 5 5 5 5 
8949 5 5 5 
9193 15424 4766 29 7914 3629 15678 28 10648 20 20 20 
21 15855 2371 28 20225 4 15658 20402 18498 15678 17877 20402 7914 10510 14539 0 27 
14114 17950 15658 20402 0 19900 5 5 5 21 
27 20 
21 15855 2371 28 28 6103 28 7730 28 28 4 28 15678 8840 21 
21 15855 2371 28 28 4 28 28 4 28 28 7730 28 3160 4 22463 26 29 7730 22463 18512 7509 21806 7730 26 20 18498 4809 15678 15576 3885 20 28 14184 5 21 
21 18506 14604 16328 6103 18464 4 17629 19089 13909 16404 4915 15678 18498 20402 22463 18464 5 21 
21 26 21739 28 20225 4 1820 31 20931 14534 6103 21 
15855 2371 28 28 28 7730 21793 18498 20149 12578 20 
21 1097 20 9417 9010 26 16404 28 7730 28 26 4 20402 23570 16404 2272 9193 5876 7509 20463 26 7850 7127 31 7127 20 21 
21 1097 4 9417 8956 20634 4 21596 16404 28 7730 28 26 20 21 
15855 2371 18498 9867 14031 21739 28 20225 
13055 20402 21551 6103 8147 22463 22597 16404 22463 28 27 20 
27 18498 21434 14031 20 
21 17438 16083 13131 4 4179 22897 5174 22463 20304 15138 10765 3058 4 21810 21793 4766 22327 15190 7730 20293 15138 7802 7730 20770 4 6408 201 6592 18498 7847 20402 6694 7509 22289 3790 5 8235 4 11284 9367 7730 9367 21 
21 4809 31 13359 8956 13591 11462 4 15658 5219 13909 16367 6103 13359 7850 2136 21623 4 9324 13591 6103 9910 4426 4766 22463 23570 19771 17341 4 18930 4766 21793 4181 20 21 
15643 13909 12780 6256 14604 4945 7509 21932 13480 7730 15678 26 13634 5 5 5 
28 7730 15678 20463 15344 7509 20749 20 
21 15855 18498 184 28 28 4 1614 9594 18498 31 9193 11636 14480 20402 6103 29 1249 5 9193 19900 18498 20402 15138 13909 12980 18498 23135 27 5 18533 22805 31 11636 14480 7509 28 20225 4 28 3160 20402 28 14184 20 21 
4369 28 28 
21 15855 2371 28 28 4 23135 17438 2442 7730 9193 17438 4434 5 5 5 
21 15855 21282 2371 15678 28 20225 20786 31 10326 7730 22327 13909 7914 20463 1247 21 21 23 28 9193 12780 4796 15678 20463 3031 21 21 5 5 5 21 
21 15138 13278 4 2136 20420 23579 20149 15658 9387 4945 16066 3536 21 
21 15855 2371 28 20225 4 23135 2136 17304 19969 7509 13652 4 9193 15678 13652 15643 12780 6256 23135 20 21 
21 15855 2371 4 15678 12760 7509 15533 7914 10684 18498 13055 8995 9901 17989 16404 18876 15678 28 20 21 
15138 3058 27 

