21 13055 20357 15138 20931 9620 5 5 5 
2725 26 21 
21 13055 20149 16468 29 1249 6670 18498 9193 5174 5 13055 16468 15138 4672 13026 4 15138 16477 4 15138 2534 4 15138 3222 5 5 5 23135 20402 16816 7914 3450 22463 6981 14924 4 23135 20293 19900 20149 4902 5 12094 4796 22463 3439 19900 16468 15678 18498 20357 5 5 5 7730 9193 8840 18498 9193 4 15678 16292 4 31 15253 7730 15678 12787 17511 21596 2021 21793 31 20931 15390 5 11462 23135 8995 22463 20304 7730 2156 15678 5876 23135 23135 7730 15678 18498 18533 18498 349 4 12894 12780 6256 18498 23135 20738 16066 18498 866 19854 349 31 23135 5 2725 4 22318 1027 7730 22318 5876 2136 18498 15658 6400 13909 6103 9193 20 8 29 
26 26 2725 21 
22553 7730 22553 8 29 
21 7957 16468 15678 21551 4 15658 20402 20 14604 1097 22385 6103 10548 21 21 19316 21 21 22730 23274 21 
1027 21389 5 5 5 1095 21356 16404 20293 
21 17903 22463 7589 20 20 20 20 20 
10606 4 8956 3439 20402 8147 18195 1393 12934 5 28 5 20402 22463 26 12979 4 9193 8995 18494 7850 21364 498 7847 20402 2727 16958 5 13055 21596 22310 3439 4 20402 7558 13110 4 17438 12861 8995 7188 9901 4766 8956 11020 5 
873 21596 12578 7914 20402 21 21 15678 11570 21 21 6075 26 0 20402 22463 18737 15138 552 4 7723 7730 4841 5 7847 8995 2727 5876 4 21282 17629 6103 22463 3962 15604 7730 873 18498 7340 22463 21551 16404 1027 7730 6256 20402 28 17438 7847 20 21 
21 10606 4 20402 8147 22463 26 17790 13821 7850 19143 7509 12934 5 28 11284 13909 16066 14466 29 20247 5 5 5 7847 1426 21596 14466 6103 29 1249 4 9193 8995 18494 7850 21364 498 4 20402 21083 14907 7730 7723 4 8995 2727 5876 5 18525 19900 6103 873 18498 16784 22463 3439 15458 5055 4 17438 9721 4 2322 20 20 20 21 
21 10475 7509 2836 10291 7509 26 14565 4 5621 15678 3388 7730 17999 15678 20799 17872 15190 5 6408 6103 29 1249 7730 16393 18498 31 15286 20402 17918 21 21 15908 21 21 4766 17304 6103 4686 15678 8995 14480 4 8463 4 13444 5 5 5 14604 4092 22 20539 7730 7696 22 20539 7509 28 12780 21787 2136 18498 31 15041 9193 20369 19703 20 
26 26 26 26 26 26 4 11617 26 21776 26 26 5 5 5 26 11617 26 19753 21 
21 28 6103 1027 
20149 18533 20357 31 9801 6103 1027 4 8918 31 22318 910 5 
31 910 20402 18498 9066 15678 1114 5 
21282 7914 28 7847 17304 8147 20116 5 
15658 15601 910 5 
21282 7914 28 16066 20402 7509 15190 5 
31 910 20402 12047 5 
6256 15678 21680 5574 8387 4766 16083 5574 5 
17458 15678 5574 20149 8386 4 9193 31 910 15658 5 

28 28 6103 28 21 
21 20822 25 7509 15704 22902 
21 21 15963 7491 16098 9094 20 4179 
16784 15678 20326 20 21 21 7730 9193 22318 7491 4 7850 8377 4 
18498 4 16404 16091 4 15138 22897 6933 
7730 155 31 12899 4 18356 6103 8797 5 5 5 
7730 5459 21793 31 15533 4 8329 
31 22805 28 4 4796 22463 18357 155 4 
4455 5 7730 4 1393 23016 7509 20749 4 20133 7730 7914 17588 4 
12106 31 17908 16673 6014 6734 5 
7491 654 6 21 21 22155 1095 20 
18498 5459 4766 7847 0 18498 20357 
21596 15678 18498 7491 4 18476 8995 5354 0 21 21 
7730 9193 22318 7491 6 21 21 1027 16404 8389 20 
17324 21282 18525 1027 17304 21596 16098 
3735 6103 16098 7730 6103 8386 9094 5 21 21 
28 28 21 
21 18307 4 9193 1097 4 11462 23029 22463 9093 5 5 5 21 
21 12863 22 20539 31 26 4 11617 26 21 
21 28 4 15678 13892 21 
14604 15009 6103 
28 
14604 1114 20 
26 1631 26 26 22 20402 0 
21 18525 15643 16098 0 18525 15643 18533 1937 0 18525 15658 19900 18525 7847 20402 0 
7914 21389 14924 7509 22942 4 4766 1097 3702 13026 4 21282 5949 31 10272 5 5 5 
4355 9743 16440 6103 15138 6981 14924 7730 8995 9175 7850 26 28 12984 5 7730 7850 22942 6103 15138 10765 20 
20402 7957 20244 20149 6917 4 4796 22327 7102 20402 20 21 
1114 15678 28 21282 17629 7384 15908 28 18670 
21 11617 26 26 26 4 26 26 26 14335 4 26 22 18740 26 26 28 18670 21 
4060 31 26 31 11617 22 13800 26 11617 22 30 26 26 26 26 21776 26 26 20 20 20 20 
14604 1114 20 
14604 1114 20 
28 18670 
21 15855 21282 4 31 2154 23151 1022 5 5 5 7730 15424 3467 9193 21596 26 20 20 20 21 
11617 14796 26 28 28 
21 21 21 11617 22 6103 26 21776 26 26 26 26 26 26 26 26 21 21 15834 4 23570 7127 21 
13905 20126 
26 27 
21 21 21 5 5 5 26 26 4 11617 22 13800 26 26 26 26 21 21 6103 15834 21 
21 17426 20497 4 2818 20 21 
21 15834 4 352 20 20 20 20 21 
21 7957 23151 17872 4372 20 20 20 26 4 9808 29 20 20 20 6103 21 
4633 22 
21 21 21 26 28 12863 26 26 4 7850 26 26 28 12863 26 26 26 26 21 21 15834 21 
21 14335 9743 13325 6103 22463 23523 7914 18498 20402 9808 4 9743 17233 4 3348 15576 8806 7730 15542 6103 28 6 26 28 4 28 28 21 
21 21 21 26 26 4 4573 26 26 4 26 14335 5 5 5 
26 26 4 26 26 26 4 26 14335 5 5 5 
11617 22 30 4796 26 26 26 4 26 14335 20 21 21 21 
21 14604 4 13497 31 20931 4672 4 9193 18498 23 5 5 5 12787 20402 9790 16404 21662 31 16135 21282 17304 5 5 5 5 21 
21 21 21 11617 26 21776 9971 6103 20247 26 26 26 21776 26 26 11617 26 26 21 21 16066 15658 15658 20402 26 5 5 5 5 15834 21 
21 21 21 26 26 4 4573 26 26 4 26 14335 21 21 21409 21282 20 20 20 6103 21 
21 21 21 31 14425 4672 20402 17304 22918 7730 20149 13591 7509 20924 6103 20879 4 9901 15637 17583 879 2727 16936 7509 14133 5 5 5 26 23167 6103 30 23104 4 22463 9975 6103 21409 6408 22463 19768 5 5 5 31 10606 4 31 23001 4 31 17583 7730 31 10160 4 21752 22463 15894 31 15533 12526 5 5 5 21 21 21 
21 21 21 26 26 26 26 26 4 26 22 30 26 26 30 26 1631 26 21 21 15834 21 
21 28 18670 4 28 28 4 28 28 4 28 28 4 28 13512 6 10606 16816 20 21 
21 26 4 15585 18498 31 28 19983 21752 15678 1424 20 20 20 6408 6103 22463 22942 22564 4 7847 4785 8956 4586 15678 18376 7277 27 21 
21 9980 6 201 31 20247 13909 21646 7509 1249 26 17438 5891 9193 4 23151 16404 3962 14335 20357 22463 10350 4 9193 4809 31 16098 22463 15286 18498 7491 21680 15860 15658 19900 15678 18498 4 21680 3388 2965 7730 19089 4 9193 20402 31 16971 18498 13909 1027 7914 21793 31 10211 20 27 6 5 7827 21371 20402 3058 20 21 
21 21 21 1027 16404 8389 20 
17324 21282 18525 1027 17304 21596 16098 
3735 6103 16098 7730 6103 8386 9094 21 21 5 21 
3962 
21 23 4 7850 3962 7509 28 28 4766 31 8995 28 4 8956 20402 26 6103 30 20 20 20 5 5 31 10765 1756 11462 11300 5 27 5 5 5 4796 20402 9808 8956 14924 4586 23135 5 14604 20 20 21 
21 14604 4 28 28 4 21776 4586 10183 11300 4 9743 15678 918 7277 4 20244 19971 6103 13909 4 15658 15138 18527 4 7850 17406 17438 9721 4 
26 4 
13315 5 5 5 5 27 21 
21 21 21 7585 22 21298 26 26 26 26 26 4 26 26 22 20539 26 26 26 26 4 26 26 11617 26 28 20 21 21 27 21 
22805 20149 17304 6 352 7730 15678 4372 13055 8995 28 20786 20 20 20 23 20539 14604 12787 20 6103 27 
21 24 26 4 5219 352 20 27 5 5 7957 16404 9574 23351 21 
21 21 21 26 26 20402 26 4 26 26 26 26 26 20 21 21 21 
21 4796 30 4586 15678 28 28 4 27 14487 4 9193 21776 4290 5 27 6103 5 5 5 3256 4 20293 3058 22805 23135 20 21 
21 23 4 16440 16404 3962 7509 21340 28 4 16404 21 
21 21 21 11617 22 30 26 26 26 4 26 26 26 26 20 21 21 21 
21 21 21 26 4 26 11617 10907 26 26 26 26 4 26 26 26 26 26 11617 22 30 26 26 20 20 21 21 21 
21 7645 4 17053 15678 20799 7509 14604 4945 22 4 21282 22805 20 19703 21 
21 18197 6 6448 31 17478 7509 14604 11132 4 15658 14335 19509 30 991 6103 6075 19699 26 20 20 20 21 
26 2961 20 20 20 20 15658 201 15658 20402 0 20 26 
26 11617 26 26 26 11943 26 8184 20 

21 21 21 26 7509 11617 26 26 26 0 21 21 26 21 
21 15834 17667 4 15678 18498 21596 16404 11462 20 21 
288 18498 9193 15643 13909 20402 15558 26 
13909 22463 7127 20 20 20 20 
21 24 4 20007 16404 18525 16784 31 8406 7730 6075 22463 19768 6103 3906 21 21 20244 18533 18533 21 21 20 20 20 20 21 
21 21 21 7585 22 21298 26 4 7585 22 21298 26 4 2384 4 7585 22 21298 26 26 5 5 5 21 21 21 
21026 6103 28 
26 22 20539 26 26 20402 0 26 
21 17458 20205 14335 6075 7594 6103 3393 4 3807 0 26 21 
22657 17438 22327 22327 22327 16971 20 20 
8956 4380 14335 30 22 
8956 30 14616 18475 19761 
21 14604 1247 1022 4 6408 6103 26 12780 21596 19768 6 26 4 3098 2371 16972 20 20 20 6103 7730 21252 21486 4372 7914 3962 16404 21 
21 11462 6075 3897 17872 28 28 4 28 4 21438 4586 20126 7509 9193 12319 5 5 6103 21 
12120 
866 14335 7491 18498 8956 20402 22463 3058 20247 20 
21 14604 4 15678 9971 6103 20247 20402 23570 20 5 5 5 11462 21282 14335 19509 7599 5 6103 21 
21 21 21 26 26 11943 26 26 21 21 26 5 5 5 11731 21282 20 21 
21 26 4 26 4 26 5 5 5 21776 4586 20828 7 16404 21 
21 21 21 11617 22 13800 26 1983 26 26 26 26 21 21 21 
21 3807 4 4796 31 22942 16468 20 20 26 21 
20828 29 20 
21 21 21 28 13307 20402 22648 7850 19735 11943 19698 21 21 5 5 5 17458 20402 15658 20402 0 15678 5 15678 22 21 
5 5 5 
23 18498 18527 20 26 5 5 5 
21 23 4 18481 15052 23274 21 
21 20402 4 9542 6103 5 5 5 23274 21 
21 21 21 26 26 26 26 26 26 11617 26 21776 26 20 21 21 7 16404 21 
21 31 702 4 15678 10159 4 15678 1623 7730 15678 18394 4 20402 22327 4 13640 15658 8995 21282 20 21 
8956 20402 31 6103 11462 20 
15834 7576 6103 
21 21 21 20483 4 26 4 26 26 26 26 26 21 21 26 5 7 16404 21 
21 21 21 26 21 21 21 
21 11617 26 26 22564 26 26 26 20 20 20 
21 9193 4 11462 9193 12780 7599 31 21409 12526 5 5 5 5 5 10175 4 4796 23135 20402 2727 22985 6103 21 
18682 5 
22 
21 26 4 17872 18498 2154 4273 4 20149 9193 21282 12780 16468 7850 14307 18713 7730 15643 13909 13325 7509 1961 0 21 
13055 20402 20 20 20 
21 23 4 16367 4766 15678 4331 11300 20 7 6103 21 
26 2961 20 20 20 
21 9193 18498 4672 4 18498 14539 15658 3564 8995 10405 5 5 5 21 
201 5 5 5 14604 9971 6103 20247 201 
21 15834 22307 4 15678 18498 21596 16404 11462 0 23274 21 
21 2371 8995 10405 26 4 21776 20738 20 26 21 
21 21 21 26 18706 26 26 21 21 7 16404 21 
21 21 21 9193 288 18498 9193 22805 22463 10700 21 21 21 
9193 1027 
21 7850 3344 4 4766 31 15658 28 4 23151 7509 519 4 11617 20402 12861 2371 20 20 20 24 20 21 
21 26 4 26 4 26 26 21 
21 23 352 11617 5 5 5 5 3058 7127 26 4 20402 3058 14265 31 20126 6 28 28 4 21340 28 23 28 28 20 20 20 20 4796 9193 1027 4 4796 9193 19698 4 23 9193 19698 27 21 
21 2371 17667 4 15658 19900 15424 26 18498 9743 26 21 
23104 
21 23 4 18498 20126 7509 28 20 20 20 21 
21 23 4 18498 11462 8995 10405 26 21 
17458 18498 9193 6146 18549 31 22942 13640 654 0 5 5 5 7850 20149 12780 14604 20828 20 
21 21 21 20149 11462 20402 15908 4 1022 20420 11462 21 21 5 5 5 5 15855 27 21 
20402 22463 3058 7127 20 20 7 2372 
21 18527 4 15658 0 21 
21 3058 7127 4 3058 7127 17872 3256 28 28 20 20 20 20 21 
21 28 4 8918 14604 10186 7730 8995 22307 5 5 5 5 21776 13210 22 21 
9193 17973 18498 9193 12780 9130 20 20 20 23351 
21 14604 4 15678 9833 20402 21282 7850 18487 7730 31 20247 12526 12780 9901 6103 26 4 18498 2717 20 20 20 21 
21 3058 4 7127 18533 7599 20 20 20 7 2372 31 23228 15128 22327 4 2136 4796 20402 12620 14604 11590 31 16440 6981 10343 9901 31 7157 21 
21 28 4 15678 18498 16647 7850 3564 20402 18498 31 10765 21596 18498 21810 2530 21793 26 27 21 
21 22417 4 18498 7127 5 5 5 11462 9010 22327 15138 669 20 20 20 20 21 
21 23 4 18498 4672 15678 9971 6103 20247 8995 201 15678 5 15678 5 5 5 26 26 21 

