9193 10765 
12780 13761 
21 8406 15458 14149 5588 7205 7509 21551 16024 18498 5252 7914 9450 871 9707 5937 16066 15424 21389 7509 9193 22942 5 11066 1393 28 4 20402 29 12868 4 17458 8956 20402 15678 15677 6103 15286 7509 23489 7509 28 7730 28 18498 31 10765 13909 3702 7850 8632 27 20402 7847 6 
29 5 368 7914 1973 4 4796 13055 20402 6103 20149 8840 17438 20402 6103 16659 27 14604 1857 7730 9193 28 20402 7914 13424 4 1393 5937 5 
29 5 15658 21596 19240 7730 21596 4179 2311 1393 18103 19239 5 9193 15658 20402 2001 5 368 18498 11284 866 6103 7464 7850 15190 4 7850 15364 7730 7850 16971 4 9193 15658 288 18498 20402 22463 28 4 17836 7850 10211 4796 31 11685 15678 1547 5 7730 21371 15658 288 18498 20402 21793 16603 18498 21596 18498 23104 16630 14792 16066 4672 16393 5 
29 5 20402 4355 5 4346 2136 4766 17983 6103 14506 17164 4 15658 20402 30 
29 5 10959 6103 9956 18498 21596 15041 5 9193 18498 22092 20670 15041 4 15658 18498 21596 23206 16971 15036 815 20149 2727 18498 10959 6103 9956 6103 11154 7730 7509 28 21371 4 9193 15658 20402 31 18553 7509 12868 5 
29 5 15643 1937 20909 26 15424 20304 7509 1198 12528 5 
29 5 15790 18498 14335 7491 18498 15658 19900 7509 18498 8995 9594 5 15790 15138 5 1264 6 18476 155 31 2988 17872 9594 6103 866 4 9193 13359 4 19089 7730 14335 12296 15138 20670 15678 1961 5 
29 5 15658 21596 7181 7914 15128 9193 4993 4 7957 15658 16393 5 21282 18498 9193 17629 6103 1679 21289 17872 12861 4 15658 20402 18475 5457 20244 10480 18498 15128 9193 11644 5 9193 9193 17908 8386 15678 13131 7509 16971 7730 15678 18498 9743 4766 18498 7847 16721 4796 16721 5 
29 5 1027 15678 9032 7730 31 15286 7509 1249 29 31 29 5 17836 1249 29 4 29 7730 4 2126 4 29 4 17458 21776 15637 9692 14336 11438 27 
29 5 1027 13529 5 22463 7509 9193 16920 9726 7509 15190 20402 31 7491 28 21652 4 2434 3329 7730 7589 7509 14425 14156 6103 13529 7509 22942 8 29 
29 5 20402 1409 16673 28 28 5 20402 12233 15678 18481 8956 15144 14335 12442 5 
29 5 18533 19900 3702 4796 31 15499 28 5 16083 18498 14335 12442 5 
29 5 20402 6103 11570 9193 10959 6103 9594 6103 28 7730 16083 4509 15355 5 10959 6103 19900 4796 31 4672 10473 7730 6103 7434 20670 31 18553 740 15658 19450 7509 4509 5 
29 5 20402 17668 7730 15658 9743 2060 10555 4766 10385 4 21776 21582 15128 5 
29 5 19900 871 10927 6103 6202 16972 9193 20293 288 18498 20149 17629 18768 7914 871 20644 6103 16849 12780 22110 5 
29 5 10959 6103 4189 5 28 20402 31 9193 9726 7509 18498 3391 7850 14604 3047 5 20149 18533 14156 22463 19768 13278 4815 4 14335 5474 17872 22463 2547 7730 12780 7459 22463 13581 27 
20149 18533 10252 31 5588 7730 6256 15678 1097 7509 28 19900 13909 6103 23135 4 4793 18498 6075 22463 15677 27 8 29 21 
21 21 21 22463 14469 8458 7850 23575 21648 1393 1902 13290 28 16673 6694 28 28 4 17753 7509 22181 6103 13048 21774 4 17797 31 4999 6103 22463 3047 6103 2136 18610 29 5 29 14470 16404 9987 31 7804 6103 9943 7730 6399 6103 13004 7730 6694 7509 19698 8406 15840 7730 29 1249 6103 11636 5 21 21 
8329 12861 4 22463 969 7509 8632 6103 1826 4 4509 7730 11571 7509 22575 5960 29 14667 18772 17438 1249 1393 4656 18449 4 20207 15678 17476 6103 22059 7509 22575 5 21282 16404 7809 6103 4846 14539 5 21 
21 23554 4 6717 6 21 
21 1393 22898 19969 17872 8147 22463 3702 17872 10765 9901 
7850 4417 4 16066 16673 13579 5 5 5 
22463 12939 31 10765 21596 18498 6075 4 13026 22463 7850 16083 
12780 4289 4 14604 2727 4 15678 15576 3885 5 21 
7847 5219 15678 7251 20 8 29 
20311 5 
21 9193 17525 22463 21684 1614 8956 20247 9594 20670 4796 9193 4 11462 4 20402 22463 16971 13909 5523 5 7730 2371 1421 8956 15599 7509 9142 4708 5 12861 14335 9743 16721 18498 4 1471 6103 21596 13909 5521 4 9193 740 21596 14378 5 9193 21596 15138 14378 5 9193 18533 18498 23135 4 4796 20709 4 19900 18498 15678 14604 14378 7730 15678 6103 16083 15144 15658 12780 9193 11810 6103 21596 5521 5 15671 12780 8995 7914 21793 15678 13727 7730 12780 8995 13749 5371 8956 2109 18498 8956 20709 21798 5 15671 15658 21798 5 12861 15658 20402 15558 5 23135 9193 8361 31 21596 14378 4 18476 15671 15658 17304 9233 18498 31 4672 9193 349 20244 6256 6103 23104 5 1612 15108 15658 17304 21596 9233 4 19900 17438 18606 0 17458 7847 15658 21681 5891 5 17458 8956 20402 15678 19701 18498 20149 5590 17438 20402 15144 5 15658 17438 2685 6329 4 15658 17438 19969 6329 4 15424 17438 20149 4730 7914 20644 6103 19701 5 20402 17438 20402 15144 7730 8995 15678 21551 21793 7914 19701 5 8386 4796 12861 20402 7543 0 21 
21 9193 15643 20402 6103 21596 5521 5 9193 15894 9193 8995 11284 29 28 0 9193 8995 7850 14336 7509 14265 4 4766 29 15108 5 17159 6560 7850 21631 4 22886 22463 13913 18498 14335 19283 17031 6103 15052 7850 3315 4 4766 22463 14847 7850 5648 5 7730 15671 3610 17438 23206 11518 5 8593 4 6582 16633 8657 7730 18281 15658 13142 6103 702 10730 15658 7127 10389 6103 16077 5 9193 9193 13055 21596 29 1249 20 17629 6103 16673 14466 22463 7707 6103 1006 7730 29 22202 20813 8406 15144 17872 8386 18498 21793 15678 4163 7914 18498 14335 4730 17872 14335 18044 14335 13494 5 14335 9743 20357 10296 4 16753 7730 11878 5 14335 9743 20357 14378 18498 14335 11810 6103 5741 5 14335 9743 20357 14465 4 13909 10296 7730 14466 17714 7509 18498 18475 11474 4 17438 13909 14386 18498 7847 20402 5 9193 9193 288 15678 14604 13727 5 7730 9193 654 20402 6103 21596 5521 5 16169 4 15253 4 8361 20931 9942 31 10268 6103 21095 15678 14378 5 8361 1393 20931 9942 15678 22665 7509 5521 7730 5762 15144 10259 7730 20215 5 1027 6103 10211 31 7923 7730 15658 6103 4164 31 13441 5 1114 18498 20149 17805 15658 17958 15424 19371 5 1114 6075 20214 7730 7923 5 
15708 28 4 17438 14335 15061 8956 13690 18498 9193 17304 134 5 15708 14464 4 16673 4842 7730 16673 10273 18498 12780 17525 15678 15266 21793 27 5 18498 23016 13909 22202 4 17458 31 10765 8995 21282 4809 5 21 
20420 8302 20149 15658 6981 6739 
7102 8995 9743 21935 9193 31 28 8995 14265 22463 22678 7730 9193 15658 17511 16784 
21 17438 9721 4 12780 8627 31 4672 21 
21 9743 21551 9193 18533 6564 
7730 22805 31 4672 17438 2371 
23104 5133 15678 18498 23016 
21282 17629 7509 18498 9193 21596 
9743 21551 9193 18533 16475 
7730 8995 17438 5320 6103 23104 
9743 15678 18498 18533 6103 9193 
14335 13446 7509 22942 21 
21 20402 31 15108 13909 13512 6103 21793 31 4417 
7730 20402 13042 17872 7847 18498 9193 8678 15678 14604 17819 2961 21 
21 9193 7850 3906 4 9193 7850 9867 4 9193 7850 22942 5 21 
15671 2136 15344 9193 1249 29 5 9193 20402 3450 16733 6103 7432 18498 15671 10959 5 5 5 
15678 18498 8995 349 0 15678 15190 8995 1393 5431 7730 15502 19310 5 5 5 
20293 19900 
21 20402 4 9193 21596 740 15138 4672 17872 1820 
17972 18498 14335 9743 7730 18498 740 15658 5913 
16192 14335 703 15678 21551 9314 17872 9594 
4672 9193 4 21355 23135 15424 18533 16098 5 21 
28 28 22318 1027 
21 21684 
6103 21793 31 9692 7509 14604 1006 17382 4 31 18498 13909 14335 18443 7914 7728 4 7914 21596 6103 1959 22463 17509 4 20402 31 18553 7509 6860 7509 17377 5 20402 7188 8474 15678 6198 2932 6981 12476 18476 20463 9626 8995 13761 6389 7509 18490 4 9743 16440 7509 5580 5 9193 4 20582 4 15678 18498 20402 12861 18498 8995 349 0 22564 20931 17377 4766 17304 6103 10159 7730 22136 6103 4774 16404 21 21 19551 17511 21 21 6103 12476 18449 6103 8361 15781 17438 9128 4 20304 10976 0 9193 15643 9130 15637 8632 18449 5 6103 9707 4 15678 18498 19900 7509 18774 7509 8361 18449 20402 15678 18498 16098 7730 22805 16673 15860 7509 14604 23114 7730 1097 4 14466 584 18498 15658 21596 3047 7914 8632 16432 4 4796 9193 21596 5 7730 14604 2439 15424 20402 7509 17107 7509 16847 5 5 5 9193 15678 21013 7509 8361 18449 20402 9229 5 13055 16098 6103 15138 16971 4796 20402 15678 8361 11284 29 4 29 1249 7730 4796 20402 31 18774 11462 5 6097 15678 9128 4 20244 17304 17382 6103 9707 4 20244 1506 12470 10259 4 21596 4796 23577 14336 6103 9743 20931 19197 15299 184 4 5482 5 12735 15678 7046 6103 22816 7730 14520 20402 15678 15270 18498 20149 17304 9743 31 21810 6103 17511 7509 8632 7850 18470 7847 14539 9130 4 20402 19547 7509 12476 20244 22463 17517 6103 352 0 20244 20402 16098 0 20402 15708 31 238 31 4672 4796 8995 0 20559 17458 18525 20215 15678 16083 13131 7509 5531 15458 3402 6103 11154 17520 22463 5580 1694 18498 17304 22564 1393 20931 23167 0 9605 21267 5 18498 17304 6103 19197 21596 22463 17436 5371 22463 10982 18498 17304 9743 22564 6103 23014 13299 17872 18766 20931 17509 7730 4164 31 19197 7509 18191 17563 0 16765 31 7178 6103 10268 0 16765 18498 15678 13131 13909 10259 20402 15678 13131 18498 8995 17556 20149 10131 17872 2727 8995 20699 0 16765 15678 18498 20402 21596 31 17377 14684 31 20446 6981 10982 0 16765 4796 20402 7188 6202 31 2367 5500 16673 20161 6103 20214 18449 15458 20644 7730 7914 16083 0 7730 19900 15678 17106 0 31 16971 879 6103 9660 5913 15970 5 20463 9943 18070 8995 9130 7850 4761 15894 9130 5 15894 15658 9620 14273 4 15658 9620 702 4 15658 9620 16296 11398 5 18470 31 1589 6072 16971 6103 9660 4766 15678 9128 18498 7847 4 17438 15970 4 7102 19547 6072 8806 7730 5371 15678 18470 4 17438 18063 4 17304 9743 22564 6103 10268 0 20582 4 15658 288 12861 184 20402 6103 22463 14309 3819 8322 5 
9193 17511 15658 8995 7850 28 6389 6103 22463 22920 2009 15771 7730 17511 21596 22463 23067 21113 7509 18498 20402 31 23014 22535 5 9193 9193 19900 7509 17867 18498 20738 7730 20738 17438 21596 16400 4766 17343 14684 5 7730 13055 5484 4766 16971 1694 21036 17872 8386 18498 31 17377 20402 22463 14627 20709 7730 4 17438 12861 4 21596 22463 13131 2727 17309 5 9193 13055 22805 4697 6103 21932 7509 14604 16169 191 6103 17304 7730 20149 13591 6103 22463 2372 5 15678 5 17438 12641 6103 20463 21121 5 7730 654 4 4796 969 6103 22516 18449 4 17511 7491 18498 21596 5179 7509 7558 13131 6 31 7804 21011 7730 15678 17556 17304 7509 9128 7850 21810 6103 6152 7 7730 31 20644 7509 17343 14684 20967 31 8956 19136 4 17669 7730 7914 5322 4766 31 5614 7509 12476 5 17511 15658 21596 22463 3058 11644 7509 19522 7509 6860 4 9193 10765 5 5 5 7509 12939 18498 8995 4 8995 15138 8561 5 21 
26 26 26 26 26 
6075 17872 3224 6103 10197 4766 15678 1097 
21 21942 20402 21942 4 14539 18476 15678 23515 4 15678 10289 7730 31 9193 3790 15658 9193 9722 5 8 29 26 20916 7585 22 21298 26 26 26 28 26 4 26 26 26 28 26 5 5 5 21 
26 20402 31 21045 26 26 31 26 26 26 31 26 26 27 
21 10765 4 14335 753 31 10648 22463 17915 17872 3388 4 8995 22327 22385 3894 
21282 155 8956 10273 7730 5947 9193 10273 9193 4795 5 9193 662 7850 14797 7576 7730 6256 31 1095 22327 22564 15678 17915 22463 22897 27 753 24 4 12780 13761 9634 4 1097 4 10606 7509 26 4 16971 4766 18525 15643 9594 7730 16971 6103 18525 9193 5947 15678 26 22327 4 9743 8956 17872 9193 0 8 29 21 
21 26 26 26 4 26 4 31 11617 26 26 4 11617 26 11617 26 26 11943 26 26 5 26 26 11617 26 26 11617 26 26 4 26 11617 26 26 26 26 11617 26 5 11617 22 30 26 26 26 26 26 26 26 4 26 26 26 26 4796 26 5 26 26 26 22 30 26 14335 21776 26 26 5 5 5 26 26 26 26 15803 26 26 5 21 
22463 17556 6103 12446 17872 22463 7576 8 29 
23135 18498 8995 9743 2609 7850 2439 7509 16705 9743 15678 9721 6103 16367 6103 16208 17458 23135 21932 4099 1022 5 11043 5 
15855 7847 
21 10606 4 12780 4766 3558 9193 14447 4 8995 7188 340 27 21 
18498 9692 
22463 7157 6 15658 20402 5 
21 31 16971 20402 6103 9314 7730 11570 1393 14539 21551 4 4796 18498 17304 0 0 27 21 
21 9193 23104 9743 22463 16630 
17872 14231 18498 22318 13405 5 
20402 18498 9193 8995 4766 20126 6103 22318 5 
9193 8995 4 9193 8995 5 21 
20402 22385 22823 18498 7545 
1421 7850 9193 26 7730 20420 22463 5767 15658 4854 27 
7157 7509 7127 
21 15424 9193 15424 23135 20402 31 14539 6981 10273 13909 5 9743 18494 7558 1249 18498 7847 20402 21752 5 15671 15128 9193 1434 4 15658 19900 20149 17872 14425 16066 17106 4 9193 9193 8959 21282 9239 5 7730 4 17438 9594 7914 15127 4 15678 18498 20420 6103 15671 20244 7847 4 15658 20402 14539 0 21340 15127 15138 22898 20402 6171 6103 9193 8637 5 22463 4672 8302 7850 9193 22942 20402 18498 31 14426 4672 18498 9193 21596 11462 20402 6171 7509 17107 8637 18498 9193 13055 9743 5 23135 20402 22463 6981 14426 4672 4 19900 0 20402 22463 8637 5242 19854 18498 14335 13405 31 9130 4766 23135 13761 7850 15697 4 7730 20402 22463 9692 2727 19854 15324 23523 27 9193 9193 15658 11731 31 9193 22942 11462 20244 20357 9620 6072 3488 4766 18374 6103 18512 18498 31 10765 21810 7730 7509 20463 136 14285 5 7730 15658 11731 21596 23104 15299 7174 7509 18498 23104 5 31 4672 18498 1540 4766 23135 15658 21596 20402 1540 7509 14539 10211 4766 15425 16083 16971 5 7730 9193 21282 21596 31 662 17438 21596 23135 7850 9193 22942 4 9743 16440 7509 14426 4672 18498 9193 17511 7491 18498 21596 5 19900 18498 15658 8995 7850 9193 14425 9692 654 4 9193 21596 23135 17872 14335 1502 7730 17304 22318 1502 6103 23151 4 13055 21596 15138 20855 5 15658 20402 15678 12939 18498 31 10765 17229 9743 29 1249 4 9193 8995 1614 5 7730 8995 16784 4 9193 8995 13026 5 8840 18498 23135 1575 15138 15678 7127 6103 11462 4 18498 15658 6503 15643 31 17406 6103 6820 7509 20463 15699 7730 18498 21596 31 22942 13909 9509 18498 873 17304 21596 5 18498 20463 28 20402 22385 8810 18481 23135 20402 17872 9193 5 9193 22318 1027 4 2374 5 9808 1247 21 
21 21355 9193 20402 16753 4 7850 4060 21389 17877 18498 13055 15658 7850 3391 14335 5876 
21355 9193 7102 20402 10259 4 16630 1393 14133 17438 13909 20855 7730 1540 31 15374 5 21 
21 991 6103 15658 21596 5528 4 15658 21596 13054 27 21 
21 26 26 26 26 
26 11678 26 26 22 21298 26 26 
26 22 30 26 26 16105 
26 12863 22 20539 26 26 16105 26 26 21 
22463 16620 6103 28 7850 30 
21 29 1249 13055 0 8995 7850 11518 6103 9743 16083 4 28 27 21 
21 16765 4 28 4 31 17002 7509 4430 0 21 
21 11678 26 26 28 4687 26 26 26 11943 26 26 
11678 26 22 18740 26 26 28 4 11678 26 26 26 31 26 
11678 26 26 26 26 1983 26 11943 26 26 15803 26 3733 
26 11617 22 13800 26 26 26 26 22 30 26 20402 4 26 21776 14335 26 8611 5 21 
21 9193 15658 5652 13909 17525 10273 6103 1244 4 9193 12780 155 22463 9336 17872 8956 29 6103 14230 4 7127 7509 17316 5 15855 31 20414 7850 15855 6103 18525 21596 201 6103 22805 15678 28 26 20799 20954 7850 16196 5 16323 4 13730 4 14604 17737 11862 6103 28 18498 17511 4854 13909 14924 3058 4796 15678 18498 21596 4854 4 18498 21596 13909 28 9808 7509 18498 22223 4 7730 18498 20931 22942 20402 22385 8810 18481 23135 20402 17872 9193 5 20931 4355 27 21 
15855 15671 7850 14265 
21 9193 8995 6137 17438 21596 155 15678 28 6103 14049 7730 21596 22886 21389 17523 6612 20670 15678 7127 7509 15144 5 9193 4 15855 9193 26 654 4 9901 9808 17438 22805 21389 15144 5212 7509 22225 18498 20402 21596 22463 7127 12604 7509 15144 22385 2499 5 8956 7127 15658 20402 6103 4790 5 15658 20402 9808 5 20402 17872 13325 7509 29 15933 15036 18516 15324 10542 4 7850 12760 7509 21264 30 5 20402 17872 13325 7509 21752 18498 2046 28 5 20402 17872 13325 7509 9143 7509 15416 8670 4 7509 3184 6103 28 5 20402 17872 13325 7509 684 18498 6256 28 7509 16705 16362 5 20402 17872 13325 18498 9193 4 23135 7730 20931 12787 13909 15604 8637 31 19830 18498 12780 22886 4766 2614 7850 21743 6103 22065 18498 12780 22564 5 20402 17872 13325 18498 7850 16006 15260 14464 6103 29 1249 15036 7914 6173 6103 9834 7850 23578 1603 16468 31 28 6103 14413 4766 20463 14182 6103 29 1249 5 20402 17872 13325 18498 21596 15138 4672 8561 4 18498 15671 8995 13749 17872 15128 5 20402 17872 13325 18498 15658 12780 13909 9193 3532 4 12780 9743 6981 8503 15678 8725 18498 7847 18784 20402 5 20402 7127 6103 18953 7509 13749 7730 6103 20931 15390 5 21 
22463 7127 8147 31 9193 16580 5 5 5 
21 21 21 9193 4796 1920 23135 21596 14378 6103 2473 0 21 21 10765 15855 8956 21364 6981 2818 21776 14335 22150 21 
21 3697 6103 3913 14676 6103 14378 7509 16971 18498 14335 4163 7730 14335 16958 6103 651 5 9193 13055 21596 13761 15678 14604 1266 4 14604 18883 4 18498 9193 16784 4766 31 13759 7509 7127 5 9193 21596 352 4099 4 7730 14335 20357 23570 5 21 
7599 5 
7509 4672 18498 288 7914 20402 28 5 
21 14604 2727 4 23135 17872 9193 20402 17869 5 5 5 20855 11020 6103 22463 22897 7850 22942 5 21 
13055 16765 
21 18498 20402 18498 21596 0 13055 18498 8995 23106 4 31 10765 16673 14466 1575 13909 5 5 5 30 22 21298 26 0 21 
8 29 
21 15855 7847 22463 4623 20215 31 16083 4 7192 6103 16464 21 
16765 28 31 17002 7509 4067 
18498 19205 0 
21 21 21 20463 7102 13727 21 21 4289 6103 28 17438 11462 4 17919 20 21 
20670 31 30 7509 22942 
9901 31 7157 17872 28 29 
21 31 14425 16440 6103 9193 9193 201 6103 6592 5 7730 20149 16836 17438 9193 4 7491 18498 8995 23570 5 21 
654 9193 8386 17458 7847 15658 15684 13909 5 
21 26 4 2836 26 5 26 22 20539 26 18772 26 5 21 
21 2371 6103 9193 4 18498 15036 6103 23167 
6389 6103 9193 14539 13055 15424 3391 13909 
18533 20539 4 2136 16673 14561 
6103 22327 9193 18533 22463 17556 7730 23135 19900 21 
21 18533 20539 4 15708 8 29 21 
20402 18498 20420 7174 7850 28 0 
21 13909 6103 14336 14676 6103 468 4 871 5758 6103 29 1249 4 3962 4 4766 9943 7730 20244 16925 5 8956 21684 20402 6072 4672 18498 15658 18533 13359 4 9193 15658 19900 20670 15658 9743 4766 18498 15658 9387 5 21 
8268 6103 28 5 13727 13512 2136 7850 4380 
21 17304 20402 15678 18498 23135 18533 4 16066 15678 18498 9193 21596 17872 22318 6075 5 5 5 22463 22942 12526 17872 23104 16066 22463 21282 20207 17872 13325 5 21 
21 11617 26 26 26 2384 26 
26 26 22 20539 26 26 26 26 26 1631 26 
26 26 26 26 11617 22 13800 26 
15833 2384 4 15833 2384 4 11617 22 13800 11943 26 21 
21 20402 13909 15678 26 4 20402 13909 28 5 21 
21 21 21 3450 26 21315 20402 22463 20207 7509 22942 18498 16468 4 10447 4 15658 20149 19335 5 7730 11284 15423 21389 12546 4 21389 12578 4 18498 15678 17877 20402 21282 19919 23104 5 18498 3450 22463 15678 19450 4796 17304 5 21 21 28 28 21 
22126 9193 26 17872 22805 20149 8956 19698 12976 702 14539 
14425 17737 6103 29 
21 10959 1920 4 4809 2727 5 21 
21 7157 6103 11462 17872 29 6 
21 21 22463 15144 20852 20402 4796 15678 20749 5 15658 3219 17872 23135 5 21 21 21 
21 21 21 368 18498 12261 20402 866 18498 23135 3913 17438 2371 4766 23135 5 15658 22463 13727 16404 15894 23135 12780 5 21 21 21 
21 26 26 26 26 14335 
11617 22 13800 20916 26 20402 26 
26 4 11617 22 30 26 31 26 26 26 26 26 26 
26 26 26 4 12863 26 26 26 28 
11617 22 13800 26 31 19845 28 4 26 26 26 26 26 
26 4 11617 26 28 26 11617 15101 26 
26 26 22 21298 26 14335 26 26 
22 4060 11617 22 30 26 26 26 26 21 
21 733 4 15678 9021 12865 5 5 5 21 
21 15678 14133 20412 18476 7847 17159 7850 1658 
18525 20019 7850 2708 7509 14133 20402 20408 21 
17714 15678 4656 
1027 31 18471 7509 10273 18498 31 10765 21752 5 

21 7914 21551 6103 21 21 9193 15658 17629 7509 9819 21 21 4 8956 20644 15061 15678 17460 6103 21793 15671 740 17629 4 12255 5 21 
31 15559 20402 22463 11723 11743 5 
18498 9956 5 
21776 4766 14378 6981 7127 
10765 27 18498 20644 14149 5 
18476 12780 14018 16083 6981 17872 21631 0 
21 21 21 20149 8060 1393 16083 4 9193 20149 6075 31 20500 14539 5 21 21 21 
21 20149 20402 9901 4 9901 6103 22463 22897 4 15658 8344 5 17458 8344 20402 21282 6389 7509 134 5 21 
8956 21401 5 5 5 5 
8995 2727 0 8443 8995 2727 5 4369 7750 12780 9193 1027 205 
21 20670 31 18195 7861 5 5 5 5 20149 9193 4730 22463 15677 7850 22548 7879 7730 16083 7850 16296 4 21282 16673 23414 4 15678 18498 349 0 21 
19094 6103 14600 
28 28 28 20402 1920 0 
21 19525 6 31 15108 15658 18533 21596 9943 15643 4 9193 8995 31 11810 6103 9743 13193 4 17458 288 18498 7847 17304 15128 6103 11644 17324 20402 15138 15604 5 15658 5320 31 2242 7509 15144 20670 15678 18191 5574 4 15299 6103 15604 20663 15678 20749 5 21 
18533 21282 22805 
27 
21 11617 26 11617 22 13800 26 26 4 26 10907 26 26 26 26 11617 22 13800 26 26 5 21 
21 15678 18498 9193 2685 17438 23135 6075 17872 8125 22463 15377 
7730 15658 21681 2604 18498 14335 9743 8918 
15678 18498 9193 2685 17438 23135 15643 1845 2685 
15424 17126 2685 
15424 15502 12780 2685 
15678 18498 9193 2685 17438 23135 18494 20293 20402 19854 
7730 2727 1276 7509 9971 9193 13055 21438 1393 14511 
15678 18498 9193 2685 17438 23135 14335 9743 22385 13923 
18498 13055 20402 15558 352 7850 2832 
3450 7589 6103 3126 7730 4005 6103 13236 654 22318 20852 662 
20149 20463 17226 20402 5371 15678 14604 10554 4 14604 2727 4 23135 20402 2727 21017 
16323 17872 23135 5 21 
21 9431 17872 28 17091 4 28 28 5 27 21 
23206 19699 7850 14336 6103 22463 5152 6103 16192 5564 4766 22463 5528 5 9743 21389 20357 18481 9193 9743 27 
9193 4289 9193 3143 
21 21 21 20149 20207 9789 20402 22463 4189 5 21 21 21 

