21 21 21 15678 18498 20420 7509 22942 20244 31 14453 4 7914 0 21 21 26 4 28 28 21172 7850 22942 28 1515 14265 4841 1097 21 
15855 31 10273 7730 6075 19699 20 13829 29 12787 26 28 28 0 26 20402 22463 20496 
18498 4672 13512 20 
30 20 
21 21 21 7017 15678 15190 7914 3348 6103 835 4 20244 15643 15855 16404 6389 6103 15671 14539 5 15138 7509 16971 13909 9808 20402 1612 18498 17520 17556 5 9193 20402 18498 8995 18784 15138 9808 4766 15576 28 4 9193 11020 3962 4 15576 3919 6103 13753 0 21 21 21 
26 20 
21 21 21 11284 16971 18498 4346 17438 19900 18498 31 19795 21596 8863 4 11284 16083 18498 20852 17438 19900 18498 15678 8865 21596 19795 20 21 21 13817 6103 28 15678 14604 3058 21409 20 21 
7730 15678 18498 18498 349 0 0 30 7850 15371 20 28 1027 23135 21282 23016 29 3472 11302 991 6103 29 14604 4122 0 13055 20402 28 14149 28 15708 
17324 20402 20 
8995 17525 8956 10273 16404 6256 1614 14604 663 7730 9193 9801 7914 22398 1393 14604 13131 20 15708 16673 17705 7730 3870 20 19900 18498 23135 13055 20149 21858 11861 6329 7730 18498 13055 15678 1027 15138 20 16815 30 28 30 2907 0 3472 11302 11302 3021 28 5619 5021 13424 10696 29 17556 
22463 20472 7509 23135 20 
1453 1409 17438 8956 10273 20 18165 
21 29 6 29 4 654 20539 17511 18784 22318 6679 16323 20 16404 23135 4 21793 9801 7730 1114 7509 15190 3393 5 5739 18498 23135 15658 8840 22463 4672 6981 23016 6103 9193 4 17555 16192 7730 22463 10273 3086 4 9193 6146 17538 17324 7847 15061 31 20583 7730 31 1103 22823 18498 21596 20 7730 18498 14539 4766 8956 16753 7419 4 8840 18498 8956 15576 20853 15643 201 7730 15138 14466 9193 9913 20 
9808 1247 14425 1095 20 1109 9171 20 21 
26 11617 18772 26 5 8 29 
13909 22463 16404 4711 
1109 16404 20293 20 
9769 15678 15860 7730 20357 31 26 20 
21 352 4766 20931 1095 22318 13480 4 16404 22805 13640 31 13566 6103 5486 20 2924 22575 29 20 20 9769 4766 15678 3077 7509 20244 3027 20 21 
12861 20402 28 20 20 20 20 20 20126 
21 21 21 13441 6103 23123 15658 11522 18475 4 13441 6103 17562 15894 15678 5528 18533 5 21 21 28 28 26 21 
1409 20 20 20 20 
21 21 21 22463 10964 7850 15761 16066 22463 20558 11117 6103 1658 17304 15128 22327 5 19062 31 11454 4 22020 7594 7914 10901 5 21 21 21 
31 10696 7730 31 22617 20 
18352 29 6103 29 2136 15678 9975 6103 15576 13598 20 
15678 21613 20402 20311 20 20 20 20 
21 740 15658 8995 368 20 18498 23016 29 9692 4 18498 23016 29 20 21 
12894 20149 6256 61 17438 14487 18498 21582 17371 20463 3610 4766 10462 15400 5 
19456 308 6103 22327 20 30 
1920 15658 7509 28 28 20 21776 18559 7850 14604 3702 7730 13761 23016 23135 20 
9743 6103 22327 17438 23135 20 
21 21 21 31 1103 20402 22463 17643 19002 18498 21858 7558 20402 11690 4462 7509 9801 22463 7509 16083 5 21 21 28 
23151 28 19692 28 20402 15138 17556 17872 15671 21 
21 4796 12255 15658 5219 9193 19589 4766 21793 7850 23575 7127 4 28 28 4 28 20225 4 28 28 4 28 28 7730 9193 19450 17438 1614 14539 9743 22463 16753 11477 31 21793 5 
17818 4 1276 6103 662 4 288 11861 18950 18498 18475 663 20420 15138 14767 16936 7509 8744 18498 3450 22463 6103 23135 21596 5200 5 20539 4 15671 16765 31 17705 6103 3450 22463 4 3450 11091 4 3450 23180 16784 4 3450 4229 6103 918 4 3450 5311 18498 20402 15138 4 3450 19699 4 3450 2771 4 3450 22897 18498 31 22356 8995 6503 7730 23135 20402 10480 4 16404 13325 18498 8995 7914 22463 22915 6103 10217 7730 13640 22327 1616 16468 5 18784 4 22327 16468 7730 654 21282 9193 19509 13324 7730 663 5 8840 18498 21793 23135 9193 11139 7850 5528 4 1920 4796 21793 8995 11139 7914 15576 5528 6103 22463 14031 15138 8810 5 20402 15138 3058 21596 15619 21 21 9626 21 21 7686 22463 20247 7730 16765 18498 20402 17521 5762 22463 11048 6103 550 4766 16971 18498 15643 16721 7914 5174 5 23135 20402 11861 17438 9743 6981 22915 4 31 14425 22915 6103 21793 7730 18498 8956 20825 20402 18779 5 15643 8918 6981 20247 23577 18498 16468 4766 21793 5 15138 15708 28 8 29 20402 15138 17556 17872 15671 21 
7730 20402 1920 18498 9193 6917 6103 28 20 16494 3435 28 30 28 19693 17478 20402 15678 3805 21282 23327 15138 17556 17872 15671 
21 3759 14018 4 15678 14226 20539 20304 20 28 15253 21776 13278 20007 28 29 29 30 19693 14025 28 23016 4766 31 28 15256 7850 15629 21 
13285 7340 20 7127 29 28 15256 7850 15629 19693 29 29 28 23016 26 
1453 15678 17819 7127 6103 28 20 19693 28 15256 7850 15629 28 29 29 
21 2371 3393 4 8995 1614 11462 16404 22318 6679 22463 9808 1247 7730 21793 1612 4672 4549 6103 20293 20 15138 13054 15458 15604 9692 4 17438 9721 20 18498 23135 21596 21021 7914 22327 18498 9743 5 23135 15658 19900 31 9620 18498 14335 9743 21793 31 14049 5 17304 8995 13667 4 9193 9193 1103 20293 5360 31 14539 7730 5739 18498 19900 7384 5 8995 1614 18476 18533 7730 31 11518 18498 17629 20 
22318 1027 6329 8 29 
28 28 
15741 6 14604 21684 8995 19854 9193 20402 6103 5528 20 21 
21 21 21 31 10268 6103 22463 11156 15658 8995 7914 20931 8786 7730 20539 7850 6679 6103 5913 31 13048 5 21 21 3623 16559 29 10273 6 28 21 
21 21 21 2626 31 16971 20402 13909 20584 4 11509 7730 11581 4 18498 22805 4901 14147 7443 4 16920 8887 12577 4 8536 18691 19450 4 6152 1132 13909 13446 4 17635 12458 7890 7730 2053 21186 14466 7831 5 21 21 
28 28 21 
21 21 21 18533 4346 15678 20463 4346 4 18533 20852 20463 20853 4 22657 17438 23135 9387 1095 5 21 21 21 
13512 6329 20 20 20 
21 21 21 22463 1103 15658 20149 9743 16673 15678 21551 7914 18498 7847 9387 7730 20539 16673 20583 7509 20352 18498 11284 15423 20 21 21 28 28 21 
28 28 20402 23135 0 27 
15855 2371 28 28 
21 1097 4 15855 12861 20 20 20 28 28 28 28 28 20225 28 28 28 28 28 28 28 28 28 28 22831 21 
28 28 13325 6103 23135 20 27 8 29 
22667 15678 22823 20 
21 11462 9901 16721 2727 20149 23135 14514 16066 15658 22463 11477 16404 15678 20463 1247 4 7730 21355 23135 14514 20 3222 5 
9193 8443 3393 4 8995 1614 16404 22318 6679 22463 9808 1247 7730 21793 1612 16083 4672 6103 20293 5 18498 28 17511 78 15658 1453 23135 4 9193 31 9193 1103 21371 5 15643 6820 6103 20463 20826 7730 20149 17629 6103 753 4 23135 19900 15138 2727 18498 17304 5320 4815 4 17324 7850 18498 9193 5219 22318 753 20293 22318 753 5 15138 13054 15458 15604 9692 7914 0 20 
733 4 7730 17438 9721 4 15658 17629 7693 6103 9193 4 16066 15658 368 18476 9193 7491 18498 22318 1027 4 17324 14539 8995 538 23135 740 5360 20402 31 14539 28 18498 9193 20293 5241 20 
22318 1027 6329 4 7730 15603 4 9808 1247 5 21 
10943 
21 15678 18498 28 22507 4 15502 17304 20369 20 16404 21793 15678 20293 20244 9965 15678 18498 18498 349 0 21 
21 3219 7914 22942 4 20852 1393 21778 4 
21282 22923 1114 7730 16580 20 21 
12786 20 1109 
17872 23135 0 21793 15678 14604 1114 20 
21 15708 4 15708 17438 22327 20 1453 12861 18498 21596 16404 9594 15458 14924 5 1109 9171 20 21 
21 20402 7589 28 4 23135 16630 22463 11477 7730 1614 9010 7847 4 17324 20402 22463 1095 15138 14407 20 13909 22463 1249 4788 20463 1247 13026 7730 8840 18498 1920 20402 16404 31 22942 21793 5 5360 20402 8956 14464 18498 23135 20402 4 17324 17478 12780 20293 20149 155 20 22318 6679 22327 6103 14425 18498 15678 15190 17304 6075 4 20826 7730 18780 4 1097 7730 19699 4 1114 7730 28 28 4 20127 4 16580 5 5 5 8995 4766 23135 16404 21793 15678 20293 4 8443 4 5320 4815 20293 18498 17629 20 15708 28 4 15708 17438 22327 4 6670 31 3213 13909 6879 2136 31 19699 17438 15083 13909 11663 20 13909 22463 22897 4 14604 16323 5 22318 1027 6329 12505 21 
21 9193 19900 18498 9010 22463 17556 21409 4 9193 12780 13761 5 13055 18498 31 28 4809 4 12783 21623 20 
30 4 22318 6679 15603 6 16323 20 20 20127 4 16580 4 1114 4 13909 28 7850 20931 22942 4 18498 21793 15678 20463 20826 17511 20149 18779 7730 8406 16083 4672 4549 20 8995 20293 4766 23135 4 22318 15012 4 9193 20293 6075 22463 15880 1095 4 22318 662 17438 22327 7730 8840 22318 18937 7914 7521 5 
26 4 13055 16367 4766 4672 10138 7730 13520 4 654 13055 17304 462 18498 14335 1027 20 733 4 7730 17438 8956 10273 23135 13055 16765 14604 1114 17438 23135 26 0 20 21 
8995 20293 4766 23135 20 20 
21 21 21 6073 2136 31 9173 20 21 21 21 
21 21 21 31 3864 20402 31 9801 7509 18498 6075 7730 7509 18498 18876 5 21 21 28 3988 3166 21 
7730 9193 1103 20402 13905 7509 18498 31 7419 18498 9193 20369 20 
8443 20402 2727 23016 29 20 2322 31 15253 16246 7850 15371 29 26 6075 8561 
28 20 
1027 23135 20 28 
219 29 20 11529 26 26 26 26 26 26 26 15533 6103 21641 
20244 13285 17009 20 
21 31 10268 15658 18084 7509 3726 28 4 7730 20539 6103 22463 23167 12190 5 
3623 3170 6103 13070 29 10273 6103 6 28 28 5 21 
21 8956 20402 15678 28 10326 5 1276 6103 9193 5174 20402 15690 4 13575 5 7730 6408 6103 9193 5174 4 16673 9193 21185 753 4 23029 15678 15576 28 14206 20 10620 10326 14206 1229 26 28 26 26 26 21 
21 11462 4 21282 21596 15678 18498 662 7730 7491 18498 15643 7102 6820 7509 15576 20826 20 15745 0 20293 21596 20 9193 22463 7127 12783 21143 20 15708 31 21793 18498 8995 1393 14604 13131 7730 18498 14335 6075 10268 18476 9010 8995 201 5 30 20 8414 7509 9586 17790 8810 29 29 29 13070 26 26 26 26 30 21 
21 26 28 4 16323 20 15658 12780 9594 1612 4549 21793 6103 20293 5 9193 21282 7491 22463 4672 4 9193 22318 1027 20 19900 18498 8995 20293 1393 20463 13131 20 20 11462 9193 18533 8995 13026 4766 23135 2371 7730 22318 6075 22463 21083 134 4 9193 12255 15658 17511 4 7730 23135 19900 18498 20402 17438 22463 3058 4060 15658 20402 0 20 15658 12780 9594 15138 4 17458 8995 20244 5763 4 17458 8995 15457 16404 15678 3623 5 8443 4 14604 16323 12787 4 18498 28 17511 22318 78 20293 4 7730 18498 9193 1103 20402 9172 20 22318 1027 21 
21 3058 20855 16404 15671 4 28 9193 8840 20 3623 3170 6103 13070 21 
21 23 4 15658 21596 15424 15678 18498 9594 20 1453 7491 18498 8995 22223 4 22223 6329 20 
23135 16765 18498 7850 4785 15658 5219 238 4 15138 14466 5219 8720 23135 21623 6103 9594 18498 13640 23029 31 5648 7730 19969 5 9193 654 9193 22805 18498 8956 6152 4 20402 22463 3610 16404 15678 20463 20825 4 7730 1095 18498 20402 1095 4 17629 1502 31 3450 8637 9790 7730 8995 20293 1393 13131 20 
5739 18498 11462 23135 17304 16765 15678 18481 20402 11861 16404 9193 4 17324 15658 20402 31 21778 18498 8995 4346 15678 7127 21793 13575 4 18498 9193 20621 1987 7730 18498 14604 15860 8995 21083 12009 20 17511 7491 4 18498 23135 20402 22463 7509 16971 18498 13909 21596 14378 6103 16784 4 7730 17438 12861 8995 15458 8995 20 7730 17511 7491 21371 4 18498 22463 7509 15083 7509 9193 23151 17872 9490 4 4766 21793 31 4181 6981 15190 4 20402 23135 5 18476 9193 16721 4796 12784 20402 7850 9975 7509 1249 18498 23016 4 9193 13640 16721 7914 23135 4 17324 9193 15658 5219 14335 22805 20244 22318 7850 14604 7127 31 7127 4 9193 12255 12861 20149 430 4 7730 17629 14335 362 31 16440 7509 15266 18498 23016 20 
28 4 22318 662 17438 22327 4 22327 14539 4 17438 21793 31 19699 4 21793 31 3222 4 21793 31 753 4 5222 4 136 4 17022 4 23447 4 3213 4 3450 11518 16468 4766 23135 5 19900 18498 31 7318 18498 21596 31 22463 7558 15266 2116 20402 16404 22318 846 4 20402 16404 22318 753 4 7730 5739 18498 23135 13055 19900 7384 5 20357 15138 31 20931 9620 4 15658 21282 9193 4 9193 21793 18498 22318 472 20 26 4 4796 15790 21 21 6917 21 21 4 23135 15658 21596 15623 4 9193 18498 22327 12861 15658 20402 22463 425 4 9193 20539 22463 6 2136 13640 20 18498 31 7395 15658 598 9193 1103 4 9193 18498 31 3450 14594 18498 9193 7395 20402 22463 10255 5 
28 4 8995 20293 1614 8995 0 20 8995 20293 1393 20463 13131 4 12126 6103 15894 8995 4 22318 1502 4 22318 753 4 22318 6075 22463 15880 1095 18476 17629 20 
21596 15138 15995 6103 23135 4 21596 15138 15995 6103 22395 4796 14425 1095 4 7730 12780 21596 13909 15995 6103 22318 18476 23135 5219 18779 20463 20825 20 
17438 9721 4 15658 15128 17438 15502 4 20402 8956 14464 18498 23135 20402 11462 4 15658 6256 31 16971 9743 20931 3393 4 7730 17438 9721 4 15643 20149 8918 6103 9193 7730 15424 6103 15502 18498 9025 7686 21793 8956 1249 1393 20463 13131 20 7730 17438 9721 4 1575 21793 31 15941 18498 22318 1421 4 7730 15138 13054 20 
31 7419 12780 21040 14604 5528 7730 14335 6256 4766 13764 28 31 3510 21282 6103 16721 4 9193 22318 14335 5139 4 14539 20244 19900 5 22318 22805 22223 14335 13822 4 22318 22805 9808 14335 10252 5 31 22318 8959 12780 9901 7914 9193 4766 21793 10268 4 16404 15643 22318 8918 5 
9193 22318 1027 20 28 28 21 
21 23 4 15658 21596 15424 15678 18498 9594 20 1453 7491 18498 8995 22223 4 22223 6329 20 
23135 16765 18498 7850 4785 15658 5219 238 4 15138 14466 5219 8720 23135 21623 6103 9594 18498 13640 23029 31 5648 7730 19969 5 9193 654 9193 22805 18498 8956 6152 4 20402 22463 3610 16404 15678 20463 20825 4 7730 1095 18498 20402 1095 4 17629 1502 31 3450 8637 9790 7730 8995 20293 1393 13131 20 
5739 18498 11462 23135 17304 16765 15678 18481 20402 11861 16404 9193 4 17324 15658 20402 31 21778 18498 8995 4346 15678 7127 21793 13575 4 18498 9193 20621 1987 7730 18498 14604 15860 8995 21083 12009 20 17511 7491 4 18498 23135 20402 22463 7509 16971 18498 13909 21596 14378 6103 16784 4 7730 17438 12861 8995 15458 8995 20 7730 17511 7491 21371 4 18498 22463 7509 15083 7509 9193 23151 17872 9490 4 4766 21793 31 4181 6981 15190 4 20402 23135 5 18476 9193 16721 4796 12784 20402 7850 9975 7509 1249 18498 23016 4 9193 13640 16721 7914 23135 4 17324 9193 15658 5219 14335 22805 20244 22318 7850 14604 7127 31 7127 4 9193 12255 12861 20149 430 4 7730 17629 14335 362 31 16440 7509 15266 18498 23016 20 
28 4 22318 662 17438 22327 4 22327 14539 4 17438 21793 31 19699 4 21793 31 3222 4 21793 31 753 4 5222 4 136 4 17022 4 23447 4 3213 4 3450 11518 16468 4766 23135 5 19900 18498 31 7318 18498 21596 31 22463 7558 15266 2116 20402 16404 22318 846 4 20402 16404 22318 753 4 7730 5739 18498 23135 13055 19900 7384 5 20357 15138 31 20931 9620 4 15658 21282 9193 4 9193 21793 18498 22318 472 20 26 4 4796 15790 21 21 6917 21 21 4 23135 15658 21596 15623 7 9193 18498 22327 12861 15658 20402 22463 6 425 4 9193 20539 22463 6 2136 13640 20 18498 31 7419 15658 598 9193 1103 4 9193 18498 31 3450 22463 14594 18498 9193 7395 20402 22463 10255 5 
28 4 8995 20293 1614 8995 0 20 8995 20293 1393 20463 13131 4 12126 6103 15894 8995 4 22318 1502 4 22318 753 4 22318 6075 22463 15880 1095 18476 17629 20 
21596 15138 15995 6103 23135 4 21596 15138 15995 6103 22395 4796 14425 1095 4 7730 12780 21596 13909 15995 6103 22318 18476 23135 5219 18779 20463 20825 20 
17438 9721 4 15658 15128 17438 15502 4 20402 8956 14464 18498 23135 20402 11462 4 15658 6256 31 16971 9743 20931 3393 4 7730 17438 9721 4 15643 20149 8918 6103 9193 7730 15424 6103 15502 18498 9025 7686 21793 8956 1249 1393 20463 13131 20 7730 17438 9721 4 1575 21793 31 15941 18498 22318 1421 4 7730 19900 1579 4766 15138 13054 20 31 7419 12780 21040 14604 5528 7730 14335 6256 4766 13764 28 31 3510 21282 6103 16721 4 9193 22318 14335 5139 4 14539 20244 19900 5 22318 22805 22223 14335 13822 4 22318 22805 9808 14335 10252 5 31 22318 8959 12780 9901 7914 9193 4766 21793 10268 4 16404 15643 22318 8918 5 
9193 22318 1027 20 28 28 21 
16404 21793 15678 20293 20 28 28 28 
21 31 1095 20402 12787 18498 28 8918 6103 9193 6075 5 20402 15678 28 7914 10211 6103 16971 18498 8995 1614 17872 9193 9743 9808 7730 20293 8995 13030 7850 7594 7730 7850 9801 5 20402 16468 14924 23577 7730 8810 4 20402 288 18498 8995 23104 31 11723 18476 8995 23104 31 18774 4 20402 368 18498 22327 20149 5219 18476 20149 21596 1095 6103 22821 5 1027 23135 20 28 28 28 21 
28 28 
9387 3959 6103 1249 29 13909 13512 7509 18498 8956 0 288 18498 15658 15658 20402 0 20 26 26 26 26 26 26 26 
7730 29 4730 7850 26 28 20 30 13071 26 
22926 16559 6103 13070 26 20 4023 29 1249 5 19859 1393 3623 3170 20 28 30 13071 26 
21 22926 16559 6103 26 4 4023 29 1249 20 19859 1393 3170 20 28 30 13071 26 26 21 
15678 9146 7509 14378 1453 1937 15678 21953 6103 22463 9956 20 
21 29 13727 7850 9169 7509 3623 16559 4 4023 21272 20 4528 16404 31 9975 5 6361 22463 17556 9193 17525 20 21 
21 22463 1103 15658 20402 9790 1453 17438 19699 4 2702 4 136 7730 14924 3058 20 22463 1103 21371 20402 9790 17438 3213 4 6723 4 15995 4 14924 19854 5 22463 1103 20402 23135 3213 4766 31 1095 7730 12126 7509 21551 23135 23151 31 20149 8386 4 20402 16468 17438 14924 19854 13026 4 9193 17304 21095 7850 9975 4 17324 8995 22463 7509 13131 7509 16083 20 20402 18476 15678 15995 9605 13909 951 4 9193 13640 23135 15678 6256 6103 13131 5 20402 18476 3450 22463 12780 16404 20463 3702 4 9193 9901 4766 15678 5528 22731 20 20402 18533 22395 6103 23151 6408 6072 3213 11663 4 9193 15658 17304 4 7730 1453 5108 7850 18498 15678 21551 12780 7491 20 20402 20357 23560 4 9193 20357 1114 1393 14539 21551 20 20402 8474 20463 8564 7730 16630 6663 5 20402 4346 22463 7850 10366 7509 16083 15658 732 13909 31 1220 18498 9010 6389 7509 5528 5 
20402 20357 31 14425 20319 18498 9387 4 31 6103 17304 20149 18942 23151 14425 7509 18498 20402 1276 4 23151 13909 10259 20 20402 19900 18498 23135 20402 8810 16404 7847 20 
1097 20402 28 7914 10211 6103 16971 18498 8995 1614 16404 9193 9743 9808 7730 20293 8995 13030 7850 7594 7730 7850 9801 5 20402 16468 14924 23577 7730 8810 4 20402 288 18498 8995 23104 31 11723 18476 8995 23104 31 18774 4 20402 368 18498 22327 20149 5219 18476 20149 21596 1095 6103 22821 20 
7914 21793 21551 1027 15678 1095 4 7730 7850 1220 20149 9743 15678 12787 
18098 29 6 29 
15708 17438 8995 20293 1393 14604 13131 20 
9193 1027 23135 20 28 28 28 21 
2727 23016 31 9634 28 20 
21 17831 9010 2727 559 6103 21752 22463 10273 6408 18498 7847 9901 21 21 16668 21 21 20 21 
21 9808 28 29 28 28 28 28 29 28 29 28 28 28 28 28 28 29 28 20225 28 28 28 28 28 4 28 4 28 4 28 4 4 28 4 28 20 21 
21 17790 7730 3166 4 15684 15678 16630 7509 28 28 10859 26 26 14335 26 26 26 26 26 26 26 14335 26 26 26 26 21 
4528 16404 31 9975 7509 3623 16559 20 3625 7850 4529 26 7730 26 20 13070 13071 30 26 26 26 26 26 
20357 9620 6103 23135 20 28 28 29 26 26 26 26 20402 26 26 26 26 30 26 26 26 26 26 26 26 26 26 26 26 26 26 26 26 26 26 28 26 14450 26 21726 26 21726 
21 352 4766 22463 2609 7850 21674 4 12780 2136 31 13251 7730 14335 6396 4766 12861 5 5 5 14604 2336 7850 21526 20 21 
3058 7127 20 
30 13761 22137 0 26 13069 26 
28 28 28 28 29 28 
9387 4672 13909 13512 7509 18498 8956 28 0 2384 26 26 26 20402 26 26 26 26 26 26 26 26 26 26 26 26 26 26 26 26 26 26 26 
22137 
9193 20 24 26 26 26 26 20402 26 26 26 26 30 26 26 26 26 26 26 26 26 26 26 26 26 26 26 26 26 26 28 26 14450 26 21726 26 21726 
4273 18498 14335 1027 20 28 28 8 29 
9193 1027 23135 20 28 28 26 26 26 26 20402 26 26 26 26 30 26 26 26 26 26 26 26 26 26 26 26 26 26 26 26 26 26 28 26 14450 26 21726 26 21726 
26 16404 20293 28 28 
7730 17438 23135 9193 1190 6103 15567 1393 21063 7509 15190 20 9193 28 28 
7730 31 22942 9193 15061 17438 18525 7102 13749 20 22318 1027 8 29 28 
1115 20 8 29 
4289 20 14539 4766 4380 15299 9193 538 20 28 28 29 
1632 26 1229 26 26 20402 26 26 26 26 26 26 26 26 26 1229 26 26 15803 28 26 26 
15922 
15834 15834 20 10859 26 26 26 20402 26 26 14335 26 26 26 26 26 26 26 26 26 26 14335 26 26 26 20480 11554 26 30 26 30 26 26 26 26 26 
21 17324 20402 4 21596 15678 2336 13909 13512 7730 13909 10138 7509 15190 20 8 29 14604 11341 26 26 26 26 26 14335 26 26 26 26 26 26 26 3143 10859 26 21 
23575 22137 6103 29 20 8443 18498 29 23016 4766 22327 30 26 28 26 26 26 26 20402 26 26 26 26 26 26 26 26 26 26 21955 26 26 26 26 26 26 26 26 26 26 26 26 26 26 26 26 
28 20225 1453 14604 26 0 20 8 29 26 26 26 26 26 26 26 26 26 26 26 
10943 8 29 26 26 26 26 
28 28 26 20 
8525 24 22 22 
21 28 4 31 19725 20 27 21 
24 22 13520 6329 20 28 9542 5 28 28 28 28 14251 28 28 28 28 28 28 28 28 28 28 
21 9743 15678 18498 4 15671 12780 9193 362 4766 31 9798 20 24 22 28 28 28 28 21 
28 9542 5 28 24 22 

