7730 14249 5 
21 26 26 4 26 26 29 
28 5582 26 26 14335 27 5 21 
21 7730 4886 29 1249 5 27 
21282 18498 654 21596 29 8052 27 
15138 4672 15128 5 
6103 871 10211 16826 28 9743 16440 6103 9193 5 560 4 15138 10765 18498 9193 5174 7730 16404 15138 4672 31 21 21 30 21 21 20444 6103 19083 5 
13325 7509 17819 7127 4796 20149 20402 11462 4 18506 26 4 6448 17595 4 4766 14378 7509 4552 4 21045 1524 7730 17979 4766 14378 6103 6075 12301 8561 5 27 5 5 5 
15658 22564 2658 4 15424 14125 4 15424 19997 4 14464 5 5 5 14464 6103 22327 5 16468 22463 9956 6103 22327 18498 16468 4 16468 4 16971 18498 5174 5 5 5 21282 21596 31 662 5 21 
21 21 21 17923 4 23135 8995 13512 11462 5 5 5 9901 740 13909 3086 4766 1612 2658 19835 21 21 
27 5 
22942 6103 17923 29 26 930 7509 2658 21 
4796 16367 6103 16098 0 15658 16404 5 5 5 
21 20402 11462 20 20402 11462 20 20402 11462 20 
10151 7509 17812 26 4273 13909 13278 7509 15190 4 31 17819 2601 18498 21842 16404 23016 1393 15190 28 30 
21793 5762 4796 12787 4 14335 20357 14336 14279 4766 23135 5 14336 21739 5 14336 17812 5 14336 1095 5 9808 6329 16673 8637 4 17703 18476 288 18498 8995 22223 5 15658 19900 9431 4 21743 26 14539 31 10765 19900 4 27 5 21282 17511 21842 17438 23135 4 22318 6679 16323 4 7491 18498 14539 20244 7491 4 14335 15995 5 
21282 17511 6679 21 21 9808 1247 21 21 4 6679 4672 3058 4 14426 7730 13512 5 6679 18498 8995 13030 4 20215 7730 6448 10241 4 7017 22327 20293 4 20293 7730 20293 20 20825 20826 18498 16393 12797 4 22918 7850 13904 7730 21842 16404 873 9901 19671 7730 31 10765 21282 4289 22583 7730 9743 17743 23015 5 27 5 
7850 28 4 7850 26 4 20149 16784 7850 28 16066 20149 8147 7850 28 13611 4 7850 10948 7730 7850 9370 4 7850 13759 7509 2464 16066 31 13759 6103 22760 7850 28 4 7850 10240 6448 7730 20215 4 7850 3790 6103 10868 16057 7730 7850 3790 7509 6446 4 7850 19830 9347 16066 7850 22886 11686 7509 28 4 7850 4189 3058 7730 7850 4189 19854 4 8406 31 15253 9594 7509 22942 7730 15678 12787 17822 9594 6103 10523 4 20293 7730 20293 18498 17629 5 5 5 9193 21776 1614 23 7730 18476 15658 17629 21371 5 27 5 
1575 20463 7127 6371 20 16323 5 21 
21 7730 31 22898 31 10765 21282 17629 15128 22463 15138 5 
19089 28 21 
21 740 20670 21 21 18846 21 21 5 
18498 23016 31 20247 20 21 
21 14799 13858 6103 3960 20 4796 9193 21776 9808 20 
9901 20244 16192 14604 23326 13520 28 28 7730 28 28 5 5 5 20293 19900 18498 8995 15458 14924 4 15424 18498 20402 12270 27 4 9193 15643 14335 11731 22385 4 22385 4 22385 9808 20 20 20 
28 28 7730 9193 20402 15678 7250 13909 30 7509 15190 5 26 23135 5 21 
21 4796 20149 20357 17307 6 
10648 7850 13679 7509 12128 
21596 15678 15190 1393 20463 18376 
23274 7770 4 16468 22463 2658 22840 7730 20402 9808 20 21 
21 28 5582 4 28 5582 3488 4766 13307 27 19698 5 8385 8386 17022 12610 28 20402 11518 7509 20497 21 
21 14810 4766 3558 18498 20149 23135 12780 15458 6103 16647 15678 2368 21793 4766 31 4713 5 5 5 15658 6075 4179 20 20 20 20 20 
28 2364 28 9303 28 1167 28 17629 6103 2368 3472 328 733 733 12780 21596 18498 18846 21 
14604 4841 6103 11462 6 28 28 
21 17629 7491 13909 0 
1114 21793 7127 21793 7127 20402 7127 6318 1114 
7730 654 22463 15286 18498 9743 21793 20357 6 
29 
5 5 5 
22318 5621 15678 3388 7509 20874 7730 31 22487 7509 18376 22318 4229 6103 18533 
22318 8361 21793 15678 2191 7509 22942 7730 15678 15102 6103 22044 18498 9743 31 21631 10855 
22318 9594 18498 15678 11861 20402 4872 9193 22318 14265 6103 16247 20149 23135 15658 10648 
23135 20402 654 31 4672 13909 11861 18498 13055 14335 349 15459 14924 4 7914 21793 31 9193 22942 
22463 16332 7509 17791 11824 4 4891 4766 31 21592 7509 19212 
15658 14924 5834 22463 21253 19900 19900 18498 15678 19903 19900 1941 
7730 18525 1009 15678 13867 3058 30 20402 
5 5 5 
17324 16404 9193 23135 20402 22463 2780 14826 4766 3388 17200 16393 4766 31 14384 
9193 7491 12861 16404 19685 4766 31 20803 7509 18458 7509 4033 20402 11686 1393 17461 7509 11434 29 21 
21 7491 15678 28 18498 11462 20402 7127 7509 12787 4 7730 991 7509 14604 13520 7476 18498 9193 1027 21793 7127 4 28 14335 6075 8956 29 6103 17737 16404 9193 22805 31 22898 4 17458 19900 18498 9193 15658 716 22805 15144 21793 7127 27 5 
15658 11284 11729 14425 16404 6650 6 20931 22617 5 1027 23135 20 
28 28 4 28 28 7730 28 3408 28 5 21 
21 15855 31 29 27 28 28 4 28 28 21 
9978 15678 17960 4766 31 1549 7509 15576 970 5 16323 970 7730 17931 9901 13512 20 20 20 1614 21596 18038 13051 
21 28 28 4 28 28 4 28 6103 28 4 28 28 5 5 16323 20 21 
21 9620 29 15266 5 
15658 11284 22463 7127 18498 9193 15658 4346 5 5 5 18498 9193 15658 16939 14604 1097 4 16066 9901 18559 20539 4 20539 5 5 5 9193 18559 20 7850 21932 31 22898 5 
20402 15558 20149 15128 4 9193 12780 14335 400 7730 20539 4 9193 20738 17438 1281 7730 19900 18498 8995 8561 5 
9193 8995 9808 4 20402 22463 18780 4 2965 4 20539 20 9193 19900 7384 22327 5 9193 21371 20402 22463 26 4 19191 4 18931 7730 20402 15355 21535 4 20357 10405 7850 2601 4 21596 7728 1393 15128 6103 19814 7957 12861 21371 21355 20402 3058 17872 9193 20 
21355 31 16971 7509 9193 11636 15658 21596 31 15253 4796 14425 1095 4 15424 21932 4766 7847 4 21355 22463 16971 7509 9193 11636 15658 21596 5876 7509 12787 6670 20293 4 19969 4766 7847 7730 5320 4766 7847 17872 22327 4 7730 10959 2136 7509 16940 6103 18476 7847 8918 18498 23135 20402 20539 4 22463 21 21 15108 21 21 5 
21355 15138 9634 15658 20149 4987 7850 14539 28 6 2336 4 16169 4 21739 4 17822 5 7730 20244 4778 20149 23016 22463 15533 21810 3488 4 6075 19699 19229 7730 9594 20670 31 22942 4 21793 4355 4 9303 7730 9808 5 
21355 31 16971 15658 20402 1443 1393 9524 4796 9193 4 20402 9303 4 462 5 5 5 
9193 20149 9193 20402 9303 18476 9193 10959 4 11731 18476 9193 1027 0 
15299 15128 5 22327 15128 5 
9193 18498 7850 9975 6103 1249 13374 20293 4346 6103 20126 7509 4697 4 11731 7850 9975 6103 22463 4403 4 19900 18498 654 9193 15658 7459 15678 14539 4159 4766 14604 16375 6103 22942 0 
18533 20402 15675 18533 18498 7847 20402 4273 18533 20402 14466 10424 9193 1614 20402 12546 6371 3870 30 16668 29 21 
30 
21 17872 21596 20931 4842 21282 20149 7847 20557 
21596 20463 3906 4 21596 20931 3962 4 20463 7251 17872 16162 
21596 22463 10343 18498 19335 4 20202 18498 31 9743 10105 
21 21 15658 11862 15894 8995 4 9193 14487 20402 15576 13194 21 21 
7847 21282 18533 22918 4 7847 21282 18533 22918 
7509 26 17872 17583 4 7509 17583 17872 3962 4 7509 3962 17872 13194 
7850 26 957 5266 7509 15894 9172 
18525 19173 20402 7847 7850 19173 7509 14133 29 21 
21 28 5582 4 28 5582 4 28 5582 4 28 5582 4 28 5582 4 28 18610 5 5582 5 5 5 12780 9743 22463 17810 2371 0 21 
28 3769 7730 10657 5 
7509 21266 6 970 19924 4796 5204 31 17923 5 
16066 15658 5 
14335 20357 8678 6 
21 20149 15658 20402 31 9193 13945 4290 6103 14453 
16066 1612 11454 18498 9743 13909 6103 22463 1249 
15658 20402 15678 6064 
15658 20420 9193 
5 5 5 
23135 17304 21582 17438 11518 14335 6256 5891 
9193 12780 6075 8561 
13055 18498 20402 15678 19509 7509 22942 12526 18498 14335 9743 1920 
20149 15658 20402 15678 735 
7730 15658 20402 31 7594 
7730 8956 14069 6103 13325 6103 22327 9790 22463 11049 
20149 15658 20402 28 
2504 15678 8682 
20149 15658 20402 15678 28 7730 31 21650 
5 5 5 
29 21 
21 656 5 19900 18498 16404 871 23135 7687 29 28 7730 10959 18498 23135 201 4 7491 18498 23135 22305 14309 657 4 4672 19854 7730 5226 15299 6103 3058 349 5 
4676 6103 23135 656 5 5 5 9193 10959 6103 22318 5 
17872 9193 13014 6361 13909 23016 18896 19969 18896 7730 15678 15266 15658 21596 9971 656 10962 20749 3058 28 21 
21 7847 21596 5527 4 5951 4 19907 
7730 15336 6103 2637 30 9965 7509 28 21 
21 21 21 22385 18705 6103 20149 22805 4 16404 17872 7491 16404 9193 20402 9808 16404 13761 5 5 5 8840 2371 4 15678 18498 20402 18498 11284 0 18533 22805 18525 12780 14335 11810 6103 20852 7509 16404 2136 15678 28 21 21 
29 21 
7730 7847 21596 22463 14069 6103 4084 1961 29 
25 
19466 28 5 5 
11104 7730 11104 20 
9193 18533 7491 5 5 5 654 15678 15939 7509 18498 9193 7491 1276 5 19703 
21 20670 20357 20126 6103 10211 19871 6 20402 6981 5 
28 15311 31 28 9193 9901 6103 15855 7914 9193 18491 9652 22617 22765 15138 1114 21 
21 18525 14335 288 3086 17629 22805 9193 3790 18394 18475 4347 20 14425 9032 2431 20 
4355 14910 4346 14539 1276 17872 20402 7509 18498 17872 6389 9786 16404 3805 1190 22385 31 10083 7509 16668 22564 11273 16404 21662 31 16135 7509 20402 11578 21 
14604 28 6 
21 30 4 30 4 28 5 24 21 
21 28 5582 4 28 5582 4 28 5582 4 28 5582 5 5 27 5 7914 15138 6981 9087 2371 18533 31 4842 7509 10155 20 20 20 27 21 
16972 18498 23469 4815 16673 23469 7509 22942 5 27 5 
21 20402 22938 4 20463 13512 20 21 
21 21 21 15658 18498 31 22942 8995 1920 22385 3058 5 5 5 9193 22463 20853 753 31 14426 21 21 21 
7730 23135 2371 21282 7850 9942 9942 0 27 
22327 2727 18498 7847 20402 9193 17831 13909 23 5 9193 682 0 682 18525 0 682 15894 0 20 22389 20402 22463 14512 7957 7599 18498 31 20247 8995 4290 
21 18476 7847 3510 7850 20743 5 5 5 
21 21 26 26 26 21 21 
22996 1393 2793 7850 3393 
9193 18498 19900 
18476 7847 12430 7914 2700 
20463 22115 
9193 14335 23029 7509 2312 
9193 12780 7491 1612 4672 
9193 7850 11518 8918 
17438 18498 15658 9193 0 21 
18491 9652 20 15678 
9193 15244 6103 13253 8995 1233 20 15678 
26 26 26 11617 26 22564 26 5 5 5 
31 14703 17125 7850 28 20 
3058 7127 20 
21 29 29 
20402 22463 1870 26 15138 23466 5 15908 23469 4 11462 23469 4 20402 31 15212 5 5 5 18533 22805 8956 18565 490 15658 12783 7957 20 27 5 
4785 4766 10268 4 10122 4 7181 4 7071 7730 22327 12861 2371 4 9193 12780 17438 9193 4 21596 22463 11518 18498 23029 10959 20 20 20 21 
21 7847 20402 5891 6103 9193 8285 17458 7847 14335 9743 4796 3058 4 14335 340 7850 10941 4 7850 2678 4 7850 4796 14608 4 7850 3488 4 7850 20840 6103 9785 4 7850 28 4 7850 17111 7509 4443 5 5 
7847 20402 5891 17438 9193 7916 5 5 5 7847 5590 4815 4 23469 4815 4 6070 4815 4 21 21 2824 21 21 4815 4 5320 13090 4815 4 610 4815 4 14335 352 21793 20060 7127 7730 6103 15533 14018 14469 1920 6 21 21 1022 12780 26 0 12780 20539 4 28 22318 78 4 28 22318 9743 9808 5 2700 5 1027 20 21 21 
7847 12780 20402 5891 6103 22327 18498 20293 349 7850 9193 22942 4 17458 26 20402 9193 4841 4 20402 14604 1114 7730 9193 1095 20 17458 7847 20402 9193 15253 20 
15741 6 29 29 9790 8956 20247 4 17458 31 10765 21371 20402 4841 15324 9605 6103 21793 1249 6 733 4 8956 1249 31 2601 9901 3058 20 20402 18498 8956 1249 31 2601 9901 3058 0 27 5 21 
21 8525 28 12916 28 1603 23051 31 814 12201 28 6075 5362 1393 11861 21932 20670 7804 9185 7730 13301 29 5 29 29 109 7509 11454 4 5896 591 7730 12201 4766 31 23051 1393 15215 590 28 5 16323 20 20 20 20 20 21 
21 21 21 11617 26 26 26 21083 26 21 21 5582 4 28 5 
10138 20 21 
21 28 5582 4 8956 26 8995 22463 11194 21 
21 11462 15678 7127 7509 28 20402 1920 6 
15215 28 19592 16613 28 12916 28 472 21 
21 11462 20402 7127 7509 9193 11203 10083 28 28 20 7730 4796 19900 4 7063 6103 15138 15678 22406 7850 9193 22942 20 558 4 1095 4 12787 4 1114 4 6371 4 23326 5 5 5 5 31 13431 20402 9193 22765 4766 12939 6103 2689 4 31 14335 20402 9193 4086 4766 12939 6103 15253 5 5876 7730 18533 5876 6103 21793 5 12861 21793 21596 4 9193 9193 15658 19900 9431 15678 12939 18498 7847 21596 5 8386 0 3058 5 5 5 31 10765 8386 20 
11462 20402 7127 6103 4788 4 9802 4 19229 4 6679 5 7127 6103 15061 15678 18481 22318 1027 7730 22318 18533 2727 5 
14335 4 14604 30 5 5 5 15708 17438 22327 4 23206 14924 4 9193 20293 20402 4273 4766 23135 7730 14335 4270 17438 18533 13909 4 17438 18533 31 29 4 9193 20402 14604 12939 4 27 5 5 5 15708 17438 21793 8956 14924 7509 10273 4 31 14469 4 31 22898 18498 20215 14604 4346 4 18498 9743 4796 17872 9193 27 5 9193 21282 21596 31 6679 18498 23135 20149 5876 4 18498 23135 19245 4 18779 7730 8095 740 13909 22327 7730 21793 31 20931 23151 5 18498 23135 4788 15138 18780 4766 28 4 20931 9634 13512 7730 4766 15678 18491 9652 20 21282 21596 1114 5 
19900 18498 31 22898 22564 16192 19335 9193 18470 20402 31 16192 18498 15643 20402 7491 0 
16323 14604 1114 20 21 
21 27 5 28 28 4 15855 12861 20 
15678 6996 16098 8956 1488 5 19703 21 
1870 26 31 15144 31 14703 1870 31 14145 
21 9193 17304 8995 2371 5 9193 8995 12780 21932 20 
27 5 21 
28 28 28 5 5 5 15708 17438 14335 22938 7914 13909 22463 15286 5 27 
21 9193 6103 22821 15658 8386 8956 15390 18498 10498 21596 6103 8233 30 5 20 7850 16098 875 5 
9142 2145 15658 873 14335 21752 6073 18339 18498 16404 2609 7509 12261 16086 8995 2371 21 
12939 3058 6103 21623 4809 31 20247 20 1870 26 31 15144 
9321 6219 20 
11462 21681 20 20 20 23 26 
17629 23029 15253 16066 1005 16066 14604 9942 8995 9790 27 
4711 26 18494 4886 5590 1022 26 28 28 7850 16587 7509 14145 9808 5 
21 1614 21596 22463 5758 9808 20 9193 20 
873 6075 22463 12787 16404 15678 28 20 18533 22463 28 5 21 
14378 7509 26 27 
21 15855 31 3058 23112 2371 10765 20 
5174 7850 14425 9032 5 5 5 7509 12939 18498 9193 10959 23465 20 21 
11112 7509 13600 13600 19703 
21 20670 6 4499 15658 20402 3086 5 15502 21 21 6256 21 21 15502 9743 15299 5 21 
9193 4841 6103 22942 20 18533 9901 13897 11686 15678 28 7509 3618 5 27 5 
21 16721 15637 16971 9808 4766 31 31 8414 7509 14534 7730 20743 5 
654 20402 6981 7726 30 26 26 21 
21 13345 28 16971 5 3472 23135 0 
873 7509 28 14018 8956 15144 14335 19474 7850 28 21 
8956 28 14335 6075 22463 10183 10967 19703 
21282 15678 14604 28 18498 15658 1421 8956 19576 0 
21 15658 21596 19924 17872 10765 10204 4 4273 7730 4766 3790 6103 18498 15658 19698 5 2371 28 4 14335 18044 20 21 
21 21793 21596 16169 4 21282 15671 21596 22463 30 20 28 5582 5 
15708 17438 21793 15678 21 21 28 21 21 4 15658 4 21355 4 28 4 9956 4 19592 6103 16169 4 5943 4 13598 4 26 4 3962 4 28 16102 4 16727 896 27 4 1190 6103 2824 4 14192 4 17438 21793 20126 4 17438 21793 19052 4 16673 3488 4 17111 7730 4372 4 15708 17438 22327 5 6663 21371 4 21355 13055 21596 6075 21932 5 5 5 9193 11462 21355 871 21490 21596 23204 31 16689 7730 22327 4179 5 9193 21371 22318 6663 4 560 4 15658 20402 16816 4 7730 20684 7730 13909 11861 5 5 5 9193 22318 1027 5 21 
4766 9193 7676 9652 11462 15678 18491 23029 7681 
21 7509 21266 21 21 4672 18498 12780 20357 9620 21 21 6 1889 11131 7509 15253 17307 5 13345 28 16971 21 
21 6306 20 
1027 8995 4766 6679 12277 14265 18525 8995 14335 14265 21 
21 9193 9193 20304 6103 28 16169 5792 28 20 
20149 873 14335 1027 4 14335 753 15458 8054 20 
28 28 4 13345 28 16971 4 28 5582 4 28 5582 5 21 
21 654 9193 7850 16836 6 18525 20402 8956 16971 0 27 
6103 969 21 
21 656 4809 21596 29 28 7730 9193 21282 9743 22463 21684 16404 15678 15108 11462 5 8995 17106 18498 28 20 
18525 17304 4854 4854 5947 18352 15678 7501 7509 28 4 753 15138 20 7 
733 4 7730 13359 15678 21684 21371 20 27 
2700 5 2700 20 21 
28 28 7730 20931 13539 13969 20 
16404 18525 8995 4796 9193 8995 8995 5 17629 6103 22463 15567 7850 7166 16066 7850 22942 20134 20 12780 1575 18498 1022 20402 15678 7127 15291 7509 4785 20 
7576 7730 31 10183 12076 18498 14335 4060 20 
11462 21681 20 20 20 
21 21 21 9193 15658 20402 13909 22385 5758 31 17406 6103 19900 22327 21 21 21 
9193 7850 16468 20402 16468 17438 2442 7509 4044 7914 7445 14858 5 27 
21 20670 14604 23577 16292 7509 23575 28 6 1429 20 
13566 6103 4385 6103 5695 16404 753 18525 740 8995 14984 31 3962 9193 7730 12868 18498 8995 28 21 
21 17523 15604 6 3388 20 
21596 23222 21371 5 
2700 4 2700 5 21 
21 21 21 14335 8361 31 20402 13909 21797 4 15658 13010 15502 7730 4766 12861 20402 13909 9808 5 5 5 20402 1612 18498 20293 22126 1114 4 20402 1612 18498 20293 22305 20853 7730 16866 21987 1394 20402 5 16126 4 5105 7730 12687 21 21 21 
21 12780 20402 10765 3058 4766 8956 21340 6103 21 21 21252 31 15533 21 21 7730 13055 18498 21596 21389 10765 4766 9408 15423 4 15658 12780 20672 4 27 5 21 
28 28 20402 1114 20 8 29 23222 6103 22597 18449 5 
21 31 18525 12578 6 
23222 4 17438 18498 31 15390 6103 14335 9457 20402 11020 5 
21684 6 17438 18498 8678 20402 21 21 2727 3058 21 21 21371 5 
7730 20402 12861 20 6103 
5947 4 4793 7730 4854 20 27 20293 18533 8678 12861 4 3222 10765 21 
15678 19553 16066 10042 17438 18475 2060 9901 13909 10544 18476 31 4842 20402 31 14425 5 23469 204 15253 9634 23467 18533 5692 5692 8386 5692 10903 21371 
21743 23135 14335 12834 5 28 5582 7730 28 5582 
21 7127 7509 1095 20 7730 13909 22463 22897 4 14539 20244 19900 5 5 5 16468 4766 7847 20 9620 31 14335 20 6670 15138 1249 16404 15138 1249 20 21 
21 15834 10606 13512 7509 22942 20 6103 
18476 22463 16971 1190 1271 15678 18498 7847 9743 0 20149 7847 20402 28 5582 7847 4796 4 9605 15138 7730 9743 22463 2949 16404 9594 13909 5 19450 15988 8956 2949 16404 7459 871 4672 7730 11139 14924 11861 7730 17836 19525 16404 871 16971 871 19484 20670 16836 10383 19703 20 
15458 15658 17785 4766 10385 155 15678 5528 4 27 5 5 5 17872 12861 15678 21 21 15855 7509 28 21 21 8995 13761 4 12515 5 5 5 9193 7459 871 4672 18498 1393 14604 22805 20402 12577 16404 23135 20 
2727 4 8956 20247 17785 15988 31 19814 6103 21932 4 1429 4 3962 2118 4 22140 7730 22942 20 6103 7730 6103 18506 7459 9193 1268 4766 23135 5 20293 18498 20149 12578 4 21282 4546 20 
4292 20 21 
17629 6103 10548 6103 9193 5 
15425 20825 14335 12578 20149 15658 21596 4766 18525 7459 9790 6103 1114 9634 1097 
21 2371 5 5 5 18533 22463 14745 20 
18519 6103 15671 21793 28 26 13324 2384 3790 7509 14604 16169 21 
21 11284 21 21 29 1249 21 21 4815 4 17836 18476 14604 15190 8995 6103 3393 16404 2442 5 21 
21 654 14606 7850 13324 20402 1920 4 7730 21282 1920 18498 7102 7730 12783 13325 5 
15658 1540 7491 425 
15658 19900 20149 12780 14335 362 
15855 1920 9193 15860 21680 
19900 18498 12780 9901 9193 14604 
31 14156 6981 15855 
15658 21596 15299 17872 7491 
21282 15678 20537 12780 9594 17438 9193 
9193 19900 11139 31 9193 7594 
1471 6103 21389 1114 12780 20402 
14425 1920 
15658 1540 7491 425 
9193 21596 18498 238 
18498 1115 23016 7730 12780 29 
11036 13512 22318 1615 14464 28 12780 16647 7850 20931 21672 12861 18498 20402 22942 9634 2899 21 
21 22771 7850 4126 14449 16421 7509 4169 4 8391 1393 29 6 29 6103 1022 5 
19969 22463 23572 1022 1393 29 6 29 7509 14049 7914 10366 1393 11685 22513 7509 3710 7509 6014 5 
15708 31 21793 16673 16192 6103 3870 20 21 
21 9808 4 17438 7914 14604 29 1249 5320 4766 15678 17869 6103 22463 2900 4 18498 18525 5174 4178 9594 7509 10680 4 10268 7730 23167 6103 23104 18498 13405 2136 11462 7914 20463 29 7730 21389 1249 5 5 5 6670 20293 19900 18498 8956 7127 4289 4 560 5 5 5 13055 20402 21426 5 
22223 17324 15658 19900 18498 15658 8995 17714 16404 4672 871 5 13749 4 3179 4 2136 15678 9971 5 18498 28 31 18876 4766 21 21 14534 17714 21 21 4796 7847 14539 10959 6103 3702 5 5 5 28 5 21 
13345 28 16971 27 
7509 21266 6 14604 3439 20402 9074 20 
21 15144 4 12780 5590 5 5 5 12780 20 7491 31 18736 5 21 
6075 17872 9901 15580 11462 8 29 
21 2371 18498 13512 8956 28 4290 6103 4697 22917 4 4672 12440 5 5 5 12709 4 17525 13909 20 21 
21 9193 2689 22765 8995 15534 5 
19611 31 1095 4 6075 19699 4 4796 7730 4110 15678 1114 20 15533 9808 15534 1103 12786 21 
21 1612 14924 18498 23135 12780 22805 7070 13652 7730 2136 15678 28 8995 3894 17872 22318 5 
2554 20149 288 13553 238 7514 28 930 7509 1429 21 
20463 20744 17304 2136 10959 6103 23135 9193 9743 9789 7850 21252 7730 10657 15678 14673 7509 15553 5 5 5 21282 15678 14604 20 
21 2154 6103 4796 636 7914 22463 19415 20699 20244 17519 13210 31 22942 6103 873 4 17438 28 21 21 5582 5582 21 21 7278 7509 15190 7509 28 15894 22327 17304 349 6 
10765 4 15658 4854 10273 6103 17546 9141 4 1895 4 16641 7730 9170 5 5 5 13055 16721 20402 21282 873 18533 9847 31 22942 6103 22463 16971 0 
15424 6103 873 16784 20244 15678 5322 16066 20244 2308 4766 31 9634 16404 15894 13405 31 5758 16066 498 16784 4 20149 288 5 5 5 22318 12780 13405 17872 3962 0 
15658 4854 12301 20244 21596 4181 4 16967 7914 871 26 1276 4 15658 5108 7914 22327 18498 13359 7850 18352 6103 873 20670 873 5 5 5 21596 3450 12301 8561 4854 6103 6075 7722 5 15658 18533 16162 14619 26 0 
26 4697 4 2136 15678 18195 8503 4 3058 9971 6103 20247 5 21 
14604 20495 654 20402 8956 20 
19698 6103 16083 23515 5 19700 28 28 
7730 20402 6075 31 13202 7509 26 20 
1612 14924 6 21282 21752 31 17406 20 
16440 9194 
21 15658 2631 8840 28 26 4 9193 21596 18498 22126 873 16404 21484 4815 5 21 
20670 15678 23575 28 7730 20402 21793 28 
19698 20402 4766 31 10765 14539 20 3472 26 19700 28 28 
21 28 28 5 5 5 15855 12861 5 
6103 19324 31 10222 18498 20954 16673 16395 15658 16393 22385 14309 26 0 21 
21 9193 3393 21282 19140 6 10819 4 17159 4 16639 4 10548 4 5695 4 10728 4 10548 4 15281 4 14534 4 22954 4 3614 6103 15127 4 10548 5 8995 12505 4 12666 7730 4273 5 462 5 21 
21 31 22942 15658 20402 10544 5 5 5 31 22942 4 20402 15138 7188 5 21 
11462 20402 7127 7509 30 23051 31 10530 14994 7509 10533 15460 5 6 3790 6103 20828 
21 5896 20402 5896 5 5 5 7730 21 21 288 21 21 18498 20931 5896 15678 21858 21121 4 1393 14604 22805 5 5 9743 6103 23135 22463 17297 12530 20 7730 21596 7491 5 21 
21 9193 20149 9901 16404 22305 4 4672 15643 4289 16673 10366 5 5 5 21 
21 21 21 31 10765 5590 15678 19701 6103 4346 22463 17556 18476 20149 6256 4040 21 21 21 
9193 19900 18498 12780 14335 15128 5 5 5 9193 17304 20402 13055 0 
21 18525 20402 13909 20348 18498 9193 0 
21 22389 6103 10765 18498 14810 22463 1961 4766 16083 1961 4 4796 20149 18525 13480 17872 22463 1961 15658 13480 17872 16083 1961 7730 1920 15424 13480 17872 18191 1961 4 21282 1515 14539 17872 16083 1961 5 5 5 18498 1961 13909 4273 20 21 
7730 1920 5 5 5 3962 5 
26 26 28 5 4766 26 
21 2371 18498 13512 4 22327 4751 20 21 
21 6408 6103 22463 21551 20244 17159 7850 204 4 7127 6103 23465 7730 20931 20 18498 6306 20 9867 13023 1737 21 
21 23 22463 14249 7850 7826 20 
7432 20 13759 20 14149 20 21 
21 18476 871 9632 15036 4 15036 21371 22463 17556 7509 9645 4 7509 20825 4 22463 17556 7509 23167 6103 12780 15658 20497 4 22463 14924 7914 18498 31 15286 14156 31 22942 4 31 2678 4 15678 16468 7509 6070 4 31 835 4 15678 15855 4 31 17316 4 22463 17556 7509 10765 5 5 5 
18476 15036 22463 9632 4 14604 7127 15658 15128 4 14604 7127 20202 4 21355 1920 5 5 5 4384 4 13909 22223 4 17438 15658 16098 31 14539 15286 4 4766 31 14539 835 5 740 13909 9193 4 18498 4346 2136 4766 13136 28 4 17438 19900 18498 7589 13136 28 15253 6103 28 28 15036 5 
18476 15036 22463 12979 4 1920 4 4766 31 22942 21793 16673 10366 4 7850 2152 6103 22463 20825 4 15036 21371 7850 10765 22463 17556 7509 8838 4 15344 22463 17556 6103 4839 5 5 5 9193 21842 16404 18498 31 16971 18779 20826 7730 15678 4886 4 18498 8956 20826 15658 20402 12628 5 9193 13166 17438 19900 18498 11462 4 7850 20247 18498 23016 4 18195 15266 5 5 5 7847 7934 7730 1233 31 15533 6103 7445 16971 5 7730 654 4 12780 1233 13324 5 
18476 15036 21793 7730 18475 20402 11570 4 15036 21371 7850 10765 22463 17556 6103 20853 7730 9901 22463 17556 6103 13166 5 
15658 20402 18553 6103 23029 10546 16066 6103 21596 21 21 13909 11868 21 21 18498 16083 20402 11570 5 5 5 21842 16404 18498 21793 22942 20402 22385 18533 7730 9808 4796 31 6318 4 31 17406 6103 18498 31 15041 10803 4832 20 9193 18498 21793 22942 17511 20402 4886 7730 17269 5 
6 28 28 21 
18525 9193 10959 7850 26 20497 15643 10648 20 18376 10405 7509 26 26 3183 15658 1937 13909 21282 18498 15658 
21 10765 4 15658 16468 22834 15658 5 5 5 1276 6103 4854 871 14469 4 14604 4 3790 4 12979 4 7850 3058 5 5 5 22805 20149 31 15599 20402 22871 20 9743 8956 9721 16404 15678 15190 4 16404 31 11571 5 21 21 21267 21 21 5 10012 0 22657 5 9594 20 3058 15533 20 21 
21 9193 1022 201 31 9678 20 13345 28 16971 
538 6103 9193 31 10941 21776 4766 22463 30 1268 10765 21 
15658 11284 1114 18498 19440 5 27 
21 20670 15908 
11462 21282 18533 7599 31 23577 22765 1233 20402 9193 15253 17458 9193 21596 29 1249 6103 18328 17667 21 
31 4790 15658 17304 16367 20 
21 4788 9193 20247 6103 9801 20 15678 
1247 15253 15604 3962 26 21 
21 13345 28 16971 5 5 5 9193 15253 4 9193 1095 4 9193 12787 4 9193 5113 4 9193 4841 4 9193 15253 4 9193 21 21 3890 23 21 21 4 9193 4181 4 14604 17478 20215 4 14604 4687 4 14604 1114 4 9193 18736 4 9193 835 4 9193 16580 20 
9808 1247 15253 5 10959 6103 9743 15678 20463 7127 15678 14425 7730 13909 13512 4 22318 17739 4766 22327 6103 13909 22664 4 19567 7914 16192 7730 10826 22327 15678 18498 31 20304 9743 17438 9193 20 21282 5219 7850 6679 16323 4 7491 18498 22318 1027 12274 7730 662 31 28 16673 16137 4886 14335 6075 4 1920 4 21355 2136 20244 9193 14514 21389 5 18498 28 7850 4980 28 7730 15678 14426 14924 4 22318 6075 15138 20127 4 9801 4 18780 4 17031 4 12981 7730 20293 1920 4 8095 31 21793 4766 8956 12939 6103 15253 9942 5 19703 
8995 20293 16936 6103 9193 4 9193 22318 1027 5 7730 9193 22318 1027 21389 4 21389 5 21 
21 11462 20402 22463 7127 9808 17438 15658 15083 4 991 7509 1247 7509 9193 15253 5 5 5 18498 21596 20463 21684 8831 4 11462 15678 6103 7730 9193 5013 22463 19956 7730 18779 22463 20825 20 
21355 15658 21282 9193 7730 7847 4 9193 21793 15190 18498 16939 4766 9193 1268 7730 18498 21842 16673 9193 9801 20 
20402 6221 22463 7127 9808 20 23 20 21 
14561 6103 9193 20402 9801 7730 16083 14561 21371 5 
14561 6103 9193 20402 1268 7730 31 16083 14561 8995 879 19753 22487 5 
28 5582 27 5 13359 
21 19969 16753 4 15108 16753 4 22318 14335 11680 4 9193 22318 472 5 5 5 29 21 
20357 18498 12861 20402 31 3790 6103 28 5582 5 5 19703 
21 11462 9193 12780 3702 4766 10959 6 
21 21 23135 18533 3224 7850 15481 4 22463 3080 18533 9743 0 23135 17304 14335 16098 7730 31 17478 155 4 9193 18533 21282 22318 22805 21 21 29 
10405 18533 22463 28 21 
20670 15678 14425 20352 6 8012 5 
21 16721 15658 9971 6103 20247 4290 7730 22463 20247 13909 4290 740 20 
18498 23016 4672 3058 3697 21 
21 17505 5 8012 5 16580 5 11590 20 8995 2371 4 20402 12861 20 21 
21 20402 18494 29 1249 9193 31 20319 20402 6103 18498 8995 4809 654 5 18931 7730 4809 21389 4672 21793 15678 28 20 11462 19900 13909 7509 18498 15643 18498 8995 13030 7914 21793 15678 4810 5 
1114 7127 7509 15311 15678 28 3702 15576 1114 23135 15658 14606 7850 28 23135 15658 14606 7850 28 9193 12780 18498 15658 20402 21 
21 7509 21266 6 14924 5426 31 19699 5 
21 21 17923 4 17458 21 21 11318 21 21 21282 6075 7914 15144 0 21 21 5 5 5 
21 21 9193 14464 4 18525 22318 7491 12861 0 4524 18498 15658 5 5 5 21 21 
21 21 17923 4 9193 15855 15678 4799 4 21282 18525 9901 8435 20402 15144 21 21 
2371 2371 5 5 5 20336 18498 13761 23016 31 11454 5 21 
21282 16404 23135 15658 14962 31 20239 7509 15190 5 
21 28 8995 22805 8956 17537 6103 18498 15678 18498 15678 16083 9743 20402 8561 11821 7730 15678 18498 23135 9743 16066 13055 9743 20402 1542 7730 16468 5 18688 4 4181 18498 20149 28 4623 11512 6981 512 7730 14335 6075 4 9193 9901 19671 4 19671 20 21 
21 7957 23029 22463 10833 8443 
2136 16393 21 
21 21371 15658 10959 7509 11729 21 21 1296 5792 21 21 9193 16630 5876 1393 22092 7509 1961 7914 19415 20699 4796 7370 6103 23560 5 8386 31 12159 4 18476 22805 11729 7509 11685 4050 20402 18506 17438 9219 7914 21806 6103 11066 4 22805 28 20402 14247 4 16721 4796 17304 20559 19456 31 16083 19240 5 22805 5 5 5 15658 8995 7491 18498 20402 4179 16066 248 18475 22463 6981 2053 4 21282 7491 18498 7545 13909 18476 7545 7850 15576 18376 4 15658 7730 0 
7491 13909 5 5 5 14758 20 15855 15678 21364 7509 16367 10716 4 5174 15138 11503 18498 4178 15658 5018 4766 1616 5 1920 4796 15424 21793 5795 5018 4766 31 21 21 13502 21 21 7509 15190 201 4766 11503 5 1920 4796 15424 21793 9219 288 4179 31 6417 6103 11729 4050 16066 6103 16083 19240 5 
288 15138 22223 18475 1987 7509 21743 4 8956 11154 6103 15502 5 9193 288 18498 15678 7277 6103 15658 5018 4766 16083 21743 6103 22942 4 13299 5 15502 20402 14900 16066 15708 31 15299 20 9193 21371 288 15678 7277 4 7277 6103 12780 7730 23016 4 6103 1027 4 15678 16083 4 15678 20552 4 31 28 4 1393 20931 19240 866 13299 4 3851 20813 6103 19456 5 5 5 6103 21793 5 
20149 3450 22463 9901 7850 20931 4 15658 21752 15678 7277 6103 15502 5 5 5 21793 15190 9901 9808 5 21 
21 16721 20419 7914 19318 8956 5588 4273 6 21 21 19318 16404 29 16971 7730 7914 29 28 18876 22463 3058 15599 21 21 17872 22805 20149 15678 15422 12780 20 
15833 26 26 21 
11462 20402 7127 6103 28 20 30 2147 28 28 
21 18525 8995 9594 13923 6103 9193 4 19623 22463 17556 18498 31 15978 8933 8995 10457 20 20326 4951 23 21 
31 16630 5 5 5 31 5518 7509 2658 18498 20402 14604 15604 18537 20 16826 28 28 
20670 15678 9707 6103 21596 29 1249 5 5574 6103 29 21282 18498 15658 7730 3393 6103 29 5 472 17831 28 28 
28 5582 5 5 5 27 
6408 7491 18498 17998 15658 21198 7809 5 6075 22463 23167 6103 4913 17737 7850 3129 5 5 5 7127 7509 15311 
21 17438 12861 15658 4913 8956 2996 20 452 23135 18498 5219 8956 9756 4 7102 9901 13512 5 20313 21 
662 31 21793 16673 3870 20 12780 662 22463 17438 22463 17438 21596 21752 22463 14763 7509 7127 16404 20402 3872 4815 20 18498 20402 22463 1249 7730 22463 22942 4290 6103 1103 7730 16971 3058 20 11036 20 
21 11036 6219 5 
21438 7850 10109 2325 28 7850 11048 21 
19822 20693 876 17822 21596 9943 12787 6361 9193 21596 9943 9943 
9193 1022 9193 23151 5 5 5 
23268 
29 1249 6408 5 5 5 29 26 
6505 21631 5671 28 28 
21 9193 10959 6103 21752 31 15286 7509 3393 6 
21 21 23135 18533 3224 7850 15481 4 22463 3080 18533 9743 21 21 
2087 7850 14856 28 7509 28 26 21 
4809 31 21552 6103 10152 18104 1247 20 970 
21 20149 31 22942 1393 22898 6075 22463 28 6103 20209 4458 
7730 15678 21551 26 7090 
18443 15678 21680 14425 22886 
3219 21680 20853 
23016 17872 5980 
23016 17872 5980 
20149 31 22942 15138 22898 21282 4382 4 21282 10671 
7730 22327 15658 16393 10473 
6256 8956 17877 1393 21778 
17872 9901 7850 3058 
23016 17872 5980 
7509 13131 6103 5980 
31 22886 20402 3086 
31 14231 20402 3058 6103 18069 
7509 13131 6103 5980 
9193 23104 21978 
7730 15678 14604 5574 6070 20244 16367 
7509 13131 6103 5980 
21596 15286 4 1097 
7730 873 16404 1027 
7509 13131 6103 5980 
5 5 5 
31 22942 20402 654 
22805 20149 15658 6361 
17872 18931 
20402 21282 21596 23167 
6103 9801 
17872 18281 
7509 13131 6103 5980 21 
12861 2371 28 20 
28 28 28 23 5 11462 20402 7127 6103 23469 
21 15643 9743 21389 20357 6 
21 21 21596 1190 7409 4 11787 7730 12112 5 5 5 7730 740 8995 5150 21282 18498 654 20402 7174 4 20402 22385 21987 7730 22385 5335 21 21 
23575 28 6103 29 1249 9901 5564 30 21579 18104 1247 21 
21 20402 18498 20149 9193 9743 22463 22616 11686 15678 2668 4 871 20558 7730 11581 29 10546 20149 4835 7730 19450 6411 22463 18477 20550 6103 18610 29 5 29 3450 22463 7850 9193 5320 0 
28 23297 30 18533 20402 19671 21 
16148 28 6103 14418 19525 14604 23575 28 5 
20402 4549 9193 9193 13325 6103 23135 28 5582 24 
21 9743 22463 9130 20670 8956 17563 18498 20357 22463 17605 13905 4766 31 21 21 7237 21 21 7509 16083 7509 18498 4766 20931 18191 21 21 28 21 21 5 
21596 6103 14984 4672 9786 18525 15138 5799 15678 16083 18494 15643 15855 17872 20500 21 
11462 20402 7127 7509 13699 28 5582 7730 28 5582 27 
28 5582 
21 21 21 17931 4 654 18498 31 10765 17304 4913 3884 20402 21793 7127 3884 4 3884 4 3884 5 5 5 26 4 3884 21793 7127 8307 4 3058 14539 17923 20402 18476 15658 17304 8443 4 17458 2371 20402 16102 4 16102 4 16102 7730 16102 7730 16102 31 10765 15643 8307 26 17923 0 21 21 
28 14206 4796 15658 19698 18379 6103 22463 29 21 
17458 15678 1114 9743 16440 7509 19814 20 7850 6103 20293 6324 9971 6103 20247 8286 7127 7509 15253 
15908 20402 7127 6103 16323 16404 15678 30 13909 13512 7509 15190 5 16169 14336 21264 6103 18328 20184 7474 9942 4501 
21 17304 9594 15678 18498 20402 4 31 14425 5 5 5 20402 9193 5 9808 7127 7509 15253 21793 7127 11462 13909 740 9193 14425 1095 21 
21 28 5582 4 15855 15678 18498 22318 14018 6103 14049 5 21 
21 21596 22463 3439 20402 21596 22463 9942 20 4524 4 20402 22463 3439 5 5 5 9193 19900 
20402 7802 4 20402 21596 15995 4 20402 6075 3870 4 20402 400 20931 22942 4766 31 6318 4 20402 19456 15678 14378 4 20402 22623 4 14362 7730 17836 1959 31 19478 6103 9743 12861 2136 15678 23575 7127 6103 22942 6318 5 
368 18498 18525 21596 5528 19854 15658 20149 47 4766 8956 23222 16066 4346 1920 4796 9193 4346 9193 22657 31 11644 6103 20149 4730 7850 13727 7509 3439 5 
9948 20402 13520 9193 5741 5 7730 18476 5741 4766 5876 4 9901 740 14426 4 1097 4 20566 7730 4290 6103 11454 17872 5320 5 7847 21282 21596 1103 7730 1114 4 14514 15678 14539 19553 20 
20365 21596 22463 5528 10839 15658 430 15658 12780 8386 8956 1114 10839 21596 11473 21596 19478 20402 11570 9193 20402 11570 3058 28 14604 1114 29 21 
15678 9942 21371 10959 6103 26 26 5 27 
28 28 7730 28 28 5 5 5 13325 6103 23135 5 
21 23135 12780 19698 4 20244 16765 
9801 20402 21282 18553 6103 20402 29 21 
21 13345 28 16971 5 5 5 7850 23029 7509 14604 1247 4 15637 20474 5 5 5 21776 288 18498 18533 5 27 21 
21 31 10765 21932 4 9193 31 22898 31 10765 20149 7451 5 6 21 
7730 2371 12787 5 10012 0 
21 15678 19801 20402 15678 14539 5 5 5 9193 15678 15576 3388 5 5 5 27 20 
2371 2371 4 9193 12780 9743 22463 21684 16404 18525 9193 1540 9743 21687 7730 18498 654 21282 14335 14018 21684 5 5 5 
15678 13905 30 7509 21631 4 14604 16169 20 28 5 9808 1247 20 15138 18780 4 18376 7850 4387 4 5204 4 9801 4 3558 4 16580 4 7251 4 20127 4 1114 4766 13054 20 20 20 20 20 20 20 20 20 20 20 20 20 20 20 20 20 20 20 20 
15708 17438 15138 4672 4 16673 17743 4 17438 14335 8361 15678 3611 5 5 15138 18498 9193 15658 8386 9193 18498 11462 9193 22667 6 31 3076 4 11510 7730 2136 15678 12939 3265 2780 6400 6103 4766 18525 8995 13471 5 
23135 20402 22463 20402 23577 16169 5 22318 1027 20 20 20 20 
15741 6 4289 7914 3962 14335 2322 5 21 
18525 22805 16721 18498 7847 8995 21570 7730 9193 21978 5 21282 18498 15658 28 28 3625 20244 19699 9634 26 
21 20402 15678 15081 6103 21793 14604 19703 4 6103 9193 13764 7730 8003 20 3625 20402 15678 15604 3625 20402 15678 21726 7509 23029 28 3625 21 
7847 18533 7599 9193 9193 15658 19440 31 10153 5 
28 28 15658 4766 31 10765 5 7 
18525 20402 13512 13398 31 15256 0 15678 27 14335 288 14539 
873 21596 7728 7384 0 0 0 13345 28 16971 
21 21 21 20402 6103 16579 21 21 0 21 
21 7730 22463 15266 18498 20931 2336 20149 8254 288 18498 7127 29 20402 22327 11686 7730 4289 4766 17737 21 21 2087 21 21 5 
15266 7509 4289 7509 10405 4 7509 10083 6103 13903 4 7509 15534 7730 15266 6103 28 20 29 20402 22463 2689 13055 20402 13909 9193 8995 3058 13903 13512 21 
21 9193 15658 7102 9743 15299 17438 5320 7509 9193 11636 4 17438 5320 7509 14604 11205 16066 15299 18498 9193 15658 18533 7850 14924 18498 8995 4 9193 15678 29 4289 2371 5 5 5 288 18498 12780 6075 22463 28 20 21 
21 18476 9193 21596 22463 2689 4 18533 18498 7847 20402 22385 3058 18481 8956 26 5 16721 15658 3439 18498 21810 19277 7730 21810 12361 6103 3058 5 6371 20009 7509 28 6103 15253 7539 21 
21 28 28 4 7102 20402 23135 5 19703 21 
7576 20 
21 15678 17889 26 28 5 
15741 6 11617 26 26 5 21 
26 26 20 
21 20357 8956 12164 20313 5 5 5 15833 4 15424 13480 5 27 21 
21 20149 11284 15390 6103 6146 8406 31 9193 4796 17642 4 6361 11518 5 9901 4766 14378 6103 8561 31 8637 5 15658 14335 9743 8637 4 21282 14335 13405 13026 21 
21 9980 7127 6103 5174 28 7730 6103 8147 8956 22356 8092 20 21409 14149 20 
15741 6 19310 7850 1205 18498 28 4346 7850 644 9193 15658 4346 7850 14604 4687 7914 20500 5 27 5 
1095 9594 7509 22942 17797 10530 19611 16468 16578 6103 13505 12780 14335 15128 16404 3962 7509 28 21 
873 14335 6202 6981 15144 0 
7509 21266 6 4672 16404 20149 9743 4766 15678 26 
21 733 28 28 5 5 28 4 28 5 5 5 11462 20402 20463 7127 7730 20402 11875 31 15577 15658 18533 14335 9743 21520 7730 22318 6075 22463 134 20 662 17438 21596 5174 8956 15108 6103 5528 11020 4 7624 11758 7730 20853 8093 8092 18498 5204 6103 17556 7730 8764 20 
22318 6679 22327 18498 20293 6679 6 17956 4 18780 7730 9801 20 22318 6679 15138 835 4 22463 10530 13512 4290 6103 4672 18498 8956 1681 14514 20 15138 3369 7730 15138 20853 7850 19800 20 17505 20 
23135 9743 16440 7509 14604 6371 7730 1114 20 
20609 134 4 1467 7730 223 20 15138 2702 7730 136 20 
15741 6 17525 10273 7509 15256 17458 10959 6981 7730 17458 31 18498 31 10765 21596 8995 22614 20 21 
16580 7914 3629 7730 7850 3962 7509 2336 20 
10765 5 5 5 662 17438 15658 20402 16223 16066 5549 5 3794 20 
21 23135 12780 4809 31 20149 20357 21 21 22765 21 21 18476 4915 15678 18498 20463 16169 7491 6 9942 4 22463 7127 23135 12780 8386 15678 16169 5 
2371 18498 20126 18533 21596 15678 18376 7850 12319 21776 15580 7102 20402 21579 18139 1249 29 21 
21 26 997 11617 26 0 
20402 26 26 26 26 26 26 20402 18772 0 
26 997 11617 26 0 
20402 26 21776 26 26 26 26 11617 26 22 21298 26 0 
26 26 22 20539 26 26 11617 26 
26 22 20539 26 26 11617 9799 
26 22 20539 26 26 11617 26 21 
13345 28 16971 5 5 12780 6103 15604 0 
21 28 4 28 5 5 27 21 
1612 7594 7850 5574 5 5 5 1612 10667 18533 9769 5 5 5 
21 9193 6679 22463 17737 20 15708 
20444 21 
21 19900 1612 23167 6056 6103 14018 10095 1393 6283 4 6103 2647 7850 17478 7509 23113 7730 6679 3058 7127 4 6103 2700 15678 28 7509 16142 0 8443 5 
28 2474 26 9808 740 2727 30 3790 7509 16142 15658 8507 20365 14335 14265 15128 9808 17438 13909 28 4766 20853 6103 15978 31 15978 7850 4672 11020 30 4672 16753 20402 3058 6679 15678 2727 15678 19509 23016 21 
21 9193 10765 4 9193 7102 21596 9790 12861 4766 28 5 11462 4804 31 4370 4 15256 7730 22327 4766 31 1268 11328 7509 15253 5 21 

