21 26 26 15803 26 11617 11943 26 26 4 26 26 15803 26 11617 11943 26 26 5 26 21 
7432 8 29 28 28 26 
30 28 28 
13909 22463 15533 5 5 5 
21 9620 17556 5 5 5 6103 
21 21 17872 835 7509 14604 17563 
12780 4809 22327 6103 15604 5 21 21 21 
21 20402 12861 18498 6075 21075 17438 22463 7127 20 20 20 21282 10959 6103 7491 18498 23135 22110 14604 28 7730 9193 15658 5219 13909 19474 7850 11111 5 9193 5360 23104 4 20463 13520 8 29 21 
21 21 21 11617 26 26 26 26 26 26 26 15803 26 4 26 26 26 16105 12863 5 26 26 26 11617 26 11288 26 7512 26 26 26 4 26 11288 26 26 26 26 5 21 21 
28 4 28 28 
26 11943 26 5 21 
21 26 26 26 12863 26 26 26 26 26 26 
26 26 26 26 26 26 4 26 4 26 5 5 5 21 
21 11617 26 26 21776 26 31 26 26 
26 11617 26 11617 21776 26 26 
26 11617 7585 22 21298 26 26 26 21 
21 26 26 26 31 26 11678 26 15803 26 11617 26 5 
31 21 
21 4796 26 4 26 22 18740 26 28 20 21 
21 9808 7127 7509 5758 20 
27 21 
21083 23579 
21 30 4 30 7730 30 6 29 21 
6 20539 25 20 20 20 
13640 13909 21596 7850 3232 
2154 7451 6103 28 5 5 5 
30 27 27 
7850 10632 30 
27 27 27 23 
21 14335 1409 4 17438 21680 9793 3170 
3625 4 20402 22823 
20402 22318 9193 16179 8 29 21 
6766 7509 8632 6103 20019 6103 28 29 3596 
21 9620 17556 5 5 5 6103 
21 21 17872 835 7509 14604 17563 
12780 4809 22327 6103 15604 5 21 21 21 
26 20 20 20 6 29 
1247 6103 29 5 29 
26 26 5 5 5 6 29 21776 26 26 26 10628 
12901 18125 20 20 20 6 29 
288 18498 9193 8995 17629 6103 22463 1095 31 5 5 5 6 29 
21 21922 20 20 20 21922 4 21922 4 21922 4 21922 29 20202 26 21840 29 26 13229 21 
9980 14799 5913 20 
26 20 
10922 6103 29 20 20 20 
7730 3450 7127 21596 13909 4181 18498 12537 6329 4060 17877 14485 20 15678 5 15678 
21 9808 7127 7509 5758 20 
27 21 
26 26 5 26 
4796 1540 28 20 16066 15658 5 5 5 26 
27 27 27 
21 26 26 1631 26 26 26 4 26 11617 22 13800 26 26 26 21776 26 
28 21 
22564 27 27 30 
17872 23135 1095 20 7 6103 
23498 23015 7509 28 5 5 5 7 6103 
873 20149 11215 5 5 5 0 
21 31 16446 13909 20558 4 18498 6103 20558 15658 21596 15299 5 5 5 30 21 
873 14335 2723 0 288 18498 740 8995 20825 
21 9801 4 995 4 18937 5 5 5 8995 7850 22575 20 20 21 
20483 5 5 5 5 5 5 
17406 6103 22886 5 5 5 
20402 1920 14539 18498 9193 10959 20 9193 15658 15128 15299 7914 23135 5 5 5 
7 
22463 12335 17877 6103 28 5 5 5 3472 15678 19075 0 

