21 8443 8995 15658 20402 4 19509 19900 20149 12780 10473 5 5 26 5 5 6 21 
21 20497 28 11159 5 5 5 28 28 4 28 28 5 21 
21 21 21 4796 7491 17438 2371 21 21 5 5 20670 15908 7 21 
9193 7730 15678 28 6679 22463 9808 1247 16404 23135 15253 5 5 5 5 28 28 
5 5 9808 1247 17831 5 5 13858 
12780 28 
15253 20 20 9193 9172 4841 5 5 9808 28 7509 15253 5 5 5 
22463 4443 17872 9769 31 15533 5 5 5 6 28 28 
21 21 21 22385 4902 21 21 4 18498 9743 2136 17497 17872 10273 5 5 7 21 
27 5 5 3697 8956 22942 20 20 
5 5 5 24 5 5 5 
20402 7689 20 20 20 
7730 9193 288 18498 15678 28 21596 19123 5 5 5 6 
8329 22463 7599 5 5 9193 8995 20402 8670 7850 26 5 5 27 6 
19250 7509 4417 5 
21 9239 7730 5741 4766 16083 16971 20402 22463 6472 18498 20149 22773 4 10657 31 9173 5 5 16323 16404 15671 4 4436 1249 22318 2133 15658 20402 14914 15658 5 5 7 21 
15855 18525 4289 5 5 5 28 28 20 20 20 
16323 16404 9193 5 5 15708 16972 7509 30 5 
3058 7127 21932 28 17556 3697 5 5 6 
23 9743 22463 7127 16404 9193 20 20 6 
20402 28 20 20 20 7 
21 9808 17438 15299 
23135 7102 19450 21793 15678 20463 17877 16404 16879 20402 9808 0 
4524 18498 15658 5 
23135 7102 15398 4 11680 16066 10447 20463 17877 4 31 9971 6103 5174 31 9801 0 
4178 18498 15658 5 
16404 20402 9808 4 23135 7102 17819 490 22327 15678 18498 20463 5528 6679 0 
4524 18498 15658 5 
9801 15658 21596 18150 18498 15658 20402 31 18191 22942 5 
7847 23016 7509 14031 18498 23135 8637 16404 23104 7730 19474 1393 15190 4 7730 15658 7509 14031 4796 15678 15190 19474 6103 23151 5 
9387 15138 16971 18498 8241 15138 7181 11051 7730 740 8125 3450 7127 4766 835 7730 9801 5 
12861 17458 7847 1540 18498 31 9801 15658 19410 22463 15692 5 
20402 22463 2053 22463 8995 6103 8908 4 15658 22463 13009 16066 2284 5 
23135 17304 20402 9808 20244 20402 9808 4766 18475 4672 7914 16432 5 
1393 12755 6103 21596 15299 16404 20402 9808 4 20402 9808 17438 15299 5 
12780 7914 10366 5 20402 9808 11462 5 
4730 22463 20853 7914 20463 19800 5 
23135 12780 20149 20357 2727 5 
7730 4 4796 19522 4 23135 20402 15586 13909 7819 5 
1540 31 20402 9808 20670 15299 7914 16432 7730 7914 3206 23135 12780 21596 15138 16404 20402 9808 5 21 
21 14604 4841 6103 21793 15678 28 5 5 15855 18498 3790 6103 4902 4 21282 18498 15658 5 5 6 21 
6 
27 5 5 
20402 0 
21 17324 31 20931 12780 21282 7687 22463 12459 4 9193 15678 20463 9721 7687 31 22942 21793 7 15678 4346 17304 16916 22463 15533 4 9193 6103 14049 12837 31 835 5 
19990 21 
20402 13278 5 5 5 
21 23 20 20 9193 14539 18498 9743 4 20444 0 21 
6 
3472 15678 28 0 7599 7850 9193 3590 5 5 6 
21 21 21 31 22898 21282 17629 6103 22463 16192 4 16404 18498 9743 7509 15576 7127 15678 14425 5 21 21 21 
23032 11300 5 5 28 28 
6 22 
6 
28 0 
21 9808 28 4 9193 17831 20 20 21 
21 15658 21596 14378 6103 16793 31 16971 4 
21596 14378 6103 18498 7847 19335 15678 14539 8561 15603 5 5 21 
4443 4766 31 9786 5 6 
9707 20 20 
8995 7188 5 5 
21 3058 15533 5 5 5 28 28 4 28 28 7730 28 28 28 20 20 21 
6 
21 27 5 5 5 7 
23 28 31 20 20 20 21 
21 28 7914 15256 4 21282 18498 15658 20 20 20 27 21 
23 15658 721 5 5 7 
7 
21 13761 12780 9193 4 13761 12780 9193 
11462 31 9867 20402 7850 2301 5 5 5 7 
18498 23016 15678 3885 20 20 20 21 
21 15678 15576 16169 1013 17458 20402 20463 9943 4 20402 22463 9707 11964 5 9193 14924 6103 21021 4 12861 17304 16393 12808 4 9193 7850 15759 6103 10297 4 15812 22463 5255 7730 22463 20214 18498 15658 20149 8147 7914 18475 16083 13727 20 20 8406 951 7730 2590 15459 9193 12970 4 7847 20293 8995 1393 14604 13131 4 14335 5139 7730 20293 14335 11165 16404 15678 14425 3610 5 5 15708 28 28 7730 28 28 17438 13909 8956 5204 4 20149 15658 20402 23135 15299 7384 20420 17521 5 5 1027 15138 23135 21 
21 654 20539 4 17511 7491 18498 8995 30 30 395 31 5 5 6 21 
8235 31 22385 8840 10548 6103 12897 20 20 6 
21 22463 12787 17304 1393 22898 15658 20402 22463 1095 4 9193 22463 1095 20402 20293 22463 12787 5 
3058 15533 7 21 
27 5 5 5 
14604 16169 13055 20402 29 6 29 6 
21 14464 5 5 28 28 4 28 4100 7730 28 28 4 6679 3058 20855 31 23135 7730 15138 3558 15459 11518 4 23135 19900 15678 17542 7730 31 10680 18498 21596 20 20 
7730 18584 9789 18498 9193 703 4 18498 15678 2553 12780 9901 13688 5 5 5 27 7 21 
21 15678 18498 15671 18533 4 5013 15678 5942 20244 1547 15678 21446 5 5 6 
27 5 5 5 6 
21 19450 238 871 4672 7509 22942 4 20244 7594 5 15502 12780 20402 4796 23135 20825 4 15658 8840 5243 15424 18498 15678 16083 9743 15678 18498 23135 9743 5 15658 8840 18498 22667 20463 8744 5 15658 8840 18498 7850 15812 31 15256 5 1453 23104 5 238 18498 20402 17629 6256 15678 15995 6103 13131 7730 7491 17629 6103 23135 654 5 20402 17629 8386 18498 15678 16083 20402 7174 7730 6103 22897 7914 18476 7847 12780 7850 13895 7730 23135 17629 13471 4766 12861 4 20365 23104 21282 5 15658 8840 4920 5 15658 8840 18498 31 22942 20402 10544 5 15424 20293 7847 20402 5 15658 8840 16404 23104 4 21596 4672 18498 15658 23151 5 6 21 
5 5 5 16323 31 15671 28 28 5 5 5 
21 21 21 1751 15083 16404 20852 4 7730 21582 8918 15678 18498 22318 9743 4346 21 21 6 21 
16404 23135 9193 1095 13512 20 20 7 
21 5174 16971 1920 20 20 
28 28 4 28 28 14716 4 28 28 7730 28 28 5 5 27 21 
21 21793 15190 16468 17438 17877 7850 22942 5 
9193 4 22463 11518 4 22327 23151 31 20402 23570 6103 15604 5 
31 22942 20402 9790 6103 8637 4 15127 7730 5742 5 5 7 21 
21 8956 20402 16404 23135 28 28 7730 28 28 4 18498 10959 7509 26 17485 20 20 27 21 
21 15678 7291 23122 4289 5 5 28 28 
27 20 20 20 21 
21 18476 23135 9901 22223 
18498 20402 17438 22463 7127 4 7730 15658 15678 1249 12526 
7730 18498 23135 6592 18498 19698 20402 3058 4 
9193 18498 19698 6103 22327 20402 6739 
6679 18498 23135 21596 31 18525 1027 
7730 18476 8995 2727 3697 
740 4 9387 1114 17872 18931 
17872 18931 21 
27 5 5 5 15424 20402 22821 20 20 
9808 7127 7509 5758 20 20 
3058 15533 16404 18525 9901 5 5 7 
21 10765 3962 23135 18876 871 14469 9193 4 15658 20402 9193 4 8406 7850 28 5 5 
11462 4099 20 20 21 
16192 7509 7127 6 12054 20 20 
20558 1920 5 5 
21 15138 15708 16673 3870 6103 21793 20 20 
3058 15533 9550 5 5 21 
6 
21 6408 7509 918 4 1276 7509 918 7730 2136 7850 2154 9193 9901 
1920 5 5 27 21 
6 
21 9193 7850 9193 23523 4 5960 29 4 29 5 5 29 4 29 15855 13761 20 20 
27 5 5 21 
1150 5 5 
7850 14924 20402 31 13909 5523 8443 20 20 27 
21 20207 28 6 21596 10765 18498 14335 12834 21282 16673 21724 6103 23180 5 5 
28 8956 10343 20444 16404 23135 1487 31 12763 16971 5 5 27 20 20 21 
27 5 5 5 
5018 20 20 
21 5 5 1276 6103 9594 4 8720 5 1276 6103 18768 4 16721 5 1276 6103 5799 4 8840 5 1276 6103 13010 4 5174 5 1276 6103 6820 4 21582 5 5 
9901 31 7157 20 20 7 
3058 15533 9550 5 5 21 
27 20 20 
13311 20293 20402 3058 16404 14487 20 20 
23 15424 17511 4788 15678 7127 7509 12787 11462 20 20 
4796 9387 16971 12078 15459 22942 20 20 
21 5 5 5 15299 7850 22942 20402 22385 3058 7509 18498 21596 16971 4766 18525 20149 17304 5320 5 1612 18498 20293 18498 31 10765 17629 4 12780 8995 17438 16936 7730 4766 4181 12780 21596 1612 16191 6103 5139 5 8956 16971 20402 15678 18498 15138 7491 20402 31 9634 18498 9193 16878 8637 4 16066 20402 4 15678 1097 5 
20402 4766 7847 18498 1540 11020 13606 4 5204 15138 3611 4 8241 12763 6474 4 5762 5518 
636 4 4785 9169 7850 9193 22942 5 20402 7847 18498 8995 17438 16936 7914 7070 14924 15894 15502 13909 17304 8995 4 31 15658 20402 7847 5 4766 15678 1097 4 21095 2595 4 1540 31 1027 6103 22463 10211 7174 4 6103 18533 2727 7730 8995 2727 5 1097 20402 16971 14149 18498 17438 13909 18498 1421 15678 17877 4 13761 8995 7847 5200 4 13026 4 16468 17438 4434 6103 22327 5 20402 13793 18498 15424 21793 15678 1097 20402 1920 4 560 6103 5320 4 9387 1097 7730 1097 5 21596 1612 6103 7070 11518 4 15759 4 28 4 23523 4 8235 4 9387 23206 21743 6103 1097 5 9193 15678 18498 4491 1614 20402 15678 1095 23135 5 
1612 4766 18525 14335 20357 2727 18476 8995 17438 16936 4 1612 18498 14335 16468 20214 4 1471 6103 31 22898 15658 16393 5 1612 18498 6103 871 10211 15658 6075 17872 8918 6103 12939 15425 5 1612 18498 9010 13026 7850 11518 13909 11861 7509 9193 22942 5 
1612 18498 4 17438 13909 18498 9193 23104 14667 1249 4 12894 19969 7509 9193 14487 7730 17836 7509 14604 5528 5 1612 18498 9193 10959 4 18498 9193 452 4 18498 9193 5108 4 18498 9193 753 18476 17629 4 18498 9193 3213 18476 11284 16066 15658 15083 5 
22463 1095 18498 14335 9743 22805 22327 7730 21793 6103 21793 31 10211 5 18498 14335 9743 8474 15678 18498 11284 6103 3058 7730 18498 155 14604 15860 16404 18498 9193 15658 4807 6321 5 22463 1095 1920 15658 20402 21793 15190 18498 21596 5 5 5 
15708 16673 1103 14464 20 20 6 
28 28 4 28 28 4 28 28 28 28 28 21 
21 31 835 28 14667 13945 7730 17971 31 22942 5 5 
28 30 28 21 
21 5980 8406 15671 5 5 18525 15643 7491 12861 20 20 
27 5 5 5 21 
21 5 5 5 20149 23135 8995 15781 6329 16404 14335 13480 4 9193 12780 8386 5 20149 23135 15658 21596 21551 16404 14335 14018 14469 4 9193 12780 8386 5 20149 23135 21596 9743 866 13909 11861 7730 15658 17304 14335 22805 4 9193 12780 8386 5 20149 23135 9996 18498 15658 8995 15424 2371 16404 15678 14604 20352 7730 5360 14335 11680 4 9193 12780 8386 5 20149 23135 5360 6928 20463 21551 6103 22942 4766 4672 10567 4 9193 12780 8386 5 9193 20149 9193 16367 6103 22318 17908 4 2371 20402 31 20931 22897 6103 14335 8386 5 5 5 21 
7 
28 5 5 7 
21 7730 2371 19761 0 0 
27 5 5 5 21 
3058 15533 31 21793 18498 9901 20 20 
21 21 21 9743 6103 9193 3962 20352 3058 15894 31 14309 10547 15658 9743 15005 7730 31 13948 15658 20149 5762 5 21 21 21 
9193 21596 1095 1920 20 20 7 
21 5 5 21596 10765 18498 13822 15678 16083 
21596 10765 18498 15658 19900 1027 
21596 10765 8254 31 10765 
22805 9193 22942 4796 8995 
9193 9193 19900 18498 22463 7127 31 10765 1540 
20149 23135 18533 873 7914 18525 5108 
5108 7914 20500 14539 5 5 21 
21 12780 20402 28 5 5 
27 20 20 20 
16404 23135 28 5629 21 
27 5 5 
21 3058 7127 5 5 
16972 30 21596 9146 15558 5 5 
28 28 14716 4 28 28 4 28 28 4 28 4100 4 28 28 6103 28 4 28 28 6103 28 5 5 
2322 31 28 17438 9721 5 5 5 
3058 7576 21 
21 23135 9594 0 21 21 9193 22318 1027 21 21 21 21 9193 15643 18533 23104 20244 23135 21 21 
21 21 23135 15128 9193 22942 21 21 23135 9594 0 9743 22463 17226 5 21596 22463 15697 5 21932 16404 5219 4 9193 6103 22897 7914 18476 4 15855 1393 19030 7730 169 20 17458 20402 12861 6 22327 17304 6507 1022 5 
5 5 26 22 20539 26 21 21 5 5 21 
21 733 28 28 28 6663 23 20 20 
29 6 29 7850 10366 7509 8406 7509 10474 20 20 21 
21 16972 7509 9146 7509 17923 28 5 5 
8995 1022 7850 10366 7509 8406 7509 10474 29 6 29 20 20 28 28 28 4 28 28 14716 4 28 28 6103 28 4 28 28 6103 28 4 28 4100 4 28 28 5 5 
873 2322 31 28 9193 15658 21596 7733 6281 5 5 3058 7576 31 21793 5 5 21 
21 18476 8147 873 7730 8956 873 9743 20463 5528 16367 6103 10473 17438 871 20209 4 17769 2031 6 17304 20402 31 16971 13909 11861 7509 20931 22942 5 
20149 15678 15855 20149 5849 7730 4 15459 14924 4 11284 15678 14539 3219 12545 8406 7847 4 9901 846 6 17304 20402 31 16971 18498 23135 8995 8840 6670 15678 7127 7914 18498 15344 5 
20149 15678 21787 7509 13763 20402 12545 4 20149 15678 2700 20402 1408 4 7730 15678 15860 20149 8125 6103 702 15459 14924 4 16765 6 9387 866 15242 8406 23135 5 
20149 15678 17819 7730 15678 23575 16718 7509 20463 7127 20402 8956 16971 4 20149 31 23167 6103 9901 13030 4289 31 1467 15678 5528 4 662 4 28 22318 14018 22463 17737 6 15678 1114 5 
28 28 6103 28 21 
21 23135 15643 19900 18498 19522 23016 7509 20931 2367 5 9193 20149 23135 15658 9743 15299 4 15658 9387 19522 5 5 
21 21 13324 21 21 21 
5 5 5 9808 1612 18498 991 6103 15311 20402 14426 1097 5 5 5 
21 8995 14335 538 6103 22327 18498 14335 2087 4 14335 8256 4 14335 20215 7730 14335 19539 5 8995 14335 1585 6103 22327 18498 14335 9743 4886 4 14335 9743 9808 7730 18498 14335 18533 2727 5 8995 1575 22327 6103 3058 18498 8956 9193 22942 21596 5 8995 14335 6184 6103 22821 17872 659 22463 16083 873 5 8995 22126 17872 16936 6103 9193 18525 9193 10959 7730 18525 10959 6103 9193 21371 5 22444 9193 21282 8995 18533 22805 15678 3058 18498 21793 15190 21596 5 19224 4 19466 4 20149 12834 20402 3058 17872 18525 0 21095 4 21154 4 8386 6 12841 6103 17877 9193 15658 5174 15502 5 18533 23104 4 23104 14425 4 23104 20852 7730 2136 15678 4125 5 8995 9808 4 8995 6957 4 4766 31 22942 9193 8995 6103 2727 5 
3510 28 28 5 5 21 
21 5 5 9193 5876 4 5590 2116 4 16630 6663 4 14335 11862 4 14335 17703 4 9193 18481 9193 6820 4 14604 6509 20402 17872 20293 5 5 21 
5 5 4796 20402 3058 22918 20 20 5 5 
5 5 9901 7157 5 5 
21 15658 10691 20463 21551 20149 13045 4 17324 15678 1097 15658 17629 13055 15678 12353 15658 368 20 20 21 
12254 20 20 
21 21 21 13822 31 16971 20402 19854 6329 7730 6256 9835 5 5 5 654 13822 22463 1103 20584 7730 22823 20402 15678 14539 18498 20149 2176 4730 22463 9835 18498 12894 20149 4396 20 20 21 21 2248 6621 5 5 5 14335 6663 20 20 21 
21 21 21 22463 3227 31 9615 7730 31 21793 15678 9943 7509 18339 4 18498 9193 13055 6075 9193 5107 4 7730 15658 14514 13909 21 21 18637 5 5 
5 5 28 9387 17495 4229 7847 6103 1097 5 5 21 
21 5 5 15658 18533 873 18498 15036 6103 1114 17438 9193 5 
21282 17629 6103 873 18498 18533 8995 13026 4815 4 
15658 9380 18498 8956 873 14335 1027 4796 9193 15678 1027 4 
18533 1453 18498 14335 1027 4 15658 14335 11862 4766 18498 12546 5 
15658 21596 31 17787 6103 18498 21793 31 16971 18498 10959 4 10959 6103 9193 5 5 
15424 18498 9193 9743 31 9620 18498 7847 14335 9743 4 15678 11861 17872 9193 20402 19900 18498 9193 4 7914 871 14924 4 20402 12493 5 5 
7730 18498 8956 14924 20402 12222 5 5 
21282 18533 18498 14604 20352 20402 22667 5 
18533 20293 17304 21596 22463 20853 8988 7914 14604 19800 4 14539 18476 31 20644 15658 20402 15138 827 5 5 
7730 18498 8956 14604 20853 5219 22053 16580 16404 15678 18498 8995 1393 14604 19030 5 
18533 17304 9769 14604 15860 7730 11731 873 5 5 
7730 17304 21596 31 165 4181 6103 18498 8956 873 21371 16721 7914 9193 18476 9769 15678 15860 20 20 5 5 21 
21 21 21 14335 1027 18476 9193 14466 14514 4 
17324 20402 18476 9193 13909 17629 5 21 21 
18098 4316 21 21 21 
21 1540 18498 15658 17511 9380 15678 1114 6103 15502 5 5 5 
17511 1453 6075 3058 18736 16404 18498 10959 6103 9193 5 5 5 
7730 21596 16135 16404 18498 31 22942 9743 15678 19509 5 5 5 28 28 21 
15138 15708 10765 20 20 6679 30 7914 7521 16404 23135 5 5 
21 5 5 5 15678 13278 20402 873 18498 8995 4766 23135 4 21282 17438 23135 5 7730 22932 5 15658 9901 4766 873 17438 16689 5 16066 17438 14378 7509 20781 5 15344 21282 5 15036 21282 5 5 5 21 
21 3450 18470 19900 1027 31 20463 14881 7 15678 14881 4 17556 11862 7 15678 8957 20402 18498 19900 1027 5 
13817 6103 28 21 

