15658 3124 10547 
4524 16673 17819 22897 7850 17583 5 
28 30 20 
7850 28 6103 20879 4766 20879 7850 28 5 
12780 4809 31 5 5 5 
28 3510 5 654 14606 4766 17563 5 
2725 9975 5 
21 14425 18498 15678 16015 5 
23575 20497 7509 26 26 26 5 
29 29 29 
21 29 11518 5 5 5 
21 733 5 5 5 10702 20402 10702 5 5 5 
21 30 4 21438 17629 6103 4730 15678 20828 7914 7127 20 21 
8956 13652 2371 20402 1233 15833 5 5 5 28 
4524 28 
21 7730 2371 10606 4 18470 20402 31 6981 18067 0 21 
18498 19924 20 20 8995 1937 9193 17998 7730 31 10889 4730 16620 7509 15609 7850 14336 20 
1937 28 21282 17872 5405 5 
21 7730 9193 16721 18498 20402 9346 9193 5 5 5 
20402 31 16432 8125 5 
21 9193 18533 5 
21 10648 20 20 20 20 20 
24 20 18498 13749 20 
21 16673 15678 22765 21551 6 
21 31 21631 7914 29 14398 6 
26 6073 31 17556 30 13702 20 
21 11560 6 23273 5 28 5 4766 26 0 22615 29 29 14335 
5876 6 10259 8003 5 21 
21 9980 7127 7509 21777 20 
15344 28 26 28 
21 11560 6 28 5 26 29 30 30 29 
26 26 26 26 30 
21 30 8956 23222 7850 28 4 15658 19900 15678 18498 21596 6103 9074 4 7730 23135 28 21260 0 21 
9193 7491 31 14539 4672 
21 26 26 4 26 30 26 28 0 21 
21 29 4 29 26 20 21 
21 20 20 20 20 16849 20 20 20 20 
21 21 20149 23135 8995 13359 12861 4 8443 8956 2322 20402 16404 23135 5 3450 16192 18498 23135 13359 6981 21684 20402 16083 20207 7509 20931 22942 5 23135 15658 21596 16083 4672 17872 9743 0 20931 22942 20402 22385 22730 18498 23135 11508 15658 5219 16721 7914 15425 12939 14425 6103 10691 8956 14924 0 16066 23135 8995 22385 11888 4766 2250 6103 18498 23135 19456 7730 6075 5855 31 21793 15190 18498 7491 21596 2251 0 23135 13359 22327 18498 7491 18498 23135 21596 18498 13359 0 23135 16721 22327 18498 7491 18498 23135 21596 18498 16721 0 4913 15678 18498 30 18498 23135 7102 18533 0 19969 7509 20463 1429 5 5174 22463 14443 7509 20471 15939 5 16404 6103 4913 7914 9334 7730 6103 20149 14258 5 6256 20463 21932 5 12345 22463 3213 5 18069 18498 23135 8995 23104 5 20149 23135 15658 4510 16673 20931 11571 23135 12780 20149 21858 9147 5 23135 12780 2322 5 5 5 5 5 5 26 21 21 21 
5 5 5 
21 21 21 26 1631 26 31 26 26 26 26 21 21 26 28 21 
21 23 28 20 26 28 
21 12861 18498 20402 22463 7504 6103 22821 20 18610 5 11617 5 16404 5 
21 4576 7509 13749 17872 23151 31 8632 2727 4 15658 20402 20 
29 15678 1249 7509 28 5 
1585 20463 15336 7509 17406 17790 5 
26 26 20402 30 26 20 26 5 5 5 12863 22 20539 26 12863 5 
21 654 8995 1421 3790 20402 21 21 26 26 21 21 5 5 5 20402 21282 15678 18498 9620 5 21 
21 6408 6103 21389 1249 6103 8720 8956 17022 9193 9980 8386 21 21 17458 31 10620 2091 31 28 21 21 5 7730 654 15678 18498 9193 9743 4766 31 9193 22942 0 21 
21 201 4 10606 5 
21 21 15678 9975 7509 11076 8995 6177 21 
21 12780 20402 7599 18498 1022 4099 9193 21596 2154 5 5 5 20402 31 22942 4 15658 20402 20 21 
21 21 21 10982 7509 28 8361 4766 15678 17288 7102 9743 11076 4 22327 16404 6448 15678 10982 7509 28 4 654 2685 15678 18191 22788 18498 9743 20 21 21 21 
15855 2371 23554 20 
21 6103 23151 7509 20879 26 26 4 4290 6103 3227 20 21 
21 26 26 21726 15803 21 21 26 26 26 21 21 26 28 13098 5 5 5 11617 14796 12863 5 21 
21 12971 11462 21681 2136 31 28 4 18498 8995 7850 28 5 21 
6 
21596 15138 17950 15458 17998 7509 21525 17438 1927 5 5 5 
2371 20149 9193 22318 16647 7850 28 6 
28 28 12913 20 
13640 13640 6 20879 7 
753 8956 28 31 4730 15678 15540 7509 9942 6103 28 20 
15855 20293 15678 13131 3058 7509 22942 20 
26 26 20402 26 26 16105 26 26 20 
21 21 21 13761 7730 6103 23151 16083 22897 21 21 21 
18533 22805 18525 2647 2371 6 
21 6507 6 22126 15678 21641 6103 23151 1393 4443 15291 5 
21 18476 9193 7491 18498 18533 20402 22463 4784 7847 19698 6103 9193 5 5 5 
2727 5 5 15502 8995 19698 654 20 21 
21 9867 7850 28 20 
28 9808 
13566 6103 15286 18498 15678 9942 6103 28 16098 6 11560 6 23273 5 28 5 4766 26 0 26 29 29 29 26 27 
21 15577 11462 7850 28 4 14425 740 4766 15678 28 20 21 
21 12780 12960 28 4 26 26 11617 26 26 26 11943 26 26 5 5 5 21 
29 29 29 
22463 17556 6103 11454 16404 28 28 
12780 1393 13131 7509 22215 7509 28 7850 26 15658 20402 17872 18475 22463 15658 5 5 5 
21 21 21 11283 26 26 28 0 21 21 7 26 26 20402 12863 26 20 21 
21 30 26 4 28 20 21 
6408 7509 23575 7127 6103 22137 5 21282 2647 31 3031 6 
15855 21282 18525 23029 22115 20 
21282 15671 29 17304 22805 31 10273 10606 6 
22269 6103 7894 6103 28 
5 5 5 
6592 18498 9193 20402 22463 30 5 5 5 7730 6097 0 6 16404 
5758 7509 13131 15416 20 
21 7730 2371 4 20215 8956 20 21 
20126 7509 9193 16083 22942 6 6103 
21 26 11617 26 26 26 4 
4796 23135 5219 20402 22385 28 8840 28 0 21 
12780 14018 17872 22463 4179 16971 5 5 5 9193 288 18498 7847 15658 8995 12578 15678 2625 5 
21 15678 1089 15658 8386 18498 1022 20402 29 29 29 4 15658 29 29 29 21 
20149 14915 6 29 
29 8995 1819 9193 22942 5 5 5 7730 740 1920 12780 22564 4458 11462 26 21282 17872 18525 20402 29 
21 8956 23575 2371 20402 7850 28 4627 28 0 
21 26 26 26 29 15803 28 4 21 
21596 18498 12780 17872 28 5 5 5 11560 6 23273 5 28 5 4766 26 0 22615 29 30 30 15680 30 
21 21 21 28 22615 23151 31 26 28 21 21 1612 14924 18498 23135 16765 18498 12780 17304 19640 20931 12319 5 7914 951 19448 5 21 
1937 28 28 6 6103 
21 18525 15643 352 7850 1252 7730 16721 21 21 7914 18470 21264 8995 20 0 21 21 15658 19900 15678 18498 20402 491 5 5 5 21 
8995 3450 22897 13909 7188 4809 22463 10051 26 5 5 5 3058 21551 18498 20149 17358 12085 20402 13278 5 5 
21 21 21 15424 17511 13909 21752 15894 6103 12530 18498 31 16971 20149 12034 20 736 4 22805 0 5 5 5 21 21 28 28 21 
21 28 7730 26 
28 13982 
23 5 5 5 14615 28 5 5 5 28 26 28 26 30 28 30 23 30 26 0 
21 23135 13055 16721 17872 16721 18498 8995 9193 21 21 1249 29 21 21 0 
7850 10530 12780 7491 6 21 21 9942 4 9193 1249 29 9387 22463 4672 4229 28 5 5 5 21 21 21 
30 28 30 30 13543 28 28 0 11561 6 23273 5 28 5 4766 26 5 28 0 11634 29 26 30 26 28 30 20 
21 5459 4766 14604 26 26 1614 4 14335 5320 951 20192 5 5 5 21 
2060 29 20402 15138 21121 1393 16083 9956 7509 21266 5 19969 7509 19972 6103 4443 4766 11733 31 14667 6 6103 18533 22805 20402 8956 10606 21649 5 5 5 
16440 4443 
21 21 21 7730 879 13640 7914 10366 31 8840 16673 10765 15678 10530 8995 21 21 21 
21 19969 6103 22463 20709 155 7730 13591 17872 9743 18475 21743 6103 17022 7730 8406 7914 22463 18498 15678 21 21 17358 5595 21 21 22964 20402 7188 5 
21596 18498 16721 29 22898 1276 6103 9743 22463 17022 16066 2136 22463 20558 4795 4 16721 20149 12780 15806 873 16066 14335 17703 4766 15678 18498 31 16971 1393 14604 19030 12780 16721 5 12780 13405 31 22942 14466 31 21267 4 15658 20402 10606 4 1005 22463 17556 5 21 
15678 18498 21596 7850 20463 26 22615 0 
8678 20931 17705 1276 6103 22463 18069 17304 14426 20931 15585 5 
21 18525 4687 20474 7850 2060 26 29 0 18533 12780 20453 29 6 29 6 6103 26 28 4 28 28 4 28 28 4 28 21260 4 28 18670 4 28 28 7730 22463 31 10606 21793 4 18525 5121 2371 0 21 
21 20149 873 20402 9743 26 26 4815 4 871 7127 4 17438 9721 9743 12861 6 21 
21 9956 7509 21264 4 22463 11454 4828 5 5 5 13055 12780 13185 15678 29 4 9193 288 18498 15643 4 19335 4 15643 12780 1934 5 
1937 2060 26 29 5 5 5 21570 5 
21 7914 871 13727 6 21 21 201 6103 12960 19321 15658 15052 5 654 4 7847 15643 13909 12780 21596 1097 5 5 5 21 21 21 
20402 18498 779 7730 3458 20244 4276 4778 0 12780 6592 20 26 5 5 5 
21 28 28 7730 31 18195 4 15658 21596 4245 871 5 5 5 21 
21 9193 201 6103 13359 13909 6103 29 4492 1393 21 21 3450 4672 21596 20463 21551 31 21551 21 21 16066 15678 28 8995 3289 0 21 
21 9620 13759 7914 3962 4 9901 20244 28 9408 6 13441 20 18774 6 17458 15678 15190 20402 22385 5842 0 4796 31 16971 23104 20244 28 1340 0 21 
21 21 21 20402 12094 4796 14604 15198 7509 28 8995 4290 6103 22 1874 22 7730 10343 18498 9193 13055 8995 3697 6103 13359 4 15128 22463 17556 15658 20402 10606 4 13055 20117 5 5 5 21 21 21 
16784 8956 28 5 5 5 18525 19900 7850 18195 20 
21 1247 6103 28 4 4730 29 5 23065 20539 5 22615 5 16404 5 
28 20402 15678 23577 13727 15894 873 17304 4913 29 14414 20244 18498 15502 16836 17458 
21 17872 18525 10959 6103 11454 20202 15678 18772 21726 7850 26 4 15678 13981 8995 22375 4796 20149 31 11154 8995 28 654 4 7914 21551 18772 21282 15128 15678 1249 9901 31 7157 21 

