9193 4841 7509 2504 7509 4509 
21 17805 1097 7730 1095 5 
7850 22821 4 15658 5174 21793 1276 7509 28 20 
871 5174 15658 19474 31 9193 20767 6103 1103 5 5 5 
21371 9193 15658 238 871 20 5 
16083 4 8922 1393 13669 7509 21551 4 16673 20931 1809 7730 871 4795 14466 18191 5 
8443 8637 15678 18498 5241 15678 14426 5 
8995 9808 17438 21596 23135 8406 15678 14604 1097 20 
654 12780 22805 18525 12780 13405 22463 21551 16404 13359 9010 14469 2136 15678 9971 5 
20149 23135 1532 20463 1097 21389 4796 9193 4 14539 18498 20402 23040 4 9193 12555 4 8443 5508 12862 7914 20931 18352 6103 14469 6103 20912 4 14539 18498 20402 17438 22463 14763 5 
8995 5935 16404 22805 18525 5876 6103 1103 4 1920 4796 9193 5 15708 17438 9743 16440 7509 9193 22942 5 
5508 7730 4687 4 17438 9721 4 15658 21 21 4854 21 21 5 
9010 20402 22463 16753 12960 7850 28 4 21282 16404 22805 18525 13359 7730 1612 18498 4854 1453 20244 13359 20 
20149 23135 13359 22327 12862 4 6256 7558 16192 41 16066 14156 21 21 10959 21 21 7914 20202 4 5508 7730 4695 7914 20463 16822 4 16404 18498 9193 17511 21371 6256 22463 16192 8810 7914 20931 18352 5 134 7730 15708 17438 8995 1614 4 8406 15678 14604 1097 5 
15138 20566 8956 17523 20 
10959 20 21 
9193 9634 5 5 5 5 
15678 13512 16468 31 13860 7850 21526 7730 7599 15678 7127 21793 
21 3058 7127 4 9808 20247 31 21793 20 20 20 20 20 20 20 20 20 20 20 20 20 20 20 20 20 20 20 21 
14604 2689 
9707 
12255 20402 22821 
4766 3488 22463 6324 15658 20402 28 28 
28 28 28 28 28 28 28 28 28 7730 21389 16083 18498 21596 1614 7850 28 27 21282 19698 17872 15658 4346 3058 15533 31 21793 23135 
3058 20 20 20 20 20 20 
7509 22356 7509 10484 31 21793 15678 17931 27 
9743 4766 9010 23222 22463 11477 31 21793 14604 1097 7730 1095 18498 20402 17931 7730 21596 31 23497 21412 6103 8361 5 
20402 1095 6103 873 17438 13909 6103 29 1249 15658 21596 17807 20 20 20 20 20 20 20 20 20 20 20 20 20 20 20 
9707 
3058 7127 20 20 20 20 20 20 20 20 20 20 20 20 20 20 20 20 20 20 20 20 20 20 18498 21793 13759 8406 7914 9193 22942 
21 31 22942 20402 1920 15658 6075 16404 20336 7730 8840 31 4672 14426 4 8443 15678 12939 20402 288 22463 12939 6103 9193 16793 7730 23104 31 4672 3058 8329 31 19854 15658 16468 4 17324 20293 11284 3058 14924 14539 18476 22327 16393 22385 19854 21 
21 15678 17635 20699 7730 22385 12094 18498 13405 31 20559 1400 16971 7509 3629 6103 23067 5 15425 16169 16066 15253 11998 20463 9942 31 20402 10668 4 9731 16066 5685 5 15658 21596 31 22805 4766 15678 20015 4 9193 4766 31 20547 5 
31 12743 7730 22385 2234 7850 20709 18498 15138 22898 15424 14539 15678 20402 12745 20149 7509 5320 6103 20931 6235 20644 5 20149 7847 16765 4 3851 6103 1694 16404 15678 4774 15678 12745 15658 21596 23180 4 20463 7314 15658 7730 13405 7914 5320 4 20931 15936 20670 15678 15190 15658 11862 5 7847 1421 1453 4796 9845 5 15678 17106 20402 18498 16971 18498 20149 7491 7801 9368 9010 18103 4 7730 14335 16836 18498 21743 6103 12186 20402 20463 970 21596 4796 14550 9010 21743 6103 16971 21 
21 15678 5590 7509 22942 7970 22327 4 31 22942 20402 1920 6 8930 7730 8749 4 
1467 7730 6097 598 4 20869 7730 6408 6805 5 15678 18498 7847 18533 7509 
10765 20402 5521 5 21 
21 21 21 8678 20402 4 20293 4 31 15390 6103 19466 31 16192 7730 6103 23502 16192 10237 15678 10440 7509 20402 4 15678 18284 7509 20825 21 21 21 
16689 18498 15678 17041 6103 24 15658 16721 1920 
2727 1920 
21 11560 6 26 5 30 26 29 10568 29 11211 970 7509 8361 15260 7509 14604 28 9010 13543 16404 12408 5942 18104 22882 28 28 4 28 30 4 28 28 15658 16784 21 
21 3058 20247 31 21793 22463 20205 4290 6103 13759 4 16580 7730 18029 5 21 
20402 14425 20402 9808 7509 18498 20402 22223 7957 20402 9808 
1247 21810 28 
7914 4796 20402 13512 15678 8806 
17438 9721 17919 19474 4796 9743 20463 17962 6103 4509 4766 22463 10700 2903 14606 7914 22327 
3058 18069 16404 18525 21596 7783 21282 17872 6638 
22821 
5018 
21 5284 7686 31 22942 1103 4 16971 18498 14335 238 4796 9193 20402 4 18498 15658 4872 7730 15658 20149 1081 7148 7509 14604 13923 11208 5 21 
21 21 21 20402 4796 23135 14335 22805 5 
17511 20402 13405 4796 22463 3232 16066 10259 4796 22463 22796 4 6400 6103 18476 7730 4796 23135 14335 22805 16468 5 21 21 
28 28 21 
1393 14604 12787 7730 12787 22463 9808 7127 20 20 20 20 20 20 20 20 20 20 20 20 20 20 
21 19378 15678 21684 7509 28 28 4 
21 21 20149 1276 15138 21582 15658 22805 31 20644 7509 16971 18498 10447 7509 11154 16066 7509 14813 17942 7 20149 21582 11680 15678 15036 15458 5590 17438 5055 15270 6103 22942 7 20149 4510 17438 13909 15206 7730 4163 16404 14107 13667 6103 20500 4 11462 13055 15658 17304 20149 9743 6103 12149 7148 7509 4127 7509 15041 6103 22463 7509 13905 23231 6075 15190 6006 6 31 5758 4 7677 12118 7148 7509 20931 11988 15355 7914 18768 1393 23299 7730 1393 18638 5 31 10273 7509 5758 4 18070 28 4 8147 15036 7914 22463 17583 22349 1603 15678 15367 7509 7941 7914 18498 7847 7730 20931 9634 22602 16404 4289 1393 28 10648 31 14013 6103 21793 15678 12971 7509 15190 11462 5 
6103 18498 11154 10447 0 1393 12578 6103 18525 2011 9010 5131 0 18525 13717 4766 21389 6792 20699 0 18470 12202 4 15989 17380 7730 19239 7730 11112 9983 13909 9711 4766 31 14323 11570 0 31 19484 15658 8995 22385 7396 20 
7957 15138 20149 9605 7509 18553 9208 4 15658 17304 8918 18498 23104 9010 18774 1614 4 7914 15576 18191 16587 5 7730 4 7509 14539 10211 4 22805 4511 17438 21793 15678 3710 16404 18498 11235 7730 3035 4 18498 10447 7509 14813 4 20402 9467 4 11810 6103 8406 7914 15576 16587 5 22805 1987 4766 1694 7850 19856 4 19646 7509 19415 20699 17599 15678 1967 7730 31 11588 4 7914 23222 4 4766 11020 19327 7730 241 5 
1614 11817 15678 14539 7314 4 12255 5 16412 4 6155 19362 6075 19646 4 2771 1393 14642 7509 4821 6103 19225 9477 7730 6202 15291 7509 5993 7509 6428 4 7509 18470 20402 14443 4 18498 15658 9387 23299 4 18498 9010 19116 20402 4 7850 18774 4 5775 7730 11158 7730 18498 4 17477 4 20402 23231 6103 22463 21153 23014 13045 5 1987 18475 17380 18498 10657 31 9010 11764 4 16066 14539 1393 17436 17297 7730 7310 7509 15576 18191 16587 4 22463 22942 7205 7730 17914 5 
31 11729 6075 16753 10672 15036 17304 15138 2727 19363 31 10211 4796 15678 15576 16587 23016 22092 1612 18498 31 7847 18968 5 15658 17304 9193 15889 4 7730 15658 12783 5 17438 22463 15190 13909 11570 1393 18195 10796 11570 21 21 5 21 
28 15908 
4187 20 20 20 20 20 20 20 20 20 20 20 3058 7576 31 21793 5 
17629 15138 22564 13909 14604 16098 7730 6564 9193 2988 20 20 20 
27 
22821 
3058 7127 18498 15832 11155 17438 15671 7730 9193 4980 28 5 
14604 18165 20828 7509 21409 
27 
3058 7127 20 20 20 20 20 20 
9707 
22821 20 20 20 20 20 20 20 20 20 20 20 
3058 7127 20 20 20 20 20 20 20 20 20 20 20 20 20 20 20 
21 17106 4672 18498 14335 349 11462 21932 20357 3528 4 8307 7730 15138 21908 15502 14514 21 
18498 15832 9193 11710 7730 9193 18044 7914 9193 2635 3058 21649 9789 31 21793 
22821 
3058 20247 31 21793 20 20 20 20 20 20 20 20 20 20 
21 21 21 20855 21 21 20402 18476 31 15941 20149 8147 4766 31 17718 8443 17714 20149 16404 18476 7847 1421 5 21 
472 31 11670 
21 15138 4270 4766 31 9620 6103 8012 18498 31 16971 7102 21596 7730 15658 21486 4 3697 6103 7558 16963 7730 7695 14370 16404 15678 1097 7509 19169 4 15643 16721 18498 4289 15459 9692 7509 22942 7730 20402 22092 1920 5 6408 6103 15138 1249 20244 5782 6103 1870 2136 7847 19450 1421 4 16689 18498 4179 16971 368 18498 23135 9010 9743 5574 14905 7730 15658 9010 7542 4 4796 20149 20402 17521 9996 21340 4672 5 6408 18476 23135 6679 31 16971 9312 15678 18498 7847 6679 31 23135 288 19854 5 17989 9594 5 5 5 5 5 21 
21 21 21 15678 18498 19900 20402 22463 10964 4 15678 18498 11680 20402 22463 15761 5 21 21 
28 28 21 
3058 18581 20 20 20 20 20 20 20 20 20 20 20 20 
18498 28 9193 4624 6103 20127 7730 19898 16404 6509 7509 14323 7509 22942 
3058 7127 20 20 20 20 20 20 20 6408 6103 29 28 6103 5782 6103 1870 6103 23151 31 22942 5 
9975 6103 15533 9901 31 7157 
21 21 21 31 7594 20402 12226 4 15678 20739 20402 15923 21 21 16718 3281 21 
14604 21500 20402 17872 1938 22386 7730 23151 20244 15425 5322 6103 28 26 17477 14335 12025 17324 9743 12862 20402 15138 21480 16404 9193 27 15708 26 1097 
16718 7509 7127 
9010 20402 31 20644 7509 20402 11570 7558 28 20244 7599 7730 20244 10563 16404 19466 
23151 31 2154 5 5 5 5 5 5 
16404 20127 31 20472 6103 28 2352 20 20 20 20 20 20 20 20 20 20 20 
21 18498 15678 20749 3219 7730 1610 21793 15678 5528 4 18498 28 22126 16580 7850 21631 1393 11474 6103 3058 23167 5 20149 26 18376 2385 4 23 28 5 1868 20 21 
23167 6103 4796 22463 3031 6103 14331 23 20 20 20 20 
21 21 21 7491 18498 7509 8715 21179 31 22163 4 17495 15678 18498 20402 31 22163 20365 31 15718 7509 910 7509 16971 4 6990 14539 16971 18498 17664 31 13759 7730 23104 6389 6103 20463 15190 18044 17438 20931 10547 4 18498 2750 21282 22126 31 20500 14539 4 11991 6103 20149 20776 4766 31 7594 875 4 15409 4766 20931 10547 4 2575 17438 20463 7548 7730 5734 0 0 0 0 20402 14539 31 22163 18498 20402 19854 16066 31 16971 18498 15715 21793 15678 28 5 21 21 21 
20693 7850 18972 7509 10548 
18498 31 18486 20402 18028 7730 13043 31 21793 
22821 
21 31 14799 7509 11474 
31 17835 14799 7509 11474 4 7850 22942 4 20402 6075 13759 31 20500 14539 7730 21860 1616 18498 7847 20402 17545 5 28 28 
31 8012 9193 13405 31 9193 1586 7509 20402 11578 4 10794 31 16971 20149 9769 7914 20463 17877 4796 20149 20813 7847 20738 18476 1540 31 662 15678 18498 21596 1393 12755 6103 20738 17438 1616 18498 15658 21596 4 16765 18498 15678 13909 11861 20402 20357 9193 5216 21992 5 20738 17458 22667 15678 393 6103 2727 14273 18498 15424 20293 9193 9743 9808 4 17324 31 9801 20402 8995 6103 8908 15658 15678 18498 17304 4913 7730 17520 5 20402 22463 20709 6103 16971 4766 15600 12253 6 20781 4 1268 4 6421 4 7018 4 6402 6103 21596 866 6103 20402 243 9170 5 5 5 20813 18476 21810 5216 6103 18498 20402 16971 18498 21596 31 3726 6103 9193 1027 7730 9193 239 4796 20402 20402 18498 11710 15576 8908 7730 5219 20402 9808 7730 20202 7914 10366 5 21 
5947 2371 28 16179 28 28 
27 
3058 7127 20 20 20 20 20 20 20 20 20 20 20 20 20 20 20 20 20 20 20 
1575 15678 7127 16404 19450 15678 1962 16692 5 
7730 31 22942 20202 20463 5942 5 5 5 5 
7509 21266 1540 31 21752 26 27 
31 21793 22463 3058 7127 20 20 20 20 7730 15678 20584 6679 6103 18498 21793 21596 15138 1114 15459 22942 5 
28 6103 13923 11590 19356 7509 3997 
21 3058 7576 6103 10405 4 4614 4 21525 4 17111 4 20840 7730 17667 560 8995 6103 10548 5 26 21 
22821 
21 31 9801 20402 7070 13909 16673 8995 14480 7509 16971 7509 18498 17438 350 9492 4 15678 9707 20402 18498 31 22942 20402 22463 5266 22023 7730 18481 1276 238 12862 14466 20739 4060 31 15671 14539 5 21 
27 
21 21 21 5892 31 10268 6103 23167 20402 15678 15697 7509 9388 5 15678 14924 7730 31 15941 8840 6103 3192 155 15678 18498 17520 10010 7071 21 21 21 
21 3058 7127 20 20 20 20 20 7957 17563 4 18498 31 20247 8995 21282 4809 7730 14600 13055 1547 9604 6103 22144 7850 28 15678 7127 17973 21 
3058 7127 20 20 20 20 20 
23051 1393 22657 7509 16022 
3058 7127 20 20 20 20 20 
21 18498 15678 7576 20402 6103 16580 4 13759 4 7730 18029 3058 7127 20 20 20 20 20 20 20 20 20 21 
21267 0 0 0 0 0 
22821 
21 29 4 29 4 29 13055 6075 17919 5 5 
5 21 
27 
21371 368 7914 28 14426 27 
10548 3472 23135 20931 13512 0 0 0 0 
4380 7730 10027 7850 20441 17629 13909 16404 4809 31 20247 0 0 0 0 0 3058 20207 31 21793 
1247 29 28 5 
21 18498 31 4380 13253 31 910 6103 21793 1612 18498 21282 19900 381 19492 4 18498 31 20472 22126 16580 20 20 20 20 20 20 20 20 20 20 20 20 21 
201 5 5 5 5 5 5 5 5 5 5 5 5 5 5 5 26 
21 21 21 17438 13909 13667 18498 15678 19698 12780 4 7847 15658 8918 20931 10192 21 21 18098 28 21 
3058 9975 6103 20247 31 21793 20 20 20 20 20 20 20 20 20 20 20 
20357 18370 6103 12780 5 5 5 5 5 5 
21 7901 7509 8923 
3058 20402 15678 8923 4 
20365 4796 20149 538 15678 9942 
7509 15253 18498 15678 1014 0 
18498 7850 6075 31 10268 7509 14443 
7730 15678 11810 6103 9420 5 
16066 4796 6256 15678 969 
15678 17930 18498 7850 6075 15678 19900 0 
18476 15678 19900 8995 6075 
15678 969 21596 6103 20149 18443 31 3610 5 
16404 31 22765 3962 4 
15126 15678 15619 14995 5 
20149 15678 18498 31 5284 740 13761 23104 4 
31 3962 20420 16753 6329 5 
15678 10240 8930 5 13055 15658 20149 19900 
18525 20402 15678 15847 5 15678 17238 
15658 18950 15678 18374 5 
4796 20149 13398 16673 14049 15678 11474 
20244 15678 6829 7509 15533 18498 6760 15678 18720 0 
4796 20149 8546 16673 21269 22897 
1612 6448 20222 22898 
16404 13258 15678 4387 16637 4 23123 
15678 6014 16852 0 
31 10341 7509 14453 
6075 10268 1393 11474 5 28 28 21 
3058 20247 31 21793 3058 7127 20 20 20 20 20 
15965 16404 15678 12760 7509 20247 
15658 20402 20 20 20 20 20 20 20 20 20 20 20 20 
22821 20 20 20 20 20 20 20 20 20 20 20 
21 14604 2689 1027 4289 7914 3962 7730 9901 4766 7847 4 3870 7730 1114 11046 20244 5055 4 11870 16066 19150 20813 1114 5 5 5 5 5 21 
21 20402 19535 4 7850 15270 5 30 21 
20420 3058 
22821 
3058 7127 20 20 20 20 20 20 20 
1150 20 20 20 20 20 20 20 20 20 20 20 20 20 20 
27 
3058 18581 31 21793 20 20 20 20 20 20 20 20 20 20 20 20 20 20 
9707 
3058 7576 20 20 20 20 20 20 20 
22821 
9707 
3058 7576 31 21793 20 20 20 20 20 20 20 20 20 20 20 20 20 
7847 20149 1027 20 20 20 20 20 
21 21596 18498 16098 4 17324 20402 14425 7509 18498 20402 21168 21 
9901 31 7157 5 5 5 
14604 16169 28 21282 21596 31 662 20 20 20 20 20 20 20 20 20 
3058 20472 20 20 20 20 20 20 20 20 20 20 20 20 20 20 20 20 20 20 20 20 20 20 20 20 20 20 
1614 20402 20402 28 20 20 20 20 20 20 20 20 20 20 20 20 20 20 20 20 29 4369 10629 27 
22821 5 5 5 5 5 
20420 3058 27 
15678 13512 16468 31 15533 7850 21526 7730 2371 6843 15678 7127 21793 27 
20828 3472 23135 0 0 0 0 0 0 
654 9901 10544 16647 15678 7509 28 7509 21526 20402 21282 15061 22463 12769 16404 7847 5 27 10696 10030 7914 12769 5 
21 17737 7127 12604 7509 15144 4 15855 4796 8995 13512 20 20 20 20 20 20 20 21 
21 7850 12510 13411 6103 20402 31 16971 4899 6103 14031 22385 2442 7730 22970 18498 5219 9507 15678 18498 6103 17106 9387 15423 4 7730 2046 23135 2727 7850 14336 7509 10505 6103 10297 18498 1947 20931 22942 4 31 9010 16971 21282 21596 31 13166 5 17908 7883 9193 20616 16404 8066 16404 2727 13667 9010 8208 19854 18498 21282 13405 9010 16971 1393 3320 15416 6103 20931 9388 5 6679 31 21793 7847 13759 7730 15138 16580 6103 8908 4 31 21793 22463 3058 7127 18498 28 9193 11165 7730 11710 4 20357 21596 14335 6256 13405 17438 9010 7730 16083 16971 5 654 6103 23151 7509 3610 7509 22163 4 19068 6103 13759 5 21 
21 15138 21480 16404 9193 21596 18498 18263 7850 28 17872 6408 11898 4 9193 22463 7127 4289 13761 5 27 21 
21 14539 18498 31 10765 15658 17511 22805 4 15299 349 20244 871 18736 6103 20402 5 21 
20402 0 0 0 0 0 0 
9808 15821 969 7509 22575 
16404 18525 740 21596 7728 
7847 7599 7730 18476 352 15855 31 3790 6318 
22821 5 5 5 
9707 
3058 20472 31 21793 7730 22463 23570 9975 6103 20247 
14924 3370 5 5 5 5 
21 21 21 15678 20191 7509 14668 6 15671 18876 21389 18481 4854 21 21 
28 30 3058 9971 6103 20247 31 21793 21 
21 15708 31 21793 18498 6256 22463 14469 6103 9803 16673 14604 1247 4 20402 20293 3058 20402 13325 4 9901 9808 7914 21596 22 7850 7850 9193 22942 14539 20402 871 20813 23040 5 22657 16972 5 6256 1614 22463 21684 31 21793 1097 7509 28 5 21596 21793 22463 9324 20247 
15678 8095 15576 6103 3450 7127 20 
740 2727 18498 15678 21551 16468 20 13055 11731 15678 6739 18498 21810 5320 6103 15671 20149 21596 18498 21154 22463 20207 9789 9172 0 
31 2717 6103 3450 7127 21282 9387 17458 15658 20402 7684 5 22327 15678 18498 20402 2725 15658 17304 20402 1561 4 17458 1561 31 2717 20402 22463 10211 6103 6808 31 20931 8959 5 7491 18498 11284 22463 14464 18498 20149 14145 21793 31 14049 4766 31 17743 6103 22463 18363 8095 5 7847 17562 7914 20931 12899 7730 31 17739 4766 22463 3702 18498 15658 7687 13909 18498 4436 14764 5 31 2717 20402 22385 12545 18498 15678 3702 31 892 16673 19509 7509 7127 5 4179 22897 4 7847 19450 1694 22463 1689 16404 15678 18363 8095 5 18476 7847 4289 4 7847 15678 3778 7730 15678 6256 17729 7850 10593 16404 18498 17304 16098 17438 13909 21551 15678 20463 3702 5 
15678 11020 17877 20402 18498 31 10593 15678 8431 4 7730 22223 4 6256 6103 3702 5 
20402 8443 18498 31 14464 6592 18498 4 15678 3702 7509 18363 21282 9387 4 17458 7847 20402 13591 5 15678 8095 8995 13042 7850 9707 6103 15658 15678 17520 5 13591 4 7847 5219 6439 7850 12899 7509 18487 4 31 16377 6103 8095 18498 20420 15392 4 16404 18498 31 14464 17304 21154 31 22942 5 15678 8095 907 31 9388 5 5 5 1561 4 7847 15678 17520 4 9193 15658 18876 6318 15678 18498 7847 5241 20402 31 20931 13905 19695 6 15678 3702 20 
9901 16721 18498 15424 20293 19900 18920 21282 8095 5 5 5 17438 22898 4 12430 7914 3778 15678 8092 4 7730 8443 15678 14265 6103 22225 5 
1027 21355 20402 12861 6 9901 1393 13131 4 9193 20244 17520 5 23104 21371 5 
17629 6592 4 18498 11284 22463 8095 15576 6103 3450 7127 18498 21282 17304 20402 6592 4 1393 14370 7914 18498 9193 8017 7914 15658 19539 31 22942 5 
23104 20402 9370 6103 6955 5 20402 2304 6103 6256 18498 15678 21551 13405 15678 18498 20402 6318 4 7730 18498 9901 21282 15678 15392 16404 5360 31 15604 6592 5 
11284 22463 2717 8644 7850 16464 5 5 5 22942 1341 18498 20149 6675 7914 15616 5 4672 22765 18498 20149 19621 6103 10390 5 2631 18498 19547 15678 15745 7509 16464 5 6256 31 22942 20202 5 15658 11284 22225 18498 14514 20402 9172 5 15424 9801 5 21355 20402 17438 12861 18498 15678 22816 7459 9193 753 21389 7850 14924 7914 18498 17629 8386 15678 20352 7509 22225 7730 7509 835 5 7847 21282 20402 21154 1393 14370 7914 18498 15678 7459 5 5 5 
7730 8329 7459 4 7847 16468 4 1920 4796 22327 17629 16468 5 
15658 20149 17689 1393 350 18498 654 16393 20402 6222 5 15678 21551 8995 16468 5 5 5 22463 19012 8995 20402 15650 15458 11518 5 5 5 
155 15678 15860 5 11284 8097 8644 17438 21793 16440 5 17769 2031 5 20402 14834 4 9193 5266 5 15855 16404 31 12899 6103 20931 22942 7730 16765 15678 18363 8095 7850 20931 11454 5 8720 15678 18498 7847 3702 4 9193 15658 3510 7850 21584 6103 18545 15678 21551 21793 21282 17872 23135 5 7847 21282 20402 8095 17458 23135 15658 15678 17520 5 
7730 15511 5252 31 2717 6981 12459 6 15678 21551 8995 16468 4 9193 15678 8095 18498 23135 17304 18920 20402 15678 21036 16404 8840 2136 1022 4 18476 15678 18363 8095 4 18476 23135 14466 11731 4 23151 31 17562 7850 20931 12899 5 
16148 28 6103 14418 21 
21 21252 6103 835 4766 14604 9942 4 14604 20693 7730 9193 12787 4 20402 22805 15678 2947 13981 2717 1027 15678 28 28 4 20402 22463 21409 7464 21 
9707 5 5 5 5 
21 21 21 16967 21 21 
5174 15138 6103 23135 14539 1276 7509 28 4 15138 15658 19474 31 20767 6103 1103 5 5 5 7730 9193 14539 15658 238 871 5 5 5 16083 4 6295 1393 13669 7509 21551 5 5 5 15658 21596 15678 15677 4 9193 15678 9707 20 8443 8637 15678 14426 5 5 5 8995 9808 17438 21596 23135 8406 14604 1097 5 5 5 654 12780 22805 18525 12780 13405 22463 21551 16404 13359 9010 14469 2136 15678 9971 5 5 5 20149 23135 1532 20463 1097 4 5508 12862 7914 20931 18352 6103 14469 6103 20912 4 14539 18498 20402 17438 22463 14763 5 8995 5935 16404 22805 18525 5876 6103 1103 4 1920 4796 9193 5 15708 17438 9743 16440 7509 9193 22942 5 5508 7730 4687 4 17438 9721 4 15658 21 21 4854 21 21 5 9010 20402 22463 16753 12960 7850 28 4 21282 16404 22805 18525 13359 7730 1612 18498 4854 1453 20244 13359 5 5 5 20149 23135 13359 22327 12862 4 6256 22463 16192 20670 4796 9193 5174 5 5 5 21282 22463 16192 5 5 5 7914 20202 4 5508 7730 4695 7914 20463 28 20 21 
3058 7127 20 20 20 20 20 20 20 20 20 20 20 20 20 20 20 20 20 20 20 
21 8840 23104 22463 7127 15894 31 16971 5876 6103 20931 22942 7730 6256 6103 9743 13948 1393 16083 5 18498 20149 15781 6103 20931 12423 22942 4 16404 21596 31 7206 6103 16367 6103 5876 7509 22942 875 7730 20149 21858 20402 11578 14426 4 560 20825 15658 9743 13923 31 15502 4 21355 14604 6679 20402 2021 1150 3058 7127 31 21793 21 
3058 18581 31 21793 
18498 21793 15678 28 20402 19343 6103 16580 7730 11259 
18498 31 20247 20402 78 
21 2136 31 28 28 4 3510 7850 20019 7850 28 4 11139 9010 28 16179 16404 20931 4711 5 21 
7509 28 6564 8329 1937 21525 
18498 15678 9971 6103 20247 20402 78 
18498 28 14335 16793 9193 21596 10765 18498 14335 8321 25 
15138 7594 7850 4757 
15678 3870 18498 18876 15658 21596 17807 15708 14464 
21 7509 28 19969 16404 16475 4 17703 15658 23151 4 18498 28 15678 18044 7730 18498 7847 23151 2727 16404 3962 21 
21 16468 31 15533 352 4 654 20828 7509 21409 5 27 21 
9010 20402 15678 19456 18498 15678 9500 21596 16673 5297 
8329 15678 17563 8281 3532 7730 4730 9010 21743 6103 16971 7850 17304 15299 12780 14426 31 21573 20402 21282 17107 
22821 20 20 20 20 20 20 20 20 20 20 
21 28 4 18470 23135 18533 20 0 0 16404 3733 7509 618 5 21 
17629 4793 0 0 0 0 
21 8443 20892 5 28 28 4 20931 19094 20402 5595 9193 15678 18498 20402 9790 7914 19225 31 22667 15678 18458 6103 1506 8633 4 7850 20357 6103 21596 7206 19977 16404 17304 21371 7802 31 5758 4766 31 18470 13471 7914 20463 7127 7127 9193 18365 8633 8789 17438 20402 28 560 20402 13761 18498 31 5758 7730 468 4 16468 31 13905 16440 7509 20463 7127 4 20402 13761 18498 15678 16169 31 6256 7730 20402 20670 9010 5485 18498 15424 20293 20402 22385 16140 18498 20149 22110 19225 6103 3870 4 18059 4 7804 6 18498 19900 15658 20402 1453 490 5179 7730 21371 23111 4766 21793 31 9193 23151 17438 18498 15658 19089 20670 31 5055 6103 21932 7509 30 4 15678 20924 4 31 7441 15678 17635 20738 4 15678 1967 5 5 5 21 
18498 10548 20402 22327 6103 3058 
14265 20126 15658 20402 21739 28 28 
3058 7127 20 20 20 20 20 20 20 20 20 20 20 20 20 20 20 
22821 15658 20402 28 16179 28 16179 28 16179 28 28 
18498 3564 20402 9010 0 0 0 0 0 0 0 
14604 1115 
7509 28 6564 5 5 5 5 5 
20402 22463 11020 1249 20 15708 17438 9743 16440 6318 5 
20244 21500 7730 28 11212 7558 9894 19924 5 
21 15658 6075 1393 6006 31 4672 20060 4 15424 6246 1393 17446 31 22318 18379 4 15658 349 18498 31 17159 4766 15678 18376 7730 4 23150 4 22318 6914 5 28 29 6 29 21 
29 28 22575 13359 4766 4181 8995 23 
21 654 20402 15818 4 21083 9808 20 20 20 20 20 20 20 20 20 20 20 20 20 
29 28 7509 16179 
5699 6 29 5 29 5 5 5 
11647 6 29 5 5 5 
23135 20402 5486 16404 31 29 9692 5 
9743 9308 7850 20201 13616 6 
8632 29 4 19972 29 
10117 9574 14596 22507 3633 22971 28 18159 29 
28 28 28 4 29 
22971 28 4 20402 28 
4159 6 29 
18069 6103 29 9692 
29 29 29 20205 6 7481 7509 13566 6103 5486 7730 7509 13621 6103 18069 7509 29 9692 
29 29 29 7576 6 28 7730 19007 
29 29 29 20205 6 11454 4 10778 4 28 4 28 4 18607 4 28 4 12327 
29 29 29 21648 6 18069 6103 352 4766 31 3916 8637 
11538 7509 18069 7509 29 9692 6 
86 7509 17490 7509 8632 6 29 29 
9767 7509 17490 7730 12760 7509 1489 7509 18069 6 29 21 
18498 31 21648 20402 6103 16580 7730 18029 31 21793 
20149 9743 6103 2977 31 22898 20402 22463 15955 
10217 13800 5 16689 
10273 10217 28 16689 29 
3058 7127 20 20 20 20 20 20 20 20 20 20 20 
21 20304 4 8956 1249 20402 15138 7188 17872 9193 5 23135 13405 14604 2076 9726 26 28 4 15678 14604 8682 9726 28 28 19668 4 14604 3711 9726 28 28 7730 15678 14604 11592 9726 15678 4276 5 21282 18533 18498 23135 19900 18498 14604 10976 9726 20402 15678 28 7730 21282 9620 29 28 16404 15678 1249 15604 5 5 5 15658 20402 18533 17761 20 20 20 27 21 
21 18498 28 7914 20931 12277 3076 9193 6075 16580 4 20414 7730 4839 5 3058 20472 20 20 20 20 20 20 20 20 20 20 20 20 20 21 
238 7514 6103 8224 8414 20159 28 16689 27 
9707 20 20 20 20 20 20 20 20 20 
1095 28 28 
16404 14604 1003 28 28 7509 16179 28 28 28 28 1471 6103 20402 5548 9193 1027 23135 
21 18498 11462 29 29 7730 17438 21793 15678 28 6103 9193 22942 9193 20304 7509 4985 9193 6075 1114 4 16580 7730 20127 21 
18498 31 20247 20402 6103 16580 7730 18029 5 
2727 7509 14604 12939 
20693 7730 28 15460 5 5 5 5 5 13098 30 
9193 23501 6103 28 
3058 15533 20 20 20 20 20 20 20 20 20 20 20 20 20 20 20 20 20 20 20 18498 31 21648 20402 6103 16580 5 
28 6047 20414 7730 16580 16404 15678 14924 7188 7509 22942 
3058 7127 20 20 20 20 20 20 20 20 20 20 20 20 20 20 20 
18498 9193 20247 20402 11710 7730 18028 3058 7127 20 20 20 20 20 20 20 20 20 20 20 20 20 20 
21282 9620 15678 28 16404 4886 31 9634 16179 18498 28 11710 15678 14604 12787 5 
3058 20 20 20 20 20 20 20 20 20 20 
14924 9634 
15834 28 20 9193 9743 22463 23222 16404 662 31 23135 17438 20931 1103 5 23135 21371 17304 9743 22463 7914 28 5 4766 26 15708 
15834 28 20 9193 9743 22463 23222 16404 662 31 23135 17438 20931 1103 5 23135 21371 17304 9743 22463 7914 28 5 4766 26 15708 
21 17629 1922 31 16780 4 23100 15678 13749 4 21810 5216 7509 9193 16758 7148 7509 20644 5 5 5 5 21 
21 31 15041 5762 22463 20357 16404 9193 22942 4 13909 11861 18498 12861 31 15041 5762 22463 22665 8810 16404 15678 21551 20149 15576 21551 15458 21631 20402 12137 31 18191 22942 16784 15678 20357 0 15138 18070 740 8995 4766 31 3315 6103 20402 7730 4766 22463 13185 7850 15256 4 31 15041 20402 15678 630 13909 17307 7509 15364 7847 23016 16404 13405 15678 22765 7730 155 8806 16404 15678 15604 20402 22821 15576 8744 16404 9233 7730 9743 9193 5947 8974 1614 866 14744 14452 12861 20402 15678 18498 9193 15081 5 21282 9387 22942 17438 18498 9387 31 15041 20 
28 21 
15687 7730 19456 20402 15678 16169 18498 7102 8361 1393 20463 9943 31 8632 7102 6 8361 31 5758 31 16721 7730 4915 15678 15190 18498 31 4163 
5018 
24 1022 20402 9833 20 20 20 20 20 20 20 20 20 20 20 20 20 20 20 20 20 20 20 20 20 20 20 
21 352 4766 31 4757 22110 4 8307 7730 4766 21827 6075 17872 368 15637 4672 6990 4 7730 15855 18498 9193 10959 6103 20208 4 9193 11462 8995 7188 10959 6103 871 4672 21 
9707 5 5 5 5 
21 7589 28 16179 7730 20463 3388 13649 16066 20420 13195 27 4 22805 2371 28 16179 4 15678 20853 740 20402 15678 14539 4 9193 15678 3388 18482 7178 5 21 
18498 31 20247 20402 11710 7730 18028 31 21793 
21 18498 31 21648 20402 78 4 3058 20247 31 21793 21 
4380 20931 13512 9901 13909 21551 5200 8995 4766 15138 20126 6103 23135 
21 9808 17438 22805 9193 9634 5741 4 28 28 4 8995 18643 7914 20463 4385 6103 13529 7730 5868 15678 3960 8995 2727 18195 6073 31 17556 21596 13909 22463 28 15460 11066 31 28 28 4 28 13055 9010 31 3610 4 3510 28 22126 1393 15190 22463 22711 28 7730 31 22942 22004 7850 20060 16580 6103 28 4 17877 733 20 20 20 12862 21793 9634 21596 9193 662 17438 21596 22463 9634 4897 17438 12787 7730 12787 4 20693 4 20693 15460 7730 678 2745 20402 15678 11474 18498 20149 15166 15459 21631 6103 28 4 2763 31 21793 15671 3058 7576 5 21 
3058 9971 6103 20247 20 20 20 20 20 20 20 20 20 20 20 20 20 20 20 20 20 20 20 20 20 
21793 5474 16404 31 14797 6103 29 7127 27 6663 15678 18498 15658 5018 15658 19440 5 
21 18498 9193 18581 20402 19342 6103 18029 7730 20127 4 18498 30 9193 6103 9684 21 

